
-,-,-
2.69,-1.53,3.05
3.11,-1.71,3.91
2.87,-2.20,3.54
2.44,-2.81,3.48
2.87,-3.97,3.78
2.20,-5.13,3.48
1.40,-5.31,3.60
0.92,-5.74,3.72
-0.18,-6.04,3.60
-1.22,-6.16,3.36
-1.59,-6.04,3.17
-0.61,-5.68,2.87
-0.06,-4.70,2.20
1.16,-3.42,1.53
1.59,-1.89,1.16
1.89,-0.61,0.79
1.71,0.61,0.61
1.77,1.46,0.79
1.65,1.40,0.79
1.34,0.85,1.10
0.73,0.37,1.22
0.24,0.12,1.28
0.31,0.12,1.16
0.49,0.37,0.98
0.98,0.73,0.73
1.22,1.22,0.61
1.40,1.53,0.67
1.59,1.46,0.85
1.53,1.40,0.85
1.46,1.28,0.79
1.46,1.22,0.85
1.53,1.16,0.92
1.59,0.92,1.22
1.95,-0.06,1.46
2.44,-2.62,2.38
3.85,-7.51,4.94
2.75,-13.61,6.96
-0.18,-19.71,8.73
-3.23,-24.23,10.68
-4.52,-26.31,11.35
-5.37,-25.45,11.41
-5.31,-22.64,11.17
-1.40,-18.25,11.54
1.83,-14.16,13.85
7.26,-11.05,16.54
20.32,-13.31,19.53
36.13,-33.81,24.17
45.59,-46.51,20.94
52.37,-57.25,16.97
52.19,-65.12,18.37
49.32,-55.24,18.01
47.12,-43.76,18.25
41.08,-35.71,15.75
42.60,-30.64,17.52
34.79,-29.36,12.08
27.83,-12.51,5.68
30.70,-7.81,10.93
28.69,-1.59,8.91
31.68,-6.35,9.77
29.85,0.00,8.48
27.10,6.65,3.85
24.84,6.41,3.66
20.45,12.02,0.92
14.47,13.37,-1.22
8.36,10.86,-2.20
3.85,6.65,-2.99
0.37,2.87,-3.36
-2.32,-0.06,-3.60
-3.36,-1.77,-3.72
-3.23,-2.87,-3.54
-3.48,-4.27,-3.60
-5.62,-5.49,-2.81
-6.84,-5.98,-1.46
-7.20,-6.84,0.06
-7.87,-7.45,2.38
-8.18,-7.08,7.69
-3.48,-3.48,18.98
5.74,5.19,31.49
13.43,7.75,41.32
11.41,5.80,41.50
14.77,7.51,49.38
10.74,13.00,46.75
9.09,20.94,47.61
11.11,23.74,51.76
-0.37,13.85,31.07
10.31,20.26,40.71
7.08,15.87,28.08
6.71,15.75,23.68
18.07,26.06,40.22
3.85,16.72,23.74
0.73,16.48,20.20
3.30,19.47,28.56
7.08,23.62,34.30
-3.05,12.02,12.82
-4.52,4.15,-0.92
-0.49,4.27,-0.61
1.59,3.91,-0.79
2.44,2.56,-1.28
0.98,0.73,-1.22
-1.40,-0.67,-1.65
-3.97,-2.14,-2.26
-6.10,-2.81,-1.83
-6.90,-2.32,-1.40
-6.84,-1.22,-0.79
-6.41,0.67,0.06
-4.58,4.09,1.53
2.56,14.53,10.68
11.35,23.68,27.40
4.03,15.44,14.71
-0.73,14.71,8.79
-9.89,9.22,2.26
-3.05,22.64,22.40
-5.43,20.69,23.25
-3.36,19.65,18.49
1.22,16.78,19.41
-2.14,6.65,6.84
8.30,12.76,19.59
2.50,3.72,8.54
2.56,-1.83,0.79
3.11,-2.32,1.22
3.23,-2.44,0.98
4.88,-2.14,0.06
5.62,-1.04,-0.43
6.29,0.31,-0.79
6.35,1.28,-1.53
5.68,1.59,-2.50
4.27,0.73,-3.48
2.01,-0.55,-3.36
0.37,-1.59,-3.23
-0.12,-1.89,-2.99
-0.06,-1.46,-1.95
0.49,-0.31,-1.34
1.53,1.34,-0.98
1.71,2.75,-0.55
1.46,3.54,-0.06
1.28,4.15,-0.18
1.10,3.66,-0.43
0.55,2.93,-0.61
-0.37,2.62,-0.61
-0.24,2.75,-1.65
-1.16,1.04,-1.53
-0.61,1.40,-1.28
-1.77,-0.92,-0.98
-2.75,-1.83,-0.37
-1.34,-0.67,-0.61
-0.24,0.49,-0.73
0.24,0.24,-0.98
-0.24,-0.12,-0.79
0.12,0.61,-1.16
0.24,0.37,-1.34
0.18,0.24,-1.16
0.18,0.37,-0.98
0.31,0.73,-1.04
0.37,0.92,-0.67
0.67,1.28,-0.49
0.61,1.34,-0.61
0.55,1.04,-0.31
1.10,1.40,-0.12
1.65,1.53,-0.06
1.77,1.46,0.00
1.46,0.98,0.06
1.16,0.85,0.00
0.55,0.61,0.00
0.49,0.61,0.00
0.31,0.55,0.00
0.43,0.31,0.00
0.31,0.00,0.06
0.31,-0.12,0.12
0.55,-0.18,-0.06
0.67,0.18,0.06
0.73,0.49,-0.12
0.67,0.73,-0.18
0.55,0.79,-0.12
0.85,0.92,0.06
1.28,0.67,0.49
1.40,0.61,0.73
1.71,0.79,0.85
1.65,0.61,0.85
1.71,0.61,0.85
















-,-,-
1.65,0.37,0.67
1.53,0.37,0.92
1.34,0.49,1.22
1.53,0.67,1.16
1.59,0.67,1.53
1.65,0.55,1.77
1.59,0.79,1.83
1.46,0.98,1.89
1.59,1.16,1.95
1.71,1.40,1.65
1.53,1.34,1.53
1.59,1.46,1.34
1.65,1.46,1.10
1.22,1.10,1.22
1.04,0.79,1.28
1.22,0.73,1.22
1.16,0.49,1.10
0.98,0.43,1.16
0.85,0.43,1.22
0.92,0.73,0.92
0.98,0.79,0.92
1.10,0.98,0.79
1.34,1.28,0.61
1.34,1.34,0.67
1.34,1.53,0.92
1.34,1.28,0.73
1.04,0.98,0.98
1.10,0.73,0.98
1.22,0.73,0.73
0.92,0.73,0.67
1.04,0.92,0.31
1.04,0.98,0.12
0.92,0.73,0.18
0.67,0.61,0.24
0.67,0.43,0.43
0.79,0.24,0.67
0.73,0.00,0.73
0.98,0.12,0.85
1.10,0.18,1.04
1.10,0.43,1.10
1.40,0.55,1.04
1.53,0.79,0.79
1.34,0.85,0.73
1.53,1.10,0.67
1.53,1.16,0.67
1.53,1.10,0.85
1.59,1.10,0.55
1.10,0.85,0.43
1.10,0.79,0.49
1.28,0.79,0.61
1.40,0.55,0.61
1.28,0.31,0.55
1.22,0.06,0.55
1.34,-0.18,0.43
1.28,-0.18,0.31
1.34,-0.24,0.37
1.04,-0.12,0.24
0.61,-0.43,0.31
0.49,-0.61,0.31
0.49,-0.73,0.55
0.85,-0.18,0.79
1.34,0.49,0.92
1.65,1.10,0.85
1.40,1.34,0.98
1.59,1.71,0.85
2.01,1.83,0.79
2.93,2.20,1.04
5.25,2.50,1.65
9.46,2.14,3.72
14.53,0.55,5.74
21.18,-2.08,7.45
30.70,-11.17,10.86
34.67,-23.01,12.15
38.88,-25.27,10.01
39.43,-23.74,11.05
49.38,-26.43,21.79
53.65,-21.97,25.33
54.81,-17.88,16.97
51.27,-14.89,12.63
45.35,-9.89,10.38
42.91,-9.16,12.45
40.41,-11.23,8.00
41.93,-12.08,9.16
42.79,-9.28,9.22
42.54,-11.17,10.07
35.58,-4.09,8.48
25.45,0.73,4.27
13.12,3.42,2.50
4.27,-2.56,5.49
-2.99,-9.03,6.35
-9.09,-13.85,6.10
-14.04,-16.17,5.68
-16.24,-15.32,3.54
-17.33,-12.45,0.67
-17.15,-8.97,-2.01
-17.76,-5.74,-3.66
-18.98,-3.42,-4.52
-19.59,-2.20,-3.97
-18.43,-0.79,-1.53
-13.00,3.97,5.68
-2.08,10.19,17.40
-2.87,4.27,11.60
-7.45,0.37,5.98
-1.22,5.55,21.97
-0.79,5.49,20.87
3.72,6.65,24.54
3.91,6.04,23.19
8.00,12.82,27.10
-0.18,2.08,12.21
4.39,5.31,18.62
6.65,9.52,24.72
6.65,9.95,26.18
10.50,18.80,33.45
5.74,15.93,22.64
10.50,24.11,31.56
18.43,30.52,42.85
6.29,19.29,21.00
9.52,20.20,23.68
21.91,34.06,49.80
7.14,21.24,25.82
-2.38,10.99,4.15
4.58,19.23,21.91
10.01,24.41,35.16
5.19,16.60,21.67
0.12,8.06,8.06
3.23,9.89,14.04
2.14,8.06,11.90
5.62,8.85,13.31
9.40,9.52,16.05
5.31,4.21,5.49
1.89,1.95,1.04
-1.16,1.34,0.61
-3.05,1.53,1.34
-3.72,2.56,2.93
-3.54,4.27,5.49
0.79,10.62,14.77
1.77,10.56,14.53
-0.24,5.74,2.69
2.01,5.74,1.28
2.69,5.19,0.67
3.23,4.21,-0.24
2.87,2.69,-1.46
1.46,1.10,-2.69
-1.65,-0.79,-3.78
-4.64,-2.26,-3.54
-5.43,-2.50,-2.87
-5.19,-1.77,-1.95
-4.33,-0.43,-1.28
-2.87,0.98,-1.04
-1.28,2.20,-1.22
-0.31,2.69,-1.53
-0.06,2.20,-1.65
-0.43,1.28,-2.26
-1.34,0.06,-2.81
-2.69,-1.28,-2.99
-4.09,-1.95,-2.99
-4.15,-1.46,-2.56
-3.17,-0.37,-2.26
-1.71,0.92,-1.83
-0.73,1.89,-1.65
0.06,2.50,-1.53
0.55,2.56,-1.53
0.43,2.44,-1.46
1.40,2.26,-1.34
1.65,1.95,-1.89
0.98,1.28,-2.93
-0.61,0.67,-3.72
-0.85,-0.24,-4.09
-1.28,-0.55,-4.33
-1.28,-0.06,-4.58
-3.91,-2.75,-4.27
-5.98,-2.99,-3.97
-5.07,-3.60,-3.91
-1.59,-1.40,-3.97
-2.38,-1.16,-3.54
-1.71,-1.22,-2.75
-2.26,-1.22,-1.77
-2.44,-1.10,-1.40
-1.28,-0.55,-0.37
















-,-,-
1.40,-0.06,-0.92
1.89,0.12,-0.61
2.14,0.43,-0.49
1.95,0.43,-0.49
1.71,0.49,-0.55
1.77,0.85,-0.18
1.89,1.10,0.18
1.83,1.34,0.61
1.77,1.77,1.10
2.26,2.75,1.46
2.69,3.42,1.77
2.75,3.60,2.32
2.81,3.85,2.93
2.75,3.42,3.30
2.38,2.62,3.54
2.08,1.77,4.03
1.89,1.04,4.33
1.65,0.67,4.46
1.77,0.55,4.58
1.89,0.92,4.76
2.32,1.53,4.76
3.11,2.38,4.33
2.93,2.44,3.78
2.75,2.75,3.30
3.05,2.93,2.62
2.56,2.81,1.71
2.26,3.11,0.67
2.32,3.36,0.12
2.75,4.21,-0.37
3.78,4.64,-1.10
3.17,4.94,-1.65
2.50,5.31,-1.89
2.75,6.71,-2.08
5.37,9.03,-3.05
8.97,10.74,-4.27
20.75,7.14,-3.85
34.30,-9.95,-1.83
47.73,-31.07,2.14
55.18,-36.01,1.46
52.55,-39.25,0.24
44.56,-23.80,-1.40
51.27,-20.32,3.78
55.91,-13.85,3.97
60.12,-17.21,0.67
58.17,-20.87,1.53
48.71,-15.32,2.44
39.18,-7.14,1.77
28.81,-5.74,0.61
22.40,-0.18,0.00
21.24,1.59,1.83
20.39,5.43,1.89
20.08,6.35,4.21
18.74,2.01,6.90
18.80,-1.28,8.61
18.80,-3.11,9.03
19.04,-4.64,9.28
18.37,-5.19,8.36
14.59,-4.39,6.29
9.70,-4.82,4.09
5.92,-6.77,2.93
3.66,-9.46,2.44
0.73,-12.45,1.89
-3.23,-14.71,2.01
-7.69,-14.89,2.62
-12.88,-13.37,3.30
-16.11,-10.07,3.54
-17.15,-5.62,3.85
-17.82,-1.65,4.33
-17.76,1.95,5.00
-17.46,4.76,5.92
-15.87,7.02,8.73
-11.47,10.19,16.17
-4.82,20.14,30.94
0.43,26.79,38.02
-2.50,24.23,36.80
6.77,42.36,51.09
-0.12,31.98,34.55
-1.89,19.59,21.73
-2.26,12.57,16.85
12.63,22.22,36.93
9.83,15.81,26.12
2.87,8.48,13.92
14.89,23.68,36.19
12.45,17.27,31.56
13.98,16.78,32.96
1.28,2.93,12.94
9.70,10.50,27.10
28.81,28.50,56.27
8.36,7.39,15.01
5.49,3.60,6.71
5.92,4.94,10.62
8.30,7.02,13.24
14.22,10.80,20.51
16.42,14.53,25.70
4.03,7.45,5.31
-1.16,3.85,-1.22
-2.99,2.44,0.24
-3.66,2.08,2.20
-1.95,3.42,7.69
-0.12,6.41,13.18
-5.49,4.21,4.33
-7.14,4.09,2.44
-4.52,8.67,9.16
3.36,19.96,26.43
-5.13,12.45,11.17
-7.51,10.19,7.20
-6.65,11.41,10.25
-1.71,11.84,14.77
1.53,11.47,13.43
3.91,11.60,13.73
15.26,21.06,36.93
0.31,11.72,12.15
-1.95,9.58,10.50
-4.33,6.84,8.00
-9.34,4.21,-0.18
-5.49,6.23,2.26
-0.98,9.40,8.00
5.37,15.26,17.64
6.77,14.04,16.54
3.72,7.93,5.37
1.65,4.64,0.06
-0.92,2.14,-2.44
-2.81,0.18,-2.87
-3.85,-0.67,-2.44
-4.94,-1.40,-1.83
-5.31,-1.65,-1.16
-5.00,-1.53,-0.73
-4.27,-1.53,-0.73
-1.59,-1.71,-0.49
0.61,-1.77,0.37
1.89,-1.77,1.28
2.20,-1.46,1.89
1.77,-1.28,2.69
0.85,-0.79,2.62
1.46,-0.12,3.42
1.89,0.98,3.36
1.83,1.89,3.48
0.92,2.44,3.23
2.26,2.93,2.87
3.17,3.48,2.32
3.11,3.91,1.71
3.54,3.23,1.16
4.52,2.56,0.61
3.91,0.98,0.00
4.27,0.00,-0.61
7.02,2.44,-2.32
5.37,2.38,-3.23
4.52,2.87,-4.70
3.36,3.17,-5.62
2.01,3.54,-6.04
1.53,3.23,-6.71
1.04,2.14,-5.74
0.12,0.31,-4.39
0.06,-1.22,-3.66
-0.24,-2.38,-2.26
-0.67,-3.11,-0.67
-0.85,-3.54,0.79
-0.67,-3.36,1.95
-0.43,-4.03,2.14
-0.67,-4.88,2.14
-1.28,-5.07,2.01
-1.10,-4.88,1.59
-0.55,-4.15,1.53
0.00,-3.48,1.59
0.18,-3.66,2.14
0.49,-3.78,2.32
0.49,-4.46,2.62
0.55,-4.82,2.99
0.31,-5.13,2.93
0.24,-5.13,2.26
0.49,-4.58,1.77
0.85,-3.42,1.46
1.53,-2.01,1.10
2.08,-1.16,0.92
2.14,0.06,1.22
1.89,0.61,1.40
2.93,0.98,1.65
3.48,1.53,1.59
3.23,1.71,1.34
















-,-,-
1.83,1.71,2.20
1.04,0.85,2.44
1.22,0.49,2.20
1.34,0.49,2.08
0.73,-0.12,2.14
1.04,-0.12,1.65
0.79,-0.55,1.34
0.43,-1.04,0.98
0.43,-1.10,0.92
0.79,-0.73,0.67
1.10,-0.12,0.49
1.16,0.00,0.31
0.92,-0.06,0.24
0.06,0.12,0.43
0.98,0.43,0.61
1.65,0.67,0.61
1.16,0.24,0.92
1.53,0.43,0.85
2.26,1.22,0.79
2.44,1.28,0.73
2.56,2.01,0.49
2.44,2.14,0.55
2.81,2.56,0.43
2.44,2.50,0.43
2.44,2.08,0.61
2.62,2.32,0.98
2.56,1.89,1.28
2.56,1.59,1.40
2.50,1.10,1.34
2.38,1.22,1.22
1.83,0.73,1.34
1.83,1.16,1.22
1.77,1.65,0.92
1.10,1.22,0.67
1.34,1.65,0.61
1.46,2.14,0.55
1.16,1.95,0.49
1.10,1.65,0.55
0.67,0.67,0.73
1.83,1.22,0.61
1.10,-0.43,0.79
1.22,-0.43,0.98
1.22,0.00,1.04
0.79,-0.12,1.16
0.79,0.55,1.04
0.79,1.04,0.98
1.46,2.14,0.92
-0.92,-0.79,1.46
0.06,-1.83,0.98
-0.31,-2.69,1.34
-0.92,-5.00,1.65
-1.28,-7.39,2.14
-0.06,-9.03,1.71
2.08,-9.83,2.14
5.80,-10.93,1.71
12.21,-14.83,1.46
24.35,-26.49,2.50
36.56,-39.00,3.85
48.46,-57.25,6.96
49.93,-51.45,4.09
51.27,-58.29,2.32
50.96,-62.44,5.43
47.55,-56.95,7.87
42.85,-44.13,4.52
41.93,-36.32,7.63
35.95,-13.49,9.09
33.75,0.24,8.48
32.29,10.86,8.06
30.64,16.42,6.96
31.92,12.88,5.86
37.41,0.49,9.16
34.61,8.18,6.77
32.84,0.92,4.46
29.30,-0.85,2.26
23.93,5.07,-2.32
22.52,-6.41,-1.16
15.26,7.08,-2.08
9.22,13.49,-2.38
6.53,9.89,-1.16
5.43,5.62,-1.22
3.97,1.71,-1.22
3.54,-1.28,-1.22
3.05,-2.56,-0.79
3.66,-3.23,0.00
4.88,-3.05,0.67
4.82,-2.62,0.92
4.39,-1.53,1.65
4.94,0.24,1.95
6.59,2.56,2.50
8.36,4.58,2.87
8.79,5.62,2.93
7.87,5.07,3.48
5.19,2.87,4.21
1.65,-0.12,4.52
-2.20,-2.26,4.39
-5.68,-3.72,3.91
-8.85,-4.76,2.75
-11.11,-4.46,1.95
-12.02,-3.42,1.22
-11.54,-1.89,1.59
-9.89,-0.61,5.86
1.46,2.50,31.68
5.43,7.14,33.45
3.72,6.53,25.09
12.08,14.77,36.87
13.98,19.71,31.13
11.96,20.87,21.91
14.10,22.58,27.28
10.93,20.14,23.19
20.20,23.50,42.11
13.49,18.19,27.89
19.90,15.50,41.38
17.27,12.45,32.23
18.92,13.37,34.79
24.17,11.78,42.60
12.08,7.57,19.65
17.52,10.74,33.45
19.84,13.67,39.98
11.72,9.46,22.95
3.11,4.39,7.87
7.14,8.42,23.99
16.66,14.71,47.55
14.53,14.95,38.15
3.72,8.91,11.60
1.95,5.80,6.84
2.01,6.10,10.93
9.22,11.29,29.30
10.56,16.05,31.80
8.97,15.81,33.20
3.91,8.97,20.39
0.49,7.45,15.63
-3.97,6.29,5.74
2.75,11.90,15.20
7.63,12.82,22.22
2.99,8.12,6.71
2.01,8.12,3.78
1.59,8.42,7.14
-1.40,6.35,4.94
-3.11,4.39,1.28
-1.65,4.70,3.23
2.93,9.34,12.70
8.48,13.37,28.08
2.81,6.90,9.77
0.85,4.21,0.61
2.01,4.39,2.99
3.54,5.80,12.39
2.08,4.33,7.02
-0.31,2.75,-1.65
-0.31,1.83,-2.69
-1.10,2.08,-1.65
-0.49,2.38,-0.92
0.67,3.30,-0.55
1.83,4.21,0.00
3.48,5.00,0.00
5.25,5.98,-0.06
5.74,6.41,-0.37
5.55,5.80,-0.92
4.15,4.46,-1.40
2.62,2.81,-2.26
0.37,0.61,-3.48
-2.32,-1.34,-3.48
-2.69,-2.38,-2.75
-3.11,-2.62,-2.20
-1.95,-2.08,-1.53
-1.46,-1.53,-0.37
-0.98,-1.04,0.00
-0.55,-0.55,-0.18
-0.85,-0.24,-0.55
-2.93,0.06,-0.55
-2.50,0.18,-0.73
-1.89,1.10,-1.40
-1.59,1.83,-2.14
-2.14,1.77,-2.44
-2.62,1.34,-3.17
-2.26,1.10,-3.36
-1.22,0.98,-2.93
-0.37,0.98,-2.81
-0.73,-0.55,-2.32
-1.28,-1.46,-1.59
















-,-,-
0.37,-0.98,3.05
0.12,-0.73,3.30
-0.12,0.18,3.17
0.31,1.53,3.05
0.43,2.44,2.99
0.85,3.78,2.87
1.10,4.33,2.81
1.34,4.33,2.62
1.53,4.52,2.81
1.10,3.78,2.69
1.22,3.17,2.62
1.04,2.20,2.38
0.67,1.28,2.38
0.43,0.79,2.32
-0.06,0.18,2.01
-0.18,0.24,1.53
0.37,0.85,1.22
0.67,1.04,0.85
1.10,0.79,0.37
1.04,0.61,-0.49
0.98,-0.06,-0.85
1.04,-0.85,-1.46
1.04,-1.22,-1.77
0.85,-1.53,-1.95
0.98,-1.46,-2.08
1.04,-1.65,-2.20
0.73,-1.83,-2.20
0.67,-1.83,-2.14
1.10,-1.40,-2.44
1.53,-0.73,-2.44
1.83,-0.31,-2.50
1.65,-0.43,-2.38
1.28,-0.73,-1.89
0.92,-0.98,-1.65
0.24,-1.40,-1.34
0.18,-1.53,-1.89
1.28,-1.59,-2.50
3.48,-1.77,-1.95
3.11,-5.25,-0.31
4.88,-6.47,1.95
3.05,-10.80,6.04
0.61,-14.65,8.67
-0.85,-16.42,9.34
2.81,-16.91,9.58
11.47,-24.90,7.93
24.11,-36.38,5.19
44.31,-51.21,8.18
58.90,-66.59,0.73
66.89,-75.74,-3.17
72.57,-79.22,6.41
69.70,-73.91,4.76
65.43,-60.67,3.91
59.27,-45.35,6.96
51.94,-34.91,11.47
38.15,-17.58,12.70
28.81,-7.08,11.60
25.57,-4.21,12.70
26.61,-5.98,15.08
27.95,-5.86,14.28
27.65,-3.36,13.06
26.55,1.40,12.02
26.18,7.02,10.07
23.32,12.15,8.61
17.76,15.20,7.63
11.35,15.81,6.53
6.35,15.63,5.86
2.75,13.73,4.88
-2.01,11.05,4.82
-5.80,7.87,6.16
-6.77,5.62,12.63
-8.97,3.48,12.57
-10.80,3.48,17.70
-10.56,5.07,25.21
-6.41,7.75,37.54
-3.05,13.79,42.30
12.15,25.63,66.65
17.58,30.40,66.41
13.37,31.01,54.69
19.65,33.02,69.15
12.45,21.61,51.03
7.45,18.92,39.31
10.99,21.36,48.03
9.22,18.49,48.77
-0.98,12.76,25.88
7.69,18.25,49.80
2.93,17.76,38.21
7.32,21.85,46.63
8.18,21.73,43.88
9.89,18.13,40.95
3.42,9.89,19.71
-1.22,3.85,3.54
-0.24,5.07,2.56
1.04,7.02,5.62
3.36,11.17,17.70
1.46,11.78,21.00
-5.25,7.02,6.53
-5.07,8.00,7.57
-0.73,14.83,19.29
1.16,18.31,22.28
0.12,13.12,11.17
-0.79,8.97,2.14
-0.79,7.63,1.10
-1.46,6.29,0.73
-2.44,4.76,0.61
-3.54,3.42,1.22
-5.37,1.89,2.08
-7.08,1.04,3.42
-8.06,2.20,7.08
-3.85,10.99,21.73
0.24,22.46,34.55
1.10,27.10,33.87
0.55,19.65,15.75
1.83,15.01,8.36
2.32,12.27,5.43
4.15,11.05,4.82
5.98,9.46,4.27
6.65,7.81,3.85
6.29,5.92,2.93
5.86,3.42,2.20
6.65,2.14,2.01
6.77,1.22,1.34
6.10,0.18,0.43
5.86,-0.61,-0.43
5.31,-1.28,-1.77
3.42,-1.65,-2.75
0.55,-2.08,-3.60
0.24,-2.44,-4.15
-0.61,-2.20,-4.52
-1.10,-2.32,-4.27
-1.95,-2.44,-4.09
-1.28,-2.69,-3.54
-1.77,-2.56,-2.99
-2.81,-2.75,-2.56
-4.03,-2.87,-2.32
-6.10,-2.87,-2.81
-5.31,-2.87,-3.54
-5.74,-2.50,-3.72
-5.43,-2.14,-4.15
-7.69,-4.21,-3.72
-8.85,-5.07,-3.30
-4.76,-4.15,-3.97
-3.17,-3.66,-4.58
-1.04,-3.17,-4.88
-0.37,-3.97,-4.70
0.00,-5.55,-4.39
0.31,-6.10,-4.03
1.04,-6.29,-4.03
1.77,-5.13,-2.75
2.99,-3.11,-1.22
5.74,-1.10,-0.18
7.14,0.67,1.34
8.06,2.44,2.75
8.97,4.46,4.64
9.52,6.10,5.49
10.44,7.26,5.92
10.93,7.26,6.10
9.64,6.90,7.20
7.69,5.49,7.75
7.93,4.33,8.61
6.84,3.36,9.40
6.47,1.89,9.89
6.23,0.18,9.64
5.68,-0.61,8.85
5.49,-1.71,7.87
4.94,-2.50,6.96
4.09,-3.30,5.37
2.62,-4.39,3.78
1.53,-5.37,2.38
1.53,-5.68,1.16
1.71,-5.92,0.31
1.40,-6.35,-0.18
0.85,-6.41,-0.79
1.04,-6.10,-1.53
1.34,-5.92,-1.59
1.46,-5.49,-1.53
1.22,-5.31,-1.46
0.73,-5.07,-1.53
0.92,-4.94,-0.79
1.53,-4.82,0.92
















-,-,-
1.46,1.22,2.26
1.40,1.04,2.14
1.16,0.73,2.44
0.79,0.61,2.38
1.16,1.04,2.38
1.53,1.22,2.44
1.71,1.40,2.20
1.53,1.16,1.95
1.22,1.10,1.95
1.46,0.85,2.14
0.67,0.24,2.38
0.85,0.12,2.69
0.73,-0.18,3.42
0.92,0.43,3.54
1.16,1.04,3.91
2.26,2.20,3.60
4.88,3.30,2.93
5.19,4.46,2.38
5.49,5.07,2.75
5.68,4.88,2.75
4.70,3.78,3.05
3.85,2.75,3.78
3.72,1.53,3.91
3.78,0.61,4.03
5.00,0.24,3.85
4.94,0.18,3.72
5.55,-0.61,3.54
5.86,-2.38,3.66
5.68,-5.68,4.76
4.33,-10.93,6.77
1.83,-17.03,10.44
0.92,-21.73,14.59
3.11,-23.50,20.14
8.24,-22.40,25.76
13.55,-19.65,29.42
20.51,-16.11,29.42
26.06,-13.24,29.54
30.40,-18.01,28.69
38.64,-31.92,26.43
43.64,-46.94,23.80
47.79,-55.54,18.86
48.95,-45.72,15.75
53.22,-56.09,7.08
60.97,-65.31,10.93
66.59,-69.21,8.06
67.81,-84.90,3.60
61.52,-72.88,-1.71
59.02,-70.68,-1.53
54.87,-65.31,7.51
49.56,-60.79,3.17
43.64,-51.88,0.43
41.38,-35.16,0.24
38.88,-25.76,1.65
32.53,-14.95,-1.34
30.40,-4.82,0.31
22.58,11.66,-0.43
16.48,24.23,-1.83
10.50,25.57,-0.98
4.52,22.83,-0.12
-0.92,17.88,-0.18
-5.43,12.82,-0.73
-10.07,7.81,-1.10
-14.89,2.87,-2.08
-16.78,-0.61,-2.87
-15.63,-2.44,-3.72
-11.11,-3.05,-4.03
-6.71,-3.60,-3.78
-4.64,-3.78,-2.14
-2.81,-3.78,0.06
-2.20,-3.72,2.50
-2.81,-3.85,4.76
-3.66,-3.42,7.14
-1.95,-1.34,13.67
3.36,3.72,25.51
5.07,2.50,22.40
5.37,1.34,24.05
13.24,9.40,40.16
1.34,0.37,16.72
4.58,3.66,28.08
11.29,8.91,43.09
7.32,-0.24,35.28
5.19,3.60,27.47
6.59,8.06,30.15
8.85,15.38,37.41
1.95,9.52,20.08
3.48,10.19,23.44
6.71,14.22,25.82
3.30,13.37,18.68
4.39,14.83,17.64
0.92,10.50,8.18
0.79,9.52,6.35
10.56,16.48,23.80
10.50,18.01,21.30
3.97,8.36,3.78
5.31,7.45,8.18
8.18,8.85,19.29
11.96,7.81,29.17
5.00,2.87,15.63
3.60,3.78,13.67
6.35,7.45,19.23
2.26,5.19,8.97
10.07,15.50,25.15
7.32,12.51,18.25
5.37,4.64,12.51
7.81,5.55,14.40
2.81,3.54,4.88
-0.31,0.31,-3.30
0.31,1.10,-0.37
6.84,10.07,19.41
12.39,16.78,35.46
6.77,10.99,18.25
5.80,9.58,14.04
0.00,4.70,-1.77
-0.43,4.27,-1.34
5.25,9.95,13.06
9.89,14.28,28.32
3.36,5.98,9.95
0.31,2.38,-0.31
0.49,2.87,1.89
1.77,5.43,10.01
0.00,3.36,7.63
-2.38,-1.22,2.20
-2.20,-0.73,6.53
-2.44,-1.40,8.79
-3.30,-5.86,4.15
-1.65,-6.04,4.39
4.27,1.28,18.98
5.68,5.13,25.57
3.23,-2.56,5.74
4.64,-1.65,1.77
4.46,0.55,4.21
3.91,1.28,6.77
4.82,1.65,7.87
7.45,4.64,16.24
8.18,5.37,21.85
3.23,0.31,8.79
2.44,-0.98,2.44
2.87,-0.18,2.01
3.30,1.22,4.46
6.10,4.21,13.92
2.56,2.62,8.97
1.10,0.85,3.05
2.26,1.95,5.55
2.87,5.19,11.35
5.62,11.29,20.20
2.14,7.08,11.84
-0.55,2.08,1.71
0.00,2.62,3.66
2.32,7.32,14.53
6.47,13.49,27.47
2.38,8.30,12.51
2.08,5.43,4.21
2.38,5.86,4.64
1.71,5.25,4.70
1.46,3.85,2.20
0.00,2.81,0.49
-1.77,2.08,0.98
-1.89,3.23,4.46
-1.65,2.69,6.71
-1.28,0.85,3.23
-0.73,0.98,2.08
-0.12,1.59,2.56
1.04,1.71,1.40
0.43,1.16,-0.67
-0.49,1.04,-1.77
-3.23,-0.12,-1.89
-4.52,-1.22,-1.28
-5.43,-1.28,0.85
-5.19,-0.73,0.85
-4.46,-0.49,-1.40
-2.75,0.55,-2.75
-1.83,1.53,-2.38
-1.40,1.28,-3.48
-1.89,1.53,-3.97
-2.93,1.22,-4.39
-4.46,0.43,-4.52
-5.49,0.00,-3.85
-5.19,-0.06,-3.60
-4.76,0.49,-3.42
















-,-,-
0.55,-0.24,1.22
0.73,0.00,1.28
1.10,0.43,1.40
0.98,0.24,1.34
0.73,0.49,1.53
1.04,0.61,1.83
1.16,0.55,2.14
1.10,0.79,2.26
0.92,0.73,2.14
0.73,0.79,1.95
1.10,1.22,1.95
1.40,1.28,1.59
1.46,1.46,1.28
1.40,1.28,1.10
1.65,1.10,1.04
1.46,0.85,1.04
1.22,0.61,1.10
1.40,0.67,1.28
1.53,0.55,1.16
1.46,0.37,1.16
1.46,0.37,1.04
1.65,0.49,0.92
1.16,0.43,0.73
1.34,0.61,0.49
1.22,0.12,0.49
0.98,-0.12,0.61
0.85,0.18,0.55
0.98,0.37,0.61
1.04,0.73,0.73
1.34,1.28,0.61
1.40,1.77,0.61
1.16,2.01,0.67
1.16,2.26,0.49
3.05,2.87,0.49
5.31,2.56,0.79
7.08,0.79,2.01
7.02,-3.85,2.93
4.58,-2.99,2.08
8.06,-3.17,2.14
11.66,-6.77,3.78
11.90,-4.52,4.27
23.74,-7.26,7.32
26.86,-14.83,6.71
28.69,-20.75,3.17
29.17,-29.24,3.11
27.04,-29.79,-0.61
28.56,-27.40,5.92
31.01,-24.05,3.48
30.52,-22.46,4.94
27.10,-13.12,7.45
24.05,-4.33,8.00
22.16,-7.69,8.24
16.54,-3.97,3.97
17.94,-7.26,7.26
19.35,-6.47,6.96
21.73,-7.26,7.57
27.16,-9.09,8.18
28.20,-9.16,5.80
28.14,-9.28,5.62
26.61,-7.32,5.00
20.08,-4.76,2.38
16.78,-6.77,3.91
11.96,-5.31,2.44
9.22,-5.00,2.99
7.81,-5.25,3.91
5.07,-3.97,3.05
3.30,-3.48,1.95
0.00,-3.97,1.59
-5.31,-6.10,2.08
-10.68,-8.61,3.30
-14.40,-9.83,4.94
-14.89,-10.13,6.35
-13.43,-9.09,7.20
-10.44,-5.68,15.32
0.00,2.32,39.49
-0.85,3.48,32.71
-5.74,3.48,13.37
-6.59,7.87,13.73
-3.17,15.32,23.74
4.15,18.01,32.71
1.28,16.72,22.58
5.55,20.14,34.97
0.67,16.42,22.64
-2.26,18.31,20.14
-3.85,14.04,12.39
1.16,21.55,26.79
3.97,17.64,28.93
0.12,13.73,22.58
2.56,17.27,29.11
-4.52,5.80,8.54
-3.66,4.64,5.00
2.08,17.70,25.09
3.85,23.13,31.56
1.53,9.40,13.12
1.46,5.98,7.14
-1.34,7.87,11.72
1.71,9.77,20.63
5.92,9.95,24.54
10.01,12.70,32.84
5.43,6.84,21.12
3.66,6.71,11.78
3.17,9.64,14.40
1.65,11.96,15.38
2.93,11.84,20.45
-0.79,2.08,3.97
1.46,3.97,8.12
1.28,8.79,15.50
2.20,8.97,15.26
2.99,6.10,11.66
1.28,4.58,6.35
0.00,3.05,3.11
0.73,3.11,3.11
1.95,4.46,5.25
1.83,5.13,5.80
0.31,4.94,3.85
-1.10,5.07,3.85
-0.49,6.77,8.79
2.50,7.87,18.01
2.44,6.65,12.88
1.40,4.82,5.74
1.10,4.21,3.11
2.20,4.09,1.28
2.87,3.66,0.85
2.75,3.17,0.61
2.08,2.08,0.55
1.34,1.04,0.55
1.40,0.43,0.79
0.98,-0.49,1.04
1.10,-0.43,1.16
1.59,0.31,1.22
2.08,1.40,0.98
1.77,1.65,0.92
1.71,2.08,0.49
2.32,3.05,-0.67
2.08,2.81,-1.28
1.34,1.71,-1.34
0.37,0.85,-1.28
-0.12,0.12,-1.22
0.12,-0.61,-1.04
0.55,-0.43,-0.92
1.46,-0.37,-0.73
1.22,-0.92,-0.43
1.40,-1.46,0.00
1.46,-2.08,0.06
1.16,-2.56,-0.85
0.61,-2.44,-1.77
0.55,-2.32,-2.26
0.61,-1.95,-2.32
0.73,-1.46,-2.20
0.61,-1.04,-1.95
0.37,-0.79,-1.53
1.22,0.06,-1.16
1.16,0.31,-0.67
0.92,0.85,-0.06
0.98,1.16,0.24
1.40,1.77,0.24
1.65,2.32,0.18
1.40,2.44,0.43
0.55,1.83,0.67
0.06,1.71,0.37
0.24,1.46,0.00
0.79,1.89,-0.12
1.04,2.01,-0.06
0.61,1.34,0.12
0.31,0.73,0.00
0.37,0.31,-0.06
1.40,1.10,-0.18
1.89,1.16,-0.24
2.20,1.65,-0.06
1.89,2.14,-0.31
1.65,1.89,-0.85
1.59,1.65,-1.34
1.59,1.28,-1.40
1.65,1.16,-1.53
1.46,0.37,-1.40
1.65,0.24,-1.65
1.40,-0.31,-1.34
1.22,-0.37,-0.98
1.77,-0.18,-0.43
















-,-,-
1.59,-0.12,0.73
1.34,-0.18,0.55
1.28,0.06,0.67
1.71,0.37,0.49
1.89,0.61,0.18
1.83,0.79,0.12
1.89,0.85,0.24
2.01,1.04,0.43
2.32,1.16,0.43
2.38,1.16,0.43
2.56,1.04,0.73
2.26,0.85,0.92
1.83,0.61,1.22
1.83,0.43,1.65
1.95,0.43,1.95
1.71,0.61,1.77
1.89,1.04,1.59
2.08,1.28,1.34
2.08,1.46,1.34
2.08,1.71,1.28
1.83,1.34,1.22
1.77,0.98,1.10
1.59,0.31,0.85
1.40,-0.43,0.73
0.85,-0.61,0.55
1.22,-0.31,0.49
1.53,-0.73,-0.24
-0.18,-1.77,-1.46
0.00,-3.91,-1.71
-0.79,-6.96,-1.40
-2.56,-10.38,-1.40
-4.64,-12.70,-1.46
-4.52,-13.67,-1.95
-5.68,-12.51,-2.32
-7.14,-8.48,-1.65
-4.39,-3.05,-2.50
-3.78,3.11,-4.15
3.72,6.47,-3.97
14.47,3.85,-1.16
28.75,-15.01,6.23
35.58,-28.02,11.05
38.57,-32.23,10.38
37.41,-28.08,7.63
31.43,-15.69,5.13
31.37,-8.67,7.81
32.78,-10.68,10.31
25.57,-5.37,2.93
20.69,-0.73,2.01
18.49,-1.71,3.11
13.92,-0.79,2.99
11.54,1.16,0.31
12.88,-6.84,5.43
13.18,-8.85,6.29
15.50,-12.15,5.37
15.50,-8.91,2.01
16.60,-8.85,3.54
15.50,-8.61,2.38
14.34,-6.59,1.34
15.38,-4.33,0.92
9.34,1.83,-3.23
4.27,2.81,-3.42
2.62,1.77,-3.36
1.10,-0.67,-3.05
0.31,-2.99,-1.46
1.65,-5.43,-0.98
1.89,-7.69,-0.79
0.98,-10.13,-0.43
-1.59,-12.39,-0.67
-5.62,-13.49,-1.34
-11.35,-15.26,-1.89
-17.03,-16.17,-2.50
-19.41,-15.56,-0.67
-19.41,-12.51,2.01
-17.46,-8.48,2.38
-15.01,-4.09,3.97
-11.29,0.37,6.29
-10.50,3.66,4.70
-9.40,6.65,7.02
-4.21,15.50,20.94
-1.77,13.24,21.91
-2.50,8.79,18.07
-6.10,5.43,7.51
-2.69,14.77,22.22
2.75,16.91,27.34
2.99,15.38,25.39
1.71,11.66,21.73
-0.73,12.33,13.98
1.95,17.88,23.86
5.98,16.78,26.12
3.72,9.70,14.59
0.92,8.00,10.38
0.43,5.37,7.63
-2.62,0.92,1.28
-1.83,0.24,1.28
-0.85,0.67,2.38
-0.67,1.04,2.26
0.55,1.46,3.36
3.97,5.43,10.74
16.30,17.94,40.22
18.13,19.47,37.41
7.87,13.31,19.35
8.36,16.30,24.48
8.30,13.73,24.17
10.86,14.77,30.09
6.65,12.94,16.78
3.85,12.02,12.76
0.12,6.10,4.52
-2.38,4.27,0.37
-1.46,4.09,2.32
0.37,5.43,5.43
1.40,6.10,6.35
2.75,5.49,8.85
7.87,9.52,22.34
8.06,12.27,21.61
5.07,9.40,18.31
2.01,6.77,12.51
2.93,9.77,16.36
-0.12,7.32,10.56
-0.92,8.36,7.75
-0.98,3.97,2.93
-0.98,3.42,1.71
-1.59,2.69,0.85
-1.77,2.44,1.28
-1.83,2.87,2.81
-1.71,3.23,4.76
-1.71,1.95,3.66
-1.59,1.04,2.08
-1.28,0.43,1.40
-1.46,-0.06,0.98
-1.10,-0.18,0.92
0.43,1.59,3.42
3.17,7.02,10.13
3.72,7.45,9.52
2.69,2.26,3.54
3.60,-0.61,-2.08
1.34,0.73,-3.36
2.01,0.85,-3.85
1.10,0.24,-3.54
0.85,-0.06,-2.14
1.40,-0.31,-0.55
2.56,0.24,2.01
3.66,0.24,4.46
3.17,-0.67,3.78
2.38,-1.46,1.71
1.89,-1.71,0.85
1.83,-1.53,0.79
2.01,-1.16,0.67
2.32,-0.55,0.67
2.32,0.06,0.79
2.69,0.73,0.79
2.93,1.34,1.04
2.56,1.59,1.28
1.95,2.01,1.46
1.53,1.95,1.10
1.40,1.89,1.10
1.71,1.83,1.04
1.65,1.71,1.10
1.71,1.10,0.79
1.71,0.37,0.61
1.71,-0.31,0.73
1.77,-0.55,0.67
1.71,-0.92,0.98
1.59,-0.79,1.10
1.59,-0.37,1.40
2.01,0.12,1.65
3.05,1.10,2.08
4.09,1.71,2.20
4.39,1.77,2.01
4.33,1.53,1.59
3.48,1.28,1.34
2.93,1.16,1.16
2.87,1.04,1.04
3.36,0.67,1.22
3.72,0.24,1.16
3.78,0.12,1.10
3.42,-0.12,1.10
2.99,0.06,0.98
2.50,0.43,0.73
2.38,0.92,0.12
















-,-,-
1.65,0.92,0.55
1.59,1.40,0.37
1.77,1.53,0.31
1.65,1.53,0.12
1.71,1.16,-0.18
1.46,0.85,-0.49
1.10,0.24,-0.79
0.98,-0.37,-0.92
0.67,-0.73,-0.85
0.61,-0.92,-0.85
0.85,-0.85,-0.98
0.85,-0.61,-0.67
0.85,-0.12,-0.37
1.22,0.67,-0.06
1.40,1.28,-0.24
1.71,1.59,-0.18
1.83,1.53,-0.18
1.71,1.34,-0.31
1.28,0.98,0.00
1.16,0.49,0.18
1.04,0.37,0.12
1.04,0.18,0.37
1.28,0.24,0.37
1.28,0.49,0.49
1.28,0.55,0.73
1.10,0.79,0.73
1.16,0.79,0.49
1.04,0.61,0.31
0.92,0.61,0.12
0.73,0.43,0.06
0.43,0.18,-0.18
0.37,0.12,-0.43
0.49,0.49,-0.55
0.73,0.79,-0.61
0.98,1.10,-0.43
1.46,1.34,-0.49
1.34,1.28,-0.49
0.92,1.28,-0.12
0.85,1.10,-0.06
0.85,0.98,-0.24
0.85,1.10,-0.31
1.53,1.89,0.12
3.30,2.93,1.04
6.90,3.72,2.26
11.84,3.36,3.11
16.11,-2.14,5.00
16.60,-5.80,5.31
14.47,-5.00,3.97
13.06,-3.85,3.72
14.71,-10.74,4.76
14.95,-15.99,1.59
17.64,-24.84,-3.23
16.97,-18.86,-2.38
22.64,-14.77,4.70
23.80,-18.19,8.73
19.35,-15.38,5.00
22.16,-15.44,5.62
26.67,-20.32,8.12
27.47,-17.33,7.39
31.13,-15.93,6.77
35.16,-18.55,7.45
36.74,-17.82,7.87
36.93,-15.63,6.04
41.69,-16.66,9.03
39.00,-18.25,6.90
30.94,-11.23,3.91
25.57,-1.95,5.00
19.10,5.25,1.65
16.17,-1.89,4.15
13.12,-2.38,2.56
10.31,0.31,2.08
9.77,-0.85,3.11
9.77,-5.55,3.17
8.91,-7.63,2.38
7.45,-9.89,1.71
4.58,-9.09,2.20
3.17,-8.48,2.50
3.54,-8.06,1.28
2.20,-6.10,-0.49
-0.12,-5.13,-1.40
-1.83,-4.82,-1.59
-4.15,-4.94,-1.53
-6.53,-4.76,-1.22
-7.81,-3.60,-0.85
-7.32,-2.32,-0.85
-7.63,-1.04,-0.92
-7.14,0.06,-1.40
-7.32,0.37,-1.40
-8.54,-0.18,-1.16
-9.40,-0.92,-0.31
-10.01,-1.22,0.92
-10.07,-1.46,1.53
-10.19,-1.65,2.01
-11.23,-1.34,2.75
-11.41,-0.49,3.78
-11.66,1.04,5.68
-10.19,4.33,10.62
-6.84,8.85,16.72
-2.99,10.93,22.03
1.59,13.06,28.02
-1.34,7.08,19.29
-5.37,0.73,9.46
-7.26,-1.65,7.02
-7.63,-1.40,9.40
-6.90,-1.16,11.17
-6.65,1.65,14.16
-2.01,11.47,25.02
6.16,18.68,38.57
4.46,13.24,31.56
0.61,8.00,21.67
-3.97,1.89,8.85
-6.47,-0.06,3.85
-4.27,1.22,4.27
-1.40,4.70,8.30
2.32,11.96,17.82
11.78,22.46,39.37
11.35,18.92,38.51
2.20,12.57,21.12
-0.67,13.43,17.76
2.44,14.77,26.37
2.08,12.82,23.74
2.56,10.19,19.78
7.02,12.76,27.04
3.60,8.36,14.10
3.17,10.38,16.97
5.80,9.28,22.46
0.31,6.10,11.11
-3.60,2.81,1.95
-2.87,2.56,2.87
-1.89,2.69,3.85
0.73,3.72,5.86
6.16,7.14,16.60
10.01,10.31,26.49
3.85,6.65,13.98
0.06,2.50,3.85
-0.43,1.95,2.69
-1.46,2.38,2.87
-1.04,2.75,3.23
0.61,3.48,3.91
1.65,4.15,4.88
2.62,4.27,6.65
3.91,4.39,8.30
4.15,4.21,9.46
2.50,4.94,10.01
1.65,8.24,15.01
0.18,6.04,13.24
-0.31,4.33,9.58
0.37,5.98,9.16
3.48,10.31,17.52
3.48,8.79,15.26
2.56,4.52,7.75
1.65,1.53,1.28
1.46,0.49,0.24
1.65,0.55,-0.06
2.08,0.49,-0.49
0.85,-0.12,-0.37
-0.49,-0.73,-0.49
-1.10,-0.98,0.06
-1.77,-0.37,1.10
-1.83,0.37,2.50
-1.71,0.55,3.72
-0.67,1.22,4.33
0.85,2.20,4.46
2.14,3.11,4.03
3.17,4.03,3.23
3.11,3.85,2.26
2.20,3.36,0.92
-0.24,2.14,-0.49
-2.69,0.92,-1.28
-4.03,-0.61,-1.28
-4.46,-1.40,-0.61
-3.30,-1.16,-0.06
-1.22,-0.18,-0.06
0.92,0.49,-0.18
1.83,0.49,-0.24
2.38,0.55,-1.28
1.77,0.12,-2.44
0.43,-0.37,-2.81
-1.34,-0.18,-1.04
















-,-,-
0.92,0.31,1.46
1.22,0.31,1.53
1.34,0.49,1.65
1.40,0.49,1.65
1.65,0.67,1.28
1.65,0.92,0.92
1.71,1.16,0.55
1.71,1.04,0.43
1.83,0.92,0.61
1.77,1.04,1.28
1.53,0.79,1.46
1.40,0.49,1.59
1.53,0.49,1.46
1.89,0.67,1.04
2.01,0.55,0.73
1.65,0.43,0.49
1.40,0.43,0.12
1.46,0.24,0.24
1.46,0.24,0.61
1.46,0.31,1.10
1.28,0.37,1.22
1.46,0.67,0.92
1.89,0.79,1.04
1.83,0.43,0.92
1.89,0.43,0.73
2.20,0.85,0.43
2.32,1.34,0.18
2.56,1.53,-0.12
2.44,1.22,-0.49
2.08,0.67,-0.67
1.65,0.49,-0.79
1.71,0.61,-0.79
1.59,0.43,-0.49
1.71,0.24,-0.24
1.71,0.18,-0.37
1.59,0.24,-0.73
1.10,0.12,-0.79
0.98,-0.24,-0.61
0.12,-1.22,0.43
-1.46,-2.87,2.26
-3.60,-5.98,5.13
-5.98,-10.68,9.09
-8.48,-16.72,13.06
-10.07,-27.10,16.54
-15.44,-35.89,16.42
-19.65,-32.17,10.74
-15.14,-32.71,8.30
-10.99,-34.79,10.50
-9.64,-31.92,10.01
-7.69,-27.77,8.79
-1.22,-22.58,7.39
6.65,-16.17,6.16
14.40,-10.31,5.07
24.05,-8.12,4.70
36.07,-15.01,2.14
46.63,-24.60,-2.32
55.36,-41.63,-7.75
51.27,-43.95,-13.31
50.42,-44.31,-11.23
46.33,-35.95,-3.97
44.19,-27.28,4.33
40.47,-19.53,1.46
39.12,-20.45,0.00
34.12,-9.46,2.81
30.03,-2.20,3.42
26.67,1.40,3.42
28.08,1.40,8.73
23.32,10.13,4.58
23.32,2.87,5.49
22.40,3.48,6.59
20.45,0.73,5.92
16.97,-1.40,5.31
13.85,0.06,4.76
11.84,1.83,3.11
11.29,2.32,1.89
9.77,0.67,1.22
8.30,-0.98,1.28
8.48,-3.42,1.34
10.44,-4.76,0.79
10.74,-2.99,1.77
14.22,-5.98,2.20
17.94,-2.93,2.44
18.62,-1.28,4.33
14.77,3.23,1.77
10.86,2.75,2.75
9.34,2.69,3.23
6.23,-0.43,4.15
5.13,-2.32,4.52
3.54,-4.33,3.78
0.73,-6.16,3.23
-2.32,-7.45,4.03
-6.29,-7.87,3.48
-8.30,-6.59,3.66
-8.36,-4.64,4.39
-9.89,-4.09,5.37
-10.50,-3.30,6.16
-10.19,-2.08,7.02
-9.16,-0.18,11.11
-4.27,3.85,23.68
0.00,8.06,33.39
-1.34,10.38,31.68
-5.37,7.02,26.67
-5.74,2.26,27.16
0.61,10.86,39.37
-2.69,9.34,28.20
-4.52,9.34,24.66
2.20,10.80,33.33
3.60,6.10,35.58
-2.32,2.01,17.70
-2.62,1.53,14.04
0.61,5.00,24.90
4.52,5.62,30.27
1.71,6.41,22.52
4.70,8.97,29.72
1.28,8.54,24.05
2.44,13.31,33.63
2.75,13.18,29.72
1.53,11.60,25.33
1.59,10.68,22.83
3.60,10.13,27.95
2.14,10.44,27.95
-1.04,10.07,21.48
0.37,9.64,23.01
-2.93,6.53,13.92
-3.78,3.54,7.87
-2.56,4.15,8.85
-0.06,7.26,19.23
-1.65,1.65,17.15
-2.14,1.34,11.11
-3.72,0.55,7.32
-5.13,0.00,5.00
-4.15,1.34,5.13
-1.59,4.52,6.77
0.67,8.24,10.93
1.77,9.83,14.71
-0.43,6.71,9.89
-2.50,4.15,5.00
-3.36,2.50,4.94
-2.69,3.05,7.69
1.04,7.20,17.70
3.48,11.23,28.14
-1.16,4.88,16.72
0.37,5.31,13.79
0.06,3.78,11.66
-0.49,1.65,8.18
-1.59,-1.04,3.91
-0.98,-1.04,2.08
0.00,-0.24,1.40
0.98,0.37,1.04
1.22,-0.12,0.79
0.85,-0.43,0.43
0.00,-0.49,-0.49
-0.79,-0.85,-1.34
-2.14,-1.71,-1.59
-2.87,-1.95,-1.40
-3.97,-1.77,-0.85
-4.52,-1.59,-0.55
-4.27,-0.85,-0.24
-3.23,0.73,-0.43
-2.50,1.53,-0.85
-1.95,2.08,-0.98
-1.16,2.38,-1.22
-2.14,1.53,-0.98
-3.30,0.92,-0.67
-3.72,0.85,-0.43
-2.87,0.98,-0.12
-2.50,0.79,-0.12
-1.95,1.34,-0.06
-0.92,2.08,-0.24
-0.49,1.83,-0.37
0.49,2.01,-0.37
0.85,2.20,-0.73
-0.37,1.59,-0.79
-1.46,1.04,-0.67
-1.40,0.61,-0.79
-2.14,-0.31,-0.85
-3.48,-1.83,-0.73
-3.17,-2.62,-0.85
-1.83,-2.56,-0.85
-0.12,-2.14,-0.67