Type after 2s
-,-,-
-0.55,-1.59,-3.91
-0.98,-1.95,-4.21
-2.01,-2.08,-4.64
-2.44,-2.01,-5.19
-2.26,-1.83,-5.62
-1.89,-1.83,-5.55
-2.14,-2.20,-5.37
-2.38,-2.26,-5.31
-2.38,-2.44,-4.94
-2.26,-2.75,-4.52
-2.26,-2.87,-4.03
-2.08,-2.87,-4.03
-1.46,-2.93,-4.15
-0.79,-2.50,-4.21
-1.16,-2.32,-4.21
-0.24,-2.01,-4.03
1.22,-1.83,-3.66
1.40,-1.53,-3.17
1.10,-1.16,-3.05
0.37,-1.10,-3.17
-0.79,-0.85,-3.42
-1.89,-1.04,-3.97
-2.69,-1.04,-4.82
-0.79,-1.40,-5.49
6.29,-2.08,-6.10
17.21,-3.72,-6.90
25.27,-5.92,-7.93
27.22,-8.18,-11.47
26.86,-10.50,-16.05
24.78,-14.95,-23.62
27.89,-19.71,-32.71
26.98,-25.33,-42.48
34.61,-30.40,-47.42
40.28,-33.57,-52.92
54.14,-36.56,-55.30
70.37,-34.67,-63.60
74.04,-21.55,-57.92
77.88,-23.62,-58.53
77.21,-25.39,-56.21
68.18,-19.90,-35.34
50.48,-9.95,-14.95
36.99,-4.15,-4.88
35.40,-2.69,5.68
32.96,-4.15,10.38
30.58,-5.92,12.15
29.11,-6.71,13.67
28.02,-6.23,15.14
25.57,-5.25,16.60
21.97,-3.85,17.21
16.17,-1.53,16.91
8.91,1.89,15.26
0.92,5.62,13.18
-7.26,9.34,11.90
-16.05,11.66,11.66
-20.75,13.37,10.68
-20.14,14.95,11.05
-14.83,15.81,12.82
-6.35,16.42,15.81
1.04,16.30,19.23
4.21,14.95,20.02
2.50,12.33,18.68
-2.01,8.67,15.50
-5.25,5.43,11.54
-5.19,3.36,8.36
-3.97,2.20,5.43
-0.67,2.20,3.48
8.12,3.72,4.33
19.41,7.39,6.16
29.48,12.15,7.32
33.33,16.11,7.20
29.05,18.74,8.00
20.45,24.90,10.86
10.07,34.85,13.92
3.11,49.50,18.86
-4.33,66.04,24.41
-1.10,67.99,42.05
6.96,62.68,59.88
7.26,58.41,64.88
2.01,51.03,63.90
-5.07,40.83,62.44
-13.92,31.43,60.61
-22.52,23.62,57.25
-28.08,14.34,49.26
-34.55,3.05,33.02
-44.49,-9.52,11.66
-52.80,-25.15,-7.32
-59.51,-41.93,-20.75
-62.68,-57.07,-28.26
-62.44,-71.59,-33.51
-59.81,-82.46,-42.72
-53.83,-91.74,-56.82
-45.10,-85.39,-60.73
-28.87,-55.30,-52.12
4.94,-25.09,-36.07
30.15,-17.27,-11.29
42.42,-10.93,12.94
43.33,-5.07,28.38
40.65,-2.81,35.95
34.97,-4.27,36.44
28.81,-5.25,32.65
22.40,-3.23,25.70
15.14,-3.11,15.69
3.78,-2.38,4.76
-7.63,-1.28,-4.52
-16.72,-0.12,-11.35
-26.61,-1.34,-16.11
-29.60,-9.70,-16.42
-37.35,-12.21,-14.47
-32.53,-25.02,-5.31
-27.65,-23.56,-3.30
7.14,-39.18,15.93
23.86,-42.79,29.91
13.92,-21.30,24.05
28.75,-27.47,30.94
25.15,-25.33,36.44
17.21,-21.97,28.63
15.75,-18.31,22.22
14.83,-20.32,26.49
6.59,-14.40,23.01
1.83,-6.90,9.83
19.23,-15.38,16.72
14.53,-7.63,8.36
9.40,5.00,-5.37
12.57,3.60,-6.10
11.05,1.34,-6.35
7.08,0.24,-6.47
2.56,-1.40,-6.47
2.56,-3.17,-4.88
3.30,-3.48,-1.40
5.68,-3.36,2.93
7.87,-3.05,6.04
11.05,-2.69,6.90
15.38,-2.81,5.25
21.61,-3.60,1.22
28.81,-4.82,-3.91
36.93,-6.59,-9.22
46.69,-9.34,-14.95
55.66,-14.10,-22.22
68.30,-20.32,-30.64
88.50,-20.51,-32.59
97.78,-22.28,-37.17
114.62,-26.79,-45.47
117.43,-26.12,-51.70
116.58,-16.72,-45.17
110.11,-19.23,-42.66
102.60,-16.30,-36.74
92.16,-16.97,-24.84
70.37,-6.71,-7.14
47.49,-5.55,2.93
37.96,-12.02,0.31
31.49,-14.83,-3.42
21.67,-12.57,-2.01
13.37,-8.97,-0.24
11.47,-7.26,-0.49
9.89,-4.76,-0.73
5.25,-1.95,-1.22
0.73,1.46,-1.53
-4.03,4.64,-2.01
-10.50,7.57,-2.50
-18.55,10.38,-2.62
-25.45,14.22,-2.81
-29.79,18.55,-1.34
-32.90,21.30,1.28
-31.80,23.38,4.27
-35.16,25.02,6.10
-41.32,27.89,5.13
-47.49,34.85,3.60
-56.27,50.66,10.86
-63.17,67.87,27.28
-54.38,72.39,43.46
-40.22,72.33,45.72
-32.23,72.14,33.75
-26.98,68.54,19.59
-21.67,60.79,11.54















Type after 2s
-,-,-
2.38,0.00,-0.61
1.77,0.37,-0.73
1.71,0.12,-0.92
1.40,0.18,-1.10
1.53,0.24,-1.28
1.59,0.24,-1.10
1.65,0.12,-0.85
1.59,-0.12,-0.61
1.10,-0.06,-0.43
1.59,-0.18,0.06
1.59,-0.18,0.12
1.71,-0.37,-0.06
1.46,-0.55,-0.31
1.04,-0.73,-0.49
1.22,-0.85,-0.67
1.95,-1.04,-0.43
2.38,-0.85,-0.31
2.62,-0.61,-0.12
2.75,-0.31,0.24
2.87,-0.31,0.37
2.75,-0.12,0.12
3.66,-0.18,-1.53
4.58,-1.04,-4.33
5.37,-2.14,-8.30
7.32,-3.42,-13.00
9.77,-4.58,-16.72
10.93,-5.98,-19.29
11.96,-7.75,-21.73
15.75,-10.01,-24.48
19.29,-12.02,-27.34
24.29,-16.78,-30.03
29.42,-19.17,-26.67
34.24,-23.50,-36.44
36.44,-24.23,-49.44
43.52,-28.56,-62.50
45.59,-23.62,-69.09
41.50,-15.75,-74.46
34.30,-11.47,-67.93
28.87,-14.10,-65.49
27.59,-16.54,-49.99
23.99,-13.12,-32.10
22.71,-10.19,-19.90
22.71,-7.81,-4.94
24.90,-6.77,1.28
27.22,-4.33,4.46
27.47,-1.10,6.77
25.82,2.62,9.40
24.72,6.59,12.27
22.64,11.17,14.40
17.03,15.50,15.81
12.21,18.49,17.15
7.08,19.90,18.25
1.40,18.98,18.74
-3.72,18.49,19.17
-5.07,18.31,20.45
-7.02,18.13,21.79
-10.13,18.43,21.73
-14.22,20.57,20.39
-16.24,23.62,23.93
-13.43,24.60,32.53
-11.23,25.09,38.15
-10.56,25.63,39.18
-13.92,26.73,39.98
-16.66,26.12,41.14
-16.78,23.01,43.15
-16.72,18.92,43.88
-16.85,16.72,41.75
-17.33,15.69,38.76
-18.25,13.49,35.46
-21.55,11.23,30.27
-26.55,8.61,24.41
-29.60,5.25,19.59
-32.71,0.06,15.08
-33.69,-9.09,4.39
-34.12,-21.42,-14.59
-36.68,-34.85,-39.49
-42.91,-44.80,-57.37
-48.89,-52.12,-61.65
-50.17,-49.32,-39.73
-37.29,-19.41,-25.45
-37.23,-9.34,-39.18
-46.26,-11.54,-44.07
-42.54,-9.03,-36.99
-39.12,-5.07,-24.41
-39.18,-1.53,-11.90
-38.21,-0.12,-1.04
-38.39,-1.04,8.36
-38.76,-2.99,15.44
-38.88,-5.74,19.17
-38.39,-14.16,20.87
-19.53,-32.59,28.56
-10.19,-40.34,33.94
-5.00,-43.15,36.62
-9.34,-38.51,29.11
5.49,-42.36,33.39
8.42,-37.48,36.13
26.73,-48.34,46.51
8.85,-29.17,32.41
10.13,-22.22,28.63
11.11,-17.64,28.02
7.69,-13.49,27.40
26.98,-31.92,37.90
18.25,-24.48,33.51
11.72,-14.22,20.45
11.41,-8.24,11.54
13.79,-7.63,8.85
9.16,-3.11,2.50
8.91,0.06,-1.16
11.60,0.43,-1.40
13.92,0.24,-1.10
19.90,-0.43,-0.67
27.59,-1.16,-0.98
35.52,-2.32,-2.08
41.32,-2.08,-2.69
48.58,-2.62,-4.70
51.76,-3.97,-7.32
52.06,-5.49,-11.41
55.73,-9.16,-18.37
63.42,-16.66,-29.66
75.99,-23.19,-40.22
87.71,-25.15,-44.74
90.33,-21.48,-42.18
91.86,-18.13,-42.48
83.92,-10.44,-48.77
80.81,-7.32,-59.69
80.14,-9.16,-51.15
69.15,-6.71,-37.48
54.57,-2.14,-21.00
48.28,-4.64,-8.73
41.81,-6.77,-6.04
37.60,-4.09,1.77
28.56,2.56,18.80
17.70,1.34,23.50
11.72,-0.31,18.92
8.73,0.79,11.78
2.75,2.75,5.55
-4.09,5.92,1.83
-8.18,10.31,0.24
-11.96,14.59,1.16
-16.54,17.52,3.48
-20.87,18.19,6.23
-26.73,18.43,8.91
-32.23,19.96,11.29
-38.33,26.00,14.10
-45.96,39.49,24.96
-56.27,56.76,39.92
-57.19,63.23,50.42
-42.60,60.00,53.41
-34.61,59.57,48.40
-31.19,64.82,39.25
-33.14,67.75,33.51
-34.48,60.79,32.59
-30.94,47.79,33.69
-27.53,34.42,33.63
-26.98,23.80,29.66
-27.22,15.99,22.34
-26.79,8.67,12.88
-25.15,2.32,3.23
-20.14,-3.36,-8.00
-16.11,-8.73,-21.97
-14.89,-14.34,-35.83
-18.31,-21.18,-45.78
-23.62,-30.58,-49.99
-31.13,-42.60,-51.03
-36.13,-50.96,-46.63
-41.93,-31.62,-28.26
-16.30,-19.35,-46.81
-12.88,-15.44,-49.01
1.77,-14.59,-29.48
16.66,-10.19,-14.89
23.56,-7.39,-5.19
36.93,-6.77,4.03
50.66,-8.00,10.68
57.56,-10.62,11.60















Type after 2s
-,-,-
-0.12,0.55,-1.10
0.55,0.55,-1.04
0.24,0.61,-0.61
-0.18,0.61,-0.18
0.67,0.61,-0.06
-0.61,0.79,0.18
-0.18,0.92,0.31
-0.37,0.98,0.06
-0.73,0.98,0.24
-0.55,0.79,0.18
-1.59,0.92,0.06
-2.50,0.73,0.18
-1.83,0.67,0.31
-0.98,0.67,0.98
0.12,0.73,1.71
1.16,0.98,2.20
2.01,0.98,2.75
2.38,0.79,2.81
2.44,0.43,2.38
2.44,0.37,1.89
2.26,0.24,0.98
1.71,0.12,0.43
0.98,0.06,0.06
1.34,-0.12,-0.43
1.04,-0.31,-0.85
1.83,-0.49,-0.98
2.69,-0.67,-2.01
3.91,-0.67,-3.17
5.80,-2.14,-4.58
6.65,-2.75,-6.90
6.23,-3.23,-8.79
6.77,-3.72,-10.25
9.46,-3.11,-11.47
15.56,-4.21,-11.90
24.78,-8.30,-13.61
44.80,-13.31,-16.72
60.79,-17.40,-23.07
69.95,-20.75,-41.63
69.82,-15.81,-41.81
61.34,-14.53,-53.34
45.96,-17.46,-62.19
41.32,-22.03,-73.73
34.12,-18.74,-71.11
30.94,-19.29,-65.67
29.54,-17.27,-60.24
37.54,-18.49,-42.48
41.26,-15.87,-32.41
46.26,-15.44,-35.46
54.81,-16.72,-28.14
54.69,-12.70,-23.25
47.24,-8.73,-19.59
39.98,-7.39,-17.09
33.69,-5.86,-18.62
27.53,-1.46,-8.12
17.40,0.31,-1.71
9.09,1.71,1.95
6.23,3.48,5.43
5.00,5.19,10.07
3.05,8.36,16.36
2.56,13.37,24.17
2.99,19.04,32.59
1.59,26.73,40.83
-4.15,38.94,51.27
-13.73,56.03,69.46
-35.95,70.92,77.15
-48.77,63.05,81.54
-44.62,51.45,88.07
-40.53,50.17,86.61
-39.92,52.12,75.26
-35.40,48.28,62.81
-30.21,38.45,54.14
-27.16,27.71,46.51
-28.50,18.55,39.31
-29.54,10.86,32.53
-32.29,3.91,26.79
-36.25,-5.00,19.84
-39.73,-15.26,11.23
-40.16,-26.43,-1.53
-43.64,-36.62,-17.46
-44.62,-46.75,-36.19
-41.02,-56.46,-53.89
-39.43,-61.89,-65.06
-38.15,-62.56,-68.05
-43.03,-45.29,-44.98
-28.38,-28.26,-40.28
-17.94,-17.76,-44.92
-8.36,-14.65,-31.07
1.95,-13.24,-21.55
0.18,-4.33,-9.70
-5.62,2.56,3.54
-17.46,4.70,12.33
-32.04,3.48,15.14
-36.13,-5.13,16.72
-29.97,-20.87,18.62
-19.10,-32.53,20.69
-7.32,-45.04,21.12
-7.08,-39.06,21.00
-6.04,-32.53,22.71
5.80,-36.19,31.62
-6.59,-21.42,22.89
10.99,-31.80,32.41
28.56,-47.91,49.68
20.45,-42.30,44.49
5.37,-23.44,31.68
15.32,-28.63,35.46
12.57,-26.43,34.55
12.15,-29.36,34.55
-5.98,-13.73,18.92
-2.75,-9.16,12.63
5.74,-11.47,11.84
2.38,-0.79,1.71
7.51,4.33,-2.93
12.51,2.81,-3.72
16.24,1.40,-5.07
17.40,-0.12,-6.59
17.27,-0.85,-7.20
12.76,0.00,-7.57
10.86,-0.31,-7.75
12.27,-1.89,-7.81
18.43,-3.85,-7.87
26.06,-4.76,-8.18
37.60,-5.68,-9.46
52.31,-7.75,-12.33
69.34,-11.35,-15.93
88.20,-17.33,-26.18
104.13,-21.67,-39.86
107.42,-16.42,-53.28
101.75,-11.90,-68.60
94.30,-6.59,-62.26
80.20,-2.08,-53.83
72.33,-2.87,-45.84
70.07,-7.08,-43.70
68.12,-9.22,-39.37
58.23,-8.06,-38.76
52.25,-6.29,-14.59
38.82,-3.11,0.98
29.54,-3.60,8.00
22.83,-1.65,15.26
14.22,-2.01,12.82
6.04,-2.01,6.84
0.00,-0.55,0.98
-7.81,2.99,-3.78
-16.11,6.71,-7.02
-23.38,10.19,-7.45
-29.17,13.24,-4.46
-34.79,16.91,2.08
-37.35,19.17,10.62
-39.49,21.48,18.80
-42.11,26.92,26.06
-46.14,37.90,36.74
-54.93,59.27,46.75
-56.58,71.53,55.60
-53.22,74.89,61.52
-53.04,77.51,59.20
-49.87,77.64,50.11
-46.08,73.97,42.54
-44.68,67.63,39.92
-37.72,57.25,36.44
-29.48,41.56,26.49
-25.15,26.61,13.67
-23.32,17.40,4.33
-23.80,12.57,-0.85
-26.06,6.71,-4.03
-31.43,-1.83,-7.02
-36.56,-11.66,-11.90
-38.88,-21.42,-18.62
-40.28,-30.76,-27.34
-41.63,-40.59,-38.70
-42.36,-52.73,-54.93
-43.58,-69.15,-76.42
-44.43,-83.13,-92.29
-55.91,-56.88,-67.08
-21.24,-32.29,-69.46
-0.92,-26.00,-69.46















Type after 2s
-,-,-
2.20,-1.46,-1.46
2.14,-1.83,-1.95
3.23,-1.95,-2.08
3.42,-2.08,-2.01
2.50,-2.32,-1.83
3.91,-2.32,-2.14
1.83,-2.32,-2.14
2.01,-2.44,-1.65
1.53,-1.83,-1.34
2.32,-1.28,-1.89
3.23,-1.22,-2.38
3.72,-1.71,-1.83
3.78,-2.44,-1.34
2.87,-2.75,-1.04
2.26,-2.26,-0.92
1.95,-2.14,-1.10
1.71,-2.14,-0.98
2.44,-1.83,-0.79
2.69,-1.28,-0.67
3.91,-1.10,-0.55
4.27,-1.22,-0.61
4.27,-1.16,-1.83
4.27,-1.28,-2.26
3.42,-1.77,-2.50
3.42,-2.75,-4.09
1.77,-4.70,-6.59
-0.49,-6.16,-10.31
-0.37,-9.64,-15.63
-5.92,-11.90,-21.06
-10.19,-14.34,-29.85
-9.03,-16.48,-38.45
-5.31,-15.01,-40.71
2.81,-11.41,-37.96
14.47,-8.54,-31.86
28.50,-7.75,-24.17
47.06,-9.22,-18.25
61.46,-16.78,-18.07
68.18,-23.38,-21.73
65.00,-23.74,-20.75
56.58,-25.88,-15.56
50.60,-33.02,-31.07
48.03,-26.67,-34.06
51.82,-24.41,-34.85
52.55,-26.98,-62.68
58.53,-22.28,-78.67
57.25,-12.63,-79.47
45.29,-10.44,-83.92
40.04,-8.42,-84.90
33.87,0.24,-63.90
31.43,-0.73,-57.37
29.05,0.73,-44.31
23.25,4.88,-27.47
15.69,1.89,-24.96
13.73,0.43,-23.74
12.39,4.52,-6.59
5.68,7.02,4.88
1.10,10.13,12.45
1.65,15.63,18.98
0.85,20.39,25.70
-3.72,23.38,32.10
-9.70,26.37,37.84
-15.99,28.32,41.93
-24.90,31.37,44.25
-34.18,36.44,44.19
-44.56,44.37,48.22
-52.19,51.15,61.46
-59.33,55.11,70.13
-54.02,49.68,72.57
-47.61,42.60,68.73
-46.51,38.09,59.69
-46.08,32.17,47.18
-45.10,22.46,35.03
-40.95,13.31,28.69
-36.99,4.21,25.63
-34.55,-5.92,17.82
-31.13,-13.06,8.73
-31.07,-18.07,-0.49
-32.23,-24.29,-7.39
-27.22,-35.83,-15.20
-20.20,-51.70,-29.30
-13.00,-64.39,-46.08
-6.10,-60.06,-41.56
4.09,-36.25,-34.79
11.47,-24.35,-37.05
12.27,-20.51,-29.72
11.05,-18.31,-21.42
2.38,-12.33,-12.33
-5.74,-6.16,-4.64
-10.80,-1.77,2.20
-17.03,0.85,7.69
-20.63,2.87,10.93
-23.99,2.26,11.84
-28.56,-0.18,9.52
-32.53,-6.65,6.41
-27.22,-21.24,10.38
-28.93,-24.78,10.50
-21.67,-31.98,12.57
-11.35,-36.01,17.82
3.17,-42.24,26.61
5.86,-41.69,31.37
-3.78,-32.71,24.05
-9.16,-21.48,18.43
-3.60,-22.40,17.64
11.23,-29.79,29.54
4.76,-19.78,24.48
12.45,-21.79,26.25
16.72,-25.82,26.12
13.18,-20.69,23.50
7.39,-9.28,15.63
20.87,-13.37,17.03
18.68,-8.67,11.29
14.40,0.98,1.10
18.49,0.98,-1.16
22.58,-0.55,-1.59
26.18,-1.34,-1.53
28.75,-2.69,-1.46
32.29,-3.17,-2.01
37.48,-3.23,-1.53
44.98,-2.99,-2.69
54.99,-4.39,-4.82
66.83,-9.09,-9.95
79.53,-18.31,-22.83
94.85,-28.02,-39.55
106.20,-34.97,-57.13
102.11,-19.29,-51.94
98.75,-17.15,-56.95
95.95,-8.85,-55.24
87.34,-5.74,-53.65
75.01,-7.87,-62.07
66.96,-8.48,-55.18
48.83,-2.20,-41.50
39.73,2.26,-16.17
33.33,-0.85,-2.08
31.31,-2.14,4.15
26.67,-3.85,-1.65
23.86,-5.37,-6.84
19.59,-2.87,6.84
7.75,-1.77,10.86
-1.65,0.73,8.67
-9.34,4.70,5.25
-20.87,10.01,1.22
-31.98,16.17,-1.40
-41.32,21.36,-1.28
-48.89,25.70,1.83
-54.14,27.59,5.62
-57.31,29.72,9.34
-59.69,38.39,16.91
-70.50,58.78,26.67
-81.42,69.21,36.32
-78.49,64.51,47.36
-67.69,61.34,56.95
-60.61,65.31,57.74
-57.68,69.89,53.83
-49.50,67.50,49.07
-43.76,59.75,44.43
-37.90,51.15,37.96
-36.87,42.91,30.52
-36.38,32.59,24.05
-33.63,19.17,18.25
-30.94,5.00,12.27
-26.79,-5.19,4.46
-24.48,-15.32,-8.30
-26.37,-31.01,-28.14
-31.37,-47.85,-49.07
-38.21,-60.55,-60.97
-41.50,-71.04,-65.92
-41.81,-80.38,-67.44
-53.89,-56.40,-46.94
-35.03,-31.31,-51.45
-11.11,-32.23,-73.06
7.02,-29.17,-56.95
37.78,-23.80,-32.04
55.05,-17.33,-11.29
67.50,-13.85,3.48















Type after 2s
-,-,-
2.75,-0.31,-0.18
2.87,-0.43,-0.06
2.81,-0.24,0.00
2.87,-0.18,0.00
2.69,-0.37,-0.06
2.99,-0.43,-0.31
2.75,-0.55,-0.49
2.75,-0.67,-0.85
2.75,-0.61,-1.04
2.32,-0.67,-0.85
2.44,-0.92,-0.79
2.69,-0.92,-0.67
2.62,-0.73,-0.55
2.87,-0.61,-0.49
2.99,-0.43,-0.06
2.93,-0.55,-0.06
2.93,-0.55,0.00
2.81,-0.92,0.24
2.44,-1.16,0.24
2.26,-1.34,0.24
3.05,-1.46,0.24
3.05,-1.28,0.37
3.30,-0.79,0.24
3.05,-0.73,-0.06
3.36,-0.73,-0.37
3.54,-0.61,-0.98
2.81,-0.73,-1.83
1.71,-0.98,-3.05
1.71,-1.16,-5.19
2.81,-1.95,-9.03
6.41,-5.74,-15.63
11.11,-15.56,-25.76
21.24,-24.35,-36.19
26.18,-21.12,-39.67
27.16,-24.90,-48.58
27.65,-31.43,-59.63
33.45,-31.31,-60.97
37.78,-27.65,-52.19
46.02,-27.89,-54.50
58.41,-24.90,-49.13
68.66,-27.83,-50.11
73.24,-27.22,-58.11
73.36,-24.54,-70.31
71.78,-18.43,-50.90
63.54,-17.09,-26.73
54.75,-19.47,-28.08
45.59,-13.43,-28.32
43.76,-14.65,-35.95
33.20,-6.96,-25.33
24.54,-3.72,-14.40
17.88,-2.81,-10.31
13.49,0.79,-3.78
9.22,2.62,-0.18
3.97,5.19,3.11
-0.92,7.63,5.86
-4.58,10.80,6.96
-9.83,16.42,7.75
-13.67,21.97,9.89
-19.65,26.31,14.34
-22.09,30.70,21.55
-22.22,33.57,30.88
-22.16,37.90,42.91
-23.74,49.93,60.49
-30.70,62.26,77.76
-36.07,62.38,86.24
-34.85,61.04,88.26
-31.25,64.58,82.46
-27.89,66.89,70.19
-24.78,61.58,56.88
-21.55,50.35,48.65
-17.21,38.27,42.97
-17.70,28.38,36.62
-22.40,19.84,31.07
-26.86,8.06,24.29
-32.53,-3.42,18.19
-34.91,-11.05,13.49
-35.89,-19.84,8.91
-37.11,-33.51,1.22
-37.17,-49.80,-9.83
-37.90,-64.27,-27.40
-37.96,-77.21,-49.32
-30.46,-90.03,-70.50
-32.78,-69.40,-60.30
-35.22,-34.42,-47.49
-18.98,-24.41,-58.84
-23.68,-27.59,-54.93
-24.90,-21.91,-41.38
-19.90,-11.29,-24.48
-16.05,-4.09,-8.54
-14.16,1.28,4.33
-10.07,3.11,13.73
-6.23,-0.37,20.81
1.77,-7.39,25.70
7.63,-11.23,27.16
12.94,-17.52,27.83
21.00,-26.73,30.03
21.73,-30.58,28.93
18.19,-31.86,31.43
0.85,-23.25,22.40
0.73,-26.86,20.69
34.24,-59.63,37.48
26.67,-50.42,37.60
15.14,-31.07,28.63
11.90,-17.82,25.51
30.09,-28.75,33.94
42.66,-42.66,45.29
33.51,-36.87,42.72
14.83,-17.76,26.12
8.48,-6.90,11.90
12.70,-9.34,12.94
10.74,-11.84,12.70
8.12,-11.41,12.33
4.82,-4.33,5.25
3.11,1.89,1.34
6.65,3.72,0.61
10.86,3.78,0.73
15.69,2.56,0.61
19.71,0.67,-0.31
22.28,-1.40,-2.08
23.93,-3.36,-5.00
26.43,-4.88,-7.08
31.80,-5.98,-10.01
43.58,-6.16,-13.12
61.22,-7.51,-14.65
81.91,-10.13,-17.03
100.16,-17.64,-32.17
112.12,-23.38,-48.40
110.35,-23.44,-67.57
103.09,-14.59,-62.56
86.61,-13.31,-52.43
77.82,-13.31,-57.74
76.66,-8.91,-52.61
73.30,-7.14,-36.56
64.27,-7.93,-39.00
58.11,-6.16,-32.29
45.29,-0.18,-25.39
40.22,-3.60,-10.19
28.69,-0.92,2.14
16.30,3.66,9.34
3.05,5.00,7.39
-10.74,7.26,2.08
-25.82,11.78,-1.89
-36.44,17.03,-0.79
-43.95,20.39,5.68
-48.40,23.19,15.32
-51.94,24.05,26.49
-54.81,30.33,46.14
-61.95,48.46,75.20
-69.64,61.95,90.21
-71.29,67.99,93.87
-65.80,74.71,87.40
-60.55,84.66,73.06
-60.06,93.63,61.71
-49.99,91.67,53.83
-38.21,76.60,47.06
-36.19,55.54,38.64
-36.44,34.67,28.14
-37.66,18.49,16.48
-44.31,6.77,5.98
-46.45,-4.09,-3.36
-46.14,-17.21,-15.44
-45.65,-32.23,-33.39
-44.13,-50.29,-57.25
-40.95,-71.72,-84.72
-37.78,-95.46,-113.71
-37.17,-91.98,-112.43
-38.39,-53.16,-81.91
17.82,-37.35,-76.72
39.43,-39.43,-56.46
53.53,-34.67,-38.39
65.43,-28.87,-19.96
66.35,-26.55,-6.59
64.94,-25.45,-2.38
63.05,-31.19,-16.30















Type after 2s
-,-,-
1.59,-0.55,-1.22
1.53,0.00,-0.31
2.62,-0.37,0.24
2.93,-0.92,0.37
3.23,-1.10,0.06
2.93,-0.79,-0.18
2.75,-0.55,-0.61
2.81,-0.43,-0.85
3.05,-1.16,-1.53
3.36,-1.77,-1.83
3.30,-2.50,-1.71
2.50,-3.23,-2.26
0.79,-4.03,-3.05
-0.49,-4.70,-3.78
-1.46,-5.37,-3.85
-2.56,-6.10,-4.03
-2.99,-6.53,-4.76
-2.93,-5.86,-4.39
-2.81,-4.52,-3.48
-2.38,-3.36,-4.27
-1.53,-3.11,-4.46
-0.24,-4.21,-3.17
0.92,-4.46,-1.16
1.40,-4.27,-0.24
2.08,-4.09,-0.85
2.62,-3.48,-1.59
5.00,-4.46,-2.62
4.03,-5.74,-5.49
2.01,-7.08,-8.61
2.69,-8.61,-11.84
3.91,-10.07,-15.93
10.99,-10.93,-20.45
15.63,-11.66,-24.17
26.37,-12.51,-27.04
34.06,-14.59,-27.59
40.28,-16.11,-26.67
47.30,-17.15,-25.76
48.03,-17.15,-25.39
47.06,-17.15,-27.95
49.38,-16.11,-34.61
54.75,-14.77,-36.38
57.25,-16.54,-49.07
67.87,-18.37,-60.49
73.73,-19.78,-70.13
63.72,-16.11,-82.58
61.65,-17.40,-87.46
51.94,-12.57,-77.15
44.56,-10.99,-62.19
37.90,-13.67,-60.42
29.48,-9.16,-48.58
23.99,-5.43,-41.81
17.15,-4.46,-20.87
8.24,-4.70,-13.67
4.21,-3.11,-9.46
4.64,-0.61,-3.48
5.07,3.85,3.66
5.92,8.18,12.63
4.27,13.06,22.95
9.89,18.07,32.71
10.50,21.67,41.02
8.91,25.15,46.88
0.31,32.04,53.28
-11.05,37.78,61.34
-26.18,42.72,71.29
-40.89,42.91,76.78
-52.80,38.15,77.09
-55.11,34.97,70.92
-55.30,35.40,60.61
-50.90,35.64,46.63
-48.65,31.37,32.59
-46.08,24.84,24.96
-44.80,17.76,24.54
-43.52,7.57,25.33
-40.41,-3.48,24.60
-39.98,-11.41,24.35
-39.18,-20.14,20.14
-35.28,-32.78,8.67
-34.97,-49.26,-13.31
-33.08,-64.15,-39.12
-25.76,-46.81,-46.45
-9.77,-20.75,-42.72
15.20,-19.47,-38.21
25.02,-22.52,-29.42
28.26,-18.55,-19.23
26.25,-11.96,-9.89
19.04,-9.03,-1.89
9.58,-7.02,5.13
4.09,-5.62,10.44
0.85,-4.76,14.77
-3.11,-5.55,17.09
-8.61,-7.39,18.13
-12.63,-13.43,19.41
-14.16,-21.42,18.49
-14.83,-27.71,14.65
-8.36,-35.52,18.62
-4.39,-40.65,18.62
-6.04,-37.96,21.91
2.81,-44.92,30.82
2.93,-46.08,38.70
14.83,-55.42,41.75
7.75,-44.86,41.26
13.92,-41.63,37.17
13.55,-31.31,35.52
19.65,-25.82,36.99
23.62,-23.13,34.24
29.42,-23.07,30.03
43.95,-37.72,28.50
36.01,-35.22,22.09
19.84,-24.11,10.68
5.74,-12.76,3.42
6.71,-12.21,2.44
10.50,-12.15,2.01
8.06,-7.02,-0.06
4.39,-0.79,-2.08
4.27,3.17,-2.62
6.41,3.78,-1.22
10.44,2.62,0.43
17.58,0.79,0.49
25.27,-1.28,-1.28
32.65,-2.69,-3.48
37.41,-4.09,-5.86
36.68,-2.50,-9.95
34.61,-0.37,-15.50
30.27,-0.24,-20.75
31.98,-2.26,-24.23
41.32,-5.55,-28.32
56.34,-10.25,-38.09
76.42,-11.41,-41.02
81.42,-9.40,-55.91
93.44,-7.75,-77.45
97.90,-0.12,-96.68
92.71,12.57,-105.22
71.90,16.30,-105.65
52.86,14.10,-92.47
43.76,7.02,-62.01
37.23,-0.98,-38.09
29.91,-1.83,-18.86
27.16,-3.30,-7.39
21.91,-5.43,-3.30
19.65,-7.02,-1.34
15.50,-5.68,-3.23
9.95,-1.28,-1.28
3.36,1.89,5.19
-8.24,5.19,6.23
-20.57,10.99,5.68
-29.24,17.52,5.62
-35.52,22.03,8.48
-40.34,24.78,13.98
-45.23,26.06,19.29
-49.32,29.54,24.54
-53.77,43.64,35.95
-61.95,63.05,58.35
-65.49,73.00,75.44
-62.56,72.81,79.41
-56.03,73.24,73.06
-51.03,77.09,65.98
-47.61,78.37,63.11
-48.52,73.06,59.20
-48.34,62.99,49.26
-41.87,51.94,36.44
-35.22,39.49,24.35
-33.14,25.51,14.47
-33.75,11.41,6.59
-34.42,-1.40,1.16
-35.34,-14.34,-4.33
-35.89,-31.56,-16.17
-41.20,-52.37,-38.51
-49.26,-73.55,-63.90
-54.14,-93.08,-86.36
-65.19,-90.76,-81.79
-78.06,-55.18,-75.68
-32.96,-40.04,-88.87
-9.22,-43.88,-65.92
14.95,-43.76,-46.08
38.09,-35.34,-26.92















Type after 2s
-,-,-
-6.59,-12.02,-7.20
-4.94,-10.74,-6.96
-3.48,-9.16,-6.90
-2.44,-8.61,-6.35
-0.55,-9.28,-4.70
-0.06,-9.52,-1.71
-0.43,-8.24,-0.37
-0.49,-6.41,0.12
-0.18,-4.82,-0.49
-0.24,-3.66,-1.22
0.55,-3.11,-1.83
1.04,-2.87,-1.95
2.01,-2.20,-1.53
2.69,-1.89,-0.55
3.23,-1.04,0.06
3.42,-0.43,0.24
3.36,0.12,0.18
4.94,0.12,1.46
4.03,-0.92,2.26
2.62,-1.16,2.01
3.11,-1.28,1.95
4.39,-1.46,1.89
4.33,-1.71,2.20
2.26,-1.28,1.71
1.22,-0.98,0.98
0.43,-1.46,0.55
0.61,-2.56,0.18
1.59,-4.46,-0.24
-0.85,-7.39,-3.17
-2.87,-12.82,-10.56
-3.72,-23.07,-22.03
-6.47,-33.26,-27.40
-7.93,-31.62,-23.32
-6.65,-24.23,-29.48
4.27,-25.76,-47.18
28.69,-24.54,-56.52
58.59,-21.30,-54.81
82.03,-20.57,-53.71
92.41,-28.87,-60.91
104.55,-35.46,-69.21
107.73,-37.96,-67.63
110.11,-45.35,-84.05
101.81,-44.74,-96.25
98.75,-47.79,-105.29
87.46,-41.75,-95.15
79.16,-42.60,-92.16
62.07,-32.04,-81.18
55.05,-24.84,-79.53
45.47,-15.56,-76.23
38.51,-10.44,-64.64
38.33,-14.10,-49.38
28.50,-6.10,-25.63
22.28,-2.14,-15.81
17.64,0.92,-5.37
14.40,4.70,3.36
10.44,8.30,8.97
6.71,11.78,13.61
3.54,16.17,18.19
-1.53,21.36,22.09
-8.30,24.72,26.73
-16.66,26.00,32.17
-25.63,28.63,38.64
-30.52,37.48,51.82
-39.31,55.24,74.83
-49.93,65.55,91.13
-56.09,65.37,95.58
-57.25,61.22,91.92
-51.51,57.43,84.90
-43.58,55.73,75.20
-38.70,53.53,64.15
-37.60,50.42,55.91
-37.72,43.40,51.94
-38.51,26.25,44.19
-39.00,3.05,30.70
-41.08,-18.43,15.20
-41.93,-41.50,-4.15
-42.60,-67.02,-32.84
-31.19,-82.28,-50.29
-25.94,-57.98,-44.13
-9.52,-34.97,-55.91
16.05,-33.08,-55.30
24.48,-30.82,-41.02
29.11,-21.73,-27.34
21.73,-15.81,-14.53
18.07,-14.04,-0.49
15.81,-10.31,11.29
12.39,-4.88,19.04
12.63,-5.31,24.11
19.29,-14.16,29.79
24.72,-22.52,31.92
20.51,-24.96,27.40
40.41,-48.22,33.51
34.61,-49.07,29.97
26.98,-39.18,22.28
18.49,-31.62,15.32
41.81,-52.25,34.79
30.70,-53.16,42.79
20.45,-46.51,45.23
18.80,-45.23,54.69
15.44,-37.17,51.51
7.26,-15.93,28.56
19.90,-11.78,20.20
31.80,-22.03,21.61
27.16,-18.07,14.65
24.54,-8.85,4.64
25.57,-8.79,-1.65
24.29,-9.22,-5.25
23.19,-7.93,-6.53
23.68,-6.90,-6.41
25.09,-5.68,-4.70
27.10,-4.46,-2.32
28.75,-4.09,0.31
30.76,-4.70,2.62
33.69,-5.55,4.70
36.62,-6.71,4.70
41.02,-7.87,2.20
49.56,-10.44,-3.91
64.76,-13.73,-13.61
82.95,-18.62,-26.55
99.85,-25.15,-40.41
104.86,-23.44,-50.05
115.30,-26.18,-62.68
119.57,-22.95,-61.28
112.85,-19.29,-48.03
98.14,-20.32,-50.11
95.46,-16.66,-36.19
81.91,-14.16,-34.97
68.66,-9.03,-21.61
55.48,-12.70,-13.12
44.43,-14.95,-16.85
32.90,-3.60,7.39
14.77,1.65,19.65
0.98,0.61,16.48
-4.27,2.81,10.56
-10.50,5.92,4.33
-20.26,9.89,-1.83
-29.85,15.63,-5.55
-39.49,21.42,-6.16
-49.87,25.45,-4.58
-60.06,28.99,-0.37
-69.34,31.56,5.07
-76.17,31.19,12.15
-80.81,32.90,26.31
-87.10,44.56,54.75
-96.44,58.96,82.03
-98.14,66.10,93.69
-94.06,70.25,88.93
-85.94,77.03,73.12
-78.25,85.02,62.13
-68.60,85.82,57.07
-60.12,77.03,53.04
-53.83,61.58,45.29
-47.18,43.52,29.91
-40.04,26.55,9.64
-30.82,13.79,-9.64
-19.59,3.54,-24.23
-13.37,-5.86,-34.48
-12.39,-15.32,-42.66
-12.88,-24.54,-47.55
-15.63,-33.14,-52.92
-18.31,-42.91,-62.99
-18.13,-53.04,-68.18
-21.85,-43.82,-42.85
-8.12,-25.63,-41.44
17.70,-19.78,-43.76
35.95,-22.22,-32.10
55.24,-22.46,-20.45
63.78,-23.86,-18.31
69.03,-25.76,-18.07
67.38,-29.79,-18.86
67.14,-36.38,-27.89
59.20,-37.78,-29.85
66.83,-46.51,-47.36
56.52,-33.87,-29.48















Type after 2s
-,-,-
1.95,0.85,-0.85
2.56,0.49,-0.79
3.05,0.06,-0.92
2.75,-0.18,-0.61
2.32,-0.49,-0.67
1.77,-0.61,-0.85
1.77,-0.55,-1.04
1.65,-0.24,-0.92
1.46,-0.12,-0.55
1.53,0.06,0.00
1.59,0.18,0.31
1.65,0.12,0.49
1.95,0.31,0.49
2.01,0.31,0.12
2.50,0.12,-0.18
3.23,-0.18,-0.37
3.23,-0.55,-0.79
2.32,-0.85,-1.71
1.83,-0.98,-2.32
1.53,-0.85,-2.62
1.34,-0.61,-2.26
1.65,-0.37,-1.59
1.71,-0.06,-0.49
2.38,0.37,0.12
3.17,0.49,0.61
4.21,0.67,0.49
5.92,0.37,-0.06
9.70,-0.49,-1.22
16.30,-2.08,-2.01
25.76,-2.75,-3.30
34.79,-5.13,-6.59
42.24,-10.68,-16.48
48.34,-15.63,-23.25
49.56,-18.86,-25.76
59.02,-23.93,-41.99
63.84,-20.08,-43.88
75.62,-21.85,-55.05
84.84,-23.74,-67.32
85.39,-15.20,-64.70
77.03,-15.63,-69.52
67.81,-14.59,-78.31
69.95,-16.85,-60.36
64.09,-12.21,-52.61
51.76,-10.74,-49.01
40.95,-10.99,-24.29
38.64,-14.16,-21.36
32.71,-10.86,-24.05
28.20,-3.91,-16.85
23.62,-0.85,-6.35
15.81,0.73,0.37
10.01,2.93,3.11
6.41,6.53,5.43
1.22,11.17,6.53
-4.27,16.72,6.35
-10.93,23.50,5.31
-19.04,28.75,5.37
-31.56,30.21,5.98
-44.01,30.52,8.00
-51.39,30.40,11.23
-54.44,30.58,18.01
-55.36,36.07,36.07
-57.56,43.64,60.67
-59.08,44.07,77.58
-54.26,37.35,83.19
-48.40,32.41,79.04
-42.85,32.65,69.82
-41.26,34.79,60.73
-43.09,34.36,57.56
-47.06,30.58,61.52
-49.68,23.01,62.13
-49.50,10.25,51.33
-45.65,-6.35,29.05
-37.23,-22.64,-0.06
-24.54,-38.76,-30.70
-12.88,-53.71,-58.72
-5.86,-62.62,-61.95
-7.75,-47.97,-36.68
-0.85,-26.49,-47.36
-0.92,-21.12,-57.01
-2.87,-21.24,-50.78
-4.39,-17.76,-43.15
-6.16,-15.50,-33.08
-9.46,-11.90,-21.12
-7.93,-8.67,-10.31
-6.10,-7.08,-2.50
-3.91,-7.57,4.27
1.65,-13.55,11.72
13.43,-29.11,18.74
9.64,-30.21,21.61
12.88,-34.79,27.89
25.02,-52.73,34.06
33.02,-62.44,43.52
17.70,-41.63,39.61
32.10,-49.07,43.40
40.65,-60.79,44.31
35.52,-55.05,37.96
21.85,-42.18,29.30
25.09,-44.01,31.92
20.32,-44.86,31.49
7.51,-30.94,24.29
9.40,-26.18,22.64
10.68,-25.94,19.84
21.91,-35.58,25.27
5.62,-14.89,14.16
3.23,1.59,5.25
10.38,1.34,5.43
13.12,1.46,4.52
16.54,0.85,3.23
19.90,-0.24,2.01
22.95,-1.28,1.22
26.55,-2.81,2.14
29.79,-3.48,4.09
32.17,-3.30,5.55
36.80,-3.66,5.92
44.74,-4.15,6.04
52.43,-5.86,5.19
62.44,-8.24,2.69
73.55,-9.52,-1.04
84.72,-8.79,-7.02
86.79,-8.00,-19.96
86.55,-9.22,-52.98
86.91,-4.58,-76.66
80.08,5.62,-78.25
69.76,10.50,-73.36
64.09,6.16,-67.75
65.67,3.85,-37.23
54.08,4.58,-12.15
49.87,-2.01,-21.12
44.43,-6.77,-21.61
44.68,-4.94,-6.10
30.82,-3.54,24.84
17.09,-5.62,25.76
10.07,-6.10,22.09
4.70,-2.20,16.05
-3.17,0.92,10.31
-11.66,2.62,5.74
-20.26,5.80,3.66
-27.95,10.86,3.05
-37.17,15.81,4.15
-47.73,19.65,6.10
-57.68,21.91,7.81
-67.26,24.96,10.74
-74.95,33.81,21.42
-88.32,48.83,42.36
-96.92,60.97,62.62
-106.87,71.84,79.04
-108.34,77.15,85.39
-97.47,80.38,80.81
-81.18,86.30,74.10
-71.84,89.23,66.96
-63.54,82.70,56.64
-55.48,66.65,45.72
-48.71,45.72,35.28
-40.83,24.90,24.66
-33.69,8.67,13.49
-30.88,-2.93,3.42
-28.69,-11.54,-5.98
-27.53,-21.36,-19.90
-29.11,-32.65,-38.09
-30.09,-43.76,-55.05
-34.18,-52.31,-68.36
-36.80,-59.94,-80.69
-34.79,-58.90,-78.49
-30.76,-38.51,-67.08
16.85,-25.63,-69.27
39.55,-24.66,-54.93
57.62,-24.41,-39.37
73.36,-19.59,-27.28
79.96,-17.82,-19.10
80.32,-17.82,-16.54
79.65,-19.35,-11.84
73.55,-25.27,-19.17
66.59,-27.83,-35.22
71.96,-27.89,-48.77















Type after 2s
-,-,-
0.06,-3.30,-3.30
0.00,-3.72,-3.91
-0.61,-3.97,-4.70
-0.79,-3.91,-5.37
-0.73,-4.03,-5.86
-0.98,-4.27,-6.10
-1.28,-4.58,-6.10
-0.92,-4.33,-6.04
-0.37,-3.85,-5.49
1.34,-2.87,-4.39
1.83,-1.40,-3.36
2.50,-0.06,-2.93
3.54,0.49,-2.01
4.39,0.37,0.06
4.94,1.16,1.46
4.94,2.56,1.34
4.76,3.60,0.92
4.33,3.66,1.46
2.81,3.54,2.14
1.28,3.36,2.50
-0.24,3.48,2.50
-1.10,3.72,2.01
-1.46,3.36,1.65
-1.10,2.75,1.71
-0.85,2.38,1.89
-0.61,1.89,1.83
-0.31,1.65,1.34
0.06,1.28,1.59
-0.31,1.40,1.83
-0.67,2.08,1.53
-2.14,2.75,1.59
-3.85,3.60,2.14
-6.10,3.78,2.93
-7.63,3.30,3.72
-9.58,3.05,3.72
-10.01,2.69,3.54
-9.22,2.20,3.17
-8.61,2.14,2.81
-7.69,2.50,2.81
-6.84,2.08,2.75
-5.07,1.46,1.89
-3.66,0.79,1.22
-1.83,0.06,0.85
-0.24,-0.98,0.73
-1.71,-1.40,-0.31
-6.10,-2.56,-2.20
-9.77,-5.98,-5.19
-8.42,-12.76,-10.38
-11.72,-20.87,-22.95
-15.32,-27.22,-35.95
-14.59,-31.80,-36.68
-9.52,-25.27,-40.83
13.24,-18.37,-55.85
41.69,-14.65,-59.45
62.26,-16.36,-57.86
81.12,-21.85,-63.96
95.58,-26.00,-78.25
103.03,-29.42,-87.65
107.48,-28.56,-96.07
102.72,-28.56,-99.30
91.55,-22.28,-101.99
79.59,-11.66,-106.14
69.21,-4.94,-116.15
60.49,-2.69,-114.87
47.30,6.23,-89.36
44.49,-1.89,-61.40
31.74,-3.72,-48.28
27.59,0.12,-31.07
26.31,0.18,-11.66
20.32,-0.55,-3.54
14.59,0.43,3.66
9.64,4.64,8.85
3.23,10.56,11.35
-5.80,16.48,12.82
-14.34,21.12,14.34
-22.64,23.50,17.76
-26.43,24.54,27.16
-30.58,27.65,52.92
-39.31,30.21,85.08
-49.26,33.87,106.99
-56.88,30.15,113.28
-52.37,23.13,103.70
-49.32,21.42,90.03
-47.85,25.51,77.21
-52.67,30.15,66.04
-57.74,28.63,54.63
-59.75,18.19,41.32
-62.44,1.89,25.63
-65.12,-15.32,11.90
-62.93,-34.73,1.34
-55.73,-48.58,-5.31
-47.00,-47.97,-13.98
-30.09,-37.60,-23.86
-22.83,-19.23,-49.13
-9.77,-13.31,-55.05
-0.61,-16.05,-41.63
5.98,-22.28,-29.72
17.40,-27.53,-18.13
14.34,-17.21,-13.43
15.20,-12.70,-7.75
16.78,-17.33,-1.71
34.97,-43.95,11.54
49.38,-69.21,29.97
43.64,-68.73,32.65
43.70,-66.77,35.34
46.08,-69.27,45.78
53.47,-79.65,54.32
45.84,-77.94,51.45
37.54,-72.63,48.22
24.17,-63.78,43.27
18.49,-62.87,44.43
21.48,-69.82,44.98
10.50,-49.56,40.04
4.70,-14.53,28.14
19.10,-7.63,22.95
24.66,-9.58,17.88
22.09,-3.17,10.38
26.43,-1.04,3.60
33.14,-3.05,0.24
41.87,-5.00,-1.34
50.11,-5.62,-2.01
56.58,-5.68,-2.08
56.70,-6.59,-2.50
67.93,-8.91,-4.70
78.86,-12.02,-18.49
90.27,-9.40,-49.26
100.28,-1.53,-73.30
99.91,11.96,-81.79
103.70,10.80,-74.40
106.14,6.23,-52.25
96.44,5.31,-36.38
85.27,3.23,-40.65
76.35,-1.04,-32.41
61.89,-1.83,-26.49
46.02,0.00,-15.08
37.35,-0.67,2.99
21.00,1.83,12.33
8.54,1.95,8.24
-1.95,4.15,0.67
-12.88,10.56,-6.29
-24.11,16.42,-11.66
-33.63,19.96,-13.61
-44.43,22.71,-13.37
-57.19,24.78,-12.51
-69.52,25.82,-10.25
-80.20,27.40,-3.11
-93.81,35.16,21.61
-110.72,47.30,58.11
-122.19,56.64,86.00
-132.39,66.53,93.57
-131.35,70.31,84.05
-121.77,72.20,67.69
-101.99,73.97,54.08
-86.55,72.88,46.45
-68.79,64.70,38.27
-55.97,50.84,27.77
-52.06,34.06,17.76
-47.97,16.97,8.48
-44.56,3.42,2.20
-41.93,-4.58,1.22
-39.31,-11.23,-1.34
-33.57,-20.08,-14.04
-30.64,-31.37,-33.94
-28.44,-43.52,-51.45
-25.33,-47.61,-49.62
-21.12,-35.10,-43.40
6.96,-22.58,-50.84
27.89,-19.17,-46.26
38.57,-19.04,-36.32
48.46,-18.43,-26.00
58.11,-18.01,-15.93
68.48,-17.70,-7.81
73.43,-16.97,-5.37
70.98,-17.03,-12.27
73.97,-16.42,-20.45















Type after 2s
-,-,-
1.65,-0.43,1.59
1.65,-0.43,2.14
1.65,-0.12,1.77
1.59,0.49,1.04
1.10,0.92,0.49
0.73,0.79,0.49
0.37,0.43,0.61
0.18,0.12,0.49
-0.06,0.24,0.61
-0.79,0.43,0.98
-1.10,0.61,1.83
-1.22,0.67,2.50
-0.98,0.79,2.93
-0.61,1.04,2.62
-0.37,1.28,1.34
-0.12,1.28,0.85
-0.67,1.04,0.73
-1.40,0.61,0.49
-1.65,-0.24,0.31
-1.04,-0.98,-0.31
-0.49,-1.53,-0.85
0.79,-1.89,-1.16
1.59,-1.95,-1.04
1.83,-1.40,-1.04
1.34,-0.98,-1.10
1.59,-0.67,-0.92
1.28,-0.24,-0.31
0.79,0.24,0.55
-1.16,1.04,1.65
-3.54,2.32,3.42
-5.49,3.17,6.23
-6.29,3.23,9.40
-9.46,1.77,10.01
-11.84,-1.10,5.80
-19.35,-5.37,-0.73
-25.02,-14.16,-11.29
-24.66,-28.20,-30.03
-16.48,-45.59,-58.53
-6.71,-64.21,-89.66
5.68,-76.84,-93.87
22.71,-63.96,-82.52
43.70,-34.61,-74.40
62.07,-13.55,-75.44
64.70,-8.30,-81.18
59.27,-4.39,-84.90
57.68,-2.50,-68.36
59.33,-1.65,-47.91
48.34,5.55,-57.62
46.39,10.01,-67.32
52.12,9.40,-68.12
53.65,7.69,-57.13
50.96,2.81,-29.91
45.65,6.90,-28.87
39.73,5.25,-22.22
42.18,2.69,-13.18
41.81,0.85,-6.77
39.73,0.92,-6.23
36.62,4.39,7.57
35.52,3.72,16.11
30.46,2.50,13.31
26.37,6.16,9.46
22.64,8.97,11.47
16.36,9.77,12.39
9.70,12.39,13.06
1.53,16.36,14.40
-8.18,19.65,15.38
-17.70,22.64,17.88
-27.65,26.37,25.15
-35.16,30.64,42.30
-41.63,33.94,72.69
-45.35,35.28,97.35
-47.91,33.69,111.39
-48.77,31.19,113.16
-47.61,26.67,108.64
-44.31,22.95,99.49
-39.79,23.32,89.11
-38.88,25.33,83.92
-36.25,21.42,75.50
-35.71,6.23,57.19
-36.87,-14.71,29.72
-36.80,-34.67,-3.36
-29.48,-51.51,-37.48
-15.69,-67.57,-70.31
-8.06,-82.95,-89.90
-4.94,-83.80,-84.41
-3.66,-66.83,-80.87
-5.19,-41.81,-85.33
-4.15,-22.28,-85.14
-3.85,-19.41,-74.04
-14.53,-17.58,-61.89
-21.18,-14.34,-48.34
-16.05,-23.01,-30.82
-2.87,-37.41,-13.49
-3.17,-35.89,-1.04
17.52,-50.05,15.44
37.96,-70.92,34.61
37.41,-64.27,38.39
50.29,-67.02,45.23
59.14,-81.30,52.12
53.22,-78.86,48.03
56.09,-87.95,46.88
44.49,-89.66,42.05
24.72,-59.81,28.69
30.52,-48.28,23.56
31.01,-43.95,16.30
23.80,-25.70,9.40
22.64,-19.41,4.94
18.43,-12.45,-0.79
16.97,-2.01,-4.15
20.51,1.65,-5.98
24.90,-0.73,-5.62
33.63,-2.69,-4.39
42.79,-1.46,-2.08
50.17,1.77,-1.71
58.17,4.94,-4.46
67.81,5.74,-7.02
71.78,7.39,-14.10
74.16,9.52,-33.33
73.73,13.37,-58.04
70.68,24.84,-65.00
69.52,23.86,-54.44
63.42,26.55,-54.08
55.11,25.70,-54.57
53.47,28.26,-54.38
49.32,31.92,-46.57
46.81,32.17,-43.15
40.47,18.01,-12.51
36.38,13.18,-15.32
26.61,16.85,-19.59
24.41,12.45,-15.14
20.69,4.94,-2.56
14.89,0.61,7.51
9.64,-0.79,8.91
0.79,3.48,3.85
-8.06,10.93,-0.98
-17.94,17.82,-4.27
-28.56,22.58,-5.74
-39.49,26.25,-5.19
-50.48,29.30,-1.34
-60.36,34.79,10.93
-68.24,45.53,38.88
-75.68,53.96,67.08
-81.67,52.80,86.91
-85.88,46.45,96.01
-84.72,44.80,97.78
-85.69,52.67,102.72
-88.99,63.17,108.76
-94.12,66.83,109.62
-95.58,60.67,102.48
-91.13,46.69,88.99
-85.88,28.75,69.15
-74.40,8.79,42.66
-60.18,-10.74,13.73
-42.30,-30.27,-13.24
-25.39,-47.06,-36.80
-15.81,-58.84,-54.87
-3.97,-67.75,-69.58
6.29,-75.81,-81.48
19.35,-82.28,-83.44
38.02,-76.35,-55.73
55.18,-50.48,-36.62
87.95,-27.40,-27.89
100.10,-23.19,-19.59
100.71,-25.15,-16.17
87.52,-24.23,-16.66
75.20,-19.65,-4.27
72.14,-16.24,-6.96
67.26,-7.69,-21.67
70.07,-6.65,-42.54
67.32,-6.47,-34.06
65.61,4.46,-48.52
59.75,16.05,-65.00
55.48,22.83,-78.67
50.96,27.22,-84.53
41.26,40.89,-85.75
