-,-,-
-2.50,-10.93,-0.43
-1.83,-10.07,-0.55
-1.95,-9.89,-0.73
-1.71,-8.97,-0.85
-1.40,-8.00,-1.10
-2.32,-7.93,-1.28
-3.30,-8.36,-1.46
-3.60,-8.18,-1.53
-3.85,-7.75,-1.77
-4.03,-7.51,-1.83
-3.60,-6.29,-1.40
-3.05,-5.43,-1.10
-2.32,-4.21,-1.10
-2.69,-3.78,-1.46
-2.50,-3.42,-2.01
-2.62,-3.17,-1.65
-2.20,-2.26,-1.77
-3.11,-2.69,-2.20
-2.14,-1.65,-2.50
-1.16,-1.28,-2.20
-0.55,-0.98,-2.26
-0.31,-0.92,-2.32
0.06,-0.18,-1.83
-0.61,-0.37,-1.28
-0.98,-0.43,-1.53
-0.92,-0.55,-1.46
-1.04,-0.55,-1.10
-1.95,-0.85,-1.53
-2.26,-0.67,-1.83
-1.34,0.61,-0.85
-0.24,2.32,0.00
1.40,4.27,2.38
3.91,8.61,12.45
5.68,13.67,20.94
8.79,15.69,22.89
9.34,17.94,23.01
10.99,16.97,24.11
11.29,20.20,28.81
15.26,24.72,40.10
18.86,30.70,54.75
23.93,36.44,62.32
31.07,36.38,67.20
36.07,38.45,74.52
38.21,42.05,80.26
40.77,40.10,88.81
41.93,38.39,101.44
41.99,38.39,116.58
43.33,46.26,132.32
45.35,49.38,133.24
44.19,48.10,129.15
41.02,45.47,127.26
35.34,39.25,131.65
26.61,38.09,124.08
22.46,41.93,117.80
19.10,41.32,129.27
9.22,45.53,142.76
5.55,45.84,148.32
0.55,36.44,139.40
-2.44,31.62,115.42
-2.14,24.41,99.37
-8.06,22.46,93.32
-13.06,19.23,94.36
-15.32,15.93,97.60
-19.90,13.24,100.40
-24.72,12.15,71.96
-12.94,12.57,117.00
-24.17,20.51,145.81
-25.33,7.69,143.19
-27.53,2.08,120.06
-24.11,2.56,100.10
-20.75,1.16,98.88
-25.82,-0.85,110.41
-28.56,-2.62,122.68
-29.05,-4.27,128.48
-23.32,-4.64,123.72
-20.14,-6.47,115.66
-20.69,-11.47,103.82
-20.08,-12.76,97.17
-22.83,-8.73,104.37
-22.46,-4.46,112.00
-20.75,-8.79,113.16
-18.49,-10.44,98.75
-13.06,-11.90,81.54
-12.70,-10.31,67.93
-16.42,-0.06,51.57
-16.54,9.34,38.64
-15.56,21.06,23.32
-12.76,36.56,1.40
-7.81,55.36,-24.35
-3.85,73.91,-70.74
6.90,92.47,-125.55
21.85,106.08,-169.19
34.48,111.57,-199.71
45.10,109.62,-223.21
49.19,99.30,-240.91
37.66,86.73,-260.56
31.74,67.08,-278.63
31.19,43.46,-292.42
22.46,18.37,-302.25
15.50,-8.79,-306.95
8.00,-33.51,-299.38
-3.17,-50.84,-274.72
-29.79,-63.84,-232.12
-43.40,-67.93,-183.29
-44.31,-60.30,-136.29
-40.71,-62.62,-91.25
-31.43,-72.33,-54.32
-21.67,-81.79,-25.94
-13.79,-92.65,-5.86
-10.19,-100.34,11.72
-11.60,-106.08,29.30
-21.73,-80.99,22.83
-22.40,-42.36,10.68
19.96,-39.79,7.69
33.51,-47.61,3.66
54.50,-49.50,-0.49
85.57,-50.72,7.02
110.78,-55.60,19.41
130.92,-60.55,22.40
145.94,-66.35,24.90
142.94,-69.52,32.53
129.76,-58.90,30.15
113.77,-44.92,28.50
90.27,-24.41,28.75
68.18,-3.11,28.99
52.00,11.90,27.89
38.21,23.44,26.92
27.40,27.47,26.55
21.42,16.11,28.50
14.71,1.28,29.54
6.96,-5.19,27.89
0.92,-1.53,22.95
-4.94,11.66,-4.82
-5.92,24.17,-48.95
-13.12,36.19,-84.17
-19.35,48.03,-114.14
-22.22,55.54,-142.46
-26.18,55.85,-167.72
-32.23,48.28,-186.95
-40.16,35.46,-194.70
-52.06,24.23,-188.78
-58.04,15.38,-173.52
-65.25,8.00,-153.69
-73.97,-3.23,-135.74
-81.54,-18.98,-122.01
-91.55,-35.83,-113.28
-104.31,-54.75,-111.51
-112.49,-70.98,-113.04
-122.56,-80.20,-109.86
-134.34,-81.79,-101.68
-141.72,-74.16,-89.36
-153.38,-64.15,-74.52
-149.72,-49.93,-48.71
-129.88,-40.77,-18.86
-99.43,-33.57,12.08
-79.28,-26.61,15.69
-21.18,-26.37,-5.74
23.32,-16.66,11.72
24.48,-0.31,32.90
27.59,11.90,40.10
54.87,17.03,43.82
81.30,18.86,52.98
87.71,26.37,67.02
93.38,36.44,88.56
99.43,53.96,110.11
95.21,65.55,130.19
91.67,70.19,152.77
85.63,76.78,174.80
82.09,83.68,193.42
80.38,80.26,212.22
72.20,75.62,227.91
70.19,72.39,243.10
67.44,73.43,257.08
61.77,76.90,261.66
53.53,79.65,255.49
43.82,69.58,243.16
34.61,56.21,232.24
23.19,48.52,232.18
14.34,40.53,238.77
4.09,32.59,211.85















-,-,-
-2.56,-1.10,1.10
0.06,-1.34,0.49
2.01,-1.16,0.12
0.12,-0.61,0.00
-0.37,-0.18,0.43
-0.18,0.12,0.12
1.71,0.85,0.12
2.50,0.85,0.31
3.11,0.92,0.43
1.53,0.31,0.55
0.12,-0.98,0.73
1.22,-1.59,0.61
-1.71,-1.89,0.06
-4.03,-2.08,-0.06
-6.29,-1.83,-0.18
-6.90,-1.34,-0.61
-4.27,-0.49,-0.85
-5.62,0.00,-1.04
-7.32,0.06,-1.22
-8.79,-0.24,-1.22
-9.34,-0.67,-0.61
-9.77,-1.40,-0.24
-10.01,-2.20,0.12
-9.64,-2.87,0.00
-9.34,-2.75,-0.24
-8.91,-2.44,-0.37
-7.51,-2.08,-0.24
-5.98,-1.40,-0.37
-5.92,-0.79,-0.37
-5.74,-0.24,-0.31
-3.97,0.00,-0.37
-3.48,0.00,-0.37
-2.08,-0.06,-0.18
-1.71,-0.24,-0.24
-1.40,-0.98,0.06
-1.40,-1.10,0.12
-3.60,-1.34,-0.18
-5.00,-0.85,0.43
-2.99,-0.12,4.46
2.44,2.32,13.43
4.70,6.59,16.97
8.61,8.61,18.19
10.99,9.95,18.13
14.71,8.12,21.24
19.59,11.72,30.64
24.48,15.56,40.47
26.06,22.58,46.81
28.81,27.71,50.05
31.49,30.52,57.74
27.47,36.19,61.28
29.05,38.51,62.56
26.61,36.68,58.59
25.27,34.48,56.58
21.73,29.36,59.51
16.24,27.65,62.99
16.85,36.44,71.72
20.45,48.22,84.11
28.38,52.19,93.26
32.78,39.06,97.17
24.84,32.90,90.39
25.39,28.26,80.87
20.69,26.55,82.58
16.05,39.79,89.60
11.11,56.34,97.60
8.54,56.76,103.94
0.92,50.17,109.25
-6.77,43.21,110.47
-12.82,40.04,111.02
-20.63,37.23,109.50
-27.95,39.00,112.24
-37.17,49.80,118.10
-43.21,52.37,127.99
-50.84,58.11,137.63
-58.72,53.96,136.29
-51.82,50.05,129.76
-37.90,59.75,173.10
-40.59,65.25,204.71
-38.45,64.21,212.34
-27.95,50.60,210.75
-14.95,36.80,204.83
-8.30,28.44,191.89
-3.42,21.30,174.01
0.18,10.25,154.85
0.31,6.71,130.07
1.71,4.70,105.47
0.92,3.36,89.48
-2.08,3.54,71.23
-4.39,11.11,59.08
-8.00,14.22,50.35
-5.37,15.26,62.99
-8.67,19.04,69.95
-6.29,16.48,68.79
-6.23,16.11,63.23
-8.54,20.69,47.30
-11.41,27.65,27.77
-12.57,37.11,10.01
-11.66,46.75,-12.08
-11.05,54.99,-50.60
-9.03,63.29,-96.86
-5.92,70.56,-141.48
0.67,70.92,-183.11
9.58,64.15,-218.75
21.30,51.64,-250.37
30.88,36.38,-278.44
41.81,17.46,-300.35
54.87,-6.96,-312.87
74.65,-37.41,-309.57
62.74,-69.82,-292.42
26.49,-95.70,-269.29
-0.49,-112.24,-239.93
-18.19,-112.37,-204.53
-28.75,-96.44,-166.50
-35.10,-72.51,-130.43
-39.00,-50.11,-98.63
-36.25,-41.20,-70.37
-33.51,-51.76,-45.04
-44.31,-73.43,-22.34
-48.95,-93.75,5.62
-43.46,-103.39,38.94
-40.83,-105.90,67.75
-44.37,-96.37,68.60
-42.24,-61.28,18.98
10.07,-47.85,11.54
34.30,-30.52,13.37
47.61,-28.44,16.24
77.58,-51.27,16.05
97.47,-63.66,16.24
116.33,-58.35,20.75
141.48,-61.65,33.14
149.78,-64.82,47.97
147.89,-73.97,45.23
138.43,-72.75,32.65
124.69,-58.17,33.02
105.65,-41.08,32.17
84.29,-21.30,31.37
61.04,-1.22,30.09
40.83,15.26,24.41
23.19,31.07,16.78
16.60,26.43,20.51
8.97,11.84,27.89
-2.26,1.83,31.25
-13.43,1.59,31.80
-24.05,15.26,27.34
-31.01,34.91,8.73
-32.47,47.73,-27.28
-27.83,49.68,-67.14
-23.19,40.41,-99.24
-21.67,28.93,-123.29
-23.38,17.21,-140.87
-25.94,10.44,-152.53
-29.24,8.36,-153.87
-41.63,7.69,-143.31
-47.73,9.77,-126.59
-53.89,8.67,-108.40
-59.45,3.05,-95.83
-62.32,-7.20,-90.94
-60.79,-23.38,-91.00
-52.86,-40.95,-91.13
-47.18,-55.18,-87.59
-50.96,-63.96,-81.36
-58.41,-67.93,-74.34
-68.91,-66.96,-61.40
-76.72,-61.46,-40.10
-77.33,-53.41,-18.55
-79.04,-46.75,-2.62
-81.24,-46.26,4.76
-79.90,-54.50,4.09
-74.40,-69.15,1.04
-71.96,-83.07,-0.18
-67.75,-91.00,2.93
-59.81,-91.00,7.57
-29.05,-77.39,-14.95
7.14,-66.22,-8.73
7.87,-44.07,11.29
9.64,-26.49,27.28
22.58,-20.69,36.13
32.23,-9.83,45.84
29.79,1.95,54.14
27.95,11.41,70.31
18.31,29.24,90.94















-,-,-
10.44,1.16,2.08
9.22,0.49,2.08
7.39,-0.24,2.32
6.23,0.18,2.38
5.62,0.37,2.38
5.43,0.37,2.20
5.43,0.79,2.14
5.55,1.16,2.08
6.16,1.04,2.01
6.84,1.16,1.59
7.45,1.28,1.53
8.00,1.28,1.71
7.75,1.46,1.89
7.51,1.59,2.20
7.20,2.14,2.44
7.08,2.38,1.89
5.98,2.44,1.40
5.31,2.20,1.16
4.64,2.08,0.98
3.11,1.65,0.85
2.44,1.28,0.73
3.17,1.59,0.37
3.05,1.65,0.24
2.87,1.95,0.55
3.05,2.20,0.73
3.36,2.26,0.73
3.66,2.26,1.04
3.66,1.77,1.28
3.78,0.92,1.28
4.52,0.43,1.22
3.85,0.12,1.34
3.54,-0.31,1.40
3.60,-0.61,1.53
3.54,-0.67,0.98
4.15,-0.79,0.98
7.08,0.06,4.15
14.53,4.64,13.92
17.82,7.63,20.32
17.64,7.81,18.62
21.91,8.48,18.01
27.40,11.23,24.48
28.75,16.05,29.36
32.71,21.67,36.50
39.18,25.51,46.02
37.84,28.50,47.97
41.87,27.77,51.76
45.29,26.67,55.85
45.90,27.47,64.58
45.59,25.70,68.54
46.75,19.10,73.49
43.09,13.92,80.14
35.71,13.92,83.13
32.53,11.96,88.50
29.48,11.90,88.44
22.34,14.22,91.19
17.33,21.24,96.62
12.76,30.21,103.39
12.94,35.16,108.15
13.06,44.92,112.85
18.68,47.97,120.36
22.40,51.45,125.24
20.87,53.59,125.31
21.79,54.08,130.37
27.77,42.91,137.02
23.19,49.62,138.12
25.27,53.71,140.93
26.25,56.64,143.19
23.19,59.94,152.95
21.79,59.75,174.99
11.90,62.38,187.50
8.00,62.62,190.80
-9.64,56.27,170.59
12.15,47.49,183.47
7.81,53.41,196.59
5.74,45.35,205.20
-3.66,45.10,196.53
-1.59,38.64,180.11
-4.70,25.33,165.89
-9.40,15.69,158.94
-13.06,10.56,161.01
-16.24,4.21,163.33
-19.47,-0.85,155.82
-18.37,-4.82,141.97
-13.24,-6.47,127.38
-12.45,-4.76,111.63
-10.50,-4.46,100.65
-13.12,-3.05,88.26
-13.24,2.56,71.47
-10.31,5.49,54.14
-10.99,7.39,38.39
-13.67,13.61,23.01
-19.84,21.12,1.16
-17.82,25.51,-16.11
-17.40,33.57,-38.15
-15.32,44.13,-72.02
-15.01,52.92,-115.72
-11.96,59.08,-167.66
-13.24,58.11,-222.53
-10.19,50.66,-267.46
-8.54,41.38,-301.21
-4.39,26.67,-326.54
-3.36,4.15,-336.98
-5.80,-21.30,-333.62
-15.93,-44.98,-321.84
-25.63,-60.79,-305.60
-27.95,-69.82,-284.00
-27.77,-78.06,-258.18
-26.37,-86.43,-233.95
-31.07,-93.69,-209.23
-40.71,-98.02,-186.83
-50.78,-97.66,-162.29
-62.93,-91.80,-135.44
-61.52,-80.99,-102.54
-65.00,-68.85,-69.15
-67.20,-57.50,-38.76
-58.96,-54.14,-9.34
-39.25,-57.01,18.43
-22.16,-64.82,46.75
-10.62,-71.84,67.50
-6.71,-53.41,37.90
5.37,-30.33,9.64
36.50,-23.44,12.02
49.99,-29.66,25.70
52.61,-42.54,37.48
50.42,-34.97,38.94
66.35,-28.75,42.18
85.39,-32.53,43.33
106.69,-45.65,37.54
120.00,-53.77,42.24
127.99,-67.02,54.44
125.98,-69.76,59.39
120.73,-66.83,51.33
115.48,-66.53,44.31
100.89,-51.94,34.18
82.64,-35.64,13.79
60.49,-16.11,10.19
38.51,6.41,15.99
23.50,28.20,16.66
14.16,28.87,15.87
4.94,14.95,18.55
-2.26,7.14,21.55
-7.57,9.22,22.89
-12.45,20.51,17.82
-17.52,33.87,-8.67
-15.01,39.31,-46.26
-8.61,40.04,-73.49
2.32,36.87,-91.67
6.84,30.70,-107.79
4.94,24.35,-122.74
-4.03,19.65,-135.44
-15.32,18.80,-144.35
-24.54,21.42,-148.07
-34.55,21.91,-146.42
-44.43,21.73,-140.38
-56.95,19.41,-128.91
-81.12,10.99,-114.01
-89.54,-1.89,-100.83
-94.79,-17.82,-85.57
-105.47,-32.35,-75.07
-120.00,-40.41,-68.85
-130.31,-40.47,-62.99
-128.48,-37.60,-52.00
-116.46,-35.16,-32.71
-104.49,-34.55,-6.10
-92.83,-32.96,23.86
-76.48,-29.91,51.51
-55.18,-29.11,69.03
-44.31,-24.96,41.38
20.39,-26.67,-3.05
51.88,-17.88,9.64
43.21,-5.00,29.42
57.07,-0.61,44.07
78.37,1.04,49.87
95.83,6.59,57.01
107.73,21.67,68.05
109.74,30.46,83.74
106.02,41.50,103.03
92.29,66.47,118.65
88.87,75.20,130.92
72.88,79.10,146.36















-,-,-
-0.92,-0.73,4.09
-1.16,-1.65,3.60
-0.85,-2.44,2.75
-1.53,-2.62,2.69
-0.18,-1.71,4.52
2.08,0.73,8.85
4.46,3.60,11.72
5.19,3.85,8.54
7.45,3.42,6.41
7.63,3.72,5.49
7.69,4.82,6.41
8.79,4.76,8.67
8.42,3.17,9.28
7.69,2.44,8.30
5.98,0.67,4.70
5.19,-0.06,3.60
2.81,0.55,2.93
4.82,4.94,2.56
9.16,8.30,5.80
6.90,7.87,8.00
2.87,5.19,7.93
-1.46,1.28,7.57
-7.08,-0.92,6.65
-4.09,-0.18,6.04
0.79,1.53,7.26
0.98,1.71,7.81
-2.99,-0.31,6.35
-8.42,-2.50,4.03
-12.08,-3.23,1.83
-8.91,-0.79,0.06
-3.42,0.37,2.01
4.58,3.72,8.79
10.01,8.67,23.01
13.31,7.14,31.80
22.58,14.95,43.15
27.10,21.85,44.74
34.48,27.22,49.19
38.09,28.02,55.30
43.21,30.09,59.33
50.29,35.52,60.85
53.22,30.46,71.53
50.42,31.19,80.57
47.24,32.35,89.84
50.05,26.25,101.32
46.08,27.47,110.05
41.20,30.58,115.91
37.05,31.92,121.58
34.61,38.70,128.78
34.00,47.36,138.12
33.08,50.42,148.19
34.24,54.38,155.94
32.71,47.73,164.25
26.61,47.30,170.17
24.90,46.75,176.39
18.74,41.38,174.93
15.14,36.74,173.03
8.73,33.51,168.76
5.92,31.98,169.25
-4.39,33.87,164.86
-10.25,31.98,147.52
-1.46,28.93,171.51
-8.85,22.89,183.35
-16.72,16.97,184.02
-15.14,11.96,181.09
-11.84,8.42,175.54
-9.22,0.06,172.24
-17.64,-4.09,164.61
-18.92,-7.26,156.19
-20.08,-13.31,148.01
-15.38,-15.14,139.65
-8.91,-17.46,128.54
-8.79,-18.43,114.81
-10.74,-15.81,97.84
-8.85,-14.65,81.85
-12.08,-9.46,64.70
-11.78,-3.66,49.99
-13.67,3.36,31.19
-10.13,13.73,13.43
-8.54,25.70,-2.26
-6.10,34.97,-22.34
-9.52,39.49,-63.72
-9.28,56.34,-120.00
-5.92,75.32,-174.13
-1.34,84.84,-221.37
-0.73,85.82,-261.84
-4.09,75.99,-294.25
-8.24,57.25,-315.37
-17.58,31.92,-327.15
-36.50,5.49,-335.39
-52.86,-21.73,-339.78
-58.72,-51.27,-335.88
-63.90,-79.41,-321.35
-70.31,-98.88,-284.18
-67.99,-106.93,-230.71
-72.63,-102.84,-167.72
-68.66,-91.55,-106.51
-56.46,-82.64,-54.44
-42.18,-83.50,-14.53
-28.32,-91.25,12.45
-18.07,-91.67,25.57
-12.45,-56.58,9.03
5.49,-33.39,7.39
31.80,-27.83,8.61
41.08,-31.74,12.21
55.73,-41.50,15.99
70.80,-39.06,18.55
96.50,-37.84,29.30
121.28,-43.76,38.15
141.48,-52.19,48.71
148.62,-60.85,55.60
145.57,-65.43,54.69
134.28,-64.64,45.90
120.67,-59.02,40.83
96.62,-41.14,36.62
74.34,-20.81,30.27
51.51,-4.39,21.36
30.21,9.58,12.27
12.94,20.39,12.15
5.55,15.69,14.71
-0.24,4.39,14.34
-6.84,-0.12,2.99
-15.81,0.55,-28.44
-25.27,0.61,-65.25
-36.44,6.77,-98.45
-46.02,15.63,-124.33
-45.65,24.05,-144.53
-48.10,20.87,-158.75
-39.55,9.83,-168.64
-45.35,-5.80,-174.93
-58.04,-21.36,-176.45
-74.10,-32.78,-177.00
-67.08,-36.25,-170.47
-56.64,-36.44,-153.38
-59.20,-39.43,-130.92
-64.21,-43.33,-109.56
-76.05,-44.62,-92.10
-88.32,-42.79,-82.21
-94.67,-40.53,-77.82
-95.15,-38.39,-73.06
-92.90,-35.58,-61.77
-91.06,-31.86,-47.79
-91.25,-28.26,-33.75
-89.11,-22.95,-22.83
-81.73,-19.84,-13.92
-71.23,-24.96,-4.15
-61.22,-28.75,6.10
-51.64,-31.86,17.46
-44.92,-31.68,27.10
-37.35,-26.98,34.18
-31.43,-17.70,21.73
4.33,-14.77,-5.55
38.33,-13.00,2.38
55.91,-3.42,30.76
77.82,10.86,54.02
90.88,26.61,68.85
104.25,35.95,77.76
106.20,42.60,85.75
104.43,47.55,93.38
100.59,53.59,108.83
94.54,59.45,127.69
89.29,76.48,144.71
91.00,98.27,156.98
102.91,105.53,171.57
98.14,96.80,190.06
81.60,89.23,195.74
78.06,74.34,201.11
72.69,54.44,206.91
65.92,42.60,210.63
61.71,41.75,221.07
59.08,57.19,230.29
60.73,64.39,230.29
60.24,60.24,233.09
45.53,55.36,226.20
39.25,45.59,202.58
50.23,22.77,229.92
33.69,18.01,246.46
25.82,9.03,248.41
17.46,-1.34,237.61
24.96,-13.49,221.98
32.84,-16.17,207.09















-,-,-
16.54,7.08,14.04
17.70,6.53,16.30
17.15,8.30,14.59
21.73,9.03,14.65
23.38,9.28,15.69
26.06,7.32,17.52
27.59,6.04,20.26
28.69,7.69,22.64
32.10,8.67,24.78
31.01,6.16,22.22
29.30,3.72,18.31
28.20,6.71,21.06
20.87,3.85,12.51
14.71,2.32,9.09
8.73,1.83,8.54
4.52,1.10,6.10
4.52,0.37,3.78
1.65,0.00,1.46
-0.37,0.24,0.31
-0.61,0.31,0.85
-0.31,0.73,1.83
0.18,1.40,2.75
1.04,1.83,3.42
2.38,2.08,3.36
2.81,2.01,3.30
2.38,1.89,2.81
1.22,1.53,2.08
0.31,1.53,1.71
-0.31,1.71,1.46
-0.55,1.59,1.22
-0.61,1.77,0.98
-0.24,1.65,0.43
-0.92,0.79,-0.24
-1.77,-0.31,-1.28
-2.38,-0.85,-2.14
-3.36,-1.65,-2.50
-4.33,-1.16,-0.24
-2.56,2.56,8.85
2.08,8.30,25.45
2.56,8.18,34.67
3.23,6.16,33.08
6.04,7.26,33.39
6.10,9.09,32.96
8.00,9.83,34.12
13.37,10.56,48.83
8.61,15.81,58.17
10.62,17.58,68.12
11.72,20.39,75.62
13.98,28.20,82.76
24.78,37.72,91.13
28.63,42.60,101.56
26.18,45.10,113.34
29.42,35.52,130.13
25.51,36.62,143.07
24.48,48.34,157.10
28.26,52.80,160.22
29.48,45.17,158.51
19.84,50.48,152.34
13.12,60.85,144.47
10.80,51.03,142.58
-1.59,54.26,141.66
-6.41,64.21,146.18
-10.25,68.54,152.40
-21.61,67.32,143.86
-15.99,64.39,123.11
-9.77,60.67,159.42
-17.88,54.99,183.41
-20.69,56.21,190.12
-13.43,53.47,189.03
-9.52,44.13,185.73
-6.96,32.71,185.73
-6.41,18.19,187.68
-13.43,-5.49,177.19
-20.45,-8.18,161.74
-25.02,-1.77,152.28
-26.25,3.23,146.79
-22.52,3.36,145.14
-27.16,6.23,126.89
-22.71,-2.08,103.21
-15.44,-11.54,90.94
-15.93,-17.21,86.98
-21.55,-13.00,79.35
-21.36,-4.15,65.49
-14.83,-4.70,53.71
-10.19,-4.46,35.89
-6.16,4.09,11.90
-4.52,14.47,-3.60
2.50,20.75,-10.86
9.95,23.62,-35.46
17.03,22.89,-82.03
23.44,23.56,-136.84
30.82,29.42,-188.96
31.19,41.20,-234.25
21.48,46.75,-273.93
10.25,43.46,-306.46
2.81,34.85,-329.71
-0.98,22.58,-341.98
-0.73,4.94,-347.66
-4.15,-18.68,-346.31
-10.25,-47.06,-327.03
-6.96,-75.20,-299.56
-15.20,-95.21,-264.65
-23.19,-104.92,-221.07
-32.71,-104.86,-172.42
-42.72,-97.11,-128.54
-47.00,-85.08,-95.95
-44.92,-76.48,-71.78
-39.86,-75.62,-51.03
-33.75,-78.92,-30.82
-29.79,-83.37,-8.00
-29.05,-87.04,15.26
-27.71,-86.36,33.63
-25.82,-65.92,22.89
-13.24,-37.05,13.79
16.36,-27.34,16.36
32.23,-24.29,14.53
45.65,-22.40,12.88
64.27,-32.29,15.44
80.14,-43.46,21.18
96.31,-49.19,24.78
114.07,-51.51,30.82
127.50,-60.85,37.05
133.97,-71.47,39.49
137.33,-80.32,36.50
131.16,-87.95,24.05
122.74,-85.57,25.39
100.83,-64.39,35.40
78.86,-38.76,29.54
62.19,-18.80,19.04
39.86,-1.59,6.96
21.18,23.44,3.66
9.16,37.11,6.84
4.03,25.88,7.69
-2.44,12.88,7.57
-7.26,3.48,4.39
-13.92,-2.26,-8.91
-20.63,-5.62,-38.15
-25.57,-9.83,-67.81
-30.76,-9.70,-94.30
-37.78,-11.96,-115.36
-44.74,-19.04,-132.93
-50.66,-25.63,-150.45
-55.18,-29.17,-165.59
-60.55,-27.40,-173.65
-69.95,-22.34,-177.06
-70.07,-19.10,-173.28
-69.15,-21.55,-162.23
-65.73,-27.71,-145.57
-66.41,-34.73,-124.82
-66.77,-39.67,-103.45
-66.35,-40.04,-87.65
-63.66,-35.46,-80.20
-55.05,-27.89,-78.06
-48.03,-18.62,-76.66
-45.04,-10.13,-71.84
-41.38,-6.35,-59.02
-39.18,-7.69,-39.31
-44.68,-10.56,-19.17
-53.41,-11.23,-6.53
-60.67,-9.64,-4.09
-63.29,-7.57,-7.63
-64.76,-7.57,-12.70
-70.07,-11.29,-14.65
-78.98,-18.62,-12.15
-80.26,-25.33,-4.46
-77.64,-27.59,6.65
-74.10,-26.18,17.15
-63.78,-22.71,26.12
-51.03,-17.46,32.59
-37.29,-12.08,37.05
-23.62,-7.51,21.18
18.62,-8.91,-1.34
32.78,-2.69,8.12
35.89,14.53,23.68
63.42,28.87,37.17
90.52,37.78,47.18
118.77,27.95,63.29
114.87,40.34,78.67
116.39,61.46,96.74
118.53,73.36,117.98















-,-,-
1.04,-0.12,1.77
0.61,-0.67,1.77
0.24,-0.79,1.95
0.18,-1.04,1.46
0.31,-0.79,1.04
-0.24,-0.67,0.98
-0.61,-0.61,1.16
-0.24,-0.24,1.22
-0.31,0.00,1.16
0.37,0.49,1.10
1.16,0.92,0.73
1.10,0.67,0.55
0.98,0.85,0.49
0.37,0.67,0.37
-0.37,0.61,1.22
0.67,2.87,3.30
1.40,7.93,12.51
0.73,6.59,14.04
3.97,2.08,0.49
1.83,0.98,-1.40
0.98,1.10,-0.67
2.56,0.67,-0.24
1.59,0.61,0.12
0.49,0.31,0.31
-0.55,0.12,1.16
0.06,0.85,2.08
0.06,2.50,5.68
0.43,4.09,11.60
0.92,3.11,9.64
2.26,1.65,3.36
1.40,1.77,3.42
1.16,1.16,2.93
3.05,1.53,3.97
2.20,3.05,10.74
1.89,7.87,16.48
3.30,8.12,16.66
1.95,6.65,15.08
1.89,8.73,18.19
2.01,10.56,27.22
3.78,14.65,31.49
8.73,16.42,38.27
11.17,18.13,39.61
16.54,20.51,41.69
18.43,18.25,51.33
19.29,18.62,61.10
19.23,24.90,67.93
21.73,36.32,77.76
23.07,50.90,91.06
23.68,54.93,98.63
23.62,45.72,96.31
21.79,34.24,85.33
19.59,35.28,77.27
16.54,41.81,78.86
11.72,48.89,84.66
11.29,44.56,92.16
9.77,42.54,95.95
8.12,42.91,94.60
2.50,41.02,87.22
-5.62,34.79,77.45
-13.12,34.30,75.20
-23.19,33.45,84.72
-31.19,31.74,90.33
-31.13,33.14,93.51
-30.03,33.63,92.47
-36.38,26.79,57.13
-18.31,22.64,49.19
-16.97,27.89,84.23
-24.54,24.90,103.45
-24.78,23.50,104.13
-23.01,18.19,107.30
-26.92,23.62,118.53
-24.17,27.53,133.30
-20.45,27.77,140.38
-15.69,19.96,130.00
-11.41,13.37,109.86
-12.02,7.75,96.25
-14.65,6.47,94.60
-11.90,12.27,105.90
-13.85,15.56,112.55
-11.35,14.95,109.50
-10.99,18.37,94.60
-13.18,23.19,70.13
-8.06,21.30,52.19
-6.65,21.73,32.23
-0.06,29.79,7.69
11.66,36.32,-12.33
19.84,33.33,-51.45
30.21,31.19,-121.89
35.10,31.62,-193.97
36.13,23.93,-249.02
33.69,11.54,-286.38
23.56,-2.50,-307.86
15.38,-19.53,-317.50
9.52,-40.47,-319.46
6.41,-64.45,-317.38
3.42,-81.36,-306.52
-9.09,-92.22,-283.75
-34.00,-96.25,-256.23
-56.34,-90.03,-226.32
-63.78,-85.27,-192.20
-65.67,-86.98,-155.64
-58.96,-90.45,-112.43
-46.57,-92.16,-61.52
-41.02,-86.67,-9.89
-38.02,-76.05,33.51
-34.24,-67.69,63.78
-21.97,-67.63,80.63
-9.34,-58.53,43.70
26.00,-54.14,8.48
62.81,-49.38,8.67
77.58,-60.67,29.30
90.09,-86.12,52.06
104.37,-92.71,66.35
123.72,-88.99,72.20
139.95,-86.43,57.19
155.58,-88.93,47.73
156.98,-85.82,50.48
149.23,-80.08,65.67
130.43,-55.42,70.31
105.41,-25.45,54.50
76.54,-0.31,36.25
47.91,24.54,30.46
29.48,49.44,29.48
22.09,61.40,32.47
18.80,45.78,38.09
10.56,28.81,42.36
2.01,23.38,42.66
-6.96,29.97,23.25
-7.75,39.86,-15.63
-3.78,51.94,-49.93
-0.37,64.33,-73.79
6.16,67.08,-90.39
7.81,61.83,-101.26
3.66,55.60,-108.28
-0.98,52.55,-111.02
-9.83,51.09,-108.52
-21.12,48.71,-99.55
-29.97,43.58,-85.08
-35.71,37.48,-70.86
-44.01,26.12,-57.56
-51.33,14.10,-50.11
-52.92,3.72,-48.16
-53.89,-7.57,-48.10
-58.84,-20.51,-48.34
-65.55,-31.68,-49.38
-71.72,-40.71,-51.70
-73.67,-46.94,-52.43
-69.27,-50.23,-46.20
-61.22,-54.93,-29.17
-57.25,-61.65,-5.68
-58.78,-69.21,17.82
-59.27,-72.94,34.85
-52.92,-69.34,44.86
-41.08,-58.53,45.04
-15.32,-40.95,14.53
22.40,-20.08,8.12
25.27,3.91,24.11
23.38,8.67,41.02
27.71,7.02,59.63
32.78,11.84,73.61
35.16,15.63,90.27
39.79,19.04,103.94
29.17,30.52,117.25
16.42,39.86,131.84
1.65,53.71,141.97
-0.79,70.43,147.77
7.32,76.84,152.83
13.24,83.07,156.80
26.98,75.50,163.15
32.96,69.09,167.18
34.61,67.14,165.47
32.10,62.19,155.94
29.11,48.46,141.72
23.38,38.45,129.21
19.53,41.32,124.27
13.79,47.42,126.16
5.13,41.32,124.33
-8.42,36.68,103.94
-6.29,25.45,41.32
8.67,26.49,66.53















-,-,-
3.54,-2.93,10.19
3.11,-2.20,11.35
5.37,-1.59,13.24
6.65,-1.22,15.01
7.57,1.34,15.63
8.36,3.42,17.64
5.07,5.19,12.33
7.08,4.76,2.26
11.72,4.64,1.59
11.54,10.86,13.73
9.58,16.60,25.94
9.70,25.09,32.84
16.97,21.12,37.11
16.91,10.25,39.25
10.44,15.81,33.39
15.87,19.35,30.88
18.01,15.08,23.68
21.85,18.49,20.20
23.13,16.36,13.73
22.58,15.93,18.13
17.70,10.25,15.44
15.56,7.26,13.79
10.13,4.94,10.74
4.21,-2.62,6.41
-2.20,-9.09,-0.61
-4.58,-10.19,-3.30
-6.35,-8.30,-2.08
-7.39,-7.26,0.49
-5.74,-5.25,1.83
-5.68,-3.85,2.38
-6.53,-2.81,3.85
-4.52,0.18,11.96
-1.83,5.98,26.55
1.40,12.39,31.43
10.19,10.25,32.35
11.54,13.12,41.50
11.72,14.83,39.18
17.15,18.55,41.44
19.47,16.54,49.01
19.59,9.64,56.15
16.97,16.48,65.73
14.34,29.36,80.08
17.03,32.84,90.39
14.22,44.49,92.59
16.97,46.75,96.62
13.24,50.78,100.34
14.89,56.82,99.18
17.94,60.36,102.05
15.20,44.80,99.79
11.84,44.31,94.42
11.84,47.12,95.03
10.86,42.30,109.99
5.37,32.41,117.13
2.38,27.28,112.24
-2.69,24.72,100.22
-5.74,20.57,92.35
-8.73,28.44,92.59
-10.50,36.13,95.95
-13.12,36.50,93.99
-13.92,39.92,85.69
-13.31,33.94,82.21
-19.10,20.02,77.03
-22.09,5.74,34.79
-1.34,6.90,68.05
-15.69,18.74,118.16
-16.85,34.61,130.43
-14.28,30.03,122.86
-16.78,19.53,110.29
-15.44,9.40,106.51
-18.37,3.05,97.35
-13.79,2.62,91.19
-14.22,-1.16,85.33
-14.65,5.55,78.37
-10.31,3.17,92.96
-10.86,-6.53,109.68
-9.40,-8.97,111.02
-13.43,-4.09,109.92
-16.60,1.83,111.39
-19.90,6.84,105.35
-15.99,5.37,97.72
-13.06,-2.44,93.32
-5.43,-9.58,86.06
-6.35,-6.41,80.63
-8.36,1.10,71.29
-8.06,5.43,63.48
-8.61,5.55,48.10
-6.65,11.11,20.26
-1.34,20.81,3.97
-1.04,26.06,-1.65
-2.62,27.71,-21.30
-0.98,25.88,-59.39
2.50,22.28,-100.95
5.07,29.30,-147.34
6.77,39.31,-198.12
6.53,42.30,-244.45
1.53,34.79,-278.69
-3.36,19.35,-299.07
-0.61,1.77,-311.46
10.80,-18.31,-316.22
19.84,-37.11,-310.36
24.35,-51.27,-296.51
23.99,-66.41,-278.63
7.39,-80.20,-259.40
-11.29,-90.58,-238.71
-34.36,-96.07,-209.53
-53.04,-95.28,-171.57
-60.00,-89.29,-130.37
-60.06,-83.31,-88.81
-52.06,-79.53,-48.03
-41.44,-80.02,-12.51
-30.09,-83.25,14.53
-25.09,-78.06,24.54
-22.46,-47.36,7.75
4.21,-31.56,9.34
21.55,-25.70,13.73
23.80,-17.40,12.39
39.73,-18.37,18.07
56.88,-28.44,31.01
70.62,-29.17,42.66
92.47,-37.84,52.25
109.19,-52.12,57.01
123.90,-64.94,60.00
131.16,-66.22,61.16
130.92,-66.59,58.35
124.39,-61.22,49.50
111.69,-51.64,48.71
91.25,-38.39,45.96
68.79,-20.08,35.77
49.26,3.36,26.12
36.32,24.84,22.03
28.56,40.28,27.40
27.34,31.98,34.06
20.32,17.76,37.17
9.03,8.85,37.17
-1.40,11.29,32.17
-11.72,28.75,9.46
-10.25,42.54,-19.41
-13.18,55.18,-38.82
-9.89,57.56,-53.34
-8.97,53.71,-72.81
-7.20,42.42,-98.02
-10.19,26.92,-125.98
-20.26,9.77,-153.75
-29.54,-4.58,-177.55
-42.11,-16.11,-192.50
-65.37,-26.06,-198.97
-98.21,-35.83,-199.71
-120.85,-49.62,-194.76
-120.54,-59.51,-175.11
-122.62,-61.22,-147.89
-129.09,-60.73,-121.40
-133.12,-59.39,-99.37
-128.85,-56.34,-82.82
-118.47,-51.94,-70.13
-104.13,-47.85,-57.68
-90.03,-43.33,-42.79
-81.30,-38.64,-24.72
-76.90,-32.78,-5.07
-67.44,-26.25,14.47
-56.03,-22.28,32.53
-52.25,-21.67,42.54
-47.06,-19.96,36.38
-15.81,-19.29,32.17
1.16,-14.65,32.65
5.19,-10.31,36.99
9.40,-4.94,41.38
28.50,1.40,53.47
51.45,13.24,66.96
74.28,21.30,55.85
98.82,26.79,56.95
105.29,43.46,63.72
104.06,53.53,81.60
97.60,62.38,101.07
86.55,78.67,121.15
68.79,107.73,134.52
65.55,119.08,148.44
69.76,113.40,160.10
60.18,113.59,161.44
67.57,97.66,163.88
62.01,68.18,163.02















-,-,-
10.86,10.80,20.20
10.50,11.84,19.90
12.15,12.08,17.64
10.99,13.18,20.20
9.83,12.08,21.73
11.35,7.63,27.83
7.08,7.81,31.01
9.83,9.52,27.95
14.65,8.85,27.77
14.28,11.29,29.91
12.57,12.70,30.15
12.08,20.45,31.13
13.85,18.98,34.24
12.21,17.64,37.05
9.70,12.33,34.12
4.64,12.57,34.06
4.33,7.45,31.31
2.44,7.39,25.15
4.15,10.50,19.71
3.05,15.56,22.22
4.21,12.82,21.00
0.73,14.77,27.16
-1.59,17.88,27.71
-0.92,18.74,28.63
-2.32,13.18,32.23
-4.09,7.75,25.94
-4.58,11.60,25.39
-4.70,8.24,28.26
-1.71,13.67,29.24
3.11,15.93,25.94
1.77,16.24,27.10
0.49,14.22,31.07
2.62,16.60,32.65
3.30,15.14,30.33
3.78,14.77,26.37
2.75,17.09,24.41
4.15,16.54,26.12
2.50,17.64,33.87
3.54,19.41,41.26
4.76,17.33,45.53
1.28,17.88,46.45
-1.04,18.68,44.37
1.83,15.32,46.57
-0.98,23.62,47.24
3.17,21.24,50.48
-5.86,21.30,51.94
-7.45,13.06,18.74
0.92,19.23,39.43
-9.77,29.79,88.38
-9.58,29.66,114.93
-10.80,32.65,123.41
-8.67,36.93,128.42
-4.39,32.84,125.37
-7.81,32.53,120.91
-5.43,27.83,112.18
-3.91,26.55,112.30
-2.93,28.87,117.43
-3.66,28.75,123.60
32.96,37.72,145.94
27.53,40.95,170.29
4.03,37.48,182.43
-3.78,34.18,187.81
-7.75,21.00,179.14
-16.17,17.33,155.76
-19.10,5.07,124.94
-22.09,-0.79,90.39
-20.69,2.93,78.37
-23.38,13.49,66.77
-21.48,20.63,54.14
-17.58,23.86,39.73
-12.76,34.42,12.94
0.55,37.35,-8.67
6.84,27.77,-44.92
10.86,27.53,-109.74
18.19,29.60,-183.65
19.29,31.37,-244.63
15.87,27.47,-290.53
10.99,14.71,-319.95
0.98,-1.89,-332.21
-8.30,-21.55,-329.77
-14.10,-42.85,-313.17
-18.01,-61.10,-288.33
-21.61,-73.00,-260.31
-29.48,-81.73,-231.20
-41.14,-90.03,-201.42
-49.68,-95.52,-170.35
-57.25,-99.30,-135.99
-69.95,-101.81,-103.27
-77.15,-96.37,-75.38
-66.89,-87.46,-46.57
-74.40,-75.07,-26.31
-70.56,-65.73,-9.83
-62.68,-65.00,-3.11
-57.86,-62.81,-4.94
-43.95,-50.35,-25.21
-22.71,-42.48,-29.24
-3.60,-37.05,-13.85
17.58,-25.76,7.45
35.77,-24.35,21.18
58.84,-33.51,29.05
80.93,-33.51,31.80
100.40,-38.09,36.07
121.46,-50.78,42.48
130.37,-53.41,54.08
135.74,-52.49,64.76
134.34,-45.04,65.19
130.49,-46.69,57.74
114.01,-40.28,50.60
96.31,-34.36,48.34
74.04,-28.08,44.86
56.34,-17.82,44.98
41.93,-6.96,47.24
34.91,-0.92,44.74
25.88,17.94,55.42
19.90,22.58,66.10
16.36,19.96,69.09
8.54,19.10,57.19
2.32,17.46,21.18
0.12,17.76,-5.92
-3.30,19.10,-21.73
-5.25,27.95,-32.78
-7.32,34.91,-49.13
-5.92,36.93,-71.96
-5.13,31.01,-95.83
-3.42,16.42,-115.60
-6.10,-3.66,-128.05
-15.81,-22.40,-134.46
-31.25,-36.80,-138.31
-47.30,-47.36,-142.09
-61.71,-55.85,-145.02
-72.75,-60.79,-145.08
-75.56,-58.47,-138.12
-79.71,-50.05,-124.15
-83.86,-40.41,-104.31
-85.02,-33.20,-80.26
-84.72,-31.13,-55.36
-86.06,-34.48,-32.41
-83.92,-40.10,-12.21
-65.67,-49.50,0.61
-50.42,-54.02,12.70
-50.90,-47.12,31.74
-50.78,-35.95,29.30
-14.10,-18.92,-6.16
15.26,-6.77,6.53
13.61,7.32,28.93
24.11,12.33,36.07
41.87,9.70,41.87
47.55,8.54,44.07
55.36,12.08,50.11
62.07,21.67,61.52
65.61,37.35,70.56
71.17,53.10,82.89
74.28,70.19,97.53
72.75,83.86,113.16
72.51,80.32,123.47
66.10,70.92,122.13
60.61,65.00,122.44
55.97,65.00,126.22
51.76,71.90,119.32
59.88,68.60,114.81
57.31,60.55,115.72
49.32,51.57,119.02
40.22,53.28,116.03
42.05,52.73,113.95
46.08,36.07,108.34
34.61,28.14,94.97
23.80,39.06,90.03
26.98,35.83,84.59
17.88,26.49,82.09
3.48,23.13,77.15
-2.93,28.56,68.42
0.00,33.20,61.52
3.30,30.82,61.65
2.08,28.93,62.81
-6.04,26.55,50.05
-4.58,15.50,22.16
5.31,8.36,72.27
-7.20,4.64,112.49
-9.34,5.31,130.25
-9.46,6.53,116.94















-,-,-
4.58,1.59,2.99
4.58,1.71,3.11
4.94,2.08,2.75
4.88,1.89,2.44
4.58,1.77,1.95
3.85,1.65,1.65
3.42,1.22,1.46
2.38,0.61,1.40
2.08,0.92,1.28
2.08,1.04,1.04
2.81,1.59,0.73
2.81,1.53,0.79
3.30,1.53,0.61
3.36,1.65,0.55
2.81,1.34,0.55
1.89,0.98,0.61
1.34,0.98,0.85
1.10,1.40,1.04
1.46,1.83,1.34
1.77,2.14,1.83
2.38,2.62,1.77
2.56,2.87,1.46
2.69,3.05,1.34
2.99,3.05,1.28
2.93,3.11,1.04
2.50,2.75,1.40
2.08,2.87,1.22
-1.10,2.56,1.04
-6.29,2.32,0.79
-12.15,2.75,2.14
-15.26,5.98,9.58
-17.76,11.05,21.36
-15.87,16.42,32.84
-12.27,20.26,44.92
-14.34,20.26,45.10
-10.31,23.38,53.59
-10.86,30.21,61.28
-6.65,34.18,62.38
-0.67,39.86,72.14
-0.31,45.84,80.32
2.08,48.95,91.00
3.78,50.35,100.16
7.14,56.82,109.13
16.24,62.19,121.46
24.54,65.98,129.46
29.97,69.09,136.47
37.29,77.09,146.91
39.25,71.90,158.57
41.32,71.53,160.58
43.15,71.47,168.03
39.37,79.59,170.59
47.00,84.47,176.27
43.03,71.04,175.72
36.50,68.05,166.56
28.99,71.04,160.28
23.38,67.26,156.74
14.16,64.03,165.04
1.65,60.30,168.33
-6.41,54.02,164.92
-8.73,49.87,155.64
-10.50,46.69,147.52
-19.29,46.02,112.85
1.59,25.57,148.13
-10.74,19.10,178.89
-21.85,27.10,184.88
-31.43,27.04,168.52
-31.80,21.36,148.56
-33.39,22.77,127.14
-23.74,12.45,130.80
-22.40,6.41,138.31
-24.66,3.66,140.01
-24.35,-5.13,134.16
-25.02,-10.93,120.30
-24.78,-10.93,99.24
-25.82,-7.32,77.76
-25.51,-5.37,59.88
-32.35,1.40,38.27
-31.49,4.09,25.15
-29.05,6.47,11.90
-21.00,12.63,-9.52
-10.13,18.01,-28.69
0.31,21.00,-64.15
13.18,23.93,-116.76
22.77,30.76,-167.60
28.56,35.03,-212.22
33.63,32.17,-250.61
40.34,19.65,-282.90
46.81,1.40,-303.28
39.61,-16.48,-312.38
36.38,-31.62,-313.48
22.83,-45.04,-303.77
14.04,-59.81,-281.01
8.18,-76.48,-249.33
-6.29,-87.71,-212.65
-21.24,-90.21,-172.61
-31.25,-82.34,-133.67
-35.58,-67.81,-97.66
-35.46,-57.62,-64.82
-28.87,-56.52,-36.44
-19.59,-62.62,-10.38
-13.00,-74.65,16.78
-8.97,-86.43,43.15
-10.25,-66.89,42.91
-12.94,-34.91,36.87
18.25,-22.09,26.49
40.71,-16.97,20.32
48.95,-22.28,22.40
63.17,-40.65,23.56
75.38,-36.68,24.17
98.45,-29.97,35.10
121.83,-31.62,40.47
141.66,-36.62,48.03
153.81,-50.90,48.03
158.02,-69.27,30.88
148.80,-70.92,20.63
123.66,-63.60,29.24
97.23,-42.18,30.94
71.47,-15.44,27.83
46.57,8.79,14.65
30.40,24.54,11.05
14.28,47.12,15.01
10.07,53.22,21.91
8.18,37.96,26.67
3.11,24.66,29.85
-1.95,17.94,28.81
-11.11,18.37,11.17
-23.50,19.65,-36.01
-31.98,17.40,-82.89
-41.14,21.91,-120.30
-43.52,25.88,-147.09
-36.93,24.17,-165.16
-35.95,18.68,-176.45
-36.32,10.07,-183.84
-44.62,-1.83,-190.49
-36.07,-6.35,-190.25
-38.39,-7.63,-181.88
-40.10,-9.70,-166.69
-42.05,-12.57,-146.61
-43.76,-17.15,-124.63
-44.80,-23.38,-102.48
-46.75,-30.46,-81.42
-48.40,-37.05,-64.70
-49.50,-41.75,-53.96
-48.52,-43.70,-46.14
-47.42,-44.37,-38.39
-49.62,-44.31,-27.65
-53.83,-42.48,-12.94
-56.95,-38.02,4.09
-55.54,-32.90,22.16
-52.19,-31.74,35.03
-46.51,-27.22,7.63
-16.30,-22.64,-8.36
-8.18,-13.00,8.30
-3.85,-9.34,28.75
-2.93,-8.67,35.71
10.74,-11.17,41.87
18.19,-8.61,46.45
23.19,-1.46,51.45
27.16,12.82,66.04
27.04,28.38,80.75
26.55,36.38,94.06
26.55,43.95,106.93
23.74,45.65,117.92
15.87,50.96,121.15
13.43,50.11,121.34
8.36,48.40,127.26
0.92,65.86,130.13
16.42,66.77,136.35
17.70,64.76,138.73
18.80,64.70,137.33
22.64,62.99,133.06
26.31,58.17,125.61
33.75,49.80,118.65
31.19,43.70,109.19
24.23,50.84,100.95
22.03,54.87,92.77
20.20,44.98,88.20
13.67,41.02,89.97
7.45,39.86,79.22
10.25,30.21,45.29















-,-,-
-3.36,-10.44,-6.04
-1.40,-7.08,-3.85
-4.03,-6.59,-2.62
-2.44,-5.25,-2.38
-0.92,-3.23,-1.04
-3.48,-3.30,-2.20
-3.17,-1.95,-3.30
-1.65,0.24,-0.37
-1.46,0.98,2.26
-1.53,1.22,3.17
-0.61,1.28,3.05
0.00,1.10,2.87
0.79,1.10,2.69
1.22,1.28,2.99
2.20,1.46,2.99
2.32,1.22,3.05
2.99,1.22,2.93
3.66,0.85,2.69
3.23,0.18,2.32
2.14,-0.37,2.20
1.95,-0.92,1.65
1.65,-1.22,0.73
1.22,-0.98,0.73
0.85,-0.73,1.22
1.46,-0.12,1.34
2.01,0.49,1.53
2.14,0.67,1.77
2.14,0.79,1.71
2.01,0.49,1.53
1.83,-0.24,1.53
2.93,-0.31,1.65
4.88,-0.73,1.71
6.23,-1.46,1.71
5.98,-2.08,2.75
4.82,-1.83,4.94
4.82,-0.31,9.40
7.57,0.98,16.48
10.80,0.00,24.17
15.32,4.15,42.30
14.40,9.70,50.17
17.88,7.93,54.38
18.62,9.22,62.56
16.66,14.89,78.19
16.42,19.96,86.12
18.25,26.25,100.28
9.83,31.31,116.27
6.53,35.10,130.31
0.79,54.75,148.07
4.58,73.79,159.36
20.81,81.48,169.98
27.10,83.31,173.46
31.43,90.76,170.41
34.18,95.21,169.98
39.18,88.32,168.95
45.72,84.29,175.35
39.98,91.55,173.40
40.47,85.21,178.16
31.43,66.04,180.05
19.84,67.81,169.49
18.80,58.17,154.42
16.30,41.50,147.77
11.72,24.23,152.04
3.54,22.83,155.58
1.22,21.12,153.69
-19.90,21.42,121.03
-4.15,14.59,109.44
-6.10,11.60,141.05
-19.17,14.71,159.67
-24.78,14.65,160.22
-31.68,9.40,145.26
-28.81,2.14,138.12
-25.15,-4.09,143.25
-15.81,-1.71,141.91
-4.70,-4.27,128.85
-6.47,-4.82,99.55
-6.71,-7.69,73.24
-11.47,-10.25,57.13
-22.22,-3.17,44.86
-27.22,4.58,45.84
-26.73,9.58,52.12
-31.25,12.27,48.65
-27.28,14.10,40.89
-20.57,12.94,33.87
-17.09,15.99,20.32
-12.51,23.07,-0.06
-4.39,23.01,-25.21
7.02,22.09,-75.50
19.78,24.66,-134.64
26.00,25.76,-191.28
29.60,23.25,-239.87
27.65,15.20,-280.70
27.65,0.37,-310.49
34.18,-16.78,-322.94
23.80,-33.57,-318.66
10.68,-45.17,-305.18
0.92,-55.05,-285.83
-5.31,-66.41,-262.08
-21.73,-75.20,-237.12
-30.52,-84.47,-203.37
-22.34,-91.43,-147.95
-12.88,-94.12,-76.35
-14.59,-94.73,-9.34
-17.33,-85.57,27.89
-32.23,-45.35,18.98
1.04,-28.63,18.43
37.35,-32.10,14.04
53.22,-46.63,19.04
64.33,-59.63,29.24
84.66,-64.21,38.33
114.07,-63.96,43.09
140.81,-61.52,36.13
160.46,-60.79,29.91
163.57,-58.47,36.01
152.16,-47.85,42.79
140.56,-36.93,48.83
126.89,-20.45,42.91
110.66,-3.36,40.89
87.16,11.66,38.33
57.98,25.51,34.85
24.11,39.12,23.44
5.98,29.97,20.51
-6.47,18.49,22.71
-14.47,17.33,19.04
-24.35,19.84,-4.82
-34.79,25.63,-58.84
-41.32,31.07,-112.43
-46.88,31.62,-152.16
-47.00,31.80,-180.97
-44.68,26.67,-201.72
-35.77,14.04,-215.21
-40.47,1.89,-223.14
-48.89,-5.92,-222.11
-54.69,-11.41,-210.45
-59.81,-19.29,-194.21
-62.50,-31.68,-175.66
-63.60,-46.81,-156.49
-75.81,-63.48,-139.65
-89.84,-79.10,-127.69
-84.17,-90.52,-105.59
-95.15,-97.78,-81.67
-102.29,-96.62,-57.31
-106.51,-89.72,-31.19
-107.36,-80.02,-9.09
-100.83,-69.58,6.96
-85.27,-61.46,23.01
-74.16,-56.21,35.83
-46.26,-49.87,0.79
-10.31,-48.03,4.03
-7.26,-35.52,29.17
-7.93,-29.72,54.50
7.93,-28.20,77.09
18.86,-24.72,94.18
23.80,-12.21,110.72
32.53,8.06,131.16
30.76,37.60,147.89
25.76,61.71,167.72
17.09,78.49,186.34
13.00,93.08,196.84
24.41,96.92,204.47
28.87,104.06,212.59
39.73,104.61,224.98
52.37,99.73,241.70
55.54,91.98,251.65
58.84,75.44,245.61
51.33,59.20,223.33
48.77,37.05,194.95
40.89,30.64,162.48
28.63,27.59,132.14
35.22,23.62,97.78
31.68,28.99,155.76
17.33,36.50,194.58
14.10,42.05,190.73
10.86,38.82,158.57
12.51,23.74,133.61
10.68,17.33,114.93
12.27,13.98,100.83
4.94,14.34,86.73
-2.32,17.03,58.11
-6.90,18.86,47.00
-8.48,11.17,56.09















-,-,-
1.77,-0.92,2.26
3.17,-0.55,2.32
3.97,0.00,2.38
4.27,0.18,2.38
4.15,0.43,2.44
4.33,0.31,2.01
4.09,-0.18,1.16
3.78,-0.55,1.04
3.48,-1.10,0.92
3.11,-1.65,0.98
2.62,-1.95,1.16
2.38,-1.77,1.28
2.38,-1.65,1.22
2.75,-1.10,1.28
2.99,-0.67,1.28
3.17,-0.43,1.46
3.36,-0.24,1.46
3.30,-0.31,1.28
2.93,-0.43,1.16
2.69,-0.55,1.28
2.81,-0.61,1.28
3.11,-0.79,1.28
3.23,-1.10,1.34
2.99,-1.04,1.34
3.11,-1.10,1.77
2.50,-1.46,1.28
1.10,-1.16,0.73
-0.73,-1.16,0.12
-2.44,-0.61,-0.24
-2.69,1.10,1.46
4.70,7.69,10.38
21.85,24.54,36.50
26.37,28.20,51.15
22.64,32.71,59.33
31.19,39.55,72.02
40.41,47.18,91.19
47.12,50.42,109.01
50.78,59.57,121.28
54.75,61.04,135.80
56.76,62.32,147.28
55.11,66.83,153.20
55.91,61.65,167.91
52.80,57.31,176.70
47.55,59.02,181.40
39.98,56.70,183.23
32.84,49.32,180.05
24.78,40.47,175.72
15.50,35.16,157.47
11.23,30.88,133.24
10.56,28.50,116.94
6.90,24.41,104.98
3.97,24.54,85.88
2.08,22.03,67.44
0.98,16.78,55.24
-0.31,14.83,48.46
-2.93,16.24,32.78
-1.77,16.11,14.47
-1.95,16.91,9.16
-4.58,17.82,-1.65
-6.35,19.17,-4.94
-8.73,19.65,-10.99
-12.94,12.76,-30.88
-11.72,2.32,-63.54
-10.44,-2.87,-90.15
-14.22,-6.41,-111.88
-16.85,-10.07,-128.66
-18.86,-13.31,-141.78
-18.55,-15.01,-150.63
-18.43,-17.40,-156.37
-20.32,-19.90,-158.14
-21.97,-22.89,-151.92
-22.40,-24.23,-134.89
-16.48,-22.40,-104.37
-9.22,-19.65,-66.10
-4.46,-19.71,-33.51
-0.49,-25.09,-13.61
3.36,-36.07,-3.60
4.88,-46.45,2.87
5.92,-31.92,-1.83
16.05,-18.43,-2.08
34.36,-16.17,11.66
36.87,-13.98,16.78
43.40,-10.80,12.39
52.12,-11.47,8.85
61.58,-20.08,11.66
71.72,-21.48,16.85
85.51,-28.38,19.59
98.33,-31.01,26.37
110.60,-30.70,34.24
114.99,-31.92,26.92
111.88,-29.72,23.38
98.69,-23.86,27.28
74.40,-13.06,22.03
57.37,-4.03,17.64
44.01,-1.65,16.24
30.52,2.81,12.94
20.94,5.43,12.82
11.90,6.10,9.09
5.98,-1.40,7.02
3.05,-8.79,5.00
1.16,-14.04,3.30
-0.24,-15.50,2.08
-1.10,-13.43,0.92
-2.20,-9.40,-0.79
-3.05,-4.58,-2.20
-5.49,-0.37,-3.48
-7.81,3.48,-4.76
-10.93,5.98,-6.10
-15.32,7.32,-8.18
-20.39,7.75,-11.90
-25.33,7.87,-21.18
-32.23,-0.73,-48.77
-40.34,-14.28,-80.75
-45.78,-19.78,-95.64
-49.38,-14.10,-101.81
-50.96,-7.02,-111.45
-52.49,-4.76,-125.37
-53.77,-7.87,-139.34
-52.92,-15.08,-148.07
-51.82,-24.54,-145.45
-49.99,-33.20,-126.34
-47.06,-37.66,-95.09
-45.65,-38.88,-64.82
-39.79,-39.61,-41.14
-31.62,-41.81,-22.83
-23.44,-45.47,-6.59
-15.56,-50.60,11.41
-8.85,-50.90,24.54
4.64,-26.55,3.60
21.00,-11.96,-1.53
31.68,-7.75,9.89
18.43,-6.35,17.52
13.85,-6.10,12.39
14.10,-8.48,5.19
8.97,-10.68,4.76
3.78,-11.60,9.95
7.20,-9.28,22.83
16.30,-2.50,40.10
20.75,5.80,50.84
23.74,13.92,57.19
28.26,23.25,65.86
30.21,30.03,72.08
30.52,39.73,78.12
35.46,54.69,94.30
36.68,60.91,105.16
37.11,61.10,109.31
36.44,50.60,105.47
33.94,48.16,103.82
30.64,51.57,101.14
29.54,47.91,105.29
29.30,42.42,113.89
28.87,43.52,118.04
26.12,43.40,123.05
18.25,42.18,121.22
13.85,45.10,120.30
10.31,38.51,131.16
6.84,30.03,127.56
1.10,22.03,106.02
0.24,16.78,93.99
-2.14,19.10,100.95
-4.52,15.01,100.22
-5.92,11.54,112.73
-7.81,6.41,108.09
-9.34,1.46,92.47
-7.57,2.69,82.15
-7.69,1.16,79.04
-7.51,3.48,93.14
-10.80,6.84,91.19
-11.11,3.48,76.29
-7.63,-4.94,79.35
-8.00,-4.09,78.43
-10.62,-5.98,78.00
-10.13,-8.79,71.84
-7.26,-7.75,64.70
-5.43,-7.08,74.34
-5.74,-6.10,74.34
-5.31,-9.28,75.07
-5.25,-7.63,67.87
-0.31,-8.79,73.79
-2.14,-8.30,70.31
















-,-,-
0.37,-1.53,-0.37
0.31,-1.04,-0.31
-0.37,-0.73,-0.37
-0.43,-0.43,-0.49
-0.49,-0.55,-0.49
-0.73,-0.73,-0.31
-0.73,-1.10,-0.49
-0.85,-1.22,-0.49
-0.98,-1.34,-0.49
-0.55,-1.16,-0.37
-0.43,-1.04,-0.24
-1.22,-0.73,0.00
-1.22,-0.92,-0.37
-1.10,-1.71,-0.43
-0.61,-1.46,0.00
0.12,-0.67,0.24
0.43,0.06,0.37
0.61,0.43,0.55
0.67,0.37,0.61
0.37,-0.18,0.43
-0.12,-0.92,0.43
0.18,-1.10,0.43
0.73,-1.22,0.49
0.98,-1.16,0.24
1.04,-1.34,-0.06
1.04,-1.22,-0.49
0.79,-1.04,-0.18
2.50,0.85,4.52
4.52,5.13,14.83
7.69,14.10,30.76
13.12,22.16,52.12
13.06,33.63,70.50
19.53,50.90,89.66
23.50,51.39,107.54
26.61,58.23,122.74
32.35,58.59,135.31
37.23,62.74,147.71
38.57,65.37,155.21
39.43,68.79,164.92
35.40,66.41,177.80
32.59,65.37,191.71
24.72,60.91,195.01
19.71,55.18,186.77
15.63,47.91,179.38
10.44,43.03,170.96
9.77,37.11,165.47
9.46,31.31,162.84
2.81,23.32,147.95
-1.34,9.58,119.38
0.49,9.16,100.22
3.05,14.65,88.68
-3.23,9.83,66.47
-1.04,12.82,39.00
0.18,8.18,18.07
-2.38,7.81,-0.85
-2.20,12.08,-5.19
-3.30,18.19,-11.05
-5.00,20.87,-33.45
-3.17,17.27,-80.51
-1.10,11.05,-136.90
-4.15,4.58,-192.87
-7.75,-7.14,-230.22
-19.84,-18.31,-235.60
-34.24,-24.41,-215.64
-42.97,-22.52,-181.34
-43.52,-16.72,-145.57
-37.29,-13.67,-115.66
-29.72,-15.56,-94.79
-23.01,-22.16,-82.46
-15.63,-32.78,-71.41
-9.58,-44.98,-55.66
-4.33,-49.99,-33.57
1.16,-23.68,-11.90
16.24,-11.84,8.85
35.28,-11.54,13.49
44.13,-12.94,13.31
55.79,-21.55,8.18
62.26,-22.58,10.07
67.81,-18.07,14.47
76.97,-34.48,23.50
82.15,-38.27,21.36
94.30,-39.43,23.38
105.77,-45.90,34.36
112.67,-39.67,33.26
113.46,-39.31,26.92
103.88,-34.24,17.76
88.26,-27.53,11.54
75.87,-20.26,16.97
60.12,-13.92,16.91
52.00,-13.55,17.27
45.10,-12.08,15.93
39.12,-5.62,11.78
37.78,-17.76,7.63
30.82,-7.87,5.00
22.95,-15.20,5.37
12.88,-9.03,0.37
4.09,-1.95,-2.50
-0.55,-2.26,-2.87
-3.78,-3.97,-3.85
-11.84,-9.46,-6.96
-18.80,-10.74,-10.19
-26.18,-8.42,-12.63
-31.07,-2.32,-14.34
-32.84,9.16,-15.50
-34.42,28.20,-20.63
-37.84,48.52,-34.85
-40.28,55.54,-60.79
-42.18,49.56,-85.94
-43.21,40.53,-108.09
-43.46,31.74,-129.76
-41.32,23.01,-147.28
-38.39,13.37,-157.04
-36.68,2.62,-156.01
-32.53,-6.53,-144.53
-28.08,-14.22,-125.18
-29.97,-20.75,-100.16
-37.23,-25.70,-73.49
-43.52,-32.71,-48.77
-49.26,-44.56,-25.82
-50.23,-53.10,-5.86
-49.99,-58.29,12.82
-49.99,-63.05,32.47
-47.24,-58.35,35.52
-16.24,-42.24,3.17
-9.52,-36.62,-7.20
-6.23,-26.18,-5.31
-10.07,-19.10,8.48
-4.09,-12.33,7.51
-0.12,-5.74,0.06
-0.24,1.59,3.05
3.30,11.60,22.89
12.27,24.05,47.18
18.31,31.74,62.13
23.19,39.98,72.39
27.71,42.36,84.59
29.24,48.65,97.11
32.10,49.68,106.20
31.19,49.62,106.63
32.47,52.06,112.61
27.95,47.85,120.67
20.14,51.27,124.69
17.52,50.17,132.26
14.34,54.69,143.19
17.88,50.72,148.07
20.32,44.25,148.32
23.38,48.03,144.10
24.60,39.25,147.46
19.47,35.95,150.27
14.16,25.51,145.45
6.59,23.80,120.79
6.29,21.48,112.18
-0.24,14.34,105.29
1.40,10.62,108.40
0.12,8.42,109.01
-5.07,8.12,95.95
-4.46,7.57,83.74
-1.28,8.30,87.40
-2.69,5.74,95.28
-5.25,3.60,91.25
-3.85,1.40,88.01
-8.24,-1.53,79.77
-6.53,1.53,75.87
-6.10,0.37,84.47
-8.48,-1.16,77.03
-4.76,-0.73,71.59
-0.67,-1.83,74.77
0.49,-1.40,80.02
-3.48,-5.37,74.71
-3.36,-6.10,67.44
-3.78,-12.27,69.82
-0.31,-17.40,83.50
-1.59,-17.27,83.13
-0.73,-11.84,74.89
-1.34,-11.78,65.19
0.61,-15.08,62.26
2.32,-14.22,59.88
3.72,-10.13,59.02
4.64,-8.67,61.28
-0.37,-10.07,51.33
2.20,-7.57,41.75
















-,-,-
1.28,-0.31,0.61
1.10,-0.12,0.37
0.85,0.18,0.31
0.55,0.61,0.49
0.43,1.04,0.61
0.49,1.10,0.31
-0.43,0.85,0.31
-1.04,0.98,0.00
-1.59,1.16,-0.06
-1.59,1.34,-0.12
-1.59,1.53,-0.12
-1.22,1.77,0.06
-0.85,2.26,0.37
-0.92,2.38,-0.06
-2.01,2.32,-1.16
-3.05,2.14,-1.22
-3.85,1.71,-1.59
-4.58,1.46,-1.71
-5.19,1.34,-2.62
-5.43,1.71,-4.09
-7.39,1.95,-11.29
-12.08,-0.98,-38.15
-13.61,-7.32,-50.17
-16.30,-14.59,-41.99
-22.46,-12.21,-39.98
-21.85,-10.13,-39.73
-18.01,-13.49,-36.13
-15.87,-13.92,-30.70
-11.72,-9.46,-20.69
-6.23,-6.71,-10.99
-4.76,-3.97,-6.59
-0.37,-0.67,-0.73
2.69,2.87,3.30
6.53,5.37,4.52
10.38,6.41,3.66
11.66,6.53,2.50
11.66,6.29,3.85
14.16,8.79,12.21
17.46,14.34,35.46
23.19,25.33,69.34
29.42,33.57,97.78
36.38,38.33,114.99
42.24,42.66,119.93
47.24,54.08,121.64
54.08,69.64,147.34
53.04,83.98,171.75
56.09,95.28,184.63
58.78,100.77,193.24
59.27,92.22,199.65
64.09,87.65,214.72
58.04,78.80,228.58
50.78,56.40,230.10
40.10,47.18,226.81
38.51,44.86,220.34
38.39,28.14,224.24
31.07,12.94,222.47
26.18,8.85,209.66
18.74,6.65,184.45
16.36,4.58,154.42
19.84,-4.82,133.42
21.12,-9.46,114.44
21.73,-15.14,98.88
17.27,-18.31,81.42
12.21,-12.02,62.32
8.48,-10.25,39.98
7.93,-5.74,26.79
6.96,-2.93,10.56
7.93,0.12,-0.92
7.32,3.48,-5.62
5.13,5.74,-7.69
3.42,8.06,-9.70
1.53,12.02,-12.70
-2.62,16.11,-17.94
-5.25,18.43,-27.71
-8.18,19.29,-52.43
-6.53,19.53,-85.94
-4.70,14.53,-116.27
-4.70,2.93,-143.01
-2.38,-3.78,-170.90
0.37,-3.66,-193.79
-6.59,2.32,-206.54
-14.77,10.25,-212.34
-19.90,17.94,-211.79
-21.06,21.97,-203.55
-24.60,20.63,-187.44
-27.71,14.04,-165.16
-30.33,4.88,-139.34
-34.55,-4.70,-114.87
-37.23,-14.28,-92.10
-36.80,-24.41,-68.05
-32.59,-35.83,-41.75
-26.79,-47.97,-12.63
-18.80,-57.92,17.09
-13.67,-46.51,37.66
-16.48,-24.48,35.28
14.77,-19.53,23.62
46.63,-10.93,16.11
65.86,-7.93,15.26
77.64,-23.62,6.84
82.46,-23.07,5.13
90.39,-17.27,2.81
99.67,-6.59,5.62
111.51,-13.18,11.54
119.69,-21.48,14.16
119.08,-21.30,13.67
114.62,-17.76,15.63
104.92,-10.07,16.48
101.07,-7.26,13.37
95.03,-4.09,13.85
76.78,4.88,13.98
55.18,1.65,0.06
31.01,1.34,-3.91
12.08,-3.60,0.37
-1.65,-0.92,-2.56
-11.41,-8.24,-4.46
-18.86,-19.96,-6.53
-22.58,-27.53,-7.87
-25.27,-28.93,-9.64
-30.64,-19.35,-13.37
-37.66,-0.43,-18.74
-45.10,15.44,-23.13
-49.68,26.49,-36.32
-51.82,31.80,-59.94
-47.49,23.25,-79.90
-46.94,7.69,-96.37
-46.08,-5.07,-113.28
-45.72,-12.63,-133.91
-45.84,-15.26,-157.65
-46.39,-14.77,-180.36
-44.56,-14.40,-194.58
-42.97,-13.61,-193.54
-37.48,-16.11,-173.71
-39.00,-23.19,-139.89
-42.85,-33.20,-101.62
-46.14,-45.59,-64.15
-49.38,-56.76,-33.39
-51.82,-63.54,-10.68
-49.38,-66.28,7.45
-48.40,-58.41,19.96
-35.58,-31.62,3.23
-14.10,-14.53,-10.13
6.96,-1.65,-9.34
13.92,-1.28,5.00
15.38,-6.90,19.47
24.90,-7.08,29.54
29.72,1.22,31.25
37.54,9.28,35.16
38.88,17.40,49.56
35.22,22.58,60.12
41.14,26.98,79.41
38.76,33.69,97.35
41.75,34.36,115.97
44.43,38.21,130.92
45.29,28.87,144.10
41.87,27.34,150.51
43.27,28.81,155.40
45.84,24.78,160.52
45.10,26.55,164.67
44.80,26.12,171.63
43.15,23.56,169.98
45.65,19.59,170.72
42.24,17.52,170.10
38.09,20.08,170.59
36.38,22.09,171.26
37.78,28.75,178.77
40.04,29.60,197.33
38.21,21.06,217.71
34.24,10.93,227.97
33.08,9.28,217.77
34.73,-2.69,204.16
30.88,-11.84,181.52
25.82,-7.14,150.76
22.95,-7.45,125.00
16.42,-9.95,103.45
13.18,-13.12,86.43
10.86,-15.81,75.38
6.53,-20.75,60.79
11.78,-20.32,62.13
12.27,-20.14,68.73
5.86,-20.02,64.39
















-,-,-
0.92,0.06,2.20
0.79,-1.71,2.14
0.73,-4.09,1.40
0.61,-5.80,0.67
0.61,-5.98,0.37
0.43,-5.49,1.22
0.24,-5.00,2.50
0.00,-5.07,3.11
-0.37,-6.16,3.17
-0.92,-7.45,2.81
-0.98,-9.03,2.75
-1.28,-10.62,3.36
-1.40,-11.90,3.97
-0.85,-13.79,4.27
-0.92,-15.69,4.21
-1.22,-17.88,4.33
-1.71,-20.32,5.13
-3.66,-20.87,5.43
-5.25,-16.97,2.14
-1.65,-13.61,-2.56
2.93,-15.69,-1.04
1.22,-17.40,3.05
-0.49,-13.79,2.38
0.92,-12.51,3.97
0.12,-12.15,6.04
-0.06,-11.96,7.32
0.79,-11.66,8.85
0.06,-11.60,7.32
-0.73,-12.82,-0.49
-4.15,-13.73,-2.26
-5.92,-14.22,-2.87
-8.36,-13.55,-2.93
-8.67,-12.15,-2.38
-8.61,-10.80,-2.01
-7.93,-10.07,-1.77
-6.71,-9.52,-1.46
-6.77,-9.52,-1.16
-6.96,-9.28,-1.22
-6.84,-8.79,-1.59
-7.14,-8.36,-1.83
-8.73,-8.30,-2.26
-8.61,-7.57,-0.92
-3.78,-4.58,7.02
1.83,0.18,20.81
4.33,10.01,34.42
8.00,18.62,43.46
10.99,30.21,58.35
17.03,34.79,80.26
15.69,44.80,99.43
14.59,49.56,107.36
9.40,53.47,112.61
7.81,51.88,130.19
5.68,49.74,143.55
9.58,49.62,160.71
7.20,53.65,178.28
6.10,55.24,193.48
2.93,50.11,210.75
-3.60,44.74,218.75
-5.19,37.35,209.23
-2.20,24.35,198.43
-8.97,15.38,185.79
-10.86,14.65,178.59
-13.31,8.67,168.40
-13.37,4.82,158.57
-10.68,0.49,148.01
-11.60,-4.58,128.54
-7.02,-6.16,109.80
-0.73,1.59,101.38
-2.99,2.38,83.44
-5.92,0.73,65.12
-3.17,-0.73,54.93
-9.28,1.65,39.37
-8.30,9.40,23.56
-7.45,12.39,9.28
-1.34,18.13,-9.40
3.11,23.44,-30.33
1.16,24.23,-70.13
1.71,29.91,-115.60
4.52,33.39,-155.88
6.23,42.18,-181.34
-0.61,49.13,-192.99
-10.62,50.17,-194.40
-15.63,44.98,-188.29
-17.03,36.44,-175.42
-17.21,23.44,-159.24
-12.33,6.59,-143.43
-4.03,-10.74,-127.75
1.77,-27.22,-109.07
4.21,-42.48,-84.53
2.99,-55.24,-55.97
1.16,-64.82,-29.05
1.40,-72.75,-8.67
2.69,-78.31,4.21
-0.98,-50.48,5.92
6.65,-37.54,6.53
26.37,-33.02,0.49
31.56,-26.06,5.31
36.68,-15.75,8.73
52.31,-11.35,11.96
71.04,-15.63,20.81
89.54,-22.71,33.14
107.06,-27.22,40.59
119.51,-28.81,38.51
130.98,-35.10,39.67
133.97,-29.42,42.97
129.58,-28.81,45.10
118.77,-29.42,33.45
101.07,-25.57,19.17
76.35,-15.69,17.76
50.23,-8.48,11.17
30.94,-2.69,7.51
16.48,6.29,7.32
5.25,14.95,7.81
-6.29,20.45,-1.77
-14.59,12.27,-6.35
-18.80,-0.67,-7.63
-23.32,-8.18,-8.36
-26.37,-7.75,-8.73
-28.50,1.71,-10.99
-30.33,21.42,-18.92
-30.09,37.48,-30.21
-31.01,38.70,-48.46
-33.14,34.12,-72.08
-35.34,32.84,-93.57
-37.78,37.41,-114.20
-36.93,41.87,-131.90
-31.43,41.87,-144.90
-22.89,36.32,-151.12
-13.37,24.90,-148.99
-6.16,9.70,-139.34
-4.09,-5.92,-124.63
-4.46,-20.63,-106.63
-7.32,-36.87,-87.28
-7.20,-53.28,-68.12
-6.71,-66.41,-47.12
-7.75,-76.23,-24.66
-9.52,-81.12,-2.26
-13.18,-67.63,9.89
-4.46,-27.53,0.79
13.49,-23.74,0.85
15.50,-24.72,3.36
0.98,-22.16,8.91
4.09,-18.01,7.08
8.00,-15.26,2.93
7.57,-10.13,13.06
8.18,1.04,49.93
14.65,8.85,83.01
15.93,17.82,107.12
17.76,34.36,123.72
24.23,46.14,141.36
25.82,45.96,153.08
24.90,43.03,153.81
22.58,42.05,150.02
17.09,43.70,146.79
15.14,38.64,148.86
12.33,30.82,152.59
8.97,21.48,160.10
1.28,22.22,163.39
-5.37,16.72,167.91
-14.95,10.44,165.95
-17.40,7.45,156.13
-15.14,1.46,147.46
-12.82,-1.65,134.03
-12.88,-4.33,125.12
-15.81,-5.55,118.84
-16.78,-9.03,115.36
-18.49,-12.08,105.16
-17.21,-15.26,101.62
-14.77,-12.15,101.62
-17.09,-11.35,100.77
-14.53,-15.14,98.82
-8.54,-16.17,104.13
-10.50,-7.69,93.44
-9.03,-8.24,80.81
-9.09,-9.03,70.68
-8.06,-11.72,63.84
-2.08,-18.01,77.27
-5.92,-14.83,84.35
-10.13,-12.57,79.04
-11.29,-14.34,70.74
















-,-,-
1.04,0.98,0.98
0.79,1.10,0.67
0.18,1.10,0.37
0.37,0.79,0.61
0.85,0.55,0.67
1.10,0.37,0.79
1.04,-0.06,0.73
1.34,-0.12,0.61
1.77,0.18,0.61
2.01,0.49,0.67
2.14,0.79,0.67
2.08,0.98,0.98
1.71,1.16,0.92
1.34,1.16,0.61
0.98,1.10,0.12
0.00,0.85,-0.24
0.06,0.98,-0.55
0.79,0.98,-0.31
1.10,1.53,0.06
1.65,2.08,0.67
2.69,2.32,1.28
2.99,2.32,1.46
3.54,1.95,1.40
2.87,1.22,1.40
2.44,0.79,2.38
2.75,1.77,6.96
7.26,4.21,22.16
11.05,7.39,34.67
11.90,12.94,38.82
14.28,12.45,37.66
15.50,12.82,41.56
17.94,18.01,55.42
25.39,20.32,72.88
28.56,31.86,93.75
42.30,39.49,122.68
49.13,50.48,165.59
53.04,56.64,213.75
46.45,59.88,251.83
31.68,54.32,272.83
18.55,47.49,276.06
10.31,40.16,268.68
4.94,27.71,250.73
0.24,14.83,221.31
-4.82,1.40,187.01
-6.41,-4.76,158.57
-8.85,1.40,128.85
-9.89,-5.98,111.51
-13.12,-5.68,96.56
-10.50,-7.45,84.53
-11.66,-4.03,73.55
-6.41,1.77,67.63
-8.85,2.99,70.37
-9.46,10.13,66.71
-8.48,8.97,62.32
-6.16,8.73,58.90
-8.67,10.07,45.35
-5.43,9.70,32.90
-5.31,12.21,17.15
-2.26,19.10,-5.55
3.78,20.45,-29.36
6.23,12.70,-51.21
2.87,13.61,-86.06
3.91,18.98,-125.31
0.00,22.34,-156.07
-3.85,24.11,-175.90
-2.69,25.15,-185.18
-4.76,25.33,-185.79
-10.19,24.48,-179.44
-11.66,22.77,-166.69
-11.11,20.63,-149.29
-9.58,17.15,-130.74
-7.93,12.08,-114.26
-5.80,6.41,-100.89
-3.05,-0.12,-90.39
-0.43,-6.96,-81.85
2.50,-15.87,-72.45
5.19,-27.71,-59.27
4.76,-39.73,-43.09
4.21,-50.60,-25.51
6.04,-59.69,-7.57
0.55,-43.82,11.35
-4.70,-27.04,22.46
17.64,-22.58,14.77
25.57,-23.62,10.13
26.92,-27.59,7.20
25.33,-21.06,7.26
27.71,-17.76,8.54
35.64,-24.90,6.29
42.79,-18.43,7.20
58.59,-20.32,10.01
73.00,-31.31,10.93
83.92,-37.11,13.49
91.19,-33.51,16.54
97.60,-33.45,22.58
95.34,-31.25,21.55
87.77,-26.00,10.01
74.10,-20.26,13.00
54.63,-14.89,14.28
35.10,-2.99,10.07
24.23,-1.77,10.50
15.69,-0.06,7.63
7.51,4.27,4.46
2.87,-1.89,2.81
1.04,-10.50,2.08
2.08,-14.47,2.01
3.48,-14.22,1.53
4.21,-11.72,1.28
3.54,-7.93,0.43
-1.83,-4.70,-2.01
-7.93,-0.98,-4.64
-13.00,3.36,-6.35
-15.87,8.54,-9.16
-15.08,15.56,-13.49
-11.35,19.53,-17.82
-10.86,23.25,-36.38
-11.72,25.39,-62.50
-16.78,29.48,-78.37
-21.00,35.34,-86.36
-23.01,38.57,-93.69
-25.76,37.29,-103.21
-27.28,31.62,-113.71
-27.77,23.68,-121.09
-28.44,14.89,-122.68
-28.75,5.80,-117.74
-30.33,-3.11,-107.54
-30.52,-12.82,-96.13
-31.56,-25.63,-86.73
-31.68,-35.83,-79.28
-30.27,-44.31,-71.66
-29.24,-51.45,-61.04
-30.15,-56.95,-46.51
-30.88,-59.63,-29.66
-28.38,-60.36,-11.17
-26.00,-60.36,8.91
-26.12,-50.48,17.58
-18.43,-26.67,3.23
-1.04,-21.42,-2.08
5.00,-21.36,2.50
-6.90,-21.67,7.20
-5.55,-19.41,2.62
-0.61,-16.42,-1.04
0.55,-13.12,5.49
-1.28,-9.46,13.43
7.87,-7.14,26.25
7.75,0.24,35.52
19.84,6.35,52.37
15.63,15.44,67.26
16.54,24.05,82.28
18.37,24.90,95.15
19.71,15.93,95.40
15.44,17.33,96.68
15.14,29.24,104.55
19.59,28.44,115.91
14.34,26.92,118.96
11.54,36.38,126.83
11.78,39.37,133.18
8.06,36.50,138.37
4.76,34.91,140.62
5.31,30.82,142.52
2.56,28.87,138.12
0.24,24.90,141.11
-3.23,20.14,135.74
-4.52,19.71,128.97
-5.37,15.38,120.85
-7.81,16.11,115.11
-8.79,12.02,114.07
-10.93,12.08,114.01
-10.80,5.74,113.71
-13.43,3.66,109.99
-12.70,6.41,104.25
-11.96,2.56,96.68
-9.46,-3.60,101.44
-10.01,-1.22,98.39
-7.81,-1.28,96.80
-2.38,-6.53,101.26
-9.03,-9.46,100.46
-5.55,-10.38,95.03
-10.19,-12.08,87.28
-8.79,-14.16,78.00
-2.08,-13.18,79.10
















-,-,-
-2.20,-2.81,7.75
-2.32,-2.38,7.26
-2.14,-1.83,6.84
-1.40,-2.50,6.23
-0.31,-3.72,5.92
0.55,-5.00,6.23
1.04,-6.65,7.26
1.40,-9.22,8.73
0.85,-12.94,10.56
-0.85,-15.56,12.57
-2.75,-16.17,14.65
-4.52,-15.26,16.78
-5.68,-13.67,18.55
-6.65,-12.70,20.20
-6.10,-13.12,22.58
-5.86,-14.34,25.45
-6.47,-14.65,27.47
-7.93,-14.16,26.67
-7.02,-10.44,18.80
0.37,-8.85,10.74
3.72,-5.19,3.66
6.41,-5.07,3.30
5.74,-5.31,7.20
3.17,-2.87,6.77
3.48,-3.78,5.43
4.03,-5.31,4.94
5.37,-6.84,5.55
4.21,-8.54,6.10
1.40,-10.56,8.06
2.01,-11.72,14.77
4.88,-10.38,32.10
6.35,-3.54,52.25
12.33,5.43,83.56
16.36,20.02,114.75
23.74,29.85,147.89
26.31,38.09,181.88
31.98,47.55,218.08
34.06,53.59,248.84
39.55,57.92,257.08
42.66,55.24,251.89
44.37,46.75,245.97
41.08,35.03,248.96
55.85,39.86,269.65
48.28,36.99,274.29
38.51,21.30,253.48
33.45,-1.34,211.49
30.15,-14.53,158.94
22.09,-20.81,113.59
18.07,-22.52,88.87
15.44,-26.06,79.71
5.37,-20.94,60.18
3.60,-11.60,38.45
2.50,-1.59,20.39
4.15,5.80,10.50
3.05,12.39,4.27
1.34,18.13,-5.31
-2.38,23.44,-14.47
-2.69,28.44,-21.48
-0.92,30.40,-26.98
-4.70,30.03,-41.08
-3.54,28.08,-61.16
-4.52,25.57,-76.35
-5.37,24.48,-91.61
-5.49,24.17,-105.59
-6.59,22.64,-121.09
-7.26,22.03,-137.39
-1.59,20.87,-147.28
-5.19,21.06,-148.44
-12.33,22.77,-146.24
-11.84,20.75,-142.52
-12.39,15.01,-137.94
-13.73,7.02,-134.34
-13.92,-0.73,-132.02
-15.44,-6.59,-128.36
-17.58,-10.31,-121.34
-17.64,-13.85,-109.01
-17.58,-18.01,-90.03
-19.35,-22.09,-67.63
-20.51,-26.18,-47.42
-18.92,-30.21,-31.86
-18.31,-34.30,-20.20
-16.54,-38.82,-10.38
-13.61,-45.04,-1.40
-10.38,-53.89,9.09
-6.65,-64.33,21.18
-6.65,-63.05,30.82
-16.11,-43.21,25.70
-2.20,-25.51,12.70
15.01,-12.27,7.63
27.28,-6.41,11.78
35.89,-0.98,13.00
39.86,8.12,14.10
50.42,8.85,15.87
54.81,15.20,15.99
69.15,0.24,12.88
79.59,-13.98,10.01
87.71,-16.24,6.41
98.94,-17.40,8.79
107.30,-21.24,8.42
111.02,-27.28,5.49
101.50,-19.23,3.23
88.62,-14.04,8.24
69.95,-4.33,10.01
51.82,6.35,6.65
35.77,10.01,7.93
23.50,14.34,2.44
16.48,7.45,2.38
6.65,5.31,3.30
2.56,-1.53,2.50
-0.37,-10.07,0.67
-2.44,-15.63,0.12
-4.09,-17.52,-0.43
-6.59,-16.24,-1.53
-9.52,-12.63,-2.87
-12.02,-7.69,-4.15
-14.04,-2.20,-5.92
-15.44,4.03,-8.54
-15.87,12.63,-12.94
-14.16,18.55,-13.37
-11.29,20.75,-15.32
-12.21,22.77,-30.33
-12.45,19.53,-59.33
-12.94,10.86,-83.13
-17.76,5.80,-97.47
-16.54,4.88,-106.57
-18.37,6.04,-114.50
-24.72,8.24,-123.29
-25.27,8.00,-130.49
-24.66,5.49,-133.48
-23.44,1.53,-131.23
-25.94,-3.85,-124.63
-32.59,-10.19,-114.81
-38.15,-15.81,-102.48
-38.88,-21.00,-89.60
-38.64,-27.10,-75.81
-36.56,-33.81,-58.53
-34.00,-37.29,-34.85
-30.03,-36.87,-6.04
-25.21,-33.69,22.52
-21.48,-25.39,34.30
-15.93,-10.80,15.56
1.40,-8.42,4.33
26.55,-2.62,5.55
22.09,-4.64,13.61
15.69,-5.37,13.31
12.27,-2.87,7.14
-0.06,0.06,2.32
-1.83,2.99,4.15
-1.83,3.23,6.90
0.43,3.54,10.56
13.12,6.71,27.83
13.31,3.60,44.74
19.04,-0.85,65.55
19.78,3.36,72.75
20.81,2.44,65.49
18.49,2.26,64.15
23.93,-2.01,73.73
21.36,0.61,78.67
23.50,1.71,91.74
25.88,7.02,110.90
24.72,16.42,128.17
26.37,15.32,139.89
25.09,14.16,151.18
21.79,13.49,150.27
20.69,10.56,145.75
19.35,13.12,145.26
23.50,13.85,154.05
23.74,16.17,166.50
28.26,17.64,172.00
31.37,21.06,175.48
30.15,20.87,175.72
28.50,22.83,173.71
29.11,17.09,174.32
24.29,7.32,165.65
25.33,6.84,152.77
24.54,6.53,142.76
26.31,1.22,137.94
24.23,-4.46,135.50
27.34,-10.13,138.61
22.40,-10.13,132.39
















-,-,-
0.67,0.00,0.79
0.61,0.24,1.04
0.98,0.67,1.46
1.53,1.28,1.65
2.32,2.20,1.95
2.99,3.11,2.32
2.93,3.36,2.56
2.75,3.36,2.69
2.69,3.17,2.56
2.38,3.11,2.50
2.20,2.69,2.38
1.83,2.14,2.14
1.83,1.65,1.89
1.83,1.59,1.83
1.71,1.53,1.89
1.65,1.16,1.28
1.04,0.18,0.85
0.67,-0.43,0.67
0.61,-0.79,0.79
0.92,-0.85,0.85
1.46,-0.55,1.34
1.77,-0.18,1.34
1.53,-0.18,1.16
1.16,-0.18,1.10
1.04,0.12,1.28
1.40,0.49,1.46
1.40,0.24,1.53
0.98,0.06,1.16
0.18,-0.79,0.98
-0.49,-1.89,0.55
-1.10,-3.17,0.12
-2.75,-4.46,0.24
-3.30,-5.13,3.85
-2.14,1.04,24.66
-1.16,9.34,53.65
-3.54,22.22,77.82
-2.62,26.61,87.65
-4.64,37.90,106.51
-0.37,46.94,124.69
4.64,54.44,147.52
8.73,65.67,161.44
15.50,69.09,175.05
13.61,67.93,186.40
12.33,57.50,192.63
6.10,45.23,181.88
-2.56,32.41,172.00
-13.24,29.11,150.57
-16.54,18.25,140.81
-17.40,13.37,146.85
-15.26,5.13,153.99
-18.86,-1.77,142.46
-21.18,-4.88,121.95
-17.82,7.39,106.81
-23.38,7.81,105.47
-15.50,6.29,109.37
-12.63,7.51,98.27
-9.34,10.38,91.19
-9.95,13.79,76.78
-10.25,15.08,63.48
-10.56,12.45,45.59
-8.06,13.92,30.88
-9.40,15.14,15.26
-9.16,18.19,-9.03
-3.30,20.94,-28.87
-1.83,27.71,-59.20
3.23,34.73,-92.83
4.76,43.40,-117.37
3.11,49.99,-128.23
-1.28,55.05,-131.35
-3.72,58.47,-137.94
-7.20,58.72,-148.13
-13.79,53.65,-155.70
-9.64,42.18,-156.49
-5.31,26.31,-151.49
-3.66,9.83,-142.03
-1.40,-5.86,-128.91
2.93,-21.18,-107.97
6.41,-36.74,-77.45
5.92,-52.43,-43.33
2.44,-65.61,-14.59
-1.22,-74.71,5.13
-1.59,-79.28,19.59
0.06,-60.42,30.15
-0.92,-54.14,18.13
23.80,-49.44,-0.92
34.85,-38.57,-3.17
38.57,-21.48,0.49
52.43,-1.04,2.99
71.41,15.26,9.28
95.46,8.85,29.42
116.09,-12.21,47.97
123.29,-10.13,49.26
128.30,-14.47,47.61
119.38,-14.53,39.98
107.73,-12.08,25.45
91.37,-7.51,20.45
71.53,-8.54,20.14
48.40,-2.56,12.21
32.10,-2.38,8.06
19.96,1.22,11.29
10.25,8.48,9.40
1.71,2.08,7.45
-2.32,-5.19,5.68
-2.81,-11.66,4.33
-4.46,-12.27,3.05
-9.64,-10.44,0.31
-14.10,-5.49,-3.11
-17.70,2.32,-6.04
-21.48,12.76,-11.41
-24.11,23.68,-17.64
-25.63,32.59,-35.89
-27.89,39.25,-70.50
-30.94,45.10,-98.21
-33.81,50.29,-117.55
-34.67,52.37,-136.05
-33.57,47.73,-153.26
-31.68,35.64,-165.47
-32.78,18.62,-170.35
-34.42,-1.83,-167.91
-35.34,-23.74,-159.85
-33.45,-42.60,-144.90
-27.65,-58.35,-117.13
-21.42,-75.26,-76.54
-21.79,-89.97,-33.20
-18.31,-97.35,1.95
-15.01,-89.97,22.34
-21.06,-44.92,25.33
-19.78,-26.12,20.81
-2.81,-20.32,0.73
-7.45,-23.56,-1.89
-10.19,-14.89,-6.77
-11.90,-5.25,-13.31
-10.80,1.77,-11.23
-4.70,6.90,4.46
-1.22,13.79,29.05
0.98,27.47,53.53
4.64,40.71,79.04
8.73,40.89,98.51
8.48,45.65,105.83
11.78,51.09,110.60
12.82,52.67,112.92
13.49,50.72,117.31
12.63,48.22,127.69
10.56,50.60,135.86
7.87,44.49,142.46
2.81,32.59,139.65
-0.61,28.75,131.04
-3.78,24.78,125.31
-7.57,26.43,123.72
-8.85,18.92,121.89
-12.33,10.74,120.54
-6.04,2.44,115.78
-5.43,8.73,110.66
-7.45,7.14,103.52
-8.91,-0.18,104.80
-10.50,-0.98,104.13
-13.67,-5.07,104.55
-19.65,-8.85,103.45
-17.88,-7.69,107.60
-15.87,-4.33,102.66
-6.90,-10.74,107.67
-4.76,-10.50,104.49
-3.17,-8.18,93.51
2.56,-12.70,97.47
-2.20,-17.15,93.08
-3.60,-11.90,75.62
-1.16,-9.52,67.32
-4.58,-10.56,68.05
-3.17,-11.47,67.81
-3.11,-13.55,65.86
0.55,-15.56,63.72
-2.38,-17.70,57.62
-1.04,-12.76,50.48
0.43,-7.32,46.14
-2.69,-5.00,34.91
4.70,-3.36,39.67
2.08,-2.93,34.06
4.46,0.49,23.99
5.49,3.36,17.21
4.46,6.84,9.22
















-,-,-
1.83,0.24,-0.79
2.32,0.55,-1.10
2.56,0.49,-0.73
2.38,0.55,0.00
2.01,0.43,0.18
1.40,0.06,-0.12
0.67,-0.24,-0.31
0.67,-0.61,-0.43
0.92,-0.73,-0.55
1.28,-1.04,-0.98
1.28,-1.77,-1.65
1.59,-2.50,-1.46
1.77,-2.87,-1.04
1.65,-2.99,-0.73
1.16,-2.62,-0.61
0.12,-2.20,-0.73
-0.49,-1.77,-0.92
-1.04,-1.10,-0.61
-1.10,-0.67,-0.37
-0.85,0.00,0.12
-1.28,0.24,0.18
-1.71,0.12,-0.18
-2.14,-0.18,-0.49
-2.26,-0.79,-0.61
-1.53,-0.67,-0.92
-0.49,-0.49,-1.16
0.49,-0.67,-1.22
1.04,-0.67,-1.34
0.61,-0.79,-1.10
-1.22,-1.10,0.00
-0.67,-0.73,6.16
1.71,1.53,15.50
5.25,6.96,29.54
12.15,9.40,46.45
22.16,15.81,72.94
31.49,24.11,94.42
42.11,18.43,115.91
47.00,24.48,127.99
50.29,26.79,131.47
52.31,31.07,142.21
52.25,36.01,160.03
54.26,33.51,177.12
47.30,27.04,187.26
37.17,25.09,186.89
26.37,20.75,185.73
14.28,6.65,182.92
0.55,-5.62,175.72
-6.71,-3.78,156.01
-12.76,-9.28,129.33
-13.37,-2.75,109.80
-13.18,-1.40,98.14
-11.11,3.42,88.20
-7.87,11.96,83.56
-5.74,11.29,86.91
-10.86,13.06,85.69
-13.00,16.05,69.21
-13.55,15.81,47.61
-5.92,12.39,28.44
-1.16,16.66,5.25
6.10,20.20,-17.94
-2.01,20.69,-53.28
-6.47,21.67,-107.24
-11.90,22.95,-150.27
-21.00,25.82,-173.65
-28.75,28.08,-177.67
-32.78,26.98,-165.71
-30.15,21.79,-143.74
-23.74,13.24,-120.06
-15.08,2.38,-98.88
-7.45,-9.77,-81.85
-1.28,-22.95,-67.99
5.74,-37.96,-55.48
13.12,-54.93,-43.58
21.24,-54.87,-30.82
16.30,-22.34,-10.50
38.51,-15.50,-0.18
51.82,-20.39,-0.24
57.13,-29.60,-6.65
68.12,-22.58,-9.58
85.08,-29.54,-11.90
100.16,-32.84,-5.62
117.74,-41.44,2.01
129.27,-43.76,12.02
136.84,-46.02,12.63
136.54,-39.55,10.62
123.41,-33.14,12.45
100.65,-28.38,16.36
69.15,-3.97,13.00
44.56,-8.12,15.26
19.84,2.93,12.08
4.52,9.28,6.47
-3.42,0.06,2.81
-8.42,-10.62,0.37
-11.78,-13.92,-0.98
-14.71,-10.19,-0.37
-16.85,-2.62,1.16
-21.24,8.42,0.98
-28.56,29.54,-3.30
-37.05,49.80,-19.90
-40.71,52.55,-46.39
-41.81,50.84,-71.41
-43.33,53.65,-93.63
-42.72,61.40,-113.65
-40.83,65.61,-128.17
-39.00,60.55,-134.46
-36.62,44.98,-132.57
-35.10,23.01,-123.54
-34.61,1.46,-108.34
-33.69,-16.24,-89.66
-30.94,-28.93,-71.29
-25.27,-39.79,-53.71
-20.20,-53.10,-36.99
-20.94,-67.44,-19.84
-24.48,-77.88,-2.93
-27.83,-84.17,13.79
-26.00,-70.62,14.40
-22.77,-36.01,-12.08
-7.02,-19.96,-18.55
1.40,-20.20,-6.96
-2.01,-15.63,0.85
9.58,0.85,1.40
22.34,11.23,13.85
35.16,14.16,52.49
45.17,14.47,90.27
52.98,13.98,111.94
53.71,17.82,117.49
53.22,21.18,122.99
52.86,24.23,133.48
55.24,15.14,141.91
57.43,8.12,151.98
56.40,9.64,156.62
51.76,7.32,158.94
42.91,6.53,157.59
36.32,1.46,158.57
26.06,0.55,156.37
15.69,-2.32,144.84
8.42,-17.33,137.27
4.27,-24.48,128.17
1.34,-26.79,130.37
-1.34,-23.01,133.18
-0.61,-18.62,118.41
3.36,-21.73,106.69
2.26,-30.46,91.67
2.44,-36.68,88.32
0.00,-32.29,81.36
-2.01,-33.08,83.92
-8.24,-34.36,75.50
-5.80,-27.71,67.75
-2.08,-28.69,71.29
-6.71,-24.17,67.32
1.16,-27.22,70.98
0.61,-31.62,70.80
-1.95,-28.93,56.34
0.00,-26.37,51.27
-2.56,-27.65,46.88
6.10,-29.85,48.58
5.74,-28.20,52.00
-1.46,-22.52,37.90
4.39,-20.75,31.37
1.16,-19.78,25.02
3.54,-14.10,17.70
1.59,-7.93,10.74
3.05,-1.83,3.85
4.15,1.53,-0.06
4.15,2.99,-1.71
3.42,3.11,-1.95
2.62,2.93,-1.46
1.40,2.38,-0.79
1.10,2.32,-0.67
0.98,2.62,-0.37
1.34,3.36,-0.49
2.01,4.03,-1.04
3.05,3.54,-0.49
5.25,4.15,0.12
0.43,4.82,-0.79
-2.32,5.80,-1.59
-2.69,7.02,-2.14
-3.42,9.46,-2.14
-6.16,11.78,-2.99
-4.70,13.98,-3.97
















-,-,-
1.53,0.18,0.24
1.34,0.79,0.37
1.34,1.40,0.43
1.46,2.01,0.61
1.89,2.20,0.92
1.89,2.14,1.46
1.53,2.14,1.40
1.10,2.32,0.92
0.98,2.50,0.49
1.28,2.56,0.12
1.22,2.38,-0.24
1.04,1.89,-0.24
0.85,1.40,0.12
0.43,1.22,0.37
0.49,0.98,0.49
0.37,0.55,0.12
0.55,0.92,-0.92
0.92,1.40,-1.71
1.22,1.22,-2.08
1.16,1.59,-2.50
0.79,1.71,-2.62
1.10,1.40,-2.20
1.46,1.22,-1.53
1.53,1.10,-0.73
1.53,1.10,-0.12
1.65,1.22,0.24
1.46,1.28,0.61
1.59,1.16,1.04
1.59,0.79,1.34
0.98,0.67,0.98
1.28,0.49,0.73
1.46,0.98,0.73
1.28,1.59,1.04
1.53,2.08,1.53
1.83,2.01,1.89
1.40,2.14,1.77
1.34,2.38,1.28
1.40,2.14,1.46
1.77,1.89,1.77
2.44,1.40,2.08
2.44,0.98,1.83
2.14,0.73,1.28
1.46,0.67,1.04
0.98,1.46,0.92
0.92,2.14,1.04
0.73,2.62,1.22
0.24,2.56,0.61
-0.06,1.71,-0.55
0.31,0.31,-1.10
0.00,-0.67,-1.04
-1.04,-1.59,-0.55
-2.20,-3.17,0.12
-3.05,-5.55,1.46
-3.30,-10.56,3.72
-4.76,-14.95,5.86
-4.46,-17.58,7.69
-2.38,-21.97,11.11
0.06,-29.54,15.63
0.61,-32.90,18.86
-2.50,-18.98,15.63
2.20,-10.80,10.80
2.93,-8.79,23.86
-1.46,-7.32,36.07
7.14,-5.80,53.34
18.31,-1.89,85.21
39.86,4.27,123.78
74.28,15.93,172.49
101.56,10.80,222.66
84.17,24.17,244.20
90.58,29.54,273.32
84.23,23.44,302.67
85.88,19.23,315.31
82.52,7.20,306.15
64.21,-4.21,270.57
47.12,-5.19,227.17
33.02,-4.82,184.02
20.32,-9.16,153.08
14.65,-14.47,134.77
12.02,-15.01,126.83
10.25,-14.40,118.23
6.59,-17.33,110.84
0.24,-8.42,92.53
-3.97,-6.41,72.27
-11.84,1.22,48.65
-12.27,5.98,33.81
-14.83,10.13,13.49
-9.95,12.21,-5.92
-0.49,14.59,-19.29
2.75,14.89,-38.94
1.04,12.70,-66.16
-2.14,14.40,-109.99
-4.46,24.54,-157.23
-6.41,36.38,-196.84
-9.22,47.18,-216.37
-17.40,57.19,-212.77
-32.59,61.22,-196.66
-40.53,54.99,-175.54
-37.17,42.18,-152.89
-28.02,25.39,-130.13
-18.55,1.34,-107.73
-8.73,-21.97,-83.37
-16.36,-8.48,-51.51
-15.93,8.79,-23.99
9.64,7.26,-6.04
16.42,-0.49,-7.32
21.12,-15.01,-17.64
26.92,-27.04,-22.46
27.89,-18.98,-18.19
37.29,-17.09,-9.83
49.87,-14.22,-3.05
67.08,-20.75,7.63
81.48,-22.58,8.54
90.64,-16.66,10.38
94.85,-16.17,8.54
97.41,-22.22,2.75
88.75,-22.83,-3.48
72.20,-22.09,-13.49
52.92,-21.61,-16.54
32.17,-16.72,-12.33
15.50,-7.69,-9.03
1.10,2.32,-5.49
-6.77,1.10,-6.53
-11.72,-4.09,-7.57
-15.75,-12.08,-10.62
-18.62,-18.49,-15.44
-21.91,-20.20,-22.52
-29.60,-15.93,-41.93
-32.41,-9.89,-79.53
-34.42,-2.75,-107.18
-37.35,10.01,-121.40
-40.10,24.60,-128.11
-43.52,32.17,-134.64
-45.47,29.42,-145.69
-47.91,16.78,-156.19
-56.46,-1.59,-156.74
-62.19,-19.10,-140.20
-49.13,-40.65,-105.29
-37.17,-59.27,-59.20
-25.02,-69.27,-10.44
-23.99,-38.45,20.63
-23.13,12.45,9.46
8.42,16.17,13.85
16.24,11.72,25.45
21.85,5.19,53.10
43.95,-1.10,100.71
64.45,-0.31,144.78
79.96,10.74,191.28
91.00,17.64,237.61
90.27,17.70,270.02
86.00,22.16,288.64
82.58,18.98,297.18
77.70,16.54,293.15
80.99,11.66,287.90
80.02,0.98,276.25
67.14,-8.97,248.72
52.25,-23.38,214.05
38.21,-22.46,179.99
31.43,-30.52,156.19
22.46,-30.40,133.73
16.05,-34.18,119.14
16.85,-37.41,111.08
17.40,-47.36,107.30
18.01,-48.34,96.56
10.13,-41.99,77.27
17.46,-35.34,70.25
17.15,-34.97,62.32
19.84,-37.05,64.03
8.48,-25.82,45.10
4.58,-20.32,32.84
1.34,-8.48,13.61
1.28,-3.17,0.55
2.62,-0.85,-3.36
7.02,-0.98,-1.89
6.59,-0.37,0.43
2.26,0.37,-0.31
1.89,1.40,-1.22
-5.31,3.42,-2.08
-10.80,4.88,-5.68
-9.95,5.25,-8.79
-14.16,6.84,-10.93
















-,-,-
1.71,1.16,1.16
1.71,1.34,1.04
2.26,1.59,1.16
2.14,2.08,1.34
1.59,1.59,1.22
1.22,0.43,0.85
1.34,-0.24,0.92
1.59,-0.49,1.04
1.71,-0.73,2.01
2.32,-0.61,2.69
2.69,-0.31,3.23
2.56,0.31,3.11
2.38,0.43,2.99
3.05,0.92,2.87
3.30,1.46,2.81
3.60,1.59,2.38
3.72,1.46,2.75
3.72,1.71,3.11
3.78,1.46,2.81
3.85,1.34,2.38
3.23,1.22,1.89
2.81,1.16,1.53
2.62,1.22,1.16
2.62,1.22,1.22
2.69,0.73,1.46
2.62,-0.12,0.98
1.71,-1.71,-0.49
1.53,-4.21,-2.14
3.66,-4.94,2.69
6.16,2.08,17.52
6.77,9.34,31.31
8.24,16.91,45.41
13.37,33.87,71.29
20.45,49.80,98.39
29.11,67.20,126.59
36.13,78.61,153.38
41.32,88.50,172.30
46.63,95.34,199.28
40.34,86.67,221.86
35.16,83.68,231.08
37.05,76.72,232.24
27.47,59.20,222.23
17.40,48.77,203.92
12.21,32.78,187.68
8.67,17.27,167.48
15.32,21.79,152.34
10.31,16.91,130.43
2.50,13.85,109.68
1.34,8.91,96.01
-1.65,10.38,85.27
-0.49,12.94,76.48
-0.18,17.94,74.04
-6.29,21.97,57.01
-3.17,24.29,37.54
-2.08,22.16,17.21
-0.18,22.16,-10.56
-2.69,20.26,-39.00
-10.80,13.92,-80.51
-13.79,12.08,-124.21
-11.11,12.70,-160.64
-8.30,14.10,-183.65
-8.24,11.47,-189.39
-9.16,3.11,-179.69
-6.90,-7.20,-157.17
-1.71,-15.63,-125.18
3.60,-20.69,-89.29
9.46,-27.71,-57.07
19.04,-39.18,-32.35
25.45,-52.61,-14.10
27.53,-46.75,-6.35
27.71,-23.56,-6.29
34.30,-17.15,-3.54
35.89,-15.69,2.99
39.86,-13.43,7.14
54.99,-14.71,9.46
77.70,-25.09,16.42
100.04,-37.29,23.74
112.43,-40.16,23.86
116.88,-42.48,26.92
99.79,-33.45,25.15
80.81,-27.40,19.35
62.32,-22.83,14.04
45.29,-12.33,5.49
33.26,-13.67,4.03
20.51,-6.41,6.10
7.45,0.00,2.93
-1.46,1.46,0.18
-7.93,7.57,-0.73
-11.84,8.61,-1.71
-12.88,2.99,-3.72
-14.53,-1.04,-6.23
-17.27,-1.71,-8.12
-19.41,2.50,-9.77
-22.03,12.33,-16.30
-30.09,23.38,-38.09
-38.45,24.41,-75.20
-43.27,13.43,-105.65
-47.55,4.58,-125.92
-48.03,-0.67,-140.44
-48.10,-4.21,-149.90
-47.55,-9.03,-152.65
-44.74,-17.40,-143.80
-36.62,-27.28,-121.34
-28.14,-35.58,-91.61
-22.28,-43.15,-63.90
-15.63,-51.64,-43.27
-10.38,-59.81,-26.61
-8.00,-44.68,-21.67
3.17,-10.86,-24.66
9.22,-5.25,-6.84
4.27,-7.75,9.52
-2.26,-7.81,11.35
-2.44,-6.84,5.86
0.92,-6.16,4.39
3.97,-2.32,14.71
10.31,4.52,36.07
16.11,13.24,57.92
21.91,24.48,85.08
22.89,33.81,110.47
20.87,39.18,128.78
18.80,52.98,141.30
20.94,49.50,156.25
21.12,52.86,165.53
28.63,56.70,184.27
29.85,54.32,204.65
25.94,50.05,216.55
26.00,46.08,216.67
24.29,38.02,217.10
17.58,33.33,216.74
8.61,26.86,204.90
8.97,13.73,187.13
15.32,4.27,172.00
11.47,-3.85,163.33
4.52,-22.77,167.60
-2.01,-31.43,158.87
11.96,-31.19,154.30
7.69,-24.17,147.09
1.65,-24.41,125.49
4.15,-26.92,110.23
10.44,-26.06,102.78
8.00,-28.38,94.42
4.15,-23.50,77.82
6.41,-14.28,60.85
3.36,-13.43,46.14
1.40,-10.80,33.20
-0.18,-1.53,8.61
1.46,6.10,-1.16
0.98,11.47,-2.26
-1.95,13.24,-2.26
-4.64,13.37,-4.76
-6.65,12.63,-7.51
-9.22,12.21,-10.13
-10.68,12.94,-14.71
-12.33,15.87,-22.34
-15.01,24.23,-32.78
-17.70,42.48,-44.31
-23.68,66.83,-57.07
-30.76,91.67,-77.76
-36.13,113.28,-107.73
-40.28,128.17,-146.61
-46.39,134.09,-190.92
-57.92,133.73,-233.95
-69.46,126.53,-266.05
-70.13,107.97,-286.32
-54.69,78.61,-299.32
-39.00,44.56,-306.52
-29.85,10.80,-305.54
-27.47,-18.19,-297.42
-33.39,-41.26,-283.26
-45.41,-59.33,-267.76
-61.04,-77.58,-255.13
-90.45,-104.31,-248.17
-117.19,-138.06,-241.76
-135.01,-165.65,-237.18
-158.57,-171.75,-237.92
-182.07,-174.56,-237.06
-203.43,-170.84,-239.50
-233.22,-162.48,-239.69
-274.41,-154.97,-232.18
-308.04,-149.17,-230.16
