-,-,-
5.00,-3.42,6.71
7.93,-7.69,7.75
7.32,-14.65,8.91
3.11,-21.73,7.69
-1.10,-25.82,2.81
-3.23,-26.49,-0.55
-4.21,-23.74,0.31
-2.93,-19.65,1.65
-0.49,-14.77,2.20
0.98,-10.50,2.81
1.40,-7.20,3.42
2.20,-4.58,4.03
4.94,-2.56,4.09
7.87,-1.04,3.85
10.68,0.31,3.66
12.63,0.43,3.54
10.93,-0.73,2.38
6.65,-2.99,1.10
1.77,-5.37,0.37
-2.26,-6.53,-0.24
-3.78,-6.47,-0.37
-3.05,-5.62,0.37
-1.40,-3.91,0.92
0.00,-2.50,0.85
-0.18,-1.40,0.61
0.49,-0.55,0.79
2.20,-0.31,1.10
3.85,-0.43,1.28
4.09,-0.92,1.28
3.60,-1.40,0.98
3.36,-1.34,1.04
4.15,-1.04,1.28
5.80,-0.73,1.59
7.93,-1.16,1.77
7.87,-2.50,1.40
4.82,-4.46,0.67
1.04,-5.80,-0.37
-0.85,-5.74,-1.10
-0.55,-4.46,-0.98
0.67,-2.32,-0.31
2.20,0.00,0.61
3.78,1.95,1.65
5.31,3.30,2.50
7.39,4.09,3.42
10.74,5.00,4.82
14.71,4.94,6.77
21.12,1.77,9.52
28.38,-7.20,15.87
33.75,-6.71,18.13
43.46,-7.87,16.91
49.50,-17.27,19.71
51.76,-18.74,20.32
59.57,-25.02,23.32
63.96,-31.37,29.91
70.80,-31.43,32.96
80.44,-27.04,36.19
89.11,-26.37,39.12
97.29,-32.53,43.82
104.49,-46.45,43.76
104.92,-53.65,40.28
102.05,-64.21,37.17
92.59,-66.41,34.73
92.04,-68.79,27.77
93.57,-61.40,28.02
95.28,-51.45,27.71
101.87,-53.34,26.67
107.06,-51.82,30.76
106.26,-48.22,37.54
105.53,-43.33,41.20
101.32,-39.79,34.06
103.45,-32.23,30.27
104.68,-32.47,34.30
104.25,-25.76,34.97
104.43,-31.49,35.77
102.97,-32.53,39.12
94.67,-27.89,33.69
76.66,-28.38,26.18
54.20,-15.44,26.00
39.55,-9.34,23.19
29.11,5.49,23.07
30.09,-1.53,16.85
35.22,5.49,16.72
37.54,7.20,19.04
33.51,-2.69,16.24
28.56,-16.78,12.57
19.29,-19.59,9.22
5.92,-10.62,5.19
-8.85,-2.08,4.33
-18.37,4.94,7.14
-28.32,16.66,12.33
-39.25,32.78,17.76
-49.01,57.80,20.69
-57.68,96.13,8.79
-66.89,128.60,-29.48
-66.47,143.55,-81.60
-63.84,140.44,-124.88
-67.14,126.77,-158.26
-71.35,109.99,-185.91
-75.99,93.81,-203.25
-81.60,79.35,-206.85
-91.43,65.43,-202.15
-100.77,52.25,-197.20
-103.15,41.63,-191.89
-91.86,30.21,-185.91
-91.43,15.26,-176.57
-100.65,-0.85,-168.03
-115.97,-14.83,-165.59
-133.12,-24.05,-166.69
-135.56,-31.56,-163.45
-139.16,-40.89,-151.55
-147.28,-47.00,-138.61
-158.75,-47.06,-123.78
-167.36,-45.29,-106.02
-173.22,-44.92,-89.05
-172.73,-48.52,-71.66
-156.13,-52.00,-50.42
-126.16,-54.02,-19.96
-104.61,-53.22,15.93
-80.20,-38.27,49.13
-72.08,-43.82,71.78
-50.48,-45.59,85.88
-56.88,-49.32,94.24
-52.67,-34.85,20.45
20.39,-23.50,-44.86
-15.56,-22.22,-17.40
-32.65,-21.48,14.10
-18.62,-15.01,24.96
28.14,-7.02,25.21
53.83,8.54,28.08
50.84,20.39,40.22
68.05,32.29,54.14
78.25,37.41,66.28
86.18,40.89,88.32
87.10,40.83,113.40
85.08,36.32,126.10
87.65,33.08,133.61
88.75,36.32,144.04
85.45,40.16,151.00
78.06,39.86,153.75
76.90,40.16,159.73
76.17,45.17,175.17
72.75,46.14,188.48
71.17,39.31,200.07
68.91,42.05,201.97
67.75,48.58,208.19
54.69,44.86,195.37
43.03,47.06,184.14
37.23,43.82,164.73
32.29,37.05,150.33
26.86,33.75,142.21
21.55,25.82,140.26
14.04,7.39,136.72
5.74,-3.78,118.77
7.39,-4.09,107.30
2.32,-3.72,112.85
-24.41,0.73,73.91
-33.14,0.85,1.46
-23.13,3.42,-8.00
-23.56,2.62,78.67
-25.57,-1.95,147.22
-17.82,0.67,152.59
-0.49,4.09,136.72
5.00,2.62,114.32
2.87,-3.91,84.47
3.30,-7.87,64.03
2.20,-15.50,43.33
0.67,-18.80,31.98
3.48,-15.69,16.54
4.70,-12.45,4.58
-2.14,-8.97,0.98
-11.23,-6.29,3.91
-18.01,-8.48,23.56
-21.30,-11.60,47.49
-19.90,-15.63,55.73
-12.08,-6.53,46.08
-3.30,-3.05,47.67
-4.70,-5.37,38.51
1.46,-0.92,23.25
1.83,-0.06,24.78















-,-,-
-8.97,-23.44,13.06
-8.79,-20.87,10.19
-5.86,-15.99,8.97
-2.08,-10.62,8.12
1.53,-6.04,6.77
3.72,-2.75,6.35
5.98,-0.67,6.77
8.00,-0.85,7.32
6.90,-3.60,7.39
3.60,-7.63,5.55
-0.18,-11.84,3.60
-3.36,-14.47,2.32
-4.27,-14.28,1.16
-3.05,-11.72,0.43
-1.10,-7.81,0.06
0.92,-3.66,0.06
2.32,-0.73,0.24
2.32,0.55,0.61
1.71,0.55,0.79
0.31,0.00,1.22
-0.79,-0.67,1.46
-1.04,-1.40,1.83
-0.24,-1.77,2.32
1.34,-2.01,2.69
2.44,-2.26,2.93
2.69,-2.50,3.17
2.62,-2.81,3.11
2.26,-3.30,3.30
2.14,-4.03,3.48
2.20,-5.07,3.48
2.75,-6.47,3.78
4.15,-8.36,4.94
6.96,-12.63,7.75
13.06,-20.57,12.82
20.94,-26.25,17.40
32.53,-33.45,22.03
46.75,-48.71,30.40
59.20,-56.76,39.18
76.72,-64.76,44.25
93.99,-66.22,52.25
107.91,-66.65,60.18
104.06,-55.91,58.96
101.44,-42.36,59.81
93.81,-28.56,59.63
92.41,-17.15,54.02
91.67,-10.56,50.48
85.75,3.91,51.03
83.07,-3.72,54.14
77.88,-5.80,51.03
75.87,-9.16,48.03
76.60,-11.54,43.27
82.46,-17.27,37.05
90.45,-27.47,27.77
89.90,-25.88,28.69
88.62,-22.58,31.43
85.51,-20.75,30.58
84.84,-17.64,29.48
82.28,-16.66,25.45
85.14,-17.88,23.56
84.05,-27.59,18.80
89.66,-38.51,19.04
93.81,-40.53,39.43
93.69,-34.73,37.35
94.67,-33.63,30.46
90.39,-21.30,33.14
76.05,-9.77,35.03
57.98,-2.62,26.12
41.93,14.53,19.41
32.96,30.58,13.98
30.46,30.21,14.28
26.86,20.63,14.53
21.30,9.16,10.74
13.73,-2.08,6.77
6.04,-7.69,2.75
2.20,-9.22,-0.31
-2.99,-8.30,-2.32
-14.10,-4.70,-4.76
-27.71,3.42,-7.51
-39.92,18.13,-9.52
-49.44,41.93,-14.59
-53.41,71.90,-26.98
-56.15,97.60,-52.86
-49.87,109.25,-95.46
-39.73,105.77,-132.69
-32.96,90.45,-158.57
-30.58,70.01,-175.66
-36.80,48.46,-187.01
-44.80,28.69,-191.28
-57.62,15.63,-188.72
-68.24,7.87,-183.04
-72.75,3.23,-174.19
-69.21,-1.28,-162.78
-56.88,-10.13,-151.67
-57.62,-21.67,-141.11
-64.09,-32.29,-132.14
-69.95,-39.73,-126.77
-74.16,-42.05,-123.78
-75.74,-40.10,-120.36
-77.82,-35.58,-114.26
-82.58,-33.08,-105.65
-91.31,-33.45,-95.76
-95.28,-33.45,-86.18
-98.57,-33.45,-78.61
-102.05,-36.19,-74.95
-95.03,-39.92,-74.71
-82.46,-40.22,-75.99
-58.41,-27.22,-74.22
-53.65,-2.20,-67.44
-84.72,-11.60,-48.46
-90.52,-40.41,-29.91
-79.16,-49.62,-17.58
-69.76,-43.33,-5.19
-64.70,-40.16,10.31
-60.73,-43.82,26.18
-52.86,-47.55,34.18
-49.50,-47.49,32.41
-50.11,-47.49,26.61
-72.94,-40.95,10.19
-102.36,-30.33,-22.03
-103.94,-22.71,-21.36
-102.17,-15.20,-15.93
-92.59,-8.48,-16.54
-74.22,-6.35,-18.92
-58.72,-9.22,-18.92
-47.91,-12.70,-13.49
-38.02,-9.58,-4.03
-25.39,-3.23,5.55
-13.79,1.95,12.45
-6.53,5.07,13.67
1.71,7.20,14.10
26.92,11.23,20.57
57.07,19.90,31.13
78.61,26.55,36.13
109.25,37.96,47.97
136.35,50.78,66.71
149.66,65.73,87.71
153.81,66.65,103.58
154.54,65.61,116.88
162.54,63.72,129.46
160.46,61.83,148.68
150.57,62.50,162.72
138.06,71.59,180.05
113.22,90.70,191.04
93.51,101.62,191.65
91.55,101.44,191.59
97.29,92.10,196.53
94.48,78.55,198.97
79.90,82.34,202.76
64.94,75.74,195.01
53.83,69.95,183.11
44.92,52.61,175.72
30.70,35.77,164.43
20.75,27.83,155.94
12.21,24.96,142.82
7.57,25.09,133.61
5.00,18.37,148.86
4.88,15.69,164.43
12.88,18.01,165.95
7.51,13.43,135.62
0.73,2.75,75.26
0.49,-6.59,22.77
2.75,3.17,70.86
-17.46,24.54,186.52
-21.61,30.15,225.52
-18.37,26.67,196.59
-13.43,10.68,163.27
-23.38,-12.70,135.62
-33.02,-22.77,106.32
-37.96,-23.01,70.31
-30.64,-20.39,44.25
-17.27,-12.27,40.65
-7.87,-7.63,50.05
-6.65,-4.27,69.89
-8.97,-7.32,103.52
-17.27,-17.15,129.64
-20.51,-17.58,126.04
-12.82,-24.66,114.32
3.11,-27.34,114.62
-4.15,-19.71,102.17















-,-,-
1.40,-1.28,0.98
1.10,-1.83,0.98
0.79,-2.08,0.92
1.10,-1.77,0.92
1.59,-1.53,1.28
2.32,-1.22,1.53
3.30,-0.92,1.77
4.03,-1.22,1.83
4.39,-1.95,1.83
4.21,-2.50,1.65
3.17,-2.87,1.40
2.81,-2.75,1.22
2.75,-2.50,1.53
3.11,-2.26,2.01
3.11,-1.59,1.71
3.42,-0.92,1.71
2.69,-0.79,1.89
2.26,-0.92,1.59
2.08,-1.46,1.16
1.53,-2.20,0.79
1.28,-2.69,0.37
0.73,-2.93,0.18
0.79,-2.69,0.18
1.28,-2.26,0.37
1.65,-1.71,0.37
1.71,-1.04,0.55
1.59,-0.49,0.73
1.46,0.06,1.16
1.40,0.67,1.71
2.20,1.28,2.20
3.78,1.71,3.17
5.68,1.83,4.33
7.14,0.55,6.41
9.09,-2.99,9.03
12.15,-7.57,11.41
15.32,-11.17,13.43
21.36,-17.94,16.54
30.40,-24.05,22.28
40.65,-27.95,25.94
52.12,-30.46,28.81
62.26,-30.27,33.39
70.43,-29.97,39.00
78.43,-29.17,43.46
85.08,-25.21,43.82
89.60,-21.00,42.24
89.29,-15.81,39.49
87.04,-14.53,38.70
83.68,-14.89,40.71
79.77,-17.09,40.41
80.87,-25.82,35.89
84.66,-29.42,32.84
86.24,-22.89,28.99
87.34,-22.22,29.85
86.67,-26.55,31.31
87.28,-25.88,41.08
88.99,-30.58,33.87
93.02,-30.70,24.11
93.69,-32.90,24.72
96.37,-33.45,23.93
101.62,-30.82,23.32
106.08,-26.86,24.60
103.39,-23.01,26.37
99.30,-25.09,28.50
86.61,-17.15,32.41
66.65,-10.62,32.10
46.69,-4.70,23.99
30.15,4.03,13.49
17.09,9.40,10.68
4.88,17.15,8.54
-2.44,16.97,5.19
-8.42,13.37,4.39
-17.03,13.79,2.38
-25.88,18.13,-1.22
-36.32,30.46,-9.28
-49.80,52.31,-36.68
-63.05,70.19,-85.63
-68.42,79.77,-125.92
-69.15,81.91,-158.26
-67.20,72.63,-186.77
-68.12,56.58,-210.57
-73.85,37.60,-225.46
-80.93,19.47,-231.69
-85.94,2.01,-228.21
-92.53,-13.24,-214.78
-94.12,-26.67,-198.49
-100.77,-38.02,-183.72
-109.99,-45.10,-168.52
-115.84,-44.98,-148.86
-127.93,-36.74,-126.65
-132.02,-25.02,-106.63
-124.33,-21.30,-87.89
-113.77,-29.66,-69.95
-106.26,-40.28,-55.97
-101.87,-48.34,-48.65
-99.49,-55.05,-46.39
-99.06,-61.58,-45.41
-97.41,-68.48,-44.19
-103.27,-76.23,-41.81
-97.17,-82.21,-36.62
-69.58,-73.43,-27.10
-71.53,-72.02,2.38
-70.50,-68.73,35.77
-59.39,-64.15,67.26
-44.07,-55.97,94.73
-41.26,-39.98,107.36
-15.56,-4.21,10.25
30.52,-5.80,-31.31
-17.94,-0.43,-2.08
-4.33,14.83,40.77
52.00,30.15,62.99
96.01,49.87,75.87
140.14,65.12,88.13
156.37,70.56,94.73
158.81,74.83,106.20
143.55,81.54,120.30
119.14,84.41,131.29
104.80,80.93,142.88
93.93,75.26,155.88
82.09,68.73,166.93
73.79,59.81,177.55
68.54,42.24,178.22
62.56,31.01,172.55
61.34,23.01,163.02
56.64,26.00,163.51
47.85,32.47,173.58
48.65,36.32,182.74
48.10,49.07,199.34
42.42,58.78,202.82
39.73,55.18,200.38
32.35,52.00,188.17
25.88,37.72,162.23
19.41,24.29,132.63
15.08,18.49,116.64
5.62,14.65,111.33
2.93,13.00,115.97
-5.55,13.12,116.76
-8.12,19.41,74.95
-3.48,8.18,16.48
-1.65,-0.12,6.41
-6.84,-0.92,36.32
0.24,2.87,132.87
-3.23,11.23,236.08
3.36,15.14,237.37
34.48,8.54,197.75
35.64,-1.46,155.40
34.36,-16.54,126.59
21.24,-32.35,79.22
16.48,-56.58,31.86
8.91,-63.17,6.59
-0.73,-52.92,-4.39
-4.88,-43.58,7.81
-11.66,-22.16,38.88
-22.16,-8.54,76.84
-26.37,0.61,101.99
-30.03,6.77,108.83
-34.73,5.86,99.91
-33.08,-2.56,90.64
-28.08,-6.59,89.17
-19.65,-5.37,87.89
-10.25,-5.92,83.07
-7.32,-3.72,84.78
-8.48,-6.47,90.39
-7.39,-20.20,101.68
-6.35,-31.80,106.38
-6.41,-35.89,92.41
-7.93,-36.87,73.00
-4.58,-40.71,67.87
1.71,-42.91,74.10
2.87,-38.02,74.40
5.19,-33.94,66.16
1.89,-34.06,65.31
0.61,-29.97,55.18
-0.61,-25.70,45.47
-3.36,-19.29,37.48
-1.71,-16.72,29.97
-4.03,-11.29,19.65
-4.21,-2.93,5.74
-6.35,2.62,-1.22
-5.92,6.96,-3.17















-,-,-
0.73,0.18,-0.06
0.92,0.49,0.00
1.28,0.73,0.18
1.46,0.85,0.00
1.40,1.10,0.06
1.22,1.22,-0.12
0.79,1.34,0.00
0.79,1.34,0.06
0.85,1.40,0.18
1.34,1.53,0.31
2.01,1.46,0.31
2.01,1.10,0.49
1.65,0.85,0.49
1.83,0.79,0.61
2.75,1.34,0.98
4.09,1.59,1.34
4.58,1.59,1.77
4.70,1.53,1.83
4.21,1.40,1.71
3.97,1.59,1.46
3.85,1.46,1.10
3.54,1.16,0.98
2.56,0.61,0.98
1.53,0.31,1.10
1.22,0.18,1.10
1.71,0.24,1.28
2.26,0.12,1.40
2.99,-0.06,1.65
4.15,0.06,1.95
5.62,0.49,2.38
6.65,0.55,2.50
6.59,0.61,2.69
6.47,0.12,3.17
8.06,-1.71,5.00
12.15,-6.90,9.28
17.27,-10.80,13.12
24.96,-17.03,17.58
31.19,-15.99,19.71
38.51,-16.85,19.41
44.68,-19.47,21.36
49.87,-21.79,23.80
57.07,-22.52,27.16
62.38,-31.43,29.24
65.67,-33.87,27.65
69.52,-35.22,27.16
73.79,-40.22,27.04
83.31,-44.92,34.55
95.15,-39.92,52.37
104.49,-29.85,58.90
112.79,-28.08,60.73
113.40,-27.53,62.93
110.96,-37.11,54.63
104.61,-50.72,29.79
100.40,-50.11,27.16
94.85,-44.68,29.42
99.55,-44.01,31.43
107.97,-40.65,30.40
116.70,-45.59,30.03
120.61,-41.63,45.35
108.09,-24.78,53.83
88.20,-11.60,37.41
69.15,-6.71,17.09
47.85,5.74,13.85
34.24,4.76,12.45
24.35,3.66,4.76
13.18,1.34,0.61
0.61,-1.53,-1.77
-11.78,-6.53,-4.39
-24.35,-11.66,-5.86
-34.06,-12.27,-6.90
-38.33,-5.68,-8.06
-38.09,9.03,-10.31
-35.64,29.30,-18.62
-32.65,47.91,-41.26
-29.05,62.01,-78.43
-26.00,65.00,-119.08
-32.29,58.23,-153.69
-39.37,46.33,-177.61
-51.21,31.37,-191.41
-63.90,12.82,-197.02
-74.71,-4.03,-195.43
-91.43,-17.58,-190.43
-97.35,-31.13,-187.56
-109.80,-41.44,-182.98
-126.16,-49.74,-176.03
-147.64,-59.81,-168.88
-169.19,-69.52,-162.66
-181.21,-80.20,-152.65
-181.64,-91.86,-130.43
-182.86,-96.19,-102.72
-176.15,-93.26,-74.95
-162.72,-86.55,-47.67
-149.29,-77.45,-22.77
-100.83,-57.13,-3.54
-75.38,-33.02,19.29
-75.20,-27.34,54.69
-70.37,-17.46,76.23
-65.49,-6.47,77.45
-63.29,-2.50,67.14
-75.50,0.12,37.11
-52.55,-1.59,-29.48
-44.98,-6.29,-25.57
-41.20,3.17,0.98
-21.30,13.43,10.07
8.61,25.70,8.97
43.33,36.99,14.28
75.38,45.29,24.11
110.96,42.72,41.14
141.05,47.85,60.24
169.56,59.51,81.73
194.40,69.70,98.88
202.39,74.83,112.37
197.20,78.80,123.35
180.05,88.99,132.75
157.53,96.98,139.40
135.01,93.75,147.71
112.92,77.39,153.56
92.71,60.49,159.18
78.92,49.80,156.74
78.19,37.60,145.57
76.66,38.70,147.40
74.04,42.66,159.36
66.53,46.33,170.84
60.79,46.14,183.35
53.41,45.10,190.00
47.79,36.13,190.31
38.94,25.57,183.11
32.47,24.96,168.76
28.20,20.94,148.56
21.06,14.89,107.06
18.43,7.08,52.86
28.26,1.46,60.49
15.26,3.66,147.89
0.61,13.18,216.92
7.32,14.95,224.91
20.39,17.15,198.36
28.44,20.08,162.41
21.06,11.05,132.32
11.41,8.30,104.25
10.01,2.08,86.06
7.32,-4.21,76.84
4.94,-11.60,66.96
4.52,-14.53,65.67
4.27,-15.81,84.78
0.55,-14.04,107.42
4.03,-16.36,125.49
4.15,-16.78,132.69
4.58,-18.25,127.50
3.17,-18.13,113.40
2.50,-12.33,98.94
4.76,-11.17,96.74
3.85,-5.62,86.30
3.05,-4.46,77.33
-0.55,-11.29,83.50
-6.41,-16.78,97.41
-10.44,-19.59,110.90
-9.16,-24.90,117.68
-8.61,-26.73,110.17
-3.54,-27.65,96.31
-1.77,-28.02,85.88
1.04,-29.85,80.14
0.73,-27.10,74.10
-2.62,-20.32,71.66
-1.65,-21.12,77.21
3.60,-30.76,82.89
8.12,-39.73,82.82
5.37,-34.79,72.27
8.24,-35.71,62.74
6.71,-29.48,52.55
6.35,-25.15,43.46
5.62,-23.93,39.79
4.39,-18.92,30.52
1.71,-15.08,19.23
2.87,-8.73,7.93
1.46,-4.52,0.73
1.16,-0.98,-3.66
1.83,2.08,-5.55
1.95,3.78,-5.49
-0.31,4.52,-5.25















-,-,-
1.46,-0.61,2.26
1.04,-0.55,2.20
1.34,-0.37,1.95
1.65,-0.24,1.71
1.71,0.06,1.77
1.95,0.49,1.83
1.89,0.61,1.71
1.83,0.49,1.53
1.71,0.55,1.77
1.89,0.61,2.01
2.38,0.67,2.20
2.69,0.43,2.44
2.75,0.37,2.69
2.32,0.24,2.56
2.20,0.24,2.62
1.83,-0.24,2.38
0.43,-1.59,1.59
-1.40,-2.50,1.10
-2.81,-2.93,0.92
-2.87,-2.69,0.67
-1.83,-2.20,0.73
-0.73,-1.40,0.85
0.67,-0.43,0.92
1.59,0.37,1.22
2.50,0.92,1.46
3.17,1.40,1.71
3.60,1.89,2.01
3.78,2.08,2.26
3.66,2.14,2.32
3.17,1.95,1.95
3.85,0.49,2.26
5.74,-4.46,3.66
8.67,-12.02,5.74
13.37,-17.94,7.63
20.26,-23.50,12.76
26.79,-22.09,16.48
34.85,-21.48,20.02
42.18,-24.05,21.00
51.82,-26.18,24.84
62.19,-26.55,30.94
72.69,-29.36,40.41
79.83,-31.01,44.62
88.62,-31.43,47.12
94.18,-31.01,52.61
99.73,-31.25,57.07
104.55,-36.44,56.88
105.10,-29.85,52.73
108.52,-24.90,54.87
110.11,-21.36,54.63
114.32,-21.73,58.29
114.20,-29.11,56.03
113.77,-34.24,51.15
111.94,-38.33,44.98
110.29,-37.78,41.69
105.10,-31.07,40.77
103.33,-30.88,38.51
101.14,-28.50,38.33
98.21,-21.73,39.61
91.31,-15.20,35.22
79.77,-13.49,27.77
59.88,-6.96,21.61
42.11,-9.40,20.26
20.26,8.24,11.05
10.31,9.16,3.05
-0.73,2.14,0.85
-8.30,-3.60,-0.12
-15.93,-7.08,-0.98
-23.74,-9.46,-3.11
-30.52,-8.54,-5.37
-35.16,-4.39,-8.91
-39.61,5.31,-19.04
-44.56,18.98,-46.94
-41.32,25.94,-88.26
-41.81,29.85,-126.16
-50.90,29.48,-158.33
-57.68,22.03,-185.06
-57.86,12.76,-204.16
-53.10,3.11,-209.96
-52.25,-7.63,-206.36
-51.27,-17.64,-200.01
-54.75,-26.79,-192.32
-60.85,-34.55,-182.07
-71.11,-41.63,-169.80
-81.05,-50.11,-154.97
-87.89,-58.84,-136.35
-80.44,-67.81,-114.75
-81.36,-73.73,-93.51
-90.09,-69.40,-77.33
-89.78,-61.71,-63.48
-91.00,-55.24,-53.22
-90.39,-48.65,-47.85
-91.74,-41.26,-45.90
-64.88,-27.04,-45.65
-53.89,-12.57,-35.89
-62.32,-15.99,-11.23
-57.01,-23.99,7.81
-47.61,-28.99,23.74
-39.49,-25.63,37.05
-31.68,-17.09,52.55
-24.48,-7.39,67.63
-19.23,2.08,77.33
-33.33,7.08,31.43
-12.39,5.98,-25.15
-24.54,15.63,-12.94
-23.25,20.57,10.07
1.89,31.31,22.46
36.01,41.14,30.21
55.11,40.83,34.61
74.46,43.82,40.53
77.82,37.29,44.49
79.83,39.79,53.16
84.53,42.30,64.76
86.36,44.01,75.62
91.55,42.30,85.51
91.13,35.71,92.35
89.36,36.99,97.17
86.36,35.64,100.77
78.31,28.56,103.52
72.20,23.68,103.76
66.47,21.18,103.27
62.38,17.15,107.06
57.62,18.98,114.38
53.47,23.13,121.34
51.03,22.89,128.23
49.38,34.73,135.31
50.42,41.44,138.61
49.32,40.41,138.43
46.69,37.78,127.75
44.68,30.46,120.36
40.71,22.16,118.71
30.58,25.15,110.47
24.11,27.28,101.75
21.97,18.49,95.58
18.68,16.72,84.90
17.09,20.20,75.38
16.11,17.88,66.65
14.59,14.77,69.70
8.42,7.45,60.61
4.03,8.06,33.69
-1.77,3.72,17.52
-1.34,-4.03,11.29
7.26,1.10,69.40
6.41,9.70,145.39
7.87,15.50,170.35
24.35,19.65,166.69
24.60,11.90,151.43
16.97,13.37,119.26
12.70,16.17,85.39
7.63,5.98,54.26
5.49,-8.79,38.45
3.97,-21.12,42.48
1.53,-22.03,65.19
-1.46,-14.16,92.22
0.18,-12.27,119.93
-1.59,-3.54,134.09
-4.76,8.85,128.78
-2.01,9.34,121.83
-4.27,10.56,119.02
-8.67,9.22,114.44
-8.91,4.27,107.18
-7.51,-0.49,99.85
-1.77,7.39,93.38
-6.10,2.01,103.27
-3.11,-10.19,121.34
-4.27,-20.51,136.29
-12.08,-29.42,138.12
-17.46,-30.76,127.20
-26.98,-25.15,113.53
-24.72,-24.11,105.22
-24.60,-33.14,100.46
-20.57,-43.33,92.29
-16.11,-41.38,90.58
-17.40,-41.87,83.50
-13.12,-38.15,85.21
-9.58,-36.13,95.03
-14.89,-34.61,96.31
-11.78,-30.64,80.63
-6.53,-31.07,76.84
-3.48,-35.16,69.82















-,-,-
-0.92,3.54,-1.16
-1.22,3.97,-1.40
-1.77,4.21,-1.59
-2.14,4.15,-0.92
-2.20,4.33,1.65
-5.68,5.00,3.66
-5.19,5.68,3.85
-5.80,5.74,3.48
-6.35,6.47,3.23
-7.69,7.51,3.11
-9.46,7.39,3.66
-9.95,6.47,4.76
-9.95,4.70,5.74
-10.38,2.87,6.65
-10.50,1.89,7.14
-11.41,1.71,7.08
-11.47,2.38,7.08
-11.35,2.93,6.96
-10.44,3.17,6.90
-9.58,2.87,7.26
-9.03,2.32,7.26
-8.18,1.77,7.32
-7.02,1.83,7.93
-5.86,1.95,8.85
-4.21,1.53,9.28
-2.69,0.79,9.95
-2.01,0.31,10.62
-1.46,0.31,11.11
-1.22,-0.24,11.05
-1.22,0.49,10.93
-2.56,2.32,11.60
-4.64,4.21,13.92
-6.53,4.82,18.13
-7.81,2.38,23.86
-7.75,-3.54,30.09
-8.85,-13.37,34.97
-10.86,-24.35,36.74
-13.98,-34.42,36.74
-17.76,-41.50,35.22
-21.97,-43.03,29.11
-23.07,-38.39,21.61
-13.00,-25.27,11.47
-7.08,-18.07,12.39
4.64,-12.76,16.05
23.19,-6.29,15.01
39.25,-1.95,17.64
52.12,-3.17,22.16
62.01,-3.36,27.59
71.47,-6.35,24.11
77.88,-9.40,23.44
87.16,-8.73,35.34
98.88,-11.35,40.10
108.28,-16.91,54.44
118.41,-24.96,63.60
124.82,-30.27,62.56
130.98,-37.23,57.62
137.63,-37.60,55.91
144.04,-39.55,55.05
148.50,-41.63,56.76
155.33,-41.93,64.45
162.23,-42.85,61.22
162.23,-40.41,48.22
156.80,-38.70,48.40
149.72,-37.17,42.48
138.98,-36.13,36.19
122.74,-31.37,34.12
102.54,-29.85,34.67
79.47,-5.37,24.96
54.14,2.44,8.79
32.65,2.93,10.25
18.25,18.01,14.77
6.65,20.39,11.35
-1.77,18.25,9.89
-8.97,11.60,9.03
-20.02,7.63,7.08
-30.03,12.51,5.19
-39.31,35.89,-3.42
-49.26,66.71,-29.66
-60.30,93.87,-79.22
-67.14,109.01,-128.66
-70.98,103.03,-165.53
-79.90,79.53,-188.54
-93.75,50.35,-203.19
-105.53,24.41,-211.91
-115.05,3.30,-214.90
-120.18,-9.46,-213.32
-127.08,-15.01,-205.93
-132.51,-18.55,-194.27
-135.38,-27.83,-181.76
-124.88,-43.64,-167.11
-123.11,-58.11,-145.20
-123.54,-66.96,-120.48
-126.16,-71.47,-98.33
-124.63,-77.45,-79.10
-105.59,-90.88,-64.70
-98.45,-103.58,-56.34
-104.19,-107.97,-45.41
-104.31,-109.50,-33.20
-83.68,-102.05,-20.26
-32.84,-65.43,-7.45
-34.79,-41.50,25.27
-39.79,-17.58,24.23
-0.85,1.59,-19.78
6.59,8.85,-15.50
-8.61,8.06,-5.25
-2.50,8.79,1.46
14.83,17.52,16.42
31.56,26.55,37.78
37.78,34.73,50.23
59.14,36.93,58.53
71.04,41.32,67.81
77.58,43.64,88.38
74.28,45.96,102.84
74.16,53.04,112.92
76.90,54.50,126.65
74.77,40.77,135.50
64.88,36.93,139.71
58.84,36.56,141.05
49.01,35.77,144.23
41.08,36.50,151.98
39.00,43.95,160.83
40.77,49.32,167.72
43.76,41.26,173.95
41.50,31.80,172.36
37.17,29.54,156.62
33.39,28.93,151.06
28.20,17.94,148.32
21.36,18.25,137.70
22.83,20.75,132.20
22.83,22.77,132.45
19.90,20.94,133.73
4.88,15.50,98.21
6.65,3.78,37.35
7.93,10.19,94.36
-4.03,16.36,163.39
0.12,17.64,187.68
6.29,17.70,183.96
5.31,20.57,169.37
2.26,24.78,149.35
2.50,11.72,123.72
-2.32,-1.28,97.11
-8.30,-12.76,74.16
-12.76,-23.01,64.88
-11.17,-27.40,75.68
-6.23,-16.78,97.53
-0.12,-10.86,115.05
-3.48,-6.71,127.87
-4.82,-4.64,129.70
-8.67,-9.03,116.70
-15.26,-12.63,99.24
-21.30,-25.21,87.28
-23.62,-31.19,93.08
-27.34,-25.70,106.20
-24.84,-22.95,111.57
-20.14,-19.96,112.85
-15.08,-18.37,105.10
-14.47,-19.17,93.81
-22.52,-16.60,73.06
-23.99,-18.13,58.11
-21.00,-26.12,57.80
-14.16,-31.01,59.51
-11.23,-24.96,62.07
-8.30,-16.05,53.41
-1.59,-16.36,48.46
3.36,-21.06,44.31
1.77,-20.81,36.19
2.50,-20.32,28.14
0.61,-16.54,22.71
0.55,-9.52,15.56
1.04,-5.25,8.36
3.30,-2.38,2.08
5.43,0.43,-1.40
7.32,2.38,-2.32
8.61,3.42,-2.26
8.42,4.09,-2.38
4.76,3.72,-3.60
0.98,2.81,-6.35
-1.53,1.46,-10.68
-2.32,0.73,-15.01















-,-,-
0.85,1.46,0.61
1.22,1.83,0.79
1.83,2.08,0.85
2.26,2.32,1.28
2.01,2.20,1.46
1.65,2.14,1.22
1.34,2.08,1.04
1.28,2.20,1.16
1.53,2.20,1.22
1.71,1.89,1.28
2.38,1.71,1.46
2.93,1.95,1.65
3.60,2.20,1.83
4.82,2.38,2.08
6.10,2.50,2.32
6.90,1.95,2.87
6.96,1.22,3.05
6.23,0.24,3.30
5.62,-0.31,3.23
5.07,-0.43,3.17
4.15,0.00,3.11
3.72,0.73,2.93
4.21,1.40,2.62
5.68,1.95,2.56
7.81,1.59,2.81
10.44,-4.27,4.33
12.82,-11.90,7.75
16.60,-12.21,9.89
19.78,-15.81,11.29
22.34,-15.75,10.38
26.49,-15.63,12.51
31.80,-8.48,17.15
38.64,-8.06,16.17
47.55,-17.15,14.83
60.36,-10.25,21.24
74.89,-19.71,29.11
88.81,-22.58,35.03
97.11,-22.09,42.18
99.61,-34.91,37.41
102.36,-47.61,26.73
104.92,-48.83,38.57
104.37,-38.15,52.37
105.83,-36.68,56.09
106.57,-28.63,52.19
108.64,-30.46,44.37
111.02,-39.43,30.33
117.68,-40.71,22.52
124.57,-39.79,25.76
130.80,-42.42,24.35
133.48,-46.14,22.28
130.43,-49.32,27.83
116.21,-45.59,19.10
101.50,-50.60,-1.89
87.04,-51.21,14.28
60.49,-30.21,21.55
51.21,-29.36,3.66
36.07,-4.94,2.87
25.63,8.61,1.59
18.07,13.43,8.30
9.83,28.02,11.23
2.32,31.19,8.85
-8.48,28.20,9.16
-20.45,30.03,9.77
-32.41,41.99,5.98
-40.04,63.60,-0.98
-45.04,84.05,-18.01
-47.06,99.12,-56.40
-47.06,101.26,-100.34
-57.43,90.21,-138.43
-67.08,69.76,-170.84
-74.58,43.58,-197.51
-86.36,20.20,-213.38
-99.98,3.05,-215.45
-108.58,-10.01,-205.69
-108.09,-19.41,-185.55
-106.75,-23.74,-160.58
-111.69,-24.78,-138.00
-119.69,-27.34,-123.72
-119.14,-31.62,-117.49
-115.97,-36.56,-113.40
-111.82,-41.63,-106.32
-118.53,-44.49,-96.80
-122.92,-46.94,-87.10
-119.93,-49.80,-75.62
-113.65,-50.78,-60.12
-105.96,-45.90,-43.82
-97.78,-34.48,-30.46
-64.82,-10.86,-24.54
-51.09,9.83,-15.87
-62.50,13.67,-1.46
-62.38,9.58,10.80
-58.65,0.06,22.89
-53.16,-5.74,32.53
-48.28,-6.10,41.44
-54.50,-1.28,33.94
-21.06,-3.36,-28.32
-6.47,-15.63,-29.66
-31.07,-8.97,1.46
-21.85,-2.75,26.67
14.47,7.45,40.16
45.41,21.55,47.06
60.67,38.57,52.98
79.96,47.55,61.10
94.12,46.57,64.15
90.82,50.35,75.13
86.30,46.08,79.71
82.28,38.51,80.63
81.48,32.29,88.99
79.77,18.68,98.82
71.11,17.15,104.25
65.86,11.05,102.97
60.36,10.80,105.04
57.56,10.68,102.78
55.97,11.60,95.89
55.30,7.02,87.71
51.64,-0.37,80.20
48.10,0.06,81.36
43.88,2.01,86.12
42.79,3.85,91.86
41.63,13.55,98.02
42.24,20.94,101.44
40.77,26.61,102.48
37.11,27.65,96.01
36.25,33.33,93.63
37.84,42.97,93.93
35.95,38.76,91.55
34.55,32.65,84.47
33.63,35.22,80.51
27.71,25.33,76.23
24.17,24.23,70.43
18.07,23.86,56.15
13.12,17.21,34.06
6.71,14.95,4.58
15.69,9.52,23.32
17.64,16.91,115.78
14.28,25.33,168.33
25.88,26.43,168.03
30.58,26.98,143.25
23.74,24.96,111.45
15.44,10.07,85.27
9.52,-8.73,64.21
6.65,-19.04,51.45
7.39,-23.56,55.48
6.23,-26.06,65.55
4.09,-22.40,79.41
0.73,-9.46,101.81
-4.58,7.08,130.00
-12.02,13.43,136.84
-10.01,27.71,134.03
-10.38,26.92,130.31
-20.45,10.44,119.75
-16.05,9.89,107.79
-13.12,-0.92,102.36
-17.88,-6.10,94.60
-18.49,-6.23,91.55
-22.28,-6.16,95.70
-23.01,-6.71,103.82
-23.93,-9.22,104.06
-36.25,-25.45,110.66
-41.81,-30.58,93.08
-40.41,-28.93,76.90
-37.29,-16.24,69.46
-30.94,-6.16,67.99
-22.83,-4.15,74.34
-19.10,-6.59,69.03
-12.88,-12.33,55.73
-10.38,-12.63,43.40
-11.05,-11.05,40.53
-13.06,-8.54,33.94
-13.12,-10.07,28.44
-12.57,-9.89,24.11
-11.05,-9.22,25.09
-9.22,-6.65,29.97
-10.19,-7.75,32.78
-7.93,-4.03,27.89
-4.52,-5.49,27.47
-2.20,-4.94,25.82
-1.53,-1.59,10.80
-1.28,0.92,1.16















-,-,-
13.98,-5.25,6.16
13.79,-7.75,7.45
16.91,-7.32,6.35
19.84,-10.19,7.08
22.09,-12.15,8.67
24.78,-10.31,12.27
28.02,-7.69,15.81
30.88,-6.29,15.69
34.24,-8.48,11.72
34.18,-9.70,13.00
33.51,-8.42,11.66
34.61,-13.79,10.74
35.71,-11.96,12.45
38.15,-13.18,12.45
41.56,-15.75,15.08
44.68,-19.04,23.13
47.49,-11.41,26.12
49.68,-7.93,27.04
48.58,-16.24,27.65
45.65,-7.75,29.05
44.62,-2.62,23.62
43.21,-6.90,23.93
43.03,-5.19,23.13
46.75,-4.52,19.29
53.41,-13.12,18.25
60.18,-15.32,16.11
65.43,-18.01,17.52
69.34,-19.23,18.98
70.01,-20.94,17.33
68.05,-22.09,16.78
66.83,-20.08,20.57
67.57,-21.18,17.76
71.29,-17.58,17.58
69.46,-10.74,12.51
73.12,-21.85,9.89
76.90,-21.79,22.22
86.12,-18.92,27.89
101.01,-14.95,31.56
107.30,-6.65,35.52
105.96,-14.53,26.25
96.25,-19.47,20.69
80.87,-10.86,19.53
64.94,-9.40,18.98
53.89,-16.60,14.95
45.04,-13.18,13.55
35.46,-5.13,13.79
23.44,5.74,10.44
10.07,1.28,6.35
0.55,0.00,3.54
-6.96,1.40,-0.85
-16.54,-3.66,-5.13
-28.99,-7.14,-8.91
-39.55,-5.98,-16.11
-51.15,2.81,-34.55
-60.18,17.88,-79.16
-62.38,31.43,-132.02
-73.30,39.92,-168.03
-81.73,43.64,-187.19
-84.96,42.54,-197.08
-85.88,38.76,-199.46
-88.01,34.91,-192.20
-95.83,29.79,-179.20
-115.48,21.61,-169.43
-127.62,10.13,-167.66
-131.71,-2.20,-167.42
-137.45,-14.77,-161.74
-139.34,-24.54,-147.95
-140.62,-29.66,-127.62
-143.07,-32.96,-104.80
-142.40,-35.77,-83.56
-137.94,-37.35,-66.59
-135.25,-38.02,-54.99
-132.26,-39.18,-46.39
-128.48,-42.42,-39.18
-84.90,-28.69,-38.27
-66.89,-14.65,-27.40
-79.90,-15.69,-9.64
-82.46,-19.47,-3.85
-81.79,-26.06,-2.26
-80.81,-29.60,-1.77
-77.64,-29.60,1.04
-71.59,-27.65,8.73
-58.96,-21.30,20.75
-47.30,-9.16,28.75
-27.89,0.49,-10.07
-9.64,-4.64,-15.81
-22.46,2.56,7.08
-11.78,6.29,19.78
16.72,7.69,26.25
41.63,11.90,25.33
58.53,23.80,32.65
83.31,33.33,44.07
97.72,31.13,47.36
96.86,32.71,54.14
94.73,37.41,62.87
93.63,30.15,70.43
93.38,24.41,73.97
86.55,20.63,80.38
80.51,22.71,86.24
80.02,22.09,88.75
79.71,19.96,93.02
80.93,15.01,96.19
78.98,22.16,95.28
75.93,19.84,92.59
70.92,8.36,92.41
68.85,16.54,95.03
69.03,32.17,93.20
76.17,32.41,95.34
76.05,36.19,98.02
73.43,38.88,104.19
71.29,37.54,113.65
66.28,36.99,119.93
62.32,32.17,118.10
62.19,31.31,122.99
57.62,38.64,125.61
52.49,35.71,118.77
43.95,22.89,113.10
34.91,23.86,106.75
29.42,23.44,101.44
23.32,21.85,90.88
20.51,16.24,65.25
14.22,12.33,18.01
19.53,6.65,-9.89
15.81,0.73,32.53
6.29,3.48,121.89
6.10,9.34,188.23
18.80,18.43,201.11
27.22,24.11,176.88
23.93,27.34,138.49
17.82,21.79,109.56
8.67,16.66,90.82
3.91,7.81,74.95
1.04,-7.75,65.80
1.10,-13.06,67.20
4.64,-9.22,70.43
7.75,-5.19,87.04
3.85,3.48,95.52
5.00,11.90,99.49
8.79,16.42,102.84
8.97,5.49,103.88
11.41,2.62,90.03
12.57,-0.55,73.18
2.93,-9.34,57.07
5.55,-12.70,62.32
3.23,-8.36,77.76
1.59,-5.80,87.34
-3.05,-3.85,81.12
-1.46,-2.38,75.74
0.43,-3.91,76.78
-4.88,-8.18,71.78
-7.57,-3.91,61.16
-8.00,-5.49,48.58
-5.62,-9.03,36.87
-5.68,-10.99,52.55
-5.31,-15.26,71.96
-9.83,-14.71,71.78
-4.21,-6.71,65.55
-7.51,-7.26,66.22
-10.56,-13.61,60.85
-14.47,-12.88,55.18
-16.66,-9.34,49.62
-21.18,-5.37,50.84
-20.02,-5.86,56.46
-12.88,-7.81,50.42
-8.00,-7.08,26.79
-3.85,-7.14,22.95
-2.20,-15.26,47.49
-7.26,-18.49,52.25
-2.69,-16.72,50.11
-2.08,-14.95,51.27
-3.42,-14.34,51.09
-4.94,-17.33,50.29
-5.07,-18.68,47.12
-7.20,-14.16,44.43
-7.45,-5.80,39.61
-7.63,-10.07,35.64
0.49,-17.33,33.39
4.15,-21.18,30.15
2.32,-14.83,28.20















-,-,-
0.92,-0.73,0.67
0.85,-0.79,0.67
0.98,-0.85,0.49
1.59,-0.67,0.49
1.59,-0.49,0.67
1.65,-0.43,0.92
1.95,-0.24,1.04
1.95,-0.43,1.22
1.77,-0.49,1.34
1.65,-0.55,1.16
1.59,-0.79,1.22
1.22,-1.10,1.04
0.98,-1.16,0.73
1.10,-1.16,0.73
0.85,-1.04,0.73
0.98,-0.73,0.85
1.10,-0.67,0.98
0.73,-0.61,1.28
0.92,-0.24,1.34
1.40,0.18,1.46
1.77,0.24,1.59
1.89,0.37,1.53
1.83,0.43,1.53
1.65,0.43,1.28
1.71,0.43,0.98
1.46,0.31,0.85
1.77,0.37,0.79
2.08,0.55,0.61
2.56,0.49,0.55
2.62,0.49,0.67
2.44,0.00,0.73
2.26,-0.06,0.73
2.14,-0.31,0.85
1.95,-0.37,0.92
1.83,-0.55,0.92
1.89,-0.43,0.92
2.01,-0.18,0.92
2.14,0.12,1.04
2.50,0.37,1.04
2.99,0.61,1.40
2.93,0.55,1.77
2.75,0.31,2.01
2.93,0.06,1.71
3.11,-0.12,1.59
3.48,-0.43,1.40
3.05,-0.92,1.40
3.48,-1.53,1.89
5.31,-2.08,3.11
7.57,-4.58,5.68
11.35,-9.28,9.22
16.36,-8.12,8.73
22.22,-11.47,8.36
25.09,-9.16,12.45
31.25,-7.75,20.08
38.15,-10.01,28.75
45.72,-0.43,26.67
56.58,-15.01,21.91
65.73,-28.08,21.36
74.52,-26.55,30.76
85.27,-29.85,36.44
96.44,-38.76,29.85
103.21,-45.29,25.82
103.94,-39.79,39.73
101.81,-31.13,54.44
100.52,-28.32,54.14
100.46,-25.57,46.39
100.83,-28.87,39.92
99.55,-34.42,25.51
101.68,-33.75,15.26
107.42,-31.56,19.23
115.11,-31.01,21.67
122.01,-36.13,17.94
123.17,-43.76,25.33
112.30,-43.27,32.78
97.66,-35.46,30.27
79.59,-37.66,18.13
60.85,-27.71,10.13
44.86,-19.65,15.20
33.26,-13.00,12.27
25.21,-0.37,11.72
17.27,9.95,11.66
10.56,17.88,8.30
2.62,16.78,5.13
-6.84,10.07,4.03
-18.55,4.82,2.87
-29.85,1.77,0.24
-37.60,1.89,-1.59
-40.16,9.64,-3.85
-38.39,26.25,-7.14
-36.44,35.58,-17.21
-37.23,45.04,-45.29
-36.93,50.66,-81.18
-41.38,49.50,-114.14
-49.13,43.21,-141.11
-57.80,38.27,-159.24
-62.26,34.91,-168.88
-62.38,31.68,-170.47
-66.53,27.95,-165.28
-71.29,23.50,-153.87
-74.71,17.94,-138.79
-83.74,11.35,-125.00
-83.50,1.71,-114.32
-87.22,-9.58,-104.06
-92.59,-20.87,-94.60
-96.62,-30.52,-86.00
-101.26,-37.66,-79.65
-102.91,-43.40,-75.87
-100.95,-46.20,-72.75
-101.26,-44.19,-69.82
-100.89,-39.61,-67.57
-99.12,-34.30,-64.09
-96.01,-28.44,-58.23
-93.93,-23.56,-50.29
-88.62,-21.36,-42.85
-59.75,-13.61,-39.25
-56.15,-8.79,-30.58
-67.08,-9.16,-22.16
-70.74,-13.61,-18.13
-69.82,-16.48,-14.77
-67.08,-12.94,-10.74
-60.73,-7.26,-2.62
-53.96,-1.34,8.97
-46.20,2.99,20.94
-38.45,5.80,30.33
-31.31,10.25,37.05
-27.34,14.65,41.56
-30.33,15.32,20.14
-1.40,5.13,-24.84
-16.78,8.73,-16.36
-18.01,5.19,5.49
-7.14,11.11,21.61
20.63,21.79,33.45
52.55,23.68,39.67
77.82,27.83,47.24
95.40,36.32,59.94
106.81,35.40,72.94
102.97,34.48,78.55
95.46,41.32,89.29
93.75,34.97,95.46
85.02,31.86,97.41
79.77,32.78,98.45
73.61,25.33,103.09
65.12,21.55,105.35
60.73,21.85,106.51
58.04,28.08,111.82
58.72,15.75,117.19
54.57,14.28,117.19
51.57,23.99,120.24
52.98,27.47,115.60
50.54,30.21,113.95
46.63,31.62,113.34
39.61,35.64,106.14
36.56,37.48,101.50
34.55,38.76,103.70
30.82,40.53,106.38
29.36,39.79,102.48
30.21,31.37,94.60
28.02,18.37,88.32
22.95,14.59,84.23
21.48,15.32,86.24
18.25,12.94,81.73
14.59,11.17,59.63
14.77,13.61,18.74
27.34,14.89,40.16
15.75,14.47,115.23
7.08,19.10,151.61
17.94,22.09,153.93
22.09,17.46,142.21
18.19,18.49,122.31
15.56,17.94,102.84
9.77,3.17,84.05
5.43,-11.35,65.55
5.49,-22.03,52.37
8.18,-29.36,51.21
8.12,-30.33,59.33
5.43,-23.25,80.63
5.43,-11.78,109.62
12.76,-3.72,139.71
9.16,2.69,153.26















-,-,-
-3.17,-3.23,2.50
-3.54,-4.94,2.62
-3.97,-5.98,2.62
-4.09,-6.23,1.77
-4.21,-5.43,0.31
-4.52,-5.49,-1.53
-4.15,-6.04,-1.89
-3.54,-6.65,-1.04
-4.27,-7.32,0.49
-5.19,-7.57,1.53
-6.10,-7.14,1.65
-6.41,-5.00,2.32
-7.57,-1.22,3.42
-7.14,1.28,3.36
-5.68,2.20,2.69
-3.97,2.14,3.23
-1.83,1.65,4.09
1.16,-0.06,5.49
4.76,-3.30,5.62
8.06,-6.47,5.62
8.79,-10.38,6.04
7.39,-14.65,5.25
5.62,-18.49,3.66
3.48,-21.30,1.65
2.08,-22.83,0.06
1.83,-23.19,-0.85
2.81,-22.34,-1.04
4.76,-20.69,-0.73
8.54,-18.68,-0.18
12.57,-17.82,0.61
16.30,-18.01,1.28
18.31,-18.74,2.26
19.29,-21.18,3.36
21.55,-27.71,4.82
27.40,-33.39,6.77
33.69,-27.40,8.00
42.60,-34.85,11.66
51.15,-40.71,19.41
56.46,-45.23,26.06
63.78,-47.85,28.81
73.67,-47.42,34.24
81.18,-47.30,40.16
90.58,-52.31,44.19
98.08,-49.80,38.45
106.02,-45.47,34.79
104.55,-47.85,34.61
103.21,-51.33,42.54
95.83,-50.48,49.38
95.40,-45.53,48.89
95.95,-39.06,44.74
97.47,-38.39,41.08
100.89,-36.01,44.07
103.45,-33.20,49.01
109.80,-29.11,51.15
115.54,-34.55,53.22
114.14,-35.46,44.37
108.95,-39.61,40.28
98.02,-39.79,35.40
82.82,-41.08,31.62
66.16,-35.89,22.09
45.65,-22.83,12.76
27.53,-16.17,7.39
14.65,-2.32,6.96
6.59,3.54,5.31
0.18,12.82,7.75
-5.62,19.71,5.31
-12.21,16.11,7.02
-19.23,15.99,12.39
-25.63,23.99,14.83
-32.78,43.70,7.14
-38.57,62.01,-18.68
-37.23,74.83,-54.14
-35.77,74.71,-82.82
-37.11,66.65,-106.93
-37.29,55.30,-127.56
-41.63,46.63,-140.87
-47.79,43.46,-145.94
-46.14,41.99,-138.37
-41.69,39.18,-119.57
-42.11,36.32,-97.11
-46.69,35.52,-78.12
-51.64,35.64,-66.35
-58.11,34.12,-63.66
-63.60,29.42,-69.95
-67.44,18.19,-80.93
-71.78,1.77,-95.58
-71.59,-17.94,-109.92
-67.87,-34.18,-115.42
-70.98,-41.38,-106.87
-78.55,-40.89,-88.01
-86.91,-37.84,-67.14
-92.47,-35.58,-49.56
-91.25,-36.50,-39.25
-88.50,-41.63,-37.90
-87.83,-49.26,-45.35
-88.26,-58.41,-59.08
-79.35,-67.44,-72.33
-61.83,-69.95,-75.74
-49.68,-69.58,-68.42
-34.79,-68.12,-50.48
-6.41,-55.79,-21.85
3.17,-46.20,19.65
9.95,-35.83,58.47
9.46,-22.34,65.55
35.58,-7.57,3.72
41.32,4.15,-9.40
37.84,4.46,4.88
26.73,-0.24,23.07
33.45,-3.11,44.19
40.28,-2.69,54.81
48.10,-3.72,64.70
53.77,-2.44,75.62
47.42,12.15,82.34
47.73,14.10,81.42
46.20,18.55,82.82
43.95,23.56,83.80
47.12,18.31,82.89
50.84,14.89,80.08
52.55,12.70,75.13
51.88,9.34,73.43
49.13,21.18,73.49
43.46,24.96,75.56
43.76,18.37,73.73
41.02,21.42,77.82
35.10,23.68,80.20
30.21,20.45,83.80
28.14,21.67,83.62
25.33,22.95,78.67
23.50,8.00,72.08
17.46,12.21,66.22
5.37,18.74,48.22
2.01,21.97,36.13
-3.91,22.16,32.29
-19.17,26.25,17.52
-13.85,13.37,-17.70
-16.72,24.11,-10.56
-20.51,16.11,-22.83
7.63,18.55,52.00
-9.70,29.17,115.78
-7.26,24.96,131.53
5.25,32.29,123.29
5.13,39.00,115.11
-5.55,19.90,98.69
-9.64,11.23,78.00
-10.38,15.20,60.06
-10.80,13.55,52.00
-12.94,16.60,59.94
-12.70,20.32,70.19
-8.12,25.63,93.87
-7.87,24.90,111.27
-6.04,27.04,119.32
-8.48,21.67,120.48
-14.04,8.67,114.32
-17.15,-2.62,98.14
-15.50,-6.16,81.60
-16.91,-8.54,65.61
-14.34,2.50,59.75
-13.43,-0.24,69.52
-15.14,-3.05,70.31
-14.83,-4.39,60.00
-18.43,-12.88,37.90
-17.40,-10.19,33.08
-20.45,-4.21,43.40
-22.34,-1.34,43.21
-17.03,0.12,46.45
-15.56,-4.46,39.31
-9.40,-3.05,30.76
-7.75,-1.16,36.01
-6.84,-0.61,43.64
-6.23,-0.18,45.65
-8.79,-1.16,28.32
-4.33,-1.10,10.86
-1.46,-0.43,4.03
-1.53,1.65,7.08
-0.67,3.17,11.41
1.28,4.09,15.14
3.78,4.39,17.94
5.25,3.72,19.17
5.07,2.56,18.98















-,-,-
-9.83,0.92,-4.46
-8.67,-0.55,-4.76
-7.93,-1.22,-4.39
-7.63,-0.67,-3.11
-5.98,1.10,-0.85
-3.17,2.50,1.28
-4.70,2.69,2.38
-4.46,2.20,1.89
-5.19,2.08,-0.37
-5.00,2.50,-3.42
-4.82,4.03,-5.49
-3.54,5.98,-6.84
-1.89,6.65,-6.84
-0.55,6.71,-5.62
0.18,6.41,-3.91
0.55,5.07,-2.69
0.92,2.93,-1.22
1.04,0.61,0.79
-0.67,-1.16,4.15
-2.38,-1.65,7.57
-4.21,-3.48,9.28
-6.71,-6.59,9.03
-8.48,-9.03,8.24
-8.85,-10.99,8.91
-8.97,-11.11,10.80
-8.36,-11.35,12.82
-7.08,-13.43,14.95
-5.31,-18.62,17.15
-5.13,-25.82,20.02
-6.90,-27.59,14.34
-5.55,-23.32,-0.61
-4.21,-23.07,2.93
-5.19,-22.95,7.87
-2.20,-19.41,7.20
-0.49,-14.04,7.14
1.65,-9.89,7.02
4.82,-7.02,6.53
10.44,-4.82,8.06
20.75,-4.76,12.21
36.74,-12.82,22.34
53.04,-14.16,30.21
68.60,-18.80,33.14
83.56,-33.57,40.65
95.76,-54.26,46.26
105.77,-61.16,48.10
112.43,-68.12,46.88
117.37,-69.58,45.90
121.70,-60.12,48.28
121.77,-50.42,52.55
120.97,-47.18,56.40
111.45,-30.76,53.83
103.15,-23.38,50.05
87.46,-15.32,43.64
70.74,-3.78,32.23
50.42,-3.60,28.20
31.92,4.21,19.17
20.08,3.97,10.68
11.05,8.67,7.14
5.74,3.30,5.00
0.55,-7.26,3.48
-7.20,-14.04,0.92
-15.38,-16.42,-2.38
-20.87,-12.94,-5.13
-21.55,-4.33,-7.39
-20.39,8.42,-8.42
-19.10,22.40,-9.83
-18.74,36.56,-11.41
-20.20,53.04,-16.30
-22.83,60.61,-32.65
-26.31,50.66,-59.75
-28.69,35.28,-87.34
-34.42,25.45,-114.75
-38.88,20.63,-141.11
-35.89,15.81,-161.07
-28.50,9.16,-167.66
-22.52,1.04,-160.89
-22.22,-8.12,-146.55
-27.65,-17.64,-131.23
-34.06,-26.06,-116.09
-38.64,-32.78,-98.08
-41.26,-37.60,-75.56
-40.65,-40.41,-47.73
-37.11,-40.41,-17.15
-32.78,-39.37,14.22
-30.03,-39.92,43.21
-29.11,-38.76,45.59
4.46,-32.47,1.34
21.36,-33.02,-2.08
14.95,-30.70,5.68
3.05,-27.40,12.82
-1.04,-25.51,6.65
1.65,-27.71,6.41
-12.45,-23.01,24.66
-28.32,-14.22,28.69
-16.17,-8.91,43.82
-10.25,2.26,60.85
0.24,19.84,76.29
12.21,38.88,93.75
15.01,55.97,107.91
17.21,77.39,119.87
22.77,86.24,138.61
22.34,93.38,146.61
27.65,95.83,152.83
29.72,96.31,152.40
29.48,86.98,156.68
25.63,78.19,164.67
24.48,71.41,169.13
25.82,69.03,173.46
23.13,69.09,179.57
10.13,60.24,176.57
7.45,52.00,166.87
2.75,42.54,156.74
-6.47,27.77,144.23
-11.66,25.09,128.91
-11.35,20.69,117.43
-16.66,16.72,115.54
-20.20,10.50,113.40
-23.44,4.15,114.81
-25.33,6.96,109.31
-22.89,7.32,99.85
-21.42,5.68,98.39
-27.34,5.19,92.04
-23.25,5.00,87.22
-21.18,6.41,83.01
-19.78,1.59,80.57
-21.79,-1.77,72.75
-20.26,-9.16,67.26
-19.04,-3.11,58.23
-19.90,1.28,40.65
-15.50,6.71,28.14
-10.68,4.88,45.78
-9.16,-0.37,51.51
-9.22,-1.65,42.30
-9.46,3.17,29.91
-11.29,4.15,18.86
-10.44,4.27,21.91
-6.23,4.88,25.70
1.34,0.73,39.49
-1.83,-2.32,37.41
-2.08,-0.73,13.06
1.04,-0.31,-2.08
1.95,1.53,-4.39
1.77,3.54,-3.78
2.26,4.52,-3.91
3.23,5.55,-4.15
3.23,6.23,-4.03
2.81,5.86,-4.33
3.60,5.37,-4.52
3.30,4.70,-4.33
2.81,4.09,-4.76
2.26,3.11,-5.74
1.65,2.62,-6.77
1.83,3.60,-7.20
2.26,5.49,-7.02
1.83,7.26,-6.71
0.92,8.97,-6.16
-0.37,10.80,-6.35
-2.08,11.54,-7.20
-3.17,11.90,-9.52
-4.64,12.70,-12.15
-8.06,13.92,-17.52
-10.56,13.79,-28.32
-11.17,16.11,-36.50
-12.51,25.88,-41.75
-12.39,39.67,-44.74
-10.62,52.25,-46.26
-8.42,62.74,-48.28
-5.00,71.11,-51.64
-3.66,77.45,-55.42
-2.38,81.73,-58.65
-3.11,85.21,-60.12
-4.64,90.27,-60.12
-6.29,95.09,-58.04
-6.90,97.41,-55.73
-6.29,97.23,-54.02
-5.00,93.75,-52.43
-3.36,88.62,-51.15
-1.10,82.21,-49.87
1.10,75.62,-47.85
2.62,70.07,-45.47
















-,-,-
-1.28,3.30,0.24
1.65,2.14,0.61
3.97,0.67,0.55
5.55,-0.18,0.06
5.80,0.43,-0.37
5.68,1.77,-0.37
5.43,2.99,-0.24
4.82,3.42,-0.37
4.33,3.42,-0.85
3.60,3.11,-0.73
2.44,2.87,-0.31
1.59,2.62,0.18
1.22,2.01,1.10
0.85,1.46,1.83
0.55,1.16,2.56
0.37,0.67,3.11
0.37,0.55,3.48
0.31,0.06,3.48
0.37,0.18,3.17
0.61,0.37,2.75
0.85,0.61,2.56
0.61,1.22,2.87
0.43,1.40,3.91
0.43,0.06,5.49
-0.92,-3.91,8.06
-2.75,-10.80,12.27
-5.49,-19.78,17.64
-9.34,-28.38,24.54
-13.43,-34.73,29.66
-11.66,-31.19,11.72
-9.46,-24.41,-0.06
0.12,-18.74,6.35
2.50,-19.29,11.17
14.10,-10.13,10.31
28.08,0.18,11.90
39.49,2.08,18.80
50.84,-9.46,27.47
67.44,-20.81,35.34
87.95,-30.64,38.51
104.49,-38.82,38.88
115.11,-50.23,42.11
118.47,-53.89,41.32
120.97,-50.17,38.21
120.54,-47.42,45.35
114.62,-40.16,46.94
106.08,-32.47,40.22
91.92,-25.82,38.51
76.42,-18.98,38.27
57.74,-12.02,27.65
40.22,-8.91,17.21
23.68,-4.82,11.90
12.27,-2.56,11.35
3.48,-4.58,6.23
-4.09,-7.02,-0.92
-10.13,-12.51,-2.14
-13.85,-14.47,-2.75
-17.82,-12.39,-3.78
-20.14,-7.20,-5.13
-21.55,0.61,-6.10
-22.34,10.38,-7.39
-22.64,21.79,-11.05
-26.49,40.83,-27.53
-28.69,46.63,-51.45
-33.69,35.95,-77.09
-35.40,17.88,-95.40
-36.68,3.23,-110.66
-35.77,-2.38,-125.79
-32.53,-2.44,-137.82
-26.55,-1.34,-142.70
-19.78,-1.04,-138.73
-13.55,-2.81,-126.89
-12.94,-7.57,-110.53
-16.05,-15.56,-93.63
-18.37,-25.94,-75.99
-20.81,-34.91,-55.36
-23.74,-40.10,-32.59
-24.60,-42.66,-9.28
-23.56,-43.21,14.16
-23.86,-38.76,24.05
-13.73,-21.48,-6.04
2.87,-16.42,-8.00
0.49,-17.88,6.77
-10.01,-18.86,12.39
-4.15,-16.54,5.62
2.20,-13.37,0.43
1.59,-10.38,4.52
0.37,-8.18,10.01
5.55,-1.83,26.49
10.68,12.57,50.60
16.30,18.49,65.25
13.61,24.54,73.36
10.68,33.14,80.93
10.99,36.62,85.14
8.12,36.38,87.65
4.70,42.66,98.08
3.85,43.64,108.22
3.97,41.44,112.18
6.35,47.18,119.87
9.58,48.40,136.17
7.69,55.48,150.57
10.07,60.55,158.33
9.70,62.38,154.79
10.19,60.36,151.25
6.71,50.48,148.74
2.69,53.89,148.38
-2.81,53.22,148.50
-9.40,46.88,144.59
-13.18,33.57,134.95
-11.60,23.13,130.25
-10.19,32.96,129.94
-10.13,30.58,131.96
-11.29,28.56,137.76
-10.68,26.31,139.59
-10.80,19.78,130.55
-13.79,14.59,116.88
-16.36,5.13,111.51
-12.45,3.11,104.61
-9.34,0.85,93.63
-5.07,-3.66,87.71
-2.08,-0.43,76.35
-2.38,-3.91,74.10
-3.91,-5.68,65.00
-1.22,-7.75,66.53
-1.04,-7.02,65.37
-0.98,-5.07,68.79
-2.38,1.89,59.39
-3.11,2.01,43.03
-1.46,-1.34,30.64
0.18,-0.06,14.34
1.04,2.81,9.03
2.44,4.52,2.38
4.09,6.90,-1.71
3.05,8.00,-3.54
0.06,7.51,-4.52
-1.77,5.80,-4.76
-2.38,4.64,-4.09
-2.75,3.97,-2.99
-1.89,3.78,-1.59
-0.12,4.46,-0.67
1.04,4.82,-0.18
2.56,5.00,0.06
3.48,4.70,-0.18
4.15,4.09,-1.46
3.85,3.66,-2.32
3.78,3.97,-2.50
3.72,4.27,-2.20
3.42,4.70,-2.01
2.50,4.94,-2.08
1.71,4.70,-2.38
1.28,4.33,-2.14
1.28,4.15,-1.95
0.98,3.66,-2.14
0.43,3.23,-2.38
0.06,3.17,-2.38
0.06,3.42,-2.38
0.12,3.48,-2.38
0.37,3.85,-2.50
0.79,4.52,-2.14
1.16,4.64,-1.77
1.16,4.33,-1.46
0.73,4.15,-1.16
-0.31,3.85,-0.92
-1.28,3.54,-1.28
-2.32,3.66,-1.83
-2.20,4.39,-1.95
-1.34,5.31,-1.77
-1.65,6.41,-1.89
-2.81,8.06,-1.95
-3.23,10.31,-2.62
-4.21,12.94,-3.72
-6.16,15.87,-4.82
-8.18,20.51,-5.98
-8.85,27.95,-7.57
-9.83,30.94,-16.24
-6.35,30.52,-33.75
-2.69,32.78,-42.72
0.49,36.74,-44.31
3.60,41.08,-45.65
5.62,46.45,-49.56
6.77,51.76,-55.11
















-,-,-
-1.10,1.04,3.17
-0.43,-0.37,3.72
0.37,-1.40,4.21
1.10,-2.32,5.25
1.34,-3.23,6.29
0.24,-3.48,7.14
-0.55,-2.69,7.02
-1.40,-1.83,5.98
-2.50,-0.92,4.64
-3.30,0.18,3.05
-3.91,0.73,1.53
-3.85,1.16,0.61
-3.60,1.34,0.24
-3.17,1.04,1.40
-2.44,0.85,2.93
-1.77,0.55,4.33
-1.46,-0.06,5.13
-1.77,-0.67,4.94
-2.62,-1.04,3.97
-3.72,-0.55,2.99
-4.70,0.85,2.08
-5.00,2.44,1.83
-4.64,2.81,2.38
-3.91,1.89,3.91
-2.56,0.12,5.74
-1.53,-1.53,7.14
-0.73,-2.69,7.75
-1.04,-2.93,7.93
-1.89,-3.11,8.24
-2.62,-4.03,8.54
-3.36,-7.02,9.46
-3.30,-6.65,8.30
-3.11,-5.37,5.92
2.14,-7.45,6.41
3.42,-8.00,7.75
6.71,-6.96,7.75
10.74,-5.49,7.75
12.15,-4.33,8.24
11.84,-3.30,9.09
18.07,-2.26,10.80
24.72,-4.33,14.22
30.94,-4.58,16.85
44.25,-11.47,18.74
59.81,-27.59,22.89
73.79,-31.31,27.47
89.72,-36.87,30.70
106.14,-38.15,31.43
120.06,-41.20,31.68
131.71,-41.99,26.79
138.24,-41.26,26.43
134.34,-40.10,23.99
119.57,-29.91,27.77
98.88,-18.31,35.52
77.51,-1.89,24.90
57.98,2.81,23.74
38.88,8.24,15.20
23.93,12.27,8.61
11.84,13.61,4.15
3.11,9.03,0.61
-6.04,-5.31,-1.65
-13.73,-16.54,-3.72
-21.97,-23.38,-5.62
-29.11,-24.35,-8.24
-33.14,-20.39,-10.01
-34.18,-13.06,-11.60
-34.18,-1.22,-15.87
-33.57,21.36,-26.18
-32.96,31.13,-41.44
-34.91,29.54,-64.45
-35.03,19.23,-84.35
-37.48,5.80,-98.45
-40.28,-1.04,-112.73
-42.91,-0.31,-129.94
-44.92,3.05,-147.46
-46.20,1.34,-162.05
-40.34,-5.19,-169.37
-36.87,-14.40,-165.16
-33.08,-24.05,-152.83
-31.07,-31.31,-135.50
-35.64,-35.22,-116.94
-42.18,-38.39,-97.60
-48.89,-42.42,-75.56
-53.83,-46.08,-48.95
-53.47,-47.00,-20.39
-51.21,-44.92,5.37
-45.47,-42.85,28.14
-38.15,-42.97,47.06
-36.80,-39.43,46.02
-21.12,-28.32,11.47
-1.89,-25.70,-5.80
-4.82,-15.26,-1.59
-5.07,-11.05,18.55
-4.46,-6.41,28.56
0.12,8.18,26.43
11.35,14.83,31.98
15.93,10.74,39.79
14.89,13.18,49.13
13.37,19.84,56.76
15.81,22.28,69.40
8.42,32.35,93.93
2.56,45.17,112.12
8.36,46.33,133.97
7.14,49.32,147.89
14.40,52.73,162.90
23.32,62.19,178.04
33.75,58.78,194.64
31.74,62.50,209.23
31.31,71.90,222.05
31.37,68.36,234.31
26.37,57.86,244.45
18.25,42.30,244.26
13.67,30.76,223.45
14.40,13.31,191.35
4.21,0.06,158.69
1.40,-7.51,149.90
6.04,-4.58,150.63
2.50,6.53,147.34
-2.93,6.71,122.25
6.04,-0.37,102.48
1.34,-4.21,85.69
-0.92,-3.36,68.12
3.72,-0.31,62.44
5.00,-4.88,64.33
4.15,-1.16,57.37
2.81,-2.32,47.55
1.89,-1.71,37.05
1.95,1.46,29.97
0.18,-2.32,13.18
1.83,-3.30,8.24
1.10,-2.26,5.80
1.22,-0.06,2.87
1.83,1.89,0.61
4.15,3.48,-2.44
5.19,5.00,-2.38
4.76,5.43,-1.65
4.46,5.07,-1.46
4.46,4.58,-1.59
4.15,4.21,-1.34
3.97,3.42,-1.04
3.78,2.32,-0.67
3.36,1.59,-0.12
3.42,1.53,-0.12
3.78,1.83,-0.18
4.52,2.75,0.06
5.49,3.91,0.67
6.10,4.76,1.04
5.86,4.88,0.73
4.82,4.27,0.49
3.54,3.30,0.06
2.56,2.32,-0.37
2.01,1.77,-1.04
1.77,1.46,-1.40
2.26,1.53,-1.16
2.75,1.65,-0.73
3.42,2.44,-0.85
4.03,2.87,-0.67
4.03,3.66,-0.24
3.85,4.03,-0.37
3.60,4.09,-1.10
3.48,4.52,-1.59
3.42,4.70,-2.50
3.11,5.37,-3.54
2.32,6.47,-4.27
1.83,7.81,-5.13
1.10,9.83,-6.59
-0.06,12.88,-8.00
-1.04,17.52,-9.58
-2.20,23.50,-12.88
-3.54,28.75,-19.84
-3.05,30.09,-27.77
-1.46,33.94,-35.52
-0.24,38.76,-42.60
-0.79,40.22,-45.35
-2.01,42.97,-44.92
-3.11,47.24,-45.53
-3.72,51.70,-49.99
-4.09,55.60,-56.03
-5.00,61.16,-60.67
-5.19,65.49,-62.74
-3.72,64.70,-61.52
















-,-,-
1.04,-0.24,-0.43
1.10,0.06,-0.92
1.16,0.73,-1.16
1.46,0.85,-1.04
1.28,0.61,-1.10
1.65,1.10,-1.46
1.59,1.04,-1.34
1.28,0.79,-1.04
1.40,0.67,-0.92
1.34,0.67,-0.98
0.55,0.61,-0.92
0.37,0.24,-1.04
0.12,-0.98,-0.98
0.06,-1.28,-0.98
0.18,-1.22,-0.67
0.06,-0.73,-0.37
0.00,-0.79,-0.61
0.18,-1.16,-1.65
-0.06,-1.04,-2.50
-0.85,-0.31,-3.05
-1.16,0.85,-3.72
-0.85,1.34,-3.91
-0.85,1.16,-3.48
-0.79,0.73,-2.69
-0.61,0.12,-1.77
-1.22,-0.37,-0.73
-2.50,-0.85,0.06
-3.91,-1.83,0.92
-5.68,-3.91,2.56
-8.12,-7.08,4.76
-10.56,-12.94,7.57
-11.90,-23.50,11.72
-15.08,-36.38,17.94
-20.14,-45.59,22.95
-24.29,-39.92,10.25
-22.58,-33.51,-5.25
-16.91,-32.65,-2.87
-8.36,-29.60,4.58
5.31,-22.22,9.16
26.31,-9.40,12.21
51.27,-3.60,22.52
75.81,-6.29,37.90
99.37,-17.33,50.42
118.65,-36.62,56.09
130.31,-54.63,58.65
137.63,-57.92,63.78
149.23,-66.22,65.00
155.27,-67.63,66.65
157.17,-68.12,64.58
155.64,-62.56,58.23
145.14,-57.74,65.12
124.33,-45.59,49.93
109.80,-28.32,42.79
95.95,-21.61,47.61
81.18,-6.29,39.67
72.14,-1.71,27.47
54.69,7.69,17.82
36.56,13.61,14.77
20.94,9.64,13.18
6.84,1.10,8.30
-4.27,-2.50,-0.12
-13.79,-10.19,-3.30
-22.64,-19.35,-4.39
-27.40,-21.42,-6.04
-28.20,-15.81,-6.77
-27.22,-5.07,-7.45
-25.63,14.16,-10.62
-25.33,45.29,-19.59
-23.50,67.69,-26.92
-22.46,74.16,-32.41
-18.43,66.28,-39.25
-14.10,47.67,-53.53
-13.85,29.60,-72.27
-16.54,20.45,-94.60
-18.80,20.14,-118.96
-18.25,21.79,-137.57
-17.46,20.26,-146.36
-16.11,16.11,-145.81
-14.16,10.38,-137.63
-14.22,3.42,-125.73
-18.92,-2.50,-112.61
-24.23,-8.54,-100.59
-26.86,-15.63,-89.11
-27.16,-24.05,-75.68
-28.44,-31.31,-60.24
-31.49,-35.58,-41.32
-30.27,-38.21,-18.37
-28.08,-40.65,5.86
-27.65,-44.74,28.38
-30.76,-43.03,34.73
-21.55,-26.37,2.44
1.04,-23.32,-3.91
4.88,-21.00,1.89
-6.16,-22.40,8.85
-3.85,-22.34,7.69
3.60,-20.94,4.27
-0.37,-19.04,5.00
-9.28,-17.88,6.90
-11.66,-15.56,21.06
-14.16,-12.57,29.97
-10.25,-7.81,33.26
-5.43,2.20,41.75
-3.11,11.72,56.40
1.22,16.42,60.67
0.31,27.47,75.50
2.01,32.78,95.83
0.43,36.01,114.32
-0.06,42.72,127.14
3.48,41.75,137.27
2.44,46.33,141.05
2.75,52.67,138.12
0.43,55.91,135.31
-0.24,57.50,139.16
-1.77,53.04,151.67
-5.19,47.97,154.85
-3.48,49.99,151.18
-2.69,54.57,149.35
-6.53,49.19,149.41
-9.89,50.96,147.16
-10.86,46.14,145.51
-14.77,42.66,144.65
-16.97,36.32,142.70
-16.24,29.05,136.41
-14.16,27.28,129.27
-14.40,23.93,116.58
-7.02,13.79,118.10
-5.62,11.05,120.54
-6.29,9.52,109.86
0.55,3.85,105.10
-5.86,-4.94,97.90
-6.90,-1.77,85.75
-8.91,-2.01,73.43
-3.97,-1.10,71.41
-5.74,-4.58,73.36
-2.38,-9.22,75.32
0.49,-10.38,71.23
-0.73,-8.97,58.29
0.37,-7.39,50.29
-1.22,-6.84,41.32
-0.61,-5.49,31.92
0.98,-1.95,32.10
-1.95,-1.46,20.81
0.92,-0.67,8.18
3.30,0.85,2.20
4.39,2.69,-0.12
5.00,4.52,-1.28
3.97,4.76,-2.56
1.83,3.91,-3.36
0.12,2.56,-3.72
-0.73,1.53,-3.48
-0.79,0.98,-2.50
0.49,1.53,-1.40
2.38,2.50,-0.18
4.03,3.05,0.61
4.33,2.93,0.61
3.97,2.44,0.55
4.03,1.95,0.37
4.39,1.46,0.49
4.76,1.10,0.92
5.07,1.04,1.22
5.74,1.04,1.22
5.19,1.04,0.67
3.72,1.16,0.61
3.48,1.77,0.49
3.97,2.56,0.18
4.70,3.54,0.24
5.19,4.09,0.31
5.31,3.66,0.43
5.19,2.56,0.37
4.76,1.40,0.37
4.33,0.61,0.73
4.03,0.00,1.04
3.60,-0.12,1.22
3.42,0.12,1.59
3.11,0.37,1.83
2.87,0.55,1.46
2.62,0.73,0.98
2.56,0.98,0.43
2.81,1.34,-0.12
2.87,1.89,-0.55
















-,-,-
1.95,-11.17,2.62
2.26,-9.64,2.08
2.81,-7.93,1.53
3.30,-7.14,0.79
4.15,-7.39,-0.24
4.46,-8.00,-1.53
4.52,-8.61,-1.95
4.21,-8.73,-1.89
4.33,-8.54,-1.59
4.15,-8.24,-0.79
4.27,-8.24,-0.06
4.15,-8.48,0.24
4.03,-8.91,-0.43
4.15,-9.34,-2.08
3.78,-10.44,-4.09
3.78,-11.72,-6.47
3.78,-13.61,-8.48
3.72,-14.59,-9.95
3.23,-13.67,-10.74
4.39,-10.93,-11.11
6.90,-8.30,-11.05
10.86,-6.59,-10.80
14.95,-5.31,-9.64
17.88,-3.97,-8.42
19.41,-2.99,-7.39
19.53,-2.87,-7.08
19.17,-4.21,-7.02
19.04,-6.35,-6.10
18.74,-8.24,-4.58
17.09,-8.73,-2.38
15.26,-7.57,-0.12
13.43,-6.10,1.40
8.85,-5.19,2.38
3.05,-5.19,2.75
-2.81,-7.45,4.46
-9.40,-13.49,9.16
-19.59,-21.42,14.71
-31.13,-27.40,16.42
-43.40,-29.97,12.76
-52.86,-29.11,4.76
-59.20,-24.72,-3.66
-64.70,-20.94,-9.77
-67.99,-23.56,-10.38
-65.61,-37.54,-2.14
-63.11,-60.00,16.42
-61.89,-85.63,43.76
-60.97,-106.26,70.31
-59.81,-89.36,36.80
-36.01,-71.23,4.76
-15.56,-54.20,4.21
-7.45,-39.86,11.66
9.03,-20.94,7.69
38.57,6.04,2.32
67.08,24.54,7.93
95.89,11.05,21.30
119.45,-28.08,34.30
129.21,-54.44,31.31
140.81,-72.69,33.51
147.22,-81.60,42.36
153.87,-79.83,41.75
159.61,-73.55,57.62
154.72,-61.34,59.57
147.16,-52.92,55.54
123.54,-43.03,57.01
88.07,-21.12,50.35
57.74,2.32,38.27
36.62,13.61,26.67
20.94,23.62,23.38
7.14,27.47,18.74
-5.31,19.71,11.47
-14.65,2.62,9.77
-23.19,-8.54,8.85
-31.13,-9.83,5.98
-37.66,0.43,-0.61
-44.68,33.51,-16.24
-46.33,65.80,-26.43
-48.65,77.58,-37.54
-46.75,69.27,-52.92
-47.00,49.93,-67.26
-51.94,35.40,-88.68
-58.53,32.17,-117.19
-63.48,36.74,-145.81
-61.16,40.34,-167.30
-53.77,36.93,-174.44
-45.78,24.84,-167.85
-38.51,4.33,-152.77
-34.55,-20.81,-133.54
-31.13,-45.59,-109.01
-26.37,-63.42,-75.62
-23.56,-72.27,-35.28
-21.30,-72.02,5.68
-18.62,-68.18,43.46
-18.25,-66.96,72.27
-28.93,-55.24,52.86
0.73,-40.65,6.10
26.67,-37.23,5.37
12.70,-30.52,15.87
7.02,-18.55,19.53
18.31,-7.26,12.15
17.33,-1.40,8.54
10.31,0.31,12.08
14.04,0.67,34.97
15.44,9.34,69.15
13.55,20.57,87.34
12.21,32.41,89.78
11.66,38.33,88.68
3.54,40.59,91.74
0.79,46.33,102.42
2.08,49.87,122.13
2.81,60.55,135.25
7.75,65.61,138.55
7.87,67.26,144.78
6.53,67.44,143.55
8.06,65.92,145.02
2.93,54.87,142.03
0.06,48.03,134.70
-3.85,46.14,120.06
-6.29,42.97,113.95
-9.77,31.49,99.24
-6.84,30.03,91.06
-7.20,24.05,77.21
-1.71,21.36,57.62
1.77,25.63,69.95
-1.65,25.15,73.12
-0.24,17.58,74.34
-5.07,15.93,66.77
-4.09,8.79,45.53
-7.14,7.69,46.02
-7.20,7.39,48.22
-6.84,11.84,55.36
-6.59,9.16,50.90
-6.04,8.00,36.50
-5.13,2.99,22.83
-4.88,8.54,37.96
-5.62,12.27,55.30
-9.09,9.58,44.25
-6.84,8.54,40.47
-7.93,8.36,43.58
-8.48,9.22,45.96
-7.26,8.18,51.33
-4.64,8.97,61.58
-3.66,10.68,65.92
-1.77,8.54,64.64
-1.59,5.37,54.81
-0.24,5.43,50.90
-1.40,2.81,55.85
1.22,0.79,65.19
2.44,2.75,72.51
2.56,-1.59,74.65
1.53,-3.05,66.47
-3.97,0.31,46.33
-3.23,-1.34,39.73
3.05,-2.26,54.32
-0.12,-2.14,47.97
3.23,-0.55,34.67
3.23,-0.37,18.31
5.19,0.85,15.32
6.53,1.16,14.04
3.97,0.00,4.70
1.59,-1.22,-1.71
0.24,-1.28,-0.92
0.18,-0.24,2.38
2.56,1.59,10.13
3.42,4.52,32.90
3.17,1.53,33.87
8.79,-0.79,24.35
6.90,-3.23,16.78
3.78,-1.77,0.43
4.94,2.08,-7.39
7.81,5.92,-10.31
7.81,9.64,-12.63
5.68,13.12,-17.52
0.55,16.17,-30.52
-3.66,17.27,-54.44
-1.95,21.73,-78.37
1.71,28.44,-86.98
2.38,36.93,-82.21
1.65,43.70,-73.36
1.71,48.89,-67.81
2.56,52.12,-69.70
















-,-,-
-1.16,-11.66,-0.24
-2.14,-13.18,-0.18
-1.40,-14.22,0.61
-2.26,-15.32,0.92
-2.44,-16.30,0.67
-2.69,-17.09,0.92
-3.17,-17.03,0.98
-2.99,-16.78,0.49
-2.56,-16.54,0.55
-1.59,-15.93,0.67
-0.49,-14.95,0.55
0.24,-14.28,0.73
0.37,-13.61,1.04
1.04,-12.94,1.22
1.65,-12.33,1.53
0.12,-12.21,1.28
-0.98,-12.94,0.98
-0.24,-13.49,1.16
-0.55,-13.31,1.59
0.12,-12.45,1.71
0.79,-11.35,2.20
1.04,-10.44,2.38
1.65,-9.09,2.56
2.69,-7.45,2.81
4.58,-5.31,3.36
6.96,-2.50,3.97
8.97,0.61,4.52
15.63,3.72,5.37
20.14,7.39,6.77
25.57,10.62,8.85
31.25,11.41,12.15
42.05,1.22,18.86
56.27,-28.56,32.47
63.84,-26.55,36.13
80.44,-25.70,38.82
95.83,-31.62,43.27
104.49,-35.83,45.84
113.71,-33.14,44.25
114.44,-27.34,46.69
112.43,-12.76,46.69
111.69,2.26,54.81
104.98,15.69,59.20
98.82,23.99,52.55
88.87,23.74,45.41
71.29,38.94,38.33
56.82,38.82,29.91
46.26,29.79,26.86
34.06,35.89,23.01
23.19,38.70,15.75
14.53,25.63,11.17
10.25,9.83,9.95
9.95,-2.14,9.89
10.44,-8.91,9.03
8.79,-13.12,7.39
4.21,-16.54,4.27
-0.98,-17.70,0.37
-7.32,-15.93,-3.36
-15.01,-11.60,-7.45
-22.58,-3.54,-10.99
-26.61,9.58,-13.24
-28.56,25.88,-19.47
-29.24,45.10,-29.85
-34.18,60.85,-52.19
-35.52,58.65,-88.50
-33.57,43.03,-115.84
-32.17,25.82,-132.63
-30.94,16.24,-145.20
-27.10,13.18,-156.56
-26.55,13.43,-165.04
-26.73,16.05,-167.54
-25.27,19.17,-161.80
-25.70,19.84,-147.03
-27.04,14.10,-124.63
-30.58,1.46,-100.65
-34.06,-15.01,-81.42
-36.68,-33.87,-65.06
-44.74,-53.83,-48.22
-55.85,-66.47,-30.70
-61.28,-67.81,-12.76
-58.04,-61.22,4.21
-52.00,-51.88,20.75
-46.94,-41.08,19.10
-33.33,-33.02,5.37
-16.17,-26.73,5.31
-8.48,-20.75,8.18
-8.97,-18.98,12.08
-11.47,-15.75,12.15
-11.23,-8.30,17.52
-7.87,0.55,34.97
-5.74,12.94,54.26
-0.98,27.65,74.65
7.69,40.95,92.29
12.82,51.82,109.68
16.54,61.22,124.57
21.48,60.18,138.43
18.55,54.14,146.67
17.58,64.09,149.05
19.04,65.80,155.70
21.91,70.98,160.16
25.82,80.99,170.35
24.72,76.54,176.88
20.94,62.81,178.83
17.76,57.50,171.14
17.58,53.41,159.61
12.82,46.88,160.40
9.58,36.68,163.64
7.45,29.54,150.88
6.77,22.58,131.65
7.75,18.80,121.09
4.52,18.19,117.43
6.04,9.16,118.96
1.59,3.36,106.63
4.82,0.43,103.45
2.99,-3.17,98.75
3.48,-3.30,95.95
2.93,-3.72,90.09
2.75,-6.65,83.92
2.62,-8.36,72.33
4.27,-6.29,66.65
3.72,-4.21,64.58
2.69,-2.26,63.54
0.61,-9.34,52.67
1.59,-4.46,46.81
0.43,-3.60,39.67
1.77,-5.74,29.17
3.23,-6.35,28.75
5.92,-6.47,27.04
3.78,-3.11,21.79
2.69,-1.46,13.31
3.42,-1.71,8.61
4.39,-1.53,9.22
3.05,-1.22,12.45
2.99,-1.40,4.88
3.91,-1.53,0.37
3.36,-0.98,-0.67
3.48,-0.49,0.73
4.27,0.43,1.83
5.00,1.16,2.32
5.74,1.22,3.17
6.47,1.22,3.54
6.84,1.22,2.93
6.53,0.73,2.14
5.62,0.18,1.95
5.07,-0.24,1.71
4.58,-0.61,1.59
4.39,-0.55,1.59
4.58,-0.24,1.34
4.76,0.31,1.22
5.74,1.53,0.92
7.14,2.26,0.67
9.46,2.44,0.31
8.85,2.38,0.18
7.02,2.14,0.31
5.80,1.65,0.12
4.33,1.04,0.31
3.66,0.85,0.79
3.66,1.28,1.22
3.66,2.01,1.53
3.91,2.44,1.16
4.21,2.81,0.67
4.64,3.66,0.49
4.70,3.91,0.61
3.60,3.36,0.55
2.26,2.26,0.06
1.71,1.04,-0.31
1.71,0.43,-0.12
1.89,0.06,0.55
2.44,-0.12,1.16
2.99,0.43,1.22
2.69,0.85,1.65
2.56,1.65,2.08
2.08,2.32,1.95
1.28,2.75,1.53
0.98,2.87,0.92
1.34,3.42,1.10
1.28,3.54,1.46
1.04,3.36,1.40
1.34,3.05,1.16
2.01,2.62,0.98
2.81,2.44,0.73
















-,-,-
1.46,0.61,1.59
1.77,0.61,1.28
1.53,0.24,1.22
1.46,0.12,1.22
1.59,0.67,1.16
1.83,0.98,0.98
2.26,1.04,0.98
2.44,0.55,0.98
2.20,0.18,1.04
2.08,0.12,1.04
2.38,0.67,0.92
2.50,0.55,1.40
2.38,0.43,1.95
2.38,0.12,2.01
2.32,0.00,1.95
2.20,-0.06,1.77
2.26,-0.12,1.28
1.83,0.18,1.40
1.53,0.37,1.34
1.65,0.31,1.53
1.95,0.18,1.83
1.83,-0.24,1.89
1.77,-0.55,1.83
1.77,-0.49,1.89
1.77,-0.43,2.08
1.65,-0.67,1.95
1.83,-0.92,1.53
1.89,-1.46,1.28
2.20,-2.75,0.79
1.59,-4.21,0.55
1.22,-4.76,0.24
0.73,-5.74,0.37
-0.06,-7.69,0.79
-2.14,-9.46,1.40
-4.39,-10.62,1.46
-6.84,-12.27,2.01
-9.64,-14.47,2.38
-12.51,-16.97,2.99
-15.26,-19.71,3.23
-18.86,-22.52,3.23
-21.55,-26.06,3.42
-23.07,-31.80,4.58
-24.66,-40.28,7.08
-25.63,-50.23,11.78
-28.75,-60.73,19.35
-30.58,-72.51,29.36
-33.39,-82.28,36.87
-42.36,-69.15,18.31
-39.86,-60.85,-0.06
-26.73,-52.80,-4.82
-11.54,-44.19,-0.12
3.23,-29.97,5.98
25.63,-11.66,8.85
43.70,0.43,12.33
61.77,-1.77,24.05
83.56,-20.14,46.39
100.77,-36.68,62.38
117.61,-48.10,69.03
127.93,-50.96,70.74
135.31,-48.89,78.55
139.77,-41.75,79.16
141.36,-32.17,70.31
129.64,-25.76,71.04
114.07,-16.42,77.21
93.81,-3.42,69.52
73.73,5.37,48.65
51.45,10.80,38.02
32.47,11.96,32.59
18.49,11.29,20.45
10.56,0.24,12.08
6.47,-8.30,10.13
5.55,-19.35,10.99
4.15,-26.73,11.47
1.16,-28.93,10.68
-3.78,-27.59,9.09
-7.14,-22.52,7.51
-9.34,-14.04,5.92
-10.38,-4.52,4.03
-11.29,5.37,2.08
-12.94,15.01,0.43
-15.50,24.60,-1.83
-18.80,34.36,-5.43
-24.29,45.78,-20.75
-28.32,56.76,-55.54
-27.04,54.93,-92.65
-24.84,51.09,-117.31
-22.77,49.74,-134.28
-20.45,51.70,-151.00
-17.64,52.31,-164.25
-13.67,47.73,-168.95
-9.58,36.19,-161.56
-8.36,20.51,-142.03
-7.75,2.99,-112.85
-4.94,-12.76,-81.30
-4.03,-25.15,-54.08
-3.11,-34.79,-32.65
-3.72,-41.63,-15.63
-5.00,-46.20,-1.89
-3.85,-51.82,11.60
-4.03,-58.72,26.67
-8.73,-63.96,41.75
-15.75,-47.42,26.25
-11.05,-31.31,10.31
3.78,-25.21,5.00
0.18,-20.81,4.70
-0.92,-15.69,1.83
4.15,-10.19,-3.11
4.88,-6.53,-5.49
1.65,-4.58,-5.80
-3.66,-3.54,-5.49
-4.15,-3.42,-4.94
-1.46,-4.15,0.37
0.67,-2.01,21.48
-0.43,1.89,42.24
0.00,8.30,55.42
1.89,15.20,60.24
0.79,26.00,68.24
1.95,37.11,85.75
2.50,44.98,99.30
0.12,45.96,111.57
-4.94,50.72,122.86
-5.74,56.09,135.01
-7.69,61.28,149.72
-7.75,65.92,166.26
-6.77,68.48,179.99
-7.69,60.67,193.79
-11.72,51.21,198.00
-16.11,44.43,186.46
-17.46,33.75,169.68
-21.55,20.63,158.63
-22.40,11.11,137.08
-17.40,2.62,125.37
-10.25,-0.37,119.93
-6.04,-1.46,117.61
-6.23,-1.77,110.90
-4.58,-6.29,103.88
-6.71,-5.55,94.36
-7.87,1.46,81.18
-4.94,-7.93,86.79
-0.12,-5.25,94.91
-5.31,-0.98,84.53
-3.85,-1.89,67.50
-0.37,-6.53,58.23
0.79,-9.40,53.34
2.08,-9.77,50.72
-0.98,-7.20,44.07
-0.73,-3.23,36.44
1.34,-2.44,39.92
0.43,-1.53,36.50
5.86,-0.37,40.16
8.06,-7.45,46.51
3.72,-5.86,26.79
5.25,-2.50,6.53
6.23,0.18,1.89
5.86,3.36,5.00
5.74,5.68,5.07
6.10,7.32,2.38
4.58,9.16,-0.43
1.59,11.47,-3.72
-2.99,14.22,-9.09
-9.95,17.88,-18.37
-18.98,22.58,-35.16
-24.60,29.97,-59.81
-25.45,35.89,-82.64
-23.07,42.54,-92.04
-24.54,65.37,-88.93
-27.40,92.10,-87.28
-30.03,113.71,-92.04
-31.56,128.23,-98.88
-31.86,137.51,-103.09
-30.21,141.78,-102.66
-26.55,140.81,-98.69
-22.28,135.56,-94.06
-17.33,127.38,-90.03
-11.84,118.77,-86.73
-8.12,110.41,-83.50
-6.71,102.36,-79.22
-6.71,94.24,-72.81
-7.14,85.57,-64.09
-6.96,75.99,-54.02
















-,-,-
-1.89,-4.94,4.21
-1.16,-3.60,3.85
-0.55,-2.87,3.48
0.12,-2.20,3.17
0.67,-1.95,3.54
0.92,-2.26,4.58
0.61,-3.48,6.59
-0.12,-4.94,8.67
-1.10,-6.65,10.07
-1.77,-8.48,10.86
-2.38,-11.96,12.45
-4.15,-16.42,13.61
-6.84,-18.13,12.08
-8.85,-13.92,5.37
-5.74,-16.11,2.87
-4.70,-15.38,2.87
-4.21,-13.06,3.42
-2.99,-9.64,2.81
-3.05,-7.69,2.14
-4.52,-7.69,1.59
-5.68,-8.67,0.85
-5.00,-10.01,0.49
-4.64,-10.86,0.43
-4.03,-11.47,0.79
-3.85,-12.21,1.10
-3.66,-12.51,1.10
-3.54,-12.82,1.10
-2.38,-13.12,1.34
-0.24,-13.31,1.59
2.50,-13.43,1.65
4.15,-13.18,2.26
6.41,-12.63,2.87
7.32,-12.15,3.36
9.83,-11.35,3.60
16.17,-10.07,4.39
29.91,-8.79,7.02
51.15,-17.70,17.21
73.55,-46.88,44.74
85.14,-56.09,59.57
106.20,-65.73,66.83
121.95,-67.02,74.40
136.66,-75.38,88.13
138.73,-64.51,89.17
137.21,-46.63,88.13
129.52,-30.82,84.66
119.26,-11.90,81.42
101.20,8.30,74.46
82.40,26.79,60.24
64.27,31.80,48.03
50.48,16.78,42.54
33.63,22.58,30.15
22.09,24.05,15.75
13.31,3.78,15.32
6.84,-16.66,16.24
4.52,-25.70,14.22
-0.67,-30.15,11.23
-5.37,-29.17,6.35
-9.64,-24.72,1.77
-12.45,-16.72,-2.01
-14.95,-6.41,-3.91
-19.04,4.46,-5.68
-23.68,15.14,-8.30
-25.33,23.99,-11.54
-24.78,33.26,-12.21
-23.01,45.29,-12.27
-23.01,66.22,-18.25
-18.01,79.04,-26.49
-14.77,76.54,-32.71
-11.29,65.00,-45.17
-6.84,50.54,-60.36
-3.91,42.05,-78.55
-5.74,41.69,-98.57
-1.53,43.52,-115.97
6.77,43.82,-125.18
6.65,42.48,-125.49
7.51,39.49,-117.00
7.57,34.61,-103.39
7.20,26.86,-89.84
6.53,16.48,-80.57
6.96,5.07,-76.72
7.32,-5.43,-76.23
2.32,-13.37,-78.06
-3.85,-19.23,-80.87
-7.32,-25.57,-82.52
-7.75,-32.10,-80.02
-8.24,-37.23,-71.41
-9.40,-41.26,-59.63
-10.86,-45.84,-46.20
-13.06,-49.93,-33.69
-16.17,-53.22,-23.13
-18.98,-55.66,-13.18
-19.47,-58.35,-2.69
-18.19,-62.81,8.97
-18.62,-67.99,20.75
-24.96,-66.83,23.99
-24.35,-48.95,-1.77
-3.97,-40.04,-6.41
-1.10,-31.80,-1.46
-2.56,-25.57,1.16
7.26,-16.85,-1.89
18.25,-7.51,-2.87
21.30,-0.31,4.27
21.97,8.36,15.99
29.91,17.33,33.02
36.13,21.06,56.34
31.62,24.96,75.26
27.89,28.50,92.22
21.24,32.53,112.12
11.29,36.68,125.00
-0.61,46.63,136.05
-9.09,56.15,146.24
-13.31,63.11,160.83
-8.42,67.75,184.20
-8.61,73.12,207.03
-10.99,75.50,218.26
-12.33,73.30,222.72
-14.83,74.95,215.52
-17.40,57.74,208.68
-20.08,47.91,193.05
-15.69,37.23,178.96
-13.67,22.58,172.85
-15.20,19.84,155.27
-11.96,7.32,143.37
-11.54,-2.32,144.17
-14.16,-2.50,140.26
-12.27,-6.23,133.12
-10.31,-8.18,128.17
-7.75,-0.12,120.73
-12.27,0.06,105.90
-13.18,-5.37,81.67
-10.01,-5.13,65.67
-8.36,-0.85,67.50
-11.78,-0.31,75.74
-12.21,-0.49,71.29
-7.93,0.12,71.59
-12.27,-2.56,51.15
-6.35,-0.37,38.09
-3.36,-2.50,40.16
-0.12,-3.30,43.27
2.01,-1.83,45.04
-1.34,-4.15,33.69
-0.61,0.55,12.39
2.38,0.00,1.22
5.13,0.61,-1.46
7.57,2.32,-0.49
9.58,2.44,0.37
9.40,1.53,0.55
8.54,0.73,0.61
7.26,0.49,0.61
5.55,0.31,-0.18
4.58,0.79,-0.61
4.33,1.77,-0.37
4.64,2.62,0.00
4.94,3.11,-0.43
5.31,3.85,-1.10
5.80,5.25,-1.53
5.19,7.14,-2.20
4.03,8.91,-3.54
4.27,9.77,-5.92
-1.34,11.54,-13.06
-8.79,12.63,-31.43
-11.23,23.01,-49.93
-13.61,34.91,-61.52
-10.19,42.48,-68.79
-10.07,51.76,-63.78
-11.54,65.49,-60.91
-11.17,80.63,-68.54
-8.54,91.80,-82.76
-3.54,98.45,-96.13
1.59,101.50,-101.44
4.46,100.59,-96.01
3.78,96.86,-83.92
2.01,91.92,-71.11
1.83,84.84,-60.67
3.17,74.46,-53.41
4.33,62.62,-47.49
4.94,51.03,-42.30
5.19,41.32,-38.02
5.98,32.35,-33.63
5.00,23.32,-26.73
















-,-,-
-10.19,-7.75,-0.61
-13.24,-21.00,-9.70
-25.57,-32.65,-17.52
-32.96,-37.78,-25.94
-38.70,-32.78,-34.79
-41.50,-19.41,-40.28
-40.65,-4.70,-37.84
-37.41,6.77,-27.77
-32.17,13.18,-14.22
-29.30,12.70,-2.69
-22.71,3.48,4.46
-19.65,-10.99,8.18
-16.24,-31.43,11.72
-13.06,-52.61,14.47
-12.08,-65.98,14.59
-12.57,-67.14,11.96
-13.61,-56.82,8.85
-15.32,-39.55,6.23
-17.33,-21.91,4.58
-18.49,-9.77,3.48
-18.62,-4.82,2.20
-17.46,-4.58,1.28
-16.54,-8.67,0.92
-17.09,-14.34,-0.85
-18.98,-17.76,-3.78
-22.40,-17.70,-6.90
-26.49,-13.98,-10.25
-29.97,-7.26,-11.90
-31.01,-1.53,-11.84
-29.24,1.40,-10.38
-25.45,1.65,-8.24
-23.13,-0.31,-6.10
-23.25,-2.26,-5.62
-24.78,-2.81,-7.20
-27.22,-2.01,-9.46
-29.54,-1.83,-10.01
-30.27,-3.23,-6.84
-30.76,-6.77,-0.79
-33.26,-12.45,7.57
-36.68,-18.86,15.50
-39.37,-24.17,22.71
-37.72,-31.37,31.92
-33.45,-38.76,39.86
-29.60,-37.84,32.41
-20.08,-45.96,21.24
-13.31,-50.84,14.47
-6.90,-46.69,14.95
-0.24,-40.83,19.41
8.36,-30.58,23.25
20.39,-19.35,27.04
35.34,-10.07,32.10
55.05,-11.78,36.01
81.30,-36.44,45.17
101.68,-56.88,57.07
117.86,-60.61,72.08
127.56,-54.87,76.23
142.82,-55.11,70.56
146.06,-40.53,76.17
135.25,-19.59,63.48
127.87,-7.81,51.33
112.61,4.76,46.75
96.92,10.07,47.00
75.38,17.09,42.79
53.41,21.12,31.43
41.08,14.77,31.13
27.83,20.32,20.45
20.32,13.79,9.95
12.33,4.52,5.68
8.73,-5.55,6.90
11.66,-7.26,8.36
9.89,-8.00,9.28
4.09,-8.91,7.32
-2.99,-9.83,3.78
-8.36,-7.93,-0.31
-15.38,-4.88,-5.31
-24.05,-0.31,-12.33
-30.76,9.40,-20.81
-36.62,31.62,-41.50
-37.41,50.17,-66.71
-38.57,54.75,-89.72
-32.47,51.15,-109.25
-21.61,40.89,-119.63
-10.50,29.42,-124.02
-11.60,22.52,-128.78
-11.84,18.86,-134.28
-12.63,16.36,-138.43
-16.30,13.31,-140.08
-19.71,9.40,-138.31
-24.78,3.36,-129.46
-24.29,-4.76,-110.60
-23.07,-15.93,-84.59
-31.62,-28.26,-58.53
-34.48,-40.34,-35.64
-35.16,-50.96,-14.10
-34.42,-62.68,9.40
-37.23,-74.10,30.46
-41.44,-61.40,23.32
-18.98,-43.40,12.94
2.14,-25.57,10.62
7.87,-21.06,14.65
0.85,-23.07,18.19
-1.40,-21.85,13.92
-0.43,-18.43,7.45
3.30,-13.98,6.65
-2.62,-10.25,12.02
4.88,-6.16,32.90
1.95,2.87,61.77
3.66,12.15,81.79
7.63,23.99,92.10
10.74,24.35,94.12
7.57,31.01,99.00
5.62,37.96,108.70
4.09,42.91,119.87
6.47,48.65,130.19
7.32,60.30,142.27
3.17,62.56,157.23
-1.53,57.68,163.82
-1.77,45.84,159.67
2.93,43.40,150.88
3.78,36.25,147.77
5.07,39.37,154.17
1.83,27.28,171.08
2.56,24.35,158.81
4.46,31.74,134.70
-1.65,27.47,126.59
-8.54,16.11,109.80
-5.25,9.70,86.67
2.38,-2.75,86.85
7.93,-3.11,110.72
1.53,1.40,114.75
2.14,-0.31,109.56
4.70,-3.60,106.08
3.36,-12.02,100.59
0.61,-13.37,84.41
4.64,-14.40,78.55
6.71,-14.22,86.73
1.95,-16.60,75.68
2.62,-15.20,72.69
2.08,-13.61,69.21
2.62,-15.69,73.67
3.97,-17.70,82.46
4.70,-19.23,83.80
6.53,-18.62,71.84
7.32,-20.69,66.65
1.65,-16.85,47.91
6.10,-19.84,44.92
10.86,-22.03,51.70
7.39,-19.78,51.21
1.04,-16.05,35.40
3.36,-10.31,19.41
6.53,-8.61,17.70
1.95,-4.82,6.04
2.87,0.55,0.00
3.85,4.58,-1.95
4.21,7.20,-2.08
3.17,8.67,-2.44
1.46,9.52,-3.78
-0.49,11.11,-4.94
-2.38,13.24,-5.25
-3.11,16.36,-5.19
-3.48,19.23,-5.92
-3.91,21.48,-8.48
-4.33,22.28,-13.49
-4.03,22.95,-20.26
-6.23,24.48,-25.70
-10.50,26.98,-30.33
-13.73,31.07,-36.25
-14.89,37.23,-44.62
-14.16,41.14,-50.17
-12.45,42.79,-52.80
-11.41,47.91,-53.47
-10.62,53.83,-53.22
-10.25,59.39,-56.15
-8.67,65.25,-65.86
-5.07,70.19,-79.16
0.06,72.39,-90.27
4.46,71.53,-93.99
7.45,68.24,-90.03
9.89,63.23,-82.58
12.63,56.27,-76.48
















-,-,-
-9.34,-3.36,-1.77
-8.91,-5.80,-1.10
-8.61,-8.06,-0.61
-7.63,-9.95,-0.24
-6.47,-11.17,0.00
-5.13,-12.63,1.10
-3.36,-15.63,3.85
-2.56,-18.19,6.23
-2.99,-17.15,5.55
-2.44,-10.19,-0.55
1.89,-8.00,-4.82
3.36,-8.42,-3.11
4.09,-5.92,1.04
5.07,-2.87,3.60
7.26,-0.85,2.99
9.22,-0.55,1.83
9.40,-0.92,1.10
8.42,-2.69,0.67
7.14,-4.88,0.37
5.31,-6.77,0.18
3.91,-8.67,-0.49
2.93,-10.38,-1.83
1.89,-11.66,-3.05
1.77,-12.57,-3.66
2.62,-12.88,-3.97
2.99,-13.31,-3.91
2.93,-13.61,-3.97
3.11,-14.04,-3.91
3.91,-14.34,-4.09
5.00,-14.10,-4.09
5.19,-12.88,-3.42
7.02,-10.56,-2.38
13.37,-6.04,-0.61
23.50,0.00,2.62
33.94,6.47,8.06
46.26,5.43,15.93
67.32,-22.34,33.75
76.17,-27.16,46.69
85.57,-24.05,49.38
100.95,-29.60,47.49
112.30,-39.12,44.56
116.46,-41.44,41.87
115.17,-41.93,39.55
111.45,-42.85,37.11
109.56,-30.21,38.33
104.55,-30.27,46.88
99.55,-25.45,44.86
99.79,-21.97,42.97
98.02,-13.00,45.41
90.64,-16.97,47.91
79.47,-13.37,37.11
73.36,-6.71,28.38
61.89,-5.49,25.09
52.86,-13.24,24.90
36.74,9.77,19.10
27.95,0.43,14.40
21.97,-12.21,14.95
15.32,-8.06,9.58
10.19,-8.73,3.42
5.92,-11.47,1.71
5.80,-12.57,0.67
3.42,-12.39,0.49
-4.58,-12.57,1.22
-9.64,-9.09,-0.12
-15.01,-3.66,-0.79
-21.79,2.26,-1.59
-26.86,9.40,-2.62
-31.74,16.97,-3.78
-36.38,25.15,-4.46
-40.71,34.18,-7.63
-43.95,44.56,-16.66
-47.67,47.49,-32.04
-49.62,39.25,-55.11
-50.35,30.03,-77.21
-55.79,25.70,-96.68
-59.02,26.37,-115.97
-55.60,28.32,-132.87
-49.87,27.10,-143.74
-44.37,21.24,-146.42
-41.56,13.12,-140.75
-38.15,2.50,-128.11
-34.67,-8.85,-111.39
-31.37,-20.08,-93.38
-28.08,-29.24,-78.43
-26.12,-35.16,-68.18
-23.56,-39.67,-58.47
-16.97,-43.33,-43.64
-10.38,-47.55,-22.52
-5.25,-52.55,-0.24
-5.43,-49.62,8.30
9.03,-25.45,-4.58
26.43,-16.60,-2.99
21.12,-13.24,4.82
9.46,-9.40,9.16
4.27,-7.63,4.33
5.98,-7.63,-3.85
4.33,-8.00,-6.53
2.75,-6.41,2.14
5.43,-6.10,18.25
8.12,-1.89,36.68
16.24,5.37,62.01
14.77,12.51,75.81
19.10,15.32,80.81
20.75,26.00,89.48
19.71,28.14,90.09
17.15,31.01,93.26
19.47,30.88,98.33
16.24,25.88,109.99
10.56,20.87,103.88
9.58,29.36,105.90
5.31,32.84,97.78
8.00,24.29,101.38
3.85,17.40,99.98
5.25,13.06,99.49
4.76,18.31,98.14
2.01,24.05,97.60
3.48,20.57,98.94
-0.06,17.70,104.43
-5.07,10.74,93.14
-2.32,13.18,83.98
-8.24,9.46,78.43
-6.84,8.48,76.78
-7.93,7.39,80.44
-8.30,13.31,76.48
-10.50,9.28,65.80
-8.18,6.47,59.94
-5.31,12.08,65.86
-14.59,8.85,62.62
-10.25,9.03,62.56
-14.71,6.53,47.85
-9.22,6.90,48.71
-7.20,10.25,63.48
-8.30,7.32,69.89
-7.69,5.98,70.13
-8.36,1.28,67.75
-14.40,0.00,60.67
-7.32,-3.17,62.93
-6.04,-2.14,70.62
-16.36,-6.23,67.50
-3.97,-2.38,68.66
-4.88,-2.87,66.71
-6.71,-2.81,61.34
-6.23,-5.68,58.23
-6.29,-5.25,57.50
-11.17,-6.47,54.32
3.85,-5.49,68.18
-12.02,-7.51,66.71
-4.94,-6.35,53.83
-8.73,-8.06,39.79
-5.55,-6.71,42.36
-0.55,-5.98,51.64
-5.07,-7.08,58.23
-12.57,-9.16,49.01
-10.19,-7.32,29.85
-4.82,-4.88,25.94
-4.21,-5.49,32.04
-5.74,-5.31,35.22
-4.88,-2.81,33.57
-1.22,-1.89,36.87
-6.41,0.98,27.10
-1.89,-1.83,25.51
1.65,-1.65,37.29
-1.83,-5.98,41.93
-1.71,-6.77,40.95
-2.93,-5.55,35.10
-4.21,-6.29,31.98
-5.31,-6.10,24.66
-2.08,-2.26,22.58
-2.20,-6.47,26.92
-1.10,-6.23,21.18
1.46,-3.72,13.92
1.53,-1.71,7.02
3.30,0.98,2.08
4.58,3.05,1.83
4.15,3.42,3.17
4.33,2.62,2.69
4.33,1.40,1.65
2.99,-0.06,1.28
2.20,-0.49,0.98
2.69,0.18,0.43
