-,-,-
-1.65,1.34,-1.46
-2.08,0.85,-2.01
-1.34,0.24,-2.20
0.31,-0.55,-1.59
2.20,-1.34,-0.55
3.78,-1.83,0.49
4.15,-2.32,0.92
3.60,-2.56,0.61
3.48,-2.44,0.37
4.33,-1.89,0.18
5.55,-1.10,0.49
7.81,0.06,1.10
10.19,0.67,2.01
10.44,0.00,2.20
9.16,-1.71,1.59
7.87,-3.30,0.79
6.29,-4.70,0.00
5.25,-5.37,-0.92
4.82,-5.31,-1.59
5.43,-4.82,-1.95
7.81,-4.09,-2.01
13.98,-3.72,-1.83
17.03,-4.46,-1.53
18.07,-5.68,-1.40
18.49,-6.77,-1.65
19.65,-7.32,-1.95
23.25,-7.39,-1.34
32.59,-6.53,0.43
47.61,-9.22,5.55
65.61,-20.45,13.67
80.99,-18.01,17.21
94.54,-16.48,20.51
104.61,-18.31,23.68
113.89,-21.30,24.54
126.59,-29.24,18.68
138.00,-28.69,20.20
143.37,-36.62,20.02
149.54,-50.17,10.68
150.27,-49.93,9.64
157.84,-43.09,16.05
160.28,-34.48,23.62
165.28,-30.76,23.32
162.72,-31.25,16.54
156.62,-42.30,7.81
138.24,-46.39,6.53
120.54,-46.45,0.73
102.66,-41.63,-5.43
84.29,-36.56,-11.90
55.42,-31.13,-13.43
19.17,-18.55,-8.18
-13.61,-11.47,-3.36
-36.25,-0.37,1.53
-51.76,1.16,4.39
-61.16,4.94,7.93
-65.49,19.90,9.40
-72.75,45.04,-6.47
-78.74,55.97,-31.56
-89.23,59.14,-50.11
-95.83,66.96,-70.98
-99.73,67.32,-100.10
-105.47,58.17,-131.96
-113.04,49.99,-161.87
-115.97,44.01,-183.84
-112.37,35.03,-194.76
-104.92,22.52,-192.02
-93.26,7.32,-178.16
-86.85,-10.80,-156.92
-87.65,-25.82,-131.04
-96.25,-32.90,-102.42
-107.42,-38.33,-79.16
-112.67,-49.32,-63.42
-106.20,-64.94,-49.80
-96.80,-74.71,-32.23
-92.71,-71.41,-13.98
-87.89,-58.04,0.43
-79.16,-41.99,10.44
-55.11,-20.69,-10.01
-20.32,-10.01,-22.52
-14.40,-5.86,-5.62
-3.66,-6.10,10.25
9.52,-1.89,9.16
21.67,2.26,6.23
29.48,4.76,11.90
42.05,10.68,24.41
48.10,15.01,34.24
54.26,19.47,52.37
55.79,20.87,64.94
56.95,28.56,81.48
60.18,35.83,94.60
63.05,41.32,106.14
70.92,45.78,116.70
77.51,40.89,125.18
78.67,46.02,137.33
73.79,43.09,146.79
70.74,44.07,156.62
73.97,58.72,159.30
76.48,47.00,151.43
69.64,36.38,141.42
62.68,26.49,131.10
53.16,18.25,118.47
49.32,17.46,120.42
43.58,27.22,110.96
38.51,23.44,19.35
61.83,27.16,82.03
46.39,31.98,202.64
50.72,37.48,211.06
56.34,38.09,184.33
43.70,26.61,174.68
25.94,10.38,167.30
13.18,-6.59,145.26
11.96,-19.41,116.09
7.51,-23.07,88.93
-1.22,-21.36,57.13
-9.22,-14.04,31.62
-13.18,-1.77,9.64
-5.98,6.04,5.49
-0.37,6.96,32.53
5.13,-3.85,83.19
5.37,-23.62,138.92
1.95,-35.95,174.32
-3.36,-41.81,176.15
-2.14,-49.26,167.85
-7.63,-54.32,145.81
-10.44,-46.69,115.11
-14.16,-26.43,72.57
-13.49,-4.64,35.77
-11.35,13.43,9.58
-15.20,41.56,-26.18
-20.02,74.28,-85.08
-25.33,94.30,-145.57
-27.65,106.75,-207.64
-27.77,108.64,-259.77
-32.23,102.36,-298.89
-47.00,91.61,-332.09
-58.17,78.92,-365.48
-68.97,63.96,-395.32
-82.70,43.88,-409.42
-99.67,18.13,-407.53
-120.85,-8.18,-392.94
-145.51,-33.87,-364.07
-165.95,-65.00,-324.10
-174.62,-94.85,-277.28
-183.11,-116.76,-227.91
-179.63,-123.29,-174.07
-169.74,-110.53,-115.54
-169.74,-94.91,-66.47
-166.50,-87.83,-35.16
-150.94,-88.62,-18.13
-128.36,-94.48,-7.51
-110.90,-102.48,-1.59
-93.08,-110.66,2.99
-76.29,-116.27,13.12
-51.03,-101.20,-15.32
-4.46,-85.69,-36.80
0.31,-56.27,-7.93
31.56,-14.59,18.68
52.25,1.65,28.63
97.90,13.49,42.24
112.18,22.58,62.13
115.60,33.57,77.03
118.84,42.79,91.31
122.68,46.08,101.62
116.88,40.59,109.50
110.29,30.40,111.94
106.93,26.73,115.30
110.23,27.40,124.76
122.07,26.98,143.31
129.64,37.96,165.16
133.06,39.18,181.52
121.83,34.61,191.47
103.39,30.82,184.57
84.11,32.04,168.95
68.54,28.38,151.18
57.43,27.95,144.10
53.83,29.24,145.51
42.79,32.17,122.99
73.61,26.43,112.85
55.18,11.96,178.96
53.83,9.58,198.85















-,-,-
0.24,0.98,-0.18
0.31,1.22,-0.12
0.55,1.77,0.73
0.49,2.14,1.95
0.37,2.69,2.56
-0.49,3.23,2.69
-0.79,3.30,2.08
-0.43,2.56,1.16
0.12,2.44,0.43
1.16,2.38,-0.06
2.44,2.14,-0.18
3.72,1.59,0.00
3.97,0.92,0.67
2.81,1.40,1.65
1.16,2.38,2.50
0.00,2.38,2.56
-0.61,2.08,2.93
-1.04,1.40,3.48
-1.34,0.67,3.72
-1.04,-0.12,3.54
-1.04,-0.49,3.36
-1.22,-0.49,3.23
-0.79,-0.24,2.38
-1.16,0.18,1.77
-2.14,1.28,1.46
-2.62,2.87,1.59
-2.44,4.21,2.62
-2.44,4.27,3.30
-2.38,3.66,3.30
-1.83,2.20,1.83
-2.08,1.22,0.18
-3.54,1.40,-1.10
-5.43,3.54,-0.85
-6.65,4.94,0.31
-6.04,0.85,1.77
-6.23,-7.39,3.85
-6.04,-17.52,8.12
-5.31,-27.89,12.76
-5.43,-33.69,14.22
-5.92,-31.80,9.52
-3.05,-27.83,3.66
0.85,-26.25,5.49
5.07,-22.28,5.68
17.03,-19.04,5.98
41.02,-19.29,10.01
69.52,-30.46,18.92
95.34,-49.01,25.02
119.93,-68.36,27.71
145.39,-77.82,27.77
173.16,-85.08,28.56
198.12,-92.83,29.17
214.36,-88.38,35.77
219.91,-85.63,41.14
213.20,-77.39,45.35
195.43,-69.70,46.69
163.15,-52.61,42.30
126.95,-32.71,43.88
89.48,-10.38,34.30
58.29,12.33,25.88
32.29,21.97,19.53
15.50,16.91,15.08
5.62,4.76,13.00
-2.20,-4.46,13.00
-10.86,-7.69,12.08
-21.42,-5.74,4.46
-37.41,-1.04,-26.00
-51.88,0.55,-77.45
-63.84,1.40,-116.21
-74.22,6.04,-144.59
-77.21,11.35,-171.39
-75.56,11.84,-194.64
-73.85,8.36,-209.53
-74.46,2.81,-209.90
-76.78,-3.30,-193.24
-81.30,-8.42,-166.63
-83.25,-11.29,-138.06
-84.29,-11.72,-112.92
-81.85,-10.62,-92.59
-77.27,-12.21,-77.82
-75.99,-24.41,-64.76
-79.90,-36.80,-55.91
-71.84,-40.47,-46.75
-67.57,-40.28,-32.59
-61.52,-36.32,-12.63
-46.63,-30.70,7.93
-33.45,-26.86,27.22
-24.60,-22.52,38.15
1.40,-16.36,1.16
12.82,-14.34,-9.95
7.02,-11.11,-1.28
14.34,-1.22,13.92
25.39,10.44,22.83
32.41,22.89,36.01
40.10,35.58,53.41
45.04,47.73,73.30
55.36,45.96,93.57
55.36,46.57,107.48
57.31,57.80,118.53
58.84,66.65,127.99
63.96,63.48,130.98
67.99,69.70,136.60
63.42,77.27,135.25
59.14,55.05,139.59
49.32,40.22,153.08
43.09,45.17,165.28
41.56,46.57,173.16
41.32,50.29,174.19
39.43,42.42,158.63
31.92,32.84,114.75
65.19,20.75,86.98
33.08,25.82,144.84
16.36,28.50,173.22
19.71,29.72,177.43
9.46,29.17,185.79
-5.98,20.87,190.86
-19.23,17.64,185.12
-26.98,13.00,166.08
-31.07,-1.28,149.35
-31.86,-7.51,114.14
-23.56,-4.15,81.97
-23.13,-4.21,72.63
-21.48,0.61,69.64
-19.10,6.10,60.30
-13.43,10.74,55.18
-6.10,10.56,49.19
1.34,19.23,34.00
5.80,23.13,9.16
10.86,31.43,-40.89
21.06,37.48,-114.81
25.45,34.73,-181.58
20.51,28.99,-231.57
4.82,23.32,-269.10
-15.14,16.54,-302.19
-28.26,9.28,-331.24
-47.79,-3.97,-349.79
-49.93,-26.37,-357.18
-46.33,-54.81,-357.36
-37.11,-83.68,-351.75
-53.53,-107.67,-330.93
-81.67,-119.93,-293.52
-116.94,-122.68,-242.00
-139.95,-115.23,-185.00
-144.90,-100.16,-135.07
-133.79,-79.59,-93.26
-119.20,-57.98,-58.78
-101.32,-42.91,-30.52
-81.24,-35.71,-3.97
-63.35,-35.89,22.71
-52.49,-39.00,47.91
-43.33,-41.26,66.96
-11.78,-25.57,25.21
21.00,-25.33,-6.53
10.50,-14.95,7.39
11.90,0.12,36.80
28.38,16.72,61.16
56.09,29.05,81.18
70.80,41.50,102.23
79.77,51.70,120.54
87.40,61.58,133.24
100.59,72.27,143.74
107.36,73.61,149.84
106.20,67.63,147.83
100.71,57.37,144.53
88.99,48.52,151.73
75.81,43.70,163.33
70.31,41.08,179.32
62.50,42.42,193.79
54.75,46.08,194.46
52.12,50.35,147.40
50.72,47.73,179.50
27.59,35.40,208.31
28.69,29.17,204.90
30.15,23.38,190.55
22.83,14.04,182.31
14.77,4.88,173.95
4.52,4.82,157.90
-4.03,0.79,138.31
20.02,-7.20,130.00
5.62,-17.33,118.41















-,-,-
-3.23,2.93,-2.50
-3.78,4.64,-3.91
-4.27,5.80,-4.58
-4.39,6.16,-4.70
-4.64,5.31,-4.58
-4.58,4.15,-3.91
-4.33,3.11,-3.36
-3.85,2.62,-2.99
-3.17,2.56,-2.75
-2.38,2.93,-2.44
-1.77,3.17,-2.08
-1.04,3.11,-1.89
-0.98,3.36,-1.71
-0.73,3.48,-1.28
-1.10,3.72,-0.73
-1.34,3.85,0.06
-1.16,4.03,0.24
-0.98,3.91,0.31
-1.22,3.42,0.43
-1.95,3.23,0.61
-2.56,3.42,0.85
-2.62,3.66,0.98
-1.95,3.42,1.22
-0.92,2.56,1.53
-0.31,1.77,1.77
-0.18,1.40,1.77
0.18,1.04,1.71
0.73,0.98,1.53
1.04,0.85,1.77
0.92,0.85,1.53
-0.37,0.92,1.28
-1.34,1.53,1.04
-2.99,2.50,0.18
-5.00,4.52,-1.53
-6.59,6.35,-2.87
-8.73,8.30,-4.03
-12.63,10.80,-5.00
-15.87,12.94,-6.53
-19.10,14.71,-7.93
-21.97,15.87,-7.81
-23.62,15.81,-5.49
-22.89,13.67,-1.22
-19.35,7.08,5.86
-15.38,-4.39,14.34
-12.33,-20.32,22.71
-9.83,-37.11,30.27
-7.81,-54.14,38.09
-5.74,-68.54,46.57
-6.23,-80.32,55.42
-8.24,-85.21,59.94
-13.43,-69.76,39.98
-1.95,-48.16,5.43
12.57,-37.29,10.50
26.00,-25.33,19.59
47.67,-14.77,22.22
72.08,-13.49,20.08
95.52,-19.04,16.36
114.99,-20.14,31.37
135.44,-31.86,44.92
151.49,-47.73,51.45
165.41,-72.63,46.75
174.26,-81.54,39.98
184.33,-84.35,46.88
189.39,-76.42,54.20
193.66,-68.18,59.57
188.72,-57.74,58.41
171.20,-48.83,56.27
138.49,-36.44,40.83
100.65,-19.53,20.75
63.78,-3.23,9.58
33.87,14.10,6.10
19.59,22.16,6.23
9.52,29.60,6.96
4.94,20.81,7.02
-1.95,12.88,5.00
-14.22,12.21,-13.85
-29.91,15.01,-60.24
-49.07,17.70,-105.96
-71.17,25.21,-140.20
-89.66,38.02,-166.75
-97.84,47.18,-187.50
-94.85,47.18,-201.29
-88.07,36.68,-205.08
-80.63,16.66,-196.90
-77.76,-7.57,-174.87
-79.22,-27.77,-140.50
-91.49,-38.51,-100.65
-106.26,-41.81,-66.83
-110.23,-39.61,-43.52
-107.97,-39.43,-27.10
-97.84,-44.19,-17.21
-84.72,-50.29,-13.31
-72.02,-51.94,-10.74
-54.50,-36.13,-25.15
-20.32,-26.86,-31.37
-7.87,-18.98,-10.07
7.39,-9.58,6.84
18.92,-3.97,8.36
26.25,-1.16,4.82
28.69,5.31,8.67
36.50,13.79,22.77
41.87,20.39,41.69
48.52,27.77,69.58
57.37,41.93,101.87
65.00,57.25,127.69
75.99,67.93,152.71
90.45,76.66,171.51
91.86,94.54,182.43
98.08,96.62,193.24
92.41,76.23,198.91
74.04,66.96,197.94
66.47,55.91,198.85
60.73,47.55,208.62
51.33,35.46,221.74
32.10,36.50,211.79
38.09,35.16,177.31
29.17,36.32,227.97
9.28,44.74,263.18
24.96,44.01,268.62
26.43,24.48,250.85
18.80,1.28,220.89
8.30,-6.35,190.80
-6.53,-7.32,143.68
-12.02,-16.24,115.66
-14.10,-17.46,101.50
-17.58,-9.83,83.25
-21.97,-5.74,63.29
-24.84,-2.69,34.48
-17.33,2.93,12.39
-5.80,10.13,7.51
0.98,14.65,-16.60
15.32,23.93,-76.17
28.99,36.32,-142.64
33.57,49.26,-206.67
30.33,50.54,-261.35
16.17,41.14,-303.34
10.13,25.15,-339.84
-8.00,6.04,-368.65
-26.49,-13.98,-380.31
-33.14,-31.43,-377.75
-50.11,-48.71,-363.83
-72.63,-68.05,-343.75
-105.90,-77.64,-316.65
-131.53,-82.76,-284.85
-148.74,-88.13,-247.99
-154.36,-92.35,-203.19
-144.78,-94.18,-146.48
-127.93,-90.58,-81.67
-104.80,-83.13,-13.73
-76.66,-74.04,42.11
-48.22,-61.77,74.28
-20.08,-37.72,40.22
19.65,-27.28,1.40
4.82,-19.47,3.30
16.17,-11.41,21.79
30.09,2.62,38.33
50.11,23.01,52.98
68.79,34.85,76.60
87.89,41.63,108.09
101.32,51.09,146.67
116.94,59.27,188.60
125.98,72.63,224.43
146.30,75.50,252.20
151.61,76.17,274.54
143.98,70.19,292.97
129.03,52.98,294.49
98.51,50.54,247.92
91.43,39.55,211.49
54.20,24.35,225.59
29.05,16.05,229.13
26.25,13.79,217.35
25.82,2.38,205.93
19.41,-10.93,199.40
16.54,-17.70,184.33
13.00,-22.34,162.17
5.43,-21.73,137.27
3.91,-18.07,110.66
-0.73,-19.04,92.96
-4.94,-18.49,88.75















-,-,-
0.85,-0.85,2.69
1.53,-0.06,2.56
2.20,0.98,2.75
3.54,2.08,2.93
5.07,2.87,3.48
6.47,3.36,3.85
8.24,3.42,4.03
8.67,3.30,4.15
8.85,2.87,4.27
8.36,2.01,4.09
6.59,1.10,3.54
4.70,0.18,2.81
2.87,-0.37,2.32
2.38,-0.24,2.01
2.38,0.61,2.01
3.66,1.59,2.32
5.07,2.01,2.81
5.49,1.77,3.05
4.58,0.79,2.87
3.30,-0.06,2.08
2.32,-0.37,1.40
2.50,-0.24,0.92
2.81,0.12,0.85
2.75,0.49,1.04
2.75,0.61,0.79
1.65,0.18,0.31
0.24,-0.92,-0.12
-0.79,-1.46,-0.37
-1.16,-1.59,-0.12
-0.43,-1.59,0.24
0.85,-1.16,0.67
3.42,-0.98,1.59
8.24,-2.93,3.30
18.98,-13.24,8.12
28.75,-27.53,13.98
38.45,-28.50,15.38
49.99,-31.62,17.76
63.48,-31.62,23.01
83.62,-39.73,22.46
113.77,-55.60,31.13
135.13,-59.51,44.13
163.33,-73.91,60.24
173.16,-82.89,67.26
179.32,-87.34,69.15
168.82,-83.98,70.68
145.51,-74.65,65.25
117.19,-48.16,54.75
94.79,-22.64,42.54
74.77,-3.91,29.24
57.37,9.28,24.54
40.89,12.51,22.58
23.19,8.79,19.78
9.52,5.49,16.85
-0.24,-3.05,15.50
-7.63,-8.30,14.59
-16.72,-10.07,11.78
-31.37,-8.18,7.39
-45.41,-1.04,-0.12
-57.86,9.22,-21.97
-57.25,12.70,-54.93
-52.00,14.77,-81.36
-49.56,14.10,-105.90
-44.37,10.50,-130.43
-38.15,4.94,-153.32
-39.43,-1.71,-169.01
-45.10,-5.92,-174.01
-50.90,-7.75,-169.43
-52.73,-7.08,-158.63
-35.10,-18.07,-144.17
-52.67,-30.52,-124.82
-67.14,-31.49,-92.10
-66.04,-36.01,-60.00
-79.04,-48.10,-41.26
-81.05,-57.13,-29.30
-79.04,-60.00,-22.40
-79.90,-58.90,-16.66
-76.29,-54.20,-7.87
-68.91,-46.26,5.74
-63.23,-34.61,14.40
-27.77,-20.26,-21.12
-11.17,-18.07,-22.09
-14.10,-1.95,0.79
-12.33,7.63,19.90
15.01,5.37,25.63
31.86,6.29,19.35
41.87,16.54,19.17
49.56,27.59,33.75
59.39,33.02,51.51
72.27,35.52,68.42
82.34,38.09,83.37
82.03,39.73,98.02
74.58,37.48,101.32
65.73,42.79,106.45
53.83,68.79,110.11
57.07,79.41,117.74
57.43,81.18,129.52
53.71,84.05,148.13
45.10,106.63,158.39
48.71,97.23,174.56
36.80,93.81,185.00
33.33,100.71,194.89
32.84,85.33,204.77
32.10,62.19,199.89
21.00,57.62,157.78
31.01,46.94,139.89
14.22,58.11,190.49
3.85,64.64,215.88
6.47,59.45,213.93
-0.37,45.23,200.93
-8.97,27.34,189.70
-15.69,21.67,165.34
-17.46,15.56,123.90
-17.21,6.59,96.37
-16.91,7.02,77.39
-14.40,10.80,47.55
-6.90,17.70,10.31
0.12,22.28,-7.51
-2.62,21.18,-49.62
9.40,27.40,-121.46
26.92,23.50,-189.94
32.10,14.34,-242.98
21.73,0.37,-281.01
4.70,-21.12,-309.94
-15.93,-42.72,-336.49
-26.67,-66.77,-357.60
-38.09,-88.38,-372.07
-45.65,-103.03,-368.23
-68.60,-113.95,-336.55
-81.73,-123.72,-295.78
-102.84,-129.03,-252.44
-109.68,-129.70,-209.17
-107.48,-123.96,-168.33
-101.93,-111.94,-126.46
-92.96,-86.91,-83.07
-97.23,-59.39,-45.23
-86.55,-49.99,-15.08
-74.10,-53.83,8.06
-68.85,-67.57,24.96
-64.88,-82.89,37.72
-55.54,-90.64,46.08
-38.21,-80.32,10.19
11.05,-79.10,-30.70
19.29,-80.51,-11.17
19.71,-70.68,13.61
35.34,-54.44,27.40
54.38,-37.60,34.61
61.58,-18.19,45.59
63.54,6.84,60.97
73.55,27.65,77.82
80.99,40.83,103.70
81.67,49.50,125.79
77.39,56.27,142.76
70.50,60.12,150.09
69.70,62.38,154.60
67.32,68.18,163.94
64.21,73.91,177.19
68.30,66.16,192.69
64.76,73.55,201.05
63.84,77.45,199.34
58.78,77.51,195.19
42.79,73.00,171.75
43.64,57.31,104.49
36.19,48.58,141.85
8.85,52.73,183.29
8.42,55.11,190.31
11.41,55.73,185.36
10.07,53.34,177.37
9.40,45.96,165.10
6.90,37.90,145.20
0.85,29.48,110.17
-1.46,14.22,87.89
-9.77,3.30,73.97
-13.61,5.07,78.06
-17.21,6.90,102.60
-16.97,7.63,122.62
-14.71,7.51,109.31
-10.07,7.32,90.39
-12.27,6.53,80.99
-8.97,5.80,79.65















-,-,-
-0.49,-0.37,-0.55
-1.04,-0.49,-1.04
-1.10,0.00,-0.43
-0.67,0.49,-0.12
0.18,1.16,0.24
1.34,1.77,1.22
2.50,1.65,2.93
3.91,1.40,3.97
4.03,0.73,4.70
2.50,0.73,4.39
1.16,2.14,1.77
0.73,2.14,0.18
-0.73,1.71,0.73
-0.55,1.77,0.92
1.10,2.20,1.34
3.23,3.36,2.38
6.59,4.76,3.91
11.84,6.35,5.37
18.55,6.77,7.63
27.22,-0.18,13.49
37.66,-22.22,24.23
48.46,-25.27,29.05
63.42,-30.33,30.40
71.59,-33.75,32.29
72.75,-31.43,38.21
70.43,-29.85,28.08
70.92,-30.21,25.33
62.99,-32.59,28.44
60.06,-35.83,24.54
63.54,-41.02,28.75
63.29,-41.38,30.58
72.08,-41.26,29.54
81.79,-43.82,29.30
93.20,-52.25,32.29
99.55,-56.03,36.01
107.79,-59.88,39.55
108.03,-63.29,43.88
106.69,-58.17,37.29
102.84,-51.64,34.48
92.10,-40.95,32.41
79.10,-36.19,30.94
64.27,-19.23,21.06
48.89,-1.77,19.10
32.59,-0.18,17.82
18.43,6.90,11.66
7.39,5.98,7.57
-2.01,-0.61,5.68
-9.64,-5.19,5.07
-17.33,-4.94,5.25
-24.72,1.10,4.64
-30.09,19.47,0.43
-31.98,41.63,-4.82
-33.57,57.43,-21.18
-30.40,53.83,-50.96
-31.56,38.02,-86.00
-37.54,18.31,-118.53
-43.46,1.89,-140.99
-44.68,-8.85,-148.50
-43.15,-13.61,-142.76
-40.89,-12.94,-127.75
-42.36,-10.25,-108.83
-46.33,-7.75,-92.65
-48.52,-7.14,-83.68
-44.07,-8.00,-81.67
-36.87,-10.68,-84.05
-34.73,-18.13,-85.08
-34.18,-26.79,-85.33
-24.96,-35.10,-81.30
-31.86,-45.47,-68.73
-32.04,-53.16,-53.96
-33.51,-61.46,-36.38
-30.46,-68.66,-16.24
-30.21,-73.85,4.70
-29.91,-75.32,24.17
-24.05,-69.82,40.41
-23.38,-56.21,45.35
3.48,-30.70,-6.59
7.45,-17.82,-16.97
1.16,-6.23,8.18
-6.84,-3.66,20.32
7.45,3.54,19.17
18.80,18.49,24.84
20.39,35.71,36.44
25.70,50.35,48.16
32.90,66.28,62.99
40.22,64.64,84.78
41.63,70.98,99.73
48.34,80.81,112.24
51.64,87.10,119.81
51.45,77.64,125.55
43.21,81.85,126.59
39.00,74.16,125.06
29.30,69.15,123.72
24.05,79.53,118.47
25.63,77.45,120.67
21.42,69.58,132.32
20.57,73.49,136.72
25.88,73.73,136.72
23.50,67.08,140.62
8.24,48.10,142.03
-1.59,41.69,132.32
-9.34,34.85,92.16
5.37,39.37,136.60
-8.36,52.67,194.95
-0.18,64.70,212.89
6.04,64.76,205.69
7.08,51.94,190.43
6.84,34.24,177.92
-5.37,15.38,155.09
-6.84,1.95,133.85
-8.67,1.77,112.06
-10.68,-4.76,87.04
-13.85,-5.68,58.23
-14.40,-2.69,37.35
-18.31,5.62,27.22
-19.47,10.80,14.89
-9.22,17.40,7.93
0.85,24.96,3.54
9.89,27.16,-31.07
32.04,29.60,-91.86
41.14,25.76,-155.82
39.37,13.43,-215.82
28.38,-6.41,-274.72
12.70,-33.87,-326.48
-2.08,-65.31,-362.49
-19.84,-95.52,-379.70
-35.46,-120.79,-379.03
-40.65,-141.91,-361.15
-40.34,-156.68,-329.90
-48.52,-160.58,-288.76
-65.49,-157.29,-243.35
-80.99,-143.62,-199.10
-92.47,-125.85,-159.61
-94.12,-110.66,-123.05
-89.60,-98.14,-86.00
-79.53,-91.31,-50.90
-68.12,-90.88,-22.03
-57.98,-92.71,-1.10
-53.34,-92.04,10.93
-33.45,-76.11,-24.05
-3.97,-68.97,-31.74
-0.92,-46.26,-6.41
1.59,-19.53,18.92
17.03,-5.80,27.22
35.64,5.13,31.86
39.25,22.71,46.57
43.27,37.05,62.01
47.97,51.45,76.78
52.80,60.85,93.75
53.59,70.19,111.76
57.80,78.55,129.52
73.85,82.70,149.72
85.14,94.30,164.37
94.06,92.96,179.20
93.08,90.58,197.63
88.68,87.65,213.38
80.44,87.95,224.06
68.24,97.84,223.14
72.02,97.23,223.51
52.67,88.62,205.44
49.62,69.34,155.52
44.19,66.83,170.96
24.72,55.79,184.81
17.58,49.99,175.48
15.56,46.39,163.94
5.31,36.87,163.57
-2.32,24.96,155.46
-6.71,17.58,136.17
-8.67,15.14,115.97
-9.83,8.67,108.95
-13.18,2.93,104.00
-9.46,-3.05,92.77
-8.48,-1.28,84.53
-7.02,2.56,96.92
-10.07,-0.06,100.46
-7.51,-5.92,87.77
-3.11,-7.02,69.64
-4.70,-7.87,46.81
-6.96,-5.49,11.78
-1.40,-2.44,0.73















-,-,-
-0.67,-1.95,0.31
-1.71,-2.01,0.37
-2.08,-2.26,-0.06
-2.32,-2.26,-0.24
-2.50,-2.50,-0.24
-2.14,-2.50,-0.37
-1.89,-2.26,-0.31
-1.10,-1.83,-0.24
-0.43,-1.16,0.18
0.24,-0.18,0.55
1.16,0.55,1.04
2.08,1.40,1.34
2.75,1.95,1.71
3.11,2.14,1.77
2.50,1.65,1.46
1.04,0.79,1.10
0.12,-0.06,0.98
0.43,-0.61,0.98
1.28,-0.49,1.65
2.26,0.06,2.38
3.17,0.92,2.99
4.21,2.01,3.30
4.94,2.62,3.72
5.31,2.87,3.36
4.52,2.26,2.62
2.75,0.92,1.53
0.43,-0.61,0.49
-1.28,-1.65,0.12
-1.65,-2.14,0.31
-0.37,-1.95,0.49
1.28,-1.16,1.04
4.15,-0.43,1.59
8.85,-1.22,3.17
14.83,-9.52,7.14
18.68,-11.60,10.44
25.15,-12.88,13.18
28.08,-7.75,10.74
36.25,-17.76,14.71
40.28,-9.22,20.39
56.46,-11.05,28.26
71.17,-14.04,36.56
87.77,-16.05,52.12
101.26,-22.03,55.85
119.08,-28.93,44.43
134.09,-35.58,39.55
143.25,-36.80,44.62
150.76,-39.79,46.88
151.86,-39.31,45.96
141.42,-30.64,52.55
124.57,-20.02,49.62
104.00,-13.61,46.88
79.59,-8.36,36.62
53.77,4.64,23.68
35.03,5.92,18.43
22.34,9.95,11.47
13.18,13.18,6.10
4.15,2.81,3.54
-2.50,-5.31,1.53
-9.70,-7.08,-0.06
-17.03,-4.39,-2.26
-23.68,2.50,-8.00
-32.17,15.14,-38.82
-37.23,18.80,-98.39
-44.98,13.98,-150.82
-57.43,9.28,-188.35
-65.12,6.65,-215.52
-66.89,2.32,-230.65
-72.75,-3.42,-234.92
-70.98,-8.54,-227.60
-70.13,-15.93,-202.03
-68.79,-23.80,-162.60
-66.65,-30.03,-122.80
-63.84,-34.18,-90.45
-61.46,-38.02,-66.71
-59.75,-41.63,-51.45
-59.51,-47.73,-43.88
-55.91,-56.21,-40.22
-53.22,-65.37,-35.46
-53.22,-73.85,-23.93
-50.96,-77.70,-6.41
-46.39,-75.32,11.72
-32.84,-63.11,2.99
-0.61,-46.26,-22.40
4.64,-27.16,-7.57
4.46,-9.03,12.02
8.12,-1.46,16.66
27.28,3.91,18.01
35.77,9.89,23.50
40.83,17.70,38.02
48.46,29.54,53.65
60.67,39.06,73.30
65.55,44.62,90.58
66.35,50.90,106.51
67.69,59.27,121.52
66.89,65.25,139.53
66.59,69.52,154.91
70.01,70.01,165.53
71.29,67.69,171.81
69.95,57.19,169.25
59.14,48.71,161.56
42.42,44.01,147.71
30.21,39.31,131.90
26.61,34.42,125.73
18.62,44.86,122.13
18.13,43.70,123.47
13.24,40.65,119.02
15.63,34.06,118.10
1.89,29.05,62.87
29.24,19.17,65.92
8.30,24.90,133.61
8.85,30.33,168.76
16.78,33.45,171.20
13.67,28.20,164.86
0.49,25.33,158.45
-9.22,18.80,137.70
-12.02,5.92,116.21
-13.00,1.65,91.13
-8.24,0.98,65.37
-2.87,3.66,52.19
-2.99,4.03,45.65
-5.86,4.03,41.38
-9.95,10.25,30.03
-8.42,12.94,23.93
-7.57,15.93,26.67
-5.13,19.90,18.74
-0.61,24.96,-17.33
8.06,28.99,-76.23
14.53,25.45,-138.67
17.33,20.39,-199.58
1.28,13.31,-253.78
-18.31,2.38,-300.17
-37.05,-10.86,-336.49
-52.31,-27.53,-358.22
-61.77,-46.63,-363.10
-64.51,-63.17,-350.95
-67.87,-74.16,-325.93
-66.77,-86.30,-293.82
-70.74,-95.21,-261.23
-81.42,-102.91,-226.75
-94.42,-112.55,-190.80
-111.15,-119.14,-156.19
-118.23,-121.22,-122.62
-119.26,-117.92,-88.13
-118.29,-112.24,-53.96
-110.35,-106.08,-23.74
-99.24,-96.01,-1.46
-80.20,-80.63,12.51
-59.51,-61.22,2.56
-8.36,-46.69,-20.39
1.40,-29.91,-6.84
3.85,-19.59,9.09
9.95,-15.50,12.02
37.05,-12.51,13.49
61.77,-16.05,21.30
67.50,-14.59,33.33
70.98,-3.42,49.07
73.67,7.20,67.08
69.15,28.38,80.57
70.50,45.04,96.25
75.44,58.84,115.78
82.95,61.77,139.71
93.26,61.04,159.97
92.22,68.42,179.38
95.28,70.80,189.51
95.34,74.89,193.73
91.49,67.87,194.15
82.70,65.67,195.13
76.17,66.83,195.68
70.86,62.38,190.00
67.14,60.42,179.44
60.85,57.13,164.98
46.81,46.57,121.52
56.82,31.74,109.01
30.46,28.63,153.14
18.31,20.14,176.27
15.14,13.24,165.10
12.76,14.10,133.42
6.84,13.73,110.11
-6.29,11.72,94.60
-9.09,9.40,82.52















-,-,-
34.30,-8.79,13.92
33.69,-15.75,23.25
29.97,-15.32,16.42
26.86,-10.62,6.77
21.00,-11.35,4.82
15.56,-8.48,1.46
12.63,-0.73,1.77
11.05,-0.85,3.11
12.15,-5.19,3.30
12.63,-7.39,5.13
12.51,-6.16,6.23
11.84,-2.93,5.55
10.07,0.73,4.52
8.30,1.59,4.15
6.59,1.22,4.46
5.55,0.55,4.33
5.07,0.49,4.33
5.98,1.46,4.82
7.39,2.99,5.25
7.63,3.78,5.43
5.74,3.23,4.70
3.60,1.95,3.48
2.14,0.85,2.81
1.83,-0.06,2.56
2.20,-0.37,2.56
2.56,-0.18,2.75
3.72,0.49,3.11
5.92,1.89,3.54
8.36,3.48,4.52
10.13,4.82,5.49
11.17,5.62,6.04
12.94,6.90,6.71
16.54,7.93,8.67
24.90,1.28,12.51
37.41,-13.79,16.48
54.57,-19.90,18.68
70.92,-25.94,28.93
79.96,-20.39,29.05
88.50,-24.72,26.37
88.07,-21.06,26.73
90.70,-16.36,30.88
92.10,-14.16,27.83
91.74,-8.54,28.32
89.78,-9.34,32.78
90.76,-7.26,28.14
84.53,-7.39,24.96
79.53,-8.42,25.63
69.46,-0.85,21.85
60.30,-7.08,19.41
41.26,1.10,15.14
17.76,7.63,11.11
-1.89,5.80,6.16
-15.14,14.53,2.93
-21.85,14.89,2.01
-24.90,17.40,0.85
-26.79,22.64,-1.40
-31.37,32.23,-8.48
-38.21,44.31,-35.89
-39.43,49.80,-84.11
-37.96,48.22,-125.85
-39.73,42.30,-158.45
-41.56,36.38,-182.68
-43.40,31.01,-197.69
-43.09,25.02,-203.25
-41.93,17.27,-198.79
-36.74,5.68,-182.62
-33.26,-8.54,-158.45
-34.18,-23.25,-132.51
-40.10,-37.11,-110.41
-47.42,-46.69,-94.36
-53.28,-54.20,-82.46
-57.19,-59.27,-72.33
-59.33,-60.97,-63.29
-61.22,-59.75,-52.73
-60.30,-58.41,-38.94
-59.51,-59.75,-22.16
-58.04,-63.23,-4.76
-53.96,-66.04,10.44
-47.55,-66.47,22.46
-44.86,-60.06,21.73
-11.60,-36.68,-19.41
3.91,-26.73,-21.55
9.46,-18.49,-0.43
13.37,-9.89,14.65
26.00,-3.36,12.45
36.32,3.11,9.46
34.42,8.12,14.95
34.73,7.45,29.60
36.99,13.37,47.00
44.25,23.93,65.12
51.09,35.95,81.85
57.50,33.63,93.20
52.06,38.57,99.98
49.99,42.11,110.60
44.80,44.19,120.73
43.46,44.07,130.19
45.59,48.34,139.89
44.74,53.10,149.78
45.29,52.43,158.87
44.62,46.57,167.72
41.44,43.21,176.33
38.09,34.42,178.10
38.27,28.02,174.07
30.76,33.14,162.05
27.10,34.85,151.43
19.90,24.41,156.49
9.70,16.91,154.97
15.44,7.26,154.72
5.00,11.17,127.69
23.99,5.25,138.24
6.96,10.93,204.65
3.97,15.87,228.15
6.96,14.95,208.25
7.32,3.91,173.52
0.18,-1.46,134.22
-3.78,-7.39,93.14
-6.29,-12.70,64.82
-6.96,-14.53,44.56
-2.56,-8.97,40.95
-4.15,-4.21,35.03
-4.33,4.15,23.93
-1.28,12.63,13.73
2.87,17.76,-4.94
11.60,22.83,-48.89
24.60,30.70,-109.62
31.25,38.57,-171.26
30.03,43.58,-223.39
27.83,41.32,-257.87
8.73,38.70,-282.65
-6.35,30.27,-302.19
-19.04,16.48,-318.42
-28.44,-2.20,-331.48
-26.55,-23.50,-336.00
-26.37,-44.19,-330.38
-33.94,-60.61,-315.12
-53.47,-72.81,-284.85
-77.33,-81.91,-244.45
-96.80,-86.00,-209.17
-110.60,-88.56,-179.69
-116.76,-89.42,-155.21
-113.83,-89.42,-127.08
-106.45,-89.48,-93.57
-101.56,-86.85,-58.17
-89.23,-85.08,-19.84
-76.97,-79.10,13.85
-62.32,-68.30,34.79
-27.47,-47.18,-3.66
1.59,-40.71,-20.32
11.90,-32.71,-8.36
9.34,-26.31,4.33
23.07,-20.14,10.86
45.96,-8.36,21.48
55.36,7.69,37.66
67.63,19.53,58.90
75.07,28.02,80.14
82.09,32.41,100.34
86.00,34.48,117.49
81.97,42.05,130.98
83.56,36.56,145.39
79.16,29.11,157.90
70.50,39.37,170.72
73.12,39.73,176.21
71.78,40.95,179.02
68.66,44.62,179.87
67.02,40.16,174.13
53.65,37.84,161.25
42.66,32.96,148.80
36.93,19.41,137.94
32.65,10.31,130.49
27.28,16.17,126.65
21.12,16.85,116.27
11.66,10.44,97.17
1.83,15.99,28.75
11.35,2.81,56.88
-11.96,-2.01,107.73
-4.39,1.59,128.48
7.69,11.66,134.40
2.32,4.09,138.98
-4.09,1.83,128.91
-2.01,0.49,103.94















-,-,-
3.05,1.10,2.93
2.69,0.43,2.32
2.20,-0.24,1.89
1.83,-0.49,1.59
2.01,-0.31,1.34
2.08,-0.12,1.28
1.89,0.31,1.28
1.71,0.92,1.10
0.92,0.92,0.92
0.24,0.79,0.73
-0.18,0.85,0.73
-0.12,1.04,0.92
0.24,0.98,1.22
0.92,1.10,1.46
1.71,1.22,1.28
2.44,1.59,1.46
3.23,1.77,1.95
2.93,1.46,1.89
2.32,0.85,1.59
1.65,0.31,1.10
0.92,-0.18,0.98
1.16,-0.18,0.92
1.22,-0.12,1.04
1.34,0.31,0.98
2.08,0.55,1.10
3.30,1.22,1.16
5.19,1.95,1.71
7.39,2.87,2.50
9.58,3.91,3.17
11.47,4.70,3.72
12.70,5.31,4.64
14.89,5.19,5.62
21.61,2.44,7.51
34.85,-7.69,11.78
53.16,-16.54,19.23
70.86,-18.07,27.89
86.18,-26.06,30.09
96.01,-31.98,30.46
100.10,-34.67,30.15
103.70,-34.24,28.20
108.03,-37.23,28.63
116.64,-39.86,29.05
123.23,-36.68,32.41
125.98,-39.37,23.80
124.51,-41.14,34.48
117.92,-39.06,42.54
116.46,-30.52,36.93
110.84,-19.84,38.64
98.75,-11.41,42.97
81.12,-4.70,33.26
57.92,-0.06,26.92
34.36,8.67,20.51
19.90,12.70,13.85
12.21,10.31,11.84
7.26,8.67,10.62
1.34,6.23,7.26
-7.14,2.50,4.58
-17.15,0.43,3.05
-25.82,3.72,2.99
-32.10,11.41,2.26
-33.02,24.48,-1.28
-32.29,36.19,-18.92
-27.10,34.24,-62.74
-22.77,21.55,-110.53
-29.24,5.07,-150.33
-41.99,-7.51,-184.51
-57.86,-15.63,-212.28
-64.64,-18.86,-224.67
-63.72,-20.14,-216.37
-60.55,-20.63,-191.47
-56.15,-22.52,-159.00
-52.37,-30.27,-127.32
-50.05,-44.25,-99.37
-49.50,-60.24,-75.87
-52.43,-73.73,-59.88
-51.94,-83.92,-50.60
-50.66,-90.64,-43.40
-53.16,-93.44,-32.59
-55.48,-90.94,-16.78
-56.58,-83.13,0.55
-44.74,-61.16,-10.31
-14.16,-37.72,-31.01
-10.56,-18.55,-14.40
-7.14,-4.46,9.22
2.32,0.73,15.81
18.68,7.02,16.24
24.23,12.82,20.63
21.67,20.39,29.85
31.13,22.09,43.88
38.76,31.19,65.37
45.72,41.38,87.77
52.06,52.86,97.05
67.87,60.00,109.56
73.79,63.60,123.35
79.96,62.44,139.89
79.59,56.70,148.38
77.21,51.76,155.46
67.50,44.98,159.00
58.90,47.73,165.89
53.89,63.05,171.45
58.90,56.88,176.88
53.77,57.56,177.67
49.68,57.13,174.68
40.65,55.54,165.53
34.79,48.28,163.09
26.61,38.09,164.12
27.22,27.65,168.95
14.71,30.88,133.97
28.26,20.20,135.93
3.85,22.09,188.48
0.18,26.86,207.28
-0.98,24.72,209.78
-6.59,15.20,209.47
-0.98,8.54,204.47
10.99,-5.07,190.92
1.10,-27.89,169.49
-7.69,-33.81,124.82
-17.40,-27.40,77.94
-28.38,-24.96,51.33
-32.47,-16.97,47.06
-26.55,-10.50,52.92
-20.39,4.27,52.06
-10.38,21.36,30.27
2.32,19.59,7.63
12.57,11.41,-30.09
18.37,24.11,-94.30
18.07,36.87,-156.56
12.02,56.64,-213.93
8.91,67.69,-261.11
-2.99,64.33,-288.76
-23.74,54.63,-303.53
-38.09,39.43,-313.42
-37.66,19.17,-326.29
-36.56,-6.53,-339.48
-31.92,-34.73,-350.52
-28.99,-58.96,-354.68
-29.66,-79.59,-345.40
-38.45,-95.64,-324.04
-53.41,-107.85,-291.50
-66.83,-116.94,-245.18
-85.57,-119.02,-187.74
-93.51,-112.67,-131.35
-93.08,-99.43,-84.05
-85.33,-84.35,-49.62
-77.15,-74.16,-29.60
-70.37,-69.82,-19.17
-64.76,-69.58,-12.21
-59.51,-69.52,-5.19
-48.16,-69.21,7.51
-39.73,-63.17,14.59
-12.70,-40.34,-19.35
12.82,-30.46,-21.73
14.59,-21.18,-8.42
17.33,-18.07,0.31
28.38,-17.33,7.39
35.58,-11.96,14.28
37.05,-5.37,24.48
38.70,1.28,33.51
51.03,7.57,47.00
62.44,12.63,67.57
70.86,12.27,87.77
68.97,20.20,108.09
68.30,27.83,120.30
70.01,20.20,128.60
66.47,21.85,137.82
64.33,29.24,151.31
71.59,33.51,157.47
77.94,44.86,168.33
78.31,55.97,183.23
74.10,48.71,188.96
63.90,54.38,188.11
55.66,51.21,183.96
46.63,43.46,184.45
37.48,43.27,187.62
28.50,42.18,197.08
4.27,26.00,166.02
25.88,10.13,132.57
13.12,13.24,162.60
4.94,11.54,179.26
6.59,6.29,174.99















-,-,-
2.44,1.22,1.40
1.95,0.85,1.28
1.22,0.31,1.10
0.49,0.00,0.79
0.43,-0.06,0.55
0.98,0.12,0.43
1.34,0.37,0.49
1.16,0.43,0.55
1.10,0.24,0.24
0.55,0.12,0.12
0.61,-0.12,0.00
0.12,0.00,0.06
0.61,0.67,0.37
1.22,1.59,0.92
1.28,2.26,1.16
0.37,1.89,1.04
-0.98,0.98,0.43
-2.01,-0.18,0.12
-2.01,-0.79,0.00
-1.53,-1.16,0.06
-0.98,-0.98,0.12
-0.49,-0.79,0.31
0.00,-0.12,0.49
0.18,0.55,0.61
0.06,0.43,0.37
-0.79,-0.43,-0.31
-2.20,-1.34,-0.98
-3.48,-2.32,-1.22
-4.27,-2.50,-1.16
-3.85,-1.65,-0.49
-1.40,-0.12,0.55
3.72,1.95,1.65
11.60,3.97,2.99
18.74,5.19,4.39
23.93,4.82,5.00
28.32,3.85,5.92
31.86,0.92,8.67
34.18,-15.99,16.05
42.42,-22.58,21.36
59.27,-21.67,27.71
73.73,-16.42,29.36
91.13,-14.22,36.38
98.08,-14.28,42.36
109.25,-19.41,30.03
120.48,-29.24,34.00
120.00,-38.39,43.33
122.99,-36.80,43.88
132.08,-36.80,42.66
132.51,-33.02,47.00
136.84,-26.67,42.79
128.17,-26.12,44.86
113.65,-25.88,36.25
96.86,-15.20,32.10
71.41,-4.58,25.15
48.28,4.46,16.78
26.86,13.31,13.61
14.16,16.48,6.16
5.37,15.93,2.87
-3.66,6.23,1.59
-13.00,-0.92,-1.22
-24.41,-3.66,-4.39
-32.90,-1.34,-7.39
-36.01,8.30,-10.25
-37.66,30.58,-15.08
-39.49,51.76,-22.77
-43.40,61.52,-44.49
-36.01,62.19,-84.11
-28.81,49.99,-119.75
-26.79,29.91,-148.19
-26.18,13.92,-171.63
-24.41,6.77,-188.48
-22.46,4.82,-194.64
-18.86,4.33,-187.87
-13.55,2.93,-172.36
-6.59,-0.43,-149.72
-4.88,-6.90,-121.52
-17.70,-15.93,-91.98
-20.02,-27.65,-71.53
-7.51,-40.59,-59.39
-13.43,-51.82,-51.33
-18.07,-61.16,-42.97
-24.05,-65.19,-36.19
-27.28,-66.28,-28.63
-27.10,-66.41,-16.36
-28.50,-66.41,2.01
-31.07,-63.11,23.50
-43.40,-46.75,27.34
-26.06,-27.22,-5.62
-16.91,-23.62,-3.78
-10.68,-22.89,5.62
-5.19,-18.43,15.08
1.10,-9.52,27.04
7.63,-1.65,32.84
8.06,6.65,46.08
7.87,17.27,60.18
6.04,26.55,74.10
6.41,29.30,87.71
5.74,35.58,97.29
9.16,44.92,106.87
18.01,46.26,109.92
26.31,41.81,114.20
31.62,40.89,119.38
36.01,44.31,120.54
37.23,42.30,127.01
30.46,32.90,132.20
17.70,34.36,130.25
12.27,34.42,122.80
17.64,32.78,113.77
26.79,26.43,118.16
24.78,19.04,121.34
18.01,18.01,103.39
8.85,16.97,93.87
-23.01,16.72,51.88
18.74,10.86,91.80
-6.41,19.90,149.78
-4.15,17.33,170.65
-3.54,14.83,157.41
-3.54,10.99,135.74
-6.77,6.96,109.86
-11.78,5.68,88.99
-19.10,-0.49,57.43
-13.06,-3.60,37.35
-18.80,-8.36,38.70
-28.93,-6.90,29.42
-31.56,-3.72,18.01
-33.81,0.79,15.63
-28.81,7.69,17.09
-23.19,19.65,5.98
-16.48,25.45,-19.65
-4.46,20.20,-58.59
32.47,-17.82,-98.08
13.49,-15.08,-147.89
11.54,-9.64,-195.25
8.61,-24.66,-237.92
0.06,-28.14,-267.52
-9.58,-25.09,-280.82
-12.94,-18.43,-273.01
-16.85,-13.67,-250.85
-17.33,-13.18,-231.08
-24.78,-12.27,-221.01
-30.70,-16.54,-220.95
-47.49,-30.58,-214.72
-58.53,-51.21,-211.61
-62.87,-70.74,-201.78
-78.37,-84.23,-174.19
-91.13,-95.28,-130.49
-95.15,-100.65,-81.36
-90.52,-100.95,-35.16
-96.92,-100.65,-1.46
-78.37,-94.54,23.44
-76.11,-68.18,43.88
-85.69,-30.64,32.78
-37.23,-26.67,6.23
-32.35,-21.06,3.85
-40.83,-13.55,8.30
-15.69,-7.14,23.56
6.77,-3.23,43.82
13.85,3.11,61.58
26.92,20.63,69.70
39.49,37.29,75.26
45.17,42.11,87.95
46.75,50.48,102.29
51.27,54.57,117.86
60.12,61.40,132.14
73.91,68.48,140.38
88.20,78.55,150.76
91.13,79.65,160.03
84.11,73.79,171.02
77.45,71.04,171.94
68.91,62.99,166.75
60.36,57.01,158.08
53.41,48.95,154.79
48.83,44.98,163.70
40.10,44.49,165.10
21.00,31.19,140.14
46.88,25.76,87.59
37.90,28.69,128.66
25.45,30.64,154.24
23.32,29.17,152.95















-,-,-
-0.31,0.98,0.55
-0.67,1.46,1.04
-0.79,2.26,1.16
-0.67,3.23,1.28
-0.67,3.23,1.71
-1.16,2.20,1.95
-1.46,1.89,1.83
-1.65,1.83,1.40
-1.65,1.53,0.92
-1.59,1.71,0.43
-1.65,2.69,0.00
-1.65,3.17,-0.49
-1.22,3.36,-0.49
0.73,3.36,1.10
-1.46,3.54,2.14
-0.79,3.11,1.65
-1.16,2.44,1.16
-1.16,2.08,1.34
-0.92,1.65,1.71
-0.67,1.77,1.95
-0.31,1.59,1.95
-0.31,0.85,1.34
-0.18,0.49,0.00
-0.12,0.79,-1.40
-0.06,2.01,-2.38
-0.24,4.46,-3.11
-0.79,6.53,-3.05
-1.53,6.90,-2.08
-2.38,6.47,-1.28
-3.72,5.49,-0.98
-5.43,4.82,-0.61
-7.93,5.55,0.61
-9.58,6.77,2.44
-10.68,7.20,4.58
-11.84,6.35,6.47
-13.12,2.93,8.36
-15.08,-0.49,10.38
-15.14,-4.33,13.37
-14.22,-11.60,17.27
-13.61,-20.94,21.85
-12.08,-30.27,27.47
-10.93,-41.44,32.90
-13.55,-52.55,37.60
-12.33,-57.56,39.67
-21.97,-49.99,23.50
-12.76,-34.36,-4.88
-1.22,-27.22,11.54
4.94,-20.02,19.78
25.21,-7.20,15.26
42.24,-4.03,12.21
56.70,-7.39,16.17
72.20,-14.28,23.13
92.41,-27.47,23.25
111.63,-33.94,34.48
130.92,-40.71,46.45
152.59,-55.30,52.06
170.29,-63.96,52.49
182.86,-65.73,54.14
181.03,-63.11,55.66
170.78,-56.09,47.67
153.87,-43.09,34.18
129.88,-38.76,10.01
103.21,-34.97,-3.30
71.17,-12.21,5.68
46.75,8.97,9.83
29.97,18.55,10.44
14.77,15.20,6.23
3.66,2.50,4.88
-5.19,-5.98,4.76
-11.05,-9.03,3.60
-15.99,-7.93,2.26
-20.63,-0.06,-1.71
-25.39,11.54,-16.78
-28.08,21.79,-37.66
-29.97,23.99,-50.23
-31.07,24.60,-58.96
-28.50,24.11,-73.18
-26.73,20.69,-93.75
-27.83,15.63,-117.37
-32.10,10.25,-136.66
-38.09,5.13,-144.59
-42.97,2.26,-140.44
-47.24,2.14,-128.36
-47.42,2.99,-112.49
-45.84,3.30,-92.96
-43.21,0.24,-71.78
-36.87,-7.45,-55.36
-34.85,-24.29,-46.51
-42.97,-36.80,-41.56
-53.89,-41.26,-33.33
-68.60,-45.53,-23.74
-75.38,-51.51,-13.67
-72.02,-53.77,-1.53
-63.54,-50.42,12.76
-55.60,-43.21,26.37
-50.11,-33.02,31.13
-27.59,-21.79,-6.90
-2.56,-18.74,-9.34
-5.43,-14.40,3.36
1.89,-10.62,8.42
14.71,-1.40,19.23
17.27,16.42,35.52
28.44,27.83,48.03
36.80,39.43,61.40
41.81,39.92,78.00
40.41,40.53,94.73
37.11,55.24,107.06
39.79,63.29,116.39
44.56,57.56,126.59
47.24,70.31,134.64
57.92,74.34,143.19
61.77,58.65,164.55
58.35,55.24,179.57
62.87,48.16,186.22
59.39,41.81,189.82
50.17,40.04,186.52
30.03,46.45,156.68
34.67,43.82,133.48
27.16,56.21,186.95
9.70,57.01,212.89
13.92,60.55,210.88
12.94,54.50,192.63
5.68,37.35,169.92
1.40,15.56,147.58
-2.44,6.47,113.95
-1.77,4.46,81.54
-5.19,3.78,49.44
-4.70,5.00,22.22
-2.20,8.48,9.95
-2.08,10.44,-4.88
-0.18,14.47,-47.73
3.23,15.93,-109.80
1.89,10.19,-176.76
-3.11,2.99,-242.43
-10.68,-8.67,-296.81
-14.22,-21.67,-336.30
-20.87,-34.61,-356.87
-23.44,-47.61,-358.58
-23.38,-62.93,-343.38
-25.94,-79.22,-314.94
-34.79,-93.57,-276.92
-48.28,-102.11,-236.15
-58.84,-105.53,-198.24
-62.93,-104.43,-165.59
-63.29,-99.43,-137.76
-64.15,-90.64,-108.46
-68.91,-77.39,-74.46
-72.39,-65.12,-40.77
-72.20,-59.69,-13.67
-66.83,-61.40,5.86
-57.43,-67.75,21.61
-49.32,-75.01,36.07
-38.94,-75.26,45.65
-27.77,-70.62,39.98
11.60,-60.00,-13.73
21.00,-41.02,-18.13
13.92,-28.87,1.53
27.83,-24.48,14.65
42.48,-18.49,27.28
46.94,-3.17,36.07
52.43,11.29,47.97
57.43,18.31,61.22
58.78,25.51,75.50
59.08,34.67,89.48
56.09,41.38,98.45
52.00,44.92,102.72
46.14,47.49,106.32
44.13,39.98,100.10
40.59,36.93,101.87
32.23,36.93,107.24
28.08,37.84,105.29
28.38,37.29,105.10
24.90,36.56,102.17
23.07,36.32,97.53
21.12,35.77,93.75
19.84,34.48,89.29
9.46,22.77,50.17
23.13,9.40,10.44
15.63,14.77,79.53















-,-,-
6.04,7.69,0.37
4.76,3.85,0.79
1.83,0.67,1.22
-0.24,0.12,1.04
-1.83,0.67,-0.55
-2.62,0.85,-2.44
-3.11,0.31,-3.48
-4.03,-0.49,-3.97
-5.13,-0.92,-4.21
-6.35,-0.85,-3.97
-7.81,-1.22,-3.91
-8.79,-2.44,-3.91
-9.95,-4.09,-3.78
-11.47,-4.94,-3.72
-12.15,-5.13,-3.85
-13.00,-4.21,-4.03
-13.92,-3.36,-4.33
-15.38,-2.87,-4.82
-16.11,-2.56,-5.80
-16.36,-2.14,-7.39
-15.87,-1.65,-8.48
-13.98,-0.92,-8.24
-11.17,-0.18,-6.53
-9.22,0.18,-4.27
-7.75,0.00,-1.65
-6.90,-0.43,0.61
-6.16,-0.79,2.14
-6.77,-1.53,2.62
-7.81,-2.99,2.62
-8.54,-5.98,4.27
-9.03,-11.05,8.79
-10.38,-17.82,14.53
-12.51,-24.96,20.94
-14.59,-32.47,27.71
-18.07,-40.10,34.48
-22.95,-47.42,39.18
-15.50,-42.91,12.15
8.36,-39.31,-7.45
20.51,-33.57,-0.49
37.29,-37.96,15.69
61.65,-42.11,25.51
84.66,-47.85,25.94
100.16,-67.08,31.80
113.28,-71.29,41.75
123.66,-76.54,43.03
135.38,-67.26,44.98
137.57,-58.53,54.81
130.00,-48.22,60.36
114.32,-36.93,58.78
85.02,-23.56,49.74
54.20,-4.21,33.75
31.98,10.50,24.54
9.83,19.84,14.10
-2.14,14.28,2.26
-5.74,4.76,0.06
-10.93,-1.71,1.77
-13.06,-2.08,1.59
-12.82,4.58,0.61
-13.12,14.34,-0.85
-17.27,30.03,-7.63
-22.09,43.33,-19.47
-28.99,39.79,-35.77
-39.06,32.23,-62.44
-48.95,28.75,-97.11
-47.12,29.97,-129.27
-36.99,27.95,-147.71
-23.62,17.40,-141.72
-11.54,1.04,-116.03
-8.24,-17.82,-82.89
-11.17,-33.81,-52.49
-13.12,-42.60,-28.56
-15.26,-49.50,-8.18
-18.49,-56.46,10.86
-21.12,-58.78,29.60
-13.92,-41.93,11.60
19.84,-31.62,-2.87
12.27,-29.30,2.01
-1.34,-23.56,11.23
2.14,-12.51,21.61
10.74,1.46,42.05
16.54,15.99,77.58
30.27,33.87,122.86
50.29,60.36,161.93
78.61,84.84,197.94
100.16,93.38,232.12
99.79,94.30,258.48
93.32,90.94,267.46
81.91,89.42,266.17
64.45,82.34,246.52
43.88,63.90,215.58
22.95,40.16,170.59
10.62,25.09,125.61
1.40,18.74,86.61
-4.64,13.79,55.11
-1.46,11.78,32.35
1.40,14.71,23.86
5.37,16.78,9.22
12.51,21.12,2.87
11.84,22.46,-19.17
11.35,16.97,-70.98
12.82,6.84,-122.92
4.88,-0.85,-162.35
-12.27,-4.15,-189.15
-31.92,-7.20,-210.45
-53.22,-15.26,-224.06
-59.51,-28.20,-229.86
-52.61,-42.11,-229.00
-44.07,-54.50,-215.03
-38.94,-65.80,-192.99
-35.83,-77.64,-168.27
-26.67,-88.44,-141.78
-24.41,-95.40,-114.44
-30.52,-96.13,-89.05
-36.56,-88.75,-66.04
-37.78,-75.68,-41.20
-37.54,-63.66,-15.56
-35.10,-40.59,-22.77
0.12,-32.17,-19.84
7.26,-30.76,-4.33
-3.05,-29.24,5.92
1.04,-25.45,9.52
10.86,-22.40,15.32
10.31,-18.31,23.44
11.23,-9.83,44.56
11.05,5.98,73.55
14.22,26.18,105.53
20.39,39.92,137.94
26.67,63.35,161.38
40.16,74.95,181.58
48.83,84.17,192.44
59.20,85.57,207.52
60.42,86.79,227.54
51.64,79.10,241.39
41.14,73.55,245.48
28.44,73.61,239.56
15.75,61.83,231.51
5.49,51.45,219.85
9.22,45.23,210.08
4.94,19.04,194.82
-3.11,5.80,162.05
-4.64,0.85,132.63
-4.70,3.66,106.08
-5.74,0.73,91.13
-4.03,-5.31,84.72
-3.36,-4.33,84.41
-10.19,-1.71,73.55
-7.32,-6.90,64.88
-6.29,-8.67,52.49
-9.64,-3.78,28.08
-4.70,-0.24,5.86
0.49,2.44,-2.81
2.08,5.19,-1.71
2.87,6.71,0.06
4.03,6.29,0.06
3.36,4.64,-0.31
1.65,2.01,-0.49
0.92,0.31,-0.43
1.04,0.24,-0.18
0.92,1.34,-0.55
1.04,2.69,-1.40
1.65,3.11,-2.08
1.83,2.99,-2.50
1.71,2.26,-2.81
1.77,1.46,-2.75
1.53,0.55,-2.26
1.83,0.06,-1.83
2.32,-0.31,-1.04
2.26,-0.31,-0.12
2.01,-0.43,-0.18
2.38,-0.55,-0.18
2.69,-0.06,0.49
2.87,0.18,0.98
2.62,0.31,0.92
1.59,0.37,1.10
0.43,0.37,0.79
-0.24,0.12,0.85
-2.08,-0.79,0.92
-3.54,-1.95,0.12
-3.60,-2.87,-0.61
-2.69,-2.75,-0.31
















-,-,-
-0.67,-4.03,4.27
-0.12,-4.64,5.13
-0.24,-5.55,6.16
-0.79,-6.47,7.26
-0.92,-7.08,8.00
-1.53,-8.12,8.79
-2.38,-9.64,9.46
-3.05,-11.23,10.19
-3.66,-12.82,10.68
-4.21,-14.22,10.44
-4.33,-15.44,10.38
-4.82,-17.21,10.25
-5.74,-14.95,5.98
-4.52,-9.22,-1.04
-2.01,-9.16,-1.04
-0.85,-10.19,2.32
0.31,-8.36,2.81
2.01,-5.25,1.34
1.83,-3.23,0.67
1.34,-2.50,0.73
2.38,-2.81,0.49
1.22,-4.64,0.12
1.10,-7.81,-1.34
-0.06,-11.41,-2.26
-1.71,-13.98,-2.26
-2.69,-15.81,-2.14
-3.30,-16.60,-2.20
-1.59,-16.42,-2.01
-1.83,-14.77,-1.10
1.04,-11.60,0.73
5.07,-7.32,3.36
11.72,-2.75,6.53
23.68,1.59,11.54
44.07,-1.28,22.77
66.16,-13.00,38.76
85.57,-23.32,49.01
98.63,-34.79,53.89
107.60,-39.25,55.48
116.09,-45.23,52.61
124.69,-50.60,51.51
127.75,-46.14,45.41
122.13,-47.49,39.31
99.43,-33.33,32.35
72.69,-21.06,30.03
46.57,-6.10,25.33
26.61,-0.18,19.23
8.85,11.54,8.18
-1.77,10.25,0.73
-7.63,0.55,-2.01
-13.06,-4.64,-3.11
-15.63,-4.70,-4.15
-16.17,-0.85,-4.27
-16.24,6.65,-4.21
-15.26,16.78,-4.70
-16.48,27.95,-7.51
-20.81,41.44,-20.32
-25.39,41.26,-41.08
-27.53,33.20,-69.03
-31.43,25.51,-97.47
-29.72,22.28,-121.95
-25.70,22.22,-138.98
-20.87,22.64,-144.84
-13.98,18.80,-138.18
-10.31,9.40,-120.61
-9.89,-3.72,-94.91
-11.78,-19.71,-65.80
-14.89,-35.22,-39.06
-13.79,-49.62,-14.77
-9.22,-63.66,8.79
-7.81,-74.71,32.23
-14.10,-79.16,47.42
-20.81,-52.86,16.17
-5.74,-41.99,4.46
3.97,-42.36,3.05
-15.32,-42.79,6.41
-21.42,-36.74,8.61
-18.98,-28.14,4.88
-25.51,-14.10,22.89
-29.24,3.78,51.51
-19.04,19.10,89.36
-4.46,37.05,131.16
10.44,63.72,162.84
25.82,81.05,192.20
33.57,98.33,210.27
43.64,101.26,222.17
37.29,90.70,225.34
35.95,81.79,219.91
36.07,77.09,211.49
31.19,63.72,203.12
18.62,44.07,184.75
11.96,27.83,157.10
6.47,15.20,129.39
0.55,11.54,97.84
-1.22,7.26,70.98
-1.28,4.64,49.01
-2.56,3.60,27.16
1.59,6.16,0.49
12.08,12.76,-6.04
10.44,20.45,-14.22
4.88,24.23,-46.08
4.82,20.69,-99.85
13.18,12.94,-156.56
15.56,3.30,-197.33
11.41,-4.64,-215.45
9.89,-9.03,-220.46
2.69,-12.33,-220.95
-7.26,-18.31,-214.90
-8.00,-24.78,-201.78
-4.15,-30.64,-182.56
3.54,-37.66,-160.03
7.75,-46.14,-137.33
10.62,-58.04,-117.25
12.08,-73.06,-96.07
6.59,-85.94,-71.41
-2.69,-91.98,-44.56
-17.15,-80.14,-28.69
-21.73,-47.91,-30.09
-4.76,-32.23,-21.61
2.99,-32.35,-9.03
-1.65,-36.38,2.56
-0.98,-34.06,4.76
-3.54,-31.74,-0.85
-7.20,-33.02,-5.86
-10.44,-33.45,-3.85
-8.73,-30.52,16.17
-7.75,-19.65,48.65
-6.10,-1.22,76.17
1.83,14.10,104.80
6.23,30.52,131.41
10.13,47.85,149.96
14.04,62.81,163.82
16.05,65.80,174.38
13.73,66.35,178.10
14.53,66.77,177.73
13.06,59.94,178.89
7.02,59.33,179.08
3.17,48.40,181.03
0.55,42.66,176.33
-0.98,38.70,166.87
-6.29,28.38,159.48
-12.94,24.90,143.86
-12.21,16.36,134.22
-13.55,7.93,128.17
-13.24,1.10,115.30
-7.63,-1.22,103.82
-9.16,-3.48,96.92
-11.54,-5.92,82.82
-10.56,-13.85,77.09
-15.81,-10.93,61.65
-11.23,-8.73,53.16
-12.39,-7.20,42.66
-7.39,-4.15,45.78
-14.10,-2.93,32.23
-8.97,-1.89,10.19
-5.74,0.18,2.62
-6.16,1.65,2.14
-5.49,4.03,1.34
-2.62,6.29,-0.79
-2.32,7.26,-2.32
-2.44,6.29,-3.91
-2.14,4.64,-5.31
-2.01,3.54,-6.23
-1.89,2.99,-6.90
-2.32,1.95,-6.77
-3.05,1.95,-6.90
-3.54,1.77,-6.65
-3.48,2.81,-5.62
-2.75,4.03,-4.46
-1.71,5.00,-3.60
-0.79,5.07,-2.50
0.55,5.00,-1.77
1.28,4.33,-1.40
1.16,3.11,-1.22
1.16,2.01,-0.98
1.34,1.28,-0.85
1.40,1.40,-0.73
0.67,1.65,-0.18
0.37,2.26,0.67
0.67,3.60,1.46
0.67,4.39,1.71
















-,-,-
1.53,0.61,0.73
1.34,0.24,1.22
1.10,0.18,1.40
0.98,-0.06,1.16
1.22,0.12,1.22
1.65,0.67,1.22
2.56,1.40,1.34
3.36,2.08,1.77
3.54,2.38,2.20
3.54,2.14,2.50
3.97,1.83,2.69
4.88,2.32,2.93
6.41,2.69,3.78
8.06,2.87,4.76
9.22,2.75,4.94
8.73,1.46,5.07
7.39,0.00,4.70
6.23,-0.73,4.27
5.62,-0.92,4.09
5.92,-0.43,4.33
5.92,0.18,4.52
6.59,0.98,4.33
6.23,1.71,4.39
5.98,2.08,4.15
6.10,2.32,3.72
7.02,2.93,4.03
8.30,3.72,4.21
10.19,5.07,4.39
12.94,6.90,4.76
16.05,7.75,5.68
19.35,5.19,8.36
23.44,-6.23,14.34
26.43,-20.20,22.71
25.15,-18.98,18.07
30.33,-11.47,7.87
41.26,-12.08,10.50
45.78,-16.24,17.88
46.33,-14.59,17.03
47.67,-9.70,12.39
54.50,-27.04,14.83
54.08,-22.77,15.50
68.36,-21.91,23.50
82.34,-29.11,27.65
97.78,-40.77,32.04
104.49,-44.74,35.10
102.29,-42.05,41.63
87.59,-22.83,32.59
76.72,-1.89,12.15
64.94,11.05,6.65
50.11,18.62,11.35
41.75,15.99,12.27
28.38,13.37,10.68
18.49,8.91,5.92
5.62,14.22,0.00
-4.39,13.92,-4.03
-13.61,8.12,-4.64
-19.53,7.75,-6.04
-22.22,12.63,-7.93
-23.38,20.63,-9.70
-25.27,33.94,-14.04
-24.90,51.94,-20.39
-26.79,57.68,-29.05
-29.66,47.06,-46.26
-28.81,28.93,-68.48
-28.14,12.88,-89.11
-29.30,4.33,-106.99
-27.95,3.97,-118.04
-23.86,5.19,-119.93
-23.32,2.81,-115.60
-25.45,-3.36,-107.85
-30.09,-12.94,-99.30
-40.59,-25.09,-91.43
-49.99,-34.42,-83.56
-54.26,-37.54,-71.90
-56.03,-39.73,-56.03
-56.82,-44.86,-36.68
-56.58,-52.00,-14.59
-54.93,-55.91,5.80
-55.48,-55.73,21.73
-54.99,-47.79,19.29
-42.48,-36.38,-7.14
-8.18,-28.93,-14.22
7.81,-19.47,-2.81
3.60,-10.50,11.90
6.35,-4.27,18.80
18.25,-0.98,19.29
22.40,1.65,21.91
32.65,7.93,46.94
43.03,19.65,81.60
44.43,32.04,117.98
40.10,51.76,154.24
37.90,75.93,181.76
47.18,84.47,205.51
56.70,87.95,230.47
64.64,91.49,256.04
74.10,101.87,279.91
79.71,105.10,296.75
85.75,89.29,307.37
85.08,74.22,308.59
78.67,60.67,291.26
66.16,52.31,258.73
45.47,42.79,212.16
31.49,20.14,162.23
32.35,-0.06,123.60
22.95,-11.05,88.87
14.59,-11.47,56.70
7.32,-8.06,29.97
2.32,-4.76,-0.12
5.98,-4.09,-19.10
3.36,0.73,-37.35
-12.63,11.41,-89.23
-17.21,12.57,-154.72
-18.80,4.09,-211.91
-17.46,-2.20,-257.39
-24.29,-0.61,-288.82
-30.52,3.54,-310.55
-37.54,6.29,-329.35
-42.85,2.56,-342.77
-46.14,-10.19,-345.89
-49.62,-29.60,-335.27
-57.31,-52.55,-313.72
-73.61,-75.13,-287.23
-88.07,-95.83,-257.08
-100.83,-112.37,-220.95
-114.38,-117.37,-177.98
-122.56,-103.76,-134.28
-123.41,-75.99,-97.35
-119.51,-52.12,-64.64
-112.79,-40.77,-34.12
-98.57,-38.39,-6.16
-84.90,-38.09,19.41
-75.07,-41.63,42.30
-71.78,-42.48,52.06
-69.09,-37.48,25.51
-7.26,-36.01,4.15
31.62,-26.86,5.62
35.95,-15.93,17.40
41.26,-9.22,35.16
51.45,-6.04,46.20
63.60,-7.02,55.30
82.28,-9.58,75.62
86.67,-4.64,97.41
78.74,6.04,127.44
59.63,23.01,155.70
63.90,33.45,186.77
54.38,50.11,208.01
54.50,65.61,223.08
70.56,76.35,233.83
88.13,85.82,242.49
94.79,92.83,264.04
86.61,97.72,295.84
77.76,105.71,317.93
79.41,102.72,331.54
74.89,91.92,335.69
69.03,81.48,328.98
65.61,65.73,307.56
61.04,55.91,271.00
71.29,38.64,228.39
66.22,21.24,182.07
39.00,10.31,137.02
28.50,10.74,101.56
18.80,7.87,70.43
15.01,-5.55,43.52
15.01,-10.99,29.79
8.06,-15.99,14.65
4.03,-16.78,1.77
1.65,-15.44,1.83
0.67,-12.94,6.84
1.22,-9.34,10.56
2.56,-5.37,11.29
2.62,-1.71,10.50
3.36,1.59,10.25
4.82,5.00,10.56
5.49,8.06,10.99
6.47,10.62,10.62
5.92,12.02,8.97
4.09,11.54,5.19
2.14,9.64,0.85
1.65,7.63,-2.50
2.14,6.41,-3.72
















-,-,-
-0.49,-4.21,0.67
-0.85,-4.39,0.37
-0.79,-4.21,0.31
-0.24,-3.66,0.06
0.00,-2.87,0.06
0.43,-2.20,-0.06
-0.18,-1.95,0.00
0.18,-1.53,0.24
0.37,-1.34,0.43
-0.12,-1.53,0.79
-0.12,-1.59,0.73
-0.12,-1.65,0.55
0.12,-1.53,0.85
0.49,-1.34,1.22
0.85,-0.92,1.59
1.16,-0.67,1.83
1.53,-0.67,1.95
1.28,-0.67,1.89
1.04,-0.79,1.71
0.92,-0.79,1.40
0.55,-0.67,1.16
0.79,-0.37,0.79
1.10,-0.12,0.67
1.40,0.12,0.73
1.83,0.00,0.79
1.71,-0.55,0.98
1.40,-0.92,1.10
1.40,-1.10,0.85
1.22,-1.04,0.79
1.89,-0.61,1.10
3.72,0.06,1.40
4.94,1.10,2.14
6.29,1.71,3.30
9.03,-4.39,7.08
13.49,-17.21,12.63
16.72,-15.38,12.08
26.25,-16.24,13.67
35.22,-23.38,18.68
41.99,-25.09,20.32
49.19,-25.09,26.43
49.50,-22.89,28.69
51.88,-18.37,29.42
51.64,-20.51,31.37
53.65,-17.03,34.73
54.20,-11.66,38.94
52.92,-8.00,39.25
49.50,-5.86,34.73
46.26,-5.62,32.96
39.67,-4.88,33.45
32.78,-4.58,22.71
29.85,-5.31,16.97
23.13,-0.67,11.60
17.46,3.30,5.74
14.83,7.08,2.75
9.09,4.33,3.66
1.16,-1.46,2.38
-3.11,-2.93,0.06
-7.14,-3.30,-0.98
-11.11,-1.71,-2.62
-15.38,1.71,-4.64
-17.64,6.53,-6.65
-16.91,12.57,-8.06
-15.81,19.17,-13.92
-17.64,20.63,-39.55
-13.37,12.15,-66.77
-11.41,4.33,-85.45
-13.06,2.14,-99.73
-12.02,4.27,-111.63
-12.82,5.98,-121.83
-14.47,5.13,-129.46
-19.71,1.59,-131.90
-25.27,-5.37,-128.42
-27.40,-16.48,-119.81
-31.07,-30.15,-105.29
-33.51,-42.72,-84.66
-33.57,-51.76,-60.73
-31.31,-57.62,-36.38
-28.93,-60.67,-11.05
-29.17,-59.02,11.29
-36.44,-38.33,6.23
0.18,-20.94,1.59
16.66,-13.24,12.76
5.74,-11.47,18.43
-2.93,-8.97,15.08
-0.18,-5.49,6.90
3.72,-0.61,5.62
3.85,6.77,17.40
10.99,16.72,40.34
24.11,31.49,72.94
31.13,48.34,99.67
36.99,63.48,119.38
35.71,70.56,134.16
31.25,73.67,142.33
27.89,76.48,140.93
23.44,75.50,143.37
16.54,70.50,156.07
12.15,71.41,169.86
14.83,72.14,193.48
8.30,72.51,216.25
0.98,70.43,222.17
-1.89,59.63,223.51
-0.24,48.40,222.72
-0.98,40.16,207.64
0.24,26.92,185.91
3.66,16.24,165.59
3.42,20.08,137.33
4.88,14.34,109.13
2.81,4.88,85.57
1.34,1.10,73.61
-1.77,-1.28,64.94
-3.85,0.61,55.66
-2.62,8.48,44.98
-2.93,13.73,35.28
-2.38,16.42,13.49
1.40,22.64,-2.20
-0.92,29.97,-9.58
-4.64,33.51,-29.48
-4.46,35.22,-59.63
1.16,34.24,-96.56
9.64,35.71,-133.73
20.87,40.47,-169.74
24.96,44.37,-202.64
24.78,42.97,-229.80
37.78,33.26,-248.35
41.63,16.36,-255.31
42.60,-7.87,-255.07
41.38,-36.80,-248.66
45.59,-66.35,-236.69
46.33,-89.60,-219.06
37.72,-100.95,-195.56
15.26,-96.25,-169.92
-12.02,-80.87,-148.74
-31.43,-65.92,-134.58
-42.60,-57.01,-122.31
-48.16,-55.42,-105.22
-47.36,-58.84,-81.79
-45.47,-63.42,-52.55
-45.23,-67.75,-22.77
-46.51,-72.39,-0.73
-52.55,-72.57,7.08
-49.44,-57.37,-17.09
-18.55,-46.88,-24.35
-5.19,-41.81,-18.92
-5.80,-41.93,-9.89
1.34,-35.58,-3.97
7.81,-25.51,-1.16
13.98,-17.76,4.03
29.48,-19.96,14.89
40.16,-16.60,35.40
47.61,-7.14,66.16
48.71,7.57,102.17
36.44,33.20,142.58
24.96,68.36,179.75
24.96,94.91,213.07
21.30,110.84,232.30
18.62,122.92,244.87
13.55,111.76,260.56
3.17,99.79,269.47
-0.31,92.77,274.78
-7.51,80.75,276.92
-10.62,66.10,268.80
-7.93,38.88,253.54
-8.79,12.57,235.05
-5.19,2.75,208.19
-7.87,-10.01,184.75
-8.06,-13.61,165.28
-6.90,-17.64,151.00
-7.51,-16.78,133.24
-4.46,-24.05,122.01
-7.02,-27.83,106.99
-3.42,-26.37,88.20
2.14,-20.87,73.24
-3.54,-17.46,56.82
-7.14,-12.45,41.20
-7.39,-10.68,32.10
-5.74,-5.74,39.18
-7.32,-4.27,47.42
-8.36,-3.42,39.67
-8.36,-1.40,24.35
-7.14,-1.40,5.92
















-,-,-
-0.55,-1.53,1.95
-0.61,-2.14,3.05
-0.73,-3.11,3.54
-0.79,-4.52,3.36
-0.92,-5.00,2.99
-1.28,-5.19,3.17
-1.10,-5.25,3.66
-1.04,-5.13,4.21
-1.34,-5.19,4.39
-1.65,-5.19,4.03
-1.95,-5.00,3.30
-2.32,-4.46,2.20
-2.08,-3.54,0.73
-1.10,-2.14,-0.67
0.06,-0.98,-1.28
0.79,0.00,-0.98
1.46,1.04,-0.43
1.83,1.53,-0.18
2.01,1.89,-0.85
1.83,1.95,-1.71
1.59,2.14,-2.87
1.77,2.44,-3.78
2.01,2.50,-4.27
1.83,2.20,-4.09
1.83,2.20,-3.42
1.40,2.20,-1.83
0.92,2.26,-0.24
-0.24,2.81,1.04
-1.16,3.48,2.01
-0.24,4.21,3.78
-3.60,1.59,5.86
-4.15,-2.14,8.30
-5.80,-6.16,10.44
-8.97,-11.47,10.56
-14.10,-15.32,3.66
-16.91,-13.73,-5.13
-13.24,-14.10,-6.59
-11.05,-24.23,-2.38
-13.79,-32.35,0.31
-13.49,-34.06,-1.65
-15.32,-33.57,-4.52
-14.47,-30.64,-5.31
-13.18,-25.21,-4.39
-7.75,-18.37,-0.67
6.90,-15.32,8.06
31.43,-22.58,23.56
59.33,-43.64,42.91
80.08,-53.53,55.73
98.57,-49.87,62.62
117.19,-46.75,69.89
130.62,-53.22,81.36
135.01,-49.07,90.27
129.21,-31.49,87.40
114.44,-17.15,73.30
81.36,-5.55,55.73
52.67,10.38,41.08
32.53,15.69,28.50
17.58,20.26,21.42
8.24,16.42,11.47
2.20,7.69,6.53
-2.01,-0.12,6.53
-6.29,-2.99,5.74
-10.07,1.34,5.19
-11.23,12.70,3.17
-12.21,31.37,-2.44
-13.73,56.27,-17.33
-14.53,72.39,-29.30
-18.68,70.50,-45.29
-20.45,56.27,-72.75
-15.14,37.60,-103.82
-12.76,24.60,-133.79
-9.22,19.04,-158.26
-8.73,16.17,-172.55
-6.16,9.77,-174.38
-3.72,-2.32,-164.37
-4.70,-20.63,-144.17
-5.37,-44.62,-119.81
-9.16,-67.20,-97.90
-14.22,-83.56,-82.40
-16.85,-95.70,-71.72
-24.29,-101.75,-58.72
-34.73,-95.95,-40.10
-42.05,-77.09,-15.75
-44.74,-51.82,11.35
-41.75,-30.09,39.25
-52.19,-16.30,37.84
-14.59,-20.63,16.97
14.95,-21.48,14.65
10.01,-5.31,25.45
5.00,5.13,39.12
2.75,12.82,44.49
16.91,18.62,51.82
34.18,24.11,77.58
29.17,34.00,109.68
22.09,54.81,147.34
25.94,73.91,183.41
25.15,93.02,212.71
23.50,111.63,230.71
25.51,123.35,250.37
22.83,116.46,281.37
9.64,114.01,310.73
-5.07,100.10,324.95
-15.69,83.50,314.15
-19.65,62.87,291.08
-24.96,30.64,257.14
-27.40,10.62,212.59
-21.73,5.31,170.41
-15.14,-0.06,139.04
-6.71,6.53,113.95
-0.73,3.17,98.75
1.89,9.22,83.68
2.99,13.61,62.13
2.93,15.14,28.38
15.69,25.21,-4.21
21.30,34.67,-28.81
28.81,36.62,-78.12
43.03,37.05,-133.18
56.95,33.51,-181.76
62.44,31.49,-222.23
59.94,27.10,-253.48
59.51,15.26,-276.92
49.13,-2.14,-296.51
44.37,-26.37,-314.82
30.64,-56.40,-331.73
9.03,-88.44,-335.69
-6.90,-116.52,-319.52
-16.85,-135.19,-286.32
-28.38,-144.35,-244.14
-39.67,-145.32,-199.77
-45.78,-139.83,-157.90
-49.68,-129.03,-119.93
-44.92,-115.36,-86.85
-43.03,-103.76,-55.97
-47.79,-97.17,-28.56
-57.43,-84.47,-27.77
-28.32,-73.18,-28.87
-5.37,-59.33,-18.80
-1.04,-45.90,-4.46
-6.16,-26.67,6.23
-3.11,-15.38,10.74
21.24,-19.17,18.43
37.84,-23.07,34.48
38.64,-19.84,49.80
43.03,-15.50,74.16
39.67,-3.54,94.30
40.53,10.38,120.85
24.54,30.09,145.14
14.77,49.07,168.88
8.91,70.19,186.28
11.54,88.87,209.17
11.23,105.35,241.46
4.03,119.93,273.68
1.46,124.76,302.98
-6.04,119.20,325.01
-10.31,111.21,331.79
-14.28,96.01,320.50
-14.95,72.39,295.41
-12.82,46.75,268.19
-4.76,25.09,245.85
-6.16,13.18,216.37
-5.98,-4.15,188.17
-5.92,-18.98,157.84
-0.18,-31.01,132.69
-3.85,-35.22,107.42
-8.73,-39.92,87.46
-9.46,-37.11,70.01
-6.10,-27.95,59.75
-6.71,-17.40,46.57
-0.12,-10.31,31.19
2.93,-1.46,16.54
5.19,7.69,14.89
5.31,13.49,19.10
4.33,15.50,20.26
3.54,15.56,17.64
6.59,13.92,14.65
5.19,12.15,11.78
1.53,9.28,8.18
0.00,6.84,4.21
0.73,4.82,0.98
1.16,4.21,-2.01
















-,-,-
2.87,9.46,1.53
2.93,8.67,0.98
2.14,9.95,2.01
1.71,12.08,3.54
1.46,13.43,5.00
-0.73,13.37,5.68
-2.26,10.80,6.65
-2.93,6.04,7.57
-3.54,1.71,8.18
-4.33,-0.98,7.39
-3.60,-1.46,5.86
-2.20,-1.53,4.64
0.06,-1.59,3.91
1.71,-1.16,3.60
2.14,-0.73,3.11
1.65,0.18,2.14
0.49,2.08,0.85
0.12,2.87,-0.92
0.31,3.97,-2.20
0.55,4.39,-2.75
1.04,3.72,-2.44
1.34,2.32,-1.28
1.28,0.67,0.00
0.67,-0.06,1.59
-0.61,-0.85,2.81
-2.50,-1.89,3.66
-4.64,-2.87,4.70
-7.08,-3.97,5.68
-8.85,-6.23,7.20
-10.13,-7.87,9.95
-15.75,-6.96,9.22
-17.76,-11.41,6.41
-16.85,-18.25,3.97
-14.34,-20.45,2.14
-11.66,-22.16,2.14
-10.31,-23.56,3.85
-6.84,-22.34,6.23
0.49,-21.91,9.16
10.31,-23.68,13.06
21.79,-22.40,18.43
39.61,-36.01,29.66
56.82,-58.78,40.04
75.13,-79.10,44.31
92.96,-79.77,46.20
108.34,-72.33,47.85
125.67,-70.43,51.09
135.86,-69.76,53.10
136.41,-76.42,55.79
121.95,-77.70,56.09
97.11,-61.65,38.82
74.83,-31.31,17.09
46.69,1.59,8.12
26.06,26.31,7.39
11.11,32.84,5.25
2.87,15.38,3.30
-4.39,0.55,2.62
-10.31,-6.90,1.34
-14.10,-8.30,0.37
-17.27,-5.49,-0.49
-21.79,1.77,-1.89
-26.92,13.24,-5.86
-32.29,29.30,-14.28
-38.45,50.72,-34.24
-39.06,62.32,-59.27
-37.29,59.94,-80.57
-36.13,46.39,-98.88
-37.54,32.90,-120.36
-37.35,22.34,-146.73
-32.71,13.98,-171.63
-32.47,5.74,-186.10
-33.33,-3.85,-188.11
-32.17,-16.48,-175.54
-32.41,-31.13,-148.80
-32.53,-47.42,-113.46
-37.35,-65.31,-77.33
-39.37,-80.44,-41.44
-39.79,-92.53,-6.35
-39.06,-93.26,25.09
-53.53,-62.87,25.82
-27.65,-29.05,8.54
4.64,-19.96,6.29
2.99,-10.56,9.09
2.14,-1.95,20.87
10.68,0.98,26.37
12.21,15.93,30.03
17.52,31.43,49.13
28.02,33.26,82.58
28.02,41.20,120.79
24.84,53.59,155.70
18.49,71.72,182.50
20.26,83.25,207.58
23.99,81.85,227.66
28.56,85.57,244.14
38.21,87.59,272.16
30.03,84.84,297.18
35.77,70.98,312.13
39.55,52.73,312.38
38.27,43.52,291.08
24.35,42.48,247.92
11.05,41.50,187.87
6.77,25.94,125.98
5.98,4.76,75.81
4.39,-4.70,55.24
-0.31,-3.17,41.20
0.79,4.03,27.34
5.25,13.00,14.59
17.15,17.88,1.22
20.81,27.28,-25.63
25.39,37.78,-73.73
32.17,35.83,-124.33
33.14,31.74,-173.03
27.77,30.94,-216.55
16.17,31.19,-253.42
5.92,23.93,-283.45
-0.18,12.33,-307.07
-2.14,-1.28,-323.79
-1.40,-18.43,-330.57
-6.41,-42.54,-323.85
-13.49,-70.25,-308.47
-20.51,-96.50,-287.84
-22.40,-112.00,-259.28
-35.89,-115.54,-221.44
-56.21,-109.68,-180.11
-73.24,-99.12,-144.17
-89.11,-90.76,-116.03
-92.90,-88.07,-90.39
-96.19,-90.21,-61.16
-99.61,-89.84,-30.88
-92.90,-75.56,-6.77
-78.06,-59.20,10.86
-44.31,-50.23,19.78
-5.13,-50.60,24.41
15.81,-43.64,33.14
32.29,-30.40,56.46
41.08,-15.87,79.77
40.28,-9.52,96.98
43.76,-1.28,115.11
50.90,9.77,138.85
50.17,33.94,162.72
29.42,55.91,180.73
35.71,72.63,200.13
39.37,86.61,223.51
42.97,96.62,237.00
52.98,103.82,251.22
60.30,104.19,270.14
62.38,96.19,296.94
59.69,107.36,313.66
70.01,103.70,324.10
66.04,85.27,326.54
56.95,61.16,311.04
50.42,48.28,277.89
41.26,43.70,231.45
29.30,22.58,195.86
26.12,-7.39,172.12
33.75,-14.71,145.39
45.10,-19.47,135.50
39.06,-23.62,135.74
27.10,-25.09,117.98
20.14,-15.01,91.92
12.21,-15.32,70.07
10.13,-13.55,49.99
8.42,-10.74,37.84
7.51,-11.90,28.14
6.10,-9.16,17.15
4.46,-6.65,14.40
4.88,-4.46,14.77
4.33,-2.87,15.69
3.72,-1.77,14.83
2.20,-1.10,14.22
1.71,-0.67,19.04
0.55,-1.40,19.47
1.59,-0.98,12.21
3.97,0.49,9.28
5.37,3.17,5.55
5.74,5.37,-1.77
5.86,6.23,-5.13
5.92,5.86,-5.98
5.43,4.76,-4.94
4.33,3.54,-4.03
3.23,2.32,-3.66
















-,-,-
-0.43,0.43,1.53
-0.92,0.98,1.34
-1.22,0.79,1.46
-1.28,0.43,1.10
-0.55,0.43,1.04
-0.06,0.18,1.16
0.31,0.61,1.46
0.79,0.73,2.01
0.61,0.24,3.11
-0.06,-0.24,3.36
-1.10,-0.92,3.66
-2.32,-2.44,3.91
-3.30,-4.46,3.91
-3.66,-6.47,4.09
-3.72,-8.97,5.37
-4.21,-11.78,7.39
-4.82,-15.38,10.01
-4.70,-21.30,13.18
-5.68,-29.48,15.99
-7.39,-36.80,17.03
-9.22,-45.35,18.55
-11.60,-54.99,21.85
-18.74,-51.76,13.06
-18.55,-40.95,2.14
-11.47,-39.79,-1.22
-14.89,-39.61,-2.69
-16.17,-36.50,-2.93
-16.17,-31.31,-3.54
-15.01,-27.71,-3.05
-12.88,-26.12,-2.14
-9.77,-25.27,-1.04
-6.59,-23.93,0.12
-1.59,-22.40,3.97
6.77,-18.62,10.01
25.94,-24.17,23.38
48.71,-39.06,43.21
68.12,-46.88,60.36
88.44,-46.88,72.39
108.03,-48.58,78.98
124.51,-47.97,83.50
134.22,-43.95,90.39
132.14,-42.42,93.81
125.67,-36.68,94.06
109.74,-22.83,82.58
87.59,-2.38,59.08
64.58,12.15,47.61
41.44,29.30,40.16
28.26,28.99,29.79
12.15,27.22,10.86
0.06,11.72,3.42
-10.38,-4.03,3.30
-15.50,-10.25,1.83
-21.24,-10.07,-0.31
-26.55,-3.05,-3.30
-32.17,13.18,-8.00
-34.97,38.57,-16.42
-39.25,76.78,-30.21
-38.27,104.25,-44.49
-33.08,108.95,-58.04
-20.02,94.36,-75.62
-12.15,72.69,-100.59
-8.12,56.21,-130.98
-5.31,47.18,-159.42
-2.44,40.41,-176.82
-0.85,30.21,-176.27
1.34,14.47,-158.39
-0.06,-5.37,-129.52
-3.66,-27.28,-97.05
-6.71,-48.22,-67.69
-9.40,-65.98,-44.07
-10.31,-80.20,-24.78
-11.47,-89.29,-5.74
-15.01,-92.29,15.20
-30.09,-76.66,13.00
-2.69,-44.86,-1.71
13.43,-30.27,6.47
3.23,-25.27,10.19
-3.42,-18.07,5.55
0.06,-11.72,-4.76
-1.40,-9.09,-6.10
-2.50,-5.74,2.56
12.15,-6.41,31.74
17.52,1.04,71.47
13.18,18.49,101.62
8.36,31.98,128.42
1.10,49.74,157.17
-1.77,70.86,184.14
-6.53,92.16,214.48
-6.71,105.22,235.05
0.24,105.29,247.01
4.39,94.85,243.90
10.93,78.19,231.81
13.18,64.03,210.21
10.01,42.60,186.95
8.24,22.09,164.18
3.60,15.81,138.49
5.31,18.13,115.05
1.53,10.99,94.73
2.69,4.58,69.52
4.09,6.53,56.09
-2.44,8.91,40.83
-5.31,11.05,28.99
-4.39,14.71,16.78
-2.44,23.62,13.00
0.31,34.55,9.70
2.20,43.03,-12.15
10.25,44.68,-60.61
18.62,43.82,-117.98
24.60,43.03,-171.26
42.91,40.41,-215.27
43.27,34.36,-247.01
42.79,21.48,-267.15
36.56,1.22,-274.23
29.54,-22.89,-271.00
25.09,-46.94,-259.95
20.39,-67.26,-240.36
7.81,-80.14,-214.78
-7.39,-86.06,-187.44
-19.35,-87.77,-159.18
-29.60,-90.09,-127.99
-35.89,-94.48,-91.67
-41.81,-97.72,-50.72
-45.78,-98.21,-12.27
-51.15,-93.75,16.54
-47.91,-65.92,3.36
0.37,-44.68,10.01
6.16,-35.95,10.99
-9.28,-33.20,6.53
-7.75,-28.14,-1.83
10.38,-23.99,1.77
21.79,-23.93,29.54
19.96,-17.70,65.61
26.79,-5.31,97.05
29.97,14.04,125.49
21.91,31.07,144.59
19.78,40.83,158.08
17.46,46.26,167.72
20.81,54.14,172.97
22.71,62.68,183.41
24.35,67.69,202.15
20.51,70.56,219.12
17.58,66.59,230.10
10.93,62.13,239.14
3.91,66.65,241.76
-2.20,59.45,235.05
-8.42,37.48,218.87
-7.51,22.09,194.82
-8.61,12.02,164.43
-11.05,6.71,137.51
-17.46,-4.46,110.78
-18.55,-13.92,82.52
-19.59,-13.06,65.00
-21.24,-3.91,60.61
-20.26,3.66,57.68
-17.64,6.90,40.04
-11.66,3.72,23.44
-9.09,2.32,15.32
-7.26,2.99,-0.79
-6.53,5.13,-4.94
-3.17,5.19,-7.87
-2.56,5.07,-3.60
-1.53,5.19,3.05
-2.87,5.19,9.77
-1.95,7.81,14.22
-3.85,8.61,17.88
-2.93,9.28,19.71
1.34,12.39,20.32
3.72,14.89,21.24
4.76,15.75,20.94
4.46,14.34,18.37
2.50,11.96,14.28
1.22,10.62,10.19
0.31,9.83,5.37
-2.69,9.58,-0.67
-6.84,10.62,-8.73
-10.74,13.12,-22.34
-13.67,19.96,-41.87
-15.32,31.80,-60.00
-13.67,43.70,-67.87
-15.14,61.04,-65.31
















-,-,-
-2.62,-7.75,4.21
-0.37,-7.51,5.31
-1.89,-8.06,5.62
-3.36,-9.40,4.82
-3.42,-10.01,3.85
-3.30,-9.70,3.60
-2.26,-8.24,3.72
-1.46,-6.29,4.03
-0.79,-4.09,4.15
-0.31,-2.62,3.97
0.61,-1.34,3.48
0.92,-0.18,2.99
1.16,0.67,2.62
1.28,1.40,2.20
1.28,1.22,2.14
1.28,0.49,1.77
0.31,-0.18,1.71
0.06,-0.61,1.65
-0.06,-0.85,1.40
0.12,-0.37,1.59
1.04,0.61,2.26
1.95,1.71,2.62
2.75,2.50,2.93
4.15,3.48,3.42
5.31,4.33,4.15
6.96,5.37,4.94
9.77,6.96,6.41
15.81,9.64,9.09
23.01,11.60,13.73
31.98,4.46,20.32
43.76,-4.94,31.68
57.98,-5.31,40.16
78.37,-10.13,40.89
99.91,-26.31,49.38
112.49,-28.93,58.11
123.66,-32.90,57.31
127.50,-38.94,61.77
126.53,-40.83,60.00
124.69,-35.46,58.53
113.53,-33.51,63.54
98.39,-13.49,56.09
84.11,-5.68,44.01
63.17,-3.11,40.10
38.57,9.52,30.27
17.70,19.04,15.44
2.32,10.44,9.22
-7.57,8.06,5.55
-14.04,-1.71,4.09
-18.49,-7.39,2.81
-22.09,-3.78,1.83
-26.06,7.75,-0.55
-29.66,27.16,-5.43
-32.90,65.31,-17.09
-34.36,92.16,-27.28
-36.01,93.99,-39.86
-29.48,76.97,-58.84
-21.18,45.59,-77.76
-20.94,17.33,-97.78
-20.02,3.85,-117.80
-15.87,1.83,-133.36
-8.97,3.05,-140.08
-1.95,1.89,-137.76
2.69,-5.07,-127.99
4.09,-20.20,-112.37
3.97,-40.77,-93.44
-2.75,-61.28,-71.29
-9.58,-78.19,-46.63
-15.56,-88.01,-22.40
-19.41,-89.42,0.49
-29.36,-80.51,17.15
-30.58,-53.71,4.33
-4.15,-34.30,8.73
0.24,-26.79,10.19
-8.61,-28.02,7.51
-1.89,-21.12,4.09
8.54,-6.65,10.50
6.84,10.56,33.94
11.54,31.13,67.99
13.73,49.99,104.37
13.24,69.15,133.48
6.16,83.80,155.82
1.59,90.33,167.42
2.56,97.41,175.17
3.23,94.18,191.65
-0.37,90.03,202.58
4.27,85.02,207.40
5.55,81.05,211.00
1.04,68.79,212.22
-1.53,59.94,201.05
-2.08,50.96,184.88
-6.04,39.73,169.43
-6.71,25.63,150.76
-4.88,18.55,128.66
-3.91,14.34,105.90
-3.36,16.05,85.94
-5.55,20.26,65.37
-4.15,21.18,56.03
-7.14,21.67,41.50
-3.23,26.92,27.40
-0.06,33.26,23.13
3.91,40.89,15.81
10.93,47.67,-15.50
17.52,46.69,-64.45
28.38,44.43,-116.21
36.74,42.72,-159.00
42.18,41.08,-193.54
45.10,34.00,-216.31
41.32,20.45,-225.10
40.10,4.76,-225.95
47.18,-12.94,-222.23
45.23,-32.41,-215.76
39.61,-50.72,-207.64
25.33,-65.06,-199.10
8.73,-75.13,-191.04
-6.77,-82.15,-182.68
-13.79,-89.29,-168.76
-21.24,-95.21,-145.45
-27.59,-98.94,-114.38
-30.64,-100.95,-82.76
-30.88,-103.03,-51.70
-25.45,-105.90,-19.78
-21.06,-106.32,8.24
-37.29,-88.13,11.47
-9.40,-59.51,1.65
23.62,-42.11,8.91
14.59,-27.53,16.60
-6.35,-25.27,19.41
3.23,-26.25,24.72
11.96,-19.90,40.10
4.82,-7.93,57.19
16.78,1.71,91.00
24.96,18.19,128.85
20.39,37.29,165.77
11.96,51.70,200.99
3.48,66.35,224.98
-1.04,75.13,238.46
-10.86,76.60,239.38
-14.16,79.35,238.34
-13.18,82.58,236.27
-15.20,76.48,231.57
-22.71,63.54,218.99
-24.84,45.65,207.21
-23.07,29.85,199.46
-20.39,19.29,191.53
-15.26,7.39,188.35
-13.37,0.31,183.72
-14.77,-11.60,170.78
-12.88,-14.53,151.06
-12.76,-8.18,124.15
-8.30,-14.40,101.75
-7.57,-23.32,81.30
-5.13,-19.84,54.69
-5.55,-10.13,26.55
-5.13,-1.10,10.74
-5.43,1.46,-2.81
-1.83,5.68,-11.11
-0.73,10.13,-3.72
-1.34,10.80,5.98
0.18,11.54,12.33
-0.61,8.42,17.58
0.24,4.58,21.30
1.22,1.22,23.68
2.87,-0.61,24.54
7.75,1.46,23.86
11.05,3.48,22.34
10.38,3.66,20.26
12.57,7.57,14.53
8.36,10.13,8.85
3.72,11.17,0.98
-0.55,11.54,-7.69
-3.48,10.80,-14.40
-5.49,9.89,-17.21
-6.84,11.17,-17.03
-9.34,11.72,-17.27
-10.50,12.39,-20.14
-10.01,14.16,-24.05
-10.13,16.85,-27.40
-9.46,18.49,-33.39
-6.04,24.48,-36.19
-5.49,36.44,-31.98
















-,-,-
-3.05,-19.59,6.35
-2.75,-18.98,4.39
-1.28,-18.07,3.11
-1.95,-16.91,2.69
-1.65,-15.44,2.75
-1.22,-13.73,2.81
-0.55,-12.08,3.05
0.00,-10.68,3.30
0.98,-9.77,3.30
0.85,-10.01,2.81
0.37,-10.56,1.95
0.18,-10.80,1.83
-0.55,-10.68,2.32
-0.79,-10.25,2.75
-0.49,-8.97,2.99
-0.24,-7.57,3.36
0.24,-6.29,2.93
0.55,-5.43,2.26
0.55,-4.94,1.71
0.31,-4.27,2.01
0.43,-3.42,2.01
0.98,-2.75,2.08
1.28,-1.71,2.01
1.83,-0.92,1.77
2.50,-0.61,1.77
1.53,-0.49,2.14
1.46,-0.73,2.44
1.59,-1.28,2.75
1.16,-2.44,3.36
0.49,-3.60,3.36
0.00,-4.03,3.36
-0.37,-3.91,3.48
0.43,-2.81,3.11
1.95,-0.61,3.60
4.52,2.26,4.88
7.57,5.80,6.29
11.41,7.26,9.58
21.24,-1.04,18.13
34.24,-16.05,30.40
49.13,-31.98,43.27
64.64,-44.62,53.16
81.18,-55.18,64.09
95.46,-55.97,77.27
102.05,-46.45,78.92
115.54,-42.11,72.20
117.37,-39.49,63.66
108.89,-22.46,58.04
96.62,-9.89,52.98
80.14,-0.12,44.49
57.98,2.38,34.30
32.41,9.95,18.80
12.33,16.60,5.86
0.06,11.66,0.43
-4.70,1.83,1.04
-7.32,-8.36,2.69
-11.66,-14.28,2.20
-17.76,-14.71,0.12
-22.83,-8.48,-3.60
-26.73,3.85,-8.12
-32.04,30.64,-16.05
-34.61,58.35,-28.20
-34.48,73.18,-48.95
-26.67,71.78,-77.21
-15.63,56.40,-100.95
-10.86,39.37,-119.20
-2.08,31.49,-133.61
-4.46,30.76,-143.07
-3.48,31.37,-145.26
-1.83,29.66,-141.54
-2.32,24.17,-133.48
-3.17,13.31,-120.67
-6.71,-4.76,-104.61
-11.41,-28.87,-88.75
-16.60,-54.32,-72.81
-25.09,-76.97,-55.48
-31.43,-92.71,-35.64
-38.39,-100.22,-13.24
-32.59,-101.14,10.25
-35.03,-87.59,29.11
-41.44,-57.25,24.54
-16.78,-32.10,17.76
2.38,-20.14,14.22
1.34,-19.10,13.67
1.65,-16.17,17.40
1.34,-10.38,20.51
-0.06,-2.44,23.93
-1.22,7.02,39.79
4.39,17.15,62.99
8.06,32.17,94.12
6.53,48.10,119.14
0.43,64.64,144.17
-9.16,74.34,156.13
-10.07,75.32,166.56
-13.06,72.75,176.45
-8.54,68.91,186.83
-2.20,66.10,197.75
5.62,62.13,215.76
5.62,56.21,231.69
9.40,54.38,242.61
7.32,58.04,246.64
7.32,49.01,238.59
20.08,32.17,223.21
18.74,21.85,206.12
14.22,12.94,179.63
20.69,1.77,153.38
17.33,-6.41,132.14
15.38,-5.98,111.27
11.35,-6.04,85.45
8.30,-4.39,62.74
9.28,-0.49,34.06
11.54,9.64,17.52
9.03,22.03,13.61
9.03,30.94,-3.72
6.47,42.66,-42.54
7.32,55.85,-94.67
17.21,64.33,-148.07
26.43,63.60,-189.94
22.58,63.60,-215.09
23.19,62.81,-226.93
23.13,62.26,-232.60
24.60,59.45,-236.88
33.33,50.84,-242.07
42.05,35.28,-245.61
42.60,15.63,-244.69
39.61,-2.08,-241.70
35.22,-17.46,-233.83
26.55,-33.33,-217.59
11.60,-46.08,-193.97
-2.93,-53.16,-169.43
-17.09,-55.05,-149.41
-33.33,-54.44,-136.41
-49.01,-57.68,-130.43
-61.71,-66.65,-128.72
-67.99,-77.88,-126.89
-68.12,-89.17,-117.25
-65.55,-98.33,-94.91
-66.71,-96.68,-63.54
-67.63,-77.39,-34.91
-65.00,-57.56,-14.40
-57.86,-44.92,-10.19
-1.95,-33.20,4.88
16.36,-15.01,16.42
34.55,-8.67,42.85
42.11,-7.63,76.17
47.61,5.49,114.07
52.86,24.11,148.19
16.30,52.61,163.64
25.70,61.52,174.99
33.02,68.30,188.84
42.85,69.58,202.09
49.19,75.56,227.78
40.47,84.90,256.29
38.15,88.44,288.15
36.68,88.56,312.38
37.29,82.28,326.54
36.25,62.81,320.25
31.62,39.43,290.95
36.93,15.20,264.77
28.38,5.68,247.68
22.16,12.82,233.58
23.56,-6.53,219.79
26.67,-26.12,200.87
24.78,-24.17,181.09
18.01,-24.84,159.67
20.75,-33.39,136.41
17.82,-35.52,109.44
23.93,-34.06,83.44
26.06,-37.05,62.32
22.03,-30.40,48.89
15.38,-23.93,39.86
11.35,-18.92,38.02
8.24,-14.34,37.23
4.94,-11.41,33.20
0.92,-6.29,24.48
0.49,-2.93,18.86
-0.67,-1.59,16.91
-2.08,-1.46,15.81
-1.83,-1.65,13.31
-0.73,-1.10,9.64
-0.37,-1.04,5.80
















-,-,-
-0.43,3.91,-1.34
0.43,2.87,-0.49
1.10,1.04,0.67
1.83,-0.67,1.71
2.75,-1.40,2.50
3.36,-1.40,2.87
3.60,-0.67,3.23
3.54,0.18,3.78
2.56,0.79,4.21
1.71,1.22,4.52
1.59,1.40,4.88
1.59,1.53,5.68
2.08,1.16,6.35
2.62,0.18,6.96
2.32,-1.10,7.75
1.83,-2.14,8.18
1.71,-2.32,8.24
1.46,-1.59,8.06
1.71,-1.04,7.81
2.14,-1.40,7.32
3.05,-2.14,6.16
3.60,-2.14,5.00
3.91,-1.16,4.58
6.35,0.18,6.53
6.53,0.12,11.41
4.21,-6.65,16.30
2.99,-13.85,19.71
-0.37,-17.76,20.32
-2.26,-23.62,21.61
-3.97,-30.33,23.19
-8.12,-32.04,17.33
-9.70,-27.53,5.37
-9.16,-28.02,0.79
-7.93,-29.91,0.73
-8.00,-27.59,0.79
-5.80,-23.93,-0.55
-5.00,-19.96,-1.95
-4.82,-16.48,-2.08
-2.32,-13.00,-1.40
5.74,-11.17,0.00
15.87,-12.27,2.81
25.51,-16.54,6.90
39.86,-36.13,15.81
47.00,-48.52,25.39
56.64,-47.18,25.88
70.13,-46.39,25.15
82.58,-46.81,23.99
96.68,-54.38,31.98
104.74,-44.43,45.96
114.38,-33.51,57.37
124.15,-30.09,62.68
133.36,-29.97,65.55
135.13,-31.49,73.61
126.10,-25.51,78.25
114.07,-21.30,75.62
99.18,-12.15,64.58
82.34,0.73,48.89
67.08,6.35,39.43
56.03,1.59,38.21
44.07,16.48,35.46
34.61,27.34,25.51
24.29,26.73,16.36
14.10,13.73,14.10
5.07,1.46,11.41
-5.31,-5.74,6.35
-16.36,-9.34,1.34
-24.66,-8.67,-2.56
-30.21,-3.66,-4.64
-34.67,4.88,-6.65
-40.10,19.41,-12.88
-45.78,38.64,-32.04
-48.22,46.14,-65.25
-49.87,42.11,-98.63
-51.03,34.06,-128.30
-54.14,25.88,-153.93
-54.63,22.58,-175.78
-54.81,19.65,-189.70
-48.58,10.19,-189.45
-32.78,-4.21,-175.78
-14.53,-23.56,-146.48
-5.13,-42.97,-106.02
-8.30,-56.15,-64.51
-10.93,-63.60,-29.60
-8.79,-69.15,-1.59
-4.76,-73.24,21.91
-11.96,-67.50,35.03
-15.87,-35.10,13.37
8.36,-22.64,9.22
13.49,-22.34,7.51
6.47,-23.50,10.74
6.65,-16.97,16.60
2.44,-9.77,21.73
2.75,-4.64,37.60
0.00,5.80,65.67
-3.11,11.66,91.55
-2.87,32.59,119.81
3.60,48.65,156.13
-2.81,63.60,195.80
-8.00,73.97,229.68
-12.82,87.71,252.14
-9.95,101.38,265.56
-9.70,104.74,273.38
-9.70,99.73,274.84
-3.36,82.89,273.13
0.31,54.63,259.46
-2.50,21.61,234.62
-2.99,13.06,194.09
2.32,11.05,147.83
-0.67,6.16,107.60
-1.40,-1.10,75.74
-0.98,-0.18,51.82
-1.83,-0.67,34.73
-2.32,2.56,22.83
0.24,8.61,8.85
7.69,16.78,0.79
9.52,20.26,-15.87
7.63,18.19,-52.37
7.32,17.88,-98.45
10.19,17.82,-146.36
15.14,22.09,-188.60
29.48,25.63,-214.23
34.30,27.16,-224.37
26.73,25.09,-227.54
30.03,16.05,-228.70
32.17,1.77,-229.25
31.56,-15.44,-228.03
28.75,-34.30,-222.29
29.24,-53.04,-210.02
26.49,-69.34,-191.41
21.48,-81.30,-166.93
16.48,-88.44,-137.94
6.35,-89.90,-106.20
-7.75,-86.00,-74.65
-19.29,-77.51,-47.79
-35.16,-50.35,-42.36
-21.12,-35.46,-34.79
-2.44,-34.12,-20.02
-3.30,-33.14,-3.42
-11.17,-33.51,3.17
-12.51,-34.55,-3.85
-12.51,-36.19,-13.37
-14.95,-37.60,-12.08
-25.09,-37.48,2.14
-23.50,-31.07,34.61
-21.30,-16.97,81.79
-23.99,8.06,127.20
-27.04,35.89,162.60
-25.76,59.81,192.08
-21.55,77.64,214.72
-15.75,87.65,225.89
-8.18,88.68,232.18
0.00,83.98,236.51
1.89,80.63,240.23
0.37,69.76,243.84
-3.17,62.26,241.64
-9.28,47.55,231.69
-12.63,27.77,219.42
-12.02,10.01,199.34
-11.96,-7.75,169.92
-12.27,-17.33,138.73
-9.52,-14.40,112.67
-12.45,-18.37,103.52
-13.92,-22.64,106.69
-11.72,-21.30,102.91
-8.36,-22.89,96.74
-10.68,-26.25,89.60
-12.51,-23.93,75.81
-10.80,-20.57,60.61
-8.06,-21.67,45.96
-2.50,-17.40,38.82
1.89,-8.24,43.40
0.92,-9.83,35.89
5.25,-7.08,26.92
3.91,-5.55,19.65
2.08,-5.86,10.44
3.23,-3.30,5.62
4.58,0.79,3.66
6.77,4.76,2.99
8.79,8.67,1.95
7.51,11.17,0.43
