-,-,-
3.91,-4.09,-0.06
3.42,-1.46,0.43
3.54,-0.61,0.85
3.36,-0.67,1.71
2.93,-1.34,1.95
2.26,-2.14,1.71
1.95,-2.69,1.53
1.95,-2.93,1.04
2.01,-3.05,0.18
2.14,-2.87,-0.55
2.32,-2.44,-1.16
2.32,-1.89,-1.46
1.71,-1.22,-1.16
1.77,0.00,-0.79
3.05,1.04,-0.24
5.00,1.95,0.67
6.41,2.56,1.22
6.77,2.20,1.71
6.29,0.79,1.77
5.74,-0.92,1.65
5.07,-2.44,1.77
4.58,-3.48,1.53
6.77,-4.27,1.34
11.72,-6.47,2.38
21.42,-15.20,4.46
34.79,-24.60,10.07
49.62,-35.16,19.59
61.58,-31.98,25.02
73.85,-31.01,31.37
84.11,-25.02,34.42
99.24,-20.81,43.03
114.44,-20.94,51.94
128.72,-24.11,52.49
142.33,-31.19,51.39
145.87,-39.43,51.15
140.44,-43.64,42.48
131.84,-47.12,34.00
116.64,-41.69,41.63
103.58,-32.71,40.53
93.87,-25.02,35.83
71.78,-11.90,33.02
50.23,-3.85,20.02
30.09,6.77,8.00
13.12,15.26,-0.49
5.86,9.34,-5.25
4.58,0.79,-8.42
-1.53,-6.23,-12.63
-17.21,-12.39,-18.68
-37.72,-16.85,-24.72
-59.81,-12.70,-31.68
-84.66,8.54,-33.63
-105.77,41.63,-30.46
-116.39,73.85,-31.56
-120.67,95.28,-33.87
-124.39,105.47,-34.30
-128.54,104.31,-34.18
-129.82,93.32,-31.37
-125.12,76.66,-24.17
-118.47,58.84,-12.15
-109.92,42.42,2.01
-100.04,27.59,18.92
-93.51,15.81,36.38
-87.34,6.77,50.42
-79.22,-3.72,59.20
-66.16,-19.84,61.04
-49.62,-34.24,51.57
-22.77,-31.01,20.20
-11.84,-13.92,-0.12
7.02,2.38,5.74
29.11,1.22,19.65
54.38,-3.54,35.28
78.98,-4.94,41.08
102.97,1.40,38.70
117.25,1.65,40.10
127.32,-4.70,40.41
130.19,-16.91,42.97
131.35,-29.11,44.31
138.31,-29.42,39.61
148.56,-24.48,49.44
157.29,-21.97,57.74
161.99,-24.72,53.77
157.78,-24.23,49.26
143.92,-27.95,47.06
120.79,-20.94,39.61
88.93,-10.99,37.17
59.88,-6.84,33.08
35.64,5.07,24.35
22.58,10.01,14.10
20.69,14.04,11.54
22.77,15.75,11.05
19.78,11.17,12.51
11.35,8.54,9.95
2.93,11.23,0.12
-4.76,21.18,-24.41
-11.72,38.09,-61.46
-17.33,52.92,-100.40
-23.32,62.32,-137.02
-30.15,66.41,-168.40
-37.29,63.84,-192.02
-40.95,55.66,-207.58
-43.21,43.09,-215.64
-46.69,26.31,-217.53
-47.67,10.19,-214.29
-34.61,-1.46,-207.89
-31.01,-8.67,-190.98
-35.71,-16.30,-166.81
-40.10,-23.44,-139.10
-46.88,-30.58,-110.47
-56.03,-39.06,-83.98
-65.92,-52.86,-65.49
-64.21,-67.57,-56.40
-62.26,-84.78,-50.54
-63.35,-95.64,-40.16
-69.82,-90.27,-22.09
-69.89,-69.95,-4.76
-40.65,-40.77,-1.22
1.16,-14.47,-0.73
0.43,-8.97,13.79
3.42,-10.01,20.14
9.22,-8.30,24.17
17.70,-5.74,31.07
22.71,-3.78,36.56
24.35,-0.67,45.23
23.74,2.93,52.12
19.17,8.30,64.76
15.63,13.18,76.84
12.45,22.71,86.79
14.10,32.65,99.37
16.78,43.33,116.09
22.09,50.72,125.67
25.94,53.47,127.62
22.28,49.01,129.70
14.04,49.68,129.39
6.47,44.07,118.59
1.71,33.45,112.55
-1.65,29.05,109.19
-3.91,25.57,103.45
-5.74,23.50,97.35
-7.75,24.29,102.29
-9.22,25.51,98.14
-10.13,28.63,92.29
-11.47,28.81,91.43
-16.60,26.67,88.87
-23.74,27.53,82.76
-26.55,28.93,76.48
-26.61,18.07,74.89
-28.93,12.33,24.05
-25.76,-9.46,-80.75
-9.34,-10.68,-61.89
-16.42,14.89,91.86
-15.32,35.16,148.44
-6.65,37.84,114.75
-4.09,30.15,94.67
-16.48,14.22,73.12
-21.12,-0.49,54.93
-28.08,-7.08,33.45
-33.20,-7.02,13.00
-35.83,-2.01,-1.04
-26.79,5.13,-9.95
-15.01,1.59,-9.46
-10.19,5.74,1.28
-12.63,17.21,31.80
-19.65,18.62,73.30
-21.24,16.60,95.28
-18.01,12.27,101.20
-17.64,5.68,101.01
-19.23,0.24,86.12
-16.72,0.85,65.92
-12.76,7.39,49.32
-12.15,6.10,46.20
-10.31,6.59,43.88
-5.98,6.71,54.02
-8.91,6.90,60.06
-12.51,4.39,55.05
-12.33,2.69,48.40
-13.37,3.11,44.37
-13.85,-5.19,41.93
-10.25,-7.57,37.72
-10.07,-3.23,24.66















-,-,-
4.46,-8.18,2.26
1.83,-8.85,2.08
0.73,-8.97,1.95
-0.49,-8.67,1.71
-1.34,-7.87,1.34
-1.40,-6.65,0.67
-0.49,-4.94,0.24
0.67,-3.17,0.18
1.77,-1.95,0.43
2.38,-1.22,0.73
2.26,-1.34,0.98
2.44,-2.01,1.34
2.26,-2.75,1.71
1.46,-3.66,1.71
1.22,-4.46,1.53
1.28,-4.88,1.34
1.10,-5.07,1.28
0.37,-4.82,0.92
1.89,-4.09,0.79
2.62,-3.30,0.55
2.38,-2.56,0.79
3.72,-2.44,1.04
4.33,-3.36,0.92
2.75,-5.25,0.18
-0.12,-7.51,-1.16
-3.23,-9.22,-1.71
-4.88,-9.58,-1.65
-4.64,-8.42,-1.46
-3.23,-6.53,-0.85
0.43,-4.39,0.49
8.91,-4.15,3.36
23.13,-13.85,7.93
38.51,-31.37,14.34
51.88,-44.13,27.77
66.41,-47.97,41.44
87.46,-51.94,51.51
112.49,-53.77,55.05
137.02,-55.97,61.89
156.01,-61.95,64.51
167.60,-70.74,56.82
174.19,-78.80,59.27
166.99,-78.61,73.67
153.50,-65.67,77.64
132.26,-48.71,53.96
116.39,-34.30,29.48
92.59,-22.09,25.15
68.97,-4.76,15.99
49.38,0.73,6.96
32.96,2.44,2.75
20.94,-0.43,2.38
10.68,-2.26,-0.73
-2.14,-7.69,-5.31
-16.91,-16.17,-10.80
-33.87,-23.07,-18.07
-49.38,-24.84,-26.43
-64.64,-13.18,-31.31
-74.58,15.81,-31.80
-88.32,47.18,-29.05
-104.25,76.11,-30.09
-111.63,98.14,-38.57
-114.32,111.08,-49.50
-116.39,113.77,-55.54
-117.98,105.41,-53.22
-117.31,90.64,-45.10
-112.85,72.94,-33.33
-105.16,54.63,-18.07
-97.72,38.76,1.10
-92.10,26.25,24.29
-84.05,14.95,46.69
-73.67,2.56,65.55
-62.19,-11.60,77.94
-45.53,-23.13,71.04
-11.35,-18.37,20.08
-15.14,-8.73,-2.87
-4.46,7.45,11.47
19.96,7.20,31.01
56.34,0.55,48.03
97.29,-3.05,56.03
129.76,-5.07,56.21
153.44,-7.45,63.78
169.37,-12.94,75.68
181.03,-31.86,83.07
194.21,-50.35,79.53
203.00,-60.30,69.21
203.92,-65.73,60.42
200.50,-64.33,51.21
197.51,-57.62,44.19
186.40,-55.60,43.09
168.82,-49.38,40.41
146.55,-46.26,35.22
119.87,-41.32,31.68
89.66,-32.78,26.79
62.56,-15.81,20.26
38.64,-14.04,17.58
31.62,-16.48,15.75
24.90,-4.09,15.08
18.68,2.14,17.03
10.07,-1.28,19.96
3.78,-3.60,22.03
-6.16,0.43,19.10
-24.29,14.34,-4.15
-42.85,33.08,-46.57
-55.91,49.07,-83.37
-70.31,63.35,-114.32
-81.73,76.23,-148.38
-86.12,77.82,-181.52
-91.55,68.18,-206.24
-99.49,54.26,-219.73
-105.71,41.20,-224.67
-107.30,30.03,-222.72
-117.74,19.90,-212.65
-130.00,7.87,-195.50
-133.18,-6.41,-173.95
-140.14,-22.09,-149.17
-139.34,-35.40,-122.50
-128.91,-43.76,-90.58
-114.99,-48.89,-52.86
-98.45,-53.59,-13.49
-80.02,-56.70,21.12
-64.94,-55.85,47.06
-35.83,-46.88,60.49
31.68,-8.18,20.63
64.58,16.42,-7.26
7.45,29.24,11.11
-2.32,23.44,29.24
13.73,8.48,39.61
20.81,-2.75,49.56
16.36,-2.44,57.19
20.94,-1.59,56.82
19.65,5.98,57.37
23.01,19.59,61.65
25.09,27.10,66.10
26.00,33.20,70.56
26.86,35.34,71.47
27.10,28.99,75.99
21.12,30.03,78.00
16.66,32.29,77.76
12.82,31.43,74.95
6.59,30.33,74.58
-1.59,33.02,78.49
-4.82,28.38,78.12
-7.75,30.76,67.44
-6.71,34.48,50.66
-6.77,33.26,54.93
-6.77,34.06,66.96
-5.37,39.73,69.52
-1.89,45.23,71.53
-1.77,40.71,69.64
-5.00,34.55,60.85
-7.14,29.24,57.68
-10.50,28.81,51.09
-10.38,16.91,-2.93
-2.38,4.70,-24.41
-8.36,12.51,55.60
-16.11,20.26,89.78
-2.14,22.16,86.24
-1.65,29.72,83.25
-6.47,23.19,85.82
-11.60,15.14,82.21
-10.80,15.56,76.17
-11.35,11.23,67.93
-11.11,10.07,62.93
-11.66,16.66,63.35
-12.33,17.15,62.07
-13.49,18.74,64.51
-17.03,25.39,77.33
-18.74,26.55,98.57
-20.45,9.46,115.23
-14.47,13.18,111.94
-11.72,7.51,99.61
-13.43,-2.81,87.34
-15.44,-0.92,85.33
-19.41,-5.00,82.64
-20.81,-0.31,75.38
-16.48,5.07,73.43
-15.75,2.26,70.19
-12.27,-0.06,73.79
-11.47,-5.43,54.63
-8.36,-10.38,30.33















-,-,-
-1.89,-5.37,1.46
-1.53,-5.31,2.14
-1.53,-4.82,3.05
-2.26,-4.39,4.15
-3.42,-3.91,4.46
-5.00,-3.23,3.36
-6.90,-2.38,1.95
-7.75,-1.40,0.31
-8.12,-0.73,-0.98
-6.96,-0.18,-1.89
-5.13,0.31,-2.75
-4.46,0.00,-2.20
-3.48,-0.49,-0.31
-2.99,-0.67,1.95
-2.93,-0.67,3.91
-2.87,-0.79,5.07
-2.75,-0.85,5.62
-2.87,-0.92,6.35
-3.17,-0.67,7.93
-2.87,-0.37,10.56
-2.14,-0.98,13.43
-1.28,-2.99,16.66
-1.16,-6.53,19.78
-1.16,-11.23,21.24
-2.93,-16.11,21.00
-4.52,-19.71,18.98
-5.43,-22.16,16.48
-6.65,-23.62,14.71
-8.73,-24.54,13.49
-9.28,-24.90,13.18
-8.54,-25.15,13.31
-7.02,-24.29,12.82
-4.58,-22.71,10.44
-2.01,-20.63,8.18
-1.34,-18.62,8.67
0.55,-18.68,8.42
2.69,-17.09,6.90
5.68,-14.22,3.85
7.57,-11.23,4.15
9.52,-10.07,4.76
16.97,-11.96,6.29
28.81,-15.69,10.31
44.13,-24.05,14.22
60.30,-35.77,20.63
75.99,-45.59,28.38
95.09,-50.29,33.75
114.14,-55.24,37.96
130.92,-64.70,39.37
146.73,-67.81,45.59
155.88,-71.96,52.61
161.87,-78.86,47.91
164.55,-84.17,61.77
149.35,-72.69,74.71
138.92,-54.57,56.09
129.70,-39.43,48.10
108.15,-29.60,51.76
88.13,-19.17,49.26
70.37,-12.45,33.02
51.03,-0.06,19.17
29.66,11.72,11.96
16.05,11.84,3.97
6.77,10.19,-0.49
-1.53,4.39,-1.28
-10.19,-2.81,-2.62
-20.26,-8.61,-6.59
-32.29,-7.69,-13.24
-45.53,4.70,-22.16
-58.29,25.09,-34.61
-71.41,44.43,-48.58
-85.57,64.33,-57.62
-97.90,82.40,-60.18
-106.38,94.85,-60.67
-112.79,103.39,-60.79
-115.17,109.50,-58.72
-113.65,112.37,-51.64
-111.15,110.90,-39.55
-103.45,103.94,-22.77
-97.53,91.61,-2.20
-90.09,74.22,21.18
-82.09,52.73,44.31
-74.34,26.86,64.03
-66.65,-1.28,79.47
-58.53,-27.28,90.94
-49.74,-50.60,98.33
-40.41,-68.54,94.97
-13.55,-63.60,50.96
17.46,-30.27,-0.06
5.07,-3.23,6.84
25.39,4.15,21.06
53.10,-8.61,35.89
81.48,-11.90,41.08
102.78,-4.46,39.79
118.65,0.85,41.75
128.48,-1.83,49.68
136.78,-12.82,61.04
148.38,-30.82,64.76
161.93,-41.02,59.39
172.55,-51.94,54.99
179.93,-51.09,64.94
180.11,-36.50,79.41
176.15,-30.15,65.73
163.76,-31.98,47.85
140.50,-30.58,41.44
112.18,-26.73,40.71
82.64,-21.24,34.36
53.53,-11.35,23.62
29.05,-0.06,17.40
11.41,11.78,13.55
2.93,16.36,13.67
0.67,15.01,17.88
-2.56,10.68,22.03
-10.01,11.90,17.21
-20.87,20.63,-4.03
-30.94,32.71,-36.19
-37.60,46.57,-62.93
-39.12,62.26,-84.90
-35.40,72.51,-106.51
-31.37,77.09,-125.31
-31.07,76.35,-138.06
-33.08,72.39,-146.42
-35.71,64.70,-149.60
-40.71,52.92,-146.00
-51.64,38.45,-137.63
-60.30,21.91,-128.66
-63.96,4.27,-119.20
-70.56,-12.21,-109.86
-74.58,-25.09,-102.54
-77.88,-33.63,-96.62
-85.02,-39.25,-90.03
-88.93,-42.66,-80.44
-86.36,-41.32,-65.31
-81.42,-35.16,-44.56
-75.20,-29.36,-19.53
-65.80,-26.00,5.25
-53.96,-26.31,27.89
-42.11,-31.31,45.72
-34.24,-38.21,58.04
-31.37,-42.97,61.10
-3.05,-26.37,20.87
58.59,-3.78,1.22
6.35,6.53,9.77
-3.91,6.71,29.24
8.61,9.70,54.81
22.03,9.22,78.92
27.34,9.77,87.71
26.00,21.06,95.52
24.54,22.40,100.89
15.56,28.20,97.17
13.79,29.91,95.70
12.39,35.03,92.41
15.50,29.72,93.51
14.22,19.90,90.76
9.95,21.30,89.48
9.46,21.06,89.78
7.02,19.65,90.58
5.55,20.94,94.60
5.92,26.12,92.96
6.65,26.55,82.03
5.55,22.71,68.42
-3.42,24.66,71.90
-7.51,31.49,71.04
-9.83,26.43,79.41
-12.45,20.32,88.56
-10.68,15.87,79.35
-8.18,11.90,55.18
-10.44,3.91,30.03
-13.31,-3.05,13.49
-12.70,-6.47,-26.98
-7.57,-7.75,27.28
-13.79,-2.69,102.05
-8.85,7.14,119.14
-5.92,15.44,101.26
-9.77,21.48,79.10
-15.75,20.63,68.97
-21.24,21.36,53.89
-22.40,18.01,39.18
-23.62,17.21,32.04
-23.74,16.30,34.79
-23.74,11.90,38.70
-19.41,17.58,38.33















-,-,-
-1.83,-2.69,0.55
-2.26,-2.26,1.10
-2.69,-1.77,1.40
-2.56,-1.53,1.83
-2.56,-1.59,2.32
-2.44,-2.26,2.56
-3.11,-3.11,2.99
-3.36,-4.09,3.30
-2.93,-4.70,3.36
-3.42,-5.07,3.72
-2.99,-5.31,3.72
-1.83,-4.94,3.72
-0.67,-4.46,4.21
0.92,-3.91,4.39
2.20,-3.42,4.46
2.99,-2.99,4.27
3.17,-2.99,3.72
2.32,-2.87,3.23
0.79,-2.99,2.38
-0.73,-3.42,1.46
-2.14,-3.48,0.92
-2.69,-3.30,0.73
-2.44,-2.87,0.73
-2.81,-2.69,0.67
-3.17,-2.50,0.67
-3.17,-1.95,0.43
-2.87,-1.28,0.43
-1.71,-0.31,0.73
0.00,0.67,1.22
2.56,1.89,1.89
5.98,2.99,2.87
10.80,2.50,3.91
17.46,-1.34,6.29
26.67,-14.40,10.50
37.90,-28.32,15.69
53.28,-30.52,22.22
74.52,-44.43,31.86
90.64,-56.21,38.51
106.14,-58.04,46.33
117.37,-65.19,51.64
123.60,-76.66,48.28
130.92,-80.02,43.21
135.07,-82.40,42.18
133.91,-80.87,43.09
125.55,-79.41,40.28
116.58,-75.81,37.05
103.82,-65.98,33.63
91.80,-55.36,28.75
78.06,-40.10,28.93
62.87,-27.16,27.10
51.03,-9.95,21.42
35.95,5.74,14.77
24.48,7.26,6.29
10.44,14.89,-0.12
-2.50,10.19,-3.60
-15.93,2.81,-6.90
-29.66,-3.60,-12.39
-46.94,-3.97,-17.52
-61.89,9.03,-17.33
-75.26,34.67,-11.35
-84.96,63.60,-13.92
-92.47,88.56,-25.51
-98.14,107.12,-38.15
-104.06,116.21,-46.26
-108.58,116.88,-48.03
-108.89,112.61,-44.19
-106.51,105.10,-35.71
-102.97,94.97,-24.96
-93.81,84.72,-12.45
-84.05,72.14,1.53
-76.11,55.36,17.76
-68.18,37.90,34.24
-60.55,21.48,49.68
-52.25,5.92,63.78
-42.54,-6.90,75.81
-31.07,-17.58,81.97
-18.25,-26.06,72.02
12.94,-22.09,23.50
35.83,0.49,0.61
42.24,18.49,18.01
65.19,7.57,34.42
95.76,-17.33,41.69
118.53,-26.25,42.11
129.58,-23.86,49.44
138.43,-24.90,56.95
153.14,-30.76,60.79
165.04,-37.78,62.01
170.53,-44.01,65.61
171.81,-47.24,66.71
162.66,-44.80,60.85
153.26,-42.05,53.16
138.12,-38.51,48.77
121.28,-32.10,44.13
106.81,-22.89,39.18
93.20,-18.01,35.89
79.22,-13.55,27.77
61.65,-11.47,20.26
39.79,-2.26,19.78
21.36,3.42,23.19
9.52,8.06,25.51
4.03,9.16,21.55
-3.17,5.92,7.02
-17.46,6.53,-19.71
-37.48,12.94,-48.58
-62.19,28.14,-77.09
-82.58,47.42,-109.07
-92.65,65.31,-140.20
-96.86,75.81,-166.56
-96.86,77.33,-188.17
-94.85,71.35,-203.67
-97.53,58.41,-211.12
-94.91,38.70,-208.56
-91.55,16.60,-194.40
-92.47,-3.54,-172.06
-92.71,-21.18,-146.36
-94.18,-31.98,-119.08
-94.97,-36.25,-91.25
-97.66,-38.76,-66.22
-91.49,-40.65,-44.31
-82.03,-44.19,-23.93
-72.75,-51.21,-6.10
-68.48,-62.93,9.03
-69.27,-76.84,22.89
-53.22,-81.36,25.51
25.27,-48.77,-18.80
20.02,-36.44,-20.20
-37.78,-19.59,-0.61
-36.50,-16.48,14.71
-16.11,-17.70,14.83
8.73,-12.94,12.51
14.40,-3.72,14.71
15.32,7.51,19.53
21.36,15.69,30.15
24.90,17.15,42.05
24.48,24.90,51.21
30.94,23.62,63.78
33.20,21.85,81.30
32.71,21.12,95.83
33.02,26.00,103.70
36.87,31.31,112.49
39.37,25.51,119.57
32.96,25.09,123.11
31.31,26.79,120.97
27.77,32.65,121.58
27.53,33.51,115.05
24.41,35.22,108.64
19.23,38.15,94.36
13.73,35.52,85.57
7.20,41.32,86.43
3.05,45.10,88.68
-1.53,45.29,88.44
-9.77,39.49,98.08
-21.06,30.70,98.27
-22.71,28.93,84.29
-19.10,29.42,76.54
-17.82,29.05,77.03
-15.32,22.95,80.02
-17.21,24.23,50.11
-11.78,8.06,-2.44
-11.90,14.28,27.65
-31.74,29.05,94.73
-33.94,31.86,114.62
-26.18,32.65,106.14
-24.41,18.37,91.13
-23.19,5.68,66.59
-20.57,-4.03,48.77
-21.73,-11.35,40.71
-23.50,-16.30,38.94
-25.63,-6.10,37.23
-27.83,6.10,41.20
-30.70,12.08,60.61
-32.65,16.66,81.97
-28.08,20.14,93.26
-21.67,18.07,96.50
-16.11,9.52,99.30
-15.26,5.37,89.72
-15.99,5.68,73.43
-24.66,3.05,60.91
-25.88,-1.10,52.12















-,-,-
-3.05,-1.10,3.11
-3.30,-0.98,1.95
-2.87,-0.73,0.85
-2.14,-0.67,0.43
-1.65,-0.98,0.18
-0.12,-1.46,0.06
0.55,-2.01,0.24
0.43,-2.38,1.10
0.12,-1.83,1.59
0.18,-0.79,1.83
-0.06,0.12,2.38
0.18,0.49,3.05
0.85,0.24,3.72
1.40,-0.31,4.09
1.28,-0.79,4.21
0.85,-1.16,4.09
0.31,-1.95,3.42
0.12,-3.23,2.62
0.06,-5.00,2.75
-1.10,-6.90,4.03
-1.83,-8.85,5.86
-2.08,-10.68,7.63
-2.81,-12.63,9.03
-3.72,-13.55,8.85
-4.52,-13.18,6.77
-3.54,-13.43,4.82
-3.60,-12.88,3.78
-3.85,-10.62,2.99
-1.59,-9.16,2.69
0.12,-8.97,2.99
3.05,-9.95,3.36
6.41,-11.54,5.13
9.77,-13.73,8.97
15.63,-17.64,11.11
23.99,-23.32,12.27
32.10,-29.97,14.28
45.65,-37.05,16.36
62.44,-43.70,21.06
84.78,-47.85,25.63
108.76,-49.19,29.79
126.40,-57.50,29.72
139.40,-67.81,24.66
151.18,-81.12,25.21
157.29,-87.28,25.02
155.94,-92.04,20.26
147.09,-96.56,18.80
130.68,-96.98,23.44
111.21,-89.23,21.85
90.52,-76.84,16.91
71.11,-57.19,14.16
56.27,-32.78,7.87
46.81,-14.34,2.99
40.95,-10.93,2.87
36.62,-5.13,4.58
33.81,-8.61,4.76
29.48,-18.62,1.53
18.62,-14.83,-2.93
7.87,-17.70,-3.48
-4.39,-17.27,-1.34
-20.75,-7.93,-2.75
-38.94,6.59,-5.31
-56.46,31.49,-7.08
-74.28,58.41,-12.57
-87.89,79.77,-22.16
-99.06,95.89,-29.17
-110.29,105.10,-29.17
-118.96,106.51,-22.83
-124.57,102.05,-12.39
-126.28,93.26,-0.55
-121.46,83.19,12.76
-113.83,72.27,27.28
-104.92,56.15,41.69
-93.51,34.06,56.21
-79.71,9.58,70.98
-64.45,-15.14,83.50
-40.41,-35.95,86.61
-20.51,-44.13,66.04
-11.41,-43.52,22.95
-1.71,-27.71,4.58
15.50,-4.70,6.90
34.97,-1.65,16.11
59.08,-14.10,27.95
84.72,-12.45,33.26
108.40,-8.67,35.34
129.70,-8.91,39.00
148.68,-18.07,47.12
162.48,-29.05,54.57
170.96,-37.35,59.88
179.14,-45.53,58.35
189.45,-50.60,53.41
196.66,-51.76,54.38
197.14,-47.67,58.11
194.76,-45.90,56.88
189.33,-49.62,60.97
168.64,-48.16,51.70
145.75,-41.75,31.74
117.86,-30.09,22.09
88.01,-15.75,26.06
55.42,4.39,34.00
51.64,14.83,28.99
16.48,28.20,10.50
-10.93,40.47,12.21
-32.96,38.51,16.66
-51.57,37.35,5.31
-71.78,45.90,-16.85
-89.36,63.35,-47.36
-96.13,81.05,-79.04
-93.38,90.21,-103.82
-89.36,89.90,-123.23
-83.74,83.01,-143.01
-77.94,70.92,-163.33
-76.72,55.85,-179.38
-78.31,42.36,-189.03
-84.84,32.41,-192.38
-96.92,26.55,-190.55
-96.56,21.48,-182.43
-97.72,17.70,-166.93
-98.69,13.18,-145.75
-101.01,5.98,-124.27
-99.24,-4.82,-106.99
-93.63,-18.62,-94.73
-93.81,-32.53,-84.59
-97.53,-43.70,-73.12
-101.87,-51.33,-58.59
-105.71,-55.42,-42.60
-108.83,-56.46,-26.12
-109.44,-53.16,-10.62
-105.71,-44.01,4.03
-56.58,-21.06,13.24
-34.55,-0.49,30.03
-56.52,2.01,49.50
-56.15,-6.47,51.33
-24.78,-24.23,16.48
-4.76,-29.42,-2.38
-12.94,-11.41,5.13
-0.24,5.80,29.60
27.22,10.80,47.49
46.69,20.94,61.65
54.32,32.47,75.74
51.39,42.54,87.71
46.88,47.49,95.83
43.70,50.90,103.27
46.26,44.19,110.72
40.41,37.23,117.31
35.71,31.19,122.38
29.85,31.07,124.02
23.25,30.33,127.32
17.46,31.62,130.00
13.18,42.48,133.36
9.83,50.54,132.93
6.35,48.16,138.67
-0.49,50.35,135.07
0.31,46.20,128.91
5.07,44.07,122.31
2.81,37.23,110.60
-1.77,21.55,99.91
-12.33,15.69,87.83
-18.25,11.05,73.49
-26.98,3.36,34.18
-21.73,6.29,46.08
-28.75,25.88,114.93
-36.38,34.12,153.99
-28.75,30.94,155.46
-21.97,30.21,135.50
-17.46,24.23,115.48
-18.86,14.28,93.26
-17.40,8.06,65.43
-12.57,5.25,33.81
-18.19,4.27,25.02
-23.86,1.34,29.05
-30.40,5.19,44.25
-37.96,10.31,68.05
-45.10,16.17,86.55
-42.42,21.24,90.64
-34.00,19.29,84.23
-24.60,14.04,75.44
-19.71,5.62,70.25
-18.01,-1.46,64.64
-19.23,-6.41,60.49















-,-,-
-2.08,4.39,-5.86
0.79,6.04,-7.08
2.56,5.25,-7.32
2.99,3.42,-5.68
2.32,2.14,-4.64
1.28,1.59,-4.52
-0.37,1.89,-4.33
-1.95,2.62,-3.72
-2.93,3.85,-2.01
-3.54,5.49,0.55
-3.42,6.10,3.30
-3.66,5.49,5.80
-3.48,3.91,7.32
-2.56,2.99,7.08
-6.35,1.89,5.92
-7.75,1.16,6.29
-7.87,0.18,7.81
-4.76,-2.08,9.28
-1.95,-4.58,10.01
0.18,-6.71,11.11
2.01,-9.46,12.08
2.50,-11.60,11.54
3.66,-12.76,7.87
5.55,-13.85,0.61
5.92,-12.82,-0.85
4.70,-10.62,3.72
4.21,-9.70,5.74
6.41,-8.97,4.21
9.52,-8.30,2.87
12.08,-8.36,2.14
17.21,-11.66,2.14
25.94,-22.83,4.76
35.52,-31.01,8.97
47.12,-37.66,15.75
58.53,-44.98,25.27
73.24,-45.90,28.93
95.15,-54.57,33.14
115.72,-66.71,44.13
131.59,-76.72,50.48
141.42,-82.89,47.91
148.56,-87.22,45.41
154.17,-91.49,54.38
157.71,-94.30,65.43
157.17,-89.97,60.79
146.73,-80.69,44.92
128.30,-62.38,46.26
105.90,-40.16,51.03
82.70,-22.58,45.04
62.38,-3.60,25.45
42.30,14.04,13.49
23.93,25.82,3.42
7.39,29.54,0.31
-9.70,19.04,-2.56
-24.78,2.81,-8.18
-41.99,-1.53,-15.08
-62.38,11.90,-21.97
-84.53,35.46,-29.05
-107.97,63.29,-38.39
-127.69,87.95,-47.30
-142.64,103.70,-51.70
-149.90,112.43,-51.33
-151.86,115.97,-45.90
-149.54,113.71,-34.24
-142.40,104.43,-17.58
-127.32,89.29,0.98
-109.07,70.13,21.00
-92.47,46.94,42.18
-77.64,21.12,62.32
-63.29,-6.90,78.37
-48.58,-36.25,87.04
-26.55,-59.02,57.25
-7.14,-55.73,3.36
0.06,-20.32,-3.54
27.53,2.20,5.80
60.42,-3.60,27.16
91.19,-12.15,44.31
120.00,-10.38,54.26
141.54,-8.36,59.75
154.54,-18.92,66.77
165.53,-33.39,69.46
176.88,-44.98,67.08
183.53,-51.39,69.52
185.49,-51.64,71.29
183.47,-50.42,61.46
175.17,-42.91,54.20
156.98,-36.32,61.28
136.66,-27.28,59.94
116.52,-19.17,53.41
93.51,-6.47,44.31
67.50,6.16,36.87
41.32,15.08,25.88
18.19,25.63,13.31
1.53,23.93,10.44
-8.61,14.71,13.55
-16.72,6.96,15.38
-28.38,8.36,13.49
-43.88,20.87,-2.20
-55.36,39.43,-32.41
-58.17,52.25,-58.11
-60.61,60.73,-76.72
-61.10,67.14,-96.80
-55.85,67.50,-120.42
-49.80,62.93,-144.78
-48.89,57.13,-167.54
-50.23,51.76,-184.69
-52.73,46.26,-195.01
-58.23,39.55,-196.96
-74.58,30.70,-191.65
-87.04,18.80,-181.15
-90.39,5.55,-164.55
-98.94,-6.84,-143.31
-106.14,-21.18,-119.38
-113.95,-40.10,-96.07
-115.72,-60.30,-75.99
-116.15,-77.39,-59.20
-113.46,-89.36,-46.08
-106.87,-97.53,-33.39
-99.79,-101.81,-18.49
-90.76,-96.13,-1.59
-22.89,-62.13,6.16
-9.22,-28.38,8.18
11.60,-13.37,7.87
-7.02,-10.86,21.67
-12.21,-7.57,30.09
6.59,0.79,39.31
26.49,13.18,46.39
37.72,27.59,62.07
46.14,34.67,79.71
53.16,38.27,93.87
60.49,42.30,107.48
67.99,42.11,117.92
67.44,43.27,130.43
67.08,48.22,140.81
66.35,53.28,152.89
63.78,57.01,163.27
60.30,56.95,167.85
49.32,61.58,166.81
40.95,60.55,156.86
32.53,54.87,146.00
23.25,45.84,130.37
14.28,36.44,113.71
7.26,29.11,102.11
1.28,22.52,92.16
-2.75,16.11,80.57
-3.23,8.61,72.88
-1.34,5.55,65.92
-1.59,-0.24,23.80
7.14,-0.31,16.60
1.10,13.49,98.88
-10.31,22.52,141.30
-7.32,24.90,141.17
-6.04,19.84,128.54
-10.38,24.29,116.58
-13.49,11.90,94.91
-18.74,1.16,65.61
-22.89,-3.72,40.28
-26.61,-5.07,28.75
-29.72,-5.00,28.08
-29.42,-3.23,46.39
-29.54,-4.09,75.62
-31.92,6.10,92.53
-28.44,13.85,98.02
-29.60,7.45,104.00
-30.88,-5.00,100.77
-26.92,-13.12,89.36
-21.85,-15.38,74.04
-19.71,-9.46,55.24
-16.48,1.95,51.70
-16.72,-0.43,55.97
-14.40,3.05,58.17
-13.31,-0.73,55.85
-12.51,-5.25,45.96
-9.28,0.37,30.33
-8.73,6.10,16.54
-9.89,4.52,8.24
-5.98,5.49,0.00
-0.61,8.24,-6.71
2.69,11.35,-5.25
3.85,11.54,0.18















-,-,-
11.17,0.79,9.34
8.12,-0.06,8.00
5.62,-1.10,6.71
2.87,-2.44,5.49
0.79,-3.42,4.09
-0.55,-3.91,3.11
-1.10,-3.54,2.44
-1.10,-2.62,2.08
-1.04,-1.89,1.71
-2.56,-1.89,0.55
-5.37,-3.11,-2.32
-9.89,-4.70,-4.09
-13.67,-6.04,-4.52
-15.26,-6.77,-4.58
-15.69,-6.59,-4.21
-15.50,-5.62,-4.03
-15.44,-3.85,-4.09
-15.75,-1.77,-4.21
-17.40,0.37,-4.70
-19.35,2.50,-6.10
-19.65,5.37,-7.93
-18.86,11.23,-10.50
-17.03,19.10,-13.92
-12.63,27.71,-17.03
-10.80,36.87,-17.03
-13.00,42.42,-15.63
-15.32,43.21,-11.84
-16.72,40.95,-7.14
-15.81,33.39,-2.32
-13.55,24.90,2.38
-10.44,15.63,5.86
-6.29,8.97,8.79
-1.59,7.87,11.72
4.64,9.40,18.07
12.45,7.57,15.32
22.89,9.83,11.72
32.84,16.24,14.16
45.59,12.82,20.94
65.19,-8.00,32.65
82.82,-28.87,42.24
98.82,-38.27,48.58
118.10,-53.16,56.09
135.80,-70.25,57.98
149.60,-78.19,69.70
155.46,-78.98,88.13
163.09,-79.35,97.53
169.25,-81.30,93.69
168.70,-83.13,76.66
155.58,-74.77,62.26
139.16,-66.47,44.19
123.84,-61.46,38.82
105.71,-43.76,44.07
92.10,-29.17,50.05
78.86,-13.12,40.47
62.56,4.82,28.44
39.00,16.54,17.88
23.99,18.25,8.73
9.09,18.37,3.97
-0.92,8.24,1.16
-11.11,-2.62,-0.61
-23.68,-9.46,-3.78
-36.62,-10.74,-9.58
-49.56,-1.22,-17.58
-63.48,20.51,-27.34
-79.10,38.57,-38.27
-94.06,52.55,-47.79
-107.97,66.16,-53.83
-119.20,78.00,-58.17
-130.37,87.16,-62.13
-137.70,93.51,-66.16
-138.43,98.45,-69.15
-135.50,102.54,-67.63
-129.39,102.78,-59.39
-118.47,96.07,-44.19
-104.92,82.52,-23.32
-89.72,63.96,-0.18
-75.26,43.70,21.79
-62.93,23.74,39.61
-53.71,5.37,53.10
-47.00,-8.73,63.48
-39.49,-17.58,67.87
-22.95,-19.84,45.59
-9.46,-15.69,12.57
-4.94,-0.61,5.74
8.73,10.74,9.83
18.74,13.98,18.43
32.65,16.36,31.56
48.65,16.60,45.96
67.93,18.37,49.99
86.55,12.33,55.66
96.98,-1.46,60.67
106.38,-15.56,64.33
120.67,-24.35,64.27
138.06,-30.88,68.91
155.70,-38.33,76.97
169.13,-38.51,84.96
181.64,-37.78,87.71
194.15,-42.05,79.35
199.65,-50.78,73.00
196.41,-52.31,72.57
186.83,-51.09,74.77
172.91,-42.97,78.43
148.99,-32.84,77.64
121.28,-14.89,61.28
92.96,2.44,45.17
61.10,19.65,37.84
31.56,32.71,31.25
9.03,38.39,21.12
-1.04,27.53,14.89
-6.96,16.05,13.55
-15.14,12.08,9.58
-29.42,18.01,-7.63
-46.08,30.70,-43.95
-57.68,41.87,-79.35
-63.17,49.80,-108.40
-60.61,50.23,-133.97
-48.58,42.72,-157.53
-38.51,28.38,-177.00
-38.51,12.33,-191.16
-46.94,0.98,-200.56
-62.32,-3.54,-205.63
-84.96,-4.15,-206.97
-112.12,-5.00,-206.60
-126.46,-7.14,-203.92
-134.89,-13.06,-197.75
-142.76,-26.43,-186.10
-137.15,-43.21,-169.49
-131.23,-60.73,-148.01
-124.63,-76.23,-117.49
-117.55,-82.95,-77.39
-117.31,-81.54,-34.91
-106.75,-76.42,4.58
-38.51,-48.77,23.80
-4.94,-13.98,13.06
14.89,-4.09,5.68
-22.95,0.49,15.08
-29.66,4.58,20.45
-17.58,9.64,21.06
-0.85,21.24,23.38
12.94,29.36,33.39
18.07,32.65,55.11
24.84,35.58,68.54
33.69,45.29,77.70
47.91,47.85,85.75
49.13,45.96,94.36
43.09,50.54,102.17
39.43,59.75,111.94
41.56,68.36,122.19
42.18,76.42,133.85
46.14,74.04,139.47
42.42,71.90,140.99
36.50,75.13,133.24
30.09,72.27,132.81
23.38,57.68,129.94
11.96,52.43,126.83
9.34,44.80,117.92
5.19,33.02,106.38
-1.10,25.82,93.69
-4.33,12.57,86.79
-6.35,8.54,72.94
-9.28,6.41,62.50
-9.46,1.71,49.38
-18.25,-2.26,13.00
-19.29,0.37,-0.06
-26.67,13.67,69.52
-33.20,24.29,119.81
-26.55,24.35,127.56
-18.19,33.51,108.03
-12.76,24.60,91.74
-14.22,23.50,70.80
-16.11,14.53,54.20
-19.29,1.59,48.77
-23.13,-10.13,44.01
-24.05,-8.73,37.23
-23.19,-1.53,47.30
-29.60,0.12,70.62
-38.82,9.16,85.88
-40.10,10.93,93.63
-35.52,13.06,102.05















-,-,-
0.12,3.17,1.04
-0.92,3.48,0.85
-2.14,3.91,0.31
-3.05,4.64,0.18
-3.36,5.31,0.18
-3.97,6.10,0.31
-4.15,6.84,0.37
-3.54,7.45,0.55
-2.62,7.87,1.04
-0.92,7.14,1.65
-0.43,5.19,1.83
-0.85,2.69,1.59
-2.62,0.00,1.34
-4.15,-1.83,0.79
-4.82,-2.87,0.06
-5.80,-3.60,-0.24
-5.43,-4.03,-0.43
-4.88,-4.15,-0.12
-3.42,-3.60,0.18
-2.20,-3.05,0.85
-1.46,-2.56,1.40
-0.31,-2.20,1.71
0.61,-1.71,2.08
1.34,-1.22,2.14
2.08,-1.16,2.32
3.91,-1.16,2.44
6.41,-2.08,3.11
12.33,-6.41,5.37
20.69,-19.35,12.57
27.71,-34.48,22.77
37.48,-39.73,27.53
54.69,-49.26,38.02
68.73,-53.10,43.88
94.12,-57.31,52.37
117.68,-65.61,57.56
141.36,-76.84,69.09
154.54,-84.29,86.73
156.37,-84.11,100.52
152.40,-76.48,98.27
145.57,-71.72,80.14
140.50,-65.49,70.92
124.57,-49.80,72.51
104.25,-35.89,72.69
82.40,-26.92,57.31
58.04,-10.25,40.83
39.79,-1.16,17.27
29.72,9.77,7.14
14.16,22.22,3.36
4.33,14.95,0.73
-5.80,1.59,-1.59
-12.94,-9.89,-4.33
-21.91,-16.91,-8.18
-35.34,-19.41,-14.89
-49.19,-13.85,-22.95
-65.92,0.12,-32.96
-83.19,20.32,-41.56
-102.48,42.36,-48.71
-119.93,65.00,-55.36
-130.31,86.00,-59.75
-131.29,101.75,-60.49
-130.00,110.84,-56.21
-125.73,113.46,-46.57
-116.58,109.86,-33.20
-106.02,100.65,-17.58
-94.54,87.34,-1.95
-78.80,73.91,16.42
-64.15,55.48,34.36
-53.47,31.86,49.93
-43.46,6.53,57.86
-35.64,-11.11,39.06
-26.12,-16.97,4.94
-15.44,-11.84,-0.18
-1.34,3.23,4.21
15.63,16.30,9.77
40.65,23.68,20.45
66.04,24.05,36.87
88.13,19.10,54.14
110.84,10.99,68.48
130.31,-7.45,80.14
145.63,-25.63,85.69
159.97,-38.39,85.94
177.67,-49.26,82.70
195.31,-60.55,80.51
205.20,-69.89,83.62
208.31,-62.62,86.73
210.14,-57.80,90.76
202.51,-56.52,92.59
183.35,-49.68,87.46
155.46,-36.13,78.25
125.49,-15.99,57.19
96.07,1.77,38.39
69.76,15.01,24.96
46.81,20.45,17.46
29.79,28.32,14.40
17.76,18.07,12.76
9.58,10.74,9.95
2.81,2.75,10.07
-3.17,-1.65,12.15
-7.14,0.31,15.14
-11.35,8.85,13.55
-16.91,24.78,-8.00
-19.96,38.76,-46.57
-23.32,46.51,-78.06
-28.75,50.84,-101.68
-36.99,51.33,-123.41
-44.37,49.99,-142.03
-52.49,49.13,-155.82
-61.46,48.65,-161.62
-71.41,47.91,-158.94
-87.95,46.94,-151.18
-88.26,42.11,-143.55
-89.54,32.71,-135.56
-90.15,18.25,-127.93
-93.20,0.31,-120.67
-98.82,-20.32,-117.86
-100.59,-43.76,-118.65
-106.26,-65.31,-117.74
-114.56,-76.11,-111.15
-119.02,-73.79,-98.51
-117.86,-65.19,-80.51
-108.40,-56.76,-58.41
-99.30,-51.21,-33.63
-91.19,-48.77,-9.03
-59.75,-43.27,6.16
-9.09,-25.51,16.11
-18.86,-22.83,40.65
-21.00,-22.34,24.29
22.28,-24.96,7.93
-2.14,-21.18,16.97
-1.46,-25.21,29.30
26.86,-36.62,50.48
43.40,-24.48,70.62
49.01,-2.99,86.30
56.21,11.11,99.67
64.82,15.32,117.49
62.19,29.60,129.27
63.11,40.16,139.71
60.91,44.37,150.51
55.97,60.67,157.04
61.77,70.80,159.73
63.29,72.63,166.14
54.50,74.77,170.41
47.79,66.89,168.40
38.94,52.37,155.82
27.71,30.76,141.05
17.21,8.36,121.83
1.40,5.43,107.36
-3.54,1.10,93.08
-10.31,2.08,82.15
-15.93,11.96,74.58
-19.59,8.42,58.84
-23.86,3.11,33.39
-31.19,2.87,7.26
-28.08,-1.53,-3.97
-21.30,20.14,71.53
-23.13,45.10,120.00
-16.54,50.17,120.54
-13.24,50.42,107.48
-16.42,39.73,103.82
-24.17,25.51,85.14
-25.51,8.79,54.14
-23.25,-8.48,34.42
-23.32,-10.25,33.14
-20.02,-5.49,42.18
-17.33,-10.68,66.35
-18.74,-6.77,87.10
-18.80,4.76,92.53
-16.66,1.40,88.26
-15.08,-5.86,78.43
-11.41,-2.50,81.24
-11.41,7.75,84.84
-11.78,11.54,83.19
-14.10,4.46,82.15
-14.04,5.31,76.35
-11.11,-0.37,72.69
-9.58,0.79,65.43
-5.43,-3.85,59.69
-3.97,-5.37,53.77
-3.54,-7.02,44.68















-,-,-
6.59,1.46,2.14
6.84,0.67,2.26
7.57,-1.95,3.48
9.22,-9.64,6.77
9.70,-11.47,8.91
11.78,-6.65,8.73
14.95,-2.87,7.14
19.10,-6.71,10.68
18.55,-7.87,15.69
17.40,-4.09,13.67
17.21,-3.85,10.93
14.89,-1.77,8.36
13.73,1.22,6.47
13.61,3.72,6.41
17.58,-2.81,9.22
22.52,-11.96,11.41
25.76,-14.77,13.06
25.15,-11.41,10.93
25.70,-16.05,10.31
24.05,-17.76,12.88
21.42,-9.52,13.55
19.53,-6.04,10.19
19.04,-5.62,11.11
20.63,-11.05,14.16
23.62,-12.39,14.47
32.35,-17.21,15.26
45.78,-15.01,19.59
63.23,-13.43,27.77
81.85,-25.39,38.70
96.25,-33.08,48.89
105.10,-40.22,53.65
111.15,-56.21,51.33
116.76,-62.68,51.70
122.86,-59.75,50.05
123.66,-58.59,48.77
120.12,-59.88,41.50
109.80,-55.79,41.69
96.44,-47.97,38.82
84.05,-36.07,28.63
72.88,-26.06,18.01
62.01,-17.88,22.03
53.28,-4.58,20.87
47.85,-4.58,16.85
40.10,-0.18,11.17
33.08,-4.39,9.09
15.08,2.14,3.42
-2.14,6.04,-4.70
-23.93,1.83,-11.66
-45.53,-1.46,-13.55
-62.19,4.46,-4.88
-76.23,27.77,4.09
-87.22,50.29,-3.54
-98.27,72.69,-21.12
-110.35,95.15,-37.23
-124.15,111.08,-46.02
-137.45,119.02,-45.84
-145.02,123.78,-38.39
-145.81,126.22,-25.76
-140.50,124.33,-11.05
-132.20,117.61,3.54
-123.29,105.65,18.37
-113.46,88.62,32.96
-104.98,67.93,48.16
-95.89,44.49,62.99
-85.02,20.20,76.60
-71.78,-2.93,88.81
-58.23,-23.32,99.67
-42.24,-38.82,96.19
-18.31,-49.01,53.41
-15.87,-37.41,8.24
3.91,-9.09,-2.87
29.48,8.67,6.90
48.71,9.58,34.42
73.85,1.46,58.47
100.40,-6.71,65.00
120.06,-2.69,65.55
130.74,-6.59,62.32
139.95,-16.42,65.98
148.25,-27.22,70.68
163.33,-37.54,74.46
183.23,-36.19,83.56
204.83,-33.75,88.38
232.97,-31.98,93.57
254.70,-39.12,103.21
260.31,-37.35,105.71
254.76,-44.13,103.94
235.84,-37.72,93.38
204.59,-35.34,83.56
171.87,-27.28,75.20
143.49,-8.79,69.40
128.17,-4.03,63.72
112.61,5.74,53.41
95.95,15.38,38.15
65.98,11.78,26.86
38.51,3.36,17.76
15.14,1.71,12.76
0.73,9.95,12.70
-13.98,18.62,15.08
-27.65,33.87,3.17
-48.46,53.71,-26.12
-64.94,75.01,-63.35
-69.15,95.95,-97.29
-62.81,114.01,-123.11
-50.78,123.96,-142.64
-38.15,124.69,-163.45
-29.91,115.91,-187.01
-27.89,97.66,-210.21
-33.94,70.31,-230.47
-45.90,37.41,-244.45
-63.35,5.92,-248.72
-84.35,-19.10,-242.31
-104.55,-35.03,-227.48
-125.18,-42.66,-205.51
-147.40,-48.83,-178.28
-148.56,-59.14,-148.38
-148.01,-66.71,-121.09
-139.71,-71.84,-99.43
-126.28,-79.83,-81.30
-119.45,-89.17,-61.04
-114.07,-94.30,-38.15
-106.69,-93.93,-13.24
-97.66,-86.55,10.38
-59.33,-68.24,28.50
21.61,-29.97,37.54
13.61,-12.02,53.41
45.72,-4.27,35.03
30.58,-7.20,33.75
17.58,-5.55,38.76
34.67,-12.70,60.49
37.96,-11.54,77.03
38.21,-3.36,90.88
47.36,-0.61,98.14
51.88,-3.11,97.90
46.14,-8.79,103.27
38.94,-6.96,102.66
34.91,-0.98,98.39
31.25,14.83,94.18
34.61,23.93,94.67
33.69,31.80,98.27
31.43,40.77,103.09
30.82,39.31,109.07
21.48,35.46,109.99
12.27,30.76,100.71
5.49,32.29,89.78
1.59,24.66,77.45
-4.15,17.58,74.52
-9.40,20.14,72.57
-11.41,19.35,74.40
-11.54,21.42,80.81
-8.97,20.08,88.56
-9.89,17.88,73.91
-8.00,9.95,57.13
-17.15,3.97,9.89
-14.16,-3.60,-29.97
-14.47,-6.35,42.11
-23.13,-3.72,110.53
-19.41,10.13,120.30
-14.40,20.94,102.66
-13.06,25.39,91.92
-17.40,20.26,83.31
-21.91,11.35,71.72
-24.72,8.30,55.91
-26.37,-2.20,46.33
-26.00,-4.33,31.68
-24.60,2.62,20.51
-26.55,-3.91,23.68
-24.11,1.53,34.06
-15.93,9.58,52.43
-10.68,17.21,71.41
-4.82,17.58,84.17
-1.22,22.71,86.12
-2.69,20.94,82.28
-9.70,-0.73,77.88
-11.35,-14.95,57.19
-8.85,-10.38,36.07
-13.00,-7.08,33.57
-17.46,-7.02,42.79
-15.93,-5.00,49.80
-13.18,-6.90,43.27















-,-,-
0.24,0.00,0.00
0.06,0.12,-0.06
0.00,0.12,-0.12
-0.06,0.37,0.00
0.24,0.37,0.61
0.92,0.55,1.16
1.10,0.61,1.40
0.92,0.31,1.53
0.98,0.43,1.71
0.98,0.67,1.89
1.16,1.04,1.89
1.65,1.65,1.77
2.14,2.01,1.83
2.56,1.95,1.65
2.38,1.65,1.59
2.01,1.34,1.65
1.59,0.73,1.53
1.28,0.12,1.40
1.28,0.18,1.10
1.22,0.55,1.04
1.40,1.10,0.92
1.83,1.46,0.98
2.26,1.77,1.22
2.69,1.89,1.22
2.87,1.59,1.22
2.87,1.40,1.16
2.81,1.59,1.28
2.69,1.59,1.53
5.13,0.12,2.99
8.24,-5.43,8.24
15.14,-17.64,17.58
27.71,-32.10,24.84
42.18,-45.59,29.36
62.74,-57.80,35.95
81.91,-76.05,47.12
97.23,-77.64,57.19
108.03,-78.06,64.33
122.13,-78.12,75.93
132.69,-74.04,90.15
145.81,-80.63,93.75
151.31,-85.45,90.03
146.12,-71.66,94.12
131.47,-55.18,90.82
120.91,-40.47,76.29
110.17,-31.37,63.29
96.74,-17.70,52.98
86.24,-3.48,42.60
79.16,-2.62,33.87
67.32,-0.79,29.60
54.81,-5.49,21.55
43.88,-13.61,13.67
24.84,-3.30,8.42
12.63,9.28,2.81
2.93,2.32,-1.34
-11.54,-5.86,-4.70
-24.29,-12.88,-8.85
-36.01,-11.78,-6.35
-46.57,1.71,11.17
-59.69,25.88,23.19
-73.12,55.24,14.04
-86.36,88.01,-5.74
-99.98,119.45,-23.25
-120.06,141.42,-35.64
-132.93,151.31,-40.59
-135.62,153.69,-37.54
-129.58,152.53,-25.82
-119.57,145.87,-9.03
-107.97,132.45,9.89
-97.11,114.87,28.44
-84.53,94.97,42.42
-72.20,73.30,53.28
-66.53,52.06,61.04
-57.68,33.63,65.19
-49.56,19.47,67.26
-38.27,9.83,69.64
-30.21,1.53,66.65
-23.07,-8.67,41.44
-14.28,-17.46,9.22
-3.60,-11.17,1.71
4.46,1.16,-0.67
16.05,7.32,3.48
33.08,6.10,13.61
49.99,2.20,22.95
62.38,4.03,30.88
76.42,0.79,37.84
88.50,-11.60,49.68
100.34,-25.33,60.85
117.98,-36.56,69.82
139.83,-44.98,80.93
157.35,-49.44,89.29
176.82,-52.80,99.06
197.08,-56.09,114.62
222.90,-70.07,135.38
241.82,-73.06,155.27
257.26,-73.24,164.00
256.41,-67.99,159.00
241.58,-57.80,142.58
214.17,-38.51,124.45
183.29,-22.22,101.62
147.58,-2.14,75.32
108.89,12.27,55.66
78.92,21.42,38.21
47.55,26.73,21.73
18.55,24.54,8.18
0.61,17.40,1.28
-10.38,11.90,-2.01
-22.77,13.98,-12.76
-37.90,25.88,-39.25
-50.96,41.75,-73.12
-60.18,61.34,-107.54
-57.37,78.31,-143.37
-48.10,87.40,-180.18
-41.69,86.85,-217.41
-44.07,77.03,-252.38
-54.69,59.69,-279.72
-69.46,37.96,-293.76
-86.55,13.73,-292.79
-109.56,-9.58,-281.92
-120.54,-30.88,-265.44
-133.97,-49.19,-245.24
-147.64,-68.18,-221.01
-152.04,-88.56,-191.96
-157.84,-103.82,-157.71
-169.37,-115.78,-125.73
-172.18,-123.60,-95.89
-166.26,-123.54,-67.32
-158.45,-115.91,-43.58
-85.69,-83.98,-36.38
-36.13,-33.14,-27.77
-52.61,-8.91,8.67
-64.76,-1.83,32.10
-36.07,-8.12,26.43
-9.64,-10.01,24.29
-24.72,-4.70,20.26
-24.72,-0.98,19.84
-11.72,5.86,25.45
5.43,16.11,36.19
13.12,26.86,48.16
25.57,34.30,63.96
43.58,42.79,75.74
57.80,48.10,93.63
66.16,47.42,105.71
66.16,52.37,121.89
61.28,60.06,130.80
57.25,66.35,144.35
57.13,66.35,158.57
49.87,69.21,165.71
39.92,75.13,169.01
36.44,75.50,166.81
30.09,74.52,161.74
23.19,67.57,150.57
17.33,57.50,139.04
8.18,44.07,130.00
3.17,31.86,112.49
4.15,21.67,103.03
-6.23,13.06,57.68
6.77,7.51,61.22
5.31,22.34,123.05
-9.28,27.71,159.06
1.77,33.75,168.46
7.02,34.18,162.78
2.38,26.00,150.94
-5.86,20.69,136.78
-13.92,18.55,116.58
-16.66,12.51,93.02
-16.05,5.74,76.48
-13.98,-6.96,81.85
-18.25,-5.00,88.50
-13.79,-2.50,102.54
-10.13,-1.59,115.48
-6.23,-5.80,121.15
-5.31,-4.58,116.09
-4.88,-7.51,103.88
-5.98,-13.49,83.44
-7.51,-10.25,66.41
-8.30,-10.38,54.20
-9.52,-9.16,49.01
-10.31,-4.88,53.59
-11.29,-4.46,57.43















-,-,-
9.22,0.85,3.85
8.48,2.50,4.76
7.51,4.82,3.66
8.00,7.20,1.95
9.77,9.16,1.04
11.17,10.38,0.12
11.41,10.07,-0.73
10.13,9.28,-1.95
8.42,7.63,-2.69
6.04,5.31,-2.99
4.21,4.21,-3.36
3.11,3.91,-3.60
3.23,3.54,-2.99
3.54,2.32,-1.83
3.23,0.55,-1.34
1.83,-0.24,-1.34
-0.43,0.06,-1.77
-2.08,1.16,-2.99
-2.69,1.16,-4.03
-3.72,0.06,-5.25
-4.88,-1.10,-6.53
-5.49,-0.98,-7.26
-6.71,-0.67,-8.12
-9.09,-0.18,-9.52
-11.66,0.00,-12.45
-12.57,0.55,-16.36
-11.84,1.40,-19.53
-10.56,2.56,-21.00
-8.54,3.11,-19.71
-7.45,3.60,-16.05
-8.79,3.60,-12.82
-10.56,2.93,-12.57
-14.22,0.85,-14.95
-17.64,-1.77,-17.64
-19.29,-3.91,-17.82
-20.63,-5.80,-13.67
-22.09,-8.06,-5.98
-25.88,-11.23,1.89
-31.13,-14.53,7.93
-36.99,-18.80,11.41
-41.38,-25.82,14.71
-44.07,-35.40,20.32
-45.17,-45.23,29.48
-46.63,-52.55,39.31
-46.51,-57.62,44.07
-35.64,-64.58,44.37
-28.20,-60.85,25.27
5.31,-56.40,-7.32
13.12,-47.36,-9.64
18.74,-32.35,2.81
32.47,-18.62,16.24
62.32,-13.73,25.51
80.81,-15.93,29.24
92.65,-23.68,35.58
102.42,-35.83,35.10
116.82,-41.14,37.05
131.10,-42.66,43.03
137.70,-42.85,45.17
145.08,-44.98,46.20
153.69,-51.39,52.80
145.08,-45.23,52.98
128.17,-30.82,50.42
111.21,-11.84,45.23
94.12,-0.49,40.65
76.78,3.42,36.19
57.50,8.48,34.42
38.09,11.60,26.43
22.03,9.89,16.36
8.54,8.30,12.02
-6.29,3.42,4.76
-15.01,-5.07,-1.77
-21.12,-7.81,-4.58
-25.33,-4.88,-6.71
-29.24,2.01,-10.13
-34.48,15.32,-15.93
-37.54,33.45,-17.40
-43.58,48.83,-14.40
-49.19,70.43,-19.17
-52.31,93.44,-30.15
-52.92,109.19,-38.45
-56.52,112.49,-40.34
-61.40,104.13,-36.38
-64.45,87.34,-27.77
-67.08,67.32,-14.89
-70.19,48.52,0.49
-70.80,31.31,17.64
-65.67,14.65,35.83
-60.18,-0.61,52.73
-57.68,-16.24,66.28
-58.11,-33.94,76.11
-57.56,-48.71,79.04
-57.37,-59.75,69.64
-47.91,-52.86,19.17
-18.43,-29.85,-18.01
17.33,-18.01,-12.02
31.56,-18.37,15.75
55.24,-6.77,33.14
88.87,-6.10,37.54
120.42,-18.62,48.28
141.48,-39.49,61.46
154.36,-48.22,65.06
166.50,-48.77,67.20
172.97,-43.27,68.24
172.73,-39.92,73.67
159.73,-31.98,72.33
138.37,-22.40,63.84
106.45,-10.19,52.43
71.11,-0.06,39.86
38.09,10.93,26.37
14.28,13.06,14.53
-1.77,13.67,7.63
-11.66,6.10,1.34
-18.07,-2.44,-3.97
-23.56,-8.54,-5.98
-29.11,-5.86,-8.97
-40.77,7.51,-21.85
-52.86,18.86,-53.83
-60.67,25.57,-83.80
-72.45,34.36,-106.69
-80.44,47.06,-124.82
-79.04,57.19,-141.78
-67.50,58.53,-154.48
-51.76,50.23,-149.41
-36.07,35.52,-123.29
-24.48,19.10,-86.55
-15.93,4.88,-51.82
-9.40,-6.90,-28.56
-6.23,-20.26,-18.01
-4.94,-36.38,-14.16
-4.94,-54.93,-8.79
-6.16,-71.59,4.15
-6.96,-81.54,26.61
-12.27,-74.34,38.64
1.77,-33.14,12.15
19.84,-29.05,2.50
28.26,-30.09,-1.59
5.31,-24.48,5.37
-4.88,-20.14,2.87
-2.99,-17.33,-4.39
-6.29,-16.48,-7.51
-16.30,-17.58,-7.63
-25.51,-19.96,-7.45
-28.38,-20.87,-4.58
-19.78,-17.94,12.57
-10.99,-11.41,42.42
-5.19,7.14,63.72
10.44,27.04,92.29
20.81,30.64,115.72
30.52,40.04,147.22
35.71,55.42,168.88
38.45,60.49,192.81
32.71,64.51,204.53
32.29,65.12,220.03
24.60,55.97,228.58
16.42,45.47,225.89
7.75,27.53,218.99
0.55,16.30,206.12
-7.32,4.64,183.53
-10.01,-3.11,163.94
-4.76,-11.47,160.28
-9.70,-15.14,150.09
-10.07,-21.06,133.67
-10.50,-28.69,117.07
-10.19,-25.21,102.23
-10.38,-19.71,94.24
-5.98,-21.06,102.42
-9.64,-22.71,100.16
-2.81,-24.60,90.52
-10.62,-21.55,68.30
-7.81,-18.98,43.76
1.46,-16.42,45.72
-3.54,-14.04,48.03
-8.61,-11.47,35.46
-4.46,-8.30,17.88
-1.28,-5.31,12.63
-0.92,-1.77,7.75
1.10,1.65,5.25
1.53,2.26,4.27
0.98,1.95,3.60
0.79,0.61,1.89
















-,-,-
1.89,2.26,0.85
2.62,1.95,0.37
2.87,1.53,0.61
2.99,1.10,1.16
2.87,0.49,1.95
2.81,-0.06,2.56
2.81,-0.67,2.93
2.26,-1.22,2.99
2.01,-1.16,2.81
1.95,-0.61,2.50
1.71,-0.12,2.38
1.46,0.37,2.44
1.28,0.43,2.26
0.92,0.49,1.71
0.55,0.49,0.85
0.24,0.98,0.12
0.06,1.77,-0.18
-0.12,2.44,-0.31
0.06,2.75,-0.73
0.00,2.93,-1.22
-0.43,3.05,-1.40
-1.22,3.42,-1.28
-2.14,3.72,-1.22
-2.75,3.66,-1.34
-3.11,4.03,-1.53
-3.48,4.03,-1.22
-3.97,4.52,-0.85
-4.09,4.39,-0.24
-5.07,3.36,0.85
-6.35,2.44,1.40
-7.93,0.43,1.89
-8.61,-3.91,3.05
-9.09,-12.15,5.25
-9.95,-23.80,7.81
-9.70,-38.33,12.82
-11.29,-54.38,21.55
-13.67,-67.26,30.70
-14.47,-75.68,37.29
-11.17,-68.42,23.93
12.45,-51.33,-1.77
35.58,-40.22,-4.58
55.30,-28.26,7.81
65.06,-19.47,26.18
94.42,-24.54,35.58
124.15,-26.55,37.78
144.96,-37.60,45.10
155.33,-50.90,51.51
158.45,-55.60,49.32
161.99,-60.12,49.32
154.85,-64.27,44.31
149.78,-60.18,38.64
140.75,-52.31,26.73
132.45,-49.07,23.99
104.13,-36.13,25.51
68.48,-16.85,15.75
42.60,-2.93,5.68
19.04,5.62,6.96
1.77,1.16,4.58
-10.93,0.31,-6.53
-20.69,8.97,-14.28
-26.18,0.67,-16.91
-35.10,-9.03,-18.31
-44.01,-12.45,-18.98
-52.49,-8.73,-23.68
-65.55,8.48,-27.28
-74.22,33.20,-24.60
-77.94,51.33,-13.06
-88.32,66.89,-1.16
-99.30,77.82,0.49
-104.37,83.19,-7.63
-104.80,83.68,-19.23
-100.52,79.53,-26.18
-91.49,71.17,-23.74
-79.77,61.28,-12.39
-72.14,50.96,5.86
-63.90,38.57,28.69
-52.43,22.16,51.51
-39.25,-0.55,71.17
-28.69,-29.66,87.89
-29.85,-55.60,87.52
-44.37,-51.45,30.09
-18.62,-36.99,-5.00
46.57,-16.24,-10.31
53.41,0.12,9.34
60.91,9.03,29.54
90.09,17.21,43.88
121.77,13.73,46.26
141.36,-1.04,47.42
154.36,-21.42,55.79
154.79,-34.55,54.38
151.92,-39.86,41.26
147.77,-41.56,38.21
136.84,-31.19,39.43
118.35,-23.56,44.37
89.78,-10.13,45.29
64.15,-2.99,37.17
37.90,-0.24,25.45
17.52,1.34,15.63
7.08,-1.89,11.23
-5.55,4.64,3.60
-15.08,11.96,-3.72
-22.16,6.41,-6.04
-26.12,0.85,-7.45
-31.74,1.77,-10.62
-40.16,11.90,-17.94
-54.02,30.33,-36.25
-66.59,44.86,-70.13
-68.12,46.02,-98.39
-72.02,39.18,-114.26
-74.52,36.93,-129.58
-72.08,37.78,-150.63
-69.64,38.27,-174.13
-67.44,37.05,-191.89
-64.76,33.02,-197.45
-56.82,24.84,-186.58
-49.87,10.50,-160.40
-47.85,-7.75,-126.46
-48.58,-25.94,-94.18
-48.52,-42.97,-67.63
-45.59,-61.46,-44.31
-44.56,-79.41,-23.38
-45.41,-92.71,-3.30
-44.68,-97.05,17.21
-50.54,-87.77,28.20
-32.35,-42.30,-1.22
-14.40,-33.02,-2.99
-8.18,-40.95,-0.79
-16.78,-42.48,4.76
-17.21,-36.68,2.87
-17.15,-30.27,-3.60
-19.65,-23.99,-5.92
-19.35,-16.78,-2.87
-24.96,-11.41,-0.67
-24.35,-7.81,5.55
-4.15,2.14,36.56
12.82,20.75,73.49
22.89,29.91,97.17
29.97,36.74,108.58
36.07,45.23,121.64
32.10,48.28,126.59
27.40,49.87,131.96
25.39,54.99,141.54
25.76,55.79,149.29
26.61,53.65,167.11
28.81,56.09,183.72
35.34,50.05,205.99
36.87,47.49,221.19
35.58,43.76,228.03
33.87,38.94,236.94
22.89,32.17,230.77
15.44,20.45,215.09
2.01,13.73,184.39
1.65,8.30,160.64
-6.53,-1.40,141.05
-3.05,-9.83,133.24
-7.14,-11.47,128.48
-5.55,-17.46,122.19
-6.53,-18.31,115.11
-5.62,-19.10,104.25
-4.64,-16.85,88.20
-8.12,-18.80,68.48
-2.62,-18.98,57.07
3.17,-13.49,56.95
-3.54,-12.51,50.17
-5.55,-7.26,30.52
-2.44,-5.86,10.31
-0.37,-4.27,-0.24
0.61,-1.83,-3.66
0.92,0.73,-2.93
1.89,3.23,-1.77
1.77,4.15,-1.04
0.73,3.72,-0.24
-0.12,2.50,0.12
-0.92,1.22,0.73
-1.34,0.37,1.34
-1.22,0.31,2.01
-1.16,1.22,1.34
-0.06,2.69,-0.67
0.67,3.17,-2.20
1.10,3.78,-2.81
















-,-,-
-1.10,-0.92,2.81
-2.87,0.73,2.26
-2.69,1.77,1.71
-1.77,1.34,0.98
-1.16,0.37,0.61
-1.65,-0.12,0.98
-1.77,0.61,1.59
-1.89,1.65,2.26
-1.89,2.08,2.87
-1.34,1.10,3.23
-1.10,-0.49,3.60
-1.16,-1.40,3.78
-1.04,-1.77,3.97
-1.34,-1.40,4.33
-2.14,-1.16,4.58
-2.50,-0.79,4.58
-2.75,-0.79,4.39
-2.56,-1.16,3.97
-2.08,-1.28,3.91
-1.46,-0.67,4.39
-1.28,0.55,4.82
-0.92,1.46,5.00
-0.31,1.28,4.64
0.24,0.43,3.97
0.92,-0.18,3.23
1.04,-0.37,2.93
0.92,-0.24,3.11
1.10,1.16,3.78
0.49,1.89,4.64
0.61,-1.53,5.80
1.16,-11.54,8.36
1.53,-25.76,12.88
-0.49,-37.17,18.86
-2.44,-35.71,18.68
-2.62,-26.92,11.05
0.37,-23.86,5.80
4.21,-21.67,4.46
12.76,-15.93,6.65
26.37,-7.57,10.25
49.74,-6.53,17.88
74.71,-19.23,29.05
98.94,-36.01,38.64
115.66,-49.01,32.17
127.01,-51.21,24.96
127.50,-54.44,14.04
137.51,-53.10,20.39
135.62,-50.66,29.42
129.64,-48.71,26.37
120.91,-39.86,23.62
101.44,-32.04,21.79
81.91,-15.87,19.04
62.81,1.59,20.26
39.49,5.80,11.05
28.99,6.10,8.42
7.39,8.12,8.36
-4.64,4.58,0.00
-9.09,-3.36,-5.37
-13.00,-9.70,-8.12
-17.58,-12.57,-10.31
-24.48,-13.00,-13.18
-35.46,-10.38,-17.76
-47.67,-3.36,-26.61
-56.64,11.78,-33.02
-59.20,30.94,-25.51
-62.74,46.51,-12.45
-69.64,60.79,-11.72
-66.04,70.98,-22.09
-60.97,73.12,-32.96
-55.30,66.65,-34.48
-46.63,55.42,-25.70
-40.16,42.60,-9.83
-36.38,31.01,9.28
-32.59,21.42,29.11
-33.08,14.59,46.75
-30.82,8.67,61.89
-24.72,0.18,74.52
-20.02,-15.75,84.96
-17.15,-39.92,93.26
-18.62,-63.54,96.19
-33.69,-65.19,65.49
-50.11,-60.12,24.60
-11.78,-50.84,2.32
19.90,-39.12,2.99
30.46,-23.50,16.36
40.89,0.12,26.73
62.50,25.02,34.30
88.93,31.13,37.84
110.96,23.74,44.19
122.74,-3.78,41.56
131.65,-27.28,28.63
138.49,-41.38,14.22
142.03,-40.41,3.60
141.42,-32.65,7.45
133.30,-23.50,17.94
125.61,-13.12,27.40
108.89,0.00,31.43
84.29,13.79,28.99
60.18,21.12,26.92
32.29,13.79,16.05
12.94,9.95,6.47
3.17,9.28,3.66
-8.79,9.22,0.61
-15.38,-0.43,-3.05
-21.00,-5.55,-4.70
-28.38,-3.05,-5.37
-39.55,12.88,-10.62
-53.04,39.18,-23.86
-66.16,60.06,-51.45
-70.92,65.31,-81.12
-74.71,51.94,-102.60
-80.93,31.86,-120.18
-86.36,14.89,-136.60
-86.79,5.13,-153.99
-85.14,2.44,-168.95
-77.58,3.72,-176.70
-66.53,7.02,-174.50
-56.15,10.93,-157.53
-49.38,13.12,-129.21
-47.55,10.93,-98.69
-44.92,3.54,-73.79
-40.16,-6.59,-56.64
-34.30,-16.36,-44.98
-30.09,-25.27,-33.08
-26.61,-32.59,-17.76
-23.56,-37.90,0.61
-21.97,-41.63,22.16
-22.09,-44.25,44.07
-30.09,-40.41,51.09
-27.04,-23.19,21.30
2.08,-20.20,5.92
10.68,-18.37,0.43
7.39,-18.07,5.19
-4.58,-19.04,8.00
-6.35,-18.86,3.05
-4.03,-17.58,-3.11
-5.86,-15.99,-4.58
-7.63,-13.61,-3.05
-10.62,-10.68,0.31
-10.01,-7.39,6.71
-3.66,-2.50,16.48
5.74,2.38,30.58
11.60,3.36,44.43
15.26,13.06,55.91
17.03,13.37,63.60
17.52,16.42,69.58
20.32,13.73,82.82
15.81,15.44,86.98
16.91,16.11,88.50
20.08,17.21,98.27
21.12,22.16,108.58
25.94,23.01,120.00
29.42,30.52,127.38
32.35,19.90,136.41
28.69,4.21,130.37
28.44,16.72,121.64
30.15,8.61,118.29
23.93,3.48,112.98
21.73,6.23,118.04
20.39,8.73,113.46
24.41,1.22,110.17
23.25,-3.91,114.56
24.84,-8.12,123.54
27.71,-2.20,138.55
24.23,2.26,145.02
24.35,-3.30,149.05
10.62,-14.95,136.78
9.77,-12.82,118.35
15.87,-6.90,110.11
13.12,-9.64,109.68
18.49,-12.39,118.23
19.29,-12.08,120.67
20.08,-19.41,118.77
12.88,-25.45,107.79
9.95,-20.63,96.07
7.69,-17.15,90.82
8.79,-16.72,93.26
9.52,-16.48,94.67
11.11,-24.66,95.64
13.18,-34.73,96.98
15.08,-35.28,97.78
















-,-,-
-1.53,3.48,-3.36
-0.06,3.23,-2.93
1.10,1.95,-1.71
0.98,0.85,-0.61
0.98,0.98,-0.31
0.79,1.46,-0.67
0.31,2.08,-1.34
-0.06,2.26,-1.65
-1.28,2.56,-1.83
-2.50,2.87,-1.83
-3.42,3.05,-1.77
-4.39,3.05,-1.89
-5.00,2.87,-2.08
-5.74,2.87,-2.38
-6.59,2.75,-2.50
-7.20,2.69,-2.69
-7.75,2.14,-3.05
-8.42,1.40,-2.81
-9.16,0.00,-2.20
-9.83,-1.59,-1.28
-10.01,-3.54,-0.37
-9.46,-5.92,0.92
-9.40,-8.48,2.08
-9.28,-11.60,3.30
-9.89,-15.93,5.07
-10.74,-21.73,7.63
-12.70,-28.26,11.54
-15.50,-35.89,15.38
-18.62,-44.07,16.72
-21.97,-52.31,15.93
-26.49,-56.70,9.52
-19.65,-43.33,-16.48
-8.97,-43.03,-15.38
1.59,-44.13,-4.64
5.62,-40.04,1.28
16.11,-31.62,2.69
31.19,-22.46,4.76
47.79,-14.59,9.52
65.73,-13.37,16.66
84.41,-35.58,24.96
99.00,-56.64,29.72
114.69,-68.54,35.16
128.97,-73.91,44.92
140.93,-81.12,49.68
153.81,-82.89,53.41
159.24,-80.14,51.82
161.74,-80.87,52.92
154.05,-77.88,54.38
142.64,-66.47,51.15
124.63,-52.86,56.40
100.71,-44.62,58.90
80.51,-23.25,43.46
65.12,-3.42,34.91
51.21,15.32,32.17
39.37,20.87,28.99
26.18,22.64,23.74
11.05,30.88,14.53
-7.08,26.37,3.48
-23.01,11.72,-4.52
-35.52,0.12,-10.86
-45.47,-4.15,-16.78
-55.36,-3.05,-23.50
-65.31,13.43,-27.28
-76.42,40.71,-24.29
-87.59,72.14,-26.49
-94.73,104.98,-37.72
-95.15,130.98,-51.51
-92.35,143.43,-59.27
-89.84,142.21,-57.50
-88.68,131.23,-47.49
-86.30,112.92,-34.73
-84.59,88.13,-21.24
-80.75,58.59,-5.07
-73.55,26.49,15.99
-65.98,-4.76,40.89
-59.08,-30.70,67.50
-53.16,-52.19,93.26
-49.56,-73.12,116.39
-42.11,-92.96,131.90
-43.33,-97.29,100.34
-22.09,-65.31,12.02
11.72,-33.69,-10.74
69.34,-13.98,2.26
66.71,-13.98,28.81
74.65,-9.89,44.56
94.60,8.06,43.40
119.63,19.29,39.31
137.39,-2.44,47.67
143.43,-28.44,55.60
147.03,-37.72,62.13
148.07,-50.60,57.07
145.69,-53.10,46.75
127.93,-43.52,36.13
107.73,-31.92,28.44
79.35,-19.10,31.13
59.27,-6.41,30.52
42.30,5.62,32.65
28.69,8.12,31.62
17.21,21.85,23.38
5.07,26.73,11.96
-9.09,25.33,5.37
-18.19,16.24,1.53
-25.57,8.24,-0.31
-33.39,12.51,-5.19
-46.75,33.26,-22.71
-59.08,51.64,-58.23
-62.50,60.36,-95.03
-62.62,58.90,-124.15
-62.56,53.53,-149.66
-65.98,48.77,-176.03
-70.62,43.95,-200.68
-74.10,36.87,-217.59
-75.07,23.19,-221.25
-70.98,4.52,-208.86
-64.64,-15.44,-179.93
-58.78,-35.10,-140.20
-55.85,-52.73,-95.76
-53.71,-69.09,-51.70
-49.01,-83.37,-10.50
-44.86,-92.41,27.34
-48.46,-85.33,44.43
-14.34,-41.38,1.16
15.01,-26.00,-2.99
24.78,-27.34,-1.71
-4.33,-28.63,6.29
-19.41,-26.25,14.65
-9.95,-15.81,26.12
2.20,-5.19,40.41
19.35,5.25,72.51
25.45,21.73,97.35
36.99,41.99,122.50
43.76,61.16,149.48
46.94,71.17,164.92
48.89,76.97,170.47
47.06,76.54,174.32
44.43,66.41,175.42
37.48,51.64,170.90
28.02,46.08,161.93
20.45,40.41,156.56
16.36,33.94,160.89
8.30,18.43,165.65
2.38,15.08,168.64
-1.59,13.24,161.19
-4.82,7.45,156.56
-14.22,3.91,147.34
-19.41,0.61,131.23
-21.00,6.90,122.31
-21.73,6.23,116.09
-21.79,-0.61,111.94
-19.10,-7.39,112.49
-19.90,-13.31,112.12
-26.12,-14.16,97.96
-22.09,-15.63,82.64
-19.53,-11.11,71.35
-17.46,-8.42,69.09
-18.13,-7.20,70.43
-20.45,-7.20,72.08
-18.92,-6.41,70.74
-11.84,-6.47,72.94
-8.00,-4.58,74.89
-6.59,-5.92,68.60
-9.34,-13.31,56.21
-5.98,-11.96,50.96
-6.23,-14.89,52.43
-3.05,-10.25,52.86
-3.91,-8.36,49.87
-7.75,-5.92,34.42
-3.97,-8.73,25.70
-3.36,-9.46,23.93
-2.08,-7.39,29.42
-0.73,-2.50,23.56
6.47,-1.77,28.38
6.90,-2.81,22.77
5.55,-1.22,6.35
4.76,0.55,-0.79
4.27,1.65,-1.28
3.23,3.05,-0.92
1.46,4.21,-1.40
0.98,4.76,-1.46
1.46,5.07,-0.55
















-,-,-
3.23,-4.58,0.49
3.91,-3.78,1.34
4.39,-2.99,2.26
5.00,-2.75,1.65
5.37,-3.54,0.73
5.13,-5.37,0.31
6.10,-7.69,-0.31
3.85,-10.44,-1.59
4.09,-12.82,-1.89
1.46,-15.08,-1.53
0.00,-17.40,-1.04
-2.01,-19.35,-1.40
-5.25,-21.61,-2.87
-7.26,-23.38,-4.46
-8.42,-23.68,-5.55
-9.09,-22.89,-6.04
-8.54,-20.94,-5.31
-7.81,-18.31,-4.46
-6.96,-15.87,-3.91
-5.25,-13.73,-3.54
-4.58,-12.27,-2.87
-4.46,-11.72,-2.08
-4.33,-11.41,-1.59
-4.82,-11.41,-1.28
-5.13,-11.47,-0.92
-4.39,-11.54,-1.40
-5.86,-11.96,-2.20
-7.26,-11.54,-2.87
-2.32,-8.91,-2.56
7.63,-5.00,-0.18
22.46,-0.37,4.88
39.86,0.61,11.78
57.98,-10.31,20.63
78.12,-29.24,30.27
99.24,-44.07,37.66
119.57,-56.27,47.91
128.36,-63.29,51.70
137.94,-68.91,52.86
140.20,-73.97,53.53
132.75,-73.97,49.38
118.16,-61.10,44.49
101.99,-45.78,42.05
76.23,-19.96,37.41
59.02,0.00,28.69
50.60,6.41,27.34
30.94,17.94,18.80
23.56,18.74,12.51
11.23,22.58,10.38
-2.56,22.58,2.38
-11.29,12.15,-2.93
-22.03,2.44,-4.88
-31.68,-2.69,-7.93
-40.22,-1.65,-11.84
-45.90,9.40,-15.32
-46.26,36.07,-11.35
-43.27,66.04,1.83
-46.39,88.75,14.89
-53.59,102.91,15.93
-62.93,106.75,3.91
-67.44,104.13,-12.39
-68.91,99.12,-25.33
-65.55,93.57,-27.83
-58.65,87.34,-18.13
-49.13,78.92,0.55
-39.49,65.92,23.86
-31.68,46.45,47.85
-26.31,21.12,69.82
-24.84,-8.54,87.65
-25.33,-40.71,98.51
-38.39,-56.46,68.24
-36.07,-50.42,2.87
-20.94,-39.49,-16.78
14.16,-22.16,-5.86
26.12,-6.10,14.34
47.55,13.31,24.11
68.48,29.42,26.49
88.81,22.46,34.55
107.48,-9.28,50.29
123.23,-28.14,54.14
139.95,-47.49,52.25
148.38,-53.96,42.36
156.98,-60.24,37.05
155.52,-54.75,32.59
152.04,-52.00,44.25
135.93,-46.14,58.17
113.59,-35.46,51.03
82.70,-25.51,38.02
51.64,-10.31,18.86
29.42,-3.97,7.02
12.27,0.98,1.71
0.31,-1.40,0.31
-7.75,5.13,-0.06
-11.72,3.91,-0.98
-15.50,-3.54,-0.85
-19.47,-4.94,-0.79
-20.94,0.43,-0.79
-19.35,12.82,-2.01
-35.89,38.21,-14.53
-56.03,59.69,-44.74
-64.39,61.77,-80.20
-72.81,48.52,-107.48
-86.06,34.00,-134.83
-88.99,26.49,-161.87
-88.99,22.71,-186.28
-80.14,20.20,-203.37
-68.97,16.54,-207.64
-59.02,9.83,-199.34
-56.09,-1.71,-181.46
-54.93,-18.31,-159.06
-56.46,-37.48,-135.56
-56.82,-54.02,-112.85
-57.50,-68.12,-89.05
-61.10,-78.98,-62.26
-73.18,-81.60,-33.51
-84.41,-76.35,-7.57
-87.46,-67.02,13.06
-84.84,-54.81,20.94
-55.36,-34.30,-17.40
-17.76,-34.48,-23.19
-7.20,-37.48,-8.18
-12.27,-34.18,7.57
-7.93,-26.98,10.07
0.49,-20.81,4.52
-8.61,-16.54,-0.43
-21.48,-14.04,0.31
-16.60,-9.28,11.78
-10.19,-4.09,24.35
11.72,-0.55,49.56
21.55,12.63,74.28
28.32,31.49,92.10
39.06,41.02,117.55
39.18,54.93,133.12
39.92,67.75,146.55
38.88,82.89,155.46
48.52,87.65,177.73
53.77,98.57,203.06
56.95,100.83,221.50
61.10,102.54,236.08
58.59,86.06,240.60
50.66,66.71,233.64
47.67,56.76,224.12
37.41,48.10,205.93
29.97,36.68,193.18
23.68,33.02,190.25
13.85,23.50,192.57
10.50,18.68,183.11
8.91,8.36,171.39
6.84,-0.61,151.98
3.17,-6.65,128.48
-2.87,-14.77,109.07
-0.06,-16.54,94.73
-0.18,-13.55,80.99
-5.55,-12.02,58.29
-0.98,-12.21,43.21
2.62,-9.77,44.86
0.00,-12.08,43.46
-3.54,-9.70,35.22
-2.26,-6.47,13.12
1.95,-3.85,8.12
3.48,-2.08,10.56
4.39,0.24,12.02
5.07,2.01,11.90
4.88,2.56,10.74
3.66,2.62,8.79
3.23,2.44,6.84
3.66,2.38,4.58
2.75,2.26,2.75
1.40,2.14,0.31
0.92,1.89,-1.83
1.28,2.50,-3.11
0.85,2.81,-3.66
1.28,2.56,-4.27
1.95,2.50,-4.33
2.87,2.44,-4.33
4.64,2.20,-4.09
4.82,1.59,-3.42
3.78,1.28,-2.44
4.09,1.22,-1.59
5.31,1.77,-0.31
6.47,2.08,0.18
















-,-,-
5.31,-0.73,-1.71
5.13,-1.10,-2.08
2.81,-2.26,-2.26
0.43,-4.15,-2.93
-0.85,-5.25,-3.54
-1.89,-5.37,-3.60
-1.22,-4.82,-3.30
0.61,-3.91,-2.56
2.99,-2.62,-1.40
4.27,-1.65,0.24
3.48,-1.28,0.79
2.75,-1.22,0.49
2.62,-0.67,0.31
3.11,0.00,0.79
4.39,0.79,1.65
5.25,1.77,2.56
4.82,2.08,2.87
4.27,2.08,2.62
3.60,2.26,2.32
3.23,2.75,2.26
3.66,3.36,2.26
3.60,3.78,2.14
2.56,3.85,1.59
1.65,3.42,0.67
0.79,2.38,-0.24
0.06,1.59,-0.92
-0.43,0.73,-1.40
-1.28,-0.06,-2.32
-2.01,-0.61,-3.30
-0.98,0.37,-3.85
2.26,2.50,-3.11
5.49,4.27,-0.43
9.46,5.00,2.99
16.78,0.18,6.71
28.38,-21.00,10.99
39.25,-36.80,7.75
59.69,-45.78,5.25
81.54,-49.13,6.84
99.79,-69.58,10.62
109.50,-83.37,9.03
121.64,-91.00,10.80
122.25,-87.71,15.14
112.37,-79.22,17.94
101.50,-63.05,18.37
95.52,-49.80,23.74
74.40,-23.99,26.67
48.89,9.16,24.23
30.09,30.52,15.50
15.87,34.61,7.81
3.17,31.07,2.56
-9.16,16.97,-1.10
-20.63,4.52,-4.09
-29.91,-3.05,-7.39
-38.21,-3.60,-11.90
-45.23,10.99,-15.63
-45.72,37.17,-8.42
-45.78,56.21,5.13
-45.72,69.89,17.21
-48.16,78.12,19.59
-54.38,79.65,10.74
-56.76,75.93,-2.62
-56.70,70.80,-12.70
-55.24,67.57,-14.53
-54.87,67.32,-6.35
-54.20,66.35,8.61
-48.77,61.40,28.26
-38.45,52.37,51.21
-24.60,39.37,76.78
-10.19,20.87,102.05
1.59,-2.81,123.41
6.84,-31.43,135.19
-11.54,-35.34,89.23
-24.72,-23.32,26.18
15.20,-16.24,2.56
48.71,-9.28,2.87
56.58,-11.29,15.50
73.36,-15.63,18.92
103.15,-18.19,17.82
122.19,-24.54,21.30
131.84,-42.48,23.62
136.72,-58.17,21.18
135.68,-72.27,14.59
135.01,-72.69,13.37
123.66,-61.89,16.72
111.57,-45.47,24.78
85.02,-20.69,27.28
54.32,10.25,16.48
28.20,31.49,9.77
-1.65,44.13,5.86
-18.43,35.52,0.31
-28.14,19.41,-4.03
-35.77,8.24,-10.80
-53.28,7.02,-33.94
-74.77,13.18,-75.50
-91.86,14.10,-116.88
-113.10,15.93,-152.65
-124.39,24.05,-180.73
-128.85,35.71,-202.33
-130.19,41.32,-214.11
-118.47,34.06,-212.89
-111.02,15.50,-200.87
-102.23,-3.97,-180.24
-95.09,-20.51,-153.81
-95.03,-34.79,-126.95
-103.52,-43.27,-103.15
-98.88,-49.13,-80.69
-90.76,-55.11,-56.88
-88.32,-60.79,-33.26
-82.40,-65.98,-10.19
-80.93,-66.28,10.13
-94.97,-48.83,13.79
-78.55,-30.58,3.48
-30.15,-30.09,-3.30
-11.17,-29.11,-3.17
-13.06,-22.64,0.92
-14.89,-14.40,2.75
-10.44,-7.20,0.12
-6.71,-2.75,-1.95
6.29,-1.22,2.44
43.82,-1.95,20.75
71.35,4.70,36.07
85.69,16.85,49.32
87.22,22.83,65.25
82.21,16.05,73.73
70.74,21.42,77.58
67.02,28.02,82.28
74.89,23.56,104.13
73.67,29.91,124.45
82.82,40.47,148.56
90.70,37.60,181.09
84.41,41.50,201.42
84.66,40.28,219.67
77.94,45.04,233.34
68.48,50.11,247.01
58.17,44.86,257.26
42.91,34.55,259.46
29.91,24.48,251.10
24.90,13.67,239.44
23.50,4.70,229.68
12.27,-7.08,217.77
7.63,-11.29,199.89
6.29,-11.11,177.67
4.39,-19.53,164.25
7.57,-36.56,157.59
4.88,-45.41,146.06
7.57,-47.91,136.11
3.85,-41.38,121.03
5.92,-34.61,107.85
6.84,-21.67,95.21
6.10,-21.18,78.86
-0.92,-14.83,45.10
1.71,-9.03,10.99
4.52,-4.70,-3.72
5.80,-1.83,-5.55
6.41,0.18,-3.66
5.86,2.20,-2.20
5.74,3.36,-2.81
3.66,3.54,-3.11
-0.31,3.11,-3.91
-0.31,3.17,-4.58
0.55,4.03,-4.03
2.26,6.29,-3.66
2.87,7.45,-2.50
1.65,6.04,-1.65
-0.18,5.55,-2.20
-0.24,4.58,-3.42
0.49,4.15,-2.87
1.71,5.43,-0.98
3.48,6.53,0.31
4.46,8.48,1.10
3.85,10.68,2.08
4.03,11.96,1.22
5.19,13.12,-0.12
5.80,13.61,-1.10
7.08,13.37,-2.38
7.14,12.82,-3.66
6.59,12.94,-4.58
6.10,16.42,-6.41
6.23,24.84,-8.24
7.51,31.43,-8.42
















-,-,-
-11.96,-16.17,5.19
-12.82,-16.54,3.78
-12.39,-17.09,2.26
-11.90,-18.43,1.22
-11.78,-17.64,0.37
-12.39,-15.75,-0.49
-13.24,-13.61,-0.85
-14.22,-10.68,-1.04
-14.71,-7.20,-2.14
-13.92,-4.21,-3.11
-12.45,-1.89,-3.48
-10.13,-0.37,-3.42
-7.14,-0.31,-3.11
-4.76,-0.61,-2.81
-3.54,-0.31,-2.99
-3.11,1.10,-3.42
-2.38,3.72,-3.78
-1.10,6.29,-4.21
0.31,8.85,-4.88
0.12,10.07,-5.37
-0.18,10.31,-4.58
-0.06,9.70,-2.14
0.06,7.39,1.46
-0.18,4.33,4.94
-1.04,0.06,7.93
-1.40,-6.23,11.60
-1.28,-15.38,17.33
-2.56,-26.37,23.07
-4.09,-37.11,27.95
-9.22,-43.52,26.55
-7.87,-39.00,4.27
1.46,-39.06,-4.27
2.69,-37.41,-4.21
8.91,-34.18,1.34
23.38,-32.65,8.79
43.40,-34.24,20.87
61.52,-32.59,32.10
86.85,-50.48,47.06
108.09,-63.23,62.32
123.72,-63.17,69.52
141.97,-66.28,70.62
155.76,-65.98,76.23
165.34,-64.88,82.15
171.69,-64.64,91.06
160.46,-57.50,95.28
140.87,-47.91,89.78
118.59,-34.36,72.94
99.00,-13.92,53.04
75.13,5.68,40.77
54.81,20.20,34.97
31.98,27.28,27.10
10.86,37.84,13.18
-3.91,24.90,1.10
-20.02,2.20,-3.42
-31.07,-10.07,-8.18
-42.42,-10.99,-14.95
-53.28,7.32,-19.29
-68.54,42.97,-17.94
-83.68,79.04,-14.71
-96.68,104.61,-13.67
-111.69,117.92,-20.81
-123.05,123.47,-32.84
-121.58,122.80,-44.62
-116.94,115.05,-50.66
-111.39,99.67,-49.13
-101.07,78.19,-40.71
-87.95,52.12,-25.51
-72.02,21.73,-2.99
-55.11,-11.66,24.66
-41.87,-46.08,55.60
-30.58,-80.32,86.73
-25.39,-106.14,104.31
-18.62,-79.59,49.07
-18.86,-48.34,8.12
33.81,-19.04,-1.65
64.76,-8.36,18.62
88.99,-20.39,53.89
105.65,-21.97,75.38
118.04,-11.05,80.20
137.02,-19.41,81.79
152.40,-30.82,89.05
156.25,-36.44,93.32
145.39,-32.35,86.98
130.37,-18.92,74.22
107.48,-7.93,63.96
80.93,3.54,52.31
53.77,18.01,37.41
34.91,21.12,30.09
20.14,23.86,25.27
9.16,24.54,16.60
-2.32,15.99,12.08
-12.82,12.08,5.80
-15.20,12.94,0.49
-28.14,29.66,-15.63
-44.31,49.74,-48.46
-52.37,61.52,-87.59
-51.70,67.02,-123.23
-46.14,67.26,-156.62
-41.93,64.64,-188.17
-39.49,58.84,-216.06
-37.90,48.77,-235.35
-32.59,34.12,-242.00
-28.75,15.50,-232.06
-32.35,-6.16,-201.35
-41.44,-27.16,-156.25
-47.79,-44.68,-112.06
-53.71,-61.22,-75.68
-57.37,-79.90,-45.35
-54.87,-94.30,-18.49
-51.94,-104.80,8.48
-57.62,-104.49,28.32
-28.63,-66.16,0.12
11.11,-46.94,2.32
7.63,-45.29,7.20
-6.29,-43.64,12.21
-4.58,-33.08,7.51
12.08,-21.79,10.56
16.97,-17.76,22.64
26.55,-11.90,60.91
32.10,-1.40,98.69
33.08,18.37,134.28
30.21,38.94,157.84
28.99,53.65,172.12
27.10,65.49,177.80
32.90,71.23,178.16
30.70,65.73,177.31
28.81,57.92,181.03
25.51,49.93,183.35
23.86,45.17,179.20
20.45,31.56,181.64
14.89,25.70,183.59
8.67,22.03,182.98
-0.73,16.11,171.94
-6.41,1.53,164.98
-12.33,-2.87,153.20
-11.72,-2.32,139.22
-16.05,-0.49,125.98
-16.91,-3.30,116.58
-15.01,-7.69,113.65
-16.48,-7.32,105.10
-18.68,-9.03,92.53
-21.73,-11.11,80.38
-21.24,-7.87,64.33
-20.08,-9.40,53.16
-21.06,-7.63,44.62
-16.24,-1.59,37.05
-13.92,2.50,36.50
-8.24,3.36,34.30
-8.06,-3.11,33.87
-10.07,-6.59,21.30
-5.92,-6.04,15.81
-4.46,-3.85,14.65
-2.01,-3.72,9.64
0.73,-1.83,2.99
3.42,0.31,0.55
3.91,1.77,3.11
6.04,2.93,5.07
6.41,3.72,5.37
4.94,3.60,4.03
2.62,2.99,2.20
0.18,1.65,0.43
-0.24,1.22,-0.79
0.37,1.28,-2.01
0.61,1.46,-3.30
0.61,2.08,-3.91
0.67,2.56,-4.33
0.55,2.69,-4.58
0.18,2.32,-4.58
-0.12,2.01,-4.52
-0.31,1.71,-4.52
-0.92,1.34,-4.82
-1.22,1.28,-5.31
-1.10,1.28,-5.98
-0.06,1.16,-6.47
0.92,1.28,-5.80
1.77,1.89,-4.94
2.26,2.93,-4.09
2.62,4.09,-3.36
2.87,4.94,-3.05
4.52,5.25,-3.48
















-,-,-
-3.72,-17.21,-2.62
-3.97,-18.07,-2.81
-4.21,-17.76,-2.81
-4.58,-17.09,-2.69
-4.52,-15.75,-2.75
-4.58,-13.92,-2.87
-4.15,-12.51,-2.75
-3.72,-11.29,-2.50
-3.66,-10.68,-2.26
-3.54,-10.25,-1.71
-3.78,-9.52,-1.40
-3.78,-9.22,-1.65
-2.99,-8.36,-1.83
-2.08,-7.45,-1.65
-1.89,-6.90,-1.46
-1.77,-6.41,-1.59
-1.46,-5.80,-1.46
-0.37,-5.00,-1.22
-0.49,-4.46,-1.10
-1.10,-4.33,-1.10
-1.77,-4.58,-1.28
-1.71,-4.58,-1.28
-1.28,-4.70,-1.04
-0.92,-4.70,-0.67
-0.06,-4.76,-0.31
1.28,-4.64,0.12
3.23,-4.03,0.85
5.86,-2.75,2.14
10.44,-0.85,4.46
16.54,1.65,8.00
22.22,6.23,12.21
31.25,4.82,15.87
44.19,-1.16,18.86
61.83,-16.11,24.60
82.89,-35.52,32.71
98.63,-46.51,40.95
117.00,-54.08,45.04
136.11,-62.38,57.07
148.74,-67.26,62.13
156.25,-65.25,53.16
152.04,-64.39,51.27
140.81,-60.55,47.73
121.83,-44.74,43.76
103.58,-27.04,38.15
82.82,-4.88,27.53
64.94,1.40,27.16
43.03,16.85,26.67
20.51,37.96,22.28
6.47,30.88,15.75
-6.04,14.83,9.58
-14.83,4.52,0.37
-23.80,-5.43,-4.88
-32.10,-11.47,-8.36
-37.96,-12.33,-11.90
-44.07,-2.08,-16.17
-53.16,21.79,-18.25
-62.44,50.66,-11.35
-71.04,74.95,0.12
-76.90,87.52,10.68
-77.45,87.71,14.16
-74.52,78.43,8.67
-73.67,65.19,-2.62
-75.07,52.67,-14.53
-79.22,44.01,-23.44
-84.84,40.28,-25.45
-86.12,40.10,-21.00
-83.50,41.14,-11.47
-78.31,40.47,1.71
-69.76,35.95,17.52
-58.04,26.92,33.20
-48.22,13.06,47.67
-39.06,-3.05,60.30
-31.98,-18.25,66.71
-28.63,-24.84,51.57
-30.33,-24.60,22.83
-11.84,-20.69,1.34
10.25,-12.15,-3.66
28.20,-5.19,4.64
38.76,5.13,15.38
49.26,17.40,25.70
62.81,23.68,36.44
80.63,11.35,47.30
92.35,-9.64,53.71
98.57,-26.25,52.92
104.86,-34.00,44.49
109.92,-37.05,41.50
112.00,-31.74,48.03
115.48,-30.70,53.96
123.90,-23.07,58.04
135.38,-26.00,67.57
142.15,-26.25,77.51
144.10,-30.58,76.42
139.89,-25.88,69.64
125.98,-28.38,73.12
101.26,-10.99,59.81
83.13,-8.18,47.61
62.68,6.96,39.37
41.08,10.13,30.64
25.27,24.54,21.91
9.03,14.10,16.24
-0.43,1.46,9.64
-9.16,3.05,4.15
-20.20,-0.61,-0.67
-31.98,-1.77,-3.85
-41.87,3.42,-4.58
-50.78,18.74,-6.41
-61.10,46.63,-17.58
-66.41,67.99,-38.15
-70.01,69.70,-65.92
-62.99,61.58,-92.65
-58.29,48.10,-113.28
-54.81,41.20,-132.14
-51.51,40.89,-150.88
-50.42,43.70,-166.32
-50.35,47.85,-178.34
-48.83,48.40,-186.22
-46.02,43.03,-189.82
-45.23,30.94,-188.17
-47.24,13.49,-180.48
-55.97,-4.82,-168.21
-64.88,-24.96,-153.38
-62.38,-47.49,-136.41
-64.45,-68.36,-116.76
-66.77,-86.06,-95.21
-66.83,-99.67,-72.14
-66.04,-108.03,-46.75
-71.78,-96.98,-36.87
-45.29,-59.27,-46.08
-19.84,-45.53,-29.66
-3.66,-33.75,-3.54
-9.09,-30.88,10.38
-9.58,-25.51,5.13
-8.42,-20.02,-8.00
-7.26,-16.72,-15.50
-11.90,-14.83,-15.20
-14.77,-12.02,-3.23
-6.90,-3.85,22.83
-1.10,11.72,47.18
6.47,16.05,66.71
9.40,28.02,75.99
16.24,38.51,82.03
18.92,43.76,91.92
16.66,47.91,94.91
14.40,47.12,95.34
13.55,44.13,98.45
8.79,41.69,103.58
6.84,35.64,112.06
3.60,33.75,122.31
-1.10,39.31,125.67
2.44,47.42,131.35
4.82,42.54,143.74
1.83,34.00,153.75
1.65,34.42,150.27
5.19,39.43,147.71
1.59,36.01,141.17
-4.76,28.87,138.49
-5.98,20.32,132.14
-9.09,17.64,124.63
-12.51,10.99,118.16
-13.55,7.20,113.34
-14.47,7.57,109.74
-13.61,7.20,110.72
-16.85,-1.28,114.87
-18.55,-2.99,116.94
-18.49,2.26,114.44
-19.41,5.98,109.31
-18.25,2.44,105.96
-17.33,-7.02,108.76
-17.70,-8.12,103.58
-16.48,-9.34,102.60
-21.06,-18.25,107.30
-18.86,-20.32,108.03
-12.94,-18.07,105.35
-10.50,-21.36,98.27
-6.23,-25.57,89.23
-5.31,-22.64,75.01
-5.49,-18.07,61.71
-4.52,-18.92,54.32
-4.15,-12.57,53.83
-8.18,-5.98,40.34
















-,-,-
1.77,-0.31,-0.24
2.20,-0.61,0.43
2.32,-0.85,0.12
2.32,-1.10,-1.04
2.20,-1.34,-2.38
2.32,-1.53,-3.54
1.65,-1.65,-4.70
-1.22,-1.04,-6.10
-3.66,2.44,-8.06
-3.72,3.54,-8.67
-3.60,0.31,-8.42
-4.52,-1.10,-9.83
-6.10,-0.37,-12.02
-7.87,-0.12,-13.18
-8.54,-0.06,-13.37
-9.22,-0.98,-12.08
-9.28,-2.08,-10.13
-9.16,-2.62,-8.42
-8.67,-2.87,-7.32
-8.00,-2.69,-6.59
-7.20,-2.38,-5.92
-6.59,-2.20,-5.07
-7.20,-1.71,-4.70
-8.30,-0.92,-4.70
-8.73,-0.43,-4.82
-8.67,-0.85,-4.70
-8.67,-1.89,-4.76
-10.07,-3.17,-4.58
-12.70,-3.17,-4.64
-14.77,-2.01,-5.00
-16.54,-0.79,-5.68
-18.49,0.79,-6.59
-21.73,2.14,-7.57
-25.33,2.87,-8.73
-28.32,2.01,-9.89
-31.68,0.92,-10.07
-34.42,0.79,-10.19
-37.66,0.31,-10.01
-40.89,-2.38,-9.58
-42.97,-8.48,-9.03
-44.31,-19.53,-5.98
-43.46,-34.79,0.49
-42.54,-53.34,12.45
-39.86,-74.10,28.93
-36.07,-96.68,47.61
-34.73,-116.39,62.50
-24.17,-103.03,41.63
-12.15,-76.60,19.90
12.33,-50.60,13.12
34.42,-24.29,17.33
58.11,-10.93,23.50
90.58,-23.74,20.39
115.36,-39.31,16.36
132.14,-60.49,18.74
150.45,-86.67,29.05
162.11,-102.11,40.16
158.63,-108.58,48.40
147.22,-107.54,50.42
129.33,-97.11,50.84
93.14,-72.51,44.98
59.51,-30.21,32.04
31.37,19.78,14.47
15.08,45.59,3.54
5.98,38.76,-2.20
-4.76,16.60,-6.23
-16.60,-5.74,-11.47
-27.28,-15.08,-15.63
-35.64,-1.16,-13.43
-45.53,27.77,-7.57
-58.23,60.79,-5.19
-70.31,87.22,-3.97
-80.20,102.42,-3.66
-86.55,106.87,-5.86
-89.54,104.06,-12.02
-89.23,98.57,-17.70
-87.34,93.87,-19.10
-86.24,88.20,-15.69
-83.01,79.65,-8.12
-75.93,66.53,4.88
-63.17,48.40,26.86
-48.03,25.39,55.60
-33.08,-3.66,85.57
-18.62,-42.36,111.02
-8.54,-84.23,123.54
-6.53,-80.38,74.58
-1.83,-45.59,31.43
50.42,-17.03,21.06
76.72,-16.97,37.60
90.64,-51.27,56.27
110.29,-61.58,56.95
134.58,-47.24,52.12
153.50,-41.44,54.08
163.64,-51.88,53.96
164.00,-63.72,49.80
150.70,-68.12,41.63
135.62,-63.42,46.26
107.42,-43.21,52.98
78.80,-25.33,47.73
56.40,-6.16,28.44
33.63,10.93,18.19
12.88,17.58,17.03
-2.08,30.58,5.49
-11.60,19.65,-3.66
-20.08,4.58,-6.23
-30.52,0.12,-9.34
-44.25,13.49,-22.03
-52.19,36.93,-50.42
-63.35,61.16,-91.92
-66.59,67.99,-129.33
-65.49,57.25,-156.25
-67.44,40.34,-174.38
-71.41,27.47,-189.45
-72.94,17.46,-199.89
-69.09,7.57,-204.65
-64.33,-0.61,-200.81
-55.48,-7.20,-185.18
-60.24,-15.63,-160.10
-56.03,-30.40,-130.19
-55.05,-48.58,-98.14
-60.49,-71.72,-70.01
-56.64,-83.50,-42.91
-48.65,-84.96,-9.58
-47.12,-66.28,7.08
-24.84,-39.73,6.35
-2.75,-27.16,9.03
3.54,-26.12,11.11
2.20,-23.19,24.60
5.07,-17.15,36.19
4.27,-8.36,48.03
10.56,3.97,72.02
19.59,19.47,106.08
23.99,27.95,140.75
26.31,41.08,174.50
30.64,53.77,203.98
32.17,70.68,218.93
42.30,57.01,233.83
42.97,42.05,239.93
45.04,37.72,240.78
43.46,36.87,232.97
37.66,27.47,229.00
22.95,29.30,228.21
14.71,19.65,227.91
6.59,-0.73,230.10
5.31,-10.99,221.07
12.63,-23.19,208.25
9.83,-29.91,189.64
8.67,-46.08,174.80
7.63,-50.48,171.51
8.36,-52.98,162.54
13.37,-60.24,156.86
13.00,-55.73,145.20
22.03,-58.47,127.56
24.72,-58.04,102.42
18.25,-49.68,78.98
14.53,-36.68,63.54
4.39,-21.12,47.67
3.60,-9.09,41.14
2.08,-8.24,31.37
4.70,-5.37,18.13
1.16,2.69,4.88
0.85,6.59,-3.36
3.05,6.65,-3.60
3.42,5.49,-3.05
2.50,3.60,-3.36
2.62,2.08,-3.05
2.81,0.98,-2.20
2.26,0.24,-1.71
2.01,0.37,-1.28
3.85,1.46,-1.10
3.54,3.36,-1.77
2.14,5.00,-1.89
2.26,7.14,-1.83
1.04,8.91,-1.83
-0.24,9.77,-2.87
0.06,10.93,-4.27
0.18,12.45,-5.68
-0.98,14.53,-6.90
-1.04,17.46,-7.75
-1.65,21.48,-8.79
-3.85,26.18,-10.13
















-,-,-
-2.38,-5.31,0.00
-3.60,-4.27,0.18
-3.66,-3.17,-0.12
-7.69,-1.83,-1.40
-5.19,-1.34,-2.01
-3.60,-1.16,-0.73
-1.22,-0.79,0.67
-0.37,-0.31,1.22
0.24,0.24,1.40
0.79,0.98,1.53
1.71,1.59,2.14
2.44,2.44,2.69
3.11,2.81,2.93
3.36,2.99,3.36
3.30,2.38,3.36
3.17,1.71,3.30
2.99,1.16,3.05
2.50,0.73,2.81
2.14,0.06,2.56
1.83,-0.24,2.75
1.89,-0.31,2.75
2.38,-0.43,2.38
2.20,-0.24,1.95
2.69,-0.31,2.26
3.78,-0.06,3.05
6.23,0.24,4.09
8.12,0.43,5.74
12.57,-0.18,8.36
20.20,-0.43,10.93
21.18,3.05,11.96
26.06,5.37,13.85
37.35,2.26,18.07
61.83,-34.61,32.04
79.90,-85.21,45.59
93.38,-102.42,55.54
104.25,-90.39,65.98
114.38,-81.97,75.93
116.09,-83.37,78.74
114.69,-75.62,77.64
109.07,-67.20,73.49
99.00,-52.55,66.22
87.83,-31.74,57.56
79.10,-7.32,44.80
75.56,3.17,41.32
64.70,4.21,38.39
61.65,13.06,35.16
52.86,15.01,28.32
45.23,11.29,21.06
39.00,21.85,17.03
29.48,23.38,15.50
18.74,14.04,12.15
5.25,19.84,2.87
-7.81,15.63,-4.21
-23.68,4.94,-9.70
-37.41,-5.68,-18.80
-49.50,-7.45,-25.82
-60.06,5.74,-23.56
-74.34,24.60,-16.05
-86.24,45.90,-13.31
-94.85,64.70,-17.46
-101.38,77.45,-26.37
-105.59,82.82,-34.61
-106.99,79.96,-37.29
-104.98,68.30,-32.53
-100.89,51.15,-20.94
-96.25,31.62,-4.09
-91.00,13.73,16.48
-84.66,-0.55,38.33
-75.13,-12.45,58.59
-66.28,-26.37,57.80
-48.83,-38.21,20.08
-22.52,-35.71,0.61
18.37,-18.68,0.49
49.93,6.47,22.58
75.26,15.08,54.02
92.90,16.66,80.38
111.21,14.04,89.60
129.76,2.99,90.39
138.24,-14.04,89.72
142.33,-24.48,86.73
142.27,-25.51,81.42
141.36,-26.55,75.56
136.66,-26.31,67.81
132.57,-20.51,63.42
121.34,-8.61,59.20
106.75,-0.06,52.67
89.54,7.75,40.41
69.40,16.11,34.42
44.56,21.85,25.82
29.36,25.63,16.85
16.11,25.02,9.16
0.98,26.73,5.37
-12.94,25.27,0.92
-22.58,16.91,-2.56
-31.43,9.77,-6.29
-42.36,14.22,-19.17
-55.18,24.84,-52.37
-58.04,34.73,-88.44
-57.07,39.25,-114.32
-53.65,39.18,-134.89
-47.24,37.41,-154.91
-37.60,33.26,-172.42
-27.22,26.31,-182.56
-19.29,16.72,-181.88
-15.87,6.35,-171.94
-14.59,-4.58,-156.37
-16.42,-18.62,-136.90
-23.44,-33.57,-116.82
-27.53,-49.68,-95.83
-28.56,-64.27,-74.04
-34.55,-69.40,-52.37
-37.60,-69.15,-28.20
-39.98,-62.32,-5.74
-39.73,-41.93,-3.54
-13.00,-21.12,3.11
-6.90,-17.40,11.60
-8.30,-23.93,14.16
-14.95,-26.79,11.29
-12.88,-25.09,3.23
-20.81,-23.56,-4.94
-30.82,-23.32,-8.42
-32.41,-20.69,-2.32
-28.75,-13.92,12.94
-23.07,2.75,33.33
-13.31,26.98,57.01
3.30,43.88,90.09
7.75,56.95,112.98
14.89,69.27,134.22
17.58,75.81,148.44
17.64,84.29,158.81
18.80,87.59,171.14
16.91,81.67,189.33
7.81,84.35,210.51
2.20,81.73,224.37
-6.71,79.41,231.38
-16.30,70.56,236.02
-28.81,59.94,229.68
-36.93,53.47,215.09
-43.40,35.28,198.61
-42.72,13.37,174.50
-43.09,4.46,151.86
-42.30,-1.53,142.15
-37.41,-9.58,145.75
-33.57,-28.14,152.71
-25.09,-24.90,141.48
-18.49,-33.20,126.04
-20.02,-31.01,107.18
-20.81,-24.72,84.59
-15.38,-20.57,69.03
-13.43,-23.13,58.41
-10.86,-19.41,49.87
-7.75,-15.32,39.55
-3.78,-6.65,33.39
-1.22,-0.37,25.76
0.06,-0.37,19.53
1.89,3.36,15.01
0.73,6.29,11.60
-0.67,5.19,5.07
-1.04,4.52,-0.12
-3.23,3.05,-2.14
-4.82,1.16,-2.75
-4.76,0.73,-3.05
-3.42,0.98,-2.87
-0.98,2.26,-1.95
1.59,4.33,-0.49
3.05,5.62,0.55
3.42,5.55,0.85
2.50,4.46,0.73
2.44,3.23,0.49
2.01,2.50,0.79
0.98,1.40,0.49
0.67,1.04,-0.06
0.61,0.92,-0.73
0.61,1.46,-1.59
1.65,2.50,-2.14
3.05,4.70,-0.98
2.99,6.84,0.06
2.81,8.48,-0.12
3.42,9.83,-0.85
3.91,9.83,-0.43
