-,-,-
-1.22,0.24,0.92
-0.12,-0.18,0.37
0.55,-0.67,-0.55
0.49,-1.28,-1.28
-0.37,-2.32,-2.32
-2.01,-3.36,-2.93
-3.42,-3.30,-3.05
-5.19,-2.99,-3.66
-6.29,-2.69,-5.80
-5.86,-1.53,-8.97
-4.58,0.31,-10.74
-3.66,2.26,-9.95
-2.75,3.36,-7.81
-1.65,3.05,-5.13
-1.83,2.20,-2.99
-3.54,1.16,-1.10
-5.62,1.16,1.04
-6.41,1.59,3.54
-6.35,0.73,5.86
-6.53,-0.92,5.98
-5.92,-3.17,3.66
-5.31,-4.64,0.98
-4.70,-4.76,0.37
-3.30,-6.23,3.60
-2.87,-11.78,9.89
-6.16,-20.08,15.32
-10.01,-29.36,17.76
-13.06,-39.92,22.58
-16.24,-51.09,29.17
-20.57,-57.01,31.86
-16.05,-40.47,4.15
6.77,-30.64,-8.85
19.41,-23.25,2.38
41.69,-19.78,19.35
72.33,-18.92,27.59
100.40,-27.34,30.52
121.95,-43.15,33.39
135.25,-47.30,28.87
155.33,-51.57,31.07
167.48,-45.29,45.47
172.30,-38.57,56.21
172.36,-37.60,57.19
156.43,-29.17,54.08
124.69,-12.39,49.56
92.65,-1.34,44.80
58.41,4.70,34.30
33.02,7.81,23.56
12.33,8.67,15.32
-4.09,2.56,1.83
-20.45,-1.34,-7.69
-36.62,-6.71,-13.73
-50.29,-7.14,-20.26
-63.35,1.28,-26.37
-72.39,18.07,-18.98
-81.67,48.52,-9.77
-90.52,83.31,-10.19
-92.83,107.30,-15.14
-88.68,113.28,-16.66
-84.35,102.36,-10.31
-78.43,78.98,3.48
-71.78,48.22,22.46
-64.51,16.36,43.82
-53.96,-15.87,65.06
-45.47,-49.87,84.47
-45.29,-78.55,89.11
-40.16,-55.60,23.86
9.83,-27.04,-15.75
58.29,-23.01,-2.50
71.23,-16.42,27.83
97.41,-7.20,44.80
118.59,-0.18,43.46
137.33,-21.55,38.82
150.82,-38.88,36.99
154.60,-35.64,32.47
141.05,-25.88,27.59
113.46,-16.48,24.48
83.74,-8.42,22.77
52.86,-1.10,17.03
27.71,5.62,12.02
8.97,10.62,10.68
-5.49,14.47,5.25
-17.27,13.37,-1.77
-27.59,12.70,-8.91
-38.64,11.54,-32.17
-49.68,14.77,-57.50
-62.13,25.76,-81.18
-68.85,35.10,-102.78
-72.51,39.18,-125.31
-77.15,37.60,-149.41
-83.86,27.47,-169.92
-86.79,7.69,-180.42
-83.01,-17.03,-176.45
-74.16,-44.68,-158.02
-56.76,-75.68,-121.89
-36.01,-97.66,-69.46
-18.19,-102.42,-13.18
-14.65,-73.24,14.28
27.77,4.88,3.66
40.71,15.08,21.42
22.09,0.85,29.11
1.22,-1.10,27.40
6.04,6.35,39.12
22.40,14.47,65.19
40.34,20.87,104.25
61.34,27.83,143.55
90.45,37.96,189.03
120.06,38.39,238.59
122.19,37.41,283.14
111.82,33.87,310.30
98.21,22.16,312.68
83.44,9.22,296.81
60.85,2.26,254.58
43.46,-6.41,202.94
23.74,-14.59,150.15
15.20,-17.82,114.93
6.35,-26.79,97.35
0.24,-13.92,88.68
-6.04,-5.31,69.27
-9.83,1.10,39.00
-7.08,5.25,12.94
-3.78,15.63,-3.23
-7.93,29.91,-26.61
-11.84,49.26,-66.96
-14.34,66.35,-111.45
-14.47,77.88,-151.49
-14.65,84.47,-182.43
-17.52,85.57,-205.26
-25.27,79.83,-223.33
-32.96,65.19,-238.22
-33.14,40.04,-247.38
-31.92,10.07,-249.33
-33.14,-18.98,-243.71
-35.83,-46.51,-225.34
-38.70,-68.30,-190.12
-37.35,-79.90,-140.75
-35.28,-83.25,-86.06
-37.84,-82.21,-37.72
-42.97,-80.75,-3.85
-47.97,-65.67,8.54
-16.30,-5.19,-6.84
3.42,0.73,-6.90
12.02,-15.93,-1.71
-3.78,-27.53,-3.48
-12.63,-27.47,-14.83
-11.90,-27.77,-26.00
-1.71,-27.34,-12.27
8.30,-28.26,21.79
12.63,-15.63,57.92
24.23,0.61,92.10
31.25,14.40,118.16
41.44,23.56,145.63
51.76,29.30,161.74
57.07,35.16,178.65
52.73,31.19,184.39
47.73,31.68,189.03
41.38,30.52,191.59
37.41,24.11,194.09
36.80,11.66,201.29
31.37,-1.04,199.83
26.37,-9.70,194.76
19.47,-17.88,179.32
7.14,-16.48,155.76
-4.64,-17.27,128.85
-11.60,-15.14,107.06
-15.01,-17.03,89.97
-16.85,-20.08,83.19
-18.92,-15.87,73.36
-16.30,-21.12,72.75
-14.47,-23.99,66.41
-6.59,-20.94,60.00
-1.34,-18.92,64.94
-2.50,-21.61,61.77
3.54,-17.88,53.77
6.04,-18.43,44.13
7.51,-16.05,33.39
9.46,-6.53,22.71
12.02,-2.44,18.98
10.19,-3.85,17.94
9.46,-3.17,17.33
9.52,-2.56,16.24
















-,-,-
0.00,-0.18,1.40
-0.18,-0.49,1.46
-0.24,-0.79,1.71
0.06,-0.79,1.95
-0.18,-0.79,1.77
-0.49,-0.92,1.10
-0.24,-0.73,0.67
0.24,-0.18,0.67
0.55,0.31,0.79
1.22,0.55,0.92
1.40,-0.12,1.10
0.85,-0.37,0.92
0.98,-0.24,0.98
0.37,0.00,0.98
-0.18,0.24,0.55
-0.31,0.61,-0.55
-0.31,0.49,-1.10
-0.31,0.55,-1.04
-0.06,0.92,-0.37
-0.24,0.98,0.31
-0.18,1.16,0.61
-0.24,1.10,0.06
-0.12,1.16,-1.22
-0.55,1.28,-2.38
-1.53,1.83,-3.05
-2.87,2.56,-3.30
-3.48,3.36,-3.11
-4.64,4.52,-2.99
-6.04,5.25,-2.99
-8.54,4.64,-2.56
-12.45,2.99,-2.38
-17.64,-0.37,-2.69
-21.36,-7.08,-1.34
-23.86,-17.82,2.69
-25.33,-31.98,9.40
-26.25,-46.51,17.88
-26.12,-57.68,24.48
-23.56,-63.54,26.43
-17.88,-55.48,15.81
2.50,-33.02,-7.08
18.01,-24.96,-8.00
35.03,-12.88,4.76
60.49,-2.08,19.84
95.76,-2.81,35.16
126.04,-21.67,44.13
148.93,-34.00,43.95
160.46,-46.20,35.16
173.95,-55.79,41.87
174.32,-55.48,43.33
167.11,-47.12,31.49
156.92,-40.53,19.10
134.22,-31.31,15.93
97.66,-20.08,10.99
65.67,-10.74,17.64
35.40,-7.32,10.56
13.92,-1.95,-1.71
-5.92,0.67,-4.64
-15.63,-0.24,-9.46
-27.04,2.56,-15.69
-35.58,-4.94,-21.42
-45.84,-13.55,-25.57
-57.43,-17.03,-30.52
-72.08,-4.94,-32.29
-84.17,15.20,-18.37
-91.86,36.56,2.20
-98.57,58.96,13.31
-103.21,74.58,13.00
-103.39,81.42,9.34
-101.01,79.77,8.06
-95.46,71.47,13.00
-84.23,56.52,25.70
-68.42,35.22,44.98
-51.51,7.75,65.98
-37.54,-23.74,85.14
-32.90,-48.71,88.50
-36.44,-27.47,34.36
-7.51,-13.12,1.04
46.45,-10.86,-2.75
64.82,-2.75,18.86
87.71,-1.04,46.26
118.16,-4.58,52.06
143.55,-6.04,51.57
158.87,-13.49,48.22
170.96,-27.22,41.08
179.02,-36.32,34.91
168.21,-41.56,26.37
139.53,-28.99,6.71
99.98,-19.04,10.13
59.45,-9.03,12.08
26.79,0.92,11.35
7.02,2.56,4.76
-6.53,12.82,1.04
-15.81,17.94,4.27
-26.31,32.17,5.00
-31.13,32.23,-0.61
-39.55,31.25,-10.80
-53.34,39.79,-40.71
-66.83,53.53,-79.16
-76.66,62.81,-105.65
-78.25,68.54,-124.76
-77.94,68.73,-144.23
-78.74,59.88,-163.02
-78.67,47.12,-176.64
-77.64,32.78,-180.36
-80.75,18.19,-172.06
-84.84,4.52,-153.93
-81.85,-10.86,-127.14
-74.71,-32.78,-92.10
-69.76,-57.01,-54.20
-63.48,-77.15,-20.57
-58.84,-88.99,6.16
-47.73,-49.26,-5.25
4.82,-6.41,-11.96
18.43,-9.64,5.68
-1.83,-15.38,11.23
-6.04,-14.34,10.07
9.58,-10.86,15.69
23.32,-11.60,21.85
36.68,-15.14,46.63
43.46,-5.55,84.53
56.40,1.89,124.15
70.31,23.19,161.56
86.91,26.86,207.82
89.84,27.10,247.62
86.91,27.71,272.58
77.03,20.57,284.00
65.31,8.00,281.98
56.76,2.50,267.64
50.66,-5.37,256.59
40.47,-21.36,246.40
30.21,-25.76,222.29
22.34,-25.51,186.71
14.59,-23.50,149.23
9.28,-18.07,114.26
3.05,-16.78,86.61
-3.05,-11.96,64.15
-8.79,-1.34,37.48
-7.39,5.68,28.32
-8.67,10.07,19.47
-8.36,13.79,7.81
-6.77,27.77,-2.01
-13.06,56.46,-40.34
-8.54,81.91,-97.72
-3.72,91.74,-144.59
-4.94,99.67,-179.99
-18.80,101.87,-205.99
-36.87,94.30,-228.76
-48.46,78.61,-250.37
-61.65,58.23,-267.76
-75.26,37.41,-280.27
-87.10,19.47,-287.23
-92.10,2.44,-288.57
-90.27,-15.56,-284.30
-89.17,-36.74,-271.42
-88.93,-60.24,-246.46
-86.36,-82.46,-205.44
-83.56,-97.35,-150.76
-78.43,-99.18,-92.29
-65.61,-91.61,-33.02
-56.76,-83.80,16.24
-46.94,-56.40,29.11
15.44,-21.85,10.13
22.09,-25.82,4.64
10.56,-34.30,5.80
10.62,-32.65,13.00
34.97,-27.10,34.67
56.15,-21.73,66.53
68.54,-13.43,101.68
77.76,-4.33,137.45
84.47,3.54,166.75
87.65,18.74,197.63
94.42,13.18,222.60
90.70,11.54,234.92
95.03,9.09,240.97
93.57,10.38,245.85
87.16,5.98,247.50
79.83,-0.98,246.70
72.14,-18.92,242.68
61.22,-32.47,236.57
50.78,-44.68,235.84
















-,-,-
1.83,0.24,0.79
2.56,0.79,1.59
4.70,2.50,2.99
7.45,4.27,4.52
9.95,5.25,5.68
11.05,5.55,5.98
9.70,4.46,5.25
7.14,1.77,3.72
4.46,-1.40,2.14
2.81,-4.15,0.79
1.28,-6.10,-0.31
-0.31,-6.90,-1.34
-1.95,-6.84,-2.32
-3.42,-6.10,-2.81
-3.97,-5.00,-2.99
-4.09,-3.30,-3.11
-3.78,-1.53,-3.05
-3.60,-0.18,-2.87
-3.60,0.79,-2.81
-2.99,1.34,-2.69
-2.69,1.10,-2.26
-2.26,0.61,-2.26
-1.22,0.06,-1.71
0.18,-0.18,-0.73
1.22,-0.31,0.12
2.50,-0.18,0.49
5.00,0.73,0.98
9.09,3.11,2.44
14.59,5.74,5.07
20.32,8.79,8.00
28.93,14.04,12.08
37.60,17.09,16.54
45.10,10.56,20.81
54.02,-0.43,24.84
66.71,-13.73,22.09
85.08,-22.22,18.19
101.50,-41.56,10.31
117.80,-48.16,2.93
128.78,-57.86,1.95
135.56,-58.90,2.26
124.94,-55.05,3.11
111.27,-43.21,2.99
87.34,-34.12,5.19
62.50,-22.64,10.86
38.09,-8.42,9.58
25.39,-4.03,6.16
14.95,2.56,9.09
1.28,8.54,6.10
-5.43,12.33,0.06
-13.49,2.32,-5.55
-19.84,-6.10,-9.64
-26.73,-8.85,-14.04
-36.44,-7.32,-19.29
-50.11,4.27,-22.40
-63.05,23.68,-13.79
-76.42,44.98,8.61
-90.70,67.02,27.04
-100.40,83.68,29.42
-102.60,89.84,21.24
-98.82,84.17,14.95
-87.22,67.93,18.74
-73.24,45.29,32.59
-57.98,20.51,51.82
-42.30,-3.85,71.72
-26.98,-28.26,88.56
-15.69,-48.16,91.67
-26.37,-35.52,40.16
13.43,-12.94,-3.11
73.67,7.26,0.67
91.37,2.08,32.41
109.31,-26.18,63.11
129.64,-28.26,59.14
153.63,-25.57,42.60
166.63,-34.55,24.29
177.31,-42.05,12.76
179.20,-44.37,10.07
171.33,-47.24,8.36
141.91,-38.39,10.86
98.63,-15.01,9.95
61.16,3.48,18.62
28.14,10.44,19.29
0.98,23.01,15.32
-15.63,25.82,6.59
-28.38,20.69,-3.23
-35.71,10.19,-13.12
-45.90,14.83,-30.46
-61.34,29.97,-62.81
-75.44,44.43,-97.23
-91.86,55.73,-119.93
-104.68,63.48,-138.73
-114.32,63.66,-162.23
-119.63,53.34,-188.23
-120.97,37.72,-205.63
-111.76,21.36,-206.24
-95.70,3.97,-187.56
-82.89,-12.82,-152.34
-78.25,-30.09,-111.51
-78.19,-47.12,-70.62
-78.06,-62.56,-31.37
-68.85,-56.70,-4.58
-31.25,-14.04,-4.21
0.55,-4.46,2.14
1.83,-12.15,5.80
-8.48,-27.47,11.17
-9.34,-30.21,15.38
2.62,-32.71,33.26
14.59,-27.16,58.78
30.52,-21.30,96.62
47.00,-11.54,131.53
67.14,-2.38,163.21
84.29,4.94,207.28
93.63,8.42,247.01
101.07,8.91,280.33
105.96,4.76,301.39
105.59,0.37,305.97
99.67,-5.86,288.88
86.24,-15.99,253.36
66.83,-27.04,209.84
48.16,-26.79,157.04
39.92,-23.74,120.73
21.06,-18.86,92.90
10.74,-8.18,66.65
6.47,-8.91,57.07
0.85,3.48,37.54
-0.18,11.96,6.59
5.25,21.67,-7.20
0.67,35.10,-25.88
-7.93,56.27,-72.02
-8.91,84.53,-123.35
-8.67,98.88,-177.55
-18.37,96.07,-222.96
-36.44,88.93,-256.65
-49.74,83.07,-286.38
-54.81,76.11,-312.87
-53.96,64.33,-330.02
-51.21,47.18,-327.39
-51.39,23.38,-300.48
-52.73,-8.79,-255.31
-58.29,-44.74,-195.25
-67.14,-78.61,-134.70
-65.49,-104.13,-79.35
-65.06,-119.14,-21.85
-79.35,-112.30,23.44
-77.51,-59.20,28.20
-25.57,0.24,-2.14
5.19,-1.83,-15.93
4.94,-16.54,-15.08
-0.55,-37.96,10.19
-1.22,-43.09,34.06
7.26,-36.50,50.05
21.55,-19.59,77.94
39.43,-2.44,116.27
52.06,13.31,155.58
74.34,13.06,195.56
82.40,15.56,224.00
91.43,29.85,237.24
99.00,35.64,243.10
103.09,17.40,240.60
110.35,-9.64,247.19
101.68,-23.38,250.00
87.71,-14.59,253.36
65.86,-18.25,244.45
53.28,-41.02,228.94
37.48,-43.82,205.87
33.33,-33.26,171.33
29.97,-26.55,143.92
26.18,-32.59,122.80
23.38,-38.33,102.72
25.57,-35.46,90.70
23.86,-33.26,85.75
8.42,-26.12,63.78
8.48,-21.06,40.89
7.08,-19.96,29.72
8.61,-12.33,10.62
10.25,-12.02,9.46
12.63,-13.37,14.10
9.52,-15.01,17.82
7.14,-15.01,18.07
5.92,-14.28,17.70
4.94,-12.76,17.40
















-,-,-
-11.17,-5.25,3.85
-10.44,-5.68,3.97
-9.09,-5.55,2.69
-6.53,-4.21,0.31
-2.69,-2.38,-1.40
0.43,-0.31,-1.10
1.22,1.89,0.73
0.31,3.23,2.08
-0.43,3.54,2.26
-0.98,2.75,1.77
-0.79,1.16,1.65
-0.79,0.37,2.01
-0.98,0.73,1.59
-0.12,2.44,0.37
1.53,5.07,-2.20
3.97,7.69,-4.27
6.96,10.19,-4.88
9.28,12.94,-4.33
10.56,14.10,-3.48
10.19,13.49,-3.30
8.42,11.29,-3.66
6.16,8.18,-3.66
3.97,5.00,-2.32
1.71,2.62,0.49
-0.67,0.31,3.54
-3.42,-3.42,6.53
-4.64,-12.15,9.09
-4.82,-27.04,11.35
-5.37,-46.08,14.04
-10.99,-65.43,17.40
-15.14,-83.56,23.93
-13.61,-98.21,34.48
-3.60,-76.97,17.09
23.86,-38.27,-8.30
67.93,-39.73,7.87
102.60,-59.20,36.38
118.04,-61.22,44.43
131.10,-56.03,36.80
150.21,-53.28,30.82
165.28,-43.88,42.66
169.62,-39.98,44.43
165.53,-34.36,40.22
157.23,-30.27,34.55
143.68,-21.85,38.09
119.57,-18.01,32.47
89.97,-9.09,21.30
64.03,-2.81,16.30
34.73,1.10,19.65
8.48,2.50,12.51
-14.16,2.44,-6.29
-33.14,-10.25,-17.94
-44.31,-23.01,-26.00
-50.72,-29.66,-29.66
-59.39,-28.56,-30.64
-68.36,-15.01,-26.61
-81.85,16.54,-12.02
-100.52,55.18,-4.46
-112.49,90.94,-9.40
-120.12,113.59,-20.51
-124.76,118.35,-25.82
-125.79,106.99,-18.92
-122.44,82.40,-2.44
-107.85,45.59,18.07
-84.84,-0.85,41.56
-61.46,-50.60,68.12
-40.34,-100.77,93.81
-27.89,-137.82,109.31
-32.41,-92.29,44.56
-12.15,-28.69,-13.49
93.44,11.90,-12.15
118.65,-8.73,33.39
132.32,-45.10,74.04
149.72,-20.87,70.37
170.96,-5.31,57.68
182.80,-17.09,51.64
182.01,-20.20,48.65
158.81,-14.77,41.14
112.12,-7.32,39.00
72.63,-2.14,35.77
40.95,7.39,26.86
18.62,15.01,19.96
4.09,13.18,8.61
-12.70,16.60,0.61
-22.95,11.17,-4.09
-35.64,7.69,-13.98
-51.45,26.25,-44.86
-65.31,52.73,-89.17
-72.94,71.35,-119.26
-73.00,78.92,-136.35
-65.73,77.33,-152.28
-62.19,65.86,-171.33
-62.68,46.08,-192.32
-64.70,20.32,-207.58
-70.07,-10.07,-207.76
-75.50,-43.27,-187.44
-78.12,-73.91,-145.57
-78.19,-101.81,-88.32
-82.64,-106.63,-43.27
-40.77,-32.65,-43.21
8.73,-9.03,-18.37
18.98,-9.52,7.87
-10.19,-19.35,7.75
-12.33,-24.17,9.89
-9.77,-22.28,31.37
6.41,-11.11,74.46
30.40,5.13,133.36
53.59,26.79,196.59
75.99,48.71,258.18
90.94,57.37,306.09
99.06,57.43,331.97
101.07,42.30,345.28
98.08,22.52,350.10
94.06,4.52,346.62
86.43,-12.76,335.94
65.61,-30.33,308.04
50.66,-45.90,257.02
31.37,-46.26,189.76
10.86,-41.14,121.15
-4.58,-35.64,78.06
-7.93,-28.81,62.44
-7.20,-23.32,57.62
-8.61,-5.00,41.20
-0.79,13.85,18.01
1.71,30.46,-1.22
0.85,55.30,-42.36
3.97,85.14,-96.56
9.34,116.21,-145.32
12.70,140.32,-184.33
13.79,151.92,-212.89
11.41,150.70,-239.50
6.47,136.23,-267.82
-3.66,109.80,-293.27
-10.99,70.80,-311.22
-21.42,25.94,-318.91
-37.84,-15.44,-315.80
-54.44,-53.16,-302.06
-71.47,-83.86,-277.53
-93.44,-107.30,-241.64
-104.80,-125.43,-188.60
-104.68,-135.86,-124.21
-103.39,-95.46,-69.40
-56.58,-39.43,-55.79
-12.08,-24.05,-27.34
-8.36,-24.05,1.10
-22.58,-28.93,0.73
-17.76,-34.79,4.15
-13.98,-41.56,20.08
-3.48,-34.97,53.65
27.40,-12.15,106.20
57.25,3.05,173.40
72.45,14.34,243.53
87.77,18.37,304.20
93.93,29.11,350.28
99.49,22.83,376.71
90.82,3.36,382.69
76.90,5.92,360.35
74.65,1.16,332.58
67.38,-25.45,314.27
54.44,-58.29,282.23
35.46,-72.45,237.61
22.40,-84.23,188.96
-1.77,-84.05,143.80
-13.67,-75.38,98.08
-18.68,-75.38,75.01
-18.55,-64.64,60.61
-8.85,-47.49,49.50
-1.46,-38.51,38.76
-2.14,-28.69,22.89
-1.83,-13.79,7.39
-4.58,-7.14,2.93
-5.62,-3.42,3.48
-7.20,-1.83,6.10
-5.98,-0.79,7.81
-4.70,-0.37,8.91
-3.48,0.31,8.30
-1.53,1.95,6.84
-0.24,4.09,6.10
0.12,7.93,4.39
2.08,11.78,2.56
4.70,15.99,1.28
















-,-,-
1.65,1.77,1.53
1.46,1.83,1.65
1.22,1.10,1.28
0.85,0.79,0.98
0.92,0.92,0.85
0.85,0.55,0.98
0.92,-0.37,1.34
0.49,-1.22,1.83
0.67,-1.59,2.20
0.92,-1.95,2.93
1.77,-2.26,3.78
3.05,-3.05,5.07
4.46,-4.94,6.59
5.31,-7.81,8.06
6.41,-11.78,9.09
6.16,-15.56,9.83
4.39,-18.43,9.95
2.81,-21.61,10.56
0.79,-22.03,10.01
0.92,-13.24,5.55
1.34,-7.02,-0.61
2.08,-5.62,0.12
3.48,-6.41,3.97
7.45,-7.08,3.30
5.25,-6.65,2.14
3.54,-5.43,1.53
2.44,-4.58,1.71
4.03,-4.70,0.24
4.82,-5.37,-0.92
3.54,-6.29,-1.22
2.01,-7.39,-1.77
0.00,-8.54,-1.89
-0.24,-9.09,-1.89
0.49,-8.18,-0.92
2.93,-5.98,-0.12
5.31,-1.53,1.71
15.50,3.78,5.31
38.45,-0.55,15.20
74.34,-30.88,29.91
94.06,-39.25,34.36
119.02,-49.80,41.75
130.92,-59.27,39.73
139.65,-64.27,31.01
153.32,-73.43,26.18
153.26,-72.02,24.72
146.85,-62.93,26.06
132.69,-54.08,22.71
99.12,-38.15,16.78
72.20,-28.81,13.24
43.03,-11.35,9.77
23.25,-4.58,10.07
7.02,4.58,6.47
-9.64,15.63,1.28
-19.71,4.64,-6.29
-31.62,-9.77,-12.57
-41.50,-20.69,-19.65
-50.78,-23.13,-23.50
-66.83,-1.89,-15.14
-78.19,30.70,5.19
-91.49,56.52,22.52
-108.22,78.67,27.16
-117.00,92.16,21.12
-119.51,95.15,13.12
-112.79,85.94,11.17
-98.82,69.09,18.19
-81.18,49.07,34.48
-64.39,27.53,56.82
-46.69,2.87,81.60
-31.01,-22.83,100.34
-26.61,-19.90,74.77
-22.03,-9.70,27.22
39.73,-8.97,1.34
71.47,-4.70,15.99
97.90,-32.47,53.59
114.20,-35.77,66.10
133.91,-26.12,59.02
153.38,-30.21,52.31
164.43,-37.48,45.10
169.01,-34.18,34.36
155.03,-25.39,32.78
111.63,-18.43,27.22
82.70,-9.03,15.26
53.22,0.06,9.03
31.19,6.96,5.25
17.46,12.88,0.67
5.43,16.91,-7.45
-8.06,18.01,-19.47
-23.86,22.03,-40.95
-39.55,27.10,-69.64
-53.96,34.36,-99.55
-67.69,46.08,-125.73
-75.81,57.50,-147.46
-79.90,63.11,-164.12
-81.54,58.41,-175.54
-81.24,41.87,-181.27
-76.05,13.92,-179.93
-66.89,-18.43,-166.44
-57.07,-49.56,-136.90
-50.11,-76.29,-93.26
-48.22,-86.85,-49.99
-41.14,-30.33,-38.21
-12.63,-3.42,-26.31
16.17,-3.42,-4.58
2.50,-12.02,10.93
-7.81,-14.16,7.45
-10.86,-14.83,-4.64
-11.11,-15.93,-5.31
-1.83,-16.42,22.58
14.10,-14.47,63.48
31.92,-4.76,113.28
52.00,3.91,166.50
67.32,15.44,212.83
81.30,24.78,247.62
88.26,30.82,268.13
87.40,33.69,282.47
91.31,26.49,288.76
88.93,12.70,286.25
82.58,-3.78,274.72
69.27,-17.09,251.95
53.71,-30.52,217.10
38.09,-30.70,175.96
21.18,-33.20,134.64
11.66,-32.90,103.82
1.71,-28.63,76.66
-2.50,-17.40,55.42
-7.63,-7.87,34.06
-9.22,-6.04,20.45
-6.53,2.14,3.42
-0.98,13.92,-10.99
-6.41,29.54,-39.37
-9.58,51.57,-81.12
-9.58,76.35,-127.32
-10.25,97.29,-174.87
-20.81,105.83,-212.59
-31.98,105.83,-241.52
-41.69,99.85,-266.97
-51.76,86.73,-287.84
-52.80,64.09,-299.38
-50.60,34.48,-297.00
-49.13,1.77,-281.62
-50.72,-31.80,-254.64
-57.37,-63.11,-216.55
-62.01,-88.26,-169.56
-62.07,-106.32,-115.97
-61.83,-117.49,-61.16
-63.60,-85.69,-31.37
-39.25,-34.36,-35.40
-3.11,-32.23,-24.29
-1.83,-36.44,-5.37
-11.17,-35.52,6.29
-11.60,-33.94,-1.46
-7.93,-34.79,-8.06
2.69,-33.51,10.01
10.13,-34.36,39.06
26.92,-35.71,77.33
42.54,-28.38,120.54
53.34,-17.27,159.97
67.02,-7.69,192.87
76.54,2.93,219.97
87.40,4.52,243.10
91.61,7.69,257.39
88.93,10.68,268.01
85.39,7.39,266.36
79.28,-0.73,263.55
71.47,-4.09,260.86
62.50,-16.24,254.94
51.51,-27.47,244.38
36.87,-28.32,216.80
34.79,-35.16,183.11
25.09,-34.12,146.12
19.35,-36.80,113.34
21.18,-44.86,98.45
16.36,-48.52,92.96
15.14,-44.49,88.56
5.92,-34.06,71.59
9.77,-30.88,55.30
13.79,-38.21,47.85
10.38,-39.49,40.71
11.05,-34.67,33.26
11.05,-22.40,23.07
















-,-,-
2.26,-4.39,0.85
1.83,-3.91,0.61
1.28,-3.42,0.67
1.28,-2.56,1.04
1.59,-1.59,1.40
2.26,-0.67,1.40
3.05,-0.12,1.65
3.05,-0.43,1.28
2.50,-1.10,0.79
1.65,-2.01,0.12
0.92,-2.87,-0.24
0.73,-3.11,-0.12
0.73,-2.75,0.00
1.10,-2.14,0.24
1.22,-1.46,0.73
0.55,-1.22,0.61
0.06,-1.53,0.12
-0.37,-1.53,-0.12
-0.24,-1.40,0.00
0.06,-1.22,0.12
0.37,-1.04,0.12
0.61,-0.73,0.06
0.85,-0.43,0.18
1.16,0.06,0.49
1.71,0.79,0.79
2.20,0.92,1.10
3.05,1.04,1.28
3.91,0.85,1.59
5.07,1.10,2.08
7.26,2.14,3.05
12.15,1.71,5.13
19.96,5.31,7.87
33.45,7.69,12.21
54.57,-19.17,16.97
76.90,-34.67,22.03
97.41,-47.49,19.35
114.69,-61.95,14.71
126.04,-71.11,18.13
125.79,-71.78,17.94
115.72,-68.91,16.85
103.09,-62.44,13.85
89.36,-48.28,8.54
68.24,-28.20,5.68
48.34,-7.45,4.52
32.35,10.68,7.32
20.69,18.68,12.45
11.78,25.45,11.47
6.53,22.95,7.69
-0.98,10.07,2.50
-8.42,-0.73,-3.42
-16.97,-7.02,-8.79
-25.70,-9.03,-12.57
-31.37,-6.10,-14.95
-34.67,0.61,-17.64
-42.79,23.25,-16.85
-47.42,44.62,-8.73
-51.27,53.59,7.32
-59.51,58.78,22.22
-67.50,62.19,21.85
-71.17,62.56,11.84
-71.11,60.12,2.93
-69.03,56.03,1.40
-65.25,51.21,8.30
-59.51,44.37,21.30
-53.77,34.24,37.17
-46.69,21.00,53.10
-39.00,4.94,67.14
-29.60,-12.45,79.04
-17.46,-33.51,89.05
-7.81,-53.53,90.03
-19.71,-43.64,44.01
-9.28,-28.38,-0.85
32.17,-9.64,-5.98
48.77,-4.09,9.77
64.45,-6.65,26.00
84.05,-12.27,37.41
105.35,-6.23,40.16
127.01,-5.74,45.23
143.86,-6.96,41.63
155.09,-27.47,36.25
160.46,-48.71,22.52
155.82,-54.81,13.31
144.41,-56.88,10.25
128.17,-45.53,17.76
108.28,-24.29,24.54
83.98,-7.02,28.75
60.18,9.16,27.53
31.68,36.44,23.86
9.03,40.41,17.27
-5.07,35.95,9.34
-12.63,24.96,2.32
-20.57,14.40,-2.69
-23.07,9.83,-7.63
-28.75,17.03,-19.29
-49.62,33.57,-56.70
-69.34,45.41,-106.93
-82.46,52.37,-145.57
-96.13,55.79,-172.12
-105.71,56.09,-193.30
-107.97,52.86,-209.72
-105.65,44.01,-216.06
-107.60,31.01,-211.00
-100.10,9.03,-195.01
-93.75,-19.04,-166.93
-92.96,-50.54,-136.29
-82.70,-74.22,-103.09
-74.71,-86.24,-66.28
-66.16,-85.08,-30.76
-54.93,-57.62,-17.70
-10.38,-16.30,-20.39
20.75,-6.90,-1.77
10.13,-12.57,10.93
1.71,-17.82,20.63
0.73,-18.13,22.28
0.73,-9.09,28.81
12.33,-4.64,50.60
27.95,8.61,85.94
44.62,13.73,121.89
67.75,16.36,169.25
81.79,19.41,211.12
94.60,16.54,248.84
100.16,10.68,275.39
102.05,5.68,285.46
109.44,-8.00,287.17
116.15,-31.07,285.34
120.73,-54.44,287.05
105.83,-64.82,283.63
87.10,-67.08,271.79
58.17,-46.94,247.01
38.94,-28.14,202.15
27.77,-28.14,160.40
13.55,-25.21,126.53
4.27,-17.46,98.21
-5.80,-15.08,67.93
-10.50,-8.06,42.60
-12.08,2.69,17.88
-9.77,17.46,-10.01
-1.83,32.96,-34.73
-4.46,50.90,-58.65
-1.59,70.98,-105.90
2.32,89.84,-157.35
2.69,106.14,-200.26
-5.62,116.21,-229.55
-16.48,120.42,-250.06
-25.57,117.43,-265.50
-32.41,105.77,-277.16
-34.00,85.45,-283.87
-32.53,59.63,-284.73
-37.11,31.49,-278.93
-48.71,-0.67,-265.62
-52.00,-32.84,-238.10
-51.88,-61.34,-189.70
-58.65,-83.50,-132.51
-62.87,-95.15,-76.84
-60.06,-96.80,-29.72
-52.19,-67.81,-8.24
-31.92,-28.44,-20.51
-4.58,-18.31,-20.45
7.81,-27.65,-13.43
3.17,-36.32,-0.06
0.43,-36.62,17.46
-10.31,-32.90,12.63
-12.88,-33.39,-9.46
-0.79,-37.54,11.60
14.40,-38.27,58.90
29.48,-32.84,111.82
42.91,-34.97,162.60
53.04,-40.71,193.66
60.12,-22.89,215.15
76.78,-22.40,230.71
74.95,-25.57,242.61
67.08,-16.66,238.10
67.87,-9.03,231.02
69.40,-5.19,225.04
72.69,-10.31,223.75
68.05,-17.94,224.67
64.45,-37.66,227.91
54.32,-54.20,223.45
40.65,-62.38,206.18
24.84,-50.78,177.43
















-,-,-
-4.58,-14.28,4.09
-5.49,-17.27,4.88
-5.62,-20.45,6.29
-5.55,-23.62,7.20
-5.49,-26.79,7.63
-5.55,-29.60,7.93
-5.31,-32.65,8.36
-5.68,-34.24,8.36
-5.92,-34.12,5.68
-5.37,-28.75,-1.16
-4.52,-19.35,-6.84
-1.89,-16.30,-6.23
-0.12,-15.20,-2.93
2.08,-10.68,-1.71
3.23,-6.71,-1.83
3.78,-4.09,-1.28
4.09,-2.81,-0.55
3.91,-2.50,-0.31
3.85,-3.30,0.00
3.60,-4.39,0.06
2.14,-6.10,0.12
2.26,-7.20,-0.06
4.58,-7.20,-0.06
7.39,-7.20,0.79
11.05,-7.20,2.32
15.08,-6.65,4.70
21.97,-11.29,9.58
34.30,-22.22,15.99
46.33,-28.63,21.97
63.54,-34.06,30.64
83.19,-40.59,37.90
102.23,-46.88,48.28
114.62,-44.01,52.55
133.48,-45.23,60.55
141.36,-41.50,65.12
150.15,-45.59,71.23
134.70,-44.80,63.48
109.25,-31.92,37.29
82.70,-26.43,13.98
55.30,-18.55,7.39
33.26,-2.01,10.62
17.33,18.25,8.85
5.43,24.41,1.53
-9.03,12.57,-2.75
-21.12,-2.81,-8.06
-31.92,-13.18,-15.75
-41.08,-16.30,-21.73
-52.98,-1.83,-24.29
-65.25,24.66,-17.03
-79.71,54.57,-6.77
-97.35,84.47,-2.01
-108.76,107.48,-4.52
-109.62,119.02,-10.80
-101.87,115.78,-14.10
-87.95,98.14,-11.29
-70.92,69.34,-4.33
-51.39,33.08,5.07
-32.41,-4.70,16.30
-16.54,-40.47,29.66
-2.01,-73.67,47.00
12.57,-98.51,65.06
17.09,-65.06,53.77
15.44,-4.76,33.14
73.00,13.06,29.79
106.75,-21.18,49.93
118.04,-57.86,67.93
122.38,-44.68,58.53
138.43,-28.69,48.22
150.02,-25.27,50.60
156.19,-27.22,60.55
146.48,-22.22,57.37
126.53,-17.52,55.24
95.15,-9.89,50.11
67.44,-0.73,41.14
40.53,16.17,32.23
25.51,23.62,26.43
10.86,24.66,18.37
-3.60,31.62,8.30
-8.97,19.35,1.53
-22.40,10.44,-8.18
-42.60,16.60,-36.56
-56.34,32.17,-77.39
-60.61,46.26,-105.41
-66.28,57.07,-119.20
-61.71,65.37,-131.53
-54.20,63.72,-146.12
-48.16,52.06,-158.63
-41.56,33.57,-162.78
-34.42,11.29,-154.54
-26.98,-12.70,-134.46
-23.25,-33.75,-106.32
-21.18,-50.29,-73.97
-18.43,-61.58,-42.30
-16.91,-60.30,-17.82
-11.23,-20.51,-13.61
6.04,-1.89,1.46
11.29,-7.45,10.13
-8.85,-16.72,1.10
-14.40,-19.23,-9.77
-10.62,-18.43,-11.47
-1.53,-16.48,12.76
8.97,-10.74,51.82
24.60,-2.50,95.95
33.69,11.96,140.81
40.83,20.08,177.67
45.59,26.00,204.77
55.05,22.16,233.83
50.29,28.99,252.32
47.79,23.44,266.54
40.16,12.45,280.70
35.22,-6.04,284.00
30.76,-25.88,271.30
23.07,-37.11,240.91
19.59,-45.04,198.18
13.43,-51.33,155.76
8.06,-53.04,118.04
3.78,-53.83,89.84
-0.31,-46.88,73.85
-5.43,-40.28,64.39
-10.86,-25.88,55.05
-11.47,-10.62,42.05
-13.12,-1.71,25.88
-12.27,7.63,9.40
-6.65,19.59,-1.89
-9.64,33.45,-24.96
-5.25,50.42,-68.30
-1.40,72.63,-111.15
5.19,95.28,-156.07
4.70,108.22,-190.31
-3.30,113.71,-213.13
-9.16,112.37,-228.45
-7.26,102.60,-238.40
-1.71,85.88,-245.85
1.16,65.98,-252.75
6.10,41.02,-255.62
9.34,12.45,-250.98
2.38,-14.83,-236.27
-5.31,-39.06,-208.74
-8.48,-59.63,-168.88
-10.74,-74.95,-120.73
-14.34,-85.27,-73.00
-18.62,-89.60,-34.06
-20.87,-84.78,-5.92
-12.88,-46.69,10.31
-0.92,-31.80,16.11
5.92,-35.34,8.06
-2.87,-39.55,8.67
-11.66,-36.80,-3.30
-4.70,-31.62,3.78
9.22,-22.34,39.92
24.60,-17.03,95.64
35.89,-6.65,150.51
44.13,5.37,195.37
53.65,9.03,229.19
49.99,10.74,248.35
46.94,9.34,258.00
41.75,12.70,261.78
34.12,7.87,255.31
30.21,0.31,244.14
23.56,-14.16,230.77
16.05,-33.57,209.23
16.66,-62.74,188.66
5.92,-68.05,162.60
5.07,-65.43,135.86
1.71,-67.69,115.72
0.24,-61.46,103.82
-3.97,-56.95,96.56
-3.97,-57.50,92.71
-6.96,-54.32,84.84
-2.26,-52.92,78.43
-7.20,-46.75,71.23
-7.08,-41.87,63.17
-2.75,-44.86,56.09
-0.73,-39.43,47.85
-3.97,-32.90,36.19
-0.67,-16.91,23.13
-1.22,-6.47,11.17
-0.18,-3.66,2.26
2.44,-0.55,-1.34
0.92,1.22,-0.18
















-,-,-
-1.95,1.22,0.00
-2.08,1.34,-0.24
-1.40,1.22,-0.37
-1.04,0.67,-0.24
-0.92,0.06,0.12
-0.79,-0.31,0.49
-0.98,-0.61,0.43
-1.16,-0.61,0.37
-0.98,-0.49,0.37
-0.06,-0.55,0.61
1.89,-1.04,1.71
3.48,-2.14,3.36
3.17,-2.01,3.97
3.97,-2.20,3.11
4.64,-2.87,2.08
5.55,-4.15,1.71
6.10,-4.82,1.83
6.35,-5.49,1.89
6.84,-6.65,2.01
7.63,-8.61,2.56
8.67,-10.93,2.81
9.03,-14.34,2.69
7.14,-17.88,2.08
3.36,-17.58,1.16
-1.46,-12.02,-0.06
-5.55,-4.39,-1.28
-9.09,1.95,-2.62
-11.72,4.64,-4.21
-14.22,6.35,-7.02
-17.88,9.95,-10.62
-21.24,15.81,-12.27
-23.19,22.03,-10.80
-25.09,26.12,-8.67
-27.16,25.45,-7.32
-25.82,17.52,-5.80
-23.25,2.26,-3.66
-21.55,-16.91,-0.06
-17.21,-39.73,6.41
-12.51,-63.66,14.59
-9.34,-80.63,22.71
-5.80,-86.36,28.38
0.24,-68.30,27.22
2.08,-36.01,15.14
28.14,-24.41,10.31
49.26,-18.07,15.50
68.54,-19.29,19.47
88.68,-14.53,23.99
104.25,-18.31,29.42
120.36,-31.86,33.87
133.54,-43.70,33.02
136.29,-45.84,24.66
139.40,-48.34,24.17
133.97,-47.06,27.22
128.54,-37.84,30.33
113.04,-28.26,27.65
95.64,-15.87,17.03
79.53,-12.88,10.80
53.47,-6.35,12.57
26.00,-0.98,7.75
2.75,10.50,1.16
-17.03,11.29,-9.34
-30.64,-2.75,-18.19
-42.42,-17.88,-25.88
-56.95,-27.22,-32.35
-74.52,-18.68,-28.32
-94.97,3.23,-14.71
-116.52,30.09,-6.41
-132.69,56.21,-5.98
-138.92,75.50,-8.54
-138.85,80.57,-9.40
-128.72,69.03,-6.16
-113.04,44.31,2.69
-93.69,11.66,17.82
-72.39,-22.09,36.07
-50.23,-53.22,54.69
-32.84,-60.97,58.65
-37.66,-52.25,21.00
17.21,-20.39,2.44
62.26,6.59,15.56
85.57,22.03,41.75
106.93,9.03,71.66
123.78,-5.25,85.02
144.41,-10.99,81.42
163.27,-21.48,65.80
171.45,-30.21,51.27
158.75,-29.42,38.21
142.52,-23.19,23.74
108.52,-12.02,15.63
71.17,-8.36,6.29
42.30,1.65,-4.46
19.04,11.96,-10.56
5.00,17.88,-17.15
-9.16,21.85,-20.94
-24.72,28.50,-31.56
-41.69,33.87,-58.11
-54.93,43.27,-88.62
-63.66,54.50,-114.32
-68.97,65.06,-136.60
-67.26,63.96,-154.11
-59.94,48.65,-166.02
-54.99,23.99,-171.81
-60.30,-2.75,-167.18
-62.81,-30.52,-147.34
-59.69,-55.11,-111.88
-52.12,-65.61,-71.84
-44.19,-24.96,-47.00
-24.84,-0.55,-30.64
-3.23,2.20,-19.23
-13.92,-5.68,-7.81
-20.94,-8.48,-5.80
-21.73,-2.50,-7.57
-27.22,1.28,-11.29
-25.45,-3.85,-12.70
-7.39,-18.25,10.93
3.05,-15.87,54.57
15.20,-0.92,103.52
23.32,14.47,147.34
36.38,29.17,197.63
42.30,36.68,242.43
47.12,32.65,270.02
55.91,30.46,289.92
56.03,25.09,292.72
56.27,9.16,286.68
47.91,1.40,263.31
38.82,2.20,225.65
29.24,-8.36,182.74
18.98,-20.26,145.45
7.14,-34.00,108.64
2.93,-32.04,78.43
-0.12,-25.15,61.10
-5.19,-23.19,51.33
-10.13,-9.40,37.90
-10.07,1.71,25.51
-3.97,13.43,12.08
-1.65,27.65,-10.62
-2.20,46.33,-53.89
-2.01,75.93,-110.66
8.67,99.06,-169.25
7.63,112.85,-216.92
-0.37,116.33,-251.16
-9.40,110.90,-278.20
-9.40,93.69,-299.19
-8.67,67.26,-311.40
-11.23,34.06,-315.61
-22.40,-2.01,-301.82
-38.57,-36.80,-270.87
-55.48,-64.45,-224.43
-61.83,-83.19,-167.91
-59.02,-96.80,-106.75
-53.65,-106.51,-50.72
-51.94,-111.39,-12.02
-52.98,-72.57,8.48
-31.13,-22.28,-1.71
-9.89,-17.88,-4.46
-18.68,-20.32,2.44
-27.95,-21.30,18.19
-8.73,-13.98,49.99
14.16,6.04,101.26
31.43,28.32,161.56
35.77,48.16,214.54
43.82,48.65,257.39
50.11,42.85,283.20
51.03,48.40,297.30
54.50,40.53,304.57
49.07,12.70,303.41
34.42,4.94,282.10
30.27,0.06,253.60
16.17,-5.92,215.39
4.39,-22.83,166.08
-1.16,-42.60,127.26
-4.52,-48.89,102.66
-4.70,-44.92,94.42
-2.38,-44.19,96.19
3.42,-36.68,100.10
6.59,-29.85,92.04
8.36,-25.76,80.44
7.93,-21.24,66.28
14.59,-22.52,54.81
12.27,-19.29,42.97
6.59,-16.36,28.56
















-,-,-
1.53,-6.65,1.22
1.46,-5.92,1.28
0.98,-6.04,-0.06
0.37,-6.29,-0.61
-0.31,-5.86,-0.06
-0.31,-5.13,0.24
0.61,-4.09,0.24
1.59,-3.11,0.61
1.22,-2.32,0.61
0.24,-2.44,-0.24
-0.37,-2.87,-1.04
-0.43,-2.99,-0.49
-0.18,-2.56,0.49
-0.37,-2.20,1.16
0.67,-2.08,1.53
1.10,-1.65,1.83
0.92,-1.16,2.26
1.89,-0.85,2.93
1.89,-0.92,2.93
0.37,-2.14,2.38
-1.53,-3.97,1.10
-3.60,-5.43,-0.06
-3.23,-5.86,-0.24
-1.77,-5.86,0.49
1.34,-6.23,0.55
3.60,-7.93,0.31
4.88,-8.48,0.98
7.14,-7.32,2.20
11.84,-5.74,4.15
17.58,-3.48,7.08
25.63,-2.26,12.21
34.85,-7.45,17.27
50.05,-19.04,22.46
66.53,-30.15,28.08
81.73,-39.67,25.82
95.28,-45.90,20.20
106.38,-59.63,23.38
112.98,-65.00,27.77
110.96,-68.18,21.06
103.94,-62.68,11.17
89.36,-50.23,9.22
61.71,-27.71,6.23
38.02,-9.34,0.00
22.46,5.68,1.22
11.35,9.83,2.32
2.81,16.42,0.92
-5.86,12.15,-1.59
-11.60,1.89,-5.92
-19.10,-5.49,-10.68
-28.87,-6.90,-16.11
-34.30,1.46,-17.88
-42.72,24.11,-14.77
-49.19,49.93,-7.08
-53.96,69.03,12.27
-61.46,82.09,29.17
-68.73,87.40,31.68
-71.29,84.84,24.05
-68.42,78.31,14.53
-60.55,69.09,10.93
-49.68,56.82,16.36
-40.22,41.75,27.34
-30.52,23.38,40.34
-19.41,2.14,53.83
-8.12,-19.96,68.60
4.94,-43.64,82.95
14.83,-47.30,69.34
13.73,-22.77,33.39
51.03,4.27,20.57
78.25,3.54,31.07
94.73,-31.31,49.99
107.48,-51.57,55.54
127.50,-42.97,43.21
143.01,-25.33,32.47
150.57,-24.72,29.72
145.32,-30.09,28.14
126.28,-34.00,23.74
94.12,-27.95,18.62
56.21,-10.31,10.68
26.06,6.71,1.16
6.10,23.93,0.06
-6.53,38.88,-0.85
-10.07,29.91,-5.31
-18.98,16.36,-11.78
-29.66,10.99,-28.26
-44.92,15.56,-64.94
-55.97,23.86,-103.64
-63.84,35.22,-131.71
-67.26,43.03,-149.17
-69.40,43.15,-163.33
-74.28,35.28,-177.98
-79.96,21.85,-190.61
-80.51,5.86,-195.25
-79.35,-10.93,-186.22
-76.35,-29.48,-164.79
-69.40,-49.62,-130.80
-64.51,-68.66,-88.75
-56.15,-81.85,-43.33
-46.26,-62.01,-13.73
-24.90,-15.20,-1.04
-3.48,-7.63,10.44
-0.55,-17.94,7.51
1.04,-27.65,12.27
13.67,-21.79,23.74
24.11,-5.43,48.46
39.00,4.82,88.44
59.33,10.31,140.99
70.62,19.84,201.60
67.32,37.35,250.37
75.44,45.53,293.21
84.11,36.32,327.51
71.35,22.77,329.10
72.14,1.59,304.26
68.73,-12.27,278.69
54.44,-27.40,249.76
42.05,-27.04,217.77
37.48,-31.92,182.86
35.64,-41.87,155.27
27.89,-40.95,129.46
18.01,-34.36,106.87
3.54,-28.08,82.64
1.53,-23.86,66.22
-4.64,-14.34,53.22
-4.46,-2.08,39.61
-3.60,8.79,20.69
0.49,21.24,-2.26
2.26,34.73,-33.69
4.46,51.70,-79.53
8.61,70.74,-134.09
10.99,82.46,-182.68
11.72,85.57,-219.30
3.85,83.31,-246.70
-5.43,76.78,-268.13
-15.14,65.98,-284.36
-20.32,53.16,-296.14
-24.35,37.35,-301.33
-37.11,19.10,-296.69
-53.71,0.12,-281.25
-68.24,-18.25,-257.81
-83.25,-37.78,-231.02
-100.10,-56.46,-200.56
-105.22,-68.60,-156.19
-95.83,-83.92,-107.85
-81.60,-93.08,-67.32
-73.06,-82.52,-32.10
-44.19,-57.19,-30.09
-5.13,-39.73,-11.54
11.35,-24.66,11.29
12.39,-21.30,26.92
15.14,-17.27,37.60
24.66,-17.33,47.97
50.54,-12.21,80.57
59.14,5.92,125.43
75.32,20.94,177.12
76.54,31.19,230.10
79.96,34.85,276.92
85.33,33.20,308.47
89.84,25.33,330.99
81.85,12.45,339.66
70.25,-7.32,326.66
60.30,-18.92,305.42
60.97,-29.24,281.56
60.61,-44.31,259.58
46.20,-60.36,237.79
30.03,-58.17,207.82
22.95,-61.22,172.79
12.08,-65.80,140.14
5.07,-61.71,114.01
3.91,-56.95,94.67
1.77,-60.55,85.02
3.05,-56.64,71.72
9.28,-55.54,65.61
10.01,-44.49,53.34
14.47,-36.56,44.56
10.38,-33.57,35.64
11.05,-20.57,16.05
11.47,-8.61,3.05
5.98,-3.11,-0.37
4.46,-0.18,-0.85
2.87,2.81,-1.28
0.00,5.49,-2.69
















-,-,-
0.00,-3.91,-0.85
0.12,-3.11,-0.43
0.43,-2.50,-0.06
0.85,-1.83,0.12
0.79,-1.53,0.37
0.85,-1.28,0.61
1.04,-1.16,0.92
1.22,-1.16,1.04
1.16,-1.28,1.22
1.22,-1.34,1.04
1.22,-1.40,1.10
1.34,-1.16,1.16
1.53,-0.98,1.40
1.16,-1.10,1.22
0.92,-1.16,0.98
1.04,-1.16,0.92
1.16,-1.04,1.16
1.22,-0.98,1.04
1.22,-0.85,0.98
1.22,-0.67,0.92
1.22,-0.67,0.98
1.65,-0.43,1.10
1.95,-0.31,1.04
2.01,-0.55,0.98
1.89,-0.61,1.04
2.20,-0.79,0.79
3.42,-0.31,0.67
4.94,0.79,0.43
9.40,2.08,0.92
21.61,1.28,3.91
40.83,-7.20,12.39
65.55,-18.74,28.14
86.12,-22.34,37.66
108.76,-35.77,41.02
128.48,-44.92,50.90
143.25,-48.77,58.35
150.09,-47.30,65.73
156.68,-47.30,71.84
154.66,-43.70,73.30
146.48,-34.48,54.50
131.29,-26.86,39.73
110.90,-19.84,29.05
96.01,-15.38,33.33
73.30,-2.50,37.29
54.20,2.08,27.53
32.17,6.35,15.50
12.08,10.25,5.43
-6.90,12.94,0.73
-24.35,14.34,-6.10
-38.45,8.73,-13.00
-50.11,0.37,-17.94
-62.74,1.83,-22.46
-75.32,23.13,-19.10
-89.11,51.88,-5.25
-105.29,75.93,1.89
-121.15,91.67,-3.85
-128.05,95.95,-16.85
-128.05,88.87,-29.30
-124.69,74.16,-35.28
-117.74,57.13,-32.90
-104.98,40.22,-23.38
-90.58,22.40,-8.36
-76.66,5.07,10.86
-64.21,-11.66,33.51
-49.93,-32.04,55.73
-34.48,-56.95,70.86
-23.38,-63.72,43.09
0.12,-51.82,-0.37
53.04,-26.31,-6.35
90.39,-20.81,16.66
113.28,-35.28,47.06
136.72,-31.01,54.99
154.66,-17.52,60.67
160.77,-19.65,62.13
157.65,-26.00,57.50
138.24,-20.14,49.87
102.72,-3.72,39.73
73.85,5.68,35.40
47.42,15.44,31.25
27.16,27.77,26.12
16.48,27.28,22.58
5.49,27.10,20.39
-6.29,26.55,13.18
-18.49,27.34,1.71
-31.56,35.22,-14.47
-41.50,37.66,-34.18
-48.28,42.05,-60.55
-50.17,46.94,-91.06
-48.28,48.03,-122.07
-44.98,45.47,-152.65
-36.25,34.30,-178.16
-29.91,17.03,-193.12
-26.06,-4.46,-192.99
-19.84,-27.77,-172.79
-15.08,-46.88,-134.70
-10.62,-60.55,-86.43
-9.52,-70.37,-37.60
-14.65,-76.23,3.72
-24.35,-68.36,30.15
-23.13,-23.25,15.14
-13.49,-11.47,4.27
-17.88,-18.19,-3.23
-26.00,-18.86,4.03
-25.09,-5.31,23.25
-7.81,14.28,50.35
8.67,28.81,85.57
20.69,38.57,128.54
27.40,46.51,167.60
34.67,55.30,206.60
39.37,65.19,238.22
41.44,60.61,264.59
33.57,50.84,273.68
27.47,43.82,271.67
29.72,28.63,256.90
21.97,6.84,239.44
14.34,-4.03,221.92
7.32,-21.06,199.46
-0.85,-30.70,168.70
-3.54,-25.45,136.47
-3.78,-6.96,102.72
-2.26,-5.37,82.09
-5.98,-4.52,67.63
-3.17,-0.98,54.14
-9.83,5.80,29.24
-6.77,12.33,3.36
0.18,19.53,-10.86
2.81,26.98,-30.52
5.00,39.61,-66.47
7.87,56.09,-112.73
13.85,71.35,-159.48
16.30,84.35,-195.19
15.50,89.72,-218.69
15.01,83.62,-234.31
14.47,68.54,-244.02
15.81,44.62,-246.77
19.90,13.79,-239.99
21.18,-17.33,-224.98
19.65,-43.33,-205.26
9.16,-64.76,-180.79
-2.08,-79.59,-156.43
-11.84,-87.46,-134.16
-18.49,-90.21,-113.89
-23.38,-88.32,-91.19
-24.54,-59.14,-68.30
-11.72,-15.56,-45.72
2.01,-8.12,-22.52
4.58,-10.07,0.12
1.16,-12.39,10.99
-3.05,-16.91,3.17
-5.68,-21.97,-7.63
-4.64,-25.94,-13.12
-2.26,-28.08,-7.93
4.82,-26.18,17.76
9.22,-18.55,61.77
13.49,-8.48,110.96
12.76,5.80,158.57
15.14,27.47,209.53
23.99,36.25,252.87
27.10,47.67,278.32
38.94,39.98,300.90
35.83,32.59,319.46
26.25,26.00,318.85
24.78,11.60,307.37
23.13,-4.15,283.39
24.23,-28.02,244.57
21.18,-53.89,194.46
14.77,-63.42,149.72
15.75,-60.49,124.82
2.69,-42.85,104.98
-0.24,-32.65,78.92
-1.65,-25.82,58.59
-6.35,-13.43,32.41
-4.58,-7.81,7.93
-0.37,-3.48,-5.92
2.14,0.92,-5.74
0.12,5.37,-1.77
-1.46,8.85,0.31
-2.20,10.99,0.12
-3.42,11.66,-0.12
-4.88,12.27,-0.31
