-,-,-
2.20,-1.28,1.53
3.60,-1.65,0.92
4.15,-2.38,0.37
4.21,-3.48,-0.49
3.54,-4.88,-1.22
2.44,-5.86,-1.89
1.46,-6.41,-2.38
-0.31,-6.59,-2.50
-0.61,-6.23,-2.62
-0.49,-5.49,-2.81
-0.24,-4.33,-2.99
0.06,-3.36,-2.62
0.43,-2.44,-2.26
0.67,-2.26,-1.89
1.04,-2.38,-0.67
0.55,-2.44,1.22
1.46,-1.95,2.14
1.46,-2.20,1.04
-0.43,-2.62,1.89
-1.10,-2.75,5.19
-1.04,-2.69,4.03
-0.73,-1.77,-2.50
-1.77,-1.59,-5.62
-3.17,-2.08,-5.92
-4.09,-2.62,-6.71
-5.00,-3.11,-8.06
-5.98,-3.78,-9.16
-6.96,-3.85,-9.16
-7.08,-3.30,-5.80
-5.80,-2.08,7.32
-5.31,1.40,25.33
-3.05,-1.95,27.83
-3.97,-4.33,34.42
-7.26,-4.88,50.29
-8.12,-3.72,64.64
-7.32,-1.04,75.20
-5.86,6.47,79.53
7.69,11.29,99.37
20.57,15.20,112.30
24.54,16.30,125.61
27.95,11.84,140.56
26.98,17.70,152.40
26.00,10.50,145.51
22.71,3.11,133.24
18.31,-1.65,109.13
12.76,-6.53,84.29
5.68,-14.83,67.20
1.40,-16.30,42.72
0.73,-20.32,22.95
-5.07,-27.22,4.21
-14.40,-30.76,-16.24
-27.04,-27.16,-36.13
-43.76,-10.56,-58.59
-59.02,17.94,-78.86
-73.85,48.34,-87.77
-87.95,74.40,-85.75
-96.37,92.16,-78.12
-102.17,99.85,-68.18
-104.55,96.37,-57.62
-103.15,83.37,-47.06
-97.66,63.78,-36.13
-87.10,39.49,-23.56
-76.05,13.67,-7.87
-68.36,-9.28,10.56
-62.50,-28.99,27.71
-57.56,-44.74,41.38
-55.24,-50.96,30.82
-48.71,-30.09,-0.67
-14.16,31.92,4.15
17.27,41.08,14.28
17.88,11.17,17.70
29.05,9.16,15.56
43.27,-3.23,27.47
55.18,-26.61,38.09
73.55,-41.26,36.38
86.06,-57.68,37.66
89.42,-66.41,37.90
90.82,-69.58,29.97
95.95,-69.58,22.83
105.04,-72.08,22.83
119.63,-69.70,20.14
133.97,-69.58,16.11
144.35,-73.30,13.85
147.95,-70.43,17.33
146.24,-61.89,21.12
144.29,-54.26,21.73
153.63,-28.32,16.54
134.16,12.39,13.49
146.18,-46.94,14.53
144.35,-47.49,6.59
130.55,-49.87,0.61
124.39,-60.12,12.94
108.76,-65.00,26.98
89.54,-74.83,27.83
63.66,-81.18,20.32
38.27,-85.63,18.49
20.14,-79.16,27.04
9.46,-61.89,28.63
4.33,-38.94,22.46
0.43,-13.06,10.56
-2.75,12.63,-12.45
-6.71,38.51,-41.93
-10.19,60.67,-72.02
-9.77,74.58,-99.85
-11.72,78.37,-125.06
-21.97,73.00,-150.76
-34.85,58.90,-178.34
-49.87,42.18,-204.35
-60.18,28.44,-221.62
-68.91,20.08,-225.65
-78.67,16.42,-215.58
-86.55,13.98,-195.19
-89.72,8.36,-168.15
-87.04,-1.28,-136.72
-82.28,-15.01,-104.13
-77.94,-33.81,-74.34
-77.82,-53.34,-51.64
-82.89,-69.21,-37.17
-84.47,-75.99,-29.11
-47.79,-65.86,-29.91
-15.38,-43.46,-26.86
-39.55,-32.59,-0.61
-55.48,-27.16,25.57
-49.50,-26.37,44.80
-34.61,-25.94,40.65
15.08,-16.48,-16.72
24.54,7.87,-19.23
16.97,25.02,-1.95
36.99,21.30,18.07
51.09,11.41,48.83
50.48,9.77,75.56
49.19,8.61,94.36
51.27,2.69,112.92
51.64,4.94,125.85
50.29,12.15,139.34
46.57,19.53,149.54
42.79,22.09,151.79
38.51,23.80,150.21
35.16,19.84,143.01
29.72,16.05,132.02
18.19,13.92,130.98
23.74,10.31,102.05
16.05,10.68,137.70
14.83,7.20,156.74
17.52,9.70,149.78
22.40,16.66,137.15
17.33,20.51,131.90
13.00,23.86,116.70
15.38,18.19,103.03
21.12,13.73,97.53
23.74,15.08,99.37
24.84,13.61,95.15
17.03,17.52,92.29
5.07,15.99,89.97
1.71,11.96,89.78
1.46,12.45,85.75
1.53,8.36,67.26
4.39,5.43,50.17
4.21,-2.81,42.05
4.09,-5.92,38.33
2.81,-7.45,30.15
2.62,-7.08,18.80
2.62,-5.07,4.46
4.64,-5.92,-2.20
5.25,-8.54,-2.87
4.82,-12.51,-0.67
4.15,-16.30,0.61
5.43,-19.59,0.18
7.26,-23.13,-0.98
8.54,-27.04,-3.36
7.63,-29.60,-8.48
3.60,-27.95,-25.57
-0.06,-22.28,-56.03
-2.75,-12.70,-87.10
-3.54,-0.31,-110.84
-2.20,14.59,-126.65
1.28,30.40,-136.11
1.10,43.88,-141.60
-3.30,50.78,-142.88















-,-,-
-1.95,-3.60,-3.72
-1.71,-3.23,-3.66
-2.62,-2.69,-4.58
-3.66,-2.38,-6.65
-2.44,-2.50,-8.79
-1.53,-3.05,-9.46
-1.77,-3.11,-8.97
-0.67,-2.81,-8.48
-0.18,-2.50,-7.39
-0.49,-2.08,-6.77
-0.31,-1.59,-7.45
0.37,-1.83,-8.12
0.61,-2.08,-8.30
1.04,-2.44,-8.00
0.12,-2.69,-6.84
-0.06,-3.17,-5.13
0.31,-3.72,-3.30
1.40,-4.33,-1.53
2.08,-5.55,0.18
2.08,-6.90,1.22
1.95,-7.81,1.83
1.65,-8.18,2.44
1.46,-8.06,2.62
0.61,-8.54,3.36
-0.73,-9.46,5.00
-1.34,-10.50,5.25
0.18,-11.78,2.69
4.27,-12.57,-0.61
5.13,-13.06,-1.04
2.26,-11.96,-1.28
1.28,-8.67,-1.04
1.53,-7.81,1.28
1.04,-8.00,0.92
-0.55,-8.24,1.34
-1.71,-7.26,4.88
-2.62,-5.80,14.53
-6.65,-1.65,34.30
-7.39,4.64,55.73
-4.46,11.05,87.59
0.79,18.80,114.87
7.02,30.15,137.70
14.53,36.32,158.94
20.75,37.29,176.03
24.35,36.99,184.81
24.48,28.26,183.35
22.03,21.00,177.73
18.25,5.37,161.74
8.18,-12.33,131.65
-0.98,-27.59,99.85
-6.16,-36.62,80.14
-11.11,-40.28,64.09
-16.17,-44.01,48.46
-22.95,-48.58,34.36
-31.13,-49.01,18.62
-42.11,-41.50,-0.55
-54.14,-23.68,-21.91
-66.41,2.14,-45.65
-79.65,26.31,-69.15
-97.41,47.18,-89.36
-114.50,65.49,-101.32
-124.94,82.40,-102.23
-129.03,94.97,-90.82
-127.56,100.77,-71.84
-118.23,96.74,-50.29
-103.76,83.13,-30.09
-85.69,62.07,-12.33
-65.43,35.52,3.54
-57.01,7.87,18.31
-51.27,-18.55,28.26
-43.09,-42.24,34.12
-32.29,-59.02,35.52
-13.67,-45.29,18.37
2.38,-1.95,30.64
33.75,34.97,27.10
57.13,18.25,5.68
62.56,-17.52,1.40
71.41,-28.75,8.85
87.34,-39.00,15.44
102.42,-55.66,22.03
113.65,-65.43,25.88
124.02,-70.74,28.99
132.14,-72.63,30.33
138.00,-68.97,28.02
143.25,-62.99,27.89
152.65,-60.24,28.44
160.52,-53.41,21.73
165.71,-50.23,13.67
165.65,-48.28,12.15
162.05,-18.13,7.08
143.98,2.01,1.77
156.49,-42.18,5.92
141.36,-38.45,0.06
131.65,-41.87,-13.73
121.15,-40.65,-15.38
104.74,-38.82,-4.33
93.38,-36.44,2.93
79.65,-39.49,1.71
65.43,-48.40,-2.44
50.48,-61.16,-2.69
36.62,-70.98,-5.49
24.23,-72.02,-7.32
16.78,-75.26,-7.75
12.70,-65.49,-12.88
4.94,-48.16,-24.11
-3.48,-24.17,-40.10
-15.20,-0.67,-63.35
-28.50,22.16,-93.02
-38.33,40.71,-126.16
-42.85,51.39,-160.40
-41.99,50.60,-190.86
-39.79,40.71,-210.27
-41.38,26.18,-213.56
-48.52,10.93,-200.87
-53.41,-1.53,-178.89
-54.26,-9.52,-152.83
-58.47,-13.55,-125.00
-62.74,-13.00,-101.99
-66.47,-10.62,-88.38
-68.30,-9.83,-82.76
-69.40,-10.74,-80.20
-71.66,-13.55,-75.93
-68.36,-17.09,-68.60
-44.92,-16.36,-58.11
-57.25,-23.38,-30.15
-67.75,-33.14,0.31
-46.33,-39.55,23.13
-0.92,-26.55,37.23
7.14,-2.93,28.99
19.35,14.28,0.85
-14.47,19.59,9.58
-13.37,12.45,21.91
5.37,4.03,37.29
17.70,5.31,57.19
21.55,10.19,80.02
24.96,15.08,98.45
30.76,19.29,121.70
41.87,18.37,134.95
47.85,15.20,138.67
45.29,19.59,140.75
36.87,16.91,140.01
33.26,14.10,143.92
31.80,18.43,151.86
32.53,30.58,159.67
36.87,38.33,166.93
31.01,35.16,148.50
30.58,34.48,148.01
24.48,31.92,159.18
17.03,32.65,157.84
18.01,36.07,143.92
16.48,34.18,137.21
11.23,30.70,125.73
8.00,29.05,109.74
6.90,26.55,105.65
4.27,24.05,103.03
0.79,19.78,90.03
1.83,14.65,83.74
-1.28,8.61,75.68
-1.77,5.55,61.22
-0.43,4.58,57.62
-0.92,2.87,55.60
0.06,7.26,50.29
2.93,4.46,42.72
3.17,1.04,32.47
4.70,-0.37,19.41
3.66,-3.54,16.97
4.88,-5.25,3.78
6.65,-10.31,-3.72
7.63,-13.06,-4.21
7.75,-14.22,-0.73
6.35,-15.56,2.20
5.37,-16.72,3.91
5.19,-18.49,4.58
6.04,-20.81,4.27
7.32,-23.25,2.75
8.85,-25.39,0.18
8.36,-27.16,-4.58
6.84,-24.60,-19.65
5.07,-17.33,-44.37
0.24,-10.74,-67.26















-,-,-
0.43,-2.08,-2.62
0.55,-1.71,-2.62
0.79,-1.34,-2.38
0.98,-1.16,-2.38
1.22,-0.73,-2.26
1.59,0.06,-2.44
1.71,0.61,-2.44
1.83,0.98,-2.56
2.14,0.98,-2.99
1.95,0.67,-3.05
1.53,0.00,-2.81
1.10,-0.67,-2.81
0.37,-1.46,-2.69
-1.04,-2.32,-2.50
-1.95,-2.75,-2.38
-2.62,-3.23,-2.26
-2.62,-3.23,-1.89
-1.89,-2.69,-1.40
-1.22,-2.08,-0.92
-0.31,-1.16,-0.49
0.43,-0.18,0.06
0.73,0.61,0.61
0.06,0.85,0.98
-1.28,0.98,0.98
-2.20,0.67,0.79
-2.01,0.73,0.92
-1.28,1.04,0.98
-1.10,1.04,1.34
-1.28,0.55,1.53
-2.08,0.43,1.46
-4.52,0.31,1.71
-8.18,0.55,3.48
-7.51,1.59,10.99
-7.93,9.22,35.95
-7.32,17.33,63.17
-1.83,20.87,83.25
5.31,23.19,96.31
8.79,28.87,99.37
9.77,27.28,98.82
7.57,25.21,104.06
4.94,30.33,104.55
9.52,30.21,99.79
9.16,32.78,102.97
8.36,34.61,103.58
6.35,40.22,105.41
1.89,42.48,101.75
-6.41,34.36,88.87
-8.24,29.66,73.67
-13.67,27.71,57.68
-17.15,20.26,37.54
-23.86,6.29,30.46
-27.59,1.71,19.17
-31.92,-3.54,4.27
-42.66,-10.44,-7.26
-56.15,-15.44,-27.22
-66.89,-12.70,-55.30
-78.67,-8.97,-80.69
-88.75,-5.00,-96.37
-99.06,-1.16,-100.28
-108.46,4.09,-93.87
-109.37,13.73,-79.35
-106.99,44.01,-60.49
-101.44,86.61,-42.42
-80.32,107.97,-27.10
-73.36,105.04,-17.88
-69.58,89.11,-12.08
-65.49,69.46,-4.94
-60.79,45.17,5.43
-55.91,18.25,18.55
-52.06,-6.77,29.79
-50.78,-27.40,30.21
-40.89,-40.22,4.09
-25.82,-19.47,13.18
3.23,-1.65,22.46
25.76,-3.48,26.43
39.06,-8.06,32.41
51.21,-9.09,41.50
62.74,-11.47,41.20
75.32,-20.02,40.34
86.55,-28.44,40.95
98.21,-34.55,43.09
106.51,-40.95,45.17
116.09,-44.43,41.56
125.92,-44.37,46.81
135.99,-42.72,53.16
147.83,-41.81,42.05
161.50,-41.75,31.31
167.05,-46.39,21.48
173.83,-51.09,14.71
176.21,-48.46,13.18
178.34,-26.73,-1.04
172.18,9.40,-13.31
185.91,-41.81,8.54
181.03,-38.39,17.70
167.05,-35.34,5.07
150.21,-44.62,-1.04
120.85,-50.17,0.98
99.98,-58.41,-3.85
80.02,-70.07,0.18
59.94,-75.20,-3.17
44.07,-85.45,-9.40
28.93,-82.21,-20.51
14.53,-72.81,-35.58
1.77,-53.89,-53.89
-12.02,-31.49,-78.67
-25.33,-7.45,-108.76
-37.78,13.98,-138.49
-49.01,31.01,-163.02
-61.58,42.79,-180.11
-75.32,50.17,-192.02
-84.96,51.70,-199.28
-88.62,45.65,-203.00
-88.87,33.33,-201.54
-84.90,18.19,-191.59
-81.12,3.36,-171.94
-78.67,-12.76,-143.31
-75.01,-28.20,-108.40
-80.99,-41.50,-72.27
-78.67,-49.56,-43.64
-77.51,-50.60,-28.75
-88.87,-60.00,-16.30
-85.51,-65.92,-11.66
-54.38,-60.85,-14.83
-46.33,-53.28,-6.10
-55.91,-42.60,8.67
-47.97,-32.90,-30.70
-23.74,-36.13,-59.08
-48.40,-19.47,-39.18
-42.66,-8.54,-9.64
-30.40,-4.03,15.20
-31.19,4.70,31.62
-31.25,11.11,42.18
-23.44,14.34,47.73
-19.65,19.04,55.54
-10.25,19.04,56.46
-5.49,24.78,61.16
8.54,23.68,64.09
10.01,33.02,74.40
21.06,29.54,84.53
31.01,22.03,96.19
30.21,32.90,106.81
34.18,46.88,116.88
41.87,49.19,134.89
46.14,40.28,144.90
39.67,43.70,149.29
35.46,39.31,140.50
33.33,28.44,133.85
27.77,30.70,98.33
35.28,28.69,113.22
33.20,30.33,134.64
27.16,33.57,143.49
22.46,37.23,138.61
18.49,31.49,127.87
10.68,34.42,110.41
9.52,30.76,93.93
7.39,25.82,79.96
7.45,25.88,81.36
5.43,22.95,76.72
9.77,16.48,79.22
9.46,18.37,86.12
7.57,15.99,74.89
9.28,12.21,67.81
8.18,10.74,65.67
9.89,5.25,65.67
6.65,-3.17,59.57
5.86,-6.77,46.26
5.49,-11.60,40.22
2.62,-13.73,45.53
2.26,-15.99,47.00
5.92,-16.85,44.07
8.79,-17.09,41.02
10.62,-20.02,39.25
11.17,-20.69,30.46
10.74,-20.08,16.24
10.99,-22.71,5.98
14.34,-26.49,0.67
15.63,-30.52,-4.03
13.18,-34.61,-15.08
8.18,-35.58,-34.00















-,-,-
1.22,-0.18,0.24
0.24,-0.12,0.31
0.37,-0.24,0.43
1.16,-0.37,0.55
1.65,-0.43,0.79
1.89,-0.61,1.22
2.26,-0.92,1.40
2.56,-0.92,1.59
2.14,-1.22,1.89
2.20,-0.98,2.08
2.14,-0.98,2.01
2.26,-0.92,2.01
2.87,-0.55,2.14
3.23,-0.24,2.62
3.85,-0.18,3.30
4.58,-0.18,3.48
4.46,-0.43,3.48
3.78,-0.85,2.87
2.81,-1.34,2.20
1.89,-1.53,1.71
-0.18,-2.01,1.46
0.61,-2.01,1.40
1.53,-1.83,1.10
0.31,-1.40,0.79
-0.73,-0.85,0.31
-1.40,-0.67,0.00
-2.69,-0.31,-0.06
-3.60,0.67,-0.24
-5.37,1.89,-0.55
-7.69,2.93,-0.79
-10.07,3.17,-0.55
-11.35,4.09,5.92
-10.74,7.39,19.04
-9.28,10.25,35.10
-3.72,12.27,58.53
-1.04,21.85,83.56
3.66,26.86,105.83
8.30,32.23,121.34
11.47,43.82,137.33
10.56,45.41,144.71
7.08,47.97,148.62
4.21,44.68,147.83
2.75,43.03,146.12
3.23,48.16,141.60
3.54,54.14,141.24
-1.22,52.06,134.28
-8.24,38.64,115.97
-7.87,30.82,88.07
-7.02,23.32,76.42
-12.94,4.88,62.93
-12.63,-3.17,50.78
-18.13,-13.85,36.13
-21.42,-21.91,20.69
-23.86,-26.25,6.16
-25.02,-27.95,-4.94
-29.17,-24.35,-23.32
-37.11,-17.58,-55.91
-49.38,-4.76,-93.20
-65.19,11.29,-118.90
-83.19,28.81,-126.53
-96.80,48.46,-119.63
-103.39,66.89,-105.04
-105.65,79.22,-87.59
-101.56,82.28,-69.09
-93.08,76.17,-52.67
-84.59,62.87,-40.34
-75.07,44.01,-30.82
-63.60,23.56,-20.57
-63.23,3.54,-7.51
-57.92,-13.61,5.43
-52.19,-25.82,14.95
-45.17,-24.05,-0.18
-27.95,-8.61,-2.26
-0.98,11.17,8.30
21.61,7.69,16.60
31.37,2.20,22.71
51.09,-7.26,30.33
67.69,-13.98,38.21
83.01,-28.69,45.10
94.36,-42.60,52.37
102.48,-55.91,55.18
107.36,-66.65,57.50
107.54,-67.26,59.75
113.34,-66.77,54.99
121.83,-67.08,52.61
133.30,-64.15,48.22
146.55,-58.35,45.17
163.02,-60.61,43.33
172.91,-57.19,35.28
180.42,-43.09,21.91
166.75,2.62,0.79
175.29,-56.15,12.21
169.07,-54.50,16.24
152.28,-43.15,2.38
141.30,-40.71,-3.78
114.32,-38.21,13.98
89.05,-34.55,22.28
65.92,-36.74,18.07
46.08,-38.51,11.60
34.06,-49.32,5.74
26.92,-54.08,1.77
15.99,-48.34,-9.22
11.05,-36.50,-34.55
7.57,-19.29,-67.75
0.31,0.49,-104.68
-12.45,21.36,-141.60
-18.80,35.40,-174.38
-26.92,41.63,-201.17
-36.56,41.38,-220.28
-43.27,33.14,-229.25
-47.67,17.58,-225.16
-51.94,-0.12,-209.53
-57.43,-15.38,-187.50
-69.58,-27.65,-163.27
-78.80,-35.16,-140.08
-86.36,-36.44,-122.25
-93.44,-36.07,-110.47
-98.21,-38.70,-99.18
-92.35,-43.64,-85.57
-61.77,-40.83,-75.26
-60.00,-45.35,-55.11
-65.37,-54.87,-23.93
-63.48,-62.13,1.65
-25.82,-59.51,17.46
-14.34,-49.01,24.84
8.61,-28.14,-20.32
6.41,-19.10,-22.40
-18.43,2.01,4.82
1.71,9.28,25.02
21.97,-1.65,47.55
26.61,-4.76,68.91
24.48,-1.65,88.62
28.75,-3.17,110.11
26.86,6.71,130.13
35.34,15.63,138.92
40.83,20.32,150.63
47.12,26.37,158.57
53.34,30.82,166.87
55.54,39.86,176.09
60.06,55.54,182.62
68.85,52.98,191.16
70.37,47.73,195.13
55.79,47.79,187.50
41.99,34.24,167.48
21.18,31.62,114.99
13.79,28.02,113.59
6.10,31.37,127.38
2.32,35.71,139.59
5.43,47.79,143.62
8.36,47.85,146.48
6.29,52.00,143.86
7.08,49.13,134.03
5.74,39.98,118.16
1.59,32.96,106.20
-8.54,18.80,89.54
-10.99,11.96,81.73
-11.60,5.07,87.46
-6.23,9.40,86.24
0.06,11.35,90.03
3.23,12.33,90.70
5.49,13.18,89.54
4.15,10.44,73.30
3.48,6.35,54.02
2.32,0.49,41.56
1.89,-3.97,29.05
2.38,-5.74,19.84
2.26,-6.77,7.93
2.81,-10.01,-2.08
3.42,-13.85,-3.72
2.87,-17.46,-2.26
1.59,-21.00,-3.05
-0.98,-25.27,-5.19
-1.53,-29.30,-8.30
-0.92,-30.58,-12.51
-2.38,-29.66,-21.48
-5.00,-27.28,-37.35
-7.75,-17.82,-55.30
-13.06,-6.16,-68.85
-19.35,2.01,-75.62















-,-,-
-6.77,-4.52,5.31
-7.26,-6.41,5.31
-10.62,-7.26,4.52
-14.89,-7.08,2.93
-20.87,-5.68,1.28
-26.18,-4.70,0.43
-28.87,-4.52,0.12
-26.67,-4.64,-2.20
-21.79,-5.25,-4.39
-19.47,-7.14,-4.33
-20.57,-9.70,-3.11
-22.28,-13.85,-2.38
-21.36,-20.26,-2.62
-18.80,-25.82,-3.23
-16.42,-30.21,-3.30
-15.32,-32.65,-2.50
-14.83,-31.68,-0.85
-13.37,-28.38,1.10
-10.93,-24.35,3.60
-9.95,-21.06,6.29
-8.91,-19.41,8.48
-7.26,-19.53,10.01
-4.39,-21.06,10.62
-1.22,-23.86,11.17
1.89,-28.02,11.60
3.66,-32.04,11.41
4.03,-33.39,10.93
4.88,-33.08,12.51
8.42,-31.74,17.15
8.91,-28.93,23.07
7.08,-26.92,28.44
2.62,-18.43,25.27
4.70,-9.28,9.83
1.10,-2.99,21.18
-1.46,3.11,42.30
0.73,12.51,67.08
6.04,20.81,89.48
10.99,23.25,106.81
10.25,35.03,122.31
13.49,39.43,136.60
12.27,50.60,144.41
13.73,52.00,149.11
12.51,46.94,152.89
9.40,41.56,152.59
7.39,41.63,150.63
2.32,36.32,149.96
-4.46,37.66,145.51
-8.91,37.29,137.21
-14.95,20.45,123.41
-22.64,7.39,94.85
-25.76,-5.19,70.37
-29.48,-16.05,54.50
-34.61,-25.33,39.86
-37.23,-27.34,14.77
-40.28,-26.12,-6.65
-46.57,-19.71,-25.57
-53.28,-8.24,-51.09
-60.55,5.00,-79.10
-67.87,17.46,-100.95
-75.93,29.97,-112.61
-82.95,40.47,-114.87
-89.84,46.94,-108.52
-94.73,49.93,-95.46
-93.99,49.38,-78.55
-87.16,44.25,-60.49
-81.48,36.13,-41.20
-72.45,24.60,-20.26
-66.83,9.28,0.06
-63.48,-5.86,11.54
-57.86,-11.23,-4.70
-41.44,0.61,-4.03
-15.63,9.77,5.62
0.73,-0.18,13.00
10.31,-4.27,21.00
26.98,-4.94,30.94
45.04,-11.84,42.91
60.00,-15.99,47.42
75.87,-31.13,46.45
87.40,-42.05,50.66
94.12,-48.28,54.99
102.54,-53.77,58.35
109.25,-56.09,60.67
118.35,-54.57,57.62
128.78,-52.25,53.96
141.72,-45.96,51.15
151.79,-40.59,45.10
163.88,-42.60,37.23
169.92,-39.18,28.93
173.71,-37.54,18.25
176.70,1.04,4.21
169.68,-7.57,1.71
182.37,-39.49,3.48
167.97,-29.24,0.55
155.52,-33.69,-5.43
136.11,-34.55,-2.20
109.62,-32.96,4.88
86.55,-40.95,4.94
67.81,-51.64,-0.61
48.40,-61.52,-10.25
36.93,-72.94,-21.55
29.11,-77.88,-28.56
23.38,-75.44,-36.62
18.37,-62.01,-54.99
10.86,-41.93,-81.79
0.73,-19.96,-113.16
-13.85,0.61,-145.02
-26.55,16.54,-173.22
-39.67,26.18,-195.98
-46.69,29.97,-212.40
-51.51,28.81,-221.62
-56.70,21.61,-222.60
-61.89,9.70,-214.23
-70.98,-1.16,-196.84
-81.48,-9.46,-172.73
-91.55,-15.99,-145.69
-96.37,-21.79,-122.01
-98.14,-30.03,-103.21
-97.41,-41.44,-86.43
-85.75,-48.16,-70.86
-73.73,-47.12,-55.79
-75.01,-49.50,-30.15
-73.49,-46.69,-3.30
-38.21,-37.60,16.60
-6.65,-25.33,32.29
6.71,-18.37,-8.85
22.52,-19.53,-38.15
-26.86,2.99,-22.46
-13.12,15.75,6.65
-0.31,14.77,28.63
13.43,8.91,50.48
21.97,-4.52,81.73
18.80,-2.20,108.28
24.54,-1.04,134.64
32.10,10.99,152.71
42.24,28.02,160.34
56.58,34.67,171.87
62.87,38.15,184.27
64.09,43.15,190.00
63.05,49.38,195.68
63.60,56.88,194.64
61.95,58.41,184.14
45.72,63.72,167.85
40.53,57.19,141.66
25.45,48.03,159.79
15.38,38.02,165.89
14.10,43.88,155.88
12.08,44.07,142.33
3.72,46.94,130.31
-2.08,50.66,123.47
-1.40,47.42,115.84
4.27,42.91,111.02
3.72,39.12,105.96
1.89,28.50,94.85
2.56,19.90,93.93
3.05,15.20,93.69
2.32,15.87,94.48
2.14,11.78,95.46
2.93,6.23,87.10
3.97,2.50,74.46
4.27,-2.75,69.09
1.04,-4.52,51.57
-4.27,-4.09,35.58
-8.79,-4.58,31.31
-10.07,-3.30,31.01
-8.42,-2.87,27.95
-6.47,-3.30,24.35
-2.69,-5.00,15.87
0.12,-6.65,10.25
3.60,-8.91,6.96
7.63,-8.06,8.42
9.46,-8.18,6.77
9.22,-11.23,2.93
5.68,-14.83,-2.56
0.67,-18.92,-10.07
-5.19,-22.52,-23.25
-10.07,-26.31,-37.66
-13.24,-28.50,-48.58
-16.05,-24.60,-53.04
-19.41,-17.76,-51.03















-,-,-
-5.19,-1.77,1.10
-4.39,-0.43,1.59
-3.66,0.67,1.77
-2.81,1.59,1.77
-2.20,1.53,1.95
-1.59,1.34,1.59
-1.34,0.85,1.40
-1.71,0.06,1.16
-1.89,-0.67,1.04
-1.59,-1.22,0.61
-1.40,-1.65,0.43
-1.04,-1.65,0.49
-0.37,-1.40,0.49
0.00,-0.98,0.31
0.06,-0.61,0.06
0.06,-0.06,-0.24
0.24,0.49,-0.49
0.00,0.73,-0.79
-0.24,0.73,-1.10
0.00,0.73,-1.65
0.61,0.67,-2.01
1.10,0.79,-2.01
1.34,0.92,-2.01
1.65,0.85,-1.77
1.16,0.73,-1.59
-0.37,0.00,-1.89
-2.87,-1.10,-2.38
-5.62,-2.26,-2.32
-7.08,-3.23,0.61
-8.30,0.00,16.60
-12.51,4.52,25.27
-10.38,-3.48,13.18
-7.51,-5.68,31.49
-11.11,3.05,75.44
-7.08,21.24,105.83
9.28,40.41,118.90
27.10,46.39,131.35
32.71,28.26,145.63
33.69,29.66,156.31
41.69,41.50,154.79
53.47,45.17,156.68
48.28,46.20,149.41
44.49,46.45,142.33
39.79,52.61,138.12
29.24,61.71,123.90
17.52,52.06,105.96
1.40,37.17,83.98
-8.48,22.64,60.18
-15.50,4.76,41.63
-18.74,-10.80,15.99
-21.12,-21.42,-7.39
-27.89,-23.68,-27.40
-38.09,-19.96,-48.71
-51.88,-7.75,-72.27
-65.31,8.85,-92.29
-78.98,28.81,-99.55
-92.96,50.11,-96.31
-94.73,70.74,-87.34
-89.11,87.34,-75.32
-82.21,96.86,-62.68
-78.00,97.29,-50.35
-70.68,89.05,-37.11
-63.54,74.52,-21.55
-61.95,55.66,-5.25
-56.09,34.73,10.86
-50.66,13.12,25.09
-47.36,-6.04,30.40
-42.66,-18.25,5.19
-26.73,-4.52,5.55
1.34,5.37,22.71
22.03,2.20,33.26
38.15,-0.18,39.00
59.27,-5.00,43.52
75.32,-13.06,45.04
89.17,-31.07,48.77
98.51,-37.84,51.51
108.03,-48.77,55.11
116.39,-56.52,58.96
121.40,-52.73,62.44
133.00,-50.66,62.07
141.48,-50.96,55.73
150.45,-52.25,42.18
159.91,-47.24,30.70
165.41,-46.81,21.85
174.07,-43.64,13.49
179.14,-41.32,6.90
189.51,-21.06,-1.10
177.73,7.32,-11.72
181.88,-48.83,-6.77
170.17,-52.86,-15.08
152.71,-55.97,-26.92
130.55,-56.64,-18.80
116.76,-52.12,-11.84
99.37,-45.72,3.54
85.21,-46.69,3.91
65.25,-49.68,-0.37
44.98,-62.56,-0.49
28.87,-68.12,-1.53
17.76,-64.03,-13.73
14.65,-57.50,-23.86
9.83,-38.88,-35.46
3.91,-15.20,-57.98
-7.51,7.26,-85.27
-22.64,29.60,-115.30
-30.33,44.49,-145.02
-38.27,50.11,-171.02
-45.78,48.52,-189.21
-55.05,42.72,-197.20
-65.92,34.55,-195.31
-73.67,25.33,-189.21
-75.74,13.85,-180.30
-77.94,-0.55,-167.05
-78.19,-15.01,-147.83
-77.21,-25.63,-123.72
-79.22,-32.71,-95.09
-84.41,-40.10,-64.03
-77.45,-42.85,-39.25
-71.17,-42.30,-22.40
-79.28,-46.88,-3.30
-80.02,-45.96,14.40
-56.34,-37.60,16.11
5.37,-15.87,-41.02
10.19,-4.70,-44.07
-9.83,12.63,-5.00
-0.24,16.11,28.75
5.86,13.00,41.44
14.71,8.18,60.36
19.47,3.85,80.32
17.46,6.47,103.45
23.38,2.44,122.38
26.61,9.40,135.56
33.45,16.30,148.38
39.86,21.36,159.97
45.59,27.65,170.90
51.15,30.15,177.06
54.75,32.90,177.92
50.23,36.07,184.81
43.46,36.74,177.25
36.62,37.11,164.18
17.27,40.77,137.88
10.19,36.38,128.66
1.46,32.96,137.63
-3.23,37.29,137.63
-0.31,37.11,128.42
-1.28,41.63,118.47
-3.54,41.56,116.64
-7.81,41.81,112.79
-8.36,38.57,105.53
-10.50,38.64,102.84
-9.46,36.68,104.25
-8.91,32.41,113.59
-7.32,29.60,109.44
-0.73,29.54,103.94
6.29,8.73,97.11
9.58,11.29,76.54
10.31,14.53,53.71
9.77,8.30,49.50
5.37,-0.73,42.91
4.03,-4.70,37.54
0.79,-8.00,33.08
-2.87,-9.58,22.03
-4.21,-10.07,7.63
-2.56,-9.77,2.75
-1.34,-8.42,5.55
1.34,-7.20,6.59
2.93,-6.29,7.08
4.09,-6.29,7.26
5.80,-6.77,7.08
6.53,-7.87,6.29
7.02,-9.64,4.82
8.00,-11.60,2.62
9.03,-13.73,-0.49
8.79,-15.93,-4.82
7.69,-18.43,-11.66
4.46,-21.79,-23.50
0.00,-24.48,-40.47
-4.70,-24.60,-55.79
-9.52,-21.79,-64.88
-13.49,-16.30,-71.35















-,-,-
-2.69,-2.69,-1.89
-2.14,-2.01,-1.77
-1.53,-0.98,-1.59
-0.92,0.18,-1.28
-0.24,1.10,-0.79
0.12,1.89,-0.49
0.73,2.44,-0.37
0.92,2.62,-0.18
1.28,2.26,0.06
1.65,1.95,0.37
1.83,1.40,0.67
2.20,0.73,1.10
2.75,0.00,1.34
3.23,-0.98,1.40
2.93,-1.89,1.28
3.17,-2.44,0.85
3.66,-2.75,0.49
3.17,-2.81,0.43
2.38,-2.62,0.43
1.89,-2.38,0.18
1.22,-1.77,0.06
0.31,-0.98,-0.18
-0.37,-0.18,-0.37
-0.37,0.61,-0.49
-0.79,1.28,-0.67
-2.08,1.46,-0.85
-3.60,1.22,-0.43
-6.29,0.49,3.05
-7.75,0.31,10.44
-6.59,4.58,29.48
-2.87,12.33,53.65
3.48,16.48,67.26
9.58,18.43,82.15
12.21,23.01,98.88
14.40,24.72,115.78
15.87,28.02,126.65
19.10,28.20,140.69
19.10,27.22,141.30
19.53,25.57,138.55
16.11,19.41,133.67
10.62,12.63,121.95
8.30,3.72,103.27
6.04,-4.46,84.96
0.12,-17.33,65.06
-5.31,-23.01,48.65
-10.56,-24.90,36.01
-18.13,-28.93,23.01
-29.97,-29.24,10.13
-42.66,-23.13,-4.58
-57.01,-14.40,-22.89
-73.67,-2.50,-46.94
-88.32,12.88,-73.24
-99.67,30.27,-91.74
-106.87,46.51,-97.47
-109.62,61.16,-92.04
-107.48,74.40,-79.71
-101.32,84.47,-64.27
-95.76,87.71,-49.74
-86.06,84.96,-36.74
-74.95,76.72,-23.56
-63.42,62.56,-9.22
-54.81,42.79,4.46
-47.79,19.90,16.48
-41.44,-3.60,27.10
-35.52,-23.93,37.11
-32.10,-34.18,31.01
-13.37,-24.11,10.01
-2.20,10.80,22.22
24.41,17.76,27.53
36.50,14.04,27.89
42.24,18.55,26.92
51.94,15.69,34.36
57.80,2.81,35.28
64.58,-9.58,33.87
73.67,-27.89,37.35
77.09,-42.97,36.13
80.20,-53.71,33.45
82.58,-57.80,31.13
85.82,-59.81,29.54
90.76,-59.88,27.53
98.63,-54.81,21.91
109.01,-55.24,20.08
118.04,-52.25,15.56
124.51,-53.71,5.31
132.57,-55.85,-2.62
138.61,-57.62,0.79
144.84,-55.48,-0.37
152.04,-49.07,-5.62
146.97,-33.87,-5.74
146.00,-52.19,1.16
135.38,-49.56,4.70
126.95,-49.56,-3.72
114.44,-50.78,-11.17
101.50,-57.50,-16.85
82.09,-59.57,-11.96
64.94,-70.31,-19.47
52.00,-79.04,-31.13
35.16,-81.18,-41.63
18.19,-76.97,-54.87
6.53,-71.41,-70.13
-3.60,-59.63,-91.37
-15.75,-42.30,-121.64
-30.88,-23.62,-157.65
-49.26,-4.64,-193.30
-64.15,12.51,-223.21
-76.97,27.71,-244.08
-84.29,37.78,-255.19
-88.26,42.05,-254.09
-90.52,40.89,-243.84
-89.29,32.29,-228.70
-82.21,16.11,-208.31
-68.79,-4.46,-180.66
-53.77,-23.99,-145.20
-49.56,-40.71,-103.45
-53.41,-54.69,-63.29
-61.16,-65.61,-33.26
-78.00,-73.79,-15.81
-88.01,-76.60,-16.66
-68.42,-74.16,-31.25
-46.45,-62.81,-34.06
-25.02,-41.87,-21.97
1.95,-19.17,-3.78
18.19,-2.08,17.27
23.68,10.86,39.43
25.21,20.39,53.71
29.60,25.94,54.81
29.24,25.63,38.51
35.03,17.52,4.39
26.55,22.64,12.21
23.86,31.56,31.01
34.97,37.23,51.27
43.21,41.56,72.75
45.53,47.49,92.71
48.34,49.99,115.42
47.00,50.90,163.21
50.42,50.05,161.87
52.98,49.56,158.75
55.36,45.65,168.40
49.01,42.36,179.93
46.14,41.50,186.83
45.29,38.21,194.82
39.00,35.28,194.95
23.74,38.45,200.56
10.13,35.40,193.30
2.62,31.07,182.92
0.73,34.48,171.02
5.25,34.61,167.97
8.54,21.30,167.18
6.77,16.72,161.93
5.62,17.40,155.70
5.92,18.43,144.23
7.45,17.33,131.35
4.33,19.90,119.38
3.60,16.48,105.41
4.94,14.40,86.98
6.77,12.88,68.85
8.67,10.44,55.18
8.79,6.65,47.85
9.52,5.92,39.73
8.54,4.70,37.29
7.26,5.74,20.75
7.02,4.03,16.05
4.15,1.46,17.76
6.90,-0.37,8.42
10.01,0.24,6.84
11.05,0.73,8.85
12.70,0.37,9.34
11.90,-0.49,8.61
9.28,-1.16,7.20
6.16,-1.83,5.37
3.91,-2.20,3.05
3.05,-2.50,0.67
2.69,-3.05,-0.79
2.75,-3.78,-1.40
3.05,-4.21,-1.89
2.87,-4.39,-2.75
1.65,-5.00,-4.15
0.43,-6.90,-6.59
0.37,-10.80,-10.31















-,-,-
1.10,-2.75,1.46
1.65,-2.87,1.59
1.95,-2.81,1.71
2.14,-2.69,1.83
2.14,-2.69,1.65
0.85,-2.75,1.59
1.10,-2.81,1.65
1.95,-2.50,1.65
1.83,-1.83,1.59
1.89,-1.10,1.59
2.32,-0.12,1.53
2.99,0.79,1.89
3.60,1.40,2.62
4.82,1.77,3.42
6.16,1.89,4.58
7.57,1.83,5.74
8.85,1.89,6.16
9.77,1.95,6.35
9.95,2.14,6.59
10.44,2.50,6.35
10.62,3.05,5.98
9.89,3.60,5.74
9.03,4.33,5.07
7.81,5.19,4.27
6.29,5.92,3.42
4.88,6.53,2.56
3.30,6.90,1.59
1.34,6.41,0.67
-1.16,5.07,-0.49
-4.27,2.87,-1.22
-6.65,-0.18,-0.43
-7.63,-3.36,5.62
-7.51,-4.52,26.43
-8.18,-0.79,51.09
-4.21,5.62,72.57
-1.34,16.91,93.99
3.23,21.85,107.91
8.42,31.56,122.01
11.29,38.76,136.84
10.56,31.19,140.38
9.34,26.00,142.27
6.71,21.85,141.36
7.14,16.72,136.84
4.09,10.93,134.09
1.22,5.49,126.04
2.20,2.81,118.10
0.85,-1.71,105.96
-0.37,-5.74,94.42
-1.10,-10.93,77.39
-1.28,-13.67,62.44
0.12,-14.04,51.27
-3.72,-18.43,46.14
-7.51,-23.50,29.05
-8.54,-28.20,15.20
-9.77,-31.62,5.86
-9.09,-40.95,-7.63
-7.75,-40.16,-24.35
-12.57,-30.27,-42.97
-25.02,-16.30,-60.49
-43.82,-3.66,-70.25
-63.35,16.17,-72.14
-78.61,39.31,-70.86
-87.77,59.57,-68.30
-91.19,74.83,-64.15
-88.68,85.14,-58.41
-81.91,90.09,-51.70
-73.36,88.44,-44.62
-65.86,79.83,-36.38
-59.08,65.86,-26.06
-49.19,48.46,-14.04
-40.65,31.37,-2.38
-32.47,15.01,8.48
-29.66,0.24,18.25
-28.56,-11.05,25.76
-25.39,-21.06,31.49
-20.32,-25.51,21.00
-11.41,-13.06,16.30
1.04,14.89,19.29
28.75,25.27,12.88
37.35,15.63,12.82
35.28,5.86,16.05
40.04,-2.99,16.48
44.43,-7.57,20.39
49.38,-16.54,19.90
56.15,-23.44,24.35
59.14,-30.82,22.28
66.22,-32.90,16.85
70.68,-31.31,23.99
75.50,-29.54,27.04
79.77,-31.01,22.83
85.45,-33.33,15.38
89.84,-32.47,15.87
93.38,-33.45,14.10
98.94,-34.73,7.87
105.22,-38.39,4.46
107.79,-37.35,7.08
114.62,-36.99,1.28
120.12,-25.45,-5.92
124.15,-43.58,-5.37
123.66,-44.43,-13.98
122.13,-45.35,-21.00
119.51,-43.70,-18.43
117.31,-40.16,-24.41
115.91,-24.41,-35.83
112.12,-16.85,-37.60
104.13,-15.14,-28.99
92.29,-8.24,-21.85
74.77,-5.98,-18.43
56.34,-7.69,-20.39
35.64,-11.11,-27.34
18.01,-18.25,-33.20
1.71,-20.39,-31.74
-11.41,-18.31,-38.88
-20.02,-15.99,-54.93
-22.71,-14.65,-79.90
-27.22,-8.24,-110.96
-34.00,-4.09,-143.68
-45.10,0.67,-173.71
-51.94,5.92,-196.04
-54.44,11.78,-208.62
-60.06,19.47,-212.52
-61.58,24.72,-209.35
-62.74,25.09,-199.04
-64.21,21.06,-184.63
-64.88,13.73,-169.25
-59.57,4.21,-153.56
-51.21,-6.16,-135.99
-57.13,-19.17,-114.44
-76.05,-35.46,-91.92
-99.98,-51.76,-74.34
-120.61,-67.99,-62.81
-122.80,-82.21,-59.27
-105.71,-87.89,-61.28
-85.94,-83.68,-60.67
-69.64,-70.01,-52.19
-55.05,-52.49,-36.50
-44.07,-32.71,-19.53
-35.10,-15.01,-6.04
-21.97,-1.28,2.08
-5.25,10.50,5.19
14.71,27.34,4.52
4.33,29.42,-11.72
7.32,12.21,-23.44
-12.57,5.19,-8.48
-16.48,11.17,-1.34
-5.62,12.08,5.55
1.10,9.16,18.80
4.82,8.73,31.13
7.20,12.21,43.03
19.41,18.62,61.28
33.39,23.07,78.55
38.33,30.52,92.59
43.82,36.87,116.15
47.30,44.86,138.06
51.76,51.15,162.23
57.80,54.69,187.32
68.18,59.14,232.36
68.36,64.70,228.09
72.39,57.74,216.06
76.84,50.96,220.40
68.97,44.86,227.72
63.84,46.69,231.08
61.10,43.52,228.03
48.58,43.27,221.92
31.98,50.05,207.03
24.54,45.72,194.27
20.63,42.36,187.50
17.88,47.18,176.39
20.14,42.85,166.38
20.26,25.21,157.29
18.92,18.92,137.63
18.92,12.51,114.56
16.97,5.80,96.25
17.64,-0.06,86.73
19.04,2.44,85.21
18.86,5.98,78.49
17.03,6.84,70.01
13.18,6.65,62.50
10.07,5.37,53.71















-,-,-
4.39,-0.12,-0.12
5.98,0.12,-0.24
7.87,0.24,-0.06
8.18,-0.37,0.31
7.32,-1.10,0.73
6.71,-1.28,0.73
5.19,-1.46,0.73
3.72,-1.46,0.92
3.17,-1.04,1.04
3.17,-0.43,1.10
2.56,0.12,0.98
2.50,0.98,0.92
2.62,1.77,0.85
2.62,2.50,0.92
2.56,3.05,0.98
2.69,3.54,1.22
2.81,3.66,1.46
2.62,3.48,1.65
2.20,3.05,1.59
2.01,2.69,1.46
1.95,2.44,1.34
1.89,1.95,1.16
1.65,1.46,1.04
1.34,1.28,0.73
1.16,1.16,0.79
0.79,0.98,0.67
0.31,0.85,0.61
0.18,0.67,0.79
-0.06,0.43,1.04
-0.37,0.31,2.14
-0.73,0.67,5.68
-1.40,3.17,13.06
-4.94,6.96,14.53
-6.29,6.59,23.56
-10.93,11.41,44.86
-10.80,18.68,64.64
-4.21,24.11,84.84
3.42,26.43,95.58
12.21,34.73,104.92
19.10,36.87,118.29
22.28,39.18,130.80
20.94,43.03,135.13
21.67,44.80,126.83
19.29,40.71,122.38
13.79,38.64,116.09
8.85,31.74,101.56
6.65,23.19,87.95
2.32,14.59,72.45
0.37,4.27,59.33
-3.78,-2.14,53.59
-6.77,-7.57,53.16
-10.80,-7.63,50.23
-14.65,-10.74,43.95
-19.90,-11.23,38.09
-23.93,-11.66,27.40
-27.34,-10.44,11.54
-31.80,-7.51,-10.93
-39.06,1.10,-34.00
-49.93,12.27,-51.45
-61.83,27.16,-59.39
-73.24,44.25,-60.12
-81.12,61.04,-56.15
-85.08,74.16,-48.83
-86.18,82.52,-40.59
-86.67,85.69,-33.57
-86.43,84.11,-27.22
-82.89,77.15,-20.26
-73.30,65.49,-10.74
-70.68,49.93,0.98
-63.42,31.37,13.73
-56.82,13.31,26.25
-49.68,-1.46,36.38
-43.82,-11.54,44.01
-40.22,-19.78,52.31
-35.77,-26.37,59.51
-28.20,-21.73,30.70
-19.17,-1.10,15.32
10.01,9.95,22.03
31.13,2.93,20.45
41.81,-5.49,15.44
56.09,-18.19,18.25
69.21,-27.59,27.83
79.59,-41.44,33.94
94.24,-55.97,37.60
104.13,-63.05,39.98
110.84,-73.12,35.52
116.64,-79.90,32.35
121.52,-80.81,31.43
127.75,-76.48,27.34
138.06,-75.38,23.32
149.23,-73.49,20.63
160.28,-70.98,16.17
171.57,-70.68,10.25
175.23,-69.64,3.66
176.03,-49.13,0.24
166.38,-55.48,3.54
163.02,-52.25,1.53
150.94,-41.20,-2.56
139.65,-33.87,-4.58
121.15,-23.93,-2.99
96.44,-20.02,-1.71
70.80,-20.14,-1.34
45.41,-31.92,-0.06
25.45,-39.12,-12.33
11.29,-48.22,-24.23
4.03,-53.16,-31.56
-1.34,-45.29,-37.60
-11.17,-26.00,-55.42
-20.87,-4.09,-84.84
-31.31,17.52,-116.88
-36.38,33.45,-147.03
-39.12,42.72,-173.22
-43.15,45.72,-192.57
-47.49,41.87,-200.87
-51.03,33.02,-197.02
-50.90,21.00,-183.78
-52.73,7.63,-165.22
-53.47,-4.82,-145.51
-56.03,-14.83,-125.67
-60.67,-20.45,-104.86
-70.43,-21.73,-85.21
-78.67,-22.77,-69.15
-83.74,-25.82,-59.81
-77.27,-31.98,-56.09
-50.29,-32.71,-54.14
-40.89,-32.35,-43.82
-54.75,-35.10,-23.99
-57.56,-34.24,-5.68
-22.03,-25.39,9.64
-9.03,-12.82,31.43
-18.55,-4.09,52.19
-24.66,1.10,63.17
-21.61,3.17,65.92
-11.78,3.60,54.75
1.83,3.23,27.28
11.41,5.25,8.61
12.08,14.34,31.01
15.26,23.44,69.76
21.91,27.77,106.81
37.11,31.07,121.70
48.10,32.47,138.61
51.64,29.05,155.64
52.49,35.40,171.39
58.72,41.14,187.19
61.10,39.49,193.79
57.25,41.26,191.59
51.39,35.52,181.58
47.85,30.33,175.90
43.15,25.09,196.41
40.28,21.06,179.44
26.79,23.93,175.29
17.52,29.54,183.78
11.72,36.93,184.94
11.17,44.56,175.60
9.16,46.08,170.35
5.98,42.36,163.27
3.91,45.72,154.17
8.73,50.29,143.92
13.49,34.18,132.87
17.33,25.02,117.98
21.67,17.94,99.98
22.16,16.91,79.77
19.23,12.70,59.57
13.06,13.61,36.32
6.04,9.52,14.71
2.14,8.12,-2.20
0.06,4.21,-10.31
0.55,0.92,-14.34
0.00,-1.77,-18.43
0.12,-3.54,-24.54
1.28,-5.37,-24.35
3.11,-5.86,-18.25
4.76,-6.10,-12.82
4.88,-6.16,-8.18
5.25,-5.98,-4.64
6.04,-5.00,-1.83
6.29,-4.39,0.12
6.71,-4.70,0.79
7.57,-5.07,0.92















-,-,-
0.12,-0.24,0.18
0.31,0.24,0.06
0.24,0.24,0.18
0.55,0.24,0.18
0.37,0.37,0.31
0.00,0.06,0.31
0.00,-0.43,0.18
-0.12,-0.73,0.12
-0.31,-0.73,0.37
-0.06,-0.18,0.49
-0.18,0.24,0.73
-0.12,0.79,0.85
-0.43,1.46,0.92
-2.08,1.65,0.79
-4.39,1.59,1.16
-5.86,1.59,3.36
-5.62,2.38,10.44
-3.66,5.13,22.16
1.10,6.90,36.07
4.82,10.86,39.55
9.16,6.90,30.15
8.91,1.10,20.32
4.21,1.28,13.92
1.83,4.52,13.98
2.50,6.84,20.08
3.23,9.52,34.00
5.13,14.83,65.00
8.79,14.59,95.52
18.86,24.84,122.99
27.71,32.53,150.02
33.51,32.53,175.42
33.69,29.54,186.10
28.38,37.78,174.56
23.07,41.99,150.09
9.89,40.71,133.79
-6.04,39.06,142.27
-18.74,46.45,143.25
-21.18,59.75,129.70
-29.85,54.87,123.47
-35.58,53.04,116.09
-33.51,50.42,105.35
-30.15,39.92,92.04
-26.49,28.02,79.53
-25.09,16.78,62.07
-24.35,3.05,42.60
-24.96,-8.24,21.00
-24.17,-14.53,3.48
-28.69,-21.00,-10.07
-34.00,-18.01,-36.74
-39.61,-9.52,-71.23
-51.51,-6.59,-97.66
-66.65,5.13,-112.24
-79.10,21.91,-113.77
-87.16,38.70,-103.94
-88.32,53.34,-88.99
-83.07,61.52,-73.30
-76.42,60.42,-58.17
-70.56,53.34,-44.86
-65.06,44.92,-33.75
-60.49,36.80,-22.46
-60.18,30.70,-16.24
-58.59,31.49,-18.92
-47.55,36.50,-5.62
-34.91,33.69,5.55
-23.68,16.97,7.20
-11.96,2.08,11.23
1.04,-5.92,19.84
18.68,-4.27,26.67
41.26,-2.56,31.25
60.30,-14.83,39.37
76.60,-22.40,45.04
90.45,-22.46,46.81
101.44,-26.55,46.14
108.09,-31.62,36.80
115.97,-34.73,27.89
123.66,-35.77,27.28
132.87,-34.06,24.29
144.29,-34.18,19.96
152.16,-36.87,14.22
159.18,-36.80,12.94
164.12,-35.77,6.77
172.30,-39.06,1.04
175.90,-41.56,1.34
182.25,-38.64,5.74
184.39,-18.55,6.29
182.07,-42.36,2.75
180.36,-52.06,-5.43
168.70,-60.49,-11.11
154.79,-74.95,-23.13
135.44,-77.82,-28.63
109.44,-80.26,-21.55
85.94,-87.83,-17.03
64.76,-86.67,-21.91
48.58,-86.67,-32.65
32.78,-84.29,-32.23
18.98,-82.64,-36.87
10.38,-72.69,-50.84
-0.06,-58.84,-72.33
-7.02,-43.58,-102.78
-20.75,-25.82,-139.40
-37.17,-9.70,-178.83
-60.85,4.64,-214.84
-82.64,19.53,-243.23
-98.51,32.53,-267.64
-111.57,40.28,-286.99
-120.06,40.77,-296.02
-128.85,32.96,-295.78
-130.92,17.40,-288.39
-129.76,-2.38,-274.90
-126.34,-23.86,-257.20
-132.02,-44.43,-234.07
-141.60,-62.81,-204.77
-153.44,-76.29,-171.39
-159.97,-81.48,-137.08
-159.00,-78.98,-102.23
-151.98,-68.73,-67.14
-146.91,-52.19,-33.87
-136.05,-40.34,-2.26
-126.83,-32.78,25.82
-115.54,-26.67,46.94
-105.41,-16.97,65.49
-96.19,4.03,70.80
-122.38,-0.92,37.90
-64.45,-30.46,-49.07
-24.35,-37.48,-49.32
-58.84,-4.27,-15.56
-37.48,16.11,15.75
-22.28,23.07,34.06
9.83,21.24,45.47
28.32,15.56,44.43
26.98,5.19,31.19
18.19,2.87,29.36
28.63,8.36,33.20
32.10,13.06,36.38
48.28,21.06,48.71
62.93,28.75,59.88
69.95,36.93,78.12
73.18,44.37,91.31
71.84,56.82,106.02
71.11,72.88,120.24
71.96,84.78,134.77
74.77,82.15,150.63
67.87,84.78,165.04
61.89,87.95,176.82
56.46,86.43,187.01
53.41,82.70,196.35
55.97,88.38,214.97
40.65,85.21,211.36
50.90,74.83,186.52
48.10,76.66,179.75
41.75,76.17,178.10
38.76,79.28,176.03
40.16,82.89,173.52
39.73,84.59,172.12
34.97,80.32,175.11
34.79,73.73,172.18
30.21,71.35,163.76
27.04,57.86,157.53
20.69,47.00,144.78
21.48,36.25,130.86
20.57,31.98,127.14
19.90,21.61,126.71
21.06,14.22,123.05
23.01,13.73,110.60
24.54,10.74,100.10
24.78,6.90,91.13
23.19,0.85,82.09
21.61,-0.49,73.73
13.55,0.00,60.55
11.66,-1.95,46.33
6.04,-1.04,46.39
2.50,-3.05,41.26
4.03,-7.93,41.69
5.86,-3.05,42.72
7.45,-2.99,38.02
8.67,-4.46,28.26
6.35,-4.64,19.71
6.16,-6.90,14.10
4.76,-8.67,9.09















-,-,-
0.85,1.04,-3.05
0.98,1.34,-2.26
1.16,0.98,-1.89
1.28,0.12,-1.95
0.85,-0.24,-1.83
0.12,-0.37,-1.77
-0.37,0.43,-2.01
-0.55,1.34,-2.01
0.00,1.83,-1.34
0.61,1.22,-0.43
0.98,0.73,0.18
0.43,0.79,0.67
0.00,0.55,0.24
-0.06,0.31,-0.79
0.12,0.73,-1.28
0.06,1.83,-1.10
0.61,2.38,-0.67
1.46,1.95,0.12
1.46,0.43,0.98
1.04,-0.85,1.16
-0.06,-1.59,0.79
-1.22,-2.26,0.06
-2.14,-2.87,-1.22
-2.87,-2.93,-1.71
-3.23,-2.81,-1.10
-2.93,-3.30,0.24
-3.17,-5.13,1.46
-4.27,-8.48,2.81
-6.23,-12.45,4.33
-8.24,-16.42,6.65
-10.19,-21.06,9.58
-12.02,-26.00,13.31
-13.31,-30.94,17.82
-14.83,-36.50,24.29
-16.60,-42.79,33.14
-19.59,-48.28,44.74
-27.16,-44.13,29.66
-22.22,-29.24,6.04
-3.05,-13.79,39.49
11.60,0.00,91.67
27.77,19.96,112.49
47.36,37.96,120.54
55.18,49.62,129.70
54.99,62.56,141.66
53.41,59.81,147.71
48.95,56.76,124.51
33.94,49.44,87.89
27.59,36.07,67.50
13.67,21.91,50.35
-2.20,16.54,21.67
-10.13,9.89,7.63
-20.32,7.51,-0.79
-29.11,5.74,-13.31
-38.88,8.18,-25.57
-51.21,15.32,-36.32
-63.60,22.83,-49.38
-75.68,28.50,-63.90
-80.51,31.98,-76.29
-76.60,32.90,-79.90
-71.41,26.86,-70.68
-64.88,14.83,-49.62
-55.97,-0.98,-24.66
-48.40,-19.78,-2.56
-45.17,-39.79,14.95
-43.52,-56.27,20.02
-32.84,-45.29,-5.25
1.10,-22.58,-10.19
31.43,-8.30,11.90
50.42,-2.56,29.30
71.90,-3.85,28.75
89.36,-12.39,26.12
102.11,-26.18,31.49
118.16,-36.38,38.09
129.82,-44.98,41.02
141.66,-48.16,37.60
157.04,-44.74,44.98
168.40,-39.98,48.46
175.66,-35.22,52.12
175.17,-34.55,58.65
159.79,-27.04,51.82
137.39,-21.12,41.50
116.82,-17.15,37.90
100.71,-11.66,38.76
86.24,-8.30,27.89
69.52,-5.80,19.35
51.09,-4.94,8.73
36.50,-2.44,8.00
23.44,5.98,8.79
13.43,2.99,6.59
6.23,5.13,3.36
-1.28,5.13,0.55
-7.63,0.85,-2.38
-14.22,0.98,-6.10
-20.57,6.35,-11.96
-25.57,16.30,-25.94
-31.56,28.63,-50.84
-35.40,35.34,-67.75
-38.09,44.13,-79.59
-38.02,53.89,-95.28
-37.23,57.19,-115.91
-39.55,51.51,-134.89
-46.75,38.02,-149.05
-58.41,18.43,-157.35
-70.74,-3.36,-160.83
-77.33,-21.97,-157.78
-77.27,-34.18,-145.57
-78.00,-39.06,-124.33
-74.65,-41.26,-94.24
-69.64,-46.88,-58.11
-62.74,-56.46,-23.93
-58.47,-63.35,1.95
-55.11,-62.68,18.86
-47.73,-46.26,10.13
-16.11,-27.59,-16.91
-2.20,-28.44,-8.18
-6.47,-32.41,7.57
-14.89,-27.34,14.65
-6.16,-19.10,13.43
-1.04,-13.61,11.29
4.58,-9.09,25.82
11.78,2.08,54.26
23.13,13.85,86.24
38.45,24.11,117.74
47.73,36.32,135.13
57.13,51.03,152.71
60.18,58.04,161.25
63.72,65.80,170.47
69.27,67.20,181.88
72.14,62.32,199.58
67.14,55.42,209.59
63.90,46.33,217.29
56.03,36.68,215.76
47.18,31.98,213.56
36.93,21.12,203.06
24.54,10.80,190.06
15.99,6.77,169.56
9.09,0.00,147.52
2.44,1.65,119.63
2.75,-0.67,111.08
2.87,-8.00,126.04
-4.33,-9.70,120.85
-5.43,-10.93,103.39
-3.48,-8.06,83.50
2.44,-7.20,70.50
-2.32,-7.14,50.42
-2.93,-5.31,35.95
-3.36,-0.92,22.09
-2.99,3.54,15.44
-2.01,2.69,14.47
-2.14,2.99,9.83
-0.85,3.17,-2.44
-0.12,4.27,-1.83
2.56,7.02,1.34
2.56,6.84,3.05
-1.40,3.85,2.93
-2.08,3.11,2.38
-0.49,5.49,2.26
-0.12,7.32,2.14
0.55,8.36,2.01
0.73,9.16,1.65
0.43,9.95,1.10
0.55,11.66,0.79
1.59,13.37,-0.06
1.77,14.47,-2.08
1.04,15.93,-5.68
-2.38,17.33,-14.47
-7.08,20.63,-32.53
-8.30,28.99,-47.49
-10.56,41.14,-50.17
-12.08,59.08,-44.74
-11.60,77.45,-38.02
-8.91,94.60,-36.19
-5.19,109.01,-39.31
-0.37,120.30,-44.74
4.39,128.36,-51.09
9.28,133.73,-58.23
17.58,135.25,-65.73
34.91,132.26,-71.53
41.87,123.41,-73.85
44.07,107.67,-72.14
















-,-,-
0.49,-0.98,-2.87
-0.06,-0.67,-3.36
-0.12,-0.73,-3.23
0.18,-1.16,-2.20
0.43,-1.95,-0.61
0.24,-4.21,1.10
-0.61,-8.30,1.83
-2.14,-14.40,1.53
-3.36,-21.48,1.28
-3.78,-27.71,2.69
-3.72,-32.47,6.47
-3.05,-37.84,11.66
-2.32,-43.76,17.15
-3.36,-48.34,21.00
-8.36,-49.01,23.68
-14.95,-43.70,21.79
-10.07,-32.90,-0.92
-5.49,-23.99,-9.16
-3.54,-16.17,-1.22
0.31,-9.58,5.74
3.30,-1.40,3.11
6.71,2.81,1.77
6.71,5.07,3.60
4.88,5.74,4.33
4.70,4.64,4.15
5.13,2.20,3.54
4.46,-1.95,2.26
2.01,-6.71,0.55
-1.22,-11.41,-1.28
-3.60,-16.05,-2.44
-5.55,-20.87,-0.98
-4.94,-25.57,15.14
-6.96,-15.38,39.31
-6.23,5.25,62.50
4.82,23.13,95.21
19.78,39.98,127.32
35.58,55.36,162.78
43.58,68.30,184.69
51.33,76.66,194.52
53.04,72.69,192.08
43.33,66.35,168.70
33.75,54.26,121.70
28.02,35.40,84.29
8.97,20.51,44.80
0.61,13.18,17.15
-7.93,5.74,6.41
-19.04,-1.10,-5.37
-38.33,-7.26,-24.90
-50.90,-2.44,-43.58
-64.64,0.67,-61.95
-71.35,2.99,-78.74
-72.45,8.12,-90.27
-74.52,15.32,-97.35
-74.28,21.67,-98.94
-75.56,24.96,-92.10
-76.29,25.33,-77.70
-70.92,23.19,-55.60
-61.10,17.94,-27.28
-51.27,9.46,0.31
-43.58,-4.64,23.74
-38.02,-16.78,20.51
-29.24,-11.54,-4.39
-11.05,-9.46,-5.07
6.77,-11.60,7.39
14.83,-10.62,19.90
27.04,-0.43,22.83
49.26,1.71,26.61
70.50,-1.53,31.13
92.59,-8.24,42.05
113.16,-20.32,52.31
129.70,-31.68,56.88
141.78,-39.79,55.42
153.08,-39.98,53.83
160.89,-38.09,59.39
165.65,-37.54,60.97
170.47,-32.35,60.79
174.13,-33.69,61.10
177.92,-38.33,53.16
175.78,-34.91,48.71
163.82,-32.35,50.17
144.59,-29.91,38.39
119.02,-20.08,29.79
90.88,-8.06,23.19
69.89,-4.76,11.41
52.92,0.67,8.61
38.76,-0.55,5.55
26.73,4.58,7.14
10.50,12.15,6.53
-4.58,10.50,1.65
-18.19,5.49,-5.00
-28.56,-1.46,-11.23
-34.61,-1.40,-14.77
-41.87,12.45,-17.64
-50.90,35.22,-23.38
-62.26,53.34,-36.80
-71.17,64.39,-64.45
-75.50,65.55,-94.48
-76.60,60.36,-125.43
-78.67,52.80,-155.64
-80.20,42.72,-180.85
-81.05,29.91,-198.30
-83.92,14.47,-207.03
-86.91,-2.26,-206.91
-90.64,-19.65,-197.75
-95.52,-37.72,-182.80
-100.46,-53.28,-164.18
-102.48,-65.86,-140.32
-96.56,-75.07,-112.00
-88.81,-79.16,-78.86
-80.26,-78.61,-42.11
-74.16,-76.54,-6.90
-67.38,-74.34,21.73
-59.88,-66.10,33.75
-38.94,-38.88,-9.40
12.57,-24.17,-20.39
11.84,-22.28,0.00
-21.06,-21.06,20.20
-22.89,-16.72,21.12
-7.63,-13.98,8.48
5.80,-12.27,-0.79
9.89,-8.67,3.05
8.48,-3.17,16.48
17.09,-0.61,38.21
29.24,2.75,60.49
32.41,17.09,81.12
38.15,27.47,100.22
44.19,47.73,118.16
53.47,57.19,134.22
54.99,67.02,145.45
60.91,71.90,151.00
64.51,74.16,151.49
66.16,61.65,156.43
64.58,57.92,163.51
60.30,51.33,169.07
57.37,46.57,182.13
53.28,43.88,186.52
52.61,41.99,182.68
51.76,44.01,179.57
46.08,33.69,181.09
36.13,36.38,167.24
30.76,28.63,149.29
20.14,20.20,133.48
17.40,15.44,119.38
18.01,11.54,122.92
13.73,3.66,124.21
10.25,3.23,115.91
8.54,0.85,105.77
7.08,-1.16,99.24
2.20,-4.64,90.27
1.46,-6.41,86.30
-3.17,-4.88,71.41
-0.79,-6.53,60.61
1.83,-7.02,57.80
-0.24,-7.14,45.78
1.22,-7.69,40.65
4.21,-6.90,42.72
-0.55,-3.36,27.59
-0.73,-1.65,10.50
2.01,0.98,2.08
2.93,5.62,2.14
3.23,9.16,2.75
3.97,11.17,1.04
3.36,12.45,-0.73
0.31,12.57,-2.87
-4.70,11.96,-4.76
-9.40,13.73,-7.32
-12.15,16.97,-9.77
-13.73,21.00,-11.11
-12.39,26.25,-11.23
-10.13,32.78,-10.93
-8.36,41.14,-11.72
-7.08,50.05,-16.36
-4.82,61.77,-28.26
-2.32,75.93,-47.30
1.89,87.04,-67.14
7.26,95.40,-82.03
14.04,100.28,-90.03
20.51,100.71,-90.33
27.04,96.25,-82.76
31.86,86.67,-68.97
















-,-,-
3.54,0.18,0.00
2.99,-0.12,0.00
2.26,-1.10,-0.73
1.46,-2.69,-1.77
1.71,-3.42,-2.81
2.14,-2.14,-2.81
2.87,-0.92,-1.83
3.54,0.18,-0.55
3.17,0.37,0.31
1.89,0.31,0.98
0.92,0.18,1.28
-0.12,-0.18,1.16
-0.18,-0.12,0.92
0.00,0.67,1.04
0.18,1.10,0.98
-0.49,0.85,0.37
-1.83,0.37,-0.18
-3.42,0.12,-1.04
-4.64,0.06,-1.34
-4.82,-0.43,-1.16
-3.91,-0.49,-0.79
-3.54,-0.43,-0.43
-3.30,-0.18,-0.12
-2.50,0.00,-0.49
-2.01,-0.24,-0.61
-2.56,-0.92,-1.04
-3.91,-2.75,-1.53
-4.09,-7.93,-0.12
-5.25,-16.11,3.97
-7.32,-25.27,9.58
-11.54,-32.71,14.53
-16.60,-32.84,7.69
-11.84,-24.60,-7.93
-1.22,-23.38,-2.20
-2.01,-25.39,9.89
-0.24,-24.29,14.71
3.66,-18.19,20.02
8.00,-4.33,33.94
18.68,8.91,64.58
30.15,26.73,94.60
46.08,37.78,124.88
56.15,45.53,143.19
63.60,53.16,158.57
67.63,58.72,166.56
60.36,61.22,155.58
45.23,64.03,125.73
33.39,59.33,97.05
21.36,51.64,76.60
9.83,37.66,52.12
5.68,31.86,37.78
-0.98,22.52,24.96
-6.23,14.95,16.91
-14.28,6.71,1.89
-18.43,0.00,-10.13
-22.16,2.32,-12.08
-25.94,8.36,-18.98
-27.47,12.45,-27.89
-29.05,12.33,-35.34
-32.04,12.27,-44.31
-36.19,12.21,-50.23
-41.75,12.39,-51.09
-46.20,15.08,-47.36
-49.68,18.43,-40.16
-50.84,20.63,-31.56
-55.91,21.73,-23.62
-53.71,20.32,-15.38
-46.26,14.83,-6.53
-39.67,10.56,-1.95
-35.16,14.10,-9.52
-26.31,18.43,-14.34
-15.75,15.26,-9.16
-9.58,8.36,-0.73
0.73,2.81,4.58
9.03,-0.67,6.59
12.21,-4.21,8.30
11.11,-1.71,8.91
16.17,0.18,10.19
20.81,1.40,12.02
26.61,0.61,15.26
33.51,-11.17,19.10
41.38,-21.97,23.32
52.80,-26.06,23.80
67.63,-32.65,24.48
85.88,-33.87,20.39
105.83,-41.81,20.14
122.74,-56.09,16.11
138.73,-66.59,20.08
148.44,-65.86,25.82
153.02,-60.97,34.85
153.38,-55.66,38.64
152.47,-49.07,35.71
151.31,-42.91,34.79
149.05,-37.29,29.97
144.90,-28.75,26.00
138.43,-23.74,17.03
131.59,-23.56,16.30
123.35,-25.76,21.79
107.06,-23.13,17.46
88.87,-23.80,15.44
59.20,-23.86,16.36
33.33,-17.21,2.26
16.78,-11.05,-3.17
7.32,-9.58,1.40
-3.05,9.52,3.36
-14.34,11.72,-3.72
-22.28,3.05,-7.93
-28.87,2.87,-11.05
-40.16,13.00,-17.40
-49.74,26.37,-26.98
-59.94,42.48,-44.86
-68.54,57.13,-67.02
-76.84,65.73,-90.88
-82.82,66.71,-118.77
-88.81,57.01,-148.01
-95.34,37.84,-173.10
-99.30,14.59,-189.03
-101.20,-6.59,-192.32
-101.01,-23.86,-183.65
-98.08,-36.56,-167.48
-93.26,-46.08,-146.42
-88.50,-53.04,-123.90
-86.91,-56.64,-103.27
-91.67,-57.07,-87.59
-91.19,-53.83,-75.62
-90.03,-48.71,-65.37
-94.97,-49.87,-57.01
-98.45,-57.37,-48.77
-94.42,-64.88,-38.94
-88.68,-67.69,-26.55
-83.37,-64.88,-13.12
-74.71,-60.61,0.18
-64.15,-56.15,13.31
-52.55,-50.60,26.18
-43.58,-41.38,28.50
-20.32,-18.31,-9.64
14.77,-2.62,-17.15
21.97,4.27,-1.65
19.35,5.86,21.06
35.28,8.18,39.18
49.38,8.91,51.03
54.20,13.55,62.93
58.41,17.09,69.21
72.39,19.90,82.40
78.74,21.30,91.25
78.86,25.82,92.10
83.98,35.83,104.74
86.49,46.39,117.19
88.13,46.51,134.09
86.73,46.39,145.57
85.27,42.48,153.56
82.40,41.44,160.10
78.19,40.77,166.75
74.89,36.80,171.63
73.91,34.18,181.34
75.13,41.93,182.92
76.48,37.84,183.35
73.24,34.79,173.40
72.88,32.65,164.55
66.77,32.47,162.11
55.24,34.48,145.63
52.61,36.74,133.85
46.20,27.89,133.54
42.18,23.25,130.98
38.70,18.98,119.57
34.67,13.55,107.85
29.60,6.23,105.77
25.88,6.71,102.48
25.02,1.77,105.35
21.18,-1.65,98.39
19.47,-2.87,89.90
15.26,-3.48,76.54
10.13,-2.87,57.50
14.34,-6.29,52.00
13.18,-6.41,51.82
5.37,-4.33,29.42
6.47,-8.24,20.69
4.70,-7.32,10.44
7.14,-6.53,-0.79
5.49,-6.41,-1.22
1.04,-8.61,2.50
















-,-,-
0.12,-0.79,-3.11
-0.06,-2.14,-2.56
-0.37,-4.33,-2.01
-0.79,-7.32,-1.16
-2.20,-9.95,-0.43
-3.23,-11.17,-0.12
-2.50,-11.66,0.92
-2.87,-11.84,2.38
-3.23,-11.35,3.05
-3.23,-11.29,3.54
-3.23,-11.96,4.03
-3.48,-12.70,4.33
-3.54,-12.15,4.58
-3.72,-11.05,4.39
-3.36,-9.89,3.42
-2.93,-8.12,1.46
-2.32,-5.98,-0.79
-0.85,-3.85,-1.89
0.55,-2.14,-1.22
1.04,-1.16,0.00
1.10,-1.16,0.92
0.73,-1.46,1.46
0.31,-2.26,1.53
-0.73,-2.81,0.55
-1.16,-3.91,-0.31
-1.22,-5.86,-1.10
-1.65,-7.20,-0.92
-2.14,-8.73,-1.89
-3.60,-10.01,-3.30
-2.81,-10.07,-2.62
-0.31,-9.95,0.98
1.46,-10.56,3.48
0.73,-12.51,2.75
0.24,-13.79,1.04
0.67,-14.47,0.31
1.53,-15.08,1.34
4.88,-15.38,7.39
8.12,-12.27,19.29
13.55,-6.71,38.70
17.52,-1.77,56.88
21.24,1.89,71.35
25.82,13.24,93.63
31.74,27.04,117.80
32.84,44.13,133.73
39.37,51.39,150.09
38.15,51.21,157.17
34.06,48.10,145.75
29.79,41.32,118.71
24.84,36.01,92.10
17.52,22.77,67.14
8.48,19.78,43.15
6.65,17.33,38.57
1.22,18.62,31.31
0.92,18.19,26.61
-5.25,14.71,17.40
-12.33,8.36,0.24
-15.56,4.70,-8.79
-19.29,6.35,-11.84
-22.28,10.93,-18.92
-25.76,20.69,-30.46
-30.82,24.96,-42.91
-40.41,29.30,-57.92
-52.73,33.51,-75.81
-63.48,39.49,-92.22
-71.17,44.92,-103.21
-74.65,46.51,-104.98
-77.03,44.13,-96.13
-77.76,38.70,-78.25
-74.58,30.15,-55.11
-69.76,17.52,-31.01
-63.60,0.67,-7.51
-58.04,-20.81,13.98
-54.69,-45.53,31.92
-51.94,-71.59,44.56
-46.33,-82.52,33.39
-20.08,-57.01,-10.19
4.39,-35.95,-15.32
13.49,-20.87,-0.06
22.40,-8.79,19.53
31.25,-8.42,24.72
52.86,-10.86,23.07
69.64,-6.96,24.41
87.71,-17.46,35.89
104.68,-32.71,49.13
124.45,-41.14,65.37
144.78,-48.28,73.91
158.87,-43.03,73.24
173.10,-41.50,73.12
176.33,-36.93,74.04
171.69,-39.86,72.27
162.48,-43.52,66.16
153.32,-36.62,67.87
142.21,-25.21,65.86
133.85,-13.61,52.61
135.25,-12.57,45.47
124.02,-13.00,43.15
110.35,-9.16,45.35
88.68,-6.71,33.94
66.04,-7.32,21.61
40.47,-4.09,18.19
21.79,0.73,12.33
6.90,11.05,7.02
-4.46,6.29,4.64
-13.98,-3.05,0.24
-26.79,-6.77,-6.10
-37.72,-3.36,-11.96
-47.79,14.59,-21.61
-58.29,40.41,-38.09
-65.86,62.44,-59.33
-68.18,69.76,-74.16
-69.52,65.37,-91.55
-68.97,54.02,-119.45
-69.27,38.21,-156.07
-71.04,21.12,-191.59
-74.22,3.17,-214.60
-77.64,-13.49,-222.05
-85.75,-27.47,-215.15
-94.36,-36.62,-197.39
-96.44,-41.02,-169.92
-96.74,-43.58,-133.61
-91.67,-48.10,-90.27
-83.86,-56.27,-45.04
-75.99,-63.96,-4.70
-66.65,-67.57,27.16
-62.50,-63.05,42.48
-43.33,-36.74,8.00
12.57,-26.79,-6.65
4.21,-29.60,7.57
-0.79,-26.55,17.15
-0.92,-15.20,17.15
7.57,-3.72,22.16
17.64,4.70,36.56
25.02,21.24,63.48
46.45,30.09,94.60
57.19,45.72,121.15
67.32,52.92,144.90
69.46,62.56,161.25
75.32,67.20,174.01
75.81,60.91,179.75
72.75,60.61,179.57
78.86,53.34,195.80
74.77,56.95,212.04
69.70,58.96,218.08
64.51,58.84,224.98
53.89,52.67,223.88
40.77,43.70,204.53
30.82,27.47,172.24
25.63,16.60,146.97
23.32,6.59,134.46
19.10,2.44,130.07
14.10,-0.43,130.25
9.34,-3.54,123.78
7.75,-5.13,112.73
2.56,-6.10,90.88
0.37,-5.68,69.76
0.43,-3.54,56.40
-1.46,-6.71,51.39
-3.11,-3.66,36.32
-0.37,-2.14,37.48
-1.04,-1.71,33.02
-1.53,0.37,13.79
-0.37,-0.24,9.89
1.04,0.79,9.77
0.18,1.71,5.55
0.18,2.93,4.21
0.49,3.48,3.97
0.67,4.88,2.93
1.40,5.31,1.34
0.61,4.33,0.49
1.83,6.16,-0.49
1.16,5.49,-0.49
1.59,5.19,-1.34
2.50,5.49,-1.65
3.11,5.49,-1.16
3.05,5.37,-1.28
2.14,4.94,-1.83
0.67,4.03,-2.50
-0.43,4.03,-2.69
-1.16,4.46,-2.87
-1.40,5.00,-2.81
















-,-,-
2.26,2.08,-1.59
1.46,0.79,-0.73
0.67,-0.18,-0.24
0.24,-0.73,0.12
0.06,-1.28,0.85
-0.67,-1.89,1.59
-1.34,-2.62,2.32
-1.71,-3.54,3.66
-2.14,-5.55,5.31
-2.56,-9.09,7.02
-3.97,-13.12,8.36
-5.49,-17.58,9.64
-7.32,-21.79,11.29
-8.67,-26.25,14.22
-10.93,-31.25,16.72
-15.14,-32.90,14.16
-14.77,-28.08,0.12
-7.14,-24.84,-7.26
-6.41,-22.03,-4.03
-4.27,-16.11,-0.31
0.18,-9.16,0.37
1.10,-3.48,0.24
0.79,0.85,1.16
1.77,4.46,1.95
3.66,6.65,2.44
4.33,7.20,2.81
4.27,6.23,3.36
4.52,4.46,3.78
5.13,2.08,3.36
6.90,-1.40,3.23
11.47,-5.00,6.96
19.78,-6.41,20.69
25.63,-1.34,39.37
35.71,7.32,64.58
42.79,20.87,90.70
45.53,31.49,113.34
45.17,41.99,125.79
43.88,47.67,132.57
36.80,52.43,127.32
28.93,52.67,110.72
25.21,44.80,95.70
17.09,32.23,69.82
12.39,26.61,44.68
9.70,22.16,33.51
1.71,18.19,30.27
-9.16,11.72,14.40
-17.46,6.10,-0.92
-26.79,-0.37,-8.48
-33.02,-2.93,-17.58
-37.90,-0.55,-30.40
-42.91,2.01,-41.75
-54.08,7.87,-49.93
-62.68,14.28,-56.88
-68.42,20.26,-61.77
-73.55,24.96,-62.74
-75.20,27.65,-59.14
-70.13,25.21,-50.11
-62.38,17.03,-35.28
-52.31,5.00,-16.30
-44.86,-9.95,2.38
-39.37,-26.67,10.25
-24.84,-35.28,-6.59
-22.22,-26.12,-15.99
-14.53,-14.53,-12.08
-1.59,-7.02,-2.08
15.50,-1.77,6.47
23.38,7.51,9.89
34.67,9.70,13.18
49.13,3.23,17.33
62.38,-4.58,23.13
73.97,-10.01,26.67
89.36,-17.52,36.62
95.34,-13.43,38.88
108.64,-12.21,45.78
119.81,-13.43,54.44
129.64,-18.62,55.79
139.95,-22.77,58.72
146.48,-21.00,61.28
149.41,-22.64,57.92
156.56,-23.19,60.55
155.94,-22.58,58.41
153.14,-19.10,50.66
149.78,-19.65,44.37
142.64,-19.53,45.29
132.63,-23.50,40.04
123.60,-25.45,35.58
107.60,-23.38,26.31
88.87,-21.06,17.82
66.77,-11.96,16.60
48.65,-3.36,11.90
34.18,-0.18,5.74
19.35,1.77,8.30
5.25,0.00,7.81
-3.72,-5.86,3.23
-13.12,-11.17,-0.24
-23.32,-10.01,-4.33
-32.47,-3.23,-9.64
-42.79,13.49,-16.17
-52.25,32.59,-26.49
-61.46,45.23,-39.43
-62.62,54.69,-56.09
-63.42,54.69,-68.42
-64.94,55.18,-84.05
-63.96,57.68,-105.16
-59.51,57.62,-127.32
-54.50,52.06,-144.59
-52.73,41.38,-154.79
-54.81,26.00,-159.06
-57.74,7.02,-157.47
-57.19,-12.45,-149.84
-58.04,-29.79,-135.38
-59.14,-42.72,-115.66
-57.74,-51.39,-94.67
-60.30,-56.95,-78.25
-71.47,-57.56,-68.18
-80.14,-57.74,-61.34
-84.96,-61.77,-52.25
-85.82,-68.18,-39.31
-86.73,-76.05,-25.94
-84.47,-81.60,-15.69
-76.78,-80.69,-9.28
-63.05,-74.16,-5.25
-48.83,-53.22,-17.70
-16.11,-36.74,-20.81
-7.02,-28.02,-4.09
-6.71,-20.57,10.50
-3.78,-14.65,9.58
-2.44,-12.08,1.04
-4.15,-11.23,-4.39
-8.18,-9.22,-4.21
-8.97,-6.10,1.40
-1.95,-3.91,15.50
11.78,2.26,36.13
21.48,8.48,49.19
34.06,14.34,64.58
43.58,26.43,80.75
53.34,39.43,95.95
59.14,49.19,109.62
62.07,55.36,128.17
64.76,62.74,142.03
69.70,69.76,159.91
73.06,73.73,175.17
76.23,81.18,187.99
75.62,72.20,204.35
69.52,68.12,210.82
72.14,78.43,214.29
69.34,84.72,212.34
56.70,69.52,206.79
45.04,56.27,194.58
42.60,43.82,178.89
30.94,29.42,161.44
28.02,19.65,151.12
25.33,18.86,146.24
14.95,14.89,134.77
15.26,12.70,126.83
7.57,8.54,113.22
5.00,1.53,104.00
1.53,-2.44,94.91
-4.15,-5.07,81.73
0.12,-9.64,83.98
-2.44,-11.17,86.61
-4.03,-7.08,77.45
-3.85,-8.79,65.55
4.09,-8.06,65.19
0.43,-8.91,58.65
-0.98,-12.27,52.00
-0.24,-4.70,42.66
0.92,-3.78,40.53
2.87,-3.66,37.23
3.36,-2.87,33.87
-1.04,-2.69,11.60
4.27,0.92,-1.59
4.15,3.11,-1.71
3.72,4.70,-0.79
3.42,7.45,-2.38
0.98,8.97,-3.78
-0.98,9.28,-4.03
-1.89,9.89,-5.00
-2.75,9.77,-5.86
-3.11,9.64,-6.10
















-,-,-
2.81,0.61,-0.85
2.26,0.55,-0.79
1.89,-0.24,-0.24
1.89,-1.16,0.85
1.53,-1.89,1.89
1.22,-2.38,2.44
0.79,-2.87,2.44
0.12,-3.11,2.08
-0.85,-2.81,1.89
-0.61,-2.44,1.46
-0.61,-1.89,0.92
-0.12,-1.65,0.79
0.06,-1.59,1.16
0.24,-1.10,1.65
0.43,-0.98,2.32
0.79,-0.98,2.38
0.79,-1.10,1.95
1.16,-0.92,1.04
1.71,-0.73,0.00
1.77,-0.06,-0.49
1.83,0.98,-0.92
1.89,2.14,-0.98
2.26,3.05,-0.85
2.62,3.78,-0.98
2.62,3.85,-0.61
2.32,3.11,0.61
2.93,-0.37,3.30
4.33,-9.28,7.39
3.91,-25.45,14.28
-0.31,-43.70,22.95
-6.29,-59.75,32.65
-13.00,-71.66,44.01
-22.64,-71.23,46.02
-20.39,-47.91,10.86
-5.55,-37.90,7.69
-5.31,-19.41,36.80
5.68,-5.92,80.08
17.40,12.51,108.46
29.85,30.64,131.71
38.02,40.28,153.02
48.40,49.13,169.92
51.15,56.82,169.25
48.40,54.50,152.89
41.02,50.05,123.60
33.94,39.61,95.95
18.98,30.21,65.92
11.29,22.64,49.99
0.85,16.17,37.05
-2.87,12.63,25.94
-4.21,11.41,17.76
-11.11,7.02,8.85
-16.48,4.46,-4.76
-20.81,5.25,-12.63
-28.26,9.34,-19.96
-34.24,14.65,-33.75
-37.60,23.50,-51.03
-41.38,27.77,-66.89
-46.26,28.08,-77.76
-51.76,26.73,-79.65
-56.58,25.02,-73.06
-58.11,22.03,-61.77
-55.48,16.60,-49.93
-48.83,8.54,-36.32
-42.30,0.37,-19.71
-35.89,-7.87,-0.61
-30.46,-18.68,19.23
-28.63,-30.46,28.63
-27.71,-25.45,8.00
-26.25,-14.83,-1.89
-10.07,-7.51,-4.76
1.53,-14.04,2.93
10.50,-10.68,10.80
18.80,7.93,15.32
35.71,20.32,21.48
59.57,7.75,31.25
82.58,-15.14,37.96
103.15,-19.53,37.23
124.15,-34.42,40.47
137.21,-43.52,41.26
150.02,-46.08,40.22
160.71,-46.45,41.63
170.29,-46.08,45.23
178.04,-43.58,46.57
186.22,-41.08,46.81
193.54,-35.22,48.28
191.41,-29.36,54.81
181.95,-16.05,49.87
162.48,-9.58,33.45
135.56,-4.46,19.29
106.69,0.92,18.62
79.22,8.00,17.70
51.15,10.56,9.83
31.80,6.84,6.29
10.86,11.66,4.76
-5.74,13.31,2.14
-21.12,1.34,-3.36
-34.42,-11.66,-9.34
-44.98,-12.08,-18.31
-55.48,-2.62,-34.24
-65.55,15.93,-52.49
-70.50,34.79,-66.22
-70.01,47.18,-79.47
-68.12,50.96,-96.92
-69.46,45.84,-121.03
-79.04,32.47,-149.54
-91.98,14.83,-179.32
-105.16,-1.46,-206.73
-120.00,-15.08,-225.95
-120.67,-28.99,-230.59
-109.25,-41.20,-216.37
-104.37,-49.19,-188.54
-105.59,-53.47,-153.87
-104.86,-57.98,-115.54
-99.49,-62.93,-75.93
-93.26,-67.38,-37.48
-84.84,-72.02,-3.85
-78.31,-74.16,20.02
-70.01,-62.81,-3.05
-24.72,-46.51,-38.88
-6.10,-34.48,-31.13
-0.98,-27.28,-2.20
3.42,-23.01,20.26
15.81,-9.95,21.06
22.95,-6.59,13.37
22.22,-9.46,6.84
11.29,-11.47,0.55
11.54,-13.67,5.86
12.15,-14.53,15.32
19.29,-11.54,36.93
27.40,5.31,66.04
34.79,19.96,84.23
46.02,32.84,106.08
50.23,43.82,121.77
53.34,56.27,135.01
60.00,61.04,147.40
61.04,61.22,155.03
64.45,68.18,164.92
67.81,60.30,172.12
70.19,59.63,180.30
70.74,61.34,187.01
69.03,61.71,185.36
65.98,66.04,183.90
58.53,59.20,181.52
49.62,49.13,174.74
46.20,50.23,163.64
43.27,45.53,157.04
36.99,37.54,144.10
38.09,33.20,134.77
34.36,26.25,121.28
31.01,13.85,111.33
25.88,7.81,100.28
22.40,5.25,96.62
13.31,4.52,86.98
5.62,-5.07,70.07
7.93,-0.98,68.30
3.30,-2.93,70.07
-0.12,-3.72,57.50
6.84,-2.69,57.19
8.24,-2.50,56.09
7.69,-4.03,48.52
4.70,-3.05,20.51
8.12,-2.38,11.72
4.33,-5.62,4.15
5.07,-7.75,-5.00
3.23,-6.29,-5.68
0.67,-5.25,-4.46
-0.98,-3.66,-3.60
-1.95,-1.65,-3.66
-3.30,0.18,-3.97
-3.97,1.71,-4.09
-3.48,2.99,-4.27
-2.99,3.54,-4.64
-2.87,2.99,-6.23
-2.38,0.85,-10.31
-3.97,-1.65,-17.33
-4.52,-1.59,-26.12
-5.07,-5.00,-29.48
-9.70,-2.08,-32.41
-13.37,8.73,-36.62
-14.77,21.97,-38.57
















-,-,-
2.87,0.61,3.48
3.05,0.98,3.23
3.23,1.04,3.54
3.48,1.10,4.03
3.72,1.53,3.85
3.78,1.22,3.36
4.15,0.61,2.81
4.09,0.18,1.77
4.21,-0.61,0.37
4.15,-1.28,-1.04
3.23,-1.77,-1.40
1.95,-1.77,-0.92
1.10,-1.28,-0.55
0.37,-0.61,-0.67
0.18,-0.24,-1.04
0.43,-0.79,-1.22
0.55,-1.53,-0.85
0.55,-1.59,-0.61
0.92,-1.40,-0.18
0.98,-1.28,-0.06
0.37,-0.98,-0.06
-0.31,-0.79,-0.06
-1.65,-0.31,-0.55
-2.01,0.00,-0.79
-1.71,-0.12,-0.18
-1.77,-0.67,0.49
-1.46,-1.04,1.28
-1.10,-1.16,1.53
-0.37,-1.65,1.53
0.37,-2.14,1.28
0.31,-2.20,0.43
0.37,-1.65,-0.18
0.00,-0.98,-0.12
-0.43,-0.55,-0.55
-0.92,0.06,-1.40
-1.59,0.55,-2.14
-2.20,1.16,-2.62
-1.89,1.22,-3.05
-0.98,0.61,-3.11
-1.22,0.43,-3.48
-1.59,0.24,-4.03
-1.34,-0.49,-4.58
-0.79,-1.40,-4.76
-0.43,-1.59,-4.58
-0.12,-1.83,-4.21
0.12,-2.01,-4.15
0.43,-2.99,-4.39
0.98,-4.70,-4.52
0.92,-7.02,-4.03
0.31,-9.40,-3.17
-0.37,-11.17,-1.89
-0.67,-12.33,-0.55
-1.46,-13.12,0.55
-2.14,-14.34,0.85
-2.62,-16.54,0.55
-3.11,-20.39,0.92
-3.30,-25.51,2.01
-2.75,-33.08,4.88
-1.28,-44.43,9.52
-1.83,-50.90,10.07
-0.18,-43.46,2.20
1.71,-41.32,0.79
-6.23,-45.84,14.89
-14.65,-46.45,46.08
-17.94,-34.55,79.65
-15.69,-7.81,109.01
0.24,10.80,142.82
12.08,28.02,172.67
18.62,49.74,187.38
17.88,62.44,178.22
8.91,69.21,147.40
3.11,68.42,110.23
-1.77,57.56,74.77
-9.83,42.97,50.78
-20.94,31.74,31.62
-35.03,19.84,9.83
-46.20,12.70,-5.00
-57.86,16.85,-15.87
-67.87,26.25,-31.98
-73.49,39.25,-51.57
-74.52,47.67,-69.27
-79.22,52.67,-84.47
-83.37,54.87,-95.83
-80.69,52.06,-101.26
-78.19,44.25,-98.94
-74.28,30.76,-87.16
-63.54,9.46,-62.74
-51.39,-16.54,-30.27
-40.22,-46.33,3.05
-31.25,-75.81,33.14
-26.31,-89.17,42.48
-16.30,-58.90,16.78
12.76,-26.92,9.22
23.32,-5.92,8.97
36.13,-5.92,15.69
63.11,-20.87,22.34
84.66,-20.87,23.68
112.61,-31.19,35.16
142.15,-49.87,54.99
167.91,-58.84,68.60
189.88,-64.58,83.13
207.34,-62.26,96.01
221.74,-52.06,110.66
225.28,-37.96,119.81
214.72,-30.58,119.02
193.42,-24.72,102.17
185.36,-16.17,79.71
160.16,-3.30,63.48
130.74,0.92,49.01
107.12,-2.20,32.90
80.26,-9.16,22.40
54.32,-8.00,12.94
28.20,7.57,7.69
7.32,-1.71,2.14
-4.15,-13.24,-3.97
-17.40,-11.17,-10.86
-33.87,5.55,-22.58
-53.41,38.57,-48.83
-63.11,73.18,-84.78
-65.73,88.87,-107.12
-68.97,90.88,-126.16
-73.49,85.21,-154.24
-81.67,75.01,-193.91
-93.44,58.53,-234.62
-103.88,33.45,-262.82
-110.60,0.43,-268.25
-116.39,-32.47,-247.56
-114.62,-60.24,-209.35
-106.69,-81.30,-162.90
-96.07,-96.37,-115.54
-79.96,-105.29,-68.79
-66.22,-108.52,-23.80
-53.71,-104.98,16.17
-42.60,-94.42,47.73
-38.88,-69.40,49.93
-4.27,-35.71,15.69
37.23,-27.65,20.81
31.19,-25.21,20.39
36.25,-16.91,21.91
29.97,-6.04,20.69
28.20,1.89,21.97
32.35,-0.18,39.06
41.32,0.37,75.01
46.88,13.85,116.03
45.35,32.35,136.23
44.31,51.94,151.55
47.67,56.27,165.16
40.16,59.20,172.97
39.67,57.80,182.62
41.87,61.34,189.03
45.10,63.23,193.18
46.45,58.59,205.02
43.76,52.86,212.89
37.48,54.32,210.69
29.54,48.83,210.51
18.74,36.93,206.60
5.98,22.95,187.26
2.38,6.53,156.25
-0.85,2.08,123.84
-1.89,-1.65,106.57
-5.00,-2.26,105.10
-6.47,-3.36,106.08
-6.47,-4.03,106.20
-4.94,-6.29,96.13
-3.72,-5.74,80.81
-3.17,-5.62,67.08
-4.88,-0.85,51.09
-5.80,-3.23,30.94
-2.62,-5.37,31.98
-1.16,1.46,18.92
1.10,3.97,-1.77
2.44,3.42,-5.86
3.30,5.98,-2.62
0.31,5.13,1.71
-0.67,5.25,2.99
-0.98,6.41,3.91
-0.67,7.81,4.70
-1.16,9.34,4.52
-1.95,10.93,3.78
-2.20,12.57,3.30
















-,-,-
1.16,-2.99,-3.66
0.61,-3.05,-2.93
0.49,-3.23,-2.44
0.55,-3.91,-2.44
0.55,-3.85,-2.56
0.31,-3.78,-2.75
0.67,-3.72,-2.50
0.73,-3.42,-1.83
0.43,-3.17,-1.53
0.06,-2.87,-1.83
0.06,-3.36,-2.93
0.61,-3.72,-3.85
0.85,-3.36,-4.09
0.85,-2.75,-3.85
1.22,-2.26,-3.17
1.89,-2.32,-2.50
2.38,-2.99,-1.59
2.44,-3.72,-0.79
1.95,-4.27,-0.49
1.65,-4.03,-0.85
1.16,-3.17,-1.34
1.04,-2.26,-1.65
1.40,-1.40,-1.46
0.73,-1.16,-1.22
1.83,-2.01,-0.43
3.78,-4.88,1.65
5.98,-10.86,4.76
8.18,-20.57,8.48
8.12,-31.92,13.55
4.94,-42.72,19.65
-1.53,-48.95,26.12
-10.56,-40.83,16.91
-8.06,-31.74,4.33
-7.02,-34.12,4.94
-10.99,-26.73,21.42
-9.52,-7.75,51.76
-7.14,10.50,81.60
1.53,28.50,109.99
14.04,52.00,132.39
26.18,66.28,155.33
27.47,67.44,172.67
23.07,62.44,168.82
23.56,52.86,151.43
17.70,35.95,122.19
14.95,24.17,89.90
11.84,14.65,71.66
3.91,9.28,58.59
-2.08,8.18,44.37
-4.64,8.00,35.95
-8.67,8.06,25.63
-10.31,6.84,15.20
-13.67,3.17,4.70
-14.95,-0.85,-7.02
-17.33,0.92,-16.11
-22.52,5.49,-26.61
-27.28,10.56,-41.93
-30.94,12.21,-59.81
-36.38,14.77,-76.90
-51.57,21.55,-91.31
-68.42,32.84,-102.48
-83.01,45.47,-108.83
-89.48,55.24,-109.13
-88.13,59.51,-102.72
-80.69,56.82,-89.17
-69.58,48.16,-69.58
-63.72,40.53,-48.10
-56.52,27.47,-24.35
-45.41,2.81,0.61
-38.70,-22.16,20.69
-35.89,-43.15,33.94
-32.29,-62.01,44.56
-30.46,-73.67,43.88
-33.75,-45.78,9.70
-24.48,-21.73,2.99
9.03,-6.04,3.91
11.72,2.26,11.29
10.01,14.16,20.45
31.86,18.92,27.22
57.62,13.79,28.99
83.01,-9.77,36.25
101.50,-35.28,45.59
115.97,-50.54,47.73
130.98,-60.73,51.82
145.94,-62.74,61.95
160.16,-57.92,68.60
174.56,-48.65,75.20
195.74,-36.93,83.01
197.81,-27.65,84.53
197.94,-17.70,83.07
199.46,-19.90,80.38
197.45,-16.17,74.65
186.58,-14.77,61.16
172.36,-16.78,44.01
156.98,-19.04,27.89
144.29,-20.14,17.94
132.45,-21.79,19.29
110.05,-18.13,20.08
80.51,-12.63,15.26
47.06,-9.64,9.28
16.17,1.53,7.08
-11.29,18.19,10.50
-25.45,12.33,13.06
-35.83,6.77,10.07
-50.90,21.30,-1.04
-69.95,51.88,-23.44
-84.72,79.28,-49.38
-88.44,94.18,-69.58
-82.64,97.23,-87.10
-78.98,86.12,-108.22
-80.63,66.28,-136.60
-84.05,46.20,-167.54
-89.84,27.40,-192.63
-94.24,7.93,-208.31
-114.38,-13.12,-213.93
-126.04,-36.50,-212.04
-122.99,-59.63,-202.09
-118.59,-78.98,-184.27
-118.16,-91.55,-162.17
-118.23,-101.44,-138.24
-119.57,-111.15,-115.78
-119.93,-120.97,-94.67
-111.08,-126.65,-74.77
-102.23,-124.76,-58.84
-90.15,-117.55,-45.90
-85.88,-102.54,-36.25
-73.67,-83.37,-26.43
-53.47,-58.59,-21.91
-28.63,-38.82,-19.53
-9.34,-24.11,-4.58
-3.23,-5.19,9.52
0.98,3.48,15.38
-0.55,2.32,12.15
0.37,-1.34,8.73
10.50,-4.03,16.85
3.78,-1.95,25.09
15.75,7.69,41.75
28.99,18.55,65.06
29.54,32.53,83.74
34.42,40.10,101.68
38.88,58.47,122.99
46.20,72.75,139.83
53.34,87.40,158.02
63.29,103.58,172.85
73.91,109.01,188.60
73.49,112.98,202.03
74.22,119.45,210.51
77.39,114.44,223.08
72.57,110.60,229.86
65.25,102.05,227.36
56.70,93.69,217.35
47.73,79.77,209.84
37.78,60.12,205.32
31.25,49.93,191.53
24.48,43.52,170.96
21.36,32.84,155.33
10.62,23.25,143.43
3.11,11.41,127.56
3.66,6.84,113.40
1.34,-2.14,97.72
-1.34,-3.54,81.48
-3.36,-6.71,69.64
-2.14,-2.99,50.96
2.32,-1.22,44.62
2.87,-0.67,39.86
1.71,2.08,30.21
1.22,0.92,14.89
3.42,2.87,5.55
4.88,6.71,3.05
3.66,8.73,4.76
3.72,11.47,5.13
3.11,14.10,4.33
1.77,16.11,3.17
-0.67,17.58,1.28
-4.58,17.76,-0.73
-9.46,17.70,-3.97
-13.61,17.94,-8.12
-14.28,20.02,-12.57
-14.47,24.48,-17.88
-13.00,28.75,-26.12
-12.21,31.43,-35.95
















-,-,-
1.77,0.37,-0.98
1.89,0.31,-0.98
1.40,0.67,-0.67
1.77,0.85,-0.31
2.87,1.28,0.24
3.85,1.65,0.85
4.33,1.71,1.46
4.70,1.71,1.95
5.98,0.98,2.69
6.41,0.06,2.93
5.74,-0.12,2.87
4.70,0.61,2.69
4.33,1.40,2.20
4.03,2.44,0.92
3.60,2.44,-0.12
0.67,2.14,-0.06
1.16,2.08,1.10
2.56,2.38,2.32
2.38,2.32,3.23
3.11,1.22,3.66
2.93,-0.43,3.78
2.26,-1.89,3.78
1.77,-3.78,5.00
1.77,-6.29,7.14
2.56,-9.40,9.46
2.50,-14.28,11.23
2.56,-21.42,13.24
0.37,-27.47,13.43
-9.28,-19.65,-0.49
-6.47,-18.31,-4.39
-5.19,-18.55,0.49
-8.67,-18.92,7.45
-24.78,-17.70,18.74
-13.49,-17.88,36.74
-5.68,-6.29,66.35
2.62,11.66,105.71
21.55,27.16,149.23
40.53,37.29,191.89
47.00,52.43,218.75
49.50,63.29,223.69
52.73,67.63,211.18
53.71,73.24,186.58
41.87,66.59,152.28
30.70,48.71,128.17
19.35,34.91,107.73
14.65,23.44,88.56
9.28,13.31,74.52
-1.83,-1.77,51.03
-6.23,-7.14,30.94
-12.94,-8.67,21.85
-19.41,-9.09,19.84
-26.49,-7.57,10.62
-26.67,-3.72,-3.78
-24.41,-4.82,-10.25
-26.49,-3.11,-21.91
-34.06,6.71,-38.45
-43.33,13.49,-59.88
-53.59,16.36,-83.07
-63.05,21.91,-101.20
-75.07,32.41,-110.84
-75.50,45.59,-111.08
-75.44,62.56,-99.55
-61.28,65.37,-78.74
-48.65,56.95,-50.23
-39.86,41.44,-24.41
-35.89,23.25,-7.81
-33.94,7.08,-0.85
-36.19,-3.60,1.71
-46.02,5.55,-7.08
-54.93,33.33,-18.86
-32.90,27.95,-16.17
-19.90,3.54,-10.07
-13.67,-11.54,-4.94
-6.71,2.01,0.55
9.58,14.89,8.36
18.80,19.96,16.17
31.31,16.66,22.89
56.40,-3.97,31.74
74.22,-22.71,36.62
88.13,-39.00,37.23
102.66,-49.99,40.22
115.48,-56.15,44.86
133.73,-58.53,48.83
149.72,-51.76,51.45
166.75,-45.59,52.61
179.02,-34.73,50.48
188.54,-29.79,49.68
188.23,-29.17,48.46
183.84,-27.04,38.64
181.09,-21.30,23.93
174.99,-14.47,10.50
161.93,-4.09,8.73
145.69,2.20,10.50
126.77,1.71,15.56
107.67,-5.13,13.61
95.70,-11.41,11.66
81.05,-18.37,8.42
65.61,-23.44,-1.34
47.06,-26.79,-8.06
26.98,-23.93,-9.77
16.11,-22.89,-16.78
5.00,-6.04,-6.59
-6.84,0.98,3.85
-21.18,-1.16,4.27
-33.20,-4.15,-1.16
-37.60,-2.93,-8.24
-45.17,4.15,-21.67
-54.44,13.85,-44.43
-67.14,24.96,-67.32
-83.25,44.13,-90.39
-94.42,62.68,-115.60
-97.41,70.50,-141.17
-102.11,65.92,-165.16
-113.10,51.09,-186.10
-111.08,29.79,-201.72
-103.09,6.23,-209.84
-99.43,-18.13,-211.36
-103.39,-39.92,-208.31
-118.47,-57.13,-201.78
-119.08,-70.62,-193.30
-124.08,-76.54,-182.37
-133.30,-77.33,-167.72
-131.65,-75.20,-147.03
-128.23,-71.90,-121.03
-119.87,-65.67,-92.65
-107.12,-56.40,-60.85
-86.98,-47.49,-28.63
-61.95,-39.31,4.39
-44.86,-35.77,37.72
-40.10,-27.04,43.33
-29.79,-7.20,2.62
-4.15,-4.70,2.38
12.70,-0.18,12.70
24.66,6.29,24.90
33.33,15.01,36.56
49.32,24.17,49.01
59.94,32.84,69.21
69.64,46.33,85.69
77.58,52.73,106.51
78.37,56.03,124.94
74.71,54.50,137.51
73.43,54.14,149.84
74.89,58.23,161.25
77.51,55.24,169.62
79.35,50.54,182.01
76.78,52.43,187.50
75.99,53.53,196.04
74.22,47.97,203.37
72.27,42.91,206.30
72.69,45.04,210.51
65.73,45.59,201.97
62.99,47.42,195.19
51.94,46.20,188.05
43.33,45.23,175.11
39.98,45.10,163.45
35.28,31.92,146.61
29.91,15.01,130.62
25.63,9.40,112.37
19.23,-3.54,95.46
15.01,-5.07,86.49
13.79,-5.98,86.36
7.51,-3.97,82.58
2.87,-12.94,89.17
-0.43,-11.54,83.44
6.04,-13.61,74.83
6.53,-12.70,63.35
4.70,-13.18,42.79
1.10,-10.74,18.80
2.50,-8.91,5.07
8.48,-4.82,4.15
8.85,-3.91,6.41
5.49,-3.91,4.82
1.53,-4.58,0.73
-1.95,-5.43,-2.87
-3.60,-6.16,-4.27
-3.78,-6.04,-5.25
-3.91,-5.62,-6.41
-5.43,-5.07,-8.79
-7.81,-4.76,-10.99
-9.34,-4.46,-12.57
















-,-,-
0.73,-1.16,0.98
0.98,-1.10,1.22
0.79,-1.34,1.40
0.67,-1.59,1.34
0.55,-1.53,0.92
0.37,-1.46,0.79
0.18,-1.22,0.61
0.24,-0.85,0.37
0.61,-0.31,0.43
1.16,0.06,0.37
1.40,0.49,0.31
1.22,0.55,0.24
1.34,0.37,0.37
1.34,0.00,0.73
1.40,-0.37,0.98
0.98,-0.92,0.98
0.79,-1.16,0.98
0.67,-1.34,1.16
1.04,-0.92,1.16
1.10,-0.49,1.28
1.04,-0.31,1.16
1.22,0.31,1.16
1.59,1.16,1.46
2.26,1.71,1.46
2.01,1.65,1.34
1.40,1.53,1.34
0.85,1.34,1.16
0.06,0.98,1.10
-2.14,0.55,0.79
-6.47,0.61,1.89
-6.35,2.81,19.41
-6.90,7.57,44.37
-9.64,13.43,61.65
-6.35,18.01,83.44
-3.91,20.14,101.50
-10.44,27.71,116.27
1.59,36.19,131.35
7.26,40.22,138.67
10.86,44.01,142.09
13.00,41.56,137.27
11.60,40.22,122.50
13.85,39.18,101.38
13.79,31.68,82.46
10.07,22.77,59.63
10.56,13.31,47.18
7.02,13.67,33.81
5.31,10.01,19.29
2.26,5.55,9.95
-0.61,1.95,-0.55
-0.92,0.61,-4.33
-3.72,0.49,-5.19
-6.16,0.37,-7.51
-8.54,0.92,-9.89
-10.13,2.32,-10.80
-9.77,5.86,-11.41
-8.79,10.86,-13.37
-7.87,15.50,-18.13
-10.99,24.35,-26.98
-16.05,31.43,-38.76
-22.09,29.85,-49.93
-33.51,27.77,-62.68
-43.15,27.28,-75.44
-46.69,28.38,-83.19
-48.77,28.20,-82.95
-49.56,25.51,-73.30
-50.29,20.87,-57.62
-52.25,15.56,-40.59
-53.34,9.64,-25.70
-52.98,2.62,-12.88
-51.88,-6.71,-1.65
-52.19,-19.29,9.64
-53.22,-33.81,20.02
-55.91,-49.07,26.25
-53.10,-53.96,2.99
-42.18,-39.37,-29.42
-25.94,-28.20,-32.35
-11.17,-11.41,-13.73
1.46,-17.21,10.56
1.89,-16.24,14.40
5.62,-4.88,8.73
19.35,3.85,8.24
32.41,6.71,12.88
47.73,-10.19,23.07
59.88,-26.37,29.85
76.54,-36.07,36.68
96.44,-41.32,43.09
115.60,-47.61,54.75
129.82,-46.88,59.45
144.65,-53.83,64.70
153.75,-58.78,63.60
159.06,-59.39,62.68
156.68,-59.02,58.41
150.51,-51.15,49.50
139.77,-48.71,46.26
125.12,-36.99,42.24
107.85,-23.68,34.85
91.74,-12.08,34.00
74.95,0.67,36.19
54.14,14.40,27.22
36.25,15.20,17.40
15.32,15.38,13.06
2.32,23.01,7.26
-8.36,24.17,-0.61
-17.03,15.93,-5.31
-24.90,8.79,-8.54
-29.97,9.46,-13.49
-33.63,21.73,-21.67
-38.45,37.90,-37.35
-43.27,47.30,-61.71
-45.10,41.44,-83.25
-48.65,28.32,-102.78
-53.96,15.81,-124.39
-56.34,6.04,-147.34
-56.95,-1.04,-166.14
-54.87,-6.65,-173.95
-51.03,-14.28,-169.19
-49.56,-21.18,-156.62
-51.39,-27.65,-137.94
-54.02,-36.56,-117.74
-59.81,-46.75,-100.10
-63.78,-53.77,-88.44
-69.03,-56.21,-79.90
-71.53,-58.11,-69.58
-71.66,-60.91,-51.33
-66.53,-61.77,-24.54
-60.49,-60.30,3.23
-57.92,-52.49,16.05
-38.39,-34.97,-5.00
-0.79,-23.93,-9.46
9.46,-21.36,5.92
-5.98,-18.92,15.81
-7.02,-14.77,12.51
5.80,-11.78,4.27
15.69,-10.56,5.62
18.13,-3.11,20.57
21.18,8.42,41.63
27.71,13.18,60.67
28.20,19.78,72.51
31.25,26.61,78.19
36.87,39.61,91.98
41.02,41.50,96.98
40.47,49.44,102.36
45.35,56.34,116.21
41.63,57.62,131.59
34.24,63.96,144.10
35.83,69.40,158.08
37.72,68.48,168.82
39.00,63.23,177.06
42.36,71.66,179.99
46.88,75.44,180.60
44.86,72.75,175.05
38.51,63.42,170.72
32.59,57.43,162.41
27.53,47.73,154.97
24.41,39.12,153.75
20.20,27.65,154.91
18.01,15.99,150.15
9.34,12.70,129.58
10.38,10.25,116.21
5.19,2.44,112.00
1.04,1.53,104.13
0.79,4.03,97.84
-2.50,-0.73,97.05
-3.85,-5.37,95.09
-3.97,-6.53,84.05
-1.16,-5.74,77.45
0.61,-2.38,74.58
-0.37,-1.71,68.73
-3.60,-4.09,57.50
-2.44,-6.47,54.69
-1.89,-6.04,56.64
-3.91,-3.97,53.41
-7.14,-4.27,39.25
-5.62,-5.00,30.88
1.10,-5.68,36.68
0.55,-6.90,41.08
-0.18,-4.39,26.98
2.08,-1.71,8.48
4.88,0.12,2.50
6.04,2.26,3.36
