-,-,-
2.69,-10.13,1.34
2.08,-9.16,1.04
-1.59,-8.79,0.92
-5.62,-9.46,-0.43
-3.48,-9.83,-2.01
-1.89,-9.52,-2.26
-2.14,-8.79,-1.77
-2.50,-7.93,-1.77
-2.38,-7.02,-2.44
-2.08,-6.23,-2.62
-1.40,-5.37,-2.81
-0.55,-4.21,-2.56
-0.61,-2.99,-2.14
0.31,-2.01,-1.83
0.98,-0.73,-1.34
3.05,0.79,-0.85
4.21,1.83,-0.31
4.52,2.38,0.12
4.64,2.81,0.73
5.37,3.36,1.77
6.59,3.97,2.38
8.30,4.39,2.99
9.40,4.39,3.36
10.25,4.39,3.36
10.44,4.15,3.60
10.86,3.72,3.78
10.99,2.87,3.60
10.86,2.08,3.23
10.07,1.16,2.93
8.97,0.31,2.69
8.24,0.12,2.38
7.45,0.49,2.26
7.57,1.04,2.14
8.30,2.14,2.44
9.89,3.23,2.44
9.58,3.91,2.62
6.90,3.72,4.15
2.87,3.23,7.39
-2.38,3.48,8.30
-2.56,4.64,14.89
-0.18,6.96,38.27
3.60,14.34,61.52
12.70,18.07,76.72
21.00,18.31,88.38
28.20,18.68,101.50
30.33,20.20,109.80
34.12,21.42,117.98
36.38,25.09,135.01
37.11,23.99,153.38
39.98,24.84,161.56
40.16,27.34,167.48
34.61,25.02,168.15
33.02,20.87,166.75
28.87,18.49,170.96
28.99,11.66,171.51
28.50,4.33,159.30
30.58,-6.04,143.98
25.63,-7.32,122.62
22.46,-16.11,104.98
14.53,-17.76,83.01
9.16,-13.92,62.44
3.48,-10.86,46.33
-5.43,-2.50,24.96
-8.85,3.54,11.66
-8.54,10.80,-0.67
-2.69,16.17,-12.02
-6.65,22.95,-47.36
-2.14,23.07,-111.57
7.02,17.15,-178.59
13.31,11.90,-230.90
16.97,11.78,-266.17
18.55,14.10,-284.12
8.79,13.18,-280.27
-1.71,3.54,-259.40
-8.54,-23.01,-224.67
3.23,-60.42,-181.21
-0.49,-92.29,-140.75
-10.93,-111.39,-108.03
-12.57,-121.77,-81.67
-15.20,-125.24,-59.75
-17.15,-122.92,-40.04
-8.91,-112.61,-20.26
2.93,-93.57,-0.31
6.35,-73.30,22.52
8.97,-48.28,27.04
18.43,-14.16,1.71
18.62,8.73,5.13
16.11,8.79,17.40
14.22,2.32,33.08
16.72,-1.83,47.67
19.35,-2.20,69.09
22.34,-0.61,89.29
27.83,-1.16,107.54
31.98,-3.72,126.65
36.44,-5.00,143.01
43.27,-5.19,163.15
47.97,-2.87,180.60
53.83,-4.64,191.47
57.19,-5.55,193.91
58.65,-9.83,195.80
58.72,-14.59,185.61
57.68,-12.08,178.53
51.51,-9.03,160.40
46.81,-12.63,141.05
37.35,-10.38,127.32
28.87,-5.62,105.53
21.18,-6.90,80.51
14.22,-9.77,62.38
6.10,-6.90,44.49
-1.16,-7.57,29.05
-10.74,-9.70,13.12
-19.17,-10.74,-7.26
-26.12,-14.10,-21.79
-35.34,-8.06,-37.17
-48.46,7.93,-56.40
-66.83,27.28,-72.27
-88.68,46.20,-77.88
-107.85,64.03,-74.04
-120.54,81.42,-64.03
-128.91,95.89,-51.03
-134.64,103.58,-37.48
-136.90,103.52,-25.51
-136.17,97.35,-16.54
-132.69,86.49,-12.70
-124.94,72.20,-13.92
-116.46,55.11,-16.91
-109.50,39.12,-18.37
-105.04,28.32,-17.40
-100.83,21.67,-14.71
-96.07,17.15,-10.50
-92.90,13.67,-5.25
-89.48,10.25,0.43
-84.11,7.63,6.35
-77.03,5.68,12.21
-69.46,2.87,17.33
-60.36,-0.92,21.36
-52.49,-4.46,24.23
-45.29,-7.81,24.78
-40.47,-12.08,23.56
-31.19,-14.83,16.36
-15.38,-2.75,6.47
-4.46,31.62,8.48
21.06,36.38,4.46
31.68,14.71,5.86
39.67,2.93,6.04
50.17,-13.43,4.64
58.23,-28.56,5.19
66.59,-42.54,9.34
74.77,-55.18,14.53
79.41,-64.15,12.08
82.70,-62.38,9.77
82.28,-58.17,12.45
81.79,-59.02,8.97
84.23,-54.38,7.32
86.30,-47.30,13.49
87.04,-43.76,3.60
91.98,-40.89,-17.46
94.12,-42.11,-14.89
92.65,-38.94,-12.15
93.57,-33.75,-16.05
95.58,-25.51,-5.68
91.25,-10.25,9.52
83.44,7.08,-0.31
85.57,-1.89,-11.05
79.41,-5.25,-6.77
75.13,-5.19,-5.25
73.24,-9.22,-1.89
70.01,-7.87,-2.38
69.76,-6.96,-0.18
66.77,-5.80,5.68
59.39,-6.96,1.83
57.31,-12.51,-3.42
55.11,-14.28,-0.43
52.67,-15.26,2.62
53.04,-17.21,2.50
54.75,-20.39,-3.30
57.43,-28.50,-6.29
58.41,-28.69,-6.59
58.47,-33.81,-8.06
56.34,-41.08,-8.97















-,-,-
2.99,-0.12,0.79
3.05,0.37,0.73
3.05,0.37,0.79
2.93,0.31,0.79
2.56,0.06,0.73
2.01,0.12,0.79
1.89,0.12,0.49
1.46,0.18,0.73
1.53,0.37,0.85
1.71,0.31,0.79
1.89,0.18,0.79
1.59,-0.12,0.49
1.16,-0.49,0.24
0.73,-0.98,-0.31
0.61,-1.34,-0.37
0.43,-1.46,-0.49
0.55,-1.16,-0.55
1.16,-0.85,-0.18
1.59,-0.55,-0.18
1.89,-0.43,0.00
1.71,-0.67,0.24
1.77,-0.73,0.55
1.77,-0.49,0.92
1.83,-0.43,1.28
1.71,-0.37,1.77
1.59,-0.31,2.20
1.22,-0.24,2.44
0.67,-0.06,2.32
0.43,0.12,1.89
0.00,0.06,1.59
-0.24,0.18,1.16
-1.04,-0.12,0.79
-1.53,-0.31,0.24
-1.83,-0.67,-0.37
-1.89,-1.16,-0.73
-2.62,-1.10,-0.92
-3.42,-0.79,-1.04
-5.31,0.00,-0.98
-7.26,1.04,0.00
-7.87,0.92,4.94
-7.39,0.85,17.88
-8.73,6.96,37.60
-2.26,11.72,56.34
4.39,11.54,73.00
12.82,12.76,85.57
18.25,16.42,97.60
24.90,22.16,102.78
29.91,28.38,105.71
34.67,30.82,110.35
37.48,33.45,117.31
44.13,40.59,127.99
50.54,46.88,140.44
54.44,52.98,150.88
61.65,53.47,164.92
58.65,65.73,174.99
55.24,68.66,177.25
48.52,55.54,174.56
42.30,50.11,169.19
39.25,41.87,161.01
36.93,26.98,144.71
32.78,15.26,128.85
25.27,3.85,106.63
21.24,0.18,84.35
16.17,-3.11,74.22
5.92,-5.55,60.55
1.95,-5.00,48.34
-3.85,-4.76,40.59
-5.98,-2.32,32.17
-6.53,6.35,11.47
1.59,13.12,-11.84
10.56,15.08,-40.16
23.38,10.19,-89.29
41.69,-1.04,-153.32
60.85,-15.63,-216.37
58.72,-31.13,-265.81
53.77,-46.69,-298.34
42.85,-66.22,-312.81
28.93,-88.99,-309.88
12.45,-112.55,-287.60
-4.58,-130.92,-252.69
-8.30,-138.31,-217.53
0.37,-136.05,-185.42
3.30,-129.88,-150.51
-2.93,-121.46,-108.83
-5.68,-108.52,-63.96
-7.87,-93.93,-23.38
-10.13,-78.49,8.61
-11.05,-63.72,32.04
-9.52,-51.57,50.54
-6.59,-41.69,64.64
-4.39,-18.25,29.36
15.14,8.61,-17.09
8.91,21.48,-9.40
5.80,15.63,6.77
12.82,-0.55,32.41
19.04,-11.60,67.14
17.70,-5.62,90.76
23.01,-0.92,106.45
24.05,0.06,131.35
25.15,-0.24,159.97
30.03,5.80,175.96
42.36,9.52,200.56
48.89,14.89,220.03
54.38,21.97,236.33
58.96,17.52,244.38
59.14,9.34,236.51
55.05,3.60,216.98
51.15,-1.53,193.18
43.88,-9.95,166.75
35.52,-16.05,137.51
28.38,-25.45,111.88
21.91,-33.87,86.67
16.17,-40.04,65.31
9.09,-44.25,49.26
-2.26,-48.95,28.20
-10.44,-50.11,0.98
-21.79,-40.71,-21.00
-42.36,-26.12,-47.73
-65.00,-9.16,-77.15
-89.97,7.08,-97.05
-112.43,26.31,-105.04
-128.48,48.40,-104.68
-138.12,70.13,-97.47
-141.24,88.56,-85.51
-139.95,102.11,-72.08
-139.77,109.13,-61.34
-140.75,109.86,-54.69
-141.72,106.51,-49.74
-139.95,100.71,-44.43
-134.46,93.99,-38.88
-126.46,87.10,-32.41
-119.93,78.86,-24.90
-114.99,68.73,-17.76
-104.55,56.52,-10.62
-89.60,41.56,-2.32
-74.89,23.86,7.39
-62.56,5.86,15.99
-52.73,-8.97,22.22
-44.49,-19.59,26.61
-35.46,-24.66,31.31
-24.11,-27.28,37.35
-9.83,-27.77,38.33
12.76,-9.95,31.56
22.77,30.64,39.79
47.18,55.54,24.84
59.14,49.93,12.76
56.88,16.54,8.54
56.34,-2.26,4.52
61.89,-15.08,7.57
70.13,-29.54,10.56
78.92,-46.26,14.40
83.92,-54.38,16.66
83.74,-56.46,17.70
84.53,-58.41,14.28
85.57,-60.00,10.07
88.07,-59.08,7.45
92.35,-54.32,13.55
93.87,-49.19,13.92
95.15,-44.25,-0.79
97.78,-37.48,-3.30
96.13,-33.69,7.51
93.44,-25.94,8.06
92.16,-14.53,3.30
88.26,12.76,2.75
83.62,-2.69,5.25
86.12,-8.79,2.56
83.01,-8.48,1.71
83.19,-11.84,-4.70
85.82,-17.27,-5.49
83.07,-19.17,-3.23
78.31,-20.87,-6.65
74.71,-24.35,-7.93
68.79,-26.92,-5.25
65.73,-32.71,-4.39
63.96,-33.63,-6.59
61.46,-32.78,-5.86
59.88,-29.48,-11.35
63.35,-32.41,-15.56
66.65,-30.70,-8.12
66.71,-35.34,-4.64















-,-,-
1.65,0.79,0.98
1.71,0.79,0.73
1.46,1.04,0.79
1.65,1.10,0.67
1.77,1.04,0.73
1.89,1.04,0.85
2.08,0.98,0.85
1.83,0.67,0.79
1.34,0.49,0.61
1.10,0.24,0.67
1.53,0.37,0.43
1.46,0.55,0.37
1.34,0.85,0.12
1.53,1.28,0.43
1.59,1.77,0.24
1.53,1.95,0.06
1.53,2.08,-0.18
1.77,1.89,-0.55
2.26,1.28,-0.98
1.59,0.67,-1.46
1.16,-0.49,-1.77
0.98,-1.71,-1.89
1.10,-2.44,-2.14
1.16,-2.75,-2.01
1.16,-2.99,-2.01
1.16,-2.99,-1.77
0.55,-2.87,-1.40
-0.18,-2.56,-0.85
-0.49,-2.20,-0.37
-0.73,-2.38,1.16
-0.18,-3.17,3.60
0.55,-4.52,10.50
2.62,-2.99,24.84
6.23,1.71,36.99
9.70,7.51,41.75
12.70,9.46,49.13
12.21,12.51,64.94
11.35,11.54,73.67
14.10,10.44,81.97
15.50,14.28,94.54
21.12,15.50,108.40
24.84,16.72,118.96
33.51,22.22,132.45
36.74,25.76,143.86
38.15,30.15,155.94
35.28,37.84,169.92
29.24,40.41,174.13
27.16,38.02,172.00
24.66,35.34,169.74
24.05,27.83,162.05
23.25,26.00,151.00
24.05,19.29,143.98
18.98,10.56,133.00
15.14,2.32,120.06
8.18,-7.51,104.74
3.23,-15.08,81.54
-0.79,-13.24,56.64
-3.36,-10.99,41.50
-8.61,-7.32,35.10
-12.88,-1.46,17.09
-10.25,3.54,-3.05
-7.81,8.97,-19.59
-6.10,12.76,-54.81
0.12,7.32,-110.23
10.25,-7.26,-174.19
16.91,-18.13,-232.97
15.50,-25.09,-275.70
10.62,-27.34,-299.74
4.58,-24.72,-302.55
-2.08,-20.14,-285.58
-4.09,-21.30,-253.17
-11.54,-31.92,-213.26
-18.74,-52.37,-175.90
-26.79,-76.72,-149.35
-23.74,-96.86,-132.39
-18.92,-111.51,-118.35
-19.41,-118.41,-100.65
-22.03,-116.82,-76.11
-20.08,-108.76,-46.20
-14.40,-96.13,-15.08
-8.06,-82.09,14.16
-1.83,-68.97,39.73
2.50,-56.52,58.29
4.15,-40.47,51.39
21.30,-8.18,-4.82
14.65,12.88,-10.31
10.44,15.81,12.39
10.68,6.53,43.76
17.88,0.98,66.71
22.34,-1.71,90.52
19.90,4.39,112.24
26.18,4.33,130.25
26.25,4.15,152.16
26.55,1.83,170.41
32.29,-3.36,180.11
36.32,-1.71,196.04
42.54,0.79,209.05
49.44,1.71,216.49
49.68,7.14,219.85
50.54,10.50,215.21
48.89,7.14,201.97
43.95,0.67,180.54
38.45,-3.85,154.30
32.35,-4.82,126.46
29.54,-13.85,107.12
23.38,-14.59,86.36
20.26,-19.59,60.79
18.92,-21.55,45.23
13.67,-18.31,30.33
9.40,-22.03,18.31
1.83,-28.87,3.72
-6.59,-25.09,-21.24
-23.01,-11.17,-45.65
-45.78,-0.18,-61.95
-71.17,15.93,-70.43
-94.24,38.45,-73.36
-112.92,61.04,-73.18
-126.65,79.71,-71.41
-134.16,93.20,-69.27
-136.84,100.89,-66.83
-136.96,102.72,-64.21
-135.50,99.91,-61.77
-131.53,94.12,-57.86
-129.76,87.10,-52.06
-127.14,80.69,-46.33
-122.07,74.71,-41.38
-117.07,67.50,-34.97
-111.57,59.57,-26.37
-104.49,50.96,-15.38
-95.70,41.56,-5.00
-86.30,31.62,2.93
-77.58,20.57,7.69
-69.95,8.18,10.25
-63.05,-3.54,12.57
-56.40,-13.79,16.85
-48.40,-22.83,22.83
-37.78,-30.40,28.81
-11.23,-32.10,24.84
-1.46,-12.51,29.85
9.64,34.85,18.92
39.43,39.49,5.98
41.26,20.45,4.27
40.65,4.27,7.26
49.74,-2.56,14.83
56.64,-16.60,14.53
65.19,-33.69,13.61
74.95,-48.03,17.64
78.49,-57.98,19.53
80.63,-66.47,14.77
84.72,-70.98,11.90
83.13,-68.97,11.35
83.80,-62.62,12.21
87.10,-61.16,13.73
88.26,-56.15,10.31
89.54,-49.32,1.22
90.52,-45.10,2.99
87.59,-38.82,4.15
88.32,-37.05,0.85
90.52,-30.40,-4.64
94.06,-27.95,-3.66
92.83,-23.80,-4.09
93.93,-6.04,-16.60
93.81,-15.01,-9.70
96.50,-22.83,2.87
94.48,-27.34,-3.91
92.65,-27.40,-23.74
88.93,-28.93,-16.91
83.56,-28.14,-3.36
78.92,-19.78,-7.26
74.65,-21.61,-6.90
71.66,-26.86,0.06
69.52,-28.87,2.26
68.85,-30.70,-0.98
64.39,-34.36,-3.78
62.38,-34.85,-0.73
58.35,-32.29,0.18
54.69,-32.23,-5.55
54.38,-31.19,-8.06
47.85,-31.43,-4.94
47.61,-32.78,-3.66















-,-,-
15.26,16.91,62.62
14.22,6.10,51.39
9.34,-0.24,35.40
3.78,-1.83,18.92
-0.12,-0.43,5.80
-1.95,3.30,-1.83
-3.42,6.23,-3.36
-4.09,7.93,-1.28
-4.82,9.16,1.95
-5.07,9.77,6.10
-4.70,10.25,10.99
-4.64,10.56,15.69
-3.48,9.95,20.02
-2.26,6.65,22.09
-1.22,1.40,21.18
-2.26,-3.85,17.70
-4.82,-7.45,12.02
-6.96,-7.51,5.68
-8.54,-4.33,-0.06
-9.16,0.24,-3.78
-6.23,7.02,-5.80
-4.27,13.61,-5.55
-7.57,16.60,-3.48
-7.81,14.40,-0.55
-3.42,8.18,2.56
-1.40,1.46,4.15
-1.71,-3.23,3.11
-0.79,-5.19,0.43
-0.67,-5.55,-2.87
-1.04,-4.94,-5.07
-1.46,-4.76,-7.14
-2.50,-4.46,-8.24
-3.60,-3.72,-8.91
-4.15,-3.30,-8.42
-4.33,-3.72,-6.59
-3.78,-4.82,-3.91
-4.33,-6.71,-1.34
-5.25,-8.61,0.00
-6.53,-10.44,-0.85
-8.24,-12.45,-3.72
-9.70,-14.34,-7.08
-11.66,-15.26,-10.07
-15.26,-15.63,-12.27
-20.20,-17.03,-14.65
-23.74,-21.48,-15.99
-24.35,-28.02,-15.63
-23.93,-33.94,-13.49
-23.19,-38.45,-9.09
-23.80,-43.46,-2.14
-25.02,-50.35,7.87
-26.00,-58.59,17.88
-29.30,-65.25,24.60
-33.81,-67.87,27.34
-36.44,-67.32,28.81
-37.29,-64.64,31.86
-35.89,-61.46,36.74
-29.24,-58.90,44.31
-21.00,-57.98,49.26
-11.23,-58.41,49.38
-6.29,-57.92,53.10
-2.01,-51.39,51.33
16.60,-36.62,20.63
24.48,-29.97,17.09
21.42,-20.75,36.74
17.58,-10.74,65.98
17.94,3.60,88.56
21.91,16.48,115.78
26.67,31.74,143.62
36.56,51.21,167.24
50.84,50.96,180.24
61.46,25.39,179.57
56.34,30.70,177.61
59.02,43.46,176.57
56.70,48.77,178.96
56.09,38.33,185.73
57.80,34.97,204.16
72.20,34.79,209.41
53.04,28.50,192.14
38.33,21.91,174.07
28.56,17.40,154.42
18.62,13.85,131.04
13.79,6.29,110.78
4.64,4.21,90.64
0.49,4.27,62.38
-3.05,0.12,51.33
-9.16,0.06,44.31
-6.04,3.36,19.90
1.59,3.60,-6.47
8.97,-0.55,-36.32
18.98,-5.25,-90.21
27.10,-11.72,-158.51
27.34,-22.77,-221.19
19.53,-29.05,-269.41
7.81,-29.24,-301.57
-10.86,-25.76,-317.50
-19.17,-23.44,-318.30
-19.90,-25.09,-304.63
-20.87,-33.45,-276.98
-14.53,-52.61,-241.58
-9.89,-78.86,-199.65
-8.12,-103.27,-154.66
-11.66,-120.61,-111.57
-18.68,-129.76,-70.74
-30.15,-130.62,-32.65
-37.54,-127.08,0.73
-35.28,-116.94,25.63
-29.48,-89.17,19.04
-11.41,-49.26,-22.77
-4.70,-28.14,-10.31
-5.86,-10.25,18.92
4.52,-9.58,55.85
22.64,-4.27,80.38
38.27,3.54,105.35
51.27,7.81,130.86
65.19,10.44,149.84
81.18,19.96,176.09
90.21,26.92,202.76
88.99,35.03,215.09
89.29,42.60,231.45
83.92,36.68,239.69
73.55,28.63,234.01
58.35,19.59,216.80
46.75,5.00,193.66
31.86,-0.73,157.17
24.41,-4.88,130.68
9.52,-8.42,108.58
2.20,-11.23,88.50
-5.37,-8.67,68.79
-14.28,-11.60,42.97
-17.58,-8.30,31.01
-27.95,-4.15,17.82
-39.18,1.46,-6.47
-55.05,17.03,-34.00
-75.62,30.94,-67.02
-93.44,38.15,-98.02
-112.85,41.93,-117.00
-130.19,47.91,-122.50
-143.43,55.97,-116.70
-152.77,63.96,-104.19
-158.63,71.17,-88.07
-162.66,77.51,-71.47
-159.61,82.58,-55.91
-155.76,85.27,-41.99
-152.04,83.86,-30.52
-145.20,78.31,-20.94
-136.96,70.43,-12.02
-130.74,60.18,-3.97
-125.00,49.01,3.66
-118.29,39.12,12.15
-108.15,31.01,18.86
-91.80,25.21,14.28
-76.54,27.59,14.95
-56.88,28.63,24.48
-43.40,14.71,28.75
-29.79,-0.55,32.41
-11.05,-10.01,33.14
9.28,-24.66,29.66
25.33,-27.77,26.73
37.84,-23.44,27.95
45.47,-34.73,31.19
52.25,-46.88,35.46
58.84,-52.55,35.40
62.62,-53.34,35.71
65.73,-57.25,38.57
70.56,-57.74,31.86
79.65,-53.04,25.02
93.08,-50.96,22.71
102.66,-56.21,26.43
111.02,-57.19,17.46
117.00,-55.85,9.70
117.19,-58.17,4.33
114.44,-53.34,-1.83
116.39,-52.06,-3.91
116.64,-41.26,-0.24
113.83,-27.53,1.34
108.95,-8.24,-13.79
104.74,6.47,-21.73
104.80,-4.52,-9.03
100.83,-1.89,-12.76
101.75,1.22,-38.64















-,-,-
0.06,-1.89,3.17
-0.55,-2.08,3.11
-0.49,-2.26,2.44
-0.18,-2.26,1.83
-0.85,-2.26,1.16
-1.28,-1.59,0.98
-0.55,-0.55,1.28
-0.24,-0.37,1.16
-0.61,-1.04,0.67
-1.28,-1.59,0.06
-0.31,-1.40,-0.55
-0.55,-1.34,-0.61
-0.12,-0.92,-0.55
-0.06,-0.73,-0.67
-1.10,-1.04,-1.10
-0.31,-1.10,-1.46
-0.24,-1.04,-0.55
-0.31,-0.85,0.55
-0.67,-1.46,0.85
-1.04,-2.08,0.61
-0.98,-2.38,0.00
-0.92,-2.50,-0.31
-0.98,-2.56,-0.18
-0.73,-2.26,0.37
-0.06,-1.77,0.92
0.85,-1.16,1.77
1.04,-0.98,2.87
0.55,-0.98,3.30
0.37,-1.83,3.17
0.49,-2.32,3.91
0.43,-2.99,4.76
0.31,-4.33,5.86
0.43,-5.68,7.45
0.49,-7.02,9.09
0.61,-9.89,8.67
1.89,-14.28,6.77
-0.24,-14.47,6.90
-0.67,-14.59,10.07
2.20,-15.44,14.83
6.41,-15.87,20.57
7.69,-17.09,26.61
7.14,-18.98,30.33
7.02,-19.04,29.54
9.09,-16.72,27.10
11.17,-14.71,28.32
10.19,-9.77,36.32
9.70,-4.21,43.82
16.72,1.53,45.35
22.03,7.69,49.50
26.43,9.77,61.58
29.30,11.84,76.60
33.75,17.46,97.96
45.47,29.05,121.15
60.18,45.78,140.69
77.27,48.65,161.80
81.85,47.67,178.10
83.07,54.93,190.92
86.85,54.87,199.83
84.11,49.87,209.59
71.53,59.63,218.63
66.77,59.27,222.41
66.53,43.33,216.74
59.63,42.48,205.69
51.39,40.28,194.76
40.34,33.94,182.13
29.97,30.21,167.05
21.42,25.70,151.61
17.09,19.90,130.80
12.82,12.45,107.60
8.06,12.57,82.15
5.00,4.21,69.21
0.00,0.55,54.50
1.53,0.37,28.44
5.62,-2.62,8.91
14.53,-3.11,-7.81
24.72,-2.14,-45.04
34.73,-3.91,-105.16
37.54,-14.71,-172.24
36.07,-29.24,-234.74
22.16,-42.66,-281.56
2.87,-54.38,-313.60
1.04,-67.20,-331.12
-10.44,-77.33,-332.58
-20.81,-88.20,-318.42
-26.61,-101.99,-288.15
-29.30,-116.58,-246.83
-30.94,-126.10,-201.72
-31.98,-128.36,-153.87
-32.47,-125.06,-101.75
-33.75,-116.70,-51.15
-32.84,-104.06,-13.00
-21.61,-86.12,7.63
-8.79,-62.50,4.39
4.33,-35.28,-18.86
-2.87,-14.04,-4.33
-8.48,-5.74,18.62
0.18,-10.62,36.32
7.69,-14.22,46.88
15.63,-13.12,60.73
23.38,-10.93,79.10
28.93,-6.47,100.16
35.40,-3.48,115.84
48.95,-4.46,133.24
60.97,-4.03,155.15
70.01,1.16,182.62
74.46,15.63,197.94
87.28,13.73,217.29
81.12,12.94,233.22
68.12,13.92,230.04
60.85,6.59,217.59
51.15,-1.95,203.55
39.25,-9.77,180.18
30.15,-9.40,148.07
23.01,-9.70,116.39
13.18,-16.48,90.33
3.17,-20.94,58.35
-5.43,-18.37,31.31
-16.11,-19.23,14.40
-26.31,-13.79,-1.10
-37.72,-5.13,-14.28
-51.70,5.68,-35.22
-66.53,20.08,-61.83
-84.47,28.93,-85.75
-105.29,36.62,-102.48
-125.85,46.33,-110.84
-142.46,56.46,-109.74
-150.09,66.96,-98.21
-156.74,77.45,-79.71
-155.58,86.24,-61.65
-152.83,90.94,-47.73
-147.77,91.06,-38.45
-140.81,86.61,-31.25
-132.93,79.47,-25.76
-124.88,70.31,-20.14
-117.19,59.88,-12.88
-108.40,48.95,-3.85
-98.02,38.70,6.71
-86.18,29.24,17.70
-72.39,20.14,27.34
-58.29,10.50,34.06
-44.74,-0.98,39.18
-34.30,-14.34,43.15
-25.39,-29.17,44.74
-7.63,-37.84,28.93
1.83,-26.92,26.73
17.03,-0.18,25.94
37.17,8.12,20.08
44.37,-8.30,15.14
47.49,-27.10,10.25
51.21,-38.88,9.40
56.64,-48.89,8.61
65.31,-59.51,10.31
74.04,-66.10,15.26
79.35,-73.49,22.58
83.92,-73.85,23.80
88.01,-71.96,18.19
94.18,-68.18,15.69
97.23,-65.37,16.36
101.20,-61.95,12.88
102.54,-62.13,-4.76
105.71,-61.22,-19.41
106.87,-61.40,-14.65
103.09,-52.80,-9.52
99.98,-30.15,-12.21
99.55,-36.74,-8.06
95.58,-34.91,-7.20
91.37,-31.43,-6.41
88.75,-28.14,-0.92
88.50,-26.12,-2.08
89.66,-21.30,-5.13
88.26,-17.82,-4.82
90.03,-21.85,-4.64
90.09,-29.42,-12.02
88.93,-36.19,-22.95
83.80,-45.90,-25.57
78.31,-49.38,-27.22
71.35,-44.25,-26.37
65.43,-43.15,-17.58
60.73,-39.67,-11.66
58.59,-34.24,-11.35















-,-,-
3.36,-1.95,7.45
4.03,0.43,10.68
5.43,4.03,11.96
5.31,5.00,9.83
4.58,3.60,8.42
2.75,4.64,7.69
2.08,5.68,8.36
1.04,7.08,7.51
2.38,6.47,7.87
1.77,6.41,9.58
1.40,6.71,11.35
1.28,8.42,16.11
1.65,11.96,21.61
3.48,13.24,30.58
3.17,17.58,35.52
6.96,20.75,39.86
9.03,24.60,48.22
11.66,27.95,55.11
17.94,31.19,63.66
20.94,31.80,71.78
25.82,28.38,74.28
27.71,27.40,74.34
25.51,26.73,72.33
22.09,24.84,71.53
17.58,20.63,75.87
14.22,22.52,80.69
19.23,25.88,99.24
24.54,25.88,126.95
30.03,27.89,151.31
34.91,34.36,173.16
34.42,41.81,187.38
33.87,40.59,189.45
31.37,39.43,184.39
28.02,33.87,170.78
24.96,31.80,154.36
21.79,24.66,138.61
17.70,16.17,122.62
12.02,11.17,102.23
9.77,5.07,85.33
5.07,3.11,73.36
3.42,-0.37,58.53
3.05,-0.61,45.78
0.06,-0.06,25.33
2.26,3.85,-0.73
5.98,4.88,-22.46
10.86,1.53,-57.19
21.18,-9.03,-113.28
32.84,-25.27,-175.35
31.25,-38.57,-228.27
19.10,-47.79,-263.12
2.14,-53.65,-274.29
-14.77,-57.37,-263.31
-25.70,-61.71,-240.05
-33.20,-70.19,-211.85
-30.58,-81.48,-184.94
-23.38,-89.23,-163.45
-17.70,-93.81,-146.79
-11.90,-92.96,-129.88
-10.25,-89.17,-107.06
-10.86,-83.25,-76.48
-10.56,-76.05,-41.75
-6.41,-69.03,-7.32
-1.71,-62.74,24.41
-2.56,-53.71,42.42
-5.62,-36.44,15.93
-7.57,-10.80,-4.82
-14.65,3.78,6.47
-20.26,4.64,35.52
-15.38,6.96,64.15
-4.21,13.00,88.75
6.65,20.57,111.57
19.71,25.27,137.39
31.92,31.86,156.68
43.27,40.53,172.67
51.15,44.19,189.51
54.69,44.01,203.80
57.43,44.56,211.79
59.14,39.86,211.06
55.18,32.59,201.54
49.07,22.03,178.83
39.73,9.16,148.93
27.95,1.34,121.95
16.36,-1.59,96.68
7.08,-5.13,69.46
1.53,-5.31,50.11
-5.43,-6.47,36.07
-10.19,-4.94,10.31
-13.24,-3.72,-15.63
-15.32,-0.18,-36.13
-25.63,7.75,-55.60
-41.20,17.58,-79.10
-61.77,23.80,-91.49
-83.44,32.71,-90.39
-97.47,45.65,-82.52
-103.94,57.74,-72.69
-103.52,67.87,-62.74
-103.33,75.62,-53.34
-100.04,80.93,-45.78
-97.05,83.01,-39.55
-92.71,80.69,-34.91
-89.60,74.10,-29.05
-88.56,65.12,-19.35
-88.20,56.09,-6.41
-87.77,48.40,6.29
-83.56,42.36,17.21
-75.50,37.11,25.27
-66.35,30.76,31.37
-57.13,21.79,34.79
-43.27,9.34,20.57
-38.27,11.41,11.66
-25.76,18.62,12.33
-10.25,5.80,12.76
2.75,-13.00,16.48
20.32,-28.20,26.31
30.33,-21.42,28.02
44.74,-23.56,21.79
52.43,-42.30,25.39
52.31,-54.44,28.87
56.46,-59.75,28.75
61.34,-60.97,30.46
66.77,-59.94,31.74
75.20,-56.21,31.68
86.06,-57.43,31.13
97.23,-61.46,28.75
105.71,-61.65,21.85
112.55,-64.70,14.40
116.46,-65.67,10.74
116.15,-63.90,2.75
119.38,-59.02,0.12
119.08,-55.66,-2.08
121.89,-47.49,-0.85
116.88,-24.41,-8.36
120.18,-19.90,-12.63
122.86,-27.40,-3.78
117.74,-26.00,-2.69
115.42,-25.57,-11.05
112.98,-31.56,-17.09
106.14,-28.38,-20.08
96.98,-28.44,-16.66
88.13,-32.10,-15.38
80.20,-35.83,-9.58
69.58,-38.45,-11.35
66.53,-33.39,-26.67
62.07,-30.76,-24.48
58.65,-36.32,-12.45
54.44,-33.26,-10.38
51.51,-38.51,-10.07
45.35,-39.00,-0.85
36.87,-38.70,-0.06
33.63,-37.23,-8.67
26.86,-35.95,-6.90
23.62,-35.16,-4.70
20.32,-28.50,-2.08
14.77,-20.08,0.61
9.52,-20.26,1.53
7.63,-29.36,0.55
5.74,-37.35,-1.71
1.83,-43.95,-4.09
-2.75,-50.23,-6.59
-7.51,-56.27,-9.95
-13.37,-60.24,-12.82
-21.18,-59.81,-16.11
-27.89,-58.78,-20.14
-31.01,-57.07,-24.84
-33.81,-42.36,-35.83
-31.25,-22.89,-49.99
-25.70,-4.82,-60.49
-21.73,14.34,-73.61
-18.37,30.09,-91.67
-10.68,41.14,-112.49
-3.97,48.34,-133.67
-0.79,53.28,-155.09
-0.43,55.91,-173.22
-2.50,56.27,-184.45
-7.26,53.34,-189.03
-11.05,46.63,-188.35
-15.08,38.88,-185.85
-13.31,33.20,-183.04
-13.55,30.58,-178.53
-14.34,28.50,-170.96















-,-,-
1.83,-0.18,2.62
1.77,-1.22,1.10
1.53,-1.16,0.24
1.53,-1.04,0.37
1.65,-0.98,0.43
1.46,-0.92,0.49
1.65,-0.92,0.92
1.04,-1.22,1.04
0.67,-1.28,1.16
0.06,-1.53,1.28
-0.85,-1.95,1.59
-1.83,-2.50,1.65
-2.26,-2.75,1.65
-2.44,-2.62,1.71
-2.26,-2.32,1.77
-1.89,-2.08,1.53
-1.34,-1.65,1.59
-0.79,-1.04,1.46
-0.55,-0.79,1.53
-0.73,-0.61,1.40
-1.04,-0.31,0.92
-0.73,-0.12,0.73
-0.06,0.37,0.67
0.67,0.55,0.92
1.28,0.49,1.28
1.59,0.06,1.59
1.89,-0.18,1.71
1.28,-0.73,1.89
-1.16,-1.40,1.95
-4.88,-1.77,2.26
-7.51,-1.34,5.37
-8.12,0.24,12.76
-6.23,1.89,21.55
-2.38,2.14,31.01
-0.98,5.62,45.72
-1.40,12.63,62.99
3.97,19.04,82.40
9.03,27.16,99.12
24.78,30.52,119.87
41.02,32.53,137.02
54.69,38.82,146.85
64.58,48.16,155.82
70.80,54.44,168.95
68.48,63.60,180.66
66.10,73.49,184.08
65.06,81.05,183.96
56.21,81.24,178.53
46.39,77.45,167.24
38.82,68.12,153.81
30.64,61.65,136.96
27.53,52.12,125.73
21.61,49.13,110.41
20.14,44.62,96.92
14.40,36.93,81.12
13.49,29.17,70.68
7.57,19.84,57.43
7.08,9.16,45.35
5.80,6.16,29.17
9.70,4.94,9.03
15.32,1.22,-12.63
19.10,-7.87,-48.34
24.84,-24.05,-104.00
25.76,-39.98,-165.65
20.81,-57.86,-221.01
11.47,-73.91,-264.28
0.55,-79.59,-290.71
-3.78,-82.28,-296.81
-3.23,-84.96,-283.02
-2.26,-90.33,-251.89
-1.04,-98.82,-207.34
-1.95,-107.42,-154.66
-1.10,-111.27,-99.61
-4.58,-108.28,-46.94
-6.41,-102.11,-3.60
-5.49,-97.29,29.91
-2.99,-94.54,54.75
-2.75,-89.42,63.48
-0.61,-65.86,11.23
2.75,-37.72,-26.31
-5.80,-14.34,-8.12
-5.07,-8.18,23.01
4.21,-11.35,54.20
20.02,-12.15,86.06
31.19,-5.98,107.67
38.27,3.78,132.26
47.36,10.74,156.43
53.83,16.72,170.35
62.13,19.17,181.09
67.20,22.58,200.68
63.48,30.27,214.42
59.63,29.36,216.37
55.05,21.48,210.45
48.77,12.33,191.04
44.31,-3.17,166.26
34.42,-13.12,134.70
24.84,-20.69,104.55
16.36,-31.92,80.14
10.80,-29.85,56.03
3.30,-20.81,34.18
-5.25,-15.14,20.45
-17.76,-4.76,2.69
-28.93,8.73,-18.01
-43.40,24.60,-37.48
-60.61,41.87,-55.42
-81.05,60.67,-72.20
-101.87,77.45,-82.21
-118.96,90.45,-83.37
-129.39,101.93,-78.67
-131.90,111.02,-71.11
-130.43,115.54,-60.36
-129.58,113.95,-49.99
-125.12,106.99,-41.50
-118.53,96.31,-34.12
-112.61,83.62,-26.86
-107.18,70.07,-19.90
-100.34,56.58,-11.23
-90.88,43.09,0.43
-79.53,29.60,14.65
-66.35,15.38,28.08
-54.32,1.28,38.94
-44.49,-11.41,46.63
-35.40,-24.05,51.70
-24.66,-36.25,55.30
-10.68,-49.50,58.17
5.25,-53.77,46.33
20.20,-24.96,25.57
31.01,10.19,24.35
50.96,16.54,20.08
56.09,-12.21,15.14
56.95,-35.34,9.34
58.90,-44.43,6.04
58.90,-48.03,10.93
61.71,-50.60,16.66
65.67,-56.40,19.04
70.92,-57.92,17.40
75.44,-56.88,14.47
82.70,-53.71,13.37
86.49,-51.33,14.16
92.10,-47.91,9.16
92.65,-47.18,0.55
96.50,-43.95,-14.65
99.55,-43.09,-12.27
95.52,-35.95,-6.47
93.44,-18.49,-8.12
88.75,-7.87,-3.17
89.05,-18.80,6.10
89.54,-19.23,6.90
88.32,-21.73,2.44
91.00,-22.58,-3.72
94.24,-26.55,0.18
94.79,-29.42,-4.88
93.63,-30.09,-18.25
90.45,-36.68,-22.34
84.23,-41.20,-24.29
81.42,-45.10,-24.60
76.48,-46.26,-17.82
76.05,-44.98,-17.64
80.26,-45.41,-10.68
77.76,-43.21,-2.01
76.72,-44.25,4.15
69.34,-43.64,1.04
64.70,-45.65,0.73
52.12,-43.82,6.41
45.72,-38.70,-7.93
44.49,-35.71,-12.08
32.96,-18.98,-2.08
25.51,-11.05,1.71
23.74,-14.47,1.77
17.15,-13.55,-1.22
13.98,-15.93,-3.78
9.83,-16.24,-4.58
5.80,-15.38,-5.07
-0.31,-17.46,-5.31
-3.60,-24.84,-6.96
-4.09,-30.82,-7.81
-4.64,-33.75,-7.32
-5.74,-35.58,-7.39
-7.08,-36.50,-8.24
-7.69,-37.11,-9.03
-6.90,-36.56,-9.22















-,-,-
0.18,-0.18,2.50
-0.06,0.06,3.36
-0.67,-0.31,4.09
-0.49,-0.73,4.64
0.31,-0.73,4.09
1.16,-0.67,3.72
0.85,-0.67,4.03
0.12,-0.67,4.27
-0.12,-0.61,3.60
-0.12,-0.79,2.69
0.24,-0.61,2.20
1.40,-0.12,2.32
2.56,0.55,2.81
3.17,1.04,3.97
3.05,1.16,4.76
3.72,0.98,4.88
4.39,0.37,4.52
5.31,0.06,4.09
5.68,-0.18,3.72
5.92,-0.24,3.60
5.86,-0.31,3.05
5.55,-0.55,2.32
5.25,-0.98,1.95
5.31,-1.28,0.79
4.88,-1.65,-0.12
4.76,-2.01,-0.98
4.27,-2.32,-2.08
4.39,-2.20,-3.91
4.58,-2.44,-6.71
4.88,-2.99,-10.80
5.07,-4.27,-14.65
5.68,-5.74,-16.72
6.84,-6.96,-17.03
9.52,-7.14,-16.30
12.76,-6.35,-14.28
16.05,-5.07,-11.29
17.76,-3.42,-7.08
17.76,-0.79,-3.11
19.17,3.11,0.92
20.81,8.48,5.00
20.51,13.06,10.31
18.13,15.81,17.03
15.32,17.21,25.39
12.33,17.64,31.07
10.31,16.24,30.21
6.90,14.95,28.08
4.03,13.31,26.43
-0.12,12.88,24.78
-3.91,13.55,24.60
-6.41,14.59,25.27
-7.26,15.93,26.12
-8.67,16.17,27.77
-13.55,14.95,29.91
-17.76,11.05,32.29
-18.98,3.30,34.61
-18.01,-10.62,36.99
-17.46,-30.33,39.43
-18.62,-49.74,39.12
-19.96,-60.91,37.48
-22.46,-51.76,15.01
5.80,-36.87,-4.33
-1.04,-23.80,12.63
1.65,-11.11,25.63
6.16,1.65,30.76
13.73,12.02,44.74
16.42,22.89,70.19
18.37,33.02,95.46
31.25,41.26,122.68
49.68,50.54,149.78
68.79,60.49,186.65
81.48,68.66,213.62
92.53,74.58,234.92
91.37,79.59,244.38
81.73,77.88,235.11
70.07,66.16,218.20
50.66,58.78,195.68
31.49,53.04,168.03
19.23,34.00,136.54
12.94,16.05,108.95
20.02,7.51,102.11
12.88,1.04,94.30
11.17,-0.92,72.69
7.45,-6.29,49.01
8.24,-8.12,23.93
13.37,-9.77,4.15
22.03,-7.32,-18.74
29.24,-11.23,-62.38
37.84,-27.53,-119.57
40.89,-51.57,-180.54
37.05,-68.60,-234.25
24.66,-83.31,-275.15
9.16,-91.67,-298.16
1.89,-96.01,-304.02
-5.68,-97.53,-292.72
-7.32,-98.45,-266.11
-12.45,-97.72,-228.88
-14.95,-93.75,-184.27
-18.62,-88.32,-133.85
-18.25,-82.46,-78.00
-12.94,-75.81,-21.12
-7.02,-66.28,24.66
-4.70,-55.36,41.69
-5.00,-33.45,21.12
2.44,-23.74,39.43
13.37,-21.67,89.48
30.21,-16.24,126.89
54.63,-5.74,153.99
75.13,2.62,192.32
83.74,6.41,218.93
91.25,13.98,238.77
93.87,17.76,253.30
83.86,9.52,248.66
68.05,1.40,226.99
51.70,-5.37,189.58
32.04,-11.47,150.57
13.06,-26.49,111.21
-2.26,-32.90,73.30
-16.48,-35.10,46.69
-33.20,-31.62,24.35
-48.71,-21.73,12.70
-67.75,-7.45,-2.87
-89.78,13.61,-26.92
-111.88,37.78,-57.74
-132.63,59.57,-89.66
-151.49,78.55,-114.38
-168.27,90.94,-126.16
-181.34,97.66,-123.60
-184.39,101.62,-108.70
-180.91,103.33,-83.86
-174.80,100.83,-56.21
-159.79,93.99,-32.35
-140.38,82.70,-13.79
-120.61,67.69,-0.24
-103.21,49.87,10.74
-87.77,28.93,21.18
-74.77,6.23,31.86
-63.11,-16.17,43.21
-48.46,-38.94,52.98
-30.33,-61.16,58.65
-3.60,-66.04,43.88
12.33,-34.61,45.53
34.79,4.46,41.75
60.67,-14.77,20.63
66.41,-53.28,5.86
69.21,-72.27,8.67
71.35,-71.66,11.84
75.07,-70.43,16.48
84.05,-72.20,22.16
92.90,-70.31,28.08
101.87,-64.39,32.71
110.53,-54.93,34.12
118.10,-46.33,22.09
129.09,-42.42,10.86
137.27,-43.70,3.36
142.09,-41.99,-10.01
142.40,-30.27,-18.49
137.15,-34.73,-12.88
131.04,-37.96,-15.32
122.44,-32.29,-15.26
112.49,-28.38,-14.53
111.63,-20.81,-17.40
109.86,-13.24,-17.52
111.08,-13.92,-13.61
110.17,-22.64,-12.39
105.65,-33.08,-21.18
93.20,-45.47,-32.96
78.19,-48.16,-35.77
61.28,-51.45,-29.60
47.49,-48.83,-24.90
36.13,-41.14,-22.28
26.79,-31.86,-11.90
20.75,-25.94,-3.85
18.74,-21.97,-1.53
15.69,-18.86,1.59
14.40,-16.66,4.15
14.83,-15.75,4.27
16.17,-18.74,4.94
14.71,-22.52,6.35
9.77,-24.72,4.27















-,-,-
-0.24,-1.28,4.27
-0.06,-1.04,3.97
-0.37,-1.10,3.72
-0.55,-0.92,3.23
-1.16,-0.61,2.93
-0.85,-0.43,2.56
-0.73,-0.31,2.14
-0.67,-0.06,1.95
0.00,0.24,1.95
-0.12,0.43,1.89
-0.37,0.37,1.65
-0.06,0.43,1.34
-0.31,0.49,1.10
-0.43,0.49,0.92
-0.61,0.37,0.43
-0.73,0.12,0.12
-1.28,0.00,-0.31
-1.89,-0.06,-0.67
-2.01,0.06,-0.85
-2.08,0.12,-0.79
-2.26,0.24,-0.37
-2.38,0.49,-0.73
-2.81,0.43,-0.55
-3.85,0.43,1.89
-5.00,1.16,10.31
-7.02,3.36,22.22
-7.63,4.58,27.71
-5.86,4.39,31.62
-6.53,5.74,45.47
-5.43,7.26,66.28
-3.36,16.42,82.09
5.43,20.39,72.39
9.58,22.28,74.89
11.96,22.71,93.32
16.85,26.37,115.48
29.60,26.00,132.20
40.89,30.88,145.87
50.54,31.01,155.03
54.38,30.15,161.19
55.60,29.17,168.88
54.87,25.27,163.15
53.22,18.25,156.92
46.20,10.86,145.39
40.04,8.06,129.88
33.02,5.86,109.92
26.43,4.76,85.82
18.74,6.59,68.91
13.00,9.46,49.99
10.25,11.35,39.37
8.12,12.51,28.81
8.06,13.79,14.89
12.39,13.79,-7.75
14.65,12.76,-26.12
9.77,10.93,-63.23
12.21,1.95,-116.33
11.78,-12.39,-170.29
0.79,-25.39,-215.03
-8.67,-33.57,-245.61
-17.09,-38.15,-259.03
-25.33,-41.99,-256.65
-34.06,-49.26,-242.37
-40.95,-63.66,-219.18
-43.09,-78.49,-190.49
-45.23,-87.71,-159.55
-48.34,-91.06,-129.52
-49.50,-89.97,-101.50
-47.30,-85.21,-75.07
-39.79,-77.82,-50.17
-26.61,-68.73,-25.76
-16.36,-59.08,-1.71
-8.00,-50.42,20.81
-2.01,-42.05,36.62
4.15,-31.62,38.76
7.75,-19.78,29.30
16.85,-4.39,-3.78
21.06,4.94,-5.43
13.79,7.81,21.79
14.10,8.54,50.84
26.92,4.88,88.62
30.21,2.81,92.29
33.57,-1.95,77.27
38.39,-6.84,117.13
40.47,0.85,154.60
58.04,10.13,190.06
86.00,14.95,220.89
97.53,22.95,240.17
103.27,25.21,255.80
97.23,27.10,254.58
89.17,25.21,242.68
78.19,12.15,221.19
58.47,3.48,182.50
42.36,0.37,142.15
29.60,-3.30,108.64
19.53,-3.66,83.01
14.77,-3.17,67.02
5.86,-5.98,49.93
-1.83,-3.85,28.26
-11.29,-1.28,17.88
-25.09,-3.66,-2.01
-35.89,5.80,-23.44
-51.39,15.38,-47.49
-70.07,23.38,-72.33
-90.58,30.88,-92.71
-108.89,39.92,-101.99
-129.33,52.19,-98.57
-142.40,67.08,-87.52
-148.86,82.89,-72.88
-148.32,96.80,-57.01
-143.86,106.69,-43.64
-137.27,111.15,-34.79
-130.68,110.72,-30.33
-123.54,106.81,-27.40
-118.71,100.16,-24.72
-113.83,89.97,-21.42
-106.81,76.35,-15.87
-98.51,60.42,-8.12
-89.05,43.33,-0.61
-79.47,26.73,6.65
-70.62,11.11,13.79
-61.71,-2.44,22.09
-52.06,-14.53,30.82
-40.77,-27.16,39.00
-26.18,-40.95,45.35
-10.01,-49.68,39.31
16.05,-28.44,22.22
26.98,7.32,30.15
52.37,12.45,25.82
64.76,-18.49,17.46
64.64,-41.81,10.07
66.28,-55.24,7.69
68.97,-61.16,9.09
74.71,-71.72,11.35
82.95,-80.93,14.40
89.54,-80.69,18.01
95.83,-78.31,17.94
102.23,-73.85,19.35
104.00,-65.31,28.08
103.82,-56.82,26.37
104.86,-49.68,20.75
101.99,-45.23,10.86
98.39,-34.12,0.98
93.63,-13.85,-3.42
94.54,-20.57,-0.61
92.35,-16.78,-0.06
91.25,-17.09,-0.49
90.15,-18.92,2.87
84.35,-17.46,-2.75
83.98,-15.63,-7.81
80.51,-18.07,-4.09
80.08,-22.40,-2.50
78.25,-28.87,-1.04
74.22,-34.00,-1.28
73.91,-41.44,-4.76
70.31,-51.33,-7.26
66.04,-50.23,-11.72
59.45,-49.44,-11.78
53.89,-52.43,-9.58
50.23,-49.38,-9.28
47.12,-45.65,-3.85
41.32,-39.67,1.16
37.54,-34.67,-3.54
34.85,-26.49,-7.26
31.80,-24.05,2.26
26.25,-19.78,6.90
24.23,-13.61,0.92
19.78,-13.79,-0.37
15.44,-14.65,0.43
14.53,-14.53,-1.71
11.78,-8.30,-1.10
9.52,-7.81,-0.79
6.77,-6.65,0.55
4.58,-9.22,0.00
3.17,-11.60,-0.55
2.08,-13.18,-1.59
1.89,-13.43,-2.56
1.04,-12.82,-2.69
0.55,-11.66,-3.17
1.28,-10.31,-3.36
2.44,-8.36,-2.87















-,-,-
2.32,0.55,2.01
3.05,0.61,1.83
3.60,0.55,1.83
3.48,0.55,1.83
2.75,0.55,1.65
2.62,0.61,1.65
2.87,0.79,1.89
3.42,1.10,1.95
3.72,1.34,2.20
4.09,1.46,2.20
4.64,1.59,2.26
5.07,1.89,2.56
5.49,2.08,2.93
5.68,2.38,3.11
5.92,2.50,3.60
5.86,2.38,3.97
5.49,2.14,3.91
4.58,2.01,3.78
3.48,1.77,3.72
3.05,1.71,3.36
2.93,1.40,2.50
2.26,1.04,1.89
1.46,0.49,1.53
1.40,0.24,1.22
0.67,-0.18,1.59
-0.73,-0.67,2.38
-2.56,-1.28,4.46
-4.88,-1.59,9.64
-4.15,0.73,20.69
5.00,8.12,46.63
7.08,13.43,69.21
10.99,15.56,59.88
16.36,17.58,58.90
14.34,13.55,62.32
12.63,14.65,69.15
21.73,20.63,86.67
34.48,23.25,103.70
50.23,23.50,122.01
56.09,28.08,134.89
62.44,29.66,143.92
62.62,32.71,145.32
63.90,36.68,151.92
67.32,24.35,161.25
65.55,22.83,162.84
65.80,22.34,160.22
63.84,21.97,159.61
58.23,26.37,163.57
54.26,31.98,166.56
48.95,33.02,163.88
40.04,31.43,153.93
31.74,22.03,139.10
19.17,19.17,117.13
10.50,15.14,101.01
2.75,16.48,86.91
0.37,18.49,76.48
-0.67,17.21,59.75
2.93,18.07,44.62
5.07,19.53,21.30
11.90,21.61,-11.17
19.35,25.21,-46.33
28.38,22.95,-98.69
40.83,16.17,-160.58
41.38,6.16,-220.03
30.88,-3.42,-266.97
20.08,-11.17,-296.45
5.07,-20.81,-304.20
-8.85,-36.80,-290.28
-25.88,-57.74,-260.50
-42.24,-79.47,-228.52
-42.30,-94.18,-202.21
-30.33,-98.39,-177.37
-21.67,-99.00,-148.19
-12.27,-96.25,-115.42
-5.07,-90.64,-79.41
-1.53,-84.41,-42.30
1.40,-78.43,-7.93
2.99,-73.55,19.41
3.30,-69.09,39.79
3.60,-63.78,51.88
3.60,-56.58,52.37
1.83,-33.57,16.66
7.93,-10.74,-6.65
7.45,-3.17,13.55
3.78,-3.85,46.33
9.70,-6.47,65.86
20.32,-4.82,81.67
27.95,-5.13,102.29
29.97,-4.88,127.56
34.67,-6.41,149.41
42.60,-4.03,162.17
53.28,-1.77,178.34
59.75,-1.28,188.66
65.06,-6.16,200.44
64.33,-10.31,210.57
57.19,-6.65,199.89
57.13,-6.47,187.07
47.97,-3.36,177.73
36.32,-2.50,158.63
31.01,-4.58,135.80
25.63,-15.81,112.55
19.04,-16.42,86.18
12.33,-16.97,64.58
4.52,-19.04,45.65
-4.52,-21.85,29.36
-15.99,-18.55,10.25
-26.73,-14.77,-10.50
-35.58,-8.12,-20.63
-46.45,-1.83,-34.30
-62.50,12.27,-57.80
-80.69,21.61,-77.88
-103.15,29.54,-89.17
-121.83,41.75,-93.93
-135.68,53.96,-92.53
-142.76,63.66,-85.75
-146.24,71.11,-75.07
-146.85,75.56,-64.88
-142.40,77.51,-56.95
-135.44,77.21,-50.78
-125.73,74.95,-44.19
-116.09,71.04,-37.60
-108.70,63.84,-30.58
-103.45,53.71,-21.48
-98.33,42.48,-10.68
-92.41,30.64,-1.28
-85.57,19.23,7.14
-77.21,8.12,14.16
-66.89,-2.32,19.71
-56.09,-12.82,24.48
-45.10,-23.32,27.95
-32.90,-32.84,30.88
-15.63,-39.49,26.73
8.18,-35.71,20.26
14.77,-5.62,28.63
38.94,20.45,27.47
56.95,18.31,10.44
65.00,-6.65,-1.46
60.79,-20.08,2.44
57.74,-27.83,7.20
57.31,-34.24,13.73
58.72,-39.49,12.45
64.39,-43.52,9.09
67.63,-45.96,11.41
67.81,-42.48,5.98
73.49,-39.43,4.76
78.49,-42.05,5.43
81.60,-42.11,0.61
86.06,-43.09,-6.04
90.27,-44.01,-8.73
91.37,-47.61,-6.90
90.64,-47.42,-8.67
88.38,-42.24,-13.55
86.49,-24.96,-15.99
84.90,-18.43,-8.12
86.30,-24.23,-3.48
81.91,-20.57,-8.48
81.67,-22.28,-16.72
81.85,-25.51,-18.19
84.84,-24.96,-14.16
83.92,-24.66,-12.63
83.07,-23.86,-16.36
78.25,-28.56,-23.74
72.14,-32.41,-26.00
61.34,-31.19,-16.17
56.09,-28.93,-14.65
55.24,-24.11,-12.76
52.73,-25.15,-10.80
52.67,-26.98,-12.33
51.76,-31.25,-10.56
48.95,-32.96,-3.91
46.45,-37.60,-2.81
44.49,-38.45,-10.19
44.43,-43.09,-8.61
35.03,-43.03,-6.59
30.58,-42.48,-9.22
24.72,-40.95,-12.08
23.19,-34.24,-9.22
20.63,-27.59,-4.70
21.18,-21.85,-4.64
20.75,-19.65,-3.97















-,-,-
0.37,-1.46,-1.71
-0.37,-2.08,-2.44
-0.85,-1.95,-2.69
-0.98,-1.40,-2.56
-1.28,-0.61,-2.32
-0.67,-0.18,-2.26
0.43,-0.37,-1.65
0.55,-0.85,-0.85
0.37,-0.92,-0.55
-0.24,-1.04,-0.85
-1.28,-1.77,-1.16
-2.14,-2.20,-1.89
-2.26,-2.38,-2.32
-2.75,-2.38,-1.95
-2.44,-2.56,-0.98
-1.95,-2.99,0.24
-2.14,-3.36,0.67
-2.44,-4.03,0.73
-2.75,-4.88,1.16
-2.44,-5.80,2.20
-1.95,-7.14,2.87
-1.89,-9.16,3.42
-2.62,-12.88,3.85
-4.27,-18.25,4.46
-6.47,-24.48,6.41
-8.79,-30.70,10.07
-9.58,-37.84,14.83
-10.01,-45.59,20.94
-12.27,-46.45,23.25
-10.44,-31.86,5.31
-4.39,-25.02,-2.14
-3.23,-19.53,19.23
3.97,-9.34,54.02
18.07,6.41,75.56
38.88,21.91,94.79
62.13,33.57,128.97
78.67,36.74,161.01
85.39,40.34,183.35
84.72,41.20,197.08
75.74,40.65,192.57
62.99,33.33,164.92
47.12,19.41,122.01
35.95,15.44,79.16
24.48,11.54,62.93
13.85,7.51,47.12
6.59,7.08,28.38
-0.79,3.72,16.24
-2.87,8.48,-5.25
-3.11,10.56,-11.54
-0.61,12.02,-12.57
1.40,14.16,-23.93
1.89,17.82,-51.70
-1.04,11.05,-83.68
-5.62,2.44,-108.95
-12.63,0.49,-126.28
-14.65,1.16,-131.35
-8.54,0.49,-127.20
3.54,-3.48,-117.92
16.42,-14.10,-106.69
26.61,-29.60,-97.23
30.46,-45.90,-89.42
27.89,-62.74,-80.57
19.23,-78.00,-68.24
9.52,-88.62,-50.48
3.05,-92.96,-28.08
1.16,-74.10,-11.78
3.30,-30.76,-10.44
12.08,-10.99,-2.26
7.57,-21.12,8.91
2.32,-32.29,26.18
4.76,-26.06,39.49
15.75,-12.33,63.29
34.42,-4.46,107.54
51.82,5.19,150.15
63.17,15.93,174.99
66.47,28.81,187.87
61.89,37.41,192.44
51.03,39.00,184.81
43.21,37.60,169.31
36.56,32.17,157.65
30.03,28.08,132.26
19.23,19.17,101.14
9.46,11.60,72.51
2.20,10.07,50.54
-4.15,12.33,27.59
-12.08,8.06,1.77
-16.54,6.77,-12.82
-23.50,6.71,-19.78
-34.91,10.68,-25.82
-50.29,28.44,-37.60
-69.27,47.85,-50.29
-86.43,50.60,-54.50
-96.44,49.38,-54.26
-103.33,47.30,-56.95
-109.80,45.41,-63.42
-117.92,44.62,-70.62
-125.12,43.64,-73.06
-129.58,41.99,-71.35
-134.22,41.08,-68.36
-137.15,40.71,-64.82
-133.48,39.06,-59.08
-123.11,33.75,-47.12
-107.60,23.25,-28.44
-95.95,8.73,-11.11
-87.34,-7.26,-2.50
-80.69,-24.72,0.49
-73.36,-41.08,3.17
-62.13,-52.55,6.65
-48.46,-43.52,-7.63
-27.71,-17.46,-20.94
6.77,-4.39,-9.34
27.71,-15.93,10.38
37.29,-17.46,18.31
44.01,-12.57,16.91
60.73,-22.16,23.62
78.25,-28.81,28.14
89.29,-33.02,22.09
97.60,-46.08,21.97
106.08,-55.42,26.31
112.18,-61.71,26.98
119.75,-64.39,29.60
128.54,-66.16,28.56
140.38,-67.63,36.56
150.45,-63.17,42.97
158.87,-59.63,41.56
164.67,-56.40,43.15
170.53,-53.16,46.20
168.21,-50.60,46.39
162.54,-44.07,54.69
146.79,-34.97,46.69
135.74,-28.32,32.90
123.35,-24.11,29.24
112.98,-20.39,23.07
101.44,-16.66,22.95
86.91,-12.02,22.16
78.86,-11.11,15.20
75.81,-16.17,15.14
70.68,-20.75,10.93
60.00,-14.89,4.46
44.37,-18.43,4.27
32.23,-23.38,7.26
23.86,-19.04,1.22
15.75,-7.08,-0.37
12.02,-12.33,3.72
11.47,-5.43,7.08
8.36,-0.55,7.20
5.49,-2.32,6.77
4.15,-4.09,6.16
3.97,-4.52,5.43
5.31,-3.54,5.80
6.59,-1.22,6.90
8.79,2.26,7.51
10.01,5.92,8.61
9.28,9.52,9.58
6.16,11.60,9.77
2.20,12.88,8.85
-1.46,12.82,7.39
-1.77,12.02,6.41
1.28,12.57,5.92
4.03,12.27,6.23
5.00,11.47,6.23
5.55,10.13,5.49
6.23,8.67,4.94
7.57,7.93,5.19
7.93,7.93,6.23
5.68,8.79,7.14
3.66,9.77,7.39
2.87,11.35,7.93
1.95,12.82,8.54
3.05,14.65,10.01
5.31,17.21,12.82
7.75,19.41,16.05
10.50,16.66,19.78
15.20,7.45,22.03
20.32,17.88,22.83
16.97,34.42,27.89
14.22,26.49,28.08
19.84,22.03,24.48
16.48,14.16,17.21
7.69,4.46,12.63
















-,-,-
-0.31,-2.93,1.59
-0.06,-3.11,1.16
0.12,-3.11,0.61
0.37,-2.75,0.12
-0.31,-2.44,-0.18
-1.40,-1.34,-0.79
-1.59,0.12,-1.89
-0.98,1.53,-2.69
-0.92,2.87,-3.36
0.49,3.91,-3.54
1.04,3.42,-3.36
0.31,2.26,-3.54
-1.53,2.32,-3.72
-3.42,3.48,-3.85
-4.82,4.58,-3.48
-5.55,4.46,-3.17
-5.74,3.72,-3.42
-5.74,2.50,-4.15
-6.04,1.65,-4.58
-5.92,0.85,-4.46
-5.43,0.24,-3.97
-5.31,-0.49,-3.78
-6.23,-0.79,-3.72
-6.90,-0.55,-3.85
-7.02,-0.67,-3.72
-7.02,-1.83,-2.87
-7.75,-3.54,-1.16
-8.18,-5.62,0.06
-8.97,-8.61,1.65
-9.77,-13.00,3.23
-11.35,-18.92,5.13
-13.43,-24.66,7.57
-15.63,-29.48,11.78
-16.60,-33.81,18.43
-15.08,-39.37,27.83
-14.10,-45.04,37.29
-16.17,-37.84,26.79
0.61,-22.95,-2.99
9.83,-25.39,0.31
4.03,-18.25,20.51
13.79,-8.24,45.96
23.19,7.20,61.71
30.94,15.63,74.71
35.64,16.72,92.83
43.03,20.32,114.20
54.44,23.62,130.98
63.42,30.94,152.71
70.68,35.64,167.11
72.94,34.24,169.98
66.89,34.00,160.28
59.33,24.41,146.24
45.59,22.58,119.69
37.90,16.97,96.07
27.10,13.12,74.40
17.70,10.19,54.26
13.12,6.04,45.04
6.23,4.15,36.44
2.56,4.94,23.86
-1.46,2.93,17.27
-1.59,5.43,2.50
0.12,7.39,-4.70
2.44,8.97,-7.51
3.17,9.58,-18.68
3.66,9.34,-46.75
3.66,7.87,-86.30
1.83,10.44,-124.76
-5.98,13.55,-151.98
-10.31,12.45,-167.11
-12.15,7.08,-169.01
-12.21,-2.56,-159.06
-11.41,-17.64,-142.82
-6.90,-36.56,-122.19
0.67,-56.46,-95.89
7.63,-75.07,-65.86
8.42,-88.07,-35.10
5.07,-94.85,-9.03
0.37,-97.96,10.25
-3.72,-92.22,17.58
-3.42,-44.13,-10.86
12.21,-29.79,-11.54
9.40,-40.83,0.43
-2.26,-45.90,7.75
1.16,-42.60,11.90
1.40,-27.77,33.81
5.92,-17.27,59.81
19.23,-4.94,89.84
37.11,15.01,127.14
56.27,27.83,163.21
66.65,41.50,190.92
72.39,49.32,207.46
72.02,55.11,212.34
69.52,52.98,205.26
62.32,46.81,184.94
51.45,35.34,164.86
36.74,23.93,134.22
25.57,12.82,113.71
15.14,7.57,88.68
1.83,4.94,56.76
-5.43,6.77,30.09
-12.08,9.34,10.50
-17.40,6.41,-3.42
-20.39,0.79,-18.55
-22.89,-3.48,-27.47
-29.54,-0.92,-37.96
-42.97,16.72,-57.86
-61.71,29.11,-83.37
-80.26,29.05,-99.91
-97.47,24.05,-104.92
-114.69,20.26,-98.51
-125.98,23.62,-90.39
-134.28,33.33,-86.98
-139.22,44.43,-86.91
-139.95,54.08,-87.16
-135.38,61.22,-83.37
-126.28,63.96,-74.04
-115.54,58.78,-60.97
-98.27,43.76,-42.91
-81.67,22.46,-18.80
-73.55,2.08,5.80
-67.38,-15.08,25.45
-61.10,-30.88,37.54
-55.60,-45.17,44.68
-47.91,-57.86,48.77
-40.47,-56.95,36.62
-27.10,-32.96,-0.92
0.98,-12.63,-9.89
20.26,-9.58,8.12
31.49,-14.34,23.86
46.20,-18.55,28.69
59.69,-18.13,28.56
78.43,-18.74,34.24
95.83,-23.62,36.44
107.73,-18.74,35.10
112.30,-30.21,34.85
114.99,-36.13,32.41
118.77,-41.93,33.20
125.67,-46.51,30.94
133.12,-49.56,26.12
139.77,-51.94,21.00
145.94,-52.31,18.19
149.78,-51.51,6.47
151.98,-56.40,8.06
147.16,-48.28,12.70
142.46,-49.62,7.81
135.80,-51.70,6.59
132.51,-44.49,4.58
123.96,-40.83,8.36
118.10,-36.87,5.68
111.63,-36.01,11.11
106.69,-32.17,10.74
106.69,-32.65,5.07
98.08,-29.97,0.98
85.45,-31.68,0.49
72.39,-24.60,-0.18
52.37,-22.09,-0.73
43.82,-19.41,-5.55
38.21,-10.13,0.24
36.68,-10.68,2.01
36.32,-9.64,1.89
33.75,-2.75,-0.37
28.63,-0.06,1.89
21.85,1.40,4.09
16.97,1.22,4.27
12.76,10.93,6.04
7.32,6.96,7.75
6.96,6.47,7.14
4.64,3.17,6.16
5.31,0.73,4.15
6.47,0.92,3.11
3.23,-1.04,2.50
0.85,-1.46,1.83
-0.98,-1.16,1.65
-1.59,0.37,1.34
-3.42,1.59,1.34
-5.68,2.93,1.40
-7.63,4.33,0.98
-8.61,5.86,0.79
-8.06,8.24,1.04
-5.74,11.05,1.89
-3.30,13.85,2.26
















-,-,-
-0.24,-11.23,-3.60
-1.40,-13.18,-4.27
-2.44,-14.77,-4.52
-5.92,-15.44,-4.33
-6.53,-16.24,-3.91
-4.88,-17.76,-3.97
-5.74,-18.74,-4.21
-6.41,-18.98,-4.33
-6.59,-18.25,-4.21
-6.71,-15.99,-3.60
-5.49,-11.96,-2.56
-2.81,-6.59,-0.67
0.24,-0.49,1.40
3.85,5.68,3.42
6.84,10.99,4.94
8.61,14.89,5.55
9.52,17.15,5.55
9.89,18.01,5.43
10.13,18.19,4.94
9.58,16.78,4.46
8.67,14.22,3.48
7.51,10.99,2.32
6.41,7.39,1.22
4.27,3.66,0.55
2.69,0.79,-0.18
1.77,-1.04,-0.55
1.34,-1.59,-0.37
1.04,-1.16,0.12
0.92,-0.24,0.37
-1.59,0.85,-0.31
-3.54,0.49,-0.49
-1.10,-3.48,9.95
6.90,-5.49,36.44
14.40,-1.65,63.23
21.48,3.54,88.87
32.59,4.21,112.92
46.39,17.03,140.81
59.81,21.24,169.68
76.35,28.38,186.28
88.93,32.65,200.56
96.25,31.56,198.36
95.40,28.63,185.79
87.40,21.55,165.41
76.05,22.22,147.16
68.30,26.12,126.89
65.12,30.15,100.34
49.26,27.71,79.53
23.38,24.66,59.27
6.16,24.17,31.98
-5.49,18.01,2.69
-10.74,14.89,-8.42
-13.67,12.08,-11.11
-19.29,10.93,-22.64
-24.96,8.54,-49.99
-29.85,3.48,-85.45
-32.41,-1.59,-120.12
-37.48,-3.05,-151.86
-42.54,-1.65,-179.81
-44.68,-0.55,-200.99
-45.23,-0.37,-209.78
-42.79,-3.42,-205.38
-39.98,-11.78,-190.98
-35.16,-25.51,-170.17
-28.14,-40.59,-146.36
-21.18,-55.24,-120.06
-13.55,-70.56,-88.07
-9.03,-84.29,-51.88
-8.48,-93.63,-16.91
-4.82,-99.30,15.44
-5.49,-100.10,38.64
-3.72,-56.21,6.16
21.61,-18.68,-19.90
35.10,-19.17,-9.28
15.69,-25.57,8.12
8.42,-33.02,15.32
20.45,-37.48,21.55
17.09,-27.40,32.23
20.08,-19.90,54.44
38.64,-5.43,92.77
60.85,8.18,139.71
77.15,22.34,180.18
86.61,38.76,203.80
93.14,43.27,212.77
86.36,47.36,198.55
76.35,44.92,171.94
72.51,46.26,147.34
66.16,44.01,124.02
50.05,37.35,104.43
36.80,34.73,94.97
25.94,31.56,81.05
12.02,21.12,62.87
0.18,15.50,48.46
-11.72,6.41,24.11
-17.33,-2.26,-0.24
-24.96,-8.85,-14.59
-36.44,-15.32,-24.96
-51.57,-24.11,-36.50
-68.85,-26.43,-44.37
-89.48,-10.99,-53.47
-111.39,5.13,-62.74
-129.76,24.05,-73.43
-138.18,42.54,-83.74
-140.08,53.34,-86.85
-137.33,57.31,-79.65
-133.61,57.86,-65.31
-129.09,57.31,-49.13
-123.72,57.25,-35.64
-116.94,56.34,-24.17
-104.74,51.57,-12.94
-97.05,42.79,-0.92
-87.46,29.17,12.15
-80.14,12.02,25.09
-73.18,-7.81,37.11
-64.09,-29.97,48.89
-56.40,-49.99,60.67
-45.10,-64.88,63.29
-23.44,-54.81,26.79
-16.72,-23.25,-3.48
24.05,-4.82,-1.04
39.12,-17.33,23.50
53.28,-23.50,32.59
71.23,-30.46,26.98
84.35,-30.09,16.91
90.15,-28.50,16.42
88.75,-28.81,18.68
84.84,-31.74,13.98
85.69,-47.97,12.82
91.55,-55.97,17.88
99.98,-56.21,14.83
111.76,-59.27,12.76
123.41,-59.33,11.05
135.25,-53.22,10.80
139.22,-50.17,5.68
141.85,-46.57,-3.36
143.01,-41.75,2.20
141.97,-40.83,10.31
143.98,-41.81,15.75
139.77,-38.70,2.56
131.35,-45.10,-3.11
123.11,-48.83,-4.09
113.28,-39.31,0.18
106.93,-40.16,-2.08
104.98,-44.56,-5.31
98.94,-39.79,1.10
89.66,-36.44,2.62
79.59,-33.45,0.79
64.27,-17.33,4.64
54.50,-14.47,3.91
53.41,-10.13,6.47
50.35,4.52,12.57
45.29,4.27,15.01
40.47,1.77,10.50
42.60,-2.50,7.75
36.93,2.87,10.68
34.42,-2.69,5.86
25.70,10.13,11.72
19.78,10.38,11.11
18.07,7.32,9.95
18.07,4.03,9.52
21.36,3.54,8.42
20.39,3.72,8.24
13.24,-0.06,6.90
8.36,-1.46,4.21
3.97,-2.75,2.50
-0.24,-3.60,0.73
-4.27,-3.72,-0.85
-7.69,-3.36,-2.14
-7.81,-2.56,-2.99
-4.46,0.43,-2.50
-1.83,4.33,-1.22
-0.18,7.63,-0.31
0.98,9.83,0.98
1.65,11.96,2.44
1.40,13.61,3.48
1.46,14.34,3.97
1.77,14.10,3.97
1.34,13.43,3.72
0.98,12.08,3.11
-0.06,10.56,2.69
-1.10,8.91,2.20
















-,-,-
-4.39,-16.42,5.31
-6.35,-17.94,6.47
-8.12,-18.13,7.81
-8.67,-17.70,8.91
-8.79,-17.15,9.52
-8.67,-16.72,9.83
-7.87,-16.60,10.07
-6.65,-16.42,11.05
-5.13,-16.42,12.33
-3.60,-16.66,12.70
-2.20,-16.91,12.27
2.38,-16.78,10.74
2.50,-12.51,5.62
5.98,-6.77,-1.04
6.77,-3.17,0.31
2.87,-1.71,4.15
2.44,-1.04,3.60
2.14,-0.98,0.85
0.49,-1.34,-0.92
-0.67,-1.40,-0.79
-1.10,-1.34,-0.18
-0.31,-1.16,0.18
0.00,-1.59,0.55
0.37,-1.95,0.55
0.55,-2.08,0.49
1.22,-2.93,0.49
0.79,-4.15,0.37
0.31,-5.74,0.37
-1.40,-7.02,-0.43
-3.42,-7.63,-1.16
-2.01,-7.45,1.95
1.16,-5.25,13.24
4.33,1.10,28.63
10.56,6.84,36.50
18.49,11.72,51.82
25.57,19.96,69.70
35.64,27.16,89.97
49.62,30.58,109.19
62.38,32.78,131.47
71.23,37.29,155.58
72.02,40.28,162.66
71.78,32.17,160.71
64.21,28.50,153.81
55.73,30.40,139.34
46.63,33.39,117.00
38.33,23.99,93.02
28.38,19.10,68.48
21.85,12.70,54.99
14.47,10.38,47.79
8.97,9.89,39.67
3.78,13.61,29.11
2.50,14.10,15.44
2.08,13.24,7.14
3.60,9.16,-0.92
4.58,9.16,-4.09
4.70,11.05,-6.77
4.52,14.34,-18.13
4.76,13.18,-38.57
3.78,6.77,-64.70
1.16,1.22,-92.65
-0.24,-2.56,-116.33
-2.62,-4.03,-133.48
-5.37,-5.43,-144.90
-6.77,-10.62,-151.79
-7.93,-21.97,-155.15
-9.95,-38.02,-153.44
-13.79,-54.69,-146.06
-18.31,-68.42,-131.23
-19.78,-76.60,-108.58
-19.78,-78.49,-79.22
-19.53,-76.54,-49.01
-18.49,-74.22,-22.22
-19.71,-72.20,1.71
-23.07,-69.70,22.95
-25.02,-66.35,37.54
-17.52,-50.72,18.49
-1.95,-37.54,-12.27
-6.71,-32.84,-9.46
-11.47,-26.37,15.20
-0.06,-20.39,31.37
11.72,-6.59,32.41
24.05,6.84,47.49
36.56,9.22,74.77
50.72,21.79,111.94
72.02,30.40,150.33
83.31,39.61,192.14
86.91,49.13,217.59
91.86,44.19,230.96
84.47,54.87,222.84
69.58,51.21,197.75
50.29,47.06,163.09
34.36,35.58,130.62
30.58,28.81,106.20
22.58,20.14,89.11
9.95,15.32,49.13
-1.16,6.16,10.80
-11.96,-3.54,-3.23
-16.48,-7.81,-10.19
-21.73,-9.83,-16.42
-30.52,-8.73,-25.39
-46.57,5.31,-42.48
-69.21,26.12,-69.82
-89.11,37.96,-95.28
-106.32,41.26,-111.02
-125.55,42.85,-116.46
-142.52,46.88,-112.98
-149.90,52.80,-103.39
-150.39,59.75,-90.82
-149.17,64.33,-78.00
-145.08,63.42,-65.92
-135.13,54.99,-54.81
-122.19,40.47,-42.79
-110.84,20.08,-29.79
-102.54,-1.16,-16.54
-80.44,-27.89,-0.31
-67.50,-57.80,21.79
-35.95,-64.27,9.83
-8.00,-39.00,-14.95
5.19,-17.27,-3.11
22.52,-3.91,17.88
48.89,-7.93,36.38
74.95,-23.07,38.88
87.04,-29.42,38.39
99.79,-26.25,42.85
114.81,-35.89,55.85
121.58,-44.25,63.42
126.34,-57.50,64.88
132.20,-67.26,61.46
140.81,-70.74,63.48
143.86,-62.74,57.80
151.00,-57.19,54.63
152.47,-56.52,58.23
158.20,-52.19,54.14
159.79,-48.03,52.25
159.79,-51.70,43.76
154.54,-52.55,34.18
149.41,-53.41,29.24
139.40,-49.07,28.20
137.88,-52.43,24.90
134.95,-47.85,14.77
125.55,-52.06,8.24
110.05,-48.71,-1.53
97.41,-50.90,-1.77
87.52,-52.19,1.89
77.33,-41.26,-1.89
71.90,-35.71,-0.55
64.03,-29.91,-1.95
59.27,-30.76,-3.11
49.74,-17.15,-6.84
39.06,-31.92,-5.37
36.87,-21.61,-3.91
33.87,-6.71,-0.73
28.20,-10.50,-1.95
23.32,1.28,-0.12
19.47,1.77,3.54
15.14,6.96,7.63
10.99,9.34,9.22
7.32,7.51,8.61
4.88,5.62,7.87
1.77,3.97,6.35
-2.75,1.89,4.21
-4.88,0.24,2.69
-4.33,-0.18,2.20
-3.85,0.49,2.01
-4.33,0.55,1.71
-4.27,0.73,1.59
-2.99,1.40,1.95
-2.81,1.89,2.08
-2.93,2.20,2.01
-3.05,2.14,1.95
-4.03,1.71,1.40
-5.19,1.34,0.98
-6.10,1.10,0.67
-5.86,1.16,0.49
-4.58,2.08,0.85
-3.17,3.66,1.71
-2.08,5.37,2.56
-1.53,6.47,3.48
-1.71,7.75,4.21
-3.60,8.85,3.42
















-,-,-
0.00,0.43,-0.55
-0.12,0.31,-0.92
-0.85,0.37,-2.01
0.24,-0.12,-2.01
0.06,-0.92,-0.73
-0.79,-1.04,-0.67
-0.79,-1.10,-1.10
-0.61,-1.89,-0.79
-0.73,-3.30,0.12
-2.14,-3.54,-0.12
-1.83,-2.87,-0.43
-0.49,-2.75,0.92
-0.49,-3.72,2.26
-0.61,-4.15,2.32
-0.85,-3.72,1.77
-0.98,-3.05,1.89
-0.85,-2.44,2.26
-0.73,-2.14,1.65
-0.37,-1.71,0.43
0.79,-1.71,-0.18
0.85,-1.46,0.24
0.61,-0.49,0.06
1.16,0.24,-0.31
1.46,0.43,-0.55
0.61,0.24,-1.10
0.61,0.00,-2.75
0.73,0.12,-3.78
0.49,0.24,-4.39
0.18,0.00,-5.49
0.12,-0.37,-7.63
-0.37,-0.98,-9.83
-1.22,-1.83,-12.51
-3.17,-2.75,-16.30
-4.94,-4.52,-20.75
-7.02,-6.65,-23.50
-9.03,-9.40,-23.68
-11.84,-13.92,-21.42
-13.79,-19.84,-17.58
-10.19,-29.60,-13.06
-14.89,-36.13,-8.48
-16.54,-41.38,-3.17
-19.29,-47.30,6.10
-21.73,-52.80,17.94
-23.44,-56.70,29.24
-28.56,-48.22,20.02
-11.23,-35.40,-9.83
-5.92,-31.98,1.53
-10.13,-13.18,36.99
12.08,6.29,73.61
35.95,21.48,98.39
56.82,32.78,117.49
84.84,43.82,150.27
105.71,48.77,189.03
109.31,50.05,215.33
106.26,46.69,219.42
97.90,41.56,205.93
81.54,29.85,178.47
63.17,24.78,140.69
48.58,18.74,113.77
35.64,15.32,90.64
30.64,10.86,75.81
13.73,10.80,55.97
6.77,10.62,43.33
1.53,7.02,35.40
0.61,8.00,19.10
0.49,6.96,1.71
0.18,5.62,-4.46
-1.53,5.19,-15.63
-4.70,8.06,-47.73
-8.91,7.20,-91.37
-16.30,5.37,-131.71
-24.05,5.49,-163.09
-29.11,4.27,-185.79
-35.28,1.77,-197.63
-35.52,-5.31,-196.84
-33.75,-18.25,-185.18
-30.46,-36.87,-164.92
-24.60,-59.57,-135.93
-18.62,-82.21,-98.57
-13.73,-100.59,-53.34
-8.85,-113.22,-6.23
-8.91,-116.76,31.25
-9.46,-64.39,12.33
1.34,-24.66,-4.64
5.25,-25.57,0.31
-8.12,-24.35,15.44
6.23,-14.71,38.27
37.41,-1.28,71.53
51.45,25.82,120.00
71.72,40.71,173.83
83.19,56.58,214.11
83.98,59.81,233.15
73.67,62.26,224.85
63.72,66.53,196.59
53.22,62.56,164.61
46.63,53.59,131.77
32.17,37.66,102.84
11.11,22.22,67.08
-2.32,11.54,38.82
-19.04,2.62,16.91
-36.74,-4.94,-3.78
-51.70,-7.51,-10.62
-70.80,0.55,-25.21
-89.60,12.39,-47.85
-106.81,22.16,-74.22
-123.90,29.17,-96.62
-140.75,35.16,-113.59
-152.71,41.50,-123.72
-160.77,46.69,-123.66
-158.39,47.97,-110.66
-144.10,44.19,-86.24
-126.95,34.36,-54.69
-108.28,20.45,-22.52
-93.57,5.49,5.25
-72.57,-15.38,27.89
-55.24,-37.35,35.28
-38.45,-28.32,-1.46
-35.16,-14.40,-12.45
-7.69,-5.62,-5.55
13.73,-10.13,9.58
37.84,-2.75,20.26
61.46,-1.59,26.86
82.21,-3.78,31.31
108.64,-7.39,43.64
133.12,-27.89,54.02
153.08,-41.69,55.42
165.77,-51.33,48.83
175.78,-56.34,43.95
181.34,-53.47,38.15
188.54,-49.99,37.11
196.17,-46.20,40.77
204.35,-41.69,43.82
207.09,-33.69,43.52
207.40,-32.10,36.80
197.27,-29.05,30.76
184.75,-27.22,27.16
171.08,-25.45,17.33
156.25,-25.94,19.96
142.76,-19.04,20.20
127.08,-20.26,16.97
107.85,-16.05,8.48
85.57,-17.27,12.08
64.94,-4.03,7.08
45.23,-7.08,3.36
33.51,-8.91,3.72
26.12,1.83,6.71
18.49,0.85,3.42
14.10,-5.13,0.79
12.57,-10.31,-1.40
11.41,-10.93,-3.85
6.35,-12.63,-4.88
1.83,-11.96,-5.55
-2.32,-10.31,-5.80
-5.31,-8.06,-5.37
-6.04,-4.76,-4.27
-4.70,-0.73,-3.05
-3.85,2.26,-1.71
-2.14,4.76,-0.49
-0.67,6.53,1.04
-0.55,7.39,1.95
0.49,7.26,2.69
1.65,7.08,3.05
0.49,6.16,2.87
-1.53,4.58,1.89
-3.54,2.56,1.34
-5.00,1.46,0.73
-5.43,0.73,0.31
-4.88,1.59,0.31
-4.39,4.09,1.46
-4.64,7.63,3.30
-5.86,12.21,5.49
-7.32,17.70,7.08
-10.62,22.77,8.00
-13.37,28.08,9.28
-14.77,33.87,10.07
-14.40,37.78,10.19
-12.27,40.65,9.70
-6.16,45.41,7.45
-7.02,52.25,2.32
-7.14,65.55,-6.53
















-,-,-
1.28,-0.55,0.37
1.10,-0.61,0.43
0.79,-1.10,0.31
0.73,-1.34,-0.06
0.49,-1.59,-0.43
0.12,-1.65,-0.43
-0.37,-1.65,-0.61
-0.24,-1.59,-0.67
0.12,-1.40,-0.24
1.10,-1.10,0.31
1.89,-0.61,0.31
2.20,-0.43,0.61
2.38,-0.12,0.85
2.14,-0.24,1.04
1.83,-0.18,1.04
1.71,0.00,1.10
1.40,-0.12,1.16
1.53,-0.24,1.10
2.01,-0.18,1.10
1.95,-0.24,0.79
1.65,-0.55,0.49
-0.43,-0.67,0.31
-4.88,-1.04,-1.04
-10.68,-1.40,-3.23
-19.47,-1.83,-4.70
-22.89,-1.59,-1.28
-21.18,-1.28,7.08
-12.70,1.89,29.60
-0.55,10.50,50.23
14.10,19.84,76.78
29.42,26.67,100.59
48.16,32.71,117.25
69.09,34.67,143.98
83.92,34.18,160.10
93.87,33.94,173.71
97.90,32.78,175.72
94.36,30.70,173.40
86.24,37.66,166.20
77.51,41.26,145.32
70.86,37.17,126.95
59.33,29.97,105.65
47.49,23.25,84.29
36.74,16.91,66.10
26.73,14.28,52.61
18.74,10.01,43.27
11.90,7.51,32.71
9.09,6.29,22.71
7.02,6.71,11.96
4.88,4.27,1.22
2.81,2.44,-3.97
0.98,0.85,-8.06
-2.26,-0.24,-24.78
-7.08,0.61,-53.59
-11.41,-4.03,-83.25
-17.82,-10.62,-113.10
-23.25,-13.00,-141.42
-29.30,-14.71,-165.22
-37.78,-14.71,-183.90
-41.81,-13.92,-196.78
-42.42,-14.65,-199.40
-41.69,-19.53,-188.42
-34.36,-28.75,-165.34
-26.49,-41.38,-134.28
-19.96,-56.88,-100.16
-16.11,-74.65,-67.57
-13.98,-93.02,-38.27
-13.43,-106.57,-11.17
-15.63,-111.51,13.85
-21.42,-98.69,26.00
-1.77,-48.28,-10.74
-2.87,-19.29,-15.81
6.10,-17.76,-0.43
-1.28,-24.66,18.13
4.46,-17.82,29.17
14.22,-7.63,33.75
28.14,4.39,57.19
45.35,14.59,90.27
66.96,31.49,124.63
85.39,47.55,156.74
96.37,53.16,185.79
93.02,60.55,206.05
87.59,64.64,206.97
82.34,59.08,194.82
73.49,50.66,168.09
58.78,40.83,131.84
45.41,31.19,103.52
28.20,22.77,77.03
20.08,18.19,60.36
10.01,8.61,55.97
2.01,5.68,40.77
-3.91,1.34,16.85
-9.89,-4.46,6.41
-15.01,-9.89,-6.90
-19.35,-16.17,-15.87
-27.89,-18.07,-21.42
-40.65,-13.18,-31.98
-59.27,-5.43,-45.72
-79.28,6.35,-57.01
-95.89,22.71,-59.27
-108.15,39.49,-53.77
-116.64,56.76,-46.45
-116.46,68.48,-39.55
-109.74,69.58,-32.71
-102.05,61.71,-26.25
-90.82,48.95,-19.78
-81.73,34.91,-12.63
-73.06,20.20,-6.10
-64.33,5.92,-0.49
-57.62,-6.16,6.59
-47.91,-16.30,13.18
-39.73,-14.40,9.03
-39.31,3.30,-7.02
-24.29,17.27,-11.78
0.24,8.73,-2.38
15.81,-7.32,9.83
29.11,-4.39,14.65
43.70,6.41,15.87
58.35,5.49,19.78
72.45,-4.64,21.48
87.04,-15.14,15.63
105.47,-31.31,12.57
120.00,-36.56,17.88
129.39,-41.50,17.76
141.60,-46.20,16.54
154.85,-51.39,14.40
166.32,-43.95,10.50
176.51,-47.18,13.85
178.77,-48.77,15.44
176.88,-42.36,12.02
176.88,-40.53,14.71
171.69,-35.89,12.70
168.88,-30.52,4.27
161.87,-28.02,3.42
148.99,-23.01,5.00
138.37,-24.17,3.42
128.23,-22.77,2.01
117.86,-20.02,-5.62
107.12,-24.41,-9.52
99.98,-22.03,-9.03
90.27,-21.36,-7.93
80.63,-22.83,-12.70
73.55,-26.25,-14.65
65.92,-28.56,-12.94
57.62,-23.01,-8.48
45.96,-17.88,-6.84
40.04,-23.80,-12.45
38.21,-23.25,-12.94
37.29,-24.11,-12.63
34.48,-20.69,-11.05
30.64,-17.03,-8.18
25.45,-23.01,-12.94
25.09,-19.47,-9.22
19.96,-14.59,-4.82
16.36,-8.67,-4.33
10.74,-7.93,-5.13
10.38,-5.55,-3.91
8.61,2.75,3.60
5.92,7.51,6.10
3.36,6.90,5.49
-0.61,4.94,4.58
-3.85,2.62,2.87
-6.10,0.55,1.34
-8.73,-1.59,-0.12
-9.95,-3.17,-1.34
-9.64,-4.33,-2.01
-8.18,-4.39,-2.01
-4.76,-3.91,-1.95
-1.95,-3.23,-1.40
-1.04,-2.56,-1.16
-1.46,-2.62,-1.10
-2.99,-2.81,-1.59
-4.52,-2.99,-2.26
-5.19,-3.42,-2.99
-5.43,-3.23,-3.17
-6.04,-2.50,-3.36
-7.69,-1.40,-3.72
-9.34,-0.55,-4.03
-10.74,0.49,-4.03
-11.96,3.48,-3.17
-12.45,8.73,-1.34
















-,-,-
2.87,-2.26,-0.61
0.98,-0.61,-0.79
1.10,0.06,-0.49
2.32,0.06,0.12
2.75,-0.43,1.28
2.20,-1.34,1.89
1.16,-2.26,1.77
0.49,-3.23,1.22
0.31,-3.48,0.67
-0.06,-3.05,0.43
-0.18,-2.44,0.43
0.18,-1.65,0.67
0.55,-1.04,0.67
1.10,-0.92,0.67
1.34,-1.22,0.98
1.59,-1.59,0.85
1.65,-1.83,0.61
1.59,-2.26,0.67
1.46,-2.38,0.79
1.34,-2.20,0.79
1.28,-1.77,0.49
1.16,-1.40,0.12
1.16,-1.40,0.00
1.04,-1.59,0.12
1.28,-1.59,0.24
1.65,-1.77,0.31
1.46,-1.89,0.37
1.53,-1.83,0.67
2.26,-1.53,0.55
2.14,-1.16,0.43
2.50,-0.79,0.18
3.66,-0.37,0.06
7.39,0.49,3.48
15.56,4.88,19.23
21.06,14.04,43.64
32.17,24.23,80.38
34.67,46.75,112.73
39.98,61.16,145.81
45.78,60.73,167.42
46.33,59.14,188.96
48.22,51.03,205.08
45.84,49.68,207.15
48.10,38.88,190.98
46.20,34.42,155.21
42.79,18.31,112.79
41.56,9.83,81.12
26.43,12.88,53.83
16.91,8.61,42.54
8.97,8.48,30.46
5.98,11.11,16.78
2.56,9.09,3.54
1.28,8.73,0.00
0.85,10.19,-1.40
-0.55,13.12,-12.15
-3.17,14.40,-36.62
-4.09,15.14,-66.77
-1.16,9.34,-94.73
1.10,-1.28,-117.92
-3.48,-5.80,-136.23
-8.67,-8.24,-146.30
-8.61,-9.52,-145.94
-1.95,-11.17,-138.31
10.25,-15.75,-125.31
23.56,-24.17,-109.25
34.73,-36.93,-93.26
42.42,-53.34,-77.33
43.70,-71.59,-59.57
35.95,-88.81,-36.38
27.16,-100.59,-8.79
17.88,-104.06,20.08
6.71,-97.60,45.47
-3.54,-57.74,32.90
-12.51,-24.29,1.22
-13.12,-18.01,6.65
-11.96,-5.98,52.12
4.70,11.60,97.29
22.22,35.95,129.09
30.58,56.15,153.02
35.46,65.49,173.40
37.17,69.15,180.05
32.96,60.42,166.56
24.84,47.97,133.24
15.75,36.01,91.13
6.65,26.43,64.21
-9.40,15.69,44.31
-19.90,13.79,30.40
-27.16,16.48,26.18
-35.22,20.39,20.87
-43.95,25.27,6.04
-53.71,24.17,-12.51
-62.62,22.28,-32.78
-70.98,20.75,-51.57
-77.58,22.52,-68.48
-83.74,26.00,-82.95
-91.25,30.82,-93.99
-99.43,36.68,-101.26
-106.45,41.81,-100.71
-108.64,43.82,-91.80
-105.96,41.20,-77.82
-97.41,32.78,-63.23
-85.82,21.24,-50.11
-73.12,10.07,-38.27
-62.19,0.06,-25.02
-51.15,-10.80,-8.61
-39.79,-23.38,8.73
-27.89,-27.04,9.16
-19.59,-11.29,-8.61
-10.19,-2.08,-7.75
5.68,-4.82,1.83
16.54,-4.52,14.04
23.50,5.00,20.87
31.98,8.61,23.50
41.63,4.88,25.57
45.04,-9.40,24.84
41.93,-30.03,25.45
43.58,-42.36,24.78
49.32,-45.90,20.51
60.55,-46.08,21.18
74.04,-43.58,23.93
88.01,-37.54,34.79
102.60,-29.42,49.56
117.80,-30.82,58.65
130.43,-31.43,58.84
141.66,-41.56,59.14
146.55,-41.26,51.82
151.18,-41.75,53.83
149.96,-40.77,51.76
149.41,-36.01,48.22
146.85,-29.72,45.29
140.93,-32.53,36.74
140.87,-33.02,29.48
134.70,-28.81,27.83
127.69,-22.71,19.90
118.16,-20.94,13.49
108.09,-25.82,8.97
97.11,-13.85,1.34
91.06,-17.40,0.73
85.51,-11.96,2.75
82.52,-14.83,-0.49
76.11,-17.27,0.55
65.31,-11.05,-4.27
54.81,-14.22,-6.71
45.53,-10.01,-9.09
38.88,-4.70,-6.59
35.03,-8.42,-1.40
31.31,-2.44,0.43
24.72,0.85,-1.65
19.10,6.35,-1.46
13.98,6.35,3.05
12.02,4.52,4.46
10.44,1.16,4.21
8.30,-1.59,3.42
6.23,-3.36,2.62
3.48,-4.21,1.77
0.61,-4.15,0.49
-0.98,-3.23,-1.16
-0.55,-2.32,-2.32
0.61,-0.98,-1.77
0.79,0.37,-0.85
0.06,0.85,-0.31
-0.61,0.92,0.37
-1.34,0.92,1.10
-1.77,1.04,1.71
-2.50,1.10,2.20
-2.87,1.22,2.56
-2.62,1.28,2.69
-2.32,1.10,2.75
-1.28,1.22,3.17
0.06,1.46,3.60
1.10,1.89,3.97
1.22,2.62,4.82
0.92,3.36,5.31
0.12,4.33,5.43
-1.59,5.68,5.43
-2.93,7.57,4.88
-4.21,9.89,5.31
-5.62,12.94,7.02
-5.80,15.93,8.18
-5.55,18.74,8.36
-6.71,21.30,6.77
















-,-,-
0.49,0.61,-0.73
0.67,0.79,-0.73
0.79,0.73,-0.37
1.16,0.06,0.18
1.16,-0.18,0.67
1.10,0.24,0.61
0.98,0.49,0.37
1.28,-0.18,0.00
1.89,-1.04,-0.12
2.01,-0.98,0.06
1.65,-0.61,0.43
1.83,-0.12,1.04
2.26,-0.31,1.40
1.77,-0.49,1.65
1.16,-0.24,1.28
0.92,-0.37,0.79
0.61,-0.85,0.55
0.43,-0.92,0.18
0.31,-0.73,0.37
0.67,-0.79,0.37
0.98,-1.10,0.37
0.67,-1.10,0.24
0.49,-0.92,0.12
0.67,-0.49,0.12
0.85,-0.49,0.18
0.98,-0.49,0.06
1.04,-0.49,-0.18
0.61,-0.24,-0.55
0.31,-0.31,-0.67
0.31,-0.55,-0.73
0.55,-0.55,-0.79
0.49,-0.67,-0.67
0.37,-0.73,-0.31
0.43,-0.85,0.00
0.00,-1.71,0.18
-0.31,-2.81,0.61
-0.49,-4.27,0.61
-0.92,-6.47,0.73
-1.46,-9.89,1.34
-1.77,-15.14,2.87
-0.37,-21.79,6.47
2.50,-30.03,12.94
-3.66,-24.60,4.70
-11.60,-12.27,-8.30
-10.50,-13.79,3.60
-12.51,-15.63,15.69
-3.42,-13.67,32.47
8.97,-3.42,54.99
21.48,8.18,76.97
34.48,15.81,102.84
48.03,20.14,121.22
58.29,27.95,137.02
63.54,31.68,151.25
67.38,34.79,160.71
67.57,41.75,159.73
62.87,46.14,147.95
52.00,39.25,122.86
39.98,32.65,96.68
27.28,25.63,73.49
16.30,21.67,52.25
9.64,16.60,42.18
4.58,14.83,30.88
2.01,9.34,19.78
-0.79,7.81,7.63
-1.77,5.98,2.01
-2.08,7.02,-0.49
-0.92,13.67,-6.65
1.22,18.74,-23.32
3.91,12.88,-45.47
4.52,0.67,-69.34
1.77,-7.45,-92.90
-4.82,-8.42,-112.37
-12.94,-7.39,-125.43
-16.72,-6.53,-131.35
-15.50,-9.16,-129.52
-11.78,-16.54,-120.79
-4.64,-28.99,-105.90
1.53,-46.57,-85.02
-0.24,-68.42,-63.72
-0.37,-88.50,-45.53
8.73,-94.24,-23.01
7.75,-96.19,2.08
-6.47,-61.34,1.46
-17.88,-19.23,-13.61
-6.35,-20.08,-0.43
-7.32,-20.81,14.77
-6.84,-14.28,31.74
-1.34,-4.46,38.70
7.93,11.72,60.06
22.40,21.06,88.62
31.13,37.29,124.27
40.53,48.83,156.13
45.17,57.19,169.68
46.08,61.46,161.19
42.24,59.33,141.85
34.00,47.06,107.79
28.81,31.98,78.37
22.95,21.61,58.90
20.57,16.97,46.51
7.51,10.25,33.75
0.43,5.74,28.26
-6.65,1.71,16.72
-9.89,-3.66,1.95
-15.81,-2.44,-7.14
-23.56,0.24,-13.67
-30.64,4.03,-18.19
-41.44,5.55,-27.16
-53.96,5.86,-38.45
-64.64,8.30,-48.52
-73.12,13.61,-58.78
-78.43,21.00,-66.89
-82.82,36.56,-71.41
-82.52,50.72,-68.60
-80.38,52.80,-58.90
-77.39,51.15,-46.08
-67.20,44.92,-30.46
-56.40,31.98,-15.63
-47.06,15.26,-5.62
-38.45,-2.01,1.46
-31.56,-15.08,9.40
-27.34,-22.28,13.73
-25.76,-0.12,-7.39
-20.26,16.36,-11.29
-9.03,5.07,-2.20
-5.55,1.22,8.30
-3.72,7.81,15.93
6.35,11.47,20.63
21.61,8.79,26.00
39.31,-8.00,36.25
52.98,-13.61,43.88
66.53,-27.28,43.40
72.27,-31.49,36.87
78.31,-35.71,29.66
87.10,-43.33,21.12
99.73,-39.61,18.37
112.43,-39.00,15.63
130.13,-41.75,13.12
145.63,-44.31,10.38
156.19,-45.10,10.74
161.50,-45.04,9.58
163.15,-46.45,4.03
168.03,-42.36,0.79
169.37,-35.95,4.52
170.78,-29.05,2.08
170.29,-33.33,4.27
154.79,-23.13,3.78
127.32,-18.86,3.11
104.55,-16.72,6.29
88.20,-14.95,11.29
75.99,-11.84,12.82
62.74,-5.13,8.24
49.01,-7.69,3.85
41.75,-5.43,6.59
34.73,-0.24,5.31
29.97,-12.45,-0.61
24.35,-14.28,-5.80
17.70,-12.70,-2.99
13.61,-13.06,-3.36
12.02,-11.23,-3.91
10.25,-8.18,-4.03
8.42,-4.39,-4.03
5.98,-0.55,-3.48
3.48,2.87,-2.14
1.40,5.37,-0.67
0.12,6.35,0.24
0.00,5.92,1.04
-1.04,5.00,1.40
-3.05,2.75,0.92
-4.21,0.37,0.92
-3.97,-1.04,0.85
-2.99,-1.71,1.28
-1.16,-1.71,1.28
-0.43,-1.53,1.10
-1.04,-1.59,0.49
-1.53,-1.65,0.06
-1.28,-1.34,-0.18
-0.98,-0.85,-0.18
-1.28,-0.24,-0.67
-0.79,0.24,-0.67
-0.73,0.73,-0.37
















-,-,-
1.46,-0.55,-0.24
1.34,-0.12,-0.06
1.34,0.55,0.12
1.59,0.85,0.67
1.83,1.16,0.98
1.65,1.22,1.10
1.71,0.79,1.04
1.40,0.24,0.79
1.04,-0.18,0.61
0.98,-0.43,0.61
0.92,-0.43,0.49
1.04,-0.55,0.61
1.34,-0.49,0.61
1.46,-0.31,0.73
1.77,0.06,0.67
1.89,0.12,0.85
1.77,0.06,0.98
1.46,-0.06,0.92
1.10,-0.31,0.92
1.10,-0.43,0.85
1.22,-0.37,0.73
1.40,-0.31,0.49
1.71,-0.18,0.67
1.89,0.00,0.92
1.89,-0.12,0.85
1.77,-0.18,0.98
1.95,-0.31,0.85
1.83,-0.43,0.61
1.65,-0.49,0.43
1.28,-0.55,0.43
1.40,-0.31,0.49
1.71,0.12,0.79
1.95,0.85,1.16
2.62,1.53,1.10
2.99,2.32,1.16
3.11,3.42,1.53
2.62,4.82,1.71
1.34,6.16,1.95
2.20,7.81,5.80
9.34,10.80,18.31
21.73,11.35,42.36
26.49,14.04,67.02
32.47,13.49,87.04
36.13,15.87,98.94
50.48,16.17,117.68
59.63,12.57,134.09
64.21,12.88,151.98
71.53,17.58,165.59
81.42,18.62,176.09
83.13,10.86,172.36
73.67,3.30,153.20
61.95,2.75,122.92
51.21,3.91,102.78
38.39,7.32,85.45
21.85,12.15,68.30
10.44,17.27,51.39
0.55,18.13,34.00
-8.00,14.04,18.92
-11.17,7.26,5.55
-9.70,1.28,-12.39
-13.12,-0.79,-39.73
-23.56,-2.75,-85.02
-28.87,-4.64,-130.00
-31.31,-2.62,-161.74
-31.92,2.14,-178.34
-36.32,5.00,-182.86
-36.38,2.44,-179.81
-28.99,-5.07,-175.23
-26.67,-18.55,-168.70
-27.40,-39.55,-158.26
-28.44,-68.05,-142.52
-31.80,-97.29,-119.69
-32.17,-121.46,-86.24
-30.09,-137.82,-38.88
-35.28,-116.33,-2.62
-36.93,-36.80,-11.54
-6.23,-19.47,11.66
9.46,-21.73,28.38
16.36,-27.34,38.09
30.27,-23.01,49.80
44.56,-6.90,80.08
56.09,15.56,119.02
72.08,28.69,142.52
83.86,31.25,158.02
87.40,34.18,168.40
82.21,47.18,165.77
69.89,52.86,157.84
52.80,52.31,133.73
36.07,54.26,100.77
24.41,43.52,76.54
12.63,32.71,59.45
3.05,23.50,47.18
-6.84,8.00,36.93
-16.60,-2.87,23.80
-26.18,-10.99,7.02
-33.33,-15.20,-1.22
-44.31,-14.47,-10.80
-55.91,-14.77,-24.17
-67.44,-8.00,-37.48
-78.55,5.13,-49.99
-85.14,18.25,-58.72
-86.36,25.70,-60.42
-82.21,24.78,-53.41
-77.03,17.52,-40.83
-73.67,9.70,-28.26
-66.04,8.91,-17.94
-59.51,17.40,-7.87
-54.50,19.59,4.03
-47.18,7.51,16.60
-42.85,-10.31,27.95
-35.40,-20.87,29.66
-31.80,0.43,0.67
-39.49,20.94,-15.08
-9.58,20.63,-7.32
2.56,2.87,8.73
12.39,-1.71,7.39
30.70,5.13,7.26
41.69,8.91,10.93
50.48,9.89,13.24
68.05,-3.72,13.55
85.08,-11.23,12.76
98.94,-20.32,6.53
107.48,-28.63,2.93
114.50,-40.65,-3.66
120.79,-51.09,-8.48
129.70,-59.45,-14.28
140.14,-69.52,-23.25
153.32,-79.22,-31.80
160.03,-84.78,-33.57
165.10,-88.50,-39.43
165.22,-80.69,-40.65
159.97,-72.69,-33.33
150.27,-69.34,-28.26
138.06,-56.34,-23.01
126.89,-48.95,-12.57
113.22,-36.80,-6.23
103.03,-32.78,-9.28
93.20,-27.83,-9.89
80.57,-35.52,-18.43
68.60,-38.21,-22.89
52.06,-40.22,-23.62
34.91,-34.97,-25.39
21.30,-39.12,-21.67
16.30,-37.29,-18.37
8.24,-19.10,-6.90
6.16,-16.60,-6.65
4.27,-17.76,-6.77
2.93,-18.49,-7.45
2.38,-17.64,-7.02
1.28,-15.14,-5.74
-0.67,-11.47,-4.70
-2.08,-7.75,-3.78
-2.14,-3.78,-2.44
-2.87,-0.18,-1.16
-3.17,2.62,-0.49
-3.23,3.72,-0.24
-5.00,4.03,0.06
-5.43,3.36,0.00
-2.81,2.62,-0.79
-1.40,1.59,-1.40
-0.55,0.67,-0.61
0.73,0.55,0.12
1.10,0.67,0.18
0.31,0.24,0.18
-1.28,-0.43,0.12
-2.56,-0.85,-0.24
-3.11,-1.10,-0.18
-3.42,-0.98,-0.43
-2.99,-0.92,-0.18
-1.40,-0.61,0.49
0.67,0.61,1.16
1.28,1.89,1.22
0.43,2.56,0.85
-1.40,3.17,0.73
-3.60,3.60,-0.12
-5.49,4.03,-1.16
-7.20,4.27,-1.71
-7.75,3.48,-2.38
-8.48,2.56,-3.48
-8.54,1.22,-4.58
















-,-,-
-0.98,-10.07,-2.08
-0.98,-13.12,-2.99
-0.92,-15.32,-2.93
-0.98,-15.75,-2.32
-1.22,-14.40,-1.83
-1.59,-12.51,-1.28
-2.14,-10.74,-0.92
-2.75,-9.09,-0.61
-4.09,-7.81,-0.12
-4.76,-6.90,0.55
-4.76,-6.16,1.34
-4.21,-5.37,1.83
-3.54,-4.70,1.83
-2.75,-4.21,1.22
-1.95,-3.60,0.49
-1.22,-3.11,-0.18
-1.04,-2.99,-0.85
-1.10,-2.87,-1.53
-0.73,-2.62,-2.38
-0.49,-1.83,-2.56
-0.37,-0.73,-2.44
-0.92,-0.12,-2.69
-0.79,-0.18,-2.93
-0.92,-0.73,-3.05
-1.10,-1.22,-3.48
-2.01,-2.38,-3.54
-3.72,-4.15,-3.42
-5.68,-6.29,-2.99
-7.75,-9.40,-2.38
-8.91,-14.16,-0.98
-9.89,-20.20,1.10
-11.72,-26.06,3.91
-15.99,-23.38,1.71
-17.52,-9.64,-9.52
-8.42,-9.40,-7.57
-6.41,-11.96,2.93
-9.89,-11.05,6.77
-6.96,-9.28,14.53
-2.38,-5.31,33.39
-0.49,-2.26,53.89
7.02,-1.46,72.88
22.40,-1.04,97.05
35.83,9.16,125.43
49.13,14.95,151.92
56.46,14.22,177.55
58.53,16.42,196.04
54.44,22.28,191.41
48.89,20.39,167.36
36.74,18.25,133.91
24.60,13.67,100.46
16.42,9.03,72.39
11.66,0.06,54.08
2.93,-0.06,39.49
-1.59,1.28,19.17
-2.81,1.65,16.36
-5.19,1.59,10.80
-3.72,3.23,-8.12
-0.43,4.21,-12.76
4.33,4.52,-15.38
7.63,5.74,-26.86
10.01,4.39,-54.99
12.45,0.67,-88.07
14.77,-2.20,-117.80
15.08,1.59,-139.59
10.99,8.24,-150.39
7.20,12.45,-151.43
5.07,10.56,-145.08
4.15,1.65,-135.07
3.42,-12.63,-124.08
3.05,-30.52,-110.53
2.62,-49.50,-92.41
2.69,-68.30,-68.05
2.50,-81.05,-39.98
2.50,-85.94,-14.40
1.22,-83.50,4.33
-1.95,-44.74,2.81
9.03,-8.61,-1.53
20.08,-8.30,1.65
11.66,-17.82,7.81
6.04,-22.71,15.63
10.50,-22.28,26.06
14.59,-18.25,50.60
15.50,-8.18,88.99
23.38,1.22,118.29
33.45,11.72,151.43
36.07,23.25,171.75
37.05,32.96,180.42
38.02,35.58,178.34
34.42,32.59,164.86
31.80,28.26,138.73
27.53,25.09,109.99
22.09,19.96,79.16
24.90,16.42,67.32
11.54,12.27,49.93
0.79,7.69,17.76
-7.75,2.87,11.96
-14.71,-3.36,7.57
-21.18,-5.74,-14.28
-29.11,-6.77,-26.86
-34.85,-3.11,-31.80
-43.33,12.02,-37.48
-53.34,24.66,-50.05
-64.70,29.85,-66.59
-76.17,30.82,-83.68
-86.98,30.64,-95.52
-103.03,31.68,-100.16
-116.33,37.54,-100.22
-124.21,45.41,-96.44
-126.46,50.84,-88.99
-122.13,49.68,-78.00
-113.59,40.83,-63.66
-107.06,26.92,-47.36
-96.92,11.72,-31.01
-88.56,-2.56,-14.65
-82.28,-17.52,0.00
-74.95,-33.87,12.21
-68.42,-51.45,21.24
-57.68,-51.57,8.00
-47.30,-27.83,-26.31
-29.72,-10.31,-29.05
5.43,-10.56,-8.73
23.25,-13.06,13.98
31.86,-6.04,19.78
33.75,-0.92,16.97
34.24,-1.34,13.73
31.25,-12.21,10.13
29.85,-28.02,11.54
24.96,-38.64,10.50
24.54,-48.52,8.54
25.15,-50.29,5.68
32.35,-50.78,14.40
42.54,-53.96,14.77
55.85,-59.63,5.25
72.33,-61.46,14.16
85.75,-61.65,16.48
100.04,-61.52,21.00
105.65,-60.06,23.25
112.92,-63.48,23.25
118.47,-63.72,22.03
127.26,-69.89,23.74
135.31,-71.04,21.36
141.72,-73.55,22.58
138.67,-73.36,23.50
131.16,-71.35,24.90
124.08,-67.32,17.70
121.95,-68.18,12.08
117.74,-63.17,10.62
118.41,-54.50,8.54
116.70,-45.72,7.45
112.61,-40.04,12.70
99.24,-29.42,18.80
79.90,-17.76,16.36
65.43,-12.57,11.66
55.66,-9.40,15.56
51.64,-4.76,16.36
49.38,-0.37,13.61
43.95,5.74,14.95
41.75,-9.89,15.20
38.57,-4.58,10.56
34.55,-8.79,6.53
28.26,-13.12,4.94
25.02,-12.45,5.07
18.86,-3.17,4.21
17.70,-3.42,5.13
17.76,-0.31,6.71
16.54,1.83,7.45
13.31,1.46,7.02
8.30,-0.61,5.80
4.76,-1.89,4.27
2.75,-2.62,3.36
1.53,-2.93,2.93
0.55,-2.08,2.56
1.46,-1.16,2.20
2.93,0.06,2.32
4.15,1.77,3.17
4.27,3.36,4.09
4.09,5.07,4.27
2.32,5.62,4.03
-0.18,5.37,3.11
-2.50,4.82,1.53
