-,-,-
3.05,-1.95,1.59
2.56,-1.95,1.53
2.69,-1.89,1.40
2.56,-2.26,1.22
2.20,-2.50,0.85
2.38,-2.99,0.55
2.56,-2.81,0.37
2.08,-2.50,0.12
1.53,-2.75,0.37
1.77,-2.81,0.37
1.83,-2.62,0.37
1.46,-2.50,0.43
0.85,-2.26,0.73
1.34,-2.14,0.85
1.40,-2.01,0.92
1.71,-2.08,0.49
2.08,-2.20,0.61
2.38,-2.08,1.10
3.23,-1.95,1.59
4.33,-1.89,2.08
5.07,-2.14,2.26
5.37,-2.44,2.20
5.43,-2.81,2.01
5.00,-2.93,1.59
3.72,-3.05,1.28
2.62,-3.42,0.79
0.49,-4.09,0.67
-1.89,-4.64,0.55
-2.69,-4.46,0.55
-1.40,-4.33,0.61
-0.31,-3.78,0.49
0.24,-3.23,0.37
0.79,-2.75,0.43
1.34,-2.08,0.43
1.46,-1.95,0.24
1.53,-2.20,0.18
1.28,-2.50,0.00
1.04,-2.75,-0.31
1.28,-2.93,-0.43
2.62,-3.66,-0.49
3.85,-6.47,-0.73
4.88,-15.63,-0.49
7.39,-26.06,2.87
12.88,-34.61,6.35
17.33,-34.73,7.32
22.71,-34.97,3.11
30.88,-34.55,6.16
34.73,-30.58,16.11
39.37,-32.90,14.89
47.42,-39.92,10.99
52.49,-40.04,11.29
63.78,-44.01,18.74
77.15,-48.16,26.86
89.90,-53.59,27.71
104.92,-68.30,22.34
111.45,-82.58,26.49
107.18,-88.44,25.82
108.15,-91.43,28.20
104.19,-91.13,29.05
107.91,-91.67,22.58
113.53,-95.09,17.82
116.46,-98.82,22.22
112.12,-101.20,14.77
116.64,-99.91,18.07
110.60,-93.26,28.56
111.02,-86.06,21.36
115.97,-74.52,10.99
113.65,-66.28,12.57
119.45,-72.51,19.65
116.27,-70.13,12.51
116.58,-71.66,-6.71
114.50,-75.81,-15.32
111.51,-75.56,-16.72
111.39,-71.11,-14.47
104.80,-67.69,-16.78
102.36,-69.27,-18.98
95.21,-77.51,-22.22
90.94,-85.02,-23.19
80.02,-85.08,-21.06
70.37,-85.75,-22.40
65.00,-90.64,-21.48
62.32,-91.67,-16.78
58.04,-86.67,-16.48
51.09,-80.69,-17.03
44.13,-73.12,-16.11
34.55,-60.12,-11.29
25.27,-47.97,-10.31
18.43,-37.17,-7.87
9.95,-23.86,-8.91
2.26,-9.58,-11.84
-8.91,-2.32,-14.89
-19.29,2.14,-25.02
-35.77,18.68,-41.02
-55.91,43.15,-57.50
-76.23,69.40,-67.02
-95.83,95.76,-69.64
-111.27,119.81,-68.18
-120.18,139.04,-64.94
-123.96,154.48,-60.67
-125.24,166.38,-56.88
-123.90,174.26,-55.18
-119.38,178.53,-54.14
-112.79,179.99,-50.54
-104.06,178.47,-43.52
-96.68,175.11,-33.81
-91.80,168.76,-23.13
-87.89,158.81,-13.49
-82.34,146.18,-4.58
-77.03,131.96,5.07
-72.94,119.14,14.10
-63.29,102.36,22.52
-57.25,77.45,29.24
-43.46,49.80,36.19
-35.03,22.28,44.62
-28.99,-4.76,50.84
-20.94,-29.42,54.99
-24.17,-49.32,56.58
-26.79,-52.80,49.68
-15.01,-32.84,13.55
-19.53,-9.16,6.77
-0.31,4.94,5.92
12.15,11.05,15.38
6.41,17.15,33.26
5.74,27.83,38.39
12.70,35.40,50.29
19.65,30.52,61.58
17.40,34.42,64.51
17.58,39.49,66.89
17.27,37.96,71.96
14.83,35.28,79.96
15.50,36.07,94.18
16.91,37.23,106.32
17.40,39.49,118.90
14.28,50.17,135.19
9.40,57.19,150.70
7.26,45.53,158.75
3.48,31.62,166.75
2.99,30.70,167.05
3.85,34.73,163.94
0.31,31.25,160.64
-3.97,29.48,157.17
-9.03,23.50,151.49
-12.02,14.95,145.45
-13.24,9.34,139.71
-14.40,4.88,128.91
-16.54,-3.23,121.83
-11.60,-8.12,115.91
-9.83,-3.54,97.11
-1.46,-3.42,84.47
-4.15,-1.16,74.34
-5.86,-2.14,60.67
-4.46,-5.62,51.51
-2.38,-7.32,45.53
-2.62,-8.67,44.37
-3.66,-6.47,44.43
-2.93,-6.65,51.51
-5.74,-6.59,48.65
-0.18,-8.30,50.23
-0.92,-7.87,50.90
-1.77,-6.47,44.13
-0.49,-5.19,39.49
1.83,-4.70,34.85
6.10,-3.30,22.46
7.87,-3.91,21.30
8.54,-3.97,27.95
8.06,-2.87,27.40
8.36,-3.60,17.88
9.70,-2.01,11.60
8.91,0.06,6.71
10.01,1.77,5.25
8.97,2.20,4.70
5.62,1.71,2.56
1.71,1.59,0.24
-1.46,1.04,-1.46
-3.23,0.55,-2.32
-3.23,0.24,-2.14
-2.08,0.24,-1.22
-0.92,0.24,-0.06
0.18,0.37,0.85















-,-,-
-20.87,0.49,0.43
-17.21,-2.69,0.92
-13.31,-7.93,0.79
-11.05,-13.43,0.92
-9.95,-16.72,1.83
-8.91,-17.70,3.54
-7.14,-16.72,6.16
-5.00,-15.75,9.34
-3.54,-15.81,12.51
-4.03,-16.97,14.40
-2.75,-13.12,3.48
4.76,-6.53,-1.34
2.62,-4.21,0.79
1.16,-4.58,2.14
2.81,-3.66,1.34
6.23,-0.73,0.79
6.23,2.75,0.31
3.78,5.98,-0.85
6.04,4.33,-0.67
6.84,1.28,0.85
5.68,0.31,1.89
4.88,-0.37,1.95
4.39,-1.34,1.40
3.42,-2.14,1.04
2.26,-2.56,1.16
1.34,-2.69,1.16
0.37,-2.93,1.10
0.06,-2.69,1.34
0.37,-2.08,1.83
1.83,-0.85,2.50
3.17,0.00,3.05
4.52,0.73,3.30
6.16,0.85,3.30
6.41,0.31,3.36
5.49,-0.61,2.99
5.07,-1.46,2.44
6.23,-1.10,2.14
9.09,-1.46,3.36
19.17,-7.45,7.69
31.31,-19.59,15.87
40.16,-29.54,20.94
48.58,-35.89,21.42
56.52,-42.36,23.56
60.42,-46.69,23.50
67.50,-47.30,24.35
75.38,-51.70,23.62
82.28,-57.01,23.32
89.72,-54.99,27.77
95.95,-55.79,33.75
100.77,-57.19,32.78
106.45,-53.59,33.33
110.47,-52.92,39.00
111.76,-64.94,35.22
112.98,-68.30,25.82
112.49,-64.70,18.68
112.18,-65.55,15.99
111.69,-66.47,17.94
109.92,-61.16,23.25
107.91,-54.38,23.62
107.30,-45.96,24.78
106.69,-36.80,32.90
105.35,-25.09,33.63
105.77,-8.73,26.73
114.56,-26.18,24.23
115.42,-32.59,23.80
115.54,-41.20,24.90
112.73,-54.08,17.82
110.35,-64.94,12.45
105.47,-70.13,8.48
103.64,-66.16,8.91
98.82,-60.06,8.00
95.09,-57.01,-0.06
94.54,-52.00,-5.86
93.81,-48.03,-5.55
91.86,-48.28,-5.80
87.40,-46.94,-11.84
84.35,-47.18,-7.51
72.94,-50.54,-6.23
63.29,-44.86,-11.96
51.88,-43.95,-12.82
39.67,-43.46,-12.21
34.55,-45.10,-12.21
32.96,-49.01,-5.80
25.94,-49.44,-8.79
21.91,-49.74,-17.58
17.15,-56.88,-16.30
12.02,-59.69,-14.95
8.36,-59.75,-18.92
-0.67,-55.30,-22.83
-15.50,-48.77,-27.95
-32.17,-35.71,-34.36
-52.49,-13.98,-36.38
-72.81,7.81,-35.22
-90.64,29.79,-37.60
-104.68,49.87,-41.08
-118.96,68.79,-41.99
-132.26,87.28,-41.08
-141.48,104.31,-38.57
-148.19,117.25,-34.85
-151.79,125.37,-30.33
-150.57,130.19,-26.31
-149.35,131.84,-23.99
-143.92,130.37,-24.05
-137.33,126.53,-24.23
-130.19,120.36,-23.01
-121.89,112.37,-19.84
-110.60,101.93,-14.28
-97.05,89.36,-7.20
-83.19,75.50,-0.55
-67.69,61.58,4.76
-61.28,45.59,4.58
-49.07,29.91,-14.40
-42.11,25.82,-17.27
-33.08,32.35,-10.62
-16.30,29.72,-3.60
-3.05,28.38,4.76
6.23,33.14,15.14
12.15,39.18,25.76
16.42,43.70,31.98
21.18,49.38,41.87
25.02,48.03,55.05
25.82,44.56,67.93
25.21,41.81,79.28
22.89,38.82,93.20
19.47,33.75,105.59
14.53,34.79,118.71
10.25,35.95,132.08
6.96,35.77,140.62
7.32,35.10,144.23
3.11,34.12,141.30
-2.50,35.40,136.90
-7.57,30.76,135.13
-12.88,29.30,138.37
-16.11,34.79,137.88
-15.32,36.68,138.92
-18.92,30.58,145.32
-18.68,22.77,138.55
-14.47,24.05,126.83
-10.50,19.23,116.88
-8.12,13.43,111.15
-6.16,10.44,101.20
-5.13,3.48,91.80
-5.07,-1.89,86.49
-6.41,-3.17,80.51
-8.85,-3.85,71.72
-7.57,-6.59,66.16
-0.79,-8.97,63.11
7.39,-7.26,57.31
9.64,-7.08,46.94
8.30,-5.74,43.09
5.55,-5.74,42.54
6.77,-6.23,46.45
4.82,-5.68,46.02
5.13,-6.77,32.90
6.59,-6.65,26.06
4.70,-5.98,18.98
4.09,-3.72,7.87
3.54,-2.32,1.89
2.87,-0.67,1.77
2.87,0.92,2.69
2.69,2.01,2.81
2.56,2.62,2.26
2.26,2.87,1.34
1.40,2.62,0.98
1.16,2.20,0.55
1.53,1.89,0.61
2.20,1.71,1.04
2.99,1.95,1.83
4.33,2.26,3.05
6.10,2.87,4.09
7.39,3.11,5.07
9.09,3.17,5.86
12.33,3.30,6.90
15.69,3.36,9.34
18.31,2.87,11.60
19.17,1.22,12.51
17.27,-2.14,11.41
14.34,-5.80,9.16
12.15,-9.52,6.90















-,-,-
3.23,1.53,1.40
3.30,1.16,1.46
3.66,1.16,1.59
3.91,1.40,1.65
3.85,1.34,1.77
3.30,1.04,1.28
2.26,0.61,0.67
1.16,0.12,0.18
0.49,0.00,-0.12
0.49,-0.06,-0.12
0.92,0.12,0.12
1.53,0.67,0.49
1.77,1.28,0.61
1.71,1.71,0.79
1.83,2.01,0.85
1.59,2.14,0.92
1.28,1.77,0.92
0.85,1.16,0.73
0.43,0.55,0.31
0.37,-0.06,0.06
0.31,-0.37,-0.12
0.43,-0.61,-0.24
0.49,-0.31,-0.18
0.61,0.12,-0.12
1.40,0.73,0.24
3.05,1.53,1.22
5.43,2.38,2.20
8.42,3.30,3.72
11.29,3.91,5.37
12.82,3.42,6.59
12.57,2.01,6.96
10.44,1.10,6.77
8.48,0.18,6.10
10.07,-5.68,7.57
10.80,-14.65,11.54
16.36,-13.12,15.44
23.86,-21.12,18.49
31.68,-24.66,19.17
41.32,-14.95,27.16
49.19,-17.09,33.14
53.34,-26.73,26.49
62.32,-32.90,20.08
67.75,-32.78,24.96
70.01,-40.77,24.78
73.43,-42.72,20.39
82.70,-41.87,22.64
80.02,-40.34,27.04
81.18,-48.71,22.16
86.00,-52.19,24.41
84.72,-49.68,32.47
85.51,-49.38,32.47
87.04,-53.89,29.91
86.43,-55.05,22.52
90.33,-58.47,25.33
87.95,-60.61,15.56
94.24,-60.06,14.95
90.70,-56.40,18.43
92.10,-57.07,23.80
89.78,-49.56,27.47
84.11,-44.01,15.50
79.22,-24.78,3.72
80.32,-41.63,5.92
80.08,-54.26,9.89
77.27,-54.14,10.07
74.83,-57.13,3.91
75.07,-60.42,9.70
67.02,-65.31,8.79
64.45,-68.30,-2.50
61.65,-67.02,-7.69
54.75,-66.04,-5.68
58.11,-66.10,3.17
56.03,-59.94,9.03
55.91,-57.74,0.49
61.28,-58.11,-11.54
64.09,-63.29,-13.06
68.60,-69.89,-9.22
67.26,-67.38,-9.16
65.37,-63.84,-12.57
63.23,-62.81,-5.19
58.11,-61.89,3.54
53.96,-57.80,6.29
45.17,-47.30,0.67
39.49,-43.64,-4.70
33.26,-36.07,-6.90
31.56,-39.25,-1.89
32.29,-43.64,2.99
32.90,-38.15,-0.92
28.87,-37.72,-5.43
26.92,-41.63,-7.39
23.50,-46.94,-5.00
18.13,-39.73,-1.16
11.41,-42.18,-0.06
8.67,-41.44,-3.72
8.97,-42.05,-6.10
9.77,-44.01,-5.25
8.91,-43.46,-5.80
6.10,-41.56,-10.25
1.71,-37.11,-17.40
-3.42,-30.40,-25.82
-8.30,-20.20,-36.80
-14.59,-2.44,-49.50
-23.01,18.13,-61.28
-35.58,41.75,-69.46
-53.96,66.96,-70.80
-74.04,92.41,-65.92
-90.70,117.07,-57.01
-103.70,140.87,-45.78
-113.34,163.45,-34.55
-118.84,181.82,-25.51
-118.16,193.42,-18.13
-112.98,196.35,-10.56
-106.45,190.25,-2.87
-102.97,177.19,3.78
-102.48,158.87,6.77
-103.15,137.27,6.10
-104.00,115.54,3.85
-103.03,95.76,2.56
-99.98,77.58,4.15
-94.48,60.00,9.40
-87.10,44.07,15.93
-76.11,31.07,21.91
-62.38,19.84,26.98
-46.51,8.24,30.76
-36.62,-0.61,23.44
-8.54,-10.99,-6.53
-2.01,2.81,-1.77
2.99,20.39,6.84
9.46,26.18,10.86
14.77,24.17,17.46
14.59,20.14,37.35
9.40,25.21,59.88
10.31,34.36,77.15
15.38,39.06,85.63
16.54,41.56,94.85
8.18,49.44,96.01
3.54,63.54,94.36
4.88,57.62,104.00
-0.18,47.06,113.89
1.40,41.81,125.12
3.66,39.79,136.66
4.39,40.83,141.85
3.36,34.30,149.78
-2.93,29.79,149.23
-5.37,35.58,140.20
-8.06,35.34,128.36
-10.01,29.42,121.34
-12.76,30.27,111.02
-13.61,25.27,97.47
-12.21,24.23,88.68
-15.69,21.30,70.68
-12.39,17.27,54.38
-12.27,12.33,44.07
-10.31,8.48,36.25
-10.86,9.95,37.41
-16.17,10.68,32.78
-15.99,10.80,25.45
-15.20,15.93,30.27
-15.93,15.69,41.63
-14.34,17.27,44.86
-13.00,17.33,45.53
-10.50,8.97,40.34
-6.16,4.46,38.27
-4.27,-0.18,30.09
-2.62,-0.43,26.73
-5.86,1.04,26.12
-6.53,-0.92,30.52
-9.64,4.58,36.93
-11.23,5.37,40.10
-12.63,4.58,41.81
-11.47,5.37,46.02
-11.60,6.53,52.25
-10.56,1.65,51.82
-8.61,-0.49,48.10
-5.25,-1.46,42.60
-6.65,-3.72,39.98
-7.87,-5.86,34.48
-7.26,-3.30,32.35
-8.24,-2.62,33.63
-6.35,-1.95,38.64















-,-,-
15.56,-17.46,6.04
13.49,-6.04,12.08
15.56,-16.54,11.66
16.78,-14.65,9.03
15.99,-8.73,10.19
14.22,-14.28,10.25
13.85,-13.49,7.02
13.67,-13.31,6.29
12.08,-7.45,4.52
14.89,-6.77,6.29
13.61,-6.29,5.86
16.48,-10.38,4.46
14.22,-5.86,2.32
17.46,-9.70,0.73
19.29,-14.71,7.20
17.27,-8.73,12.15
20.26,-10.62,8.91
20.51,-3.05,10.56
18.98,-6.96,10.19
19.53,-9.77,6.90
18.31,-10.50,3.23
18.01,-6.77,5.31
16.24,-4.82,6.71
18.01,-4.03,5.55
18.68,-1.95,5.00
19.41,-1.10,4.94
19.84,-2.44,7.14
17.64,-2.99,2.38
20.20,-9.40,-1.59
20.02,-10.01,7.08
17.94,-10.19,8.67
21.73,-16.48,5.49
22.58,-20.81,8.30
22.22,-16.42,13.43
22.95,-18.80,10.01
25.94,-22.09,5.13
26.49,-22.58,4.88
29.91,-24.29,11.72
31.98,-20.81,17.94
37.60,-21.73,17.82
41.63,-18.55,18.74
45.04,-17.21,22.83
47.06,-18.31,23.44
50.66,-21.67,20.08
52.92,-20.26,12.27
56.70,-16.66,6.04
61.40,-24.23,4.03
62.74,-10.93,0.12
63.54,7.69,7.75
71.04,-36.68,13.92
75.50,-34.55,14.65
76.48,-33.63,14.71
82.52,-49.13,14.16
88.44,-60.00,9.22
91.31,-64.94,8.36
90.39,-73.49,4.46
96.44,-83.92,1.83
91.00,-80.57,6.35
84.96,-72.63,1.65
82.95,-68.97,-0.73
82.58,-59.27,-6.10
88.13,-52.19,0.92
94.67,-49.44,4.03
99.79,-48.22,8.42
97.47,-50.78,10.74
92.65,-47.00,13.67
84.11,-49.26,15.81
76.23,-47.24,5.37
70.25,-44.13,-0.67
64.27,-45.72,1.53
58.23,-43.76,4.21
54.32,-39.73,4.21
48.83,-39.49,4.46
45.78,-38.64,3.30
42.11,-40.28,0.67
39.06,-42.36,-2.87
35.16,-42.79,-4.33
35.34,-47.06,-4.15
35.58,-43.70,-0.06
32.78,-44.49,-0.06
33.57,-49.50,-1.71
30.15,-47.85,-5.55
26.18,-49.62,-9.16
21.30,-49.01,-11.60
18.01,-41.63,-15.81
15.32,-33.39,-22.83
9.52,-22.22,-35.58
0.49,-5.13,-50.42
-15.81,14.59,-63.42
-40.34,35.28,-74.77
-66.47,54.69,-82.40
-91.98,74.28,-86.61
-114.01,92.53,-87.04
-130.07,111.15,-84.96
-138.37,128.91,-80.69
-139.22,144.78,-73.49
-139.22,157.53,-63.60
-137.76,167.11,-52.80
-133.85,172.67,-41.87
-128.60,173.40,-30.27
-122.62,168.70,-18.49
-119.69,160.95,-7.75
-117.68,152.83,1.04
-109.44,144.65,10.80
-96.56,131.71,21.73
-82.95,112.24,32.10
-77.76,86.67,39.37
-61.40,52.43,46.57
-41.75,20.81,53.53
-34.67,-9.58,58.17
-30.94,-37.54,59.51
-30.52,-56.15,56.64
-33.45,-59.51,45.41
-21.79,-42.97,11.84
-9.70,-24.60,7.87
-2.38,-3.05,6.04
13.79,10.56,2.81
22.77,13.79,2.32
22.77,15.32,5.55
19.04,19.41,8.42
17.21,20.45,7.63
15.01,17.09,2.99
9.34,12.08,-2.20
2.32,7.20,-5.25
-3.48,3.36,-5.25
-3.85,1.71,1.46
-3.48,5.25,15.56
-3.05,10.07,20.69
3.30,15.75,29.54
9.46,8.24,38.57
8.42,6.84,41.87
4.03,15.81,37.90
7.26,13.79,31.07
7.02,16.72,30.52
7.63,23.07,35.58
14.10,25.39,39.61
25.94,25.39,50.96
32.41,28.75,69.03
33.57,30.09,93.81
30.03,33.20,114.62
24.96,36.68,132.81
18.25,41.20,141.72
13.31,41.32,136.54
10.19,37.29,128.48
4.27,36.56,112.49
0.73,34.73,95.46
-1.34,30.03,82.89
-3.60,29.05,75.93
-6.10,25.63,70.07
-8.18,25.27,70.13
-10.13,13.31,75.01
-13.73,13.85,72.51
-12.88,17.70,72.45
-16.54,20.32,76.05
-14.89,18.74,75.87
-11.35,15.44,71.11
-7.14,19.59,65.86
-6.35,13.31,61.65
-6.41,8.67,59.20
-7.32,5.00,55.66
-9.52,4.58,49.01
-11.47,7.08,50.35
-11.96,8.36,54.26
-11.35,11.66,60.30
-11.96,15.99,59.75
-7.93,13.67,61.65
-7.20,11.41,68.18
-5.31,11.35,67.26
-4.09,9.58,61.83
-0.06,5.25,55.11
1.16,6.35,60.06
-0.43,2.01,58.84
0.49,0.49,54.44
-2.99,-1.28,53.65
-5.55,-1.77,47.42
-5.55,-2.56,50.78
-5.31,-4.39,48.65
-2.08,-1.95,42.36
-1.22,-1.34,37.41















-,-,-
6.84,0.00,2.38
6.90,-0.06,2.93
4.46,-0.61,2.99
2.87,-1.59,1.65
1.28,-1.71,0.61
-0.18,-1.22,0.49
-0.67,-0.49,0.85
-0.43,0.24,1.10
0.43,1.16,1.22
0.55,1.59,1.65
0.73,1.71,1.83
0.98,1.28,2.01
2.14,1.10,2.20
2.56,0.67,2.75
2.38,0.43,2.69
2.38,0.06,2.87
3.11,-0.43,2.93
2.81,-0.92,2.93
2.69,-1.34,2.50
2.20,-1.77,2.14
1.83,-1.83,1.65
1.16,-1.53,0.98
1.04,-0.61,0.55
1.34,0.55,0.49
1.46,1.40,0.79
2.32,1.65,1.04
2.81,1.83,1.16
2.50,1.71,1.16
2.32,1.34,1.10
2.26,1.34,1.04
2.50,1.59,1.34
2.99,2.08,1.95
4.64,2.87,2.01
5.86,3.66,2.56
7.51,4.70,3.42
9.58,5.31,4.21
11.47,5.49,5.31
12.94,4.94,7.08
16.30,4.03,9.22
25.15,-2.08,14.83
34.61,-7.08,23.56
42.18,-7.87,29.42
51.82,-12.45,32.17
60.73,-8.91,35.16
65.80,-15.20,37.66
67.32,-19.23,37.66
67.57,-19.41,34.61
68.30,-24.35,31.25
70.31,-33.81,31.74
66.41,-33.08,30.15
67.63,-21.85,29.24
69.52,-22.83,26.12
74.83,-35.58,22.83
83.56,-43.15,31.98
80.02,-43.27,36.74
81.97,-46.39,31.01
85.94,-45.35,27.47
78.19,-44.31,20.02
80.14,-40.28,17.27
80.99,-37.66,25.09
78.67,-33.33,30.09
81.36,-31.19,32.53
79.35,-27.28,29.72
77.39,-25.39,27.34
76.48,-30.94,25.09
71.53,-29.11,21.79
68.97,-31.43,18.62
61.58,-8.36,9.28
67.38,-23.32,13.06
66.35,-47.67,16.17
65.61,-47.67,15.38
64.64,-46.14,13.24
64.88,-55.18,14.04
66.96,-59.45,14.89
64.64,-54.44,12.57
65.92,-53.41,11.35
65.73,-53.59,8.85
65.98,-47.00,4.70
70.50,-47.55,5.00
75.07,-49.99,7.51
77.58,-47.42,4.33
84.53,-49.13,12.27
81.79,-48.58,18.80
78.98,-47.12,11.72
75.13,-42.30,7.14
66.16,-42.60,14.65
54.14,-37.72,14.65
50.11,-35.16,4.76
46.57,-37.48,5.68
39.98,-36.19,10.19
36.19,-36.19,10.19
31.43,-41.02,7.14
27.28,-38.15,-1.28
23.99,-36.44,-3.11
20.14,-39.18,-0.18
18.07,-32.90,0.73
15.26,-27.95,-4.15
14.65,-26.06,-5.07
12.94,-24.05,-2.75
11.84,-28.14,-2.32
9.70,-33.33,-3.54
5.92,-38.21,-4.76
2.69,-41.99,-7.63
0.06,-42.66,-13.00
-4.52,-34.24,-21.97
-9.16,-20.87,-32.47
-14.47,-5.07,-43.46
-20.81,13.06,-52.61
-29.97,32.96,-59.51
-41.69,52.55,-65.19
-56.46,71.17,-69.03
-69.46,86.67,-71.35
-78.98,99.49,-71.96
-83.98,111.51,-70.62
-89.36,121.89,-67.14
-96.74,129.27,-64.09
-102.66,133.30,-61.40
-106.45,134.83,-58.11
-107.30,134.09,-52.49
-106.38,130.92,-44.07
-105.65,125.79,-33.75
-104.61,120.06,-22.46
-101.01,111.63,-9.70
-94.79,99.79,2.08
-86.36,85.21,13.61
-77.03,68.05,25.70
-66.16,49.26,38.64
-53.83,29.91,49.80
-39.06,8.73,57.25
-23.74,-13.06,59.20
-11.90,-34.00,54.99
-8.73,-39.00,38.02
2.87,-16.91,2.20
14.89,6.16,4.46
21.06,19.90,9.70
26.86,21.48,8.54
24.66,19.84,5.49
17.21,19.65,3.72
13.12,18.62,3.05
10.50,15.87,2.01
6.84,11.72,-0.79
4.70,7.14,-3.48
3.97,2.99,-3.97
4.27,0.06,-0.31
10.13,0.24,16.85
14.40,-2.01,34.00
18.37,-0.37,46.14
22.77,1.34,56.03
21.30,1.10,64.15
17.40,7.87,68.42
18.07,8.85,70.80
18.92,7.02,69.03
19.35,14.10,71.90
21.12,13.24,78.55
17.52,18.86,92.83
14.53,21.12,103.21
12.57,28.50,116.52
9.52,34.12,125.37
7.69,38.82,131.10
4.15,35.77,133.36
2.50,35.10,129.27
1.95,34.42,126.22
2.81,34.61,118.59
2.75,34.85,113.28
1.04,32.65,106.75
-0.31,31.62,98.27
-1.16,24.48,92.35
-3.85,22.89,79.90
-3.85,18.98,75.62
-11.17,17.21,68.66
-11.05,14.16,61.34
-15.32,10.25,50.05
-10.19,5.49,47.06
-11.72,7.02,46.81
-8.30,10.13,45.23
-10.44,13.79,42.48
-10.13,14.89,32.04
-8.12,8.24,34.55
-8.67,3.48,37.48















-,-,-
18.07,-19.04,6.65
16.91,-14.65,7.08
17.40,-20.45,8.48
15.38,-23.32,7.39
16.91,-23.13,7.57
18.01,-18.92,10.74
18.07,-12.45,14.40
17.88,-10.62,11.78
20.51,-16.72,10.44
19.04,-12.82,11.11
19.47,-13.92,12.51
20.81,-16.91,10.93
25.63,-22.71,11.96
23.99,-16.66,12.57
25.27,-11.05,13.37
24.60,-12.39,12.08
23.38,-8.91,9.77
24.90,-13.18,9.95
23.68,-18.49,10.44
24.84,-18.19,11.11
26.73,-19.90,13.43
25.15,-15.56,9.09
31.62,-17.09,11.96
30.82,-13.55,20.57
31.31,-10.62,22.34
31.98,-10.44,17.76
30.52,-15.93,12.57
24.84,-18.80,1.71
24.72,-22.46,-2.99
21.91,-17.52,-1.16
22.83,-15.87,3.23
25.45,-10.25,6.59
28.20,-9.22,10.44
30.52,-9.34,15.14
31.86,-11.35,20.26
29.42,-22.16,14.04
29.79,-25.76,5.19
28.69,-32.84,5.49
26.37,-36.62,3.30
30.15,-40.22,3.36
30.03,-41.38,6.16
31.01,-30.03,11.17
32.65,-28.08,17.70
34.61,-31.80,19.35
27.71,-4.58,9.95
31.74,11.47,7.08
34.73,-29.97,7.20
40.89,-44.01,8.42
44.01,-38.57,10.68
48.10,-39.25,14.47
51.33,-45.96,16.05
54.20,-53.16,16.24
53.83,-54.44,11.78
58.23,-60.42,13.31
56.09,-62.44,12.15
56.95,-63.29,10.80
56.40,-64.33,11.84
52.19,-56.95,9.95
50.66,-55.42,5.07
57.37,-55.60,4.39
60.85,-53.77,16.17
66.28,-53.53,20.94
73.06,-54.93,20.69
71.78,-54.81,19.65
69.27,-57.80,17.27
66.65,-60.67,15.14
68.18,-54.38,20.20
65.67,-54.50,21.18
70.43,-56.52,17.70
65.37,-60.67,21.30
58.29,-65.12,19.59
50.96,-66.53,17.27
39.00,-60.00,13.61
28.50,-53.41,6.53
23.13,-46.08,2.62
17.88,-37.96,1.95
16.05,-32.71,6.77
11.23,-23.07,5.74
7.26,-16.30,3.78
2.01,-15.44,0.79
0.43,-19.04,-2.81
0.43,-24.17,-4.39
-0.37,-28.87,-4.52
-0.18,-32.71,-4.58
2.01,-34.67,-5.62
5.07,-33.63,-8.48
7.26,-26.67,-15.50
8.18,-14.10,-26.67
7.02,-0.49,-38.70
2.50,16.42,-51.82
-7.87,36.32,-62.01
-23.86,57.50,-66.89
-40.28,78.19,-66.10
-54.20,99.91,-62.62
-66.10,121.95,-58.04
-75.68,141.97,-52.92
-84.11,158.26,-48.28
-89.90,170.65,-45.72
-90.64,179.87,-43.82
-86.61,184.33,-40.95
-81.60,183.23,-36.13
-76.78,177.37,-28.81
-73.24,168.64,-20.32
-72.08,157.96,-11.78
-70.01,146.12,-4.27
-65.67,133.36,2.14
-60.24,119.38,7.87
-49.93,104.06,13.18
-36.56,89.11,18.74
-26.49,73.97,22.64
-19.10,56.64,25.33
-15.14,32.47,28.87
-14.71,-5.13,33.94
-17.46,-46.26,35.71
-26.61,-62.07,26.49
-33.45,-50.29,14.71
-29.79,-25.39,5.80
-15.75,1.77,-1.46
-4.46,24.35,-6.35
-0.67,35.89,-9.77
-1.10,35.58,-10.31
-4.76,28.08,-9.89
-8.42,18.80,-9.46
-9.77,11.35,-8.67
-10.19,7.51,-7.02
-9.52,5.55,-4.94
-6.84,3.48,-4.03
-3.66,-0.67,-5.80
0.31,-6.35,-5.68
-0.61,-8.06,0.73
-1.40,-3.48,-4.33
1.34,-1.22,-5.49
2.50,-0.37,-3.23
6.16,-0.92,0.92
6.04,-1.71,5.37
5.86,-0.92,8.06
7.32,-0.06,6.90
8.06,-0.67,4.39
6.41,-1.59,2.38
2.69,-3.23,0.31
-1.04,-5.19,-1.89
-3.85,-6.53,-3.11
-6.59,-6.71,-1.34
-4.70,-6.16,8.06
-1.65,-4.64,23.38
-1.95,1.22,25.21
5.00,10.31,30.76
5.07,19.84,36.38
5.80,26.92,49.19
5.62,21.30,62.50
6.53,14.47,64.64
7.57,19.53,69.52
8.48,21.73,62.62
6.96,29.60,60.73
4.09,33.87,55.54
4.64,36.68,59.88
3.85,44.56,69.95
6.53,43.09,77.94
7.02,38.94,74.83
7.14,46.63,68.79
8.42,47.79,67.99
4.46,41.26,67.99
2.81,36.74,62.93
1.77,33.81,64.88
1.10,27.77,62.13
1.83,28.02,53.89
1.83,26.92,47.42
-0.92,28.50,49.74
-1.46,28.20,57.50
-4.21,22.83,59.94
-2.14,20.20,48.16
0.12,21.06,54.08
-2.50,21.48,55.36
-2.69,21.73,47.12
-0.61,21.91,48.28
-3.85,21.36,45.65
-1.65,15.50,42.24
-3.30,14.16,41.75
-3.36,14.16,44.01















-,-,-
0.55,-0.92,2.01
0.92,-1.65,2.38
1.46,-2.01,2.99
1.77,-1.89,3.60
2.01,-1.40,3.91
2.14,-1.10,4.52
2.56,-0.98,5.55
4.27,-1.77,7.75
7.02,-4.64,11.29
8.12,-4.94,13.18
6.90,2.38,10.44
8.85,3.42,6.59
7.57,1.28,5.19
5.07,-0.31,6.35
6.59,-2.62,7.69
12.70,-8.61,12.21
13.37,-13.12,16.42
12.88,-8.54,16.78
11.78,-4.33,13.00
9.83,-2.26,8.61
8.06,-2.26,6.84
6.84,-2.56,6.41
5.68,-3.66,6.23
2.87,-5.31,5.31
0.55,-6.10,3.60
-1.46,-5.74,2.69
-2.32,-4.76,2.50
-2.50,-3.54,2.44
-2.26,-2.32,2.50
-2.93,-1.40,2.93
-2.87,-0.67,3.42
-0.92,-1.71,5.19
2.56,-6.35,9.95
5.92,-9.95,17.03
14.22,-18.01,23.13
18.37,-14.59,24.17
26.79,-14.65,23.68
32.71,-17.15,23.32
37.96,-19.35,24.11
44.92,-21.73,29.60
50.60,-15.20,37.17
56.82,-24.29,43.27
54.99,-21.36,37.66
60.67,-19.41,35.28
61.95,-26.25,32.17
65.73,-30.64,31.86
70.13,-34.85,36.87
74.58,-35.40,37.23
81.79,-29.36,41.02
83.44,-20.94,46.94
83.50,-28.14,47.79
83.74,-35.10,44.68
83.25,-37.17,39.49
86.67,-37.05,35.58
87.52,-33.57,37.35
88.93,-35.71,39.86
89.42,-39.79,35.34
91.13,-43.33,23.93
94.97,-45.35,17.03
100.10,-47.49,29.54
96.07,-45.35,34.12
102.29,-47.06,31.49
102.11,-48.34,28.38
99.61,-36.62,21.30
102.36,-55.79,28.99
101.75,-65.37,28.14
101.99,-70.92,23.38
102.11,-76.97,20.81
107.67,-85.94,25.94
104.06,-88.75,25.09
103.52,-92.83,21.06
95.83,-95.40,20.08
88.75,-93.99,14.22
82.03,-92.29,14.28
73.67,-85.27,20.94
64.88,-77.94,21.24
60.85,-72.14,14.04
59.14,-70.86,14.40
53.83,-65.12,13.37
51.15,-57.37,9.89
46.02,-54.81,7.51
42.42,-49.13,4.27
38.21,-45.41,3.60
35.52,-41.08,5.49
34.24,-37.72,7.81
34.79,-37.54,8.00
34.73,-39.61,9.64
31.43,-39.37,7.14
27.65,-40.22,2.32
23.01,-42.05,-3.78
17.40,-42.60,-13.73
10.01,-35.10,-32.17
0.24,-18.43,-55.54
-14.10,3.91,-76.29
-33.33,31.74,-89.72
-58.04,62.62,-94.30
-84.29,93.44,-90.58
-103.64,122.25,-81.67
-114.38,148.99,-71.41
-118.90,173.28,-62.26
-121.83,190.80,-56.27
-122.68,197.69,-53.89
-120.12,194.40,-52.55
-115.05,182.37,-49.50
-109.92,165.34,-42.85
-103.33,146.12,-33.87
-93.51,127.08,-22.83
-86.24,108.46,-10.62
-74.40,89.23,0.67
-62.01,70.98,11.96
-49.87,54.32,23.62
-39.12,40.95,37.05
-28.75,29.79,53.34
-18.80,17.15,69.82
-16.78,2.20,64.03
-3.91,-11.96,17.82
-17.58,-2.75,6.59
-7.02,13.73,0.37
1.83,16.91,-0.55
3.42,15.87,14.95
0.49,19.96,42.42
-1.89,25.76,51.82
3.48,29.17,58.35
8.06,31.86,62.56
8.54,32.35,62.26
10.44,36.01,65.86
10.13,39.86,66.41
15.38,35.52,72.69
14.28,34.24,81.97
12.57,31.98,87.22
13.67,32.04,94.12
13.06,40.95,101.20
15.38,30.09,111.76
13.06,25.09,110.23
15.08,28.14,107.24
17.27,32.10,106.08
16.42,36.99,118.10
11.11,41.75,125.06
11.17,34.42,132.14
10.93,26.49,131.90
9.16,26.18,130.31
4.09,28.14,121.22
0.79,27.34,119.63
-3.66,19.84,117.37
-3.17,17.15,111.39
-3.36,15.63,101.07
-4.82,2.50,94.48
-5.62,-3.78,89.42
-5.92,3.30,84.59
-8.06,-1.59,82.95
-9.22,-6.10,73.91
-6.65,-3.91,56.70
-4.94,-3.17,51.88
-5.74,-5.25,54.63
-4.39,-6.47,53.34
-3.66,-1.77,46.45
-4.03,-4.46,43.82
-4.03,-6.41,45.17
-5.55,-5.19,40.53
-7.75,-5.37,24.29
-6.16,-3.42,6.41
-3.97,-1.04,7.14
-4.09,1.53,15.50
-2.01,2.62,16.91
0.06,1.71,11.17
2.20,1.28,3.66
2.20,0.18,-1.34
1.53,-1.04,-3.17
0.85,-2.44,-3.48
0.24,-3.97,-3.54
-0.73,-5.25,-3.66
-1.34,-5.92,-2.99
-1.65,-6.16,-1.16
-3.11,-7.26,-2.38
-3.36,-8.91,-5.37
-2.81,-12.94,-8.97
-2.01,-15.87,-10.38
-1.10,-17.21,-10.01
0.18,-16.91,-8.24















-,-,-
-25.76,14.28,1.83
-23.80,14.40,-0.18
-22.83,13.92,-2.56
-21.36,12.57,-4.21
-21.12,11.47,-4.76
-18.43,14.10,-4.52
-15.50,23.80,-1.83
-21.12,25.51,0.24
-20.32,16.66,1.28
-20.14,7.39,0.73
-20.26,5.68,-2.14
-18.31,6.10,-3.42
-17.40,2.08,-2.75
-17.82,-1.71,-2.87
-16.85,-2.56,-3.85
-14.53,-3.05,-4.64
-12.27,-4.64,-4.94
-10.93,-6.29,-4.64
-10.13,-6.71,-3.85
-9.77,-5.55,-2.44
-9.46,-2.87,-1.10
-9.52,-0.24,-0.18
-10.01,1.71,-0.31
-9.77,2.75,-1.46
-9.03,3.05,-2.87
-9.52,2.93,-3.54
-9.28,2.75,-3.78
-8.85,2.44,-3.48
-8.18,1.89,-2.32
-7.45,1.10,-0.85
-6.41,-0.18,0.43
-5.43,-1.83,2.44
-4.94,-3.78,5.31
-3.36,-5.19,8.73
-0.73,-5.80,12.63
0.55,-6.23,16.24
-0.49,-7.51,18.19
-8.97,-8.91,16.54
-16.17,-7.93,8.97
-7.14,-10.25,8.30
-5.80,-13.43,9.95
-6.77,-14.77,11.29
-6.16,-15.56,11.23
0.73,-16.54,8.30
13.79,-16.24,5.92
16.48,-12.57,6.71
11.47,-12.27,8.24
6.23,-12.08,6.96
4.88,-10.38,4.27
4.27,-8.36,3.54
10.86,-10.13,5.49
28.08,-18.55,8.97
30.40,-21.73,11.05
32.29,-18.37,15.14
38.94,-23.74,20.02
41.20,-27.22,22.95
50.84,-28.93,31.31
53.34,-28.02,38.02
57.62,-26.67,42.97
65.55,-27.10,50.35
67.02,-30.15,49.80
65.61,-27.28,41.38
76.23,-33.08,43.64
72.39,-36.93,46.02
64.33,-39.43,41.69
63.54,-38.15,43.70
57.86,-38.70,44.37
52.80,-45.47,42.30
50.60,-43.15,41.14
46.81,-39.55,31.56
51.09,-43.33,23.93
55.30,-48.52,24.17
54.69,-45.78,25.51
59.81,-41.87,26.31
64.09,-41.69,27.59
67.32,-40.95,29.48
69.95,-46.26,33.87
70.74,-49.56,33.81
72.88,-55.85,36.19
69.34,-66.53,18.19
72.08,-72.14,12.76
64.82,-73.24,11.84
65.06,-78.61,10.13
63.48,-74.58,9.58
58.53,-54.93,6.16
68.97,-70.80,17.27
65.43,-67.87,19.90
66.71,-60.00,11.66
70.43,-64.03,16.48
69.52,-64.70,26.00
70.50,-56.95,28.08
75.56,-54.32,24.11
77.58,-49.68,18.43
80.32,-52.86,12.63
82.28,-55.73,6.84
79.22,-54.50,4.94
76.23,-58.84,3.72
74.83,-65.67,9.64
70.25,-66.41,13.85
68.24,-62.87,11.29
63.35,-60.73,14.89
57.56,-67.69,16.30
53.59,-71.23,11.66
49.62,-66.22,11.54
46.94,-61.65,15.26
46.88,-61.89,16.72
45.17,-56.34,18.31
41.38,-51.21,16.24
38.09,-47.61,13.98
32.90,-43.15,14.59
30.33,-44.43,13.85
27.59,-39.31,10.31
25.70,-38.27,7.93
28.56,-41.99,11.66
28.75,-42.72,17.46
27.77,-41.81,16.36
24.29,-40.65,11.11
20.51,-45.72,8.54
15.99,-50.42,7.14
10.56,-51.94,3.11
5.86,-52.49,-1.22
2.14,-52.37,-4.82
-0.12,-50.11,-9.03
-3.36,-44.62,-14.16
-9.16,-32.10,-22.77
-17.40,-12.94,-35.03
-30.64,11.23,-47.61
-46.45,41.02,-60.49
-65.98,74.04,-71.96
-84.78,102.97,-78.37
-99.37,125.85,-80.75
-106.93,144.78,-81.18
-109.07,161.44,-80.08
-112.24,174.50,-77.27
-113.46,182.62,-73.55
-111.02,186.46,-69.09
-104.86,187.38,-63.29
-96.44,185.67,-55.66
-88.44,181.34,-46.63
-80.75,174.07,-37.48
-72.94,164.43,-29.17
-66.35,153.26,-22.28
-60.73,141.54,-16.66
-55.11,130.19,-11.17
-49.87,120.36,-5.74
-44.92,111.08,-0.98
-39.98,99.79,3.85
-34.30,81.97,10.68
-30.94,52.37,20.81
-30.27,9.09,29.97
-28.32,-35.03,29.97
-30.09,-53.41,19.17
-28.69,-42.60,7.87
-15.99,-17.15,0.49
1.89,11.35,-3.17
14.83,33.26,-3.91
14.65,44.07,-3.42
10.50,45.10,-3.05
5.62,39.18,-3.17
0.37,30.09,-4.09
-4.39,21.61,-6.84
-8.67,16.42,-11.17
-13.12,14.71,-16.11
-15.87,14.59,-20.63
-16.72,15.08,-23.19
-17.33,14.71,-23.50
-17.64,12.82,-21.48
-18.37,8.54,-17.76
-19.96,3.66,-13.18
-21.36,0.43,-8.91
-21.67,-0.98,-5.43
-22.64,-2.81,-3.78
-23.01,-5.49,-4.70
-18.86,-6.47,-5.13
-13.73,-9.89,-2.50
-10.50,-12.21,-9.95
-0.79,-9.83,-12.76
5.00,-6.04,3.66
3.17,-3.91,10.93















-,-,-
-6.29,-1.04,1.59
-0.98,3.60,0.79
2.62,-5.43,2.38
2.44,-10.25,4.70
5.07,-8.42,7.63
7.51,-10.19,8.97
6.96,-11.05,6.41
8.54,-15.99,4.39
6.29,-10.99,3.30
7.39,-7.57,4.33
6.84,-7.08,6.65
3.97,-1.28,3.97
8.42,-2.69,2.56
7.93,-6.41,6.65
1.28,1.89,4.82
8.85,6.10,2.87
10.80,-12.02,4.64
5.86,-2.93,6.84
10.38,-2.14,8.06
9.40,-7.20,5.25
7.63,-3.66,1.59
13.61,-8.06,7.57
8.18,-3.97,10.56
13.00,-8.97,12.82
9.77,-6.90,8.67
12.02,-9.28,6.77
11.96,-16.48,7.51
12.94,-18.80,11.41
15.14,-9.89,15.38
17.70,-4.27,16.78
19.41,-5.49,15.38
22.03,-11.96,16.78
21.30,-7.57,19.90
21.55,-8.30,20.08
19.96,-17.94,11.11
24.84,-24.84,8.30
23.44,-25.45,8.91
27.95,-20.94,14.22
29.85,-18.19,15.69
33.33,-18.62,15.75
34.30,-22.89,14.89
33.87,-29.42,12.70
36.07,-33.20,12.15
36.01,-28.87,12.45
38.09,-30.21,13.06
40.83,-36.32,12.70
45.53,-34.42,19.35
47.85,-28.44,26.67
52.06,-31.68,28.56
56.21,-38.88,28.75
54.69,-43.52,27.71
52.61,-47.00,23.50
50.72,-56.03,16.48
50.96,-63.90,10.74
51.21,-64.15,10.38
51.94,-61.46,15.69
53.28,-54.63,21.12
50.96,-45.78,16.17
59.57,-36.32,16.48
65.12,-57.56,23.62
67.57,-68.24,22.09
74.16,-70.56,25.02
75.13,-72.39,29.72
80.63,-79.47,30.70
85.88,-90.21,32.41
88.56,-93.81,33.57
90.39,-100.16,39.61
86.12,-108.28,34.18
83.01,-113.22,33.02
73.85,-111.69,34.06
69.27,-112.98,32.65
64.64,-113.89,32.35
57.74,-108.15,27.34
56.34,-105.47,29.91
50.11,-98.82,32.84
46.45,-88.32,29.42
45.65,-78.19,29.48
44.31,-67.38,29.85
42.05,-57.01,28.50
40.65,-50.05,23.68
35.77,-43.21,19.35
30.21,-38.15,17.52
25.09,-37.78,14.22
21.55,-37.90,6.59
19.71,-39.43,2.50
15.32,-36.13,-0.67
13.00,-33.39,-2.32
9.70,-30.09,-4.52
6.84,-23.50,-11.35
8.06,-18.07,-19.41
7.87,-9.46,-28.75
6.90,3.30,-37.84
3.72,16.60,-43.15
-1.16,29.17,-44.80
-5.00,42.24,-44.43
-7.57,57.43,-42.60
-12.39,76.17,-39.37
-20.94,98.51,-36.07
-33.45,123.72,-33.87
-45.47,150.76,-32.78
-57.37,177.98,-32.65
-66.83,202.88,-33.26
-72.69,222.60,-34.00
-73.36,235.17,-34.18
-68.54,239.14,-32.04
-61.95,234.99,-26.43
-55.18,224.91,-17.15
-48.52,210.21,-6.59
-43.15,192.50,3.11
-38.70,172.42,10.44
-34.91,150.21,14.28
-31.68,126.04,15.44
-30.27,101.50,14.53
-29.54,78.67,12.27
-27.71,58.17,8.12
-22.95,39.73,1.71
-15.26,22.83,-4.82
-6.16,6.65,-9.70
1.22,-8.42,-11.17
7.08,-22.46,-8.54
21.67,-31.01,-8.54
16.72,-47.30,-3.42
-5.37,-63.60,3.17
-13.67,-57.80,-1.95
-10.99,-44.49,2.75
-2.38,-28.14,7.39
0.24,-20.87,9.58
0.85,-17.88,10.01
1.40,-14.47,4.46
6.10,-11.17,0.18
5.07,-5.43,2.20
5.31,-1.10,5.25
10.99,2.69,15.93
12.94,6.41,41.20
10.19,13.67,64.64
16.91,25.57,95.76
21.18,37.90,129.33
22.40,48.52,151.86
26.67,55.36,168.52
27.34,55.36,177.19
23.62,46.14,173.58
19.41,33.39,160.52
9.34,31.07,147.22
0.73,22.77,134.83
-4.39,17.03,127.69
-7.63,13.79,117.98
-8.36,12.15,106.38
-7.51,10.74,100.59
-8.06,7.26,98.69
-10.50,11.35,97.29
-14.47,15.50,87.52
-15.38,18.62,82.89
-15.56,19.59,87.89
-13.49,18.86,87.04
-8.61,15.56,83.37
-4.64,4.88,75.32
-2.69,-1.83,66.89
-3.48,-8.73,54.08
-5.25,-10.07,44.19
-5.86,-9.34,42.24
-7.63,-4.64,43.64
-10.99,-0.98,36.68
-14.10,-8.85,14.77
-12.02,-13.06,3.54
-10.07,-11.66,2.99
-6.59,-10.80,1.89
-1.65,-10.99,-1.04
4.15,-9.16,-0.79
8.18,-6.59,2.14
11.23,-5.00,4.15
12.94,-2.81,4.88
12.82,-0.67,5.49
10.74,0.24,5.07
7.14,0.43,3.17
3.23,0.49,1.40
1.16,0.85,0.43
1.34,2.08,0.31
3.05,3.11,1.04
4.58,3.78,1.77















-,-,-
28.75,-27.40,13.31
35.16,-4.39,10.13
42.66,-39.73,16.72
45.47,-47.00,23.56
48.22,-38.76,31.68
42.24,-40.22,29.48
39.92,-43.70,20.63
34.85,-46.45,13.92
32.23,-47.18,16.66
32.17,-50.29,23.56
36.25,-50.78,26.49
38.88,-49.32,27.40
38.45,-40.95,28.50
32.10,-33.51,24.66
31.13,-39.98,23.01
24.84,-34.00,15.69
25.76,-28.02,10.31
25.33,-21.48,10.86
24.35,-15.44,13.61
26.67,-21.00,14.65
28.75,-29.05,12.94
29.17,-28.38,12.76
26.43,-32.53,12.33
26.12,-36.38,11.05
22.77,-30.27,12.33
18.86,-23.32,10.25
22.28,-32.04,10.62
19.53,-25.39,8.24
19.65,-19.04,8.36
20.20,-22.22,9.70
21.73,-28.02,10.07
23.56,-29.66,13.49
21.30,-29.54,12.70
23.50,-22.28,10.38
25.27,-26.86,16.97
26.43,-29.66,18.74
28.50,-30.82,16.54
27.10,-31.01,12.39
26.06,-28.20,9.83
26.49,-28.75,12.82
23.07,-26.61,15.14
22.22,-23.86,11.54
23.13,-24.72,12.76
22.28,-32.29,11.47
26.12,-34.85,9.09
28.81,-35.52,12.45
26.92,-31.62,13.37
28.93,-36.25,14.59
26.92,-36.25,13.49
27.28,-37.72,15.81
24.90,-29.24,17.15
19.71,-22.28,13.85
20.02,-23.56,10.74
17.33,-23.99,10.31
20.08,-23.01,10.74
21.42,-21.00,15.38
19.17,-18.55,12.27
18.92,-18.43,3.85
20.63,-17.64,4.39
16.85,-23.01,9.16
19.78,-27.28,8.24
19.23,-23.93,7.45
17.40,-22.28,8.18
15.93,-18.43,8.48
13.98,-13.24,8.18
12.76,-5.55,7.08
12.82,-6.16,8.30
11.96,0.24,6.96
11.05,4.88,5.86
11.23,0.24,6.29
12.39,-3.66,7.20
13.31,-3.78,8.48
12.08,-3.23,8.67
9.77,-0.43,7.69
8.00,0.18,6.29
7.87,0.31,6.35
9.22,1.10,7.02
11.23,2.44,8.12
12.57,3.60,8.61
12.88,3.78,8.54
13.73,3.66,8.42
15.75,3.54,8.79
18.62,1.53,9.46
22.16,-19.53,11.47
30.15,-53.59,16.66
39.92,-73.06,13.31
35.52,-80.75,10.31
33.08,-83.25,11.72
32.78,-94.06,14.95
34.73,-96.01,13.31
34.91,-87.22,14.77
36.07,-64.82,19.71
20.45,-27.83,19.17
2.93,1.53,9.34
-8.67,13.24,-1.89
-15.87,9.09,-8.67
-18.98,1.95,-13.49
-20.26,-4.39,-13.67
-20.39,-7.51,-10.01
-17.15,-5.74,-9.89
-10.62,-3.17,-12.15
-3.36,-1.65,-13.24
3.11,-1.16,-14.22
10.13,-3.23,-18.43
14.53,-3.66,-24.48
16.36,-1.53,-30.64
18.13,-0.43,-37.96
20.45,-1.46,-46.39
22.46,-3.23,-54.99
23.56,-5.00,-63.96
25.88,-5.86,-73.30
28.32,-6.10,-82.46
28.87,-5.49,-89.23
25.02,-2.81,-92.77
17.15,2.20,-93.57
7.51,9.70,-92.59
-2.99,17.88,-92.47
-12.57,26.25,-92.65
-23.44,35.40,-90.82
-36.50,48.28,-85.69
-50.48,65.61,-77.70
-63.23,87.10,-68.97
-72.20,109.74,-61.40
-76.90,129.64,-56.21
-77.70,144.23,-53.34
-75.07,152.95,-50.78
-72.69,157.59,-47.00
-73.55,160.64,-41.44
-76.84,163.76,-34.85
-80.87,167.36,-27.83
-84.23,171.33,-20.45
-87.59,175.11,-12.76
-90.52,178.22,-4.52
-91.74,177.98,3.17
-89.84,172.79,9.09
-82.40,161.93,12.94
-71.78,145.39,16.11
-59.88,125.37,19.10
-50.23,105.41,21.97
-42.11,87.34,23.99
-25.02,75.74,24.41
-17.88,64.03,28.08
-10.93,46.94,38.88
0.92,31.92,51.09
5.80,14.53,36.19
66.04,-8.54,-14.10
34.42,4.58,-10.93
30.15,29.11,8.91
30.82,29.05,21.55
28.56,16.78,26.67
13.67,8.67,29.91
-4.27,7.32,35.95
-4.03,-1.46,49.19
-6.10,-5.07,52.98
-2.87,-4.15,52.80
-0.37,-0.85,51.64
3.23,5.98,52.37
3.48,12.94,51.94
6.47,18.74,49.99
9.09,26.73,59.63
7.57,30.52,70.50
8.54,35.46,77.21
9.58,41.93,73.91
10.38,45.10,79.22
7.26,41.08,78.37
6.53,35.58,84.66
1.77,37.29,84.47
-0.18,36.74,88.44
-2.93,34.85,87.59
-3.11,34.00,83.44
-1.59,30.94,83.74
-1.10,27.16,81.60
1.16,28.75,76.72
1.59,25.15,73.18
2.75,20.20,71.35
2.14,19.10,74.28
-0.61,17.52,70.01
0.61,16.78,61.89
-0.79,19.53,58.65
-1.89,13.12,56.58















-,-,-
2.99,-2.69,-0.06
0.98,-3.97,-1.59
-2.75,-3.72,-2.87
-4.39,-2.81,-3.17
-5.07,-3.66,-3.30
-4.15,-3.11,-3.60
-1.40,-1.10,-2.69
0.18,0.85,-1.46
0.00,2.01,-1.34
-1.04,2.44,-1.71
-1.65,2.62,-2.08
-1.65,2.44,-2.32
-1.22,2.38,-2.56
-0.49,2.26,-2.56
0.18,1.89,-2.38
0.55,1.28,-1.95
0.55,0.98,-1.53
0.61,1.10,-1.40
0.06,1.83,-0.92
0.37,2.75,-0.55
1.04,2.44,-0.67
1.04,2.20,-1.40
-0.37,3.05,-1.28
-1.22,4.46,0.06
-0.79,4.33,2.44
-0.43,2.26,4.70
-0.49,-0.98,6.10
-0.31,-5.68,5.80
-0.12,-10.93,3.66
1.83,-13.24,0.00
4.46,-12.76,-3.36
7.20,-13.92,-1.89
5.74,-13.67,-0.79
7.51,-15.32,-3.72
11.96,-16.11,-5.68
17.76,-15.63,-4.88
28.20,-15.01,-1.53
46.20,-23.01,4.27
60.85,-35.64,8.54
75.74,-33.39,11.72
90.03,-35.34,11.66
103.03,-40.77,17.94
107.67,-44.25,19.47
113.46,-42.91,19.10
120.61,-51.33,22.52
122.01,-52.73,23.50
125.98,-52.12,25.57
125.55,-40.22,27.59
125.18,-44.49,27.47
127.14,-43.33,28.75
129.03,-35.71,35.22
128.97,-39.79,31.13
128.72,-38.39,24.17
129.58,-33.26,27.59
117.55,-36.07,29.30
112.73,-28.93,18.25
106.08,-24.11,15.75
98.63,-21.61,15.08
90.82,-20.02,22.03
81.36,-12.82,15.75
80.93,-11.72,14.59
75.81,-16.36,13.43
69.89,-17.46,2.56
65.73,-19.41,-5.86
60.12,-19.90,-0.98
53.34,-13.61,-4.88
50.66,-10.80,-5.31
43.64,-9.70,-3.17
36.56,-4.09,0.55
28.26,-1.10,6.10
20.39,2.32,10.01
15.56,1.10,6.53
11.72,5.49,4.70
5.25,3.85,3.30
-1.59,-1.40,-0.61
-6.04,-6.04,-4.33
-6.71,-7.51,-6.16
-6.10,-7.20,-6.23
-8.18,-5.19,-5.55
-13.73,-1.77,-6.77
-20.39,0.79,-9.22
-27.83,3.91,-10.56
-33.81,10.31,-11.29
-39.37,23.38,-8.85
-48.89,42.91,-5.62
-63.96,61.89,-7.51
-78.74,76.11,-11.23
-88.62,85.14,-13.92
-92.41,91.19,-19.35
-90.64,94.91,-28.81
-83.92,93.32,-38.39
-74.77,84.05,-43.70
-67.50,68.97,-42.18
-63.05,51.57,-34.91
-62.07,35.40,-25.15
-59.94,20.94,-14.53
-52.31,6.65,-4.27
-48.40,-6.04,4.76
-45.35,-17.88,10.93
-43.70,-29.66,12.70
-43.03,-40.04,11.54
-40.59,-48.71,10.07
-36.50,-52.73,9.95
-29.30,-36.01,1.89
-18.74,-9.28,-5.55
4.27,-4.76,-3.36
12.63,-7.93,5.62
6.35,-1.89,13.55
2.32,3.85,14.16
1.53,6.41,10.13
-2.20,6.77,7.45
-7.63,5.31,5.55
-11.17,2.50,3.36
-12.76,-0.92,3.85
-8.48,-3.91,14.16
-5.13,-5.13,28.99
3.78,-9.95,46.26
-0.55,-10.68,52.61
3.48,-13.49,56.15
0.98,-11.47,70.01
-2.14,-9.52,80.02
-0.61,-11.96,93.51
-5.68,-16.17,100.52
-2.81,-6.16,106.14
5.37,-4.39,128.78
-3.36,-7.08,134.22
-5.37,-5.37,120.06
-6.90,-9.09,104.06
-3.85,-21.00,104.19
-14.22,-26.18,96.37
-15.56,-18.01,76.84
-11.72,-19.17,75.74
-13.18,-17.15,77.15
-14.89,-22.58,79.83
-18.01,-18.49,67.93
-16.72,-15.69,53.28
-13.24,-17.46,54.93
-14.77,-19.65,54.57
-13.24,-18.68,56.52
-11.35,-11.90,59.57
-8.79,-12.57,59.08
-7.39,-14.34,59.88
-10.99,-10.19,46.57
-11.05,-8.06,31.07
-3.48,-12.27,37.11
-5.00,-15.56,47.79
-10.07,-11.05,36.68
-8.48,-6.41,23.86
-3.91,-3.60,15.81
-1.95,-1.10,12.33
1.34,2.08,6.16
3.91,4.39,4.27
3.54,5.13,1.53
2.56,5.13,-0.24
1.22,5.31,-0.24
0.00,6.53,0.18
-1.40,7.75,0.31
-2.44,9.09,0.24
-3.54,10.50,0.06
-3.97,12.70,-0.31
-4.94,15.44,-0.31
-4.76,18.62,-0.24
-3.78,20.51,0.98
-3.30,23.38,1.83
-4.46,27.10,0.00
-4.76,32.59,-9.64
-1.59,38.09,-22.34
2.32,43.15,-27.89
3.36,48.95,-25.39
3.36,58.04,-19.35
1.83,71.11,-12.94
-0.06,86.98,-7.87
-2.32,103.03,-3.85
-4.09,117.25,-1.59
-3.72,127.08,-0.98
-1.77,130.68,-1.83
1.53,127.87,-3.85
5.19,121.77,-8.00
7.51,117.31,-14.04
8.91,116.09,-18.98
















-,-,-
1.53,1.53,2.32
1.40,1.53,2.20
1.77,1.95,1.95
2.01,2.38,1.59
2.20,2.38,1.77
2.26,2.14,1.89
2.08,2.01,1.65
2.32,1.95,1.46
2.32,1.65,1.40
2.62,1.34,1.65
2.56,1.22,2.01
2.14,1.22,1.95
1.83,1.34,1.89
1.65,1.28,1.83
1.89,1.71,1.83
1.95,1.77,1.77
1.89,1.83,1.77
1.89,1.71,1.89
1.65,1.83,1.71
1.71,1.95,1.22
1.95,1.95,1.04
2.20,2.01,0.92
2.26,1.89,1.22
2.56,1.77,1.40
2.75,1.40,1.53
2.87,0.98,1.34
3.23,0.79,1.16
3.30,0.61,0.92
2.62,0.43,1.04
1.83,0.85,1.53
1.34,1.16,1.71
1.34,1.22,1.65
1.16,0.85,1.10
0.67,0.24,0.12
-0.18,0.12,-1.40
-1.16,0.49,-3.42
-1.46,1.16,-5.37
-2.93,1.46,-7.63
-5.68,1.22,-9.16
-5.62,-0.49,-9.89
-4.03,-6.35,-10.99
-6.53,-15.20,-13.06
-12.94,-25.33,-13.12
-17.94,-34.06,-9.52
-24.29,-40.89,-3.54
-28.56,-44.68,1.59
-29.60,-42.54,2.14
-23.01,-30.82,-4.76
-5.43,-19.17,-11.90
10.50,-19.17,-6.84
17.21,-12.51,0.85
35.40,-9.70,7.63
54.69,-14.71,9.34
70.92,-26.12,3.66
82.82,-38.33,-2.87
90.64,-51.82,-7.32
97.29,-63.96,-3.17
98.02,-63.35,-2.14
107.12,-60.49,9.09
111.39,-48.22,20.39
120.12,-41.38,28.20
127.32,-38.57,35.16
130.37,-34.79,32.59
137.45,-35.52,34.42
131.47,-38.51,35.46
125.61,-34.00,27.77
118.71,-30.64,27.89
108.58,-31.49,21.91
109.31,-27.16,18.25
107.36,-26.67,13.12
105.96,-22.77,2.38
104.55,-28.87,5.98
105.16,-27.22,11.17
104.00,-24.35,14.65
99.49,-22.09,7.57
92.96,-21.67,3.36
83.44,-19.23,8.36
68.48,-12.76,9.28
57.25,-15.69,5.19
38.57,0.37,5.43
30.82,0.43,7.57
20.69,16.48,12.02
15.38,16.48,10.99
10.99,8.73,6.96
8.48,0.61,2.93
8.42,-3.48,0.18
6.96,-7.57,0.18
7.08,-8.67,0.61
4.64,-6.90,0.18
-0.31,-4.88,-1.16
-7.69,-2.99,-2.14
-19.96,-1.53,-3.60
-32.78,1.04,-5.49
-41.69,8.36,-6.77
-50.72,22.09,-8.67
-60.97,36.13,-8.73
-69.70,48.65,-2.01
-80.44,57.86,2.38
-92.22,73.49,-2.56
-96.62,91.19,-14.47
-95.28,103.15,-29.97
-89.17,107.85,-42.66
-81.79,106.69,-48.40
-69.34,98.21,-46.75
-57.07,82.76,-38.51
-48.52,63.84,-26.31
-42.97,43.76,-13.37
-38.02,24.35,-2.20
-33.81,5.43,7.75
-31.56,-10.86,16.66
-29.79,-26.06,23.50
-26.55,-41.75,28.26
-23.01,-56.95,32.10
-20.94,-69.27,36.74
-21.91,-78.67,42.30
-29.42,-74.34,35.22
-25.15,-39.73,-3.30
-16.60,-27.40,-17.82
8.48,-25.21,-15.08
0.12,-28.93,-3.78
-13.49,-23.44,-1.71
-12.15,-13.98,-7.51
-10.50,-7.87,-11.35
-13.06,-4.03,-9.34
-13.31,-1.16,-5.37
-10.74,2.01,-2.62
-5.55,5.25,3.78
5.43,8.24,29.48
10.80,13.73,65.98
5.55,16.91,75.13
10.38,17.33,74.22
12.82,16.42,82.40
10.99,15.75,93.93
13.12,8.06,109.86
13.12,-1.34,123.11
12.27,-3.36,131.29
13.55,-1.34,132.08
8.91,-4.27,134.34
4.64,-6.10,135.25
1.89,-15.87,138.31
-3.97,-18.86,131.90
2.62,-17.70,119.02
5.55,-15.93,104.49
7.32,-16.78,91.80
3.97,-14.65,80.51
8.67,-16.42,73.55
-0.55,-18.49,59.14
2.69,-15.75,48.46
1.28,-9.83,41.38
-3.42,-12.02,34.12
-8.24,-8.61,18.55
-7.81,-10.56,14.59
-5.25,-13.67,21.67
1.46,-8.36,20.63
6.35,-5.49,15.69
5.19,-1.71,5.13
6.84,-0.18,0.55
6.59,1.10,0.43
5.68,2.14,0.67
5.19,2.87,-0.31
5.00,3.66,-0.61
4.88,4.64,-0.37
3.60,5.13,-0.49
2.38,5.00,-1.65
1.65,4.52,-2.44
0.61,4.52,-2.56
-1.10,4.64,-2.81
-1.46,5.00,-2.93
-2.08,6.10,-2.81
-3.30,7.02,-2.32
-2.93,7.63,-2.69
-1.28,8.61,-3.48
-1.28,10.31,-5.07
-0.24,11.41,-7.51
-2.62,12.63,-11.17
-4.70,15.20,-18.68
-4.76,21.12,-26.79
-4.03,29.91,-32.04
-2.62,42.72,-32.41
-1.28,58.41,-30.27
















-,-,-
1.22,-0.61,1.89
1.34,-0.61,1.83
1.16,-0.55,1.46
1.16,-0.49,1.34
1.22,-0.31,1.46
1.28,-0.24,1.71
1.16,-0.24,1.65
1.04,-0.31,1.28
0.92,-0.67,1.46
0.85,-0.98,1.34
0.92,-1.04,1.22
0.85,-1.04,1.16
0.73,-1.10,1.04
0.67,-1.16,1.16
0.73,-0.79,1.34
0.98,-0.43,1.77
1.28,-0.18,1.71
1.04,-0.55,1.71
0.85,-1.04,1.77
0.79,-1.28,1.40
0.79,-1.53,1.34
0.79,-1.53,1.40
0.85,-1.53,1.04
0.79,-1.22,1.16
0.67,-0.92,1.28
0.92,-0.37,1.71
1.34,0.24,2.01
2.26,0.92,2.56
3.72,1.77,3.48
5.68,2.56,4.39
7.93,2.87,5.62
11.35,3.42,6.84
16.85,4.46,8.85
24.78,3.66,12.27
34.61,-9.22,16.54
38.51,-28.32,13.49
40.95,-19.78,14.34
49.07,-20.14,20.14
51.21,-34.00,21.91
52.98,-31.86,15.14
58.72,-38.45,11.90
57.07,-39.00,11.17
63.42,-37.84,16.85
68.85,-36.99,20.26
75.38,-37.35,23.07
82.70,-35.89,26.00
90.03,-36.19,27.83
92.90,-31.74,26.18
97.72,-33.20,24.54
102.23,-38.57,24.54
103.76,-29.11,26.43
102.17,-21.67,30.76
102.48,-25.63,32.10
101.50,-33.51,33.20
97.23,-37.60,16.11
95.34,-38.70,10.44
90.27,-36.50,15.56
88.81,-35.77,15.26
89.17,-30.94,14.65
87.59,-33.75,13.67
87.16,-32.84,16.17
85.57,-31.13,16.91
84.17,-33.14,9.77
83.68,-36.44,5.43
80.63,-36.19,5.00
76.90,-33.45,7.39
69.09,-24.72,7.39
66.41,-20.20,0.49
65.86,-18.01,4.15
65.80,-18.07,10.93
62.74,-12.51,13.61
57.01,-8.36,11.78
50.42,-14.28,5.92
36.07,-7.75,3.54
28.02,-6.10,-0.79
21.12,-3.23,-3.48
22.22,-1.65,-0.98
23.86,-0.43,2.56
25.21,-7.45,2.14
21.24,-8.30,1.46
14.04,3.11,4.21
8.97,3.60,3.60
2.08,-0.18,1.10
-6.10,-3.85,-2.38
-17.27,-6.77,-5.31
-31.86,-9.70,-10.50
-47.00,-11.90,-17.94
-60.61,0.06,-20.45
-70.13,28.56,-13.31
-75.44,50.78,-6.71
-81.73,66.59,-8.54
-87.04,83.44,-17.82
-89.97,98.69,-28.56
-91.92,107.67,-36.93
-90.70,109.92,-40.83
-86.24,106.02,-41.14
-78.67,95.89,-38.88
-73.55,81.60,-33.94
-68.12,66.35,-26.18
-62.68,52.73,-16.48
-58.96,42.48,-6.23
-55.97,35.40,2.87
-49.80,29.24,11.47
-41.50,22.22,19.71
-35.22,15.14,27.89
-32.35,8.42,36.13
-30.88,0.55,43.03
-31.07,-8.06,46.63
-31.31,-17.82,45.53
-36.38,-24.17,22.89
-35.64,-14.10,-13.18
-22.64,8.18,-23.74
-5.43,15.50,-10.50
-3.78,10.62,5.25
-0.92,9.34,10.62
4.52,16.24,7.57
9.22,20.14,7.20
10.50,20.39,8.00
10.07,19.78,7.63
6.65,18.01,8.73
4.94,16.36,21.55
-1.28,15.56,31.43
1.53,10.68,40.95
3.30,10.38,57.86
3.72,12.08,64.58
6.10,16.17,73.43
5.31,29.17,87.28
6.53,30.70,104.86
0.37,28.14,106.08
1.59,31.56,109.37
-3.05,34.18,125.98
-15.63,32.35,136.66
-16.48,31.56,139.34
-16.48,29.30,132.69
-15.50,14.95,132.39
-13.37,13.55,117.00
-4.03,10.74,99.55
-3.91,10.68,84.66
-5.13,4.33,76.66
-8.54,2.50,71.29
-10.86,2.08,69.03
-11.47,2.81,68.85
-9.64,1.46,65.12
-9.95,4.15,51.57
-5.55,4.58,45.10
-3.36,5.55,54.50
-6.71,2.69,55.30
-7.02,1.16,49.87
-6.59,-0.55,47.30
-4.76,0.73,47.97
-3.66,4.03,51.09
-5.98,-2.14,32.35
-1.65,-3.30,21.18
1.16,-2.20,23.07
2.20,-1.83,26.79
2.87,-2.20,17.88
6.10,-0.06,8.79
7.69,0.98,6.29
7.81,1.77,3.72
7.45,2.38,0.98
6.59,2.32,-0.12
5.74,2.08,0.06
5.74,2.01,0.31
5.37,1.40,-0.06
5.37,0.92,-0.18
5.98,0.49,0.31
6.04,0.00,0.37
6.23,-0.55,0.18
6.23,-0.92,-0.37
5.80,-1.04,-0.85
5.37,-1.04,-1.22
4.82,-0.85,-1.40
4.39,-0.43,-1.46
4.39,0.18,-1.04
4.70,0.98,-0.61
5.19,1.77,0.00
4.70,1.89,0.18
4.21,2.01,-1.16
3.05,2.14,-2.93
1.65,2.87,-3.85
















-,-,-
0.00,-3.54,0.55
0.06,-2.99,0.92
0.18,-2.62,1.22
0.61,-2.26,1.10
0.85,-2.26,1.22
0.73,-2.50,1.04
0.49,-2.81,0.73
-0.31,-3.17,0.37
-0.12,-3.48,0.12
0.43,-3.97,-0.06
0.37,-4.82,0.00
-0.37,-5.55,0.06
-0.92,-6.10,0.18
-1.77,-6.47,0.18
-1.46,-6.71,0.00
-1.53,-7.14,-0.06
-2.26,-7.45,-0.24
-1.83,-7.32,-0.49
-1.77,-6.96,-0.55
-1.59,-6.59,-0.43
-1.40,-6.41,-0.24
-1.34,-6.23,-0.37
-0.67,-5.92,-0.55
-0.85,-5.86,-0.85
-1.16,-6.04,-0.67
-1.16,-5.92,-0.67
-1.40,-6.10,-0.67
-1.16,-6.29,-1.04
-2.08,-6.71,-1.22
-2.14,-7.02,-1.16
-1.40,-6.84,-0.73
-1.46,-6.59,-0.37
-1.16,-5.98,-0.12
-0.37,-5.31,0.12
0.55,-4.70,0.37
0.67,-4.09,0.55
1.10,-3.72,0.67
1.89,-3.23,0.37
3.30,-2.56,-0.18
5.37,-1.53,-0.06
7.39,-0.67,0.67
11.78,-1.65,2.50
20.87,-11.23,8.36
28.99,-28.87,16.60
32.53,-26.67,17.64
47.55,-38.02,22.16
54.75,-40.71,29.60
64.15,-41.44,33.33
74.28,-48.16,33.14
84.66,-51.64,37.48
92.35,-51.03,38.21
101.75,-51.39,45.10
108.83,-47.91,48.71
119.08,-43.40,51.70
131.35,-48.52,57.07
136.05,-50.60,59.63
138.43,-51.70,55.79
138.06,-46.75,53.77
139.40,-43.76,48.71
142.15,-46.02,46.20
139.83,-45.84,46.75
134.28,-38.21,50.05
126.59,-28.81,47.18
119.87,-24.96,40.77
113.40,-21.91,32.90
108.52,-16.72,30.58
103.94,-17.94,29.66
96.92,-12.82,25.33
89.90,-15.26,24.48
76.11,-19.78,21.73
65.37,-8.97,19.78
57.43,-6.16,16.05
51.27,-11.72,5.68
44.98,-10.31,2.62
35.10,-5.49,8.00
27.59,-2.99,9.95
18.62,4.64,9.77
10.99,5.74,5.86
8.73,6.04,2.87
4.88,-0.06,1.34
0.00,-5.25,-1.40
-8.30,-9.70,-5.00
-18.43,-14.10,-8.12
-27.53,-15.99,-10.13
-34.97,-13.61,-11.78
-41.56,-7.20,-15.38
-50.35,5.92,-18.55
-66.04,39.12,-21.00
-78.92,72.69,-19.10
-91.06,99.85,-21.67
-98.94,115.23,-27.53
-103.76,120.24,-35.95
-100.77,117.07,-46.20
-96.56,106.75,-54.63
-96.68,91.43,-61.34
-94.54,74.52,-67.57
-89.05,56.27,-70.68
-82.40,37.72,-67.02
-74.65,21.36,-55.24
-64.70,7.51,-35.34
-51.51,-4.70,-10.56
-38.45,-16.11,15.01
-30.03,-27.34,38.21
-24.72,-39.86,57.37
-22.28,-48.10,60.73
-19.53,-33.51,29.42
-11.35,-16.78,5.00
6.65,-7.75,-1.71
7.39,-5.37,10.25
7.08,0.24,24.72
9.46,8.97,31.31
9.58,15.69,49.62
7.08,19.23,77.27
4.88,23.93,102.60
3.78,33.51,116.33
2.20,35.34,115.54
0.49,31.49,113.40
-1.95,25.94,108.76
-4.03,25.02,119.69
-6.77,23.38,132.45
-9.22,26.73,142.15
-11.72,24.11,136.47
-14.22,23.07,131.77
-16.36,23.38,121.83
-14.71,10.13,112.73
-12.45,6.29,111.82
-7.14,20.51,107.42
-5.37,18.25,97.17
-2.62,13.31,87.04
-6.53,9.03,68.73
-8.97,2.62,51.15
-9.52,-0.98,49.07
-11.29,-3.85,49.26
-7.87,-4.52,48.52
-10.19,-2.87,50.48
-13.24,3.36,35.34
-22.40,-1.77,46.20
-10.99,-3.30,59.27
-5.13,-3.36,49.38
0.67,-5.07,20.45
4.15,-4.27,3.60
7.93,-1.95,0.00
9.16,1.40,1.83
9.40,4.21,2.38
8.42,5.80,1.10
6.65,5.86,-0.92
4.46,5.00,-2.01
2.69,4.03,-2.44
1.89,2.75,-2.81
1.40,1.53,-3.05
1.71,0.85,-2.75
2.69,0.73,-1.77
3.36,0.67,-1.10
3.91,0.61,-0.92
3.97,0.55,-0.31
3.97,0.43,0.00
3.23,0.31,-0.18
2.32,-0.06,-0.67
2.44,0.00,-0.67
2.93,0.00,-0.18
3.42,0.06,0.00
3.54,-0.18,0.24
3.36,-0.31,0.12
3.66,-0.31,-0.06
4.33,0.06,0.12
4.64,0.49,0.67
5.13,0.79,0.79
5.74,1.04,0.61
5.49,1.04,0.18
5.31,0.85,-0.18
4.82,0.85,-0.24
4.46,1.04,-0.37
4.46,1.46,-0.85
4.27,1.65,-1.04
4.64,2.38,-1.10
4.52,2.99,-1.16
3.66,3.85,-1.28
2.08,4.94,-1.83
-0.06,6.59,-2.62
-2.08,9.03,-3.72
















-,-,-
2.01,1.71,1.34
2.38,2.14,1.34
3.11,2.01,1.59
4.52,2.08,1.77
2.62,1.53,1.83
1.53,0.61,1.28
1.22,-0.12,0.37
0.98,-0.49,0.49
1.77,-0.37,1.04
2.14,-0.06,1.22
2.20,0.18,1.28
1.71,0.18,1.22
1.40,-0.24,0.92
0.73,-0.49,0.55
0.06,-0.43,0.24
0.37,0.12,0.24
0.92,0.92,0.43
1.40,1.53,0.61
0.79,1.65,0.61
0.85,1.34,0.00
0.37,0.92,-0.18
0.85,0.85,0.12
1.04,0.79,0.79
0.67,0.37,0.79
0.85,0.06,0.37
0.61,-0.12,-0.12
0.73,0.24,0.12
1.22,0.92,0.55
1.71,1.71,1.16
2.93,2.38,1.53
3.42,2.75,2.08
4.15,2.99,2.62
4.76,3.17,2.99
5.25,3.48,3.54
6.29,3.66,4.27
9.16,4.64,4.82
12.63,6.35,5.98
16.91,8.42,8.00
23.19,10.56,10.56
32.17,9.22,15.01
46.45,-12.76,23.99
53.96,-32.65,30.40
66.10,-31.31,30.70
79.04,-33.69,29.48
91.67,-38.64,38.88
98.94,-38.64,43.76
109.25,-39.49,45.35
115.42,-38.39,49.07
116.58,-36.62,48.46
122.13,-40.04,52.06
124.21,-37.41,51.82
134.64,-42.05,54.32
140.20,-39.79,58.47
140.81,-39.06,58.90
137.70,-45.04,55.66
125.61,-44.19,43.82
120.67,-35.46,36.19
119.38,-29.91,38.45
115.11,-29.05,39.61
111.27,-22.77,41.08
102.54,-16.91,38.09
91.13,-12.08,33.02
80.44,-11.72,26.00
78.25,-12.21,20.26
77.51,-17.27,18.19
75.87,-24.23,17.94
67.38,-28.32,16.60
57.19,-31.13,10.19
46.02,-22.52,6.65
35.46,-20.94,5.80
27.95,-22.46,1.65
20.32,-11.41,-1.77
21.85,-8.97,1.40
24.35,-11.47,5.55
25.27,-12.76,2.87
26.00,-12.45,0.24
28.08,-23.19,-0.67
28.14,-27.28,-0.06
25.39,-24.90,0.73
18.98,-20.63,-3.17
14.53,-15.50,-1.59
3.42,-2.08,-0.49
-9.52,7.02,-3.66
-25.33,1.10,-7.39
-35.89,-3.48,-11.29
-42.54,-3.36,-15.14
-52.37,2.99,-18.98
-63.23,22.46,-21.48
-69.95,49.13,-20.32
-74.04,73.55,-19.04
-79.71,91.13,-22.83
-86.36,99.30,-32.53
-91.06,100.04,-46.63
-92.96,94.67,-60.67
-93.93,85.69,-71.23
-91.61,75.50,-75.68
-87.59,66.28,-74.28
-83.74,59.08,-67.32
-78.92,52.86,-57.43
-73.06,46.14,-46.02
-66.47,38.02,-33.75
-60.36,27.89,-21.55
-54.99,16.30,-9.52
-48.10,4.82,1.89
-42.79,-5.31,12.70
-40.10,-14.40,22.46
-38.02,-22.95,31.80
-35.40,-31.31,42.24
-39.25,-34.36,39.06
-23.25,-28.26,10.62
-10.07,-23.13,-0.24
0.00,-10.74,-1.22
9.77,-7.26,9.03
6.90,-0.98,11.66
6.16,5.49,5.98
5.25,7.57,1.83
5.13,7.20,1.34
3.85,6.53,1.83
2.99,5.31,1.40
1.83,2.81,1.65
2.93,-0.49,6.47
1.65,-1.16,13.73
2.08,3.72,19.59
2.87,3.23,27.40
-2.26,2.38,24.29
-1.16,4.52,29.30
-2.20,9.40,44.86
-2.01,7.39,54.50
-3.72,15.20,65.67
-0.92,23.07,72.20
2.81,26.98,81.05
5.86,32.53,94.06
5.98,39.55,110.41
1.59,50.42,115.05
3.85,56.34,117.74
1.59,51.09,125.61
-1.46,48.77,127.32
-2.93,48.71,124.21
-1.34,42.97,122.31
-2.38,39.25,125.85
-3.05,32.41,123.72
-4.21,21.30,115.30
-4.64,15.26,104.00
-8.42,12.45,90.03
-6.41,13.00,85.39
-8.00,11.72,92.83
-10.86,11.35,79.53
-6.29,10.13,72.75
-8.79,2.87,70.43
-8.06,0.37,60.12
-1.77,3.30,64.33
-13.55,0.18,74.65
-12.82,-4.15,65.80
-1.53,-0.67,56.46
1.59,-2.26,47.49
1.59,-3.78,35.40
1.10,-3.36,28.93
1.95,-0.06,13.73
3.78,1.34,4.33
3.97,1.71,2.14
3.54,1.34,1.22
3.54,0.37,-0.18
3.66,-0.31,-1.10
3.97,-0.49,-2.08
3.66,-0.79,-2.81
3.78,-0.61,-3.17
4.58,0.00,-2.93
4.94,0.85,-1.83
4.88,0.98,-1.10
4.76,1.28,-0.98
4.64,1.04,-0.73
4.70,0.61,0.18
4.94,0.37,0.79
4.70,0.00,0.79
4.33,-0.61,0.61
5.07,-0.18,0.24
5.80,0.55,0.43
6.16,1.95,0.73
6.77,3.30,0.79
6.96,4.70,1.04
















-,-,-
-11.17,0.98,-5.37
-13.49,0.85,-7.57
-15.44,0.37,-9.46
-16.11,-0.12,-10.01
-15.87,-0.37,-8.67
-15.63,-0.12,-5.86
-15.69,0.79,-3.85
-16.78,3.11,-3.17
-17.52,5.86,-4.88
-18.19,7.93,-8.18
-18.74,9.09,-11.72
-19.23,9.09,-13.61
-20.57,8.85,-13.67
-22.83,8.85,-12.88
-24.35,8.30,-12.76
-24.29,7.26,-13.98
-24.17,5.62,-16.11
-23.56,4.58,-17.64
-24.17,3.91,-17.76
-24.11,3.91,-15.81
-23.44,3.91,-13.00
-22.58,4.21,-10.62
-21.42,5.07,-9.70
-19.90,5.98,-9.40
-17.46,6.47,-9.28
-14.34,6.04,-8.54
-12.15,4.46,-7.02
-10.19,2.38,-5.25
-9.16,0.37,-4.27
-7.93,-1.10,-3.78
-7.08,-1.83,-3.78
-5.92,-1.22,-4.03
-4.27,0.12,-4.03
-1.71,0.24,-2.99
0.61,-0.49,-1.22
1.28,-0.43,0.37
1.46,0.18,0.73
1.16,1.46,0.31
1.40,2.93,-0.98
2.14,3.36,-2.32
2.93,3.05,-2.44
3.23,2.32,-1.77
2.93,1.59,-0.37
1.71,1.65,0.98
0.49,2.26,1.83
-0.12,3.17,2.32
-1.16,3.60,3.54
-1.89,3.48,5.25
-2.56,2.01,7.51
-3.48,-1.65,11.35
-3.97,-7.81,16.66
-5.68,-16.54,23.07
-6.53,-27.34,30.33
-5.68,-38.57,37.54
-8.42,-45.35,39.49
-4.52,-37.23,16.11
6.65,-39.49,9.40
2.50,-37.96,5.13
2.75,-31.56,6.59
2.75,-19.53,8.67
7.20,-7.02,10.56
16.54,2.38,11.90
31.19,3.11,14.71
49.80,-18.01,20.81
61.46,-37.96,29.17
74.16,-43.46,35.64
89.90,-54.99,40.41
102.91,-63.35,41.32
116.76,-69.09,42.36
128.66,-70.62,41.32
136.11,-70.50,41.50
143.49,-72.39,39.79
146.79,-70.31,40.65
144.53,-71.17,36.62
146.06,-69.40,31.62
148.13,-65.06,26.92
149.11,-59.20,28.44
153.75,-62.81,28.50
155.21,-62.87,24.29
153.81,-59.75,20.57
148.19,-56.52,19.35
143.07,-52.25,16.66
134.58,-40.10,17.52
123.78,-29.60,12.57
108.09,-17.21,9.58
93.63,-9.77,9.77
87.65,-14.28,13.55
78.25,-6.23,8.97
74.58,-5.07,3.78
67.38,-6.10,5.49
54.57,-1.53,8.30
43.76,-3.23,4.27
34.18,-13.12,-3.48
22.77,-4.52,-0.49
14.83,2.26,4.03
8.12,-2.38,1.89
-0.73,-8.54,-1.34
-8.54,-14.89,-4.27
-19.78,-22.28,-6.90
-29.48,-23.62,-10.62
-42.60,-22.52,-14.28
-52.00,-15.01,-20.87
-61.34,3.85,-23.62
-71.11,26.92,-28.20
-78.25,53.71,-29.42
-80.02,73.97,-24.29
-82.46,86.61,-20.81
-82.58,91.06,-24.90
-78.61,89.48,-35.40
-79.47,83.56,-48.03
-77.94,75.07,-58.47
-75.50,66.65,-63.54
-72.75,58.78,-64.03
-68.48,50.96,-60.79
-63.60,44.25,-54.63
-61.65,39.18,-45.90
-60.49,35.71,-37.23
-58.41,32.23,-29.97
-56.82,27.89,-23.13
-54.26,23.80,-16.36
-49.93,18.62,-9.70
-43.33,12.21,-3.42
-36.87,3.66,3.66
-31.98,-5.43,11.11
-28.63,-14.04,17.46
-27.22,-21.24,23.32
-23.07,-27.28,28.56
-18.49,-33.81,35.64
-13.12,-40.89,45.41
-15.01,-41.32,45.72
-12.57,-21.91,18.92
6.65,-11.35,8.30
18.74,-1.89,3.23
25.02,-0.85,10.68
17.03,2.69,13.92
12.02,7.51,8.73
11.96,6.16,1.95
6.04,2.38,-1.65
-0.18,-1.28,1.65
-1.10,-1.34,17.21
0.61,0.00,38.82
-1.83,4.33,46.94
2.14,9.89,56.34
8.42,8.12,66.96
9.95,7.45,77.82
13.49,13.12,92.29
18.25,17.09,103.03
20.75,21.00,117.92
19.59,25.82,133.54
15.26,31.01,151.31
12.63,37.29,157.17
15.44,36.25,160.40
14.95,36.13,161.80
12.51,29.91,155.52
10.99,23.74,142.21
11.23,16.36,132.81
13.43,13.24,127.81
11.11,7.20,122.25
6.65,5.86,109.25
5.62,4.58,99.91
1.34,-0.18,96.07
0.12,-3.30,88.20
0.43,-7.02,80.38
0.61,-7.57,75.07
-2.81,-6.29,57.56
-0.31,-4.58,49.38
1.16,-0.37,54.26
0.55,-5.19,61.77
-1.65,-7.87,53.41
0.67,-6.10,47.00
0.06,-7.45,35.34
-0.06,-6.47,28.38
0.98,-4.27,17.94
1.46,-4.82,19.17
-2.01,-4.03,15.75
5.74,-2.69,16.05
8.73,-0.31,8.06
9.40,0.61,1.04
7.75,0.55,-2.50
3.85,0.98,-3.91
















-,-,-
-0.85,-1.71,0.24
0.37,0.67,-0.24
1.28,1.95,-0.79
1.40,2.38,-1.04
0.06,1.71,-1.10
-1.28,0.92,-1.16
-1.71,0.73,-0.85
-0.98,1.16,-0.06
0.37,2.14,0.73
1.28,2.62,1.28
1.95,2.75,1.40
2.08,2.44,1.28
1.89,1.65,1.22
1.10,0.85,0.85
-0.12,0.00,0.06
-1.34,-0.98,-0.98
-2.44,-1.59,-1.71
-3.30,-1.83,-2.20
-3.72,-1.71,-2.32
-3.54,-1.10,-2.32
-2.81,-0.24,-1.95
-1.89,0.85,-1.40
-0.37,1.53,-0.49
1.10,1.46,0.49
2.20,1.04,1.71
2.81,0.55,3.17
3.78,0.24,4.39
4.76,0.31,5.13
6.16,0.98,5.55
7.93,2.01,6.10
10.93,3.36,6.71
15.20,5.07,8.00
19.96,6.65,10.31
27.83,4.15,16.24
41.56,-14.34,31.74
47.30,-25.70,42.72
57.25,-27.34,46.20
66.22,-23.07,51.03
75.87,-22.77,53.83
82.40,-15.56,55.24
94.60,-14.47,62.44
103.09,-20.57,70.31
109.50,-27.22,69.89
118.71,-32.29,65.61
132.02,-38.45,60.55
147.22,-50.23,62.99
151.92,-48.89,60.91
157.59,-46.57,60.97
158.51,-51.82,58.17
152.83,-46.51,53.71
150.63,-44.62,48.40
149.05,-38.33,39.79
148.19,-33.75,33.14
144.96,-28.26,36.13
140.20,-25.82,39.79
133.48,-25.63,39.73
121.95,-19.41,31.68
111.88,-13.85,32.59
98.51,-12.02,29.79
82.95,-4.82,19.59
76.35,-8.54,16.24
68.73,-8.24,17.40
60.67,-4.82,14.95
51.82,-8.30,14.40
45.78,-11.41,10.93
36.56,0.12,9.95
32.35,0.18,11.96
32.65,-5.92,10.80
32.10,-7.02,7.57
28.32,-3.36,7.57
24.11,-2.75,9.40
25.63,-3.48,9.64
31.62,-9.28,9.64
37.23,-15.75,6.35
34.30,-8.61,8.36
32.96,-17.88,4.64
24.96,-9.40,4.09
20.63,-8.24,3.78
15.50,-5.86,0.31
10.68,-1.83,1.71
2.62,2.87,1.46
-7.39,4.46,-0.12
-14.22,0.98,-2.75
-16.66,-1.59,-4.58
-15.63,-0.79,-5.55
-14.40,2.26,-5.92
-14.95,5.68,-6.59
-18.07,9.03,-8.30
-24.11,14.47,-9.58
-32.90,23.74,-11.78
-43.21,31.25,-16.78
-52.49,48.89,-17.33
-64.03,80.20,-15.32
-74.52,103.15,-10.31
-84.59,114.99,-7.08
-93.26,118.65,-15.63
-99.55,115.54,-34.06
-106.14,109.50,-55.60
-111.51,104.25,-73.61
-113.83,100.40,-83.31
-112.37,94.97,-83.68
-104.19,84.59,-76.90
-94.97,69.09,-66.83
-87.10,49.99,-57.07
-81.30,29.36,-48.95
-77.94,9.95,-41.44
-74.22,-5.86,-32.71
-70.74,-19.65,-22.22
-64.33,-32.59,-11.84
-55.24,-44.37,-3.36
-47.55,-55.97,6.04
-40.59,-69.89,18.86
-35.77,-85.02,32.84
-34.61,-82.89,34.61
-33.02,-59.20,27.65
-19.53,-41.69,14.10
-4.88,-28.44,4.76
-6.90,-20.94,10.74
-18.49,-12.15,13.49
-26.12,-2.32,5.31
-28.81,4.70,-1.28
-28.93,11.17,3.85
-25.39,14.89,26.18
-26.86,20.32,64.09
-28.99,38.76,102.78
-27.34,52.80,130.25
-28.20,65.61,154.30
-24.05,72.63,172.79
-22.28,70.19,187.74
-24.66,59.63,189.70
-28.38,52.98,180.66
-31.31,38.82,168.46
-30.58,29.42,143.86
-29.66,22.89,122.38
-26.98,14.34,106.14
-22.95,8.42,90.82
-22.40,3.91,79.65
-21.06,-1.95,71.53
-15.26,-0.12,58.35
-13.98,-2.99,49.62
-12.21,-1.65,46.75
-11.11,-2.01,47.36
-10.44,2.26,38.45
-8.00,-2.14,25.09
-3.23,-4.03,21.12
-1.28,-0.18,24.54
1.77,1.59,12.08
4.27,2.93,4.94
5.62,4.82,4.21
6.04,6.47,4.39
4.46,6.59,3.85
3.23,5.62,2.32
2.14,4.09,0.73
0.92,2.32,-0.92
0.61,1.46,-2.08
1.28,1.40,-2.44
3.78,3.05,-2.75
6.53,4.82,-3.11
7.87,5.68,-3.30
7.69,6.10,-3.72
6.29,5.62,-4.03
5.62,5.62,-4.21
5.31,5.86,-4.09
4.39,5.43,-3.97
3.78,5.19,-4.27
3.54,5.31,-4.52
4.03,5.86,-4.52
4.39,6.90,-4.64
3.36,7.08,-4.88
1.10,7.32,-6.16
-0.85,8.54,-8.30
-2.26,11.05,-9.89
-3.23,14.10,-11.41
-2.62,17.58,-12.76
-1.53,20.14,-13.73
-0.67,22.03,-15.63
0.18,23.44,-20.63
0.31,24.41,-31.68
0.79,26.31,-45.84
4.76,27.40,-54.26
















-,-,-
-0.24,-0.92,0.61
-0.79,-0.73,-0.92
-0.43,-0.43,-0.98
1.04,0.37,-0.18
1.77,0.79,0.79
1.71,0.67,1.53
0.98,0.12,1.40
0.49,-0.43,0.67
0.37,-0.61,0.12
0.98,-0.49,0.12
1.34,-0.18,0.31
1.34,0.24,0.49
0.18,0.92,0.37
-1.04,1.89,0.06
-1.34,2.93,0.31
-0.43,2.69,1.28
0.00,0.61,1.53
0.06,0.18,1.10
-0.43,1.04,0.55
-0.98,1.22,0.12
-1.28,0.92,-0.24
-1.16,0.85,-0.67
-0.73,0.98,-0.31
0.31,0.85,0.61
0.43,0.55,1.53
0.18,-0.18,1.59
0.12,-0.79,1.46
0.92,-1.89,1.34
5.13,-2.62,2.93
4.52,-4.33,3.72
5.31,-8.18,4.70
5.13,-11.72,4.52
5.55,-11.84,3.48
3.97,-14.34,3.91
0.55,-17.09,5.00
-2.32,-18.55,5.37
-2.38,-18.07,5.25
-0.49,-16.17,5.92
2.99,-14.22,6.90
8.54,-14.77,8.30
18.07,-17.76,9.77
25.09,-18.01,11.29
40.83,-36.25,17.82
49.80,-46.57,26.55
62.32,-51.76,32.04
71.23,-51.76,32.04
80.63,-53.83,29.85
88.38,-52.80,33.75
90.82,-49.07,34.00
95.52,-46.57,30.09
96.98,-44.92,28.56
96.13,-41.02,26.92
99.12,-36.32,26.31
103.76,-32.29,28.38
107.85,-24.41,32.41
117.13,-29.42,36.99
123.90,-31.43,39.67
128.11,-30.88,41.44
130.19,-32.47,42.91
132.02,-31.37,39.79
134.03,-32.59,36.87
132.57,-36.99,32.17
128.30,-31.56,22.16
126.34,-28.63,18.01
126.10,-30.94,19.35
124.21,-34.97,14.47
122.07,-34.12,2.32
118.47,-34.00,-1.34
115.30,-35.89,-3.17
113.10,-36.38,-4.09
105.96,-35.28,-5.31
94.85,-27.95,-5.43
83.92,-27.04,-4.76
67.57,-16.30,-4.76
53.16,-13.61,-1.04
35.77,-6.53,-3.05
23.32,-2.62,-2.26
14.16,0.67,0.79
7.75,4.58,3.30
2.99,2.14,2.87
-3.48,-0.37,2.08
-12.02,-0.73,0.00
-23.56,-0.18,-3.54
-36.44,1.34,-7.45
-48.89,6.84,-11.78
-61.71,15.38,-18.80
-73.43,37.66,-21.91
-85.33,67.99,-20.63
-98.39,87.59,-14.47
-110.47,99.61,-8.30
-116.21,101.75,-7.51
-118.35,95.64,-12.39
-118.59,85.39,-21.00
-119.57,74.95,-31.43
-117.80,66.47,-40.71
-112.49,59.14,-43.58
-104.19,52.00,-39.12
-93.26,44.01,-30.70
-78.92,34.30,-21.06
-72.88,23.32,-12.15
-67.57,12.33,-5.55
-63.05,1.59,-0.79
-59.33,-8.06,4.70
-52.25,-16.72,10.86
-43.33,-24.35,18.19
-33.69,-33.51,24.96
-25.70,-33.08,13.79
-12.45,-28.14,11.05
4.27,-17.21,13.37
12.08,-8.00,20.20
12.08,1.46,24.72
10.56,8.12,24.54
5.92,5.98,21.18
-1.16,-0.79,23.25
2.01,-9.46,47.79
0.43,-8.36,73.36
-1.89,3.60,90.33
-1.04,18.07,99.30
5.98,19.35,116.03
5.55,25.33,130.68
8.12,28.93,144.84
6.65,24.11,154.97
0.92,28.56,152.77
-4.76,27.71,137.33
-6.71,23.56,129.82
-12.51,18.43,122.62
-16.11,11.54,124.94
-19.53,4.09,118.41
-16.24,6.29,105.53
-11.60,5.00,101.50
-12.02,4.15,96.92
-14.16,1.59,84.23
-9.83,3.54,77.58
-11.23,-3.17,72.33
-12.63,-6.77,65.00
-11.17,-8.36,64.33
-8.12,-3.72,56.03
-6.16,-0.98,45.90
-4.46,1.46,41.02
-5.25,-0.06,31.62
-0.85,1.65,34.67
-2.75,-0.18,43.21
-8.73,-1.34,40.04
-13.67,-4.15,32.23
-10.01,-5.55,18.31
-3.48,-5.07,5.80
0.31,-3.66,1.71
2.99,-0.92,0.79
5.86,2.75,0.18
7.51,5.49,-1.04
6.90,5.68,-2.81
5.13,4.03,-5.80
3.42,2.69,-9.28
2.32,2.56,-10.99
2.32,3.78,-12.15
2.69,5.49,-12.88
4.03,7.14,-13.24
5.25,8.24,-12.94
5.25,8.91,-13.24
3.97,9.28,-14.34
1.71,10.07,-15.14
0.92,11.60,-14.89
-0.31,13.06,-14.28
-2.38,13.55,-14.77
-3.60,13.55,-16.36
-3.66,13.49,-17.88
-2.01,12.88,-18.74
0.92,11.78,-20.51
3.36,9.64,-27.34
5.68,4.64,-38.76
7.26,-0.55,-51.33
6.59,-0.92,-63.84
5.19,4.64,-70.31
2.44,13.49,-65.67
-1.59,22.77,-55.05
-5.13,30.76,-44.98
-7.39,36.32,-39.00
-8.18,39.00,-37.48
-6.90,38.94,-38.45
-4.64,37.17,-39.79
















-,-,-
-1.16,2.93,0.18
-1.40,4.88,0.98
-1.04,5.25,1.34
-0.37,4.88,1.77
-0.31,4.88,2.20
-0.49,4.58,2.44
-0.92,2.50,2.32
-1.83,-0.61,1.46
-1.16,-1.40,0.49
-0.67,-0.55,0.37
-0.37,0.24,1.22
-0.43,0.73,2.32
-0.43,0.98,2.81
0.37,1.10,3.11
0.73,0.73,3.36
0.92,-0.31,3.78
0.92,-1.77,3.30
0.98,-3.54,3.05
0.85,-4.82,2.81
0.92,-5.74,3.30
1.65,-6.29,3.60
2.32,-6.23,3.54
3.42,-6.16,3.60
3.54,-6.04,4.27
2.87,-5.31,4.58
2.44,-4.58,4.39
3.05,-4.33,3.72
7.39,-4.88,4.39
10.86,-5.25,3.30
9.16,-6.47,4.03
10.56,-8.00,7.08
12.33,-11.29,9.83
8.73,-15.01,11.66
7.08,-17.15,13.12
8.79,-15.63,15.50
11.41,-11.60,19.23
16.78,-9.46,23.62
25.45,-13.55,27.95
39.37,-22.09,31.98
53.16,-37.05,33.08
63.48,-38.76,29.48
78.00,-45.17,27.34
93.44,-57.13,26.43
110.35,-65.73,24.23
123.60,-61.52,18.55
138.92,-64.82,15.93
147.34,-68.36,12.39
154.54,-66.47,9.70
158.26,-70.07,5.68
161.13,-69.58,5.13
166.63,-66.71,13.43
173.89,-64.03,16.97
179.02,-61.04,9.34
182.56,-62.44,-0.98
181.52,-60.18,0.18
177.31,-53.65,-6.77
174.68,-48.83,-17.58
165.95,-51.94,-18.01
150.45,-50.54,-17.64
130.80,-50.60,-16.60
110.47,-48.77,-10.99
93.08,-47.61,-8.18
78.00,-40.65,-7.87
63.05,-31.86,-6.53
50.90,-23.19,-8.67
41.87,-21.61,-4.33
28.14,-9.64,-0.55
14.16,-0.49,-3.60
1.59,-2.75,-11.96
-13.31,1.59,-12.02
-23.99,-5.92,-10.74
-30.40,-12.21,-13.00
-38.39,-13.98,-16.11
-49.01,-17.52,-25.39
-58.59,-19.23,-33.57
-70.01,-3.54,-31.49
-82.70,24.17,-24.23
-90.27,40.89,-25.09
-97.05,53.28,-27.34
-102.11,66.96,-32.04
-111.45,78.37,-42.05
-120.18,84.47,-55.11
-126.59,82.89,-69.27
-128.17,74.77,-81.54
-123.41,62.19,-88.75
-116.52,48.34,-88.07
-109.44,36.62,-80.69
-103.58,31.43,-68.66
-97.11,31.19,-52.80
-86.43,30.70,-34.06
-74.77,28.38,-14.53
-61.71,25.09,4.76
-49.26,20.14,25.57
-37.66,12.08,46.94
-29.36,0.67,68.54
-31.74,-14.28,80.93
-37.90,-34.85,39.43
-58.65,-32.71,6.96
-16.17,0.49,-15.63
2.56,30.40,-17.27
13.55,16.97,7.75
6.29,6.35,20.14
0.85,17.27,14.89
5.62,25.94,7.45
14.28,22.22,17.09
13.00,17.52,44.74
11.47,15.69,71.29
18.92,9.22,99.18
21.73,6.10,118.71
20.20,15.32,131.59
21.06,25.33,141.17
22.09,25.57,146.12
18.25,29.72,145.32
18.55,18.43,142.21
16.17,18.68,142.46
12.33,24.90,139.34
10.93,22.58,141.78
5.98,17.94,146.06
0.79,11.05,144.47
0.55,6.59,135.01
-2.32,3.11,121.89
2.32,5.62,115.30
-4.27,1.53,115.05
-8.67,-3.42,100.10
-3.30,-2.75,94.60
-0.67,-4.82,93.44
-7.20,-11.84,81.91
-4.58,-19.23,86.55
-1.22,-21.48,87.83
-3.54,-15.20,76.78
-3.85,-15.14,57.80
-0.24,-16.66,45.96
-0.37,-11.66,43.70
-3.78,-9.34,34.06
-2.32,-7.20,21.61
1.46,-6.47,21.79
1.59,-4.39,23.44
2.32,-0.06,14.16
3.85,2.38,4.88
4.76,3.42,-1.16
5.55,4.33,-3.48
5.74,4.94,-3.60
5.37,4.46,-3.42
4.88,3.72,-3.78
4.39,2.87,-4.46
4.09,2.26,-4.82
4.58,3.17,-4.64
5.92,4.64,-4.09
7.26,5.86,-4.03
8.06,7.26,-4.58
7.32,9.28,-5.98
4.46,9.95,-8.12
0.92,10.01,-10.19
-2.44,9.77,-11.60
-4.64,9.83,-12.57
-5.55,10.38,-12.63
-5.74,10.99,-11.84
-5.62,11.17,-11.11
-5.19,11.47,-10.68
-4.64,11.72,-10.25
-3.85,11.54,-8.79
-3.85,10.56,-7.81
-4.33,9.70,-7.87
-5.74,9.83,-8.85
-6.29,9.77,-9.52
-6.23,9.22,-9.09
-5.86,9.52,-8.06
-5.00,9.77,-6.77
-5.13,10.25,-5.55
-4.82,12.45,-5.62
-4.39,15.69,-7.32
-3.85,18.43,-10.13
-4.03,19.71,-12.21
-4.76,21.06,-13.24
-5.62,22.71,-13.67
-5.19,23.68,-14.04
-4.52,24.05,-14.77
-4.64,25.15,-15.32
-4.52,24.84,-14.83
-4.39,23.25,-14.10
















-,-,-
2.38,-3.23,4.27
2.14,-4.15,4.88
2.20,-4.64,5.31
2.75,-4.70,5.98
3.17,-4.27,6.59
3.48,-4.46,6.47
3.17,-4.82,6.04
3.60,-5.00,5.92
3.23,-5.74,4.88
2.01,-4.64,2.50
1.71,-2.32,1.10
1.34,-1.83,1.10
0.67,-1.95,1.59
1.10,-2.14,1.59
1.89,-2.56,1.28
2.93,-2.93,2.14
2.62,-2.56,3.23
2.26,-2.20,3.36
1.59,-1.16,2.26
1.89,-0.55,1.22
2.01,-0.55,1.28
1.83,-0.61,1.10
1.59,-0.85,0.37
0.37,-1.22,-0.31
-0.73,-1.59,-0.31
-1.34,-1.65,-0.18
-1.04,-1.71,-0.18
-0.31,-2.14,-0.06
0.61,-3.23,-0.12
1.46,-5.07,0.18
3.17,-8.12,1.40
4.94,-12.70,4.27
4.15,-13.43,6.10
4.82,-10.99,5.62
12.45,-13.37,5.80
21.67,-21.18,5.98
28.38,-26.25,6.90
38.45,-27.04,9.64
50.05,-37.90,13.06
63.48,-40.77,19.96
77.64,-48.22,26.37
85.33,-50.42,27.10
91.98,-54.14,28.81
91.61,-59.69,26.67
90.39,-61.22,30.94
87.65,-61.52,32.84
87.59,-58.53,30.33
91.49,-60.55,27.28
93.99,-61.89,22.83
96.98,-62.93,22.71
97.53,-62.26,23.38
95.21,-54.75,20.75
99.24,-55.36,21.00
98.33,-54.50,17.33
101.99,-54.63,15.20
105.47,-58.11,13.55
102.60,-56.09,15.81
98.82,-57.19,17.46
92.10,-46.20,15.38
88.07,-41.08,13.06
85.21,-33.81,12.02
86.00,-33.69,12.39
80.02,-27.40,11.41
77.76,-20.51,12.51
66.96,-20.20,14.95
58.35,-18.25,13.85
48.46,-15.87,15.32
46.33,-9.64,16.91
45.35,-10.50,16.78
41.93,-13.67,11.35
31.74,-13.31,1.71
30.52,-11.54,-0.67
20.45,-6.23,6.41
18.62,-10.44,4.21
14.71,-5.43,2.81
9.28,-1.89,2.75
3.85,-3.42,1.65
-1.22,-4.88,-1.10
-8.91,-8.24,-3.42
-17.88,-10.13,-5.37
-27.10,-10.01,-7.93
-35.89,-5.25,-10.56
-45.78,8.79,-15.87
-54.81,34.12,-18.25
-67.14,65.25,-13.43
-77.64,89.90,-5.86
-90.09,110.78,-6.29
-94.42,119.14,-12.08
-97.05,119.63,-21.85
-99.37,113.95,-33.57
-98.33,102.78,-45.10
-92.47,87.16,-52.92
-80.51,66.83,-53.16
-64.09,41.08,-44.43
-47.49,13.12,-28.26
-36.50,-11.23,-9.03
-31.37,-28.75,8.91
-27.53,-40.77,25.21
-22.95,-52.92,39.73
-25.27,-56.03,42.05
-27.22,-37.23,15.32
-11.96,-26.12,-1.89
4.33,-16.97,-1.59
7.75,-13.79,9.70
-0.24,-9.77,16.72
4.09,-2.69,17.70
10.74,0.24,24.84
13.67,2.62,50.23
7.32,9.09,78.86
8.12,16.17,100.83
18.25,20.51,122.86
19.78,23.62,141.60
15.81,31.86,145.45
16.42,33.87,149.41
14.65,27.77,158.26
6.16,21.79,162.96
1.95,14.40,167.36
-3.97,4.27,167.79
-10.13,1.89,158.51
-12.82,-4.09,149.41
-15.44,-3.23,146.97
-18.98,-6.96,144.53
-18.07,-15.32,140.56
-17.27,-11.35,135.25
-11.23,-11.35,126.28
-8.30,-14.47,120.42
-6.16,-20.51,116.21
-4.33,-23.99,106.81
-3.54,-16.42,98.94
-7.39,-16.85,94.24
-9.95,-15.63,86.06
-4.82,-18.19,76.48
-1.34,-19.04,63.96
1.53,-18.49,58.41
2.99,-19.04,56.52
5.74,-18.31,57.37
4.70,-15.50,61.83
1.83,-18.01,58.17
1.16,-19.78,55.05
-0.49,-15.93,49.50
1.10,-13.24,47.79
2.38,-17.27,56.15
1.34,-19.96,54.87
2.01,-21.06,52.49
3.17,-21.00,49.93
4.82,-11.35,50.48
2.81,-18.80,48.03
0.92,-15.99,28.81
5.07,-9.58,25.94
7.02,-10.93,30.46
6.53,-6.96,29.48
3.91,-2.44,24.48
3.11,-2.75,20.14
3.97,-4.58,14.71
5.92,-5.07,15.75
5.25,-2.62,17.15
6.29,-1.16,15.08
6.35,-1.34,11.11
6.59,-1.22,5.92
5.07,-0.55,3.23
3.97,-0.12,2.08
3.66,0.37,2.20
4.03,1.16,3.17
4.52,1.77,3.91
3.85,2.08,3.60
3.17,1.83,2.75
3.23,1.46,2.38
3.36,1.65,2.44
3.48,2.01,2.38
3.66,2.14,2.20
3.42,1.77,2.32
2.56,1.59,1.83
1.46,1.77,0.92
0.92,2.62,0.00
0.98,4.27,-0.37
1.46,5.98,0.00
1.77,6.96,0.00
1.83,7.20,-0.18
1.59,7.32,-0.12
1.53,7.14,-0.43
