-,-,-
6.59,5.31,-2.20
8.97,-1.22,-0.98
7.20,-8.36,4.94
5.62,-3.48,0.73
8.42,-1.65,-5.19
5.74,-8.48,-0.92
3.91,-8.18,4.21
4.09,-3.54,2.38
5.25,0.12,-1.04
5.13,1.34,1.46
5.19,-3.42,5.68
5.25,-4.21,3.60
7.14,-5.13,1.28
5.07,-3.91,1.59
4.39,2.01,-0.06
3.85,3.48,-0.55
3.36,4.09,0.49
3.97,4.52,1.22
4.27,4.33,1.59
4.03,3.91,2.20
3.72,3.48,2.81
4.03,3.11,3.36
4.27,2.87,3.91
4.27,2.20,3.97
4.33,1.71,3.91
4.15,1.46,3.78
3.72,1.71,3.54
3.78,2.50,3.23
4.39,3.60,2.87
5.13,4.88,2.50
5.80,6.10,2.38
6.96,7.26,2.87
9.58,7.81,4.39
12.51,7.75,7.87
15.32,9.34,11.47
20.75,8.06,17.21
29.30,-5.68,26.98
34.00,-10.25,30.40
40.83,-6.35,28.26
44.74,-10.62,30.94
46.88,-15.99,25.09
51.76,-14.95,15.32
62.87,-23.62,22.52
72.94,-28.02,35.52
88.32,-24.11,35.71
102.60,-21.30,42.66
106.93,-20.87,52.00
113.53,-32.84,50.66
116.88,-42.54,40.10
121.70,-42.66,41.50
128.48,-44.98,42.36
141.54,-58.65,32.84
152.10,-70.25,31.37
150.09,-70.01,29.24
153.38,-76.11,20.69
147.16,-80.51,7.69
141.97,-80.08,10.68
127.50,-63.96,31.68
117.43,-34.42,40.89
102.05,-20.20,35.71
106.99,-36.50,17.03
99.30,-38.76,5.07
83.07,-41.63,5.62
61.65,-47.42,-0.73
31.19,-49.26,-17.46
0.37,-47.85,-28.50
-29.66,-38.70,-34.06
-51.94,-20.51,-36.44
-68.73,6.04,-39.98
-79.90,37.48,-42.85
-92.53,66.53,-45.72
-106.02,87.59,-50.05
-117.07,98.51,-53.59
-129.46,101.14,-56.88
-138.55,98.75,-58.29
-138.55,89.23,-55.24
-131.16,71.96,-47.42
-116.33,51.39,-34.36
-94.36,29.91,-16.36
-71.47,8.67,-0.31
-49.68,-10.74,-1.28
-50.05,-8.18,2.44
-44.19,11.60,15.81
-43.21,22.22,46.51
-49.99,37.96,77.15
-47.24,55.24,93.69
-46.14,70.98,125.18
-49.19,86.12,157.59
-47.55,89.29,179.08
-45.35,82.34,186.65
-48.10,72.20,183.65
-51.45,61.22,165.04
-48.83,52.06,149.23
-48.52,52.49,127.32
-40.65,48.28,94.79
-31.07,45.23,62.38
-21.97,46.57,34.12
-11.23,47.91,3.36
6.65,48.10,-26.31
33.02,44.31,-60.24
62.68,33.14,-94.79
86.24,15.01,-117.19
98.69,-5.13,-116.70
102.97,-17.52,-98.21
99.91,-8.12,-72.14
98.21,-3.78,-53.53
105.41,-17.40,-37.90
107.18,-41.20,-13.92
110.96,-62.13,-4.82
120.73,-77.09,-5.74
134.52,-79.96,-6.77
142.82,-88.38,-3.30
165.04,-110.66,-1.53
172.55,-109.19,-2.69
168.58,-103.82,-4.46
145.20,-86.98,-4.82
110.66,-61.89,-15.50
75.56,-37.54,-30.33
43.58,-14.89,-38.82
20.14,8.91,-55.79
4.58,24.72,-81.05
-7.63,38.15,-109.80
-19.29,48.22,-143.92
-31.68,47.85,-181.88
-44.74,35.22,-218.14
-61.34,15.32,-246.95
-78.61,-5.13,-264.71
-91.98,-23.74,-270.94
-93.08,-40.22,-264.83
-75.87,-53.65,-248.72
-89.05,-53.71,-215.27
-80.02,-45.47,-160.77
-80.63,-36.56,-97.84
-75.81,-29.24,-36.01
-65.37,-22.22,13.85
-47.36,-18.07,46.14
-21.67,-16.78,49.44
7.45,-13.43,18.68
20.87,-7.32,-2.56
-6.29,4.27,14.95
-13.49,6.84,44.13
-13.24,8.97,75.93
-6.90,19.96,104.80
8.91,32.53,129.52
16.97,40.53,177.43
25.76,45.17,192.44
43.58,48.95,208.62
49.68,73.97,254.39
61.71,95.64,294.01
76.35,99.67,322.27
73.00,100.10,333.86
63.35,88.20,327.03
48.65,64.58,297.24
31.25,39.73,250.55
12.02,28.38,195.19
-0.06,10.19,135.56
-4.58,4.88,82.09
-5.13,15.63,37.11
0.12,21.61,-0.43
10.01,29.11,-37.41
20.45,32.35,-89.66
31.19,27.47,-156.80
34.12,13.55,-221.01
28.14,-3.54,-277.47
10.13,-23.56,-323.43
-14.65,-43.70,-357.18
-31.37,-69.27,-382.20
-45.65,-93.38,-389.22
-47.12,-121.64,-370.85
-56.52,-143.92,-330.87
-69.03,-148.32,-279.72
-79.77,-142.27,-221.62
-87.71,-131.10,-151.12
-68.97,-107.85,-77.39
-45.72,-81.05,-17.76
-18.25,-59.08,20.45
8.91,-38.70,41.02
26.98,-18.01,55.30
30.94,-1.34,68.42















-,-,-
-1.89,-5.80,0.49
-2.62,-6.35,1.16
-3.42,-6.77,1.65
-3.85,-6.96,1.89
-3.85,-6.41,1.65
-3.78,-5.92,1.40
-3.72,-5.37,1.28
-3.48,-4.70,0.85
-3.54,-4.27,0.55
-3.23,-3.91,0.31
-2.81,-3.48,0.24
-2.69,-3.42,0.43
-2.56,-3.48,0.55
-1.83,-3.48,0.61
-1.40,-3.54,0.79
-1.10,-3.78,1.04
-0.79,-3.97,1.04
-0.61,-4.03,1.34
-1.16,-4.27,1.46
-0.92,-4.21,1.22
-0.79,-4.15,1.46
0.06,-3.85,1.65
1.53,-3.66,2.20
2.56,-3.66,2.99
2.69,-3.97,4.15
2.99,-4.27,4.88
2.99,-4.33,5.19
2.87,-3.85,5.07
2.44,-2.99,4.39
1.95,-1.71,3.30
2.87,0.37,3.42
7.14,0.24,8.18
11.23,2.01,11.47
18.80,4.46,13.24
27.89,-0.92,26.31
36.25,-5.55,36.87
46.08,-6.65,35.64
55.91,-13.73,41.26
61.40,-16.91,45.84
72.94,-15.93,47.12
84.23,-23.01,55.73
91.74,-32.23,53.47
101.26,-42.60,39.12
107.24,-46.08,37.60
110.35,-44.49,39.55
115.78,-41.99,45.90
121.77,-38.21,49.80
127.87,-35.03,48.58
133.73,-30.21,53.77
138.43,-33.75,52.00
143.74,-42.60,34.55
145.51,-44.07,30.40
141.85,-38.64,34.30
144.96,-39.06,36.68
149.05,-28.08,24.29
148.62,-44.43,23.44
150.45,-61.65,28.93
141.54,-66.59,23.44
127.81,-76.97,15.20
101.50,-81.05,13.85
68.12,-77.21,5.49
37.72,-68.42,-7.87
8.61,-56.40,-20.32
-12.70,-47.85,-25.63
-28.38,-32.23,-29.60
-41.56,-14.59,-39.37
-52.37,7.87,-53.89
-63.17,32.90,-61.89
-75.87,54.38,-64.15
-88.81,71.35,-64.94
-98.75,87.83,-65.19
-109.31,102.91,-62.01
-118.65,113.10,-55.66
-121.64,116.82,-46.14
-117.55,109.01,-32.17
-102.66,88.13,-12.57
-85.39,57.62,9.46
-61.83,23.80,7.08
-53.28,3.05,9.95
-49.62,13.24,32.04
-48.16,23.01,51.15
-49.38,33.14,62.56
-54.38,55.85,86.06
-53.53,83.80,115.91
-50.42,103.03,143.49
-49.44,115.78,163.82
-46.81,109.99,179.14
-47.00,100.83,175.96
-45.47,90.70,157.65
-45.96,70.56,141.17
-44.25,57.43,127.75
-39.86,43.70,116.21
-37.05,36.50,83.68
-26.12,34.18,48.58
-15.99,29.66,21.12
-6.71,30.64,-8.18
6.23,38.39,-43.82
25.39,44.07,-83.13
44.92,45.47,-120.97
64.51,37.17,-145.32
71.35,20.57,-150.70
69.09,-0.92,-139.47
64.94,-24.78,-117.86
62.68,-52.37,-89.54
62.26,-81.60,-56.40
59.02,-106.57,-20.51
56.09,-106.51,1.40
48.16,-61.89,3.17
50.72,-44.62,4.70
59.69,-21.61,5.80
63.78,-49.07,20.51
77.82,-67.38,20.81
97.84,-71.23,12.70
114.93,-79.28,18.55
129.76,-87.34,28.08
143.92,-94.79,30.94
149.48,-97.47,26.98
140.81,-101.93,20.57
118.41,-92.77,13.06
86.67,-79.16,2.69
56.34,-63.48,-12.51
33.94,-46.57,-25.88
15.50,-25.27,-38.27
6.71,-9.46,-61.10
2.32,-0.31,-93.02
-3.11,6.71,-130.74
-8.48,14.59,-171.94
-15.93,20.51,-211.61
-27.53,22.40,-242.61
-38.21,19.29,-258.06
-48.77,10.13,-254.27
-51.88,-4.76,-237.73
-65.92,-20.08,-213.07
-63.29,-31.98,-184.75
-62.32,-35.71,-155.33
-61.77,-36.07,-126.34
-70.92,-37.48,-88.62
-80.99,-36.93,-39.73
-74.83,-30.15,8.00
-62.62,-18.98,32.96
-24.05,-9.58,5.43
8.12,-15.93,-3.91
-4.27,-0.92,20.69
-5.19,7.69,46.57
0.73,6.04,64.33
4.15,4.58,68.12
6.35,14.83,80.26
7.69,19.41,99.79
4.33,24.41,123.35
9.09,37.41,146.61
23.01,54.99,169.74
38.33,70.13,211.85
45.23,86.06,251.46
64.82,85.88,252.32
69.15,93.75,274.78
62.68,93.69,302.00
51.82,91.31,323.55
40.16,80.75,326.78
28.32,72.02,307.19
17.70,56.70,272.46
5.43,33.45,228.64
-4.82,18.80,176.27
-12.33,8.12,123.72
-15.50,0.31,75.26
-12.39,1.16,31.37
-4.64,9.83,-7.14
7.08,18.98,-50.05
23.07,19.96,-98.63
39.37,9.52,-146.18
44.13,-10.62,-192.02
35.03,-34.79,-236.15
30.70,-58.17,-276.18
6.65,-78.00,-304.32
-22.83,-90.33,-313.96
-45.29,-96.50,-304.32
-50.66,-100.95,-283.87
-50.29,-101.99,-255.31
-40.04,-100.16,-223.21
-28.02,-96.50,-192.26
-18.01,-93.32,-163.45















-,-,-
-0.12,2.01,-0.18
-0.55,2.44,-1.10
-0.98,2.44,-1.46
-1.71,2.14,-1.40
-1.89,1.89,-1.71
-1.89,1.53,-2.44
-2.26,0.85,-2.99
-2.56,-0.06,-3.17
-2.38,-0.67,-3.11
-2.32,-1.10,-2.62
-3.05,-0.98,-1.65
-3.30,-0.61,-1.04
-3.54,-0.61,-0.98
-3.42,-0.92,-0.67
-3.42,-1.83,-0.67
-3.05,-2.99,-0.55
-3.30,-4.21,-0.55
-3.48,-4.58,-0.55
-4.03,-4.64,-0.06
-4.46,-4.09,0.43
-4.03,-3.17,0.18
-4.09,-2.32,-0.12
-5.62,-1.34,0.06
-5.49,-0.18,-0.49
-4.82,1.22,-1.89
-4.27,2.62,-2.93
-3.78,3.23,-2.69
-3.48,2.87,-1.40
-2.99,1.53,-0.24
-2.32,-0.12,0.67
-1.83,-2.50,1.89
-2.14,-5.31,3.30
-2.56,-9.16,5.62
-3.17,-14.04,10.68
-3.72,-19.29,18.25
-2.93,-22.28,13.24
3.72,-17.03,-0.18
1.83,-12.21,8.73
-0.06,-13.37,10.19
3.30,-9.95,6.96
9.22,-5.43,8.48
18.68,-4.58,10.86
31.07,-5.25,13.55
46.81,-14.28,19.53
62.50,-24.84,27.95
81.48,-30.64,33.94
106.02,-41.50,37.96
130.74,-50.84,52.86
152.34,-55.05,69.15
174.50,-58.17,76.90
195.92,-67.14,76.78
216.61,-78.31,81.67
227.72,-79.22,88.68
239.69,-79.59,93.57
245.61,-78.25,93.51
243.71,-77.33,96.31
237.37,-71.04,91.06
235.23,-63.84,79.77
228.21,-56.70,63.29
217.59,-47.42,39.00
199.89,-37.78,19.23
164.31,-23.38,10.62
139.04,-32.53,9.58
101.87,-25.82,-1.89
64.58,-22.89,-12.45
25.15,-15.38,-20.87
-4.09,-6.65,-22.52
-30.03,2.26,-22.71
-50.54,6.35,-28.63
-66.83,15.08,-43.21
-78.25,21.30,-50.60
-89.72,26.49,-49.99
-101.01,32.90,-48.95
-113.22,39.67,-46.75
-121.46,45.23,-41.56
-121.83,47.18,-29.79
-110.11,44.01,-9.77
-85.33,31.31,6.53
-63.96,19.90,8.48
-48.10,16.78,13.79
-39.00,13.12,33.45
-37.90,14.95,52.31
-39.12,27.10,74.28
-41.38,41.38,103.52
-44.43,58.23,139.71
-49.01,76.23,162.54
-49.07,81.05,173.03
-46.94,83.31,164.25
-40.22,81.73,155.94
-28.08,71.17,158.81
-26.37,63.48,151.92
-30.15,55.24,112.06
-26.49,43.15,66.41
-20.69,33.94,34.06
-13.00,42.05,10.25
-5.37,44.07,-17.64
6.59,38.27,-50.48
20.14,32.17,-92.47
28.81,23.25,-123.11
32.78,10.44,-138.43
37.11,-3.23,-141.11
35.83,-20.45,-130.80
37.96,-42.18,-111.45
43.27,-67.14,-86.98
50.11,-91.86,-56.40
57.07,-109.92,-21.24
62.44,-105.77,5.92
52.86,-46.20,13.49
55.11,-7.63,14.22
68.42,22.95,11.78
73.85,6.53,17.15
97.11,-29.05,17.27
116.46,-40.59,10.13
138.98,-54.75,5.00
152.95,-63.84,10.38
157.65,-68.24,6.47
148.86,-72.88,-4.15
120.73,-68.91,-13.98
87.89,-61.52,-20.32
53.53,-48.77,-27.10
34.61,-36.56,-32.90
18.68,-15.50,-28.56
10.38,-3.23,-35.64
-0.49,4.52,-47.97
-13.43,10.74,-68.05
-27.04,13.61,-100.22
-44.68,13.49,-139.71
-66.59,12.94,-183.17
-89.60,9.03,-221.80
-109.62,1.83,-250.92
-124.76,-8.73,-266.60
-135.50,-21.85,-264.28
-140.26,-34.36,-244.81
-133.73,-44.56,-208.31
-127.93,-47.36,-164.00
-117.55,-45.59,-123.90
-98.08,-48.58,-81.42
-82.09,-47.73,-45.90
-63.72,-41.38,-31.56
-38.27,-30.33,-21.48
-25.70,-14.10,-3.42
-20.39,-1.22,8.85
-20.45,2.20,12.51
-14.95,-0.73,16.30
-12.33,-3.85,26.98
-11.84,1.04,41.14
-2.75,9.09,57.62
2.81,22.83,96.37
-4.58,43.88,137.02
25.70,39.86,129.88
24.48,47.36,164.43
25.57,63.29,206.30
38.88,74.89,237.49
50.54,86.79,261.66
62.13,88.44,286.32
60.42,94.67,297.79
57.01,89.23,301.70
51.88,77.27,289.61
45.96,64.27,259.52
38.76,45.65,223.75
30.52,26.06,178.83
23.13,15.32,133.54
13.24,7.20,95.03
5.31,4.82,61.65
-1.59,9.95,37.78
-7.02,18.49,9.89
-10.25,24.96,-19.78
-11.78,28.26,-63.66
-5.43,25.51,-125.49
2.69,13.24,-191.71
3.66,-5.13,-250.92
-2.14,-29.36,-298.34
-14.77,-56.34,-334.23
-45.78,-76.54,-359.19
-72.45,-89.84,-371.70
-87.22,-100.28,-369.38
-88.44,-109.19,-350.71
-83.44,-113.22,-313.05
-77.15,-111.76,-261.23
-71.66,-106.08,-204.22















-,-,-
-22.71,1.95,-3.23
-21.61,0.24,-2.50
-21.97,-2.44,1.16
-21.12,-4.70,5.07
-19.17,-6.90,8.00
-16.85,-9.64,10.19
-14.83,-12.63,12.94
-12.39,-15.14,15.99
-9.95,-14.89,8.73
-1.22,-8.00,-5.55
-1.40,-2.38,1.28
-2.75,-2.93,5.86
0.85,-2.69,2.81
2.50,1.28,0.24
2.75,2.50,-0.06
1.89,1.34,0.73
1.16,-0.06,2.14
1.34,-1.40,2.44
1.77,-2.56,1.53
2.01,-4.21,1.10
1.53,-5.68,1.59
1.40,-6.10,2.38
1.04,-5.98,3.05
1.10,-5.25,3.30
1.83,-3.48,2.99
3.23,-1.10,3.05
5.00,2.08,3.72
7.08,4.94,5.19
10.80,7.14,7.02
15.81,7.75,10.80
24.54,2.44,20.87
35.10,-7.51,34.30
46.33,-4.76,39.49
66.04,-11.47,46.39
81.91,-22.83,50.54
95.34,-35.10,51.64
108.64,-46.02,57.31
122.99,-55.79,63.11
138.73,-59.94,64.15
153.32,-63.78,59.57
166.50,-68.85,58.41
168.70,-69.82,56.34
173.71,-72.02,56.15
169.43,-66.35,61.04
164.92,-66.53,51.76
160.46,-67.69,49.80
139.53,-56.09,53.53
119.93,-41.26,40.65
94.48,-32.10,23.32
65.06,-24.96,13.00
31.92,-10.50,7.45
6.04,9.03,-5.74
-15.08,15.93,-16.78
-31.37,8.06,-22.34
-43.64,1.22,-32.53
-55.48,-0.12,-43.15
-68.97,5.43,-52.61
-82.46,11.54,-60.55
-93.75,21.42,-63.11
-99.98,34.48,-62.87
-97.60,43.52,-54.14
-86.06,45.59,-37.60
-65.00,38.45,-19.17
-45.23,29.48,-3.48
-29.05,29.24,12.15
-16.54,25.63,22.16
-14.77,24.17,30.03
-17.46,26.12,39.98
-22.58,31.49,48.71
-25.33,43.03,64.70
-24.41,57.43,93.14
-23.13,75.38,116.58
-18.37,83.13,138.37
-19.71,82.03,146.61
-20.75,82.15,145.39
-25.21,83.86,121.77
-26.31,68.30,96.44
-28.38,56.88,80.44
-28.50,44.86,62.32
-26.98,39.31,49.32
-24.48,36.07,32.17
-18.98,34.06,16.91
-8.61,24.11,-4.94
5.25,17.27,-23.19
21.91,10.62,-46.63
39.67,6.16,-75.87
48.89,1.89,-99.00
42.79,-2.44,-106.45
38.33,-5.43,-99.79
43.64,-8.97,-84.41
52.86,-15.26,-64.21
64.88,-29.11,-39.92
74.10,-50.60,-13.24
80.02,-74.46,12.27
87.16,-93.99,30.33
88.75,-87.89,34.00
82.46,-41.14,21.61
98.33,-26.18,24.72
122.80,-37.66,28.56
139.34,-57.37,26.86
153.38,-58.53,21.97
165.71,-60.42,20.87
172.00,-40.89,26.86
175.54,-42.91,24.05
186.89,-59.14,5.25
180.60,-62.93,-13.43
155.09,-69.58,-31.25
107.18,-66.47,-31.74
60.73,-53.28,-33.94
25.33,-36.68,-39.92
3.23,-12.33,-39.18
-10.74,14.71,-41.63
-21.00,30.52,-56.27
-33.94,36.93,-81.42
-46.81,35.77,-116.39
-61.22,23.80,-155.46
-73.24,5.07,-193.54
-80.63,-15.20,-224.98
-87.89,-32.23,-242.13
-94.48,-42.79,-240.97
-95.58,-48.03,-221.37
-89.11,-50.05,-181.82
-76.11,-50.42,-127.50
-59.81,-52.92,-72.08
-53.34,-57.31,-22.09
-38.45,-52.92,-6.29
-14.95,-35.52,10.56
-15.99,-1.10,29.48
14.28,2.93,32.71
23.50,-7.57,32.04
7.69,-5.49,38.94
-0.55,4.52,48.28
-2.14,13.37,63.29
5.80,28.26,108.15
19.59,52.06,157.96
39.06,78.55,197.88
61.28,90.58,235.41
73.67,89.23,255.98
77.70,90.39,267.64
74.71,88.62,269.23
71.41,75.56,265.38
58.11,71.23,247.01
46.14,65.55,224.24
31.49,56.03,192.69
26.31,40.65,159.24
20.14,28.14,129.94
18.62,23.07,103.15
9.77,28.81,82.34
0.31,32.10,67.75
-8.24,31.56,43.40
-7.69,26.55,16.66
-1.95,20.45,-18.01
4.33,13.98,-66.35
12.94,0.79,-132.14
13.92,-17.09,-197.51
7.51,-34.30,-254.58
0.49,-47.18,-298.10
-20.39,-57.92,-329.35
-30.76,-70.13,-346.31
-35.71,-83.07,-351.93
-43.46,-95.28,-345.21
-45.10,-106.87,-321.23
-37.96,-113.95,-278.75
-39.86,-112.18,-223.63
-43.46,-106.32,-169.43
-47.49,-97.60,-119.51
-58.90,-88.20,-76.23
-64.64,-78.00,-39.61
-60.12,-71.96,-12.02
-44.62,-64.39,-2.26
-22.40,-53.34,-0.06
-3.91,-37.54,5.31
9.28,-22.83,14.47
21.18,-13.55,29.17
28.69,-4.58,52.25
35.64,1.53,69.64
48.16,7.69,73.06
47.85,12.27,97.41
46.26,20.20,144.71
55.36,23.80,179.87















-,-,-
4.70,-23.44,15.14
12.70,-16.78,5.25
21.79,-33.75,11.05
10.25,-26.18,13.98
12.33,-7.69,7.75
20.08,-10.50,7.57
12.63,-11.05,8.67
12.27,-5.92,3.78
13.24,-9.40,1.16
8.79,-9.89,5.00
8.61,-10.07,9.09
8.91,-8.06,8.79
10.56,-2.14,6.90
14.89,-12.63,9.83
11.05,-15.38,10.99
13.43,-20.45,12.45
11.72,-20.26,6.41
14.77,-23.99,8.18
11.96,-20.32,6.84
13.00,-17.46,9.46
11.41,-14.10,10.19
10.25,-5.25,8.12
13.18,-3.17,8.30
13.79,-7.26,10.86
13.98,-9.28,10.01
14.04,-4.52,9.52
17.15,-3.17,13.12
22.40,-11.41,15.20
26.73,-11.23,16.48
34.30,-6.47,19.71
49.19,-14.47,26.06
61.10,-15.87,34.12
75.13,-17.58,40.41
87.83,-29.79,41.44
97.78,-34.24,39.31
106.63,-30.46,52.98
113.71,-29.30,59.45
124.39,-38.15,58.23
129.76,-45.59,46.33
130.00,-46.51,43.88
127.50,-48.34,48.65
128.66,-47.97,48.83
134.09,-37.29,58.59
127.56,-2.81,62.81
141.42,-44.37,75.44
142.88,-66.35,66.04
135.01,-73.30,48.65
125.12,-80.81,34.18
105.96,-86.12,22.22
76.54,-85.82,12.21
47.12,-74.71,4.39
20.63,-61.28,-0.98
3.91,-43.09,-7.87
-8.61,-21.30,-12.15
-21.42,-9.03,-16.54
-37.35,2.20,-26.25
-56.09,18.31,-36.38
-73.43,37.60,-44.92
-93.20,59.02,-54.02
-111.33,80.08,-62.13
-125.18,98.33,-68.18
-132.45,111.45,-72.75
-127.93,115.17,-74.65
-114.99,106.69,-70.13
-100.28,88.56,-54.87
-85.57,63.66,-30.52
-73.55,36.62,-3.36
-66.16,12.02,20.51
-50.29,-10.74,8.61
-54.32,-11.72,-9.64
-53.65,21.00,0.12
-48.34,56.27,32.53
-41.75,81.91,68.24
-31.25,93.69,107.12
-32.29,104.00,134.77
-29.05,108.40,149.60
-29.30,107.97,156.62
-33.87,103.94,143.68
-32.84,96.07,131.23
-35.28,82.34,123.35
-38.94,75.01,104.74
-34.61,69.09,82.21
-29.30,64.15,65.80
-24.66,60.91,48.58
-16.30,56.03,26.12
-7.57,41.81,5.00
2.87,29.30,-15.26
14.95,20.75,-35.28
27.10,13.18,-60.55
38.64,4.46,-83.74
45.10,-6.71,-94.97
49.19,-17.64,-91.92
58.11,-26.92,-80.20
71.66,-39.67,-62.32
87.71,-58.65,-37.78
99.73,-80.44,-8.24
106.45,-89.42,13.24
103.09,-60.30,12.57
116.88,-44.13,15.93
133.30,-42.30,20.08
144.29,-64.03,20.87
147.22,-51.51,10.68
162.96,-77.03,11.11
176.39,-97.47,8.12
185.00,-97.47,4.70
184.45,-101.93,-2.50
158.63,-105.04,-8.30
113.71,-95.70,-21.48
64.03,-76.05,-35.64
26.25,-45.96,-39.55
1.65,-13.43,-44.98
-7.69,10.80,-56.52
-18.19,26.18,-75.87
-25.33,30.82,-103.39
-32.65,25.88,-134.58
-43.21,13.24,-165.28
-55.24,-1.95,-193.48
-66.47,-18.86,-215.21
-79.28,-34.55,-226.20
-89.90,-46.39,-223.82
-86.43,-55.79,-207.58
-80.20,-65.25,-177.67
-67.44,-70.19,-131.90
-53.53,-74.52,-73.49
-42.42,-72.75,-49.80
-11.78,-68.42,-49.01
0.98,-44.37,-15.93
11.35,-12.63,21.79
13.37,10.38,39.49
15.14,25.57,49.01
14.22,34.55,52.61
5.98,38.09,73.49
-1.71,47.42,90.45
4.27,64.09,111.39
21.91,84.05,138.67
38.76,103.58,171.51
59.63,114.93,198.85
78.25,112.73,231.45
78.31,109.68,251.59
74.65,107.42,268.31
70.98,92.41,282.10
62.99,85.82,274.17
54.44,73.30,249.39
41.75,48.83,225.04
25.15,31.07,192.44
12.57,22.83,158.39
0.18,19.23,122.56
-7.39,14.40,92.22
-14.47,23.74,70.07
-19.90,36.87,52.37
-23.56,39.06,40.95
-22.34,41.50,17.88
-14.28,39.31,-9.28
-1.89,31.31,-42.48
8.30,16.42,-96.37
13.55,-7.32,-161.13
11.96,-37.90,-224.43
4.46,-67.99,-278.87
0.06,-90.21,-316.59
-9.52,-103.45,-337.28
-37.29,-101.20,-344.18
-36.87,-94.60,-335.27
-34.61,-88.07,-306.76
-29.54,-84.35,-267.46
-23.99,-82.46,-226.62
-23.32,-83.07,-184.81
-38.33,-88.26,-147.09
-40.22,-101.75,-117.74
-33.08,-106.93,-91.80
-46.57,-109.86,-62.13
-59.75,-110.53,-33.26
-64.39,-105.96,-10.74
-57.43,-91.86,-1.22
-35.34,-68.97,-20.63
-2.01,-60.36,-24.54
1.89,-32.65,-0.79
7.93,-5.37,28.56
23.32,4.82,72.39
28.75,12.76,109.56















-,-,-
3.54,-0.06,1.10
3.36,-1.59,1.77
2.99,-3.11,1.40
2.38,-5.13,0.85
1.16,-6.16,0.67
0.79,-6.71,0.67
1.16,-6.84,1.04
0.12,-7.20,1.28
0.00,-7.57,0.98
-0.73,-8.06,0.79
-2.32,-8.24,0.79
-3.54,-8.85,0.79
-3.54,-9.64,0.67
-4.03,-9.89,0.37
-4.46,-10.07,0.18
-4.82,-10.07,0.12
-4.70,-9.40,0.12
-4.15,-8.24,0.55
-3.72,-7.08,0.92
-4.70,-6.59,1.10
-5.13,-6.65,1.04
-5.31,-6.53,0.92
-5.13,-6.53,0.98
-5.43,-6.47,1.40
-4.76,-6.10,2.08
-3.97,-5.86,2.62
-2.44,-5.62,2.87
-0.49,-5.49,3.54
1.46,-5.13,4.82
7.63,-12.02,8.97
13.37,-22.52,15.75
21.67,-28.08,20.87
33.33,-28.63,24.90
48.71,-26.67,28.08
70.25,-33.81,35.64
85.08,-40.34,41.20
100.71,-45.47,51.39
111.94,-51.51,62.68
127.32,-55.36,73.43
140.93,-58.04,81.05
157.90,-63.11,87.22
172.91,-68.97,92.83
182.56,-73.18,90.39
190.61,-78.19,91.98
188.35,-77.76,87.46
186.95,-71.96,81.54
183.35,-64.51,82.03
173.40,-39.31,75.93
162.96,-48.89,69.52
145.63,-49.19,53.10
118.71,-46.45,29.17
80.87,-40.47,14.95
42.18,-22.89,-0.61
14.34,-9.52,-12.27
-0.24,-3.91,-15.63
-11.60,1.59,-17.27
-21.67,0.55,-26.06
-35.83,2.26,-37.66
-53.65,6.16,-46.33
-70.50,16.54,-59.14
-87.34,29.11,-69.70
-101.56,43.09,-77.64
-111.63,54.26,-80.08
-117.00,61.83,-75.56
-115.54,65.92,-64.39
-104.80,66.04,-46.75
-84.84,63.11,-21.48
-61.65,51.88,10.80
-41.08,34.91,36.50
-17.09,8.61,17.76
-26.55,-5.49,8.30
-34.85,13.37,14.22
-36.25,36.99,37.05
-34.30,54.69,62.50
-35.52,73.85,77.51
-37.66,97.96,96.98
-45.78,116.58,120.54
-54.87,125.73,131.53
-60.36,125.06,128.91
-60.91,125.92,122.13
-53.77,112.85,127.81
-41.87,99.49,126.46
-33.02,84.29,109.25
-26.86,65.25,77.70
-15.01,40.22,46.69
-4.39,27.77,27.10
3.17,24.72,4.82
15.26,15.32,-10.93
29.05,2.44,-25.94
45.04,-9.28,-50.96
61.28,-21.48,-76.11
69.21,-31.19,-91.49
62.50,-35.64,-93.44
57.37,-36.99,-84.47
56.09,-39.12,-68.60
61.28,-43.40,-48.10
69.40,-49.87,-23.38
79.28,-56.21,1.77
89.11,-47.12,12.94
95.15,-30.94,13.31
116.70,-25.51,21.97
136.41,-33.26,29.97
153.02,-48.89,32.10
161.38,-40.65,29.85
178.16,-64.45,40.89
181.03,-64.51,46.08
180.85,-58.59,34.61
170.41,-59.27,18.13
149.11,-57.98,2.50
122.38,-52.19,-10.13
89.48,-38.64,-13.37
58.90,-24.72,-17.88
38.27,-12.33,-28.87
18.13,-2.08,-38.39
5.43,5.92,-54.81
-6.04,11.11,-77.94
-18.98,15.38,-106.26
-31.25,19.47,-137.02
-45.84,20.63,-168.15
-57.37,16.91,-197.94
-64.21,8.54,-221.50
-65.98,-4.76,-234.19
-67.75,-21.12,-231.14
-69.58,-37.41,-208.13
-67.81,-49.56,-161.93
-56.27,-53.47,-102.11
-48.10,-51.09,-45.65
-46.63,-47.36,0.67
-42.72,-43.27,37.66
-41.50,-36.93,60.73
-11.29,-25.15,22.77
-6.35,-14.53,4.94
-18.43,0.85,17.94
-9.58,3.23,49.74
7.81,8.97,83.19
21.12,25.15,110.96
26.43,42.11,132.14
31.37,57.86,144.23
38.64,69.89,169.68
39.25,90.58,201.54
47.73,103.39,222.96
56.27,112.30,245.24
58.35,107.97,259.28
54.32,100.89,252.81
49.80,81.67,232.30
41.50,58.96,209.72
26.55,46.57,182.74
17.46,22.52,157.84
7.20,12.82,122.80
-0.37,6.16,89.42
-8.61,2.69,58.29
-14.83,4.94,42.30
-19.90,12.51,24.72
-17.64,19.53,7.57
-11.41,20.94,-8.42
-3.60,20.20,-36.38
9.16,16.11,-85.33
20.14,2.99,-142.88
29.79,-17.82,-198.73
21.24,-37.11,-245.73
3.54,-53.41,-280.82
-14.16,-68.79,-307.07
-30.58,-79.96,-324.58
-40.89,-86.67,-329.16
-49.50,-89.42,-317.87
-54.14,-89.23,-290.10
-55.42,-88.07,-251.34
-51.27,-87.65,-207.82
-44.49,-87.52,-161.38
-38.64,-86.85,-112.43
-38.33,-85.14,-61.77
-40.59,-80.32,-12.51
-38.21,-72.57,29.72
-28.63,-61.28,54.14
-4.27,-45.41,34.67
18.74,-34.42,15.99
14.65,-20.45,46.08
20.14,-2.20,91.19
48.89,7.51,120.73















-,-,-
4.39,0.31,5.43
2.56,0.67,5.19
2.14,0.12,3.97
1.16,-0.67,2.93
-0.61,-1.46,2.69
-1.46,-2.01,2.62
-1.10,-2.44,2.50
-0.61,-2.62,2.56
-1.04,-3.11,2.01
-1.83,-4.03,1.10
-2.99,-4.76,0.79
-3.48,-5.31,0.98
-2.50,-5.62,1.16
-1.46,-5.49,1.53
-0.85,-5.13,2.01
-0.61,-4.64,2.44
-0.55,-4.03,2.62
-0.92,-3.72,2.14
-1.34,-3.91,1.77
-1.71,-3.78,1.71
-1.77,-3.78,1.59
-1.71,-3.78,1.34
-2.01,-3.78,1.34
-1.46,-3.36,1.46
-0.55,-2.69,1.77
-0.06,-2.01,1.89
0.61,-0.98,2.20
1.71,0.37,2.50
2.69,1.77,2.62
4.03,3.17,2.69
5.31,4.39,2.93
6.59,5.13,3.36
8.12,5.37,4.09
11.78,3.66,5.62
19.29,-3.78,7.39
28.87,-18.92,8.24
37.60,-27.16,12.15
50.54,-25.33,19.29
71.66,-30.64,28.20
90.03,-41.87,35.58
103.15,-47.42,46.39
116.27,-50.29,59.63
130.86,-47.85,63.90
149.35,-48.95,70.50
163.39,-51.21,80.75
175.17,-48.40,83.37
188.11,-53.59,70.31
198.55,-63.11,65.43
200.74,-72.39,70.43
204.83,-76.35,72.69
204.59,-79.22,62.07
199.34,-85.21,47.24
184.88,-89.97,28.56
163.02,-87.40,13.98
132.08,-76.29,11.96
102.54,-53.04,1.95
60.00,-11.29,-5.25
30.94,-17.64,-0.37
3.78,-5.37,-5.55
-19.90,2.75,-16.66
-37.90,-1.46,-25.15
-53.34,-0.37,-32.23
-70.31,8.36,-36.25
-84.23,15.75,-35.28
-94.42,26.25,-36.68
-104.49,38.33,-41.87
-115.17,49.74,-45.53
-124.45,60.24,-44.62
-124.21,63.78,-37.60
-109.92,57.62,-30.40
-90.58,50.11,-22.89
-67.02,43.33,-11.78
-46.75,38.09,2.20
-34.30,32.10,21.91
-27.34,27.95,39.61
-26.73,32.53,58.04
-29.54,42.66,81.79
-34.79,58.04,103.76
-39.06,77.70,135.68
-43.52,100.46,161.93
-43.58,113.46,184.51
-43.58,119.32,181.09
-39.18,113.22,171.57
-34.97,97.35,156.01
-30.09,74.58,129.94
-25.33,53.16,95.03
-20.63,38.51,64.58
-13.55,27.77,43.88
-4.52,23.50,21.79
3.48,19.84,1.34
10.19,16.48,-16.60
17.27,8.91,-41.69
25.57,-1.59,-74.83
31.92,-13.73,-104.19
34.18,-23.25,-122.19
40.10,-30.03,-123.23
42.05,-35.34,-108.58
45.17,-40.95,-86.61
54.69,-49.74,-61.46
67.57,-60.18,-34.42
82.03,-62.50,-11.41
85.08,-39.43,-1.16
95.95,-23.25,6.90
114.62,-19.35,15.26
131.65,-31.56,17.82
150.63,-45.72,21.48
165.16,-52.49,23.80
175.48,-50.11,25.02
177.49,-46.63,26.31
171.39,-34.42,20.51
146.67,-20.81,9.52
132.69,-38.21,-4.52
105.83,-32.29,-11.66
75.99,-20.32,-18.07
51.70,-14.22,-32.29
36.99,-14.53,-52.98
23.01,-14.16,-72.45
7.32,-11.05,-93.99
-2.08,-9.89,-124.57
-17.33,-9.83,-156.56
-39.49,-8.73,-187.68
-59.63,-9.22,-215.70
-71.78,-15.56,-234.86
-79.41,-24.84,-239.14
-85.27,-35.34,-222.17
-89.84,-43.95,-182.13
-88.01,-47.24,-130.49
-77.45,-45.41,-81.18
-65.86,-40.71,-36.38
-55.30,-32.78,4.52
-42.30,-21.67,34.24
-12.82,-11.11,22.95
8.48,-0.85,8.91
-5.07,9.77,17.52
0.79,8.67,35.64
5.80,11.17,62.44
9.34,23.19,83.62
13.73,39.31,105.83
14.28,56.15,135.01
21.24,67.50,168.46
25.33,83.50,200.99
33.45,83.62,225.10
33.45,88.38,246.95
35.71,89.17,259.95
33.14,95.58,258.24
30.21,91.86,252.01
20.08,81.79,238.40
9.64,72.88,205.87
2.08,60.55,166.93
-5.37,47.97,128.91
-12.82,40.41,102.60
-21.61,42.66,73.49
-23.74,36.01,47.91
-25.15,30.64,20.87
-19.84,32.78,-10.99
-10.31,28.02,-36.68
1.10,23.50,-78.12
16.78,17.15,-133.61
32.59,0.61,-185.06
39.73,-19.47,-226.32
25.21,-36.62,-257.20
3.30,-54.08,-279.17
-17.27,-70.56,-294.62
-30.46,-83.92,-303.65
-36.32,-95.34,-305.85
-45.17,-103.82,-294.07
-38.70,-108.64,-266.30
-41.87,-107.24,-221.98
-35.83,-100.40,-171.63
-32.65,-88.93,-122.56
-30.76,-76.54,-80.75
-30.82,-68.18,-47.55
-34.00,-65.61,-23.25
-30.21,-63.48,-6.59
-23.99,-59.39,6.65
-12.39,-47.91,8.85
11.05,-30.70,1.83
18.19,-17.09,13.49
25.82,-8.91,31.98















-,-,-
-8.12,3.60,-2.87
-7.87,2.93,-3.66
-7.69,3.30,-4.03
-7.93,4.64,-4.09
-8.00,6.23,-3.78
-8.42,7.32,-2.99
-8.48,8.24,-1.77
-8.85,8.97,-0.55
-9.09,9.40,0.31
-8.73,9.28,0.92
-7.87,8.61,1.40
-6.47,6.96,1.95
-4.82,4.58,2.69
-2.26,1.04,3.11
-0.79,-2.20,2.56
-0.55,-3.48,1.16
-0.18,-3.11,-0.24
-0.24,-1.83,-1.04
0.18,-0.79,-0.92
0.85,-1.16,-0.73
1.71,-2.62,-0.79
2.08,-5.49,-1.77
1.83,-9.40,-3.54
1.22,-13.43,-5.37
0.61,-16.54,-7.57
0.67,-17.82,-8.73
1.16,-17.15,-8.24
2.20,-15.26,-6.16
3.48,-12.63,-4.46
4.46,-10.62,-3.30
5.49,-9.77,-2.20
6.10,-9.95,-1.46
6.04,-10.56,-1.40
4.33,-11.05,-2.75
0.12,-10.99,-5.80
-4.52,-9.89,-9.95
-10.68,-7.57,-12.45
-18.92,-4.03,-13.73
-25.45,1.22,-14.04
-29.17,8.61,-14.04
-32.17,23.93,-15.87
-34.73,42.36,-20.08
-34.18,48.71,-21.12
-42.18,44.74,-18.92
-53.53,37.66,-16.72
-57.37,30.09,-14.22
-54.69,22.83,-9.03
-49.01,16.17,-1.71
-41.32,6.96,9.22
-28.50,-7.57,25.45
-13.49,-29.11,45.47
-1.65,-55.30,64.27
7.81,-76.60,73.73
22.46,-54.69,27.71
44.37,-28.99,2.14
60.91,-8.12,12.51
67.93,-5.43,22.52
82.64,-31.31,23.93
93.32,-50.96,23.86
105.53,-52.49,25.76
122.31,-49.13,37.84
134.40,-46.88,43.52
154.66,-55.42,48.46
170.47,-61.83,58.78
179.57,-63.90,62.07
190.37,-66.96,53.96
197.14,-69.95,52.86
197.14,-75.07,42.91
198.00,-80.99,29.85
188.42,-81.60,18.68
174.93,-79.41,6.47
157.23,-74.77,-3.30
131.35,-55.30,-11.78
109.62,-57.25,-15.69
86.36,-50.05,-13.18
58.47,-39.67,-15.99
33.87,-31.68,-20.57
9.58,-24.41,-23.32
-11.66,-17.88,-20.45
-32.10,-13.37,-21.91
-50.23,-10.25,-31.80
-70.07,-3.05,-48.89
-92.35,8.54,-65.61
-114.26,25.27,-77.45
-130.98,44.07,-83.80
-143.07,60.18,-84.05
-144.84,73.91,-75.74
-137.82,84.90,-56.21
-124.27,88.99,-27.65
-108.76,86.30,6.47
-88.26,74.95,40.10
-64.03,53.16,54.75
-38.21,22.03,23.68
-42.66,7.02,20.08
-49.80,16.36,42.72
-52.19,30.15,71.84
-49.87,48.22,108.40
-52.19,70.98,142.70
-63.66,100.46,170.17
-73.18,127.44,185.73
-77.33,139.95,184.02
-72.14,138.43,177.73
-62.50,122.19,163.21
-53.96,98.45,140.62
-42.60,72.27,107.60
-30.58,49.50,68.54
-17.03,32.90,27.71
-1.77,31.56,-8.18
12.70,23.19,-23.74
24.35,4.88,-35.58
37.84,-7.69,-55.60
47.67,-21.48,-76.54
59.69,-34.67,-89.42
64.15,-44.74,-91.43
60.18,-51.39,-85.75
63.17,-54.75,-74.89
69.03,-52.73,-57.62
84.17,-50.17,-36.07
100.77,-40.71,-11.60
122.01,-35.64,9.40
143.25,-34.67,21.36
164.67,-39.79,29.30
175.11,-40.16,30.64
182.43,-45.47,24.78
176.51,-48.89,15.93
168.27,-51.57,1.34
144.10,-35.58,1.46
130.55,-56.34,-12.21
107.42,-59.45,-31.56
74.34,-56.40,-45.47
40.65,-52.86,-60.55
21.91,-52.06,-86.24
5.49,-48.46,-101.50
-12.63,-37.78,-118.29
-28.99,-22.89,-140.20
-48.89,-13.73,-163.09
-68.18,-4.76,-188.60
-82.70,1.04,-210.88
-88.20,1.40,-221.74
-87.71,-3.17,-216.80
-89.66,-8.00,-194.52
-80.26,-17.03,-158.57
-70.68,-28.02,-114.62
-63.60,-34.85,-66.96
-62.19,-35.22,-18.68
-52.92,-30.09,20.51
-39.12,-18.01,27.65
-7.08,-6.90,9.16
-5.92,9.16,18.31
-4.33,18.55,59.81
-3.48,24.48,104.49
3.66,34.36,112.37
11.11,44.37,116.33
14.22,49.44,139.89
15.56,56.76,163.57
28.32,66.89,185.12
41.26,77.82,205.14
51.27,85.57,233.95
56.46,86.12,255.74
51.82,87.83,268.37
45.84,82.58,269.78
38.94,72.14,251.65
25.82,59.33,218.69
13.55,41.99,180.60
-1.95,34.97,138.67
-12.02,29.48,102.36
-18.49,28.69,75.38
-24.35,36.38,57.13
-29.05,44.37,41.69
-29.42,47.30,21.85
-22.03,49.62,-12.02
-7.93,51.45,-49.56
10.38,47.55,-103.76
37.29,32.41,-167.60
45.90,10.56,-226.99
25.51,-18.49,-267.46
4.52,-54.50,-293.76
-25.70,-87.52,-311.40
-56.27,-108.76,-315.55















-,-,-
-6.35,0.92,-4.82
-3.48,2.87,-3.78
-0.18,5.55,-3.60
0.92,5.98,-3.23
0.43,4.64,-2.75
-0.31,3.91,-2.32
-1.16,3.78,-2.32
-1.53,3.60,-2.56
-2.08,2.56,-2.69
-2.75,1.89,-2.32
-3.60,1.77,-1.77
-3.91,2.26,-1.77
-3.78,2.75,-1.77
-3.78,3.36,-1.95
-3.60,3.85,-2.01
-3.30,4.21,-2.20
-2.87,4.09,-2.08
-2.08,3.85,-2.32
-1.16,2.75,-2.20
-0.79,1.77,-1.65
-1.04,0.98,-1.04
-1.83,1.10,-0.31
-2.44,1.53,-0.73
-2.38,1.89,-2.08
-3.97,1.46,-3.60
-5.37,1.04,-5.07
-5.98,1.95,-5.68
-7.20,2.93,-5.31
-7.57,2.99,-4.15
-7.39,2.87,-2.56
-7.51,2.69,-0.85
-6.41,2.69,1.34
-5.37,1.83,4.58
-4.15,0.61,9.70
7.57,6.90,18.25
7.87,14.16,31.74
4.70,0.24,35.71
1.83,-10.56,3.23
2.01,-12.51,-6.53
2.50,-10.25,2.44
0.06,-5.92,8.00
2.44,-0.67,6.59
9.40,4.64,5.80
15.56,9.22,7.08
21.73,8.18,11.60
31.62,-7.75,22.46
39.31,-20.57,30.70
53.28,-26.06,36.74
70.62,-32.96,45.78
90.15,-44.43,51.45
109.99,-53.04,62.44
126.59,-59.63,66.35
145.51,-71.84,71.53
160.89,-78.12,82.64
172.85,-75.01,99.30
184.33,-69.34,102.72
202.70,-65.55,106.20
215.39,-67.81,106.69
218.75,-67.63,106.08
216.19,-68.66,96.37
214.66,-72.81,82.34
205.32,-70.98,64.27
191.41,-51.21,42.60
178.22,-70.25,33.63
145.63,-72.39,17.46
108.03,-64.64,-3.60
67.93,-54.81,-17.64
31.92,-45.23,-27.59
4.52,-24.23,-24.84
-7.02,-5.92,-23.38
-21.12,4.52,-27.22
-42.42,8.30,-36.68
-57.68,9.22,-50.66
-69.27,8.18,-62.50
-86.91,13.00,-73.12
-104.19,21.24,-80.14
-119.51,31.80,-82.03
-128.97,43.21,-79.65
-129.58,52.25,-70.68
-119.08,58.47,-53.53
-98.69,64.45,-26.67
-74.95,65.67,7.20
-52.43,53.41,24.05
-36.32,33.75,19.04
-37.05,37.72,24.84
-35.71,44.25,32.47
-36.68,49.44,51.21
-36.19,60.55,84.84
-35.83,76.60,113.89
-42.42,107.60,132.32
-35.95,120.61,158.20
-47.79,127.20,177.06
-56.46,124.82,179.93
-62.19,118.65,162.11
-60.24,104.49,139.59
-55.54,83.86,118.23
-51.76,67.44,95.52
-44.92,50.84,74.28
-37.23,36.25,53.83
-26.55,30.52,39.06
-15.01,23.13,15.32
-0.06,15.75,-10.80
12.33,11.84,-25.45
28.02,0.98,-46.26
49.93,-13.98,-77.70
61.34,-30.52,-103.64
59.39,-43.82,-114.81
48.58,-49.74,-113.40
44.25,-52.19,-101.50
47.61,-51.09,-76.60
55.30,-52.19,-41.69
62.13,-39.98,-14.16
68.60,-21.91,0.85
86.98,-17.21,15.56
101.20,-19.65,21.48
120.79,-33.51,25.39
142.40,-48.52,33.20
164.18,-56.27,41.99
182.19,-56.70,47.91
192.32,-53.77,43.09
191.53,-37.66,28.69
200.56,-74.28,28.81
192.08,-76.84,16.17
181.64,-68.97,3.97
159.61,-62.68,-2.01
131.96,-52.49,-15.44
99.55,-44.25,-18.49
64.15,-32.78,-18.62
34.61,-15.93,-28.93
13.00,-9.16,-47.73
-1.34,-2.01,-70.92
-16.30,1.83,-95.95
-29.30,4.46,-124.39
-49.44,5.80,-153.26
-62.93,5.00,-182.62
-69.21,0.55,-208.44
-73.55,-6.65,-225.40
-79.22,-16.11,-229.49
-84.29,-24.66,-219.12
-84.29,-30.64,-194.58
-78.61,-34.42,-157.90
-69.46,-36.74,-113.22
-65.86,-38.82,-63.78
-65.31,-40.71,-20.20
-51.94,-22.77,-27.16
-25.39,-9.52,-21.55
-23.19,5.62,8.18
-10.38,8.54,28.81
3.91,8.42,48.95
6.29,13.55,66.89
9.58,30.58,96.19
11.66,55.91,159.36
22.22,70.62,162.60
44.62,85.21,179.26
46.51,103.15,219.48
51.21,111.27,259.70
59.08,112.30,286.32
60.06,96.19,299.68
57.31,82.15,292.79
58.84,68.36,271.24
51.64,53.53,243.23
38.70,48.28,207.03
24.66,38.51,166.69
12.88,25.70,123.90
3.97,16.17,86.18
-3.60,10.44,63.11
-12.39,9.22,33.14
-14.83,6.53,-1.46
-14.89,2.69,-21.24
-10.99,2.69,-50.72
-0.55,-0.92,-101.99
16.30,-13.79,-165.83
15.87,-29.24,-227.54
0.98,-45.47,-276.12
-18.62,-61.28,-305.66
-43.88,-76.97,-320.01
-59.39,-89.05,-324.28
-57.74,-93.57,-319.64
-48.95,-91.92,-305.85















-,-,-
-4.03,-5.80,1.16
-3.66,-8.61,2.08
-3.60,-11.54,2.69
-5.19,-13.92,3.30
-6.65,-15.69,3.85
-9.52,-16.97,3.97
-11.05,-17.03,3.72
-11.23,-15.87,3.66
-10.56,-13.98,3.54
-8.73,-11.35,2.56
-7.14,-9.03,2.56
-6.04,-6.77,2.87
-5.19,-4.82,3.17
-3.42,-3.11,3.42
-2.14,-2.08,3.72
-0.43,-1.53,3.36
-0.73,-2.20,2.50
-2.32,-3.23,1.40
-3.30,-4.09,1.22
-3.17,-4.82,1.71
-2.01,-5.25,2.14
-0.92,-4.82,2.56
0.00,-3.85,3.36
1.22,-2.75,4.21
1.83,-2.01,4.70
2.75,-1.59,4.82
2.32,-1.34,4.70
2.32,-0.85,4.82
3.66,-1.77,6.29
4.21,-2.69,7.81
4.88,-1.04,6.90
7.63,-0.18,6.71
9.77,-2.20,9.28
15.01,-8.91,13.98
23.01,-14.28,19.23
38.51,-18.07,26.06
62.01,-29.54,40.83
81.67,-30.82,55.97
104.55,-32.17,72.39
124.82,-43.88,82.40
144.04,-52.67,93.51
158.51,-59.69,106.45
168.15,-62.87,107.12
180.60,-68.54,110.47
185.97,-74.58,109.37
193.24,-76.97,110.53
199.83,-80.26,107.67
202.45,-73.79,105.10
207.89,-72.88,98.27
208.86,-68.30,87.83
201.72,-64.76,71.90
186.71,-64.88,54.20
161.74,-68.42,39.00
124.88,-67.26,27.22
84.35,-42.72,6.16
39.25,-25.51,-17.27
7.51,-10.74,-34.73
-15.75,0.37,-41.93
-30.03,2.99,-47.12
-41.81,5.92,-56.34
-54.26,10.38,-71.11
-68.05,12.08,-79.83
-84.59,17.21,-83.19
-101.01,26.43,-83.31
-112.43,39.00,-81.54
-119.32,54.02,-76.60
-122.50,65.86,-69.95
-118.16,72.39,-54.87
-101.87,74.10,-25.21
-79.28,67.87,10.68
-57.01,50.11,29.24
-39.67,26.79,16.78
-37.54,26.18,27.40
-42.05,39.43,53.71
-42.66,54.50,83.01
-33.33,70.13,122.19
-30.52,87.89,151.73
-35.34,116.70,168.70
-39.79,140.20,171.20
-42.36,151.73,170.04
-42.72,147.28,165.10
-36.62,141.05,157.23
-34.36,124.82,136.60
-27.10,100.71,108.40
-16.48,66.53,75.74
-4.58,47.00,31.49
7.93,32.53,-8.18
19.65,13.85,-32.47
30.58,-0.06,-61.58
44.01,-11.41,-92.96
54.32,-23.80,-114.93
52.55,-28.08,-121.70
52.06,-30.46,-112.73
55.11,-38.39,-89.48
65.43,-51.94,-55.36
80.08,-68.79,-16.91
93.93,-80.63,13.24
96.13,-54.44,15.26
101.87,-30.09,14.71
123.05,-21.61,21.91
142.03,-27.40,31.56
157.96,-39.43,35.95
167.66,-39.79,29.97
178.71,-45.41,25.33
183.78,-49.62,26.31
183.11,-49.07,25.39
161.99,-25.39,14.04
131.71,-30.64,-0.85
98.63,-34.42,-10.38
66.28,-33.45,-17.52
41.02,-28.99,-33.26
23.68,-27.22,-52.61
9.83,-24.84,-68.97
3.91,-20.51,-97.23
-3.91,-19.17,-129.64
-18.19,-19.41,-158.39
-39.37,-14.28,-183.65
-55.85,-8.06,-205.69
-65.61,-7.63,-220.15
-70.68,-14.77,-222.47
-74.46,-28.63,-207.28
-76.35,-40.28,-170.65
-74.34,-44.25,-117.86
-59.94,-36.62,-67.38
-58.96,-28.93,-24.41
-52.61,-24.41,13.12
-44.56,-17.58,21.42
-15.14,-10.68,2.75
-17.33,-3.60,6.90
-17.52,1.28,18.55
-11.84,6.10,47.55
-8.12,15.08,64.94
-2.14,26.12,60.06
2.50,35.03,108.70
-2.56,56.34,169.01
15.44,76.60,207.40
36.07,93.38,235.35
46.75,98.63,257.75
49.44,96.92,274.17
47.73,84.59,279.11
45.04,69.40,274.41
40.16,50.66,261.90
29.79,35.34,242.61
18.01,27.65,219.97
17.64,21.36,192.20
13.00,17.21,159.06
7.26,14.04,126.10
-0.79,11.35,96.01
-10.07,13.85,67.38
-21.18,23.56,33.02
-28.50,36.87,-2.38
-28.26,47.79,-30.52
-21.67,57.37,-71.17
-3.97,58.90,-130.31
13.43,48.95,-198.97
14.40,30.15,-264.65
-0.49,2.62,-318.12
-23.80,-28.32,-355.83
-48.95,-57.74,-380.37
-76.23,-87.40,-389.16
-87.77,-118.96,-376.22
-80.20,-137.39,-349.67
-81.24,-140.75,-311.10
-75.93,-139.53,-265.93
-82.58,-136.17,-222.66
-85.21,-127.62,-179.99
-78.12,-116.82,-133.61
-67.87,-104.31,-85.94
-52.86,-81.79,-44.37
-58.17,-64.76,-8.91
-22.89,-55.79,33.81
-10.07,-36.62,72.45
-5.31,-20.87,56.46
38.70,-19.10,0.00
27.04,-13.67,0.61
18.62,0.18,39.12
19.53,18.01,76.54
34.55,29.30,99.49
38.94,35.16,123.66















-,-,-
2.26,-1.95,3.30
1.89,-1.77,2.81
1.46,-1.16,1.34
1.34,0.12,-0.18
1.65,1.71,-0.98
2.14,3.05,-0.73
2.44,3.78,0.24
2.87,3.66,1.65
2.01,1.95,2.75
1.28,0.43,2.62
0.79,-0.43,1.83
0.92,-0.55,1.46
1.28,0.00,1.83
0.85,0.92,2.62
0.06,1.53,2.99
-1.16,1.16,3.85
-1.89,0.37,4.21
-2.50,-0.85,4.39
-2.44,-1.40,3.60
-1.40,-1.77,3.05
0.18,-1.53,3.05
1.34,-1.04,3.54
2.38,0.31,4.03
1.89,2.08,4.82
1.53,3.36,5.49
1.28,3.91,6.53
0.61,2.93,7.93
-0.18,-0.61,10.38
-1.71,-7.14,13.79
-3.72,-15.93,17.82
-6.35,-25.21,22.40
-9.16,-32.78,26.25
-11.05,-25.94,13.37
0.12,-14.40,-4.70
10.99,-17.46,-1.10
12.39,-17.21,8.00
24.72,-12.63,15.75
37.90,-8.00,17.76
56.58,-24.72,21.61
72.39,-38.15,20.63
91.74,-49.26,19.71
107.06,-57.25,24.23
121.95,-57.25,31.25
137.39,-53.89,39.25
151.73,-53.71,37.96
161.19,-57.68,40.89
158.75,-55.30,43.09
149.84,-44.49,35.40
138.85,-39.86,36.44
120.54,-29.24,29.85
101.62,-20.02,27.16
77.82,-12.21,32.04
51.94,-4.58,27.34
30.82,2.20,16.11
18.01,5.43,7.93
8.06,5.98,3.17
-1.46,-2.81,-1.71
-11.90,-5.86,-5.80
-23.38,-12.57,-12.27
-31.80,-18.68,-16.36
-33.20,-13.98,-18.07
-34.91,-0.18,-22.16
-44.68,15.93,-29.72
-56.15,27.71,-34.36
-65.31,37.41,-29.36
-72.02,47.06,-28.20
-74.83,55.18,-37.96
-75.56,59.39,-53.04
-75.07,57.43,-64.88
-73.85,48.52,-64.82
-68.91,33.02,-49.62
-58.11,11.11,-20.87
-45.04,-11.11,11.78
-35.40,-31.74,36.68
-27.28,-32.90,24.72
-7.39,-13.55,-0.85
20.81,1.22,15.87
27.40,11.60,75.93
23.50,25.51,122.99
26.55,39.86,138.18
31.43,43.58,152.59
31.13,41.99,173.77
28.99,34.85,185.30
20.63,31.80,172.55
13.43,32.59,142.33
7.14,31.86,101.20
0.24,18.62,53.77
-2.69,12.39,21.85
-7.39,15.44,-5.43
-4.39,16.54,-14.22
-1.59,15.32,-15.20
-1.40,12.02,-31.74
1.53,10.56,-58.72
0.24,15.87,-80.57
-4.82,27.04,-91.98
-11.78,37.11,-97.84
-15.26,36.01,-95.15
-9.46,22.03,-79.28
-4.64,2.93,-55.18
-2.38,-15.20,-30.64
1.40,-35.83,-9.70
3.48,-58.17,4.76
5.25,-81.42,12.76
12.94,-79.71,6.16
28.08,-36.25,-4.15
56.82,-23.99,-0.06
82.82,-47.55,10.44
96.86,-63.78,16.60
108.28,-51.94,14.53
120.91,-48.28,19.53
126.95,-41.44,21.18
133.91,-37.29,17.94
131.71,-28.69,16.17
118.47,-17.33,14.47
100.34,-15.93,14.34
71.17,1.83,22.89
39.86,14.22,15.63
17.64,13.18,5.62
4.82,14.83,5.55
-9.83,25.27,6.41
-26.67,28.69,2.62
-35.40,26.18,-1.59
-37.05,23.99,-8.42
-51.57,33.75,-37.96
-67.93,41.44,-80.57
-80.93,46.51,-108.95
-87.65,55.91,-128.97
-90.27,61.16,-148.93
-94.12,57.50,-167.18
-98.21,43.70,-177.37
-98.02,26.49,-171.20
-96.86,12.15,-148.62
-96.50,-4.39,-122.86
-95.21,-23.19,-101.26
-97.35,-42.66,-84.35
-99.85,-57.31,-70.07
-102.78,-68.66,-53.65
-105.16,-76.35,-34.79
-93.57,-58.96,-40.10
-40.83,-34.36,-51.39
-3.42,-36.44,-29.91
12.88,-35.71,1.65
2.08,-19.90,16.97
7.57,-19.29,19.17
19.47,-20.63,26.55
29.42,-16.97,49.68
38.02,0.92,80.69
60.91,18.07,124.45
81.12,36.38,173.40
95.15,58.41,220.58
107.85,61.22,266.78
105.71,56.46,293.64
107.36,57.74,307.74
98.21,55.48,313.11
83.25,47.73,303.65
65.00,31.13,287.41
54.26,7.75,271.42
40.77,-11.66,248.23
32.17,-23.38,217.83
26.92,-26.55,183.41
17.33,-32.47,148.19
8.06,-23.68,112.37
-0.49,-9.77,75.68
-2.93,-3.60,52.80
-9.22,7.39,28.02
-7.45,19.78,2.01
-5.98,35.34,-23.80
-6.84,56.34,-67.02
-5.49,74.83,-118.71
-7.69,93.26,-164.67
-11.11,103.88,-203.00
-20.69,104.55,-233.09
-40.65,96.07,-261.84
-56.21,76.05,-294.31
-77.58,46.51,-327.09
-99.98,9.64,-351.56
-117.31,-31.49,-361.08
-133.06,-71.84,-353.45
-145.32,-106.38,-331.79
-151.00,-131.96,-298.77
















-,-,-
5.74,4.76,2.62
5.25,4.09,2.44
5.13,3.48,2.69
5.80,3.17,2.93
6.90,3.11,3.36
8.36,3.30,3.97
10.62,3.60,4.52
12.88,3.30,4.88
16.54,0.79,6.65
25.63,-10.44,10.07
39.37,-25.82,15.75
52.73,-29.48,20.81
67.32,-24.23,24.54
81.36,-27.47,26.98
89.48,-27.40,31.62
94.42,-22.77,33.33
95.28,-18.68,32.96
95.58,-11.11,41.69
92.16,-6.53,44.68
89.48,-10.38,35.58
95.34,-14.10,25.82
107.91,-24.11,24.11
120.48,-32.47,31.98
131.16,-36.62,38.51
142.70,-35.03,51.33
143.25,-42.91,57.01
136.66,-34.91,46.51
140.81,-35.16,40.89
139.77,-37.29,38.76
135.01,-36.68,35.77
129.21,-35.46,35.40
110.23,-34.06,25.70
89.36,-25.15,11.60
75.56,-14.22,12.27
60.30,-2.93,11.96
54.26,0.00,17.03
41.75,10.38,17.03
30.94,9.28,10.93
16.05,9.09,10.25
-4.21,7.08,4.27
-22.52,-2.69,-4.39
-37.90,-10.68,-11.17
-47.18,-10.31,-15.63
-54.38,1.40,-18.13
-64.82,22.46,-18.98
-77.58,48.52,-22.34
-86.61,65.31,-26.73
-96.01,75.99,-33.87
-102.60,81.91,-46.94
-104.00,82.89,-61.34
-100.28,75.93,-70.01
-91.67,62.38,-68.73
-82.46,45.53,-56.58
-74.77,27.71,-35.71
-66.71,9.64,-11.47
-57.74,-10.01,10.86
-49.87,-32.04,29.36
-47.91,-29.66,12.02
-22.46,-22.71,-11.47
-3.11,-12.51,-6.04
2.75,6.35,20.14
11.78,20.81,56.15
24.29,32.10,86.06
29.36,42.66,111.63
32.04,45.04,135.07
30.64,39.98,155.58
31.01,40.34,170.04
37.29,42.05,186.04
38.02,39.31,198.79
37.60,35.89,191.71
41.14,22.95,172.30
36.68,7.75,138.98
32.78,5.62,108.34
18.68,4.52,76.29
11.96,6.16,58.90
4.39,5.49,43.58
-1.59,7.14,25.39
-6.23,12.88,1.89
-7.14,14.77,-6.04
-8.18,15.75,-6.96
-7.08,16.85,-15.26
-10.38,17.94,-37.48
-15.56,18.43,-70.43
-14.83,20.02,-101.99
-13.06,29.48,-123.05
-13.12,40.10,-132.26
-15.08,48.52,-130.92
-14.28,50.29,-119.81
-6.96,44.98,-100.40
1.34,33.20,-77.21
5.74,15.38,-54.75
6.59,-3.54,-37.35
5.92,-23.25,-23.74
4.21,-44.74,-9.22
3.30,-65.31,7.02
2.26,-84.35,23.74
3.11,-99.30,36.68
3.97,-68.91,24.96
15.44,-27.47,5.74
46.20,-19.35,4.03
53.53,-25.82,18.62
63.11,-35.58,30.27
80.69,-36.93,27.47
95.34,-35.83,25.15
104.68,-37.72,28.69
114.81,-47.18,23.62
121.77,-43.15,11.29
131.71,-49.38,14.53
129.64,-41.69,14.16
125.18,-40.04,12.21
103.39,-28.20,12.82
69.15,-8.97,9.95
36.93,0.31,12.08
9.70,22.89,17.70
-9.16,38.82,24.60
-20.26,48.03,20.26
-20.14,49.19,16.48
-19.53,42.91,14.47
-24.90,35.95,9.40
-40.34,29.54,-20.87
-54.81,23.74,-68.36
-64.58,21.55,-103.15
-73.00,27.83,-120.85
-83.13,38.45,-131.53
-92.22,49.99,-147.64
-102.78,56.40,-170.90
-111.02,51.76,-192.93
-118.29,37.54,-206.36
-123.17,20.45,-208.13
-122.92,4.21,-194.95
-121.28,-9.28,-169.74
-118.16,-21.91,-136.84
-106.32,-30.70,-97.41
-89.66,-34.36,-52.25
-75.68,-35.40,-4.09
-70.74,-37.60,40.41
-80.02,-46.33,69.52
-104.19,-36.13,34.30
-32.90,-25.15,-20.08
0.12,-30.52,-22.09
-7.51,-35.28,1.34
-17.64,-24.96,29.30
14.34,5.00,60.67
47.91,22.34,93.99
57.68,35.83,129.33
70.19,49.62,169.25
86.98,65.12,215.58
102.29,71.84,266.85
114.20,78.12,319.40
123.23,91.13,355.90
123.17,80.51,372.19
112.73,59.51,362.67
95.89,36.07,328.19
77.45,15.93,272.77
56.21,-1.89,210.82
39.43,-14.89,155.27
24.66,-14.59,111.08
12.88,-9.58,82.03
4.39,-8.54,62.68
0.12,-6.77,45.23
-0.67,5.86,15.75
4.70,17.09,-1.16
5.19,26.79,-24.29
4.94,42.60,-69.52
8.48,56.15,-130.19
5.86,61.16,-189.27
-8.00,62.07,-234.50
-32.10,59.57,-268.01
-64.70,51.45,-299.74
-98.08,34.42,-330.44
-126.16,8.79,-354.13
-141.11,-23.25,-366.39
-152.28,-57.25,-365.66
-152.65,-89.66,-350.22
-140.14,-115.84,-314.76
-131.10,-126.65,-251.95
-130.13,-125.31,-177.49
-127.62,-116.88,-107.30
-124.08,-102.72,-50.23
-111.63,-83.13,-14.10
















-,-,-
0.24,-0.67,6.04
-0.37,1.28,5.68
-1.46,2.99,5.37
-1.53,3.54,4.76
-1.34,3.11,4.03
-0.61,2.32,4.03
0.12,1.95,4.70
0.37,1.53,6.10
0.49,1.22,7.81
0.55,1.22,9.22
0.55,1.53,11.05
-0.18,1.22,13.43
-1.16,0.61,15.38
-1.77,-1.04,16.48
-2.99,-3.54,17.09
-5.13,-5.55,16.97
-6.90,-7.14,16.60
-8.36,-9.28,16.85
-8.61,-11.78,18.62
-9.16,-13.92,21.30
-10.44,-15.81,23.19
-10.44,-18.13,24.96
-8.30,-18.92,28.08
-11.05,-19.10,27.83
-8.42,-18.13,11.29
4.46,-11.29,4.15
2.81,-7.75,7.57
-2.69,-10.25,10.19
-2.81,-10.86,6.47
0.00,-10.31,4.39
0.98,-8.67,5.92
6.53,-5.49,8.06
14.71,-3.60,10.99
24.66,-10.38,18.31
35.77,-15.69,27.53
53.34,-23.19,38.45
72.08,-33.81,39.98
95.64,-45.90,41.81
117.68,-56.95,49.99
136.84,-64.39,53.16
155.76,-75.01,60.73
164.25,-72.02,72.08
165.04,-65.86,73.36
164.98,-63.48,69.70
155.64,-59.20,63.23
143.31,-46.02,61.04
130.43,-34.42,58.04
115.17,-24.41,53.77
97.11,-9.16,42.30
77.94,-1.53,31.92
56.09,7.45,21.67
36.74,14.28,15.75
22.77,11.47,13.49
10.50,17.58,5.25
-3.11,22.46,-3.60
-17.70,9.95,-7.93
-35.89,-4.46,-13.24
-51.76,-9.03,-22.89
-65.61,8.79,-34.79
-74.46,29.85,-42.79
-82.76,45.96,-54.93
-87.40,56.70,-74.71
-85.94,61.83,-95.09
-82.03,59.02,-106.26
-76.66,48.10,-103.45
-69.09,32.71,-86.49
-61.10,15.75,-57.86
-52.31,-1.10,-22.95
-45.90,-15.01,13.24
-41.87,-27.40,46.33
-45.23,-37.66,66.83
-44.74,-41.26,27.16
-38.64,-40.53,-1.04
-17.27,0.98,7.45
-18.98,42.48,48.34
-22.89,65.98,81.12
-15.08,86.36,96.13
-8.67,100.16,107.79
-7.69,110.11,127.93
-12.21,116.94,148.44
-15.93,114.93,161.38
-21.42,102.72,160.34
-20.26,85.75,145.45
-17.58,63.05,116.46
-14.40,42.11,87.77
-11.72,39.79,68.24
-10.62,40.83,52.55
-9.28,36.01,42.60
-3.85,31.74,30.52
2.14,27.04,12.15
8.42,20.87,-9.77
12.02,14.95,-25.94
13.55,2.20,-48.28
15.50,-9.64,-76.42
17.76,-13.67,-104.68
17.76,-10.25,-125.37
18.31,-4.70,-133.73
10.44,-0.55,-129.46
3.78,0.43,-116.64
1.95,-2.87,-96.98
3.23,-11.54,-72.51
5.19,-23.62,-44.80
7.14,-37.72,-14.77
9.70,-54.32,16.42
13.12,-72.33,46.39
15.81,-89.29,71.17
13.31,-76.66,62.38
5.98,-24.96,33.33
38.27,-5.68,21.97
60.18,-13.67,26.92
71.11,-40.34,40.95
87.28,-44.07,42.11
102.91,-39.55,37.90
116.09,-36.99,44.49
126.10,-40.59,44.43
131.47,-47.30,31.07
130.37,-49.74,18.43
120.06,-46.57,12.02
101.38,-30.03,11.60
75.99,-10.07,16.91
53.41,10.99,17.21
32.41,17.52,10.31
16.85,22.89,5.86
0.49,27.77,3.11
-9.64,30.82,-6.29
-17.58,26.92,-10.93
-25.09,15.69,-11.72
-31.98,5.43,-19.23
-43.76,-3.11,-45.23
-51.88,-11.11,-79.59
-58.11,-15.44,-109.19
-62.81,-12.27,-134.28
-63.54,-7.63,-159.30
-63.48,-7.08,-185.18
-65.98,-13.92,-207.82
-62.32,-28.81,-221.19
-58.35,-49.19,-219.97
-52.43,-70.13,-203.19
-47.30,-86.18,-171.75
-42.05,-95.83,-126.10
-43.82,-97.41,-73.61
-47.49,-92.04,-21.73
-49.44,-80.51,24.41
-47.42,-64.27,59.14
-57.25,-44.07,51.70
-22.95,-24.17,7.14
14.10,-6.35,5.49
5.92,0.92,20.81
-19.65,0.06,47.67
-26.98,-3.48,59.81
-23.74,4.58,71.04
-25.70,21.67,84.59
-19.65,42.97,106.81
-13.55,71.11,138.49
-0.98,95.64,167.18
16.24,122.56,191.53
34.73,134.52,211.12
43.15,143.98,227.29
49.99,147.95,240.11
50.96,146.55,245.67
47.79,143.80,244.45
42.97,126.77,239.69
32.65,100.22,211.61
30.27,70.98,172.30
26.18,51.64,128.42
22.40,42.05,88.87
18.86,30.46,64.51
12.94,25.82,53.53
3.66,24.41,38.70
-0.06,19.23,9.95
6.65,12.51,-22.64
11.11,6.96,-60.06
13.67,-6.71,-108.09
14.59,-24.72,-158.87
15.26,-40.34,-205.63
19.35,-54.50,-240.60
10.01,-63.11,-266.05
-0.06,-70.50,-288.57
-4.21,-79.53,-308.29
-3.48,-89.90,-316.53
















-,-,-
-8.91,-15.99,2.14
-8.85,-14.77,0.31
-8.54,-13.61,0.31
-8.54,-12.51,1.04
-7.57,-11.29,0.92
-7.39,-10.07,0.31
-7.51,-9.22,0.06
-7.08,-8.79,0.18
-6.65,-8.61,0.24
-6.35,-8.54,0.12
-5.74,-8.54,0.06
-4.94,-8.24,-0.24
-4.33,-7.69,-0.24
-4.03,-6.90,-0.31
-3.85,-6.10,-0.24
-4.09,-5.37,-0.12
-3.91,-4.21,-0.37
-3.17,-2.87,-0.24
-1.40,-1.04,-0.12
0.37,0.92,0.12
2.26,2.56,0.73
3.60,3.54,1.40
4.64,3.97,2.44
7.57,2.93,5.13
13.18,1.77,9.58
23.01,-1.95,15.63
32.47,-2.81,17.15
44.80,-8.79,19.41
55.91,-17.94,27.04
70.62,-35.95,42.11
78.74,-47.91,44.98
94.54,-54.32,42.66
112.12,-66.65,53.04
124.88,-74.71,67.63
133.48,-74.28,75.38
143.55,-79.16,77.88
145.63,-79.83,82.64
136.11,-69.03,86.91
124.76,-55.11,80.81
112.00,-38.70,71.96
98.02,-18.62,60.00
80.44,3.30,43.82
61.89,20.02,28.93
44.13,35.34,20.69
25.21,54.57,9.64
12.51,56.27,4.58
-0.43,40.65,2.14
-14.95,23.25,-2.26
-29.05,17.40,-8.67
-40.95,26.73,-16.42
-52.06,46.33,-25.63
-59.51,66.89,-36.07
-65.37,80.44,-46.81
-69.40,84.35,-57.74
-70.62,79.65,-67.14
-71.11,67.63,-70.68
-69.03,51.64,-66.89
-63.29,32.96,-56.52
-51.03,11.60,-39.31
-35.28,-9.83,-15.87
-24.41,-28.69,9.28
-19.90,-41.56,32.59
-21.91,-42.18,38.76
-21.61,-25.63,13.85
-13.00,-11.96,-1.28
-8.00,-3.97,3.78
-5.98,-0.43,16.17
-4.46,8.06,25.76
-8.36,21.36,37.84
-15.93,43.52,62.93
-21.73,69.34,101.87
-29.54,84.41,125.55
-29.85,107.67,140.93
-27.71,110.66,156.80
-28.08,110.41,157.41
-21.67,102.72,142.27
-11.84,83.13,118.41
-10.25,61.46,92.35
-5.62,46.08,72.81
-3.05,32.17,56.03
-1.10,26.55,38.45
0.00,27.65,29.97
-0.98,26.18,22.28
-0.31,24.23,3.91
1.83,22.28,-7.75
3.66,24.60,-7.93
8.85,27.28,-9.95
13.85,26.49,-26.98
19.71,23.50,-57.86
26.00,18.13,-85.88
32.59,10.86,-101.32
28.81,5.19,-104.92
19.90,0.43,-100.52
9.58,-5.00,-89.54
2.93,-11.78,-72.75
0.92,-19.59,-52.49
2.50,-30.09,-29.30
4.15,-43.70,-5.43
4.58,-59.20,17.94
6.23,-74.58,38.27
10.44,-70.01,33.63
19.47,-45.53,12.27
46.51,-36.01,6.53
74.28,-40.65,19.41
90.45,-59.39,38.64
95.83,-64.88,39.73
96.98,-63.29,39.31
89.72,-46.45,34.30
86.79,-35.64,26.25
87.71,-31.74,22.83
86.85,-24.72,30.40
79.96,-9.28,31.31
66.41,-2.62,25.39
53.65,2.62,20.63
41.32,9.34,18.49
32.23,14.10,12.94
24.17,24.23,3.23
17.88,23.68,2.56
11.47,13.55,0.31
3.97,17.58,-5.43
-3.30,18.92,-7.93
-10.13,22.77,-20.32
-11.96,26.79,-40.65
-12.08,28.44,-61.83
-11.41,25.39,-81.12
-12.08,22.89,-99.67
-11.96,20.81,-119.75
-10.86,18.74,-139.34
-6.47,14.77,-155.76
-7.87,7.69,-166.63
-10.80,-1.53,-172.00
-13.31,-13.55,-170.29
-16.30,-28.93,-157.78
-19.17,-45.29,-132.08
-22.34,-57.92,-94.36
-27.04,-65.00,-49.19
-33.69,-67.14,-6.29
-39.06,-65.25,28.32
-40.83,-61.16,51.45
-46.57,-53.65,48.10
-24.96,-43.88,16.66
1.10,-39.79,4.58
-5.43,-39.98,3.11
-14.22,-37.41,12.02
-18.80,-26.86,22.71
-15.69,-9.52,38.64
-17.15,8.18,47.85
-13.12,27.34,63.66
-14.10,48.58,92.04
-16.72,58.35,119.69
-22.03,68.36,141.91
-22.71,83.62,160.58
-22.22,89.72,184.39
-17.33,112.00,193.85
-3.42,113.65,208.92
-0.31,109.86,221.80
5.92,108.34,226.68
19.17,101.20,222.29
23.07,86.00,211.67
23.62,72.33,191.22
20.02,55.54,162.54
18.49,38.51,125.61
12.08,28.44,84.66
6.53,17.94,50.66
5.07,10.44,31.68
0.85,6.16,18.31
0.37,0.79,9.58
3.60,0.18,3.42
8.48,9.34,-0.67
12.82,22.03,-22.34
17.82,30.33,-66.22
31.07,33.02,-118.96
51.82,26.43,-162.54
60.73,21.06,-195.07
63.60,16.66,-219.30
55.97,9.89,-236.63
39.79,-2.44,-245.97
23.50,-21.30,-244.93
11.41,-43.03,-237.00
6.47,-66.16,-225.95
















-,-,-
1.22,-1.16,2.93
2.32,0.55,2.93
3.36,2.26,3.11
4.09,3.72,2.99
4.09,4.46,3.05
4.21,5.07,2.69
5.13,5.37,2.56
6.65,6.04,2.56
8.18,5.49,3.78
10.86,1.04,6.90
13.67,-10.56,14.53
13.49,-15.99,17.64
13.73,-15.38,16.11
13.31,-5.80,9.16
12.39,2.93,4.09
12.88,4.15,2.81
11.41,2.87,2.93
10.19,0.55,3.91
8.00,0.98,4.39
8.18,1.95,4.21
9.52,1.16,4.64
11.54,1.59,5.19
13.98,4.46,5.92
16.85,5.43,6.71
19.84,3.17,8.30
29.72,-17.09,16.17
36.56,-31.31,23.25
44.37,-27.10,22.89
52.19,-24.35,23.25
58.17,-22.16,21.12
65.67,-19.04,20.39
75.74,-13.18,24.90
85.02,-14.77,31.68
95.52,-22.95,28.56
108.64,-35.46,34.06
114.01,-37.05,49.32
121.40,-40.89,56.82
126.46,-47.49,56.46
124.82,-47.67,54.99
120.54,-43.95,50.17
116.33,-37.72,37.05
107.85,-36.74,31.43
96.19,-32.04,30.58
88.75,-18.86,28.08
83.56,-8.42,24.78
69.46,-3.36,22.64
55.54,-0.37,14.95
35.03,5.62,10.01
19.04,14.89,7.45
4.88,21.97,1.34
-3.97,21.18,-4.94
-16.48,10.01,-8.61
-29.54,0.92,-15.81
-42.30,6.59,-26.00
-56.34,25.82,-39.06
-68.18,44.43,-55.42
-77.64,62.19,-73.00
-83.37,73.97,-87.59
-86.24,79.10,-98.51
-86.06,75.87,-101.38
-81.85,64.45,-94.60
-74.46,47.30,-78.55
-63.29,26.25,-55.24
-53.04,2.93,-26.00
-45.04,-18.49,4.82
-39.25,-38.45,34.30
-34.55,-57.25,59.14
-35.52,-67.87,66.35
-29.79,-56.34,22.83
-18.80,-41.75,-1.89
-8.61,-14.16,1.22
-5.62,8.12,35.77
-9.46,30.09,65.86
-7.39,63.11,83.25
-11.72,89.60,107.60
-21.79,111.45,132.57
-26.86,127.20,152.83
-32.71,132.63,166.87
-34.97,127.01,168.76
-31.62,104.74,153.14
-24.84,85.82,123.17
-15.75,63.23,91.43
-10.13,38.88,63.90
-6.71,30.27,41.02
-4.58,28.93,23.25
-0.98,31.86,7.02
4.76,34.06,-5.37
14.04,34.36,-13.92
21.67,22.34,-28.56
25.63,9.89,-54.69
28.14,2.56,-81.60
32.10,-0.24,-101.44
31.19,-1.10,-110.72
26.31,-3.91,-106.14
23.07,-10.07,-88.56
21.85,-19.84,-61.65
24.90,-35.58,-30.21
30.27,-57.80,0.79
37.78,-83.86,28.99
46.33,-94.48,43.03
48.22,-43.27,21.18
63.05,-38.82,11.05
83.13,-49.99,22.83
96.92,-59.63,34.97
106.02,-60.49,33.33
109.56,-60.49,28.08
117.61,-56.52,28.56
129.15,-46.69,32.04
136.41,-43.46,29.17
131.53,-33.57,25.27
112.55,-26.61,21.91
82.89,-6.77,16.78
54.57,7.39,13.24
30.03,25.15,16.24
10.19,40.59,15.44
-3.72,53.04,10.13
-13.06,51.64,6.16
-19.65,40.83,3.60
-22.71,38.88,-10.01
-33.14,39.12,-42.48
-41.99,39.92,-74.65
-44.13,47.42,-94.79
-39.98,55.91,-107.60
-32.65,60.55,-117.74
-29.66,57.86,-127.20
-30.09,49.50,-136.11
-30.52,39.31,-140.75
-30.70,27.71,-138.43
-32.29,14.53,-133.24
-38.09,-1.46,-128.30
-43.46,-20.69,-121.70
-49.99,-41.50,-110.60
-61.77,-59.27,-92.77
-74.71,-71.47,-67.38
-86.00,-77.03,-37.84
-93.57,-78.98,-9.95
-94.12,-81.91,14.47
-90.76,-86.79,34.97
-96.68,-81.73,38.64
-75.87,-55.48,5.31
-7.87,-43.88,3.85
6.84,-37.54,6.16
-4.70,-29.97,15.44
8.91,-26.00,28.08
22.83,-17.82,48.40
26.18,-2.99,72.51
36.74,13.98,100.52
49.07,32.23,136.60
50.11,57.37,175.29
46.81,84.78,216.67
39.49,107.24,263.00
30.33,126.65,297.73
25.63,138.00,314.09
26.49,129.70,316.04
24.05,118.59,304.38
24.23,104.49,286.32
22.09,79.47,261.23
17.82,55.36,225.83
8.48,36.44,182.13
-0.55,21.36,139.34
-11.60,6.90,103.82
-17.33,-0.55,72.08
-22.95,-2.93,42.85
-26.67,5.43,18.80
-27.47,15.87,5.07
-22.28,34.30,-17.33
-13.79,50.60,-66.16
-2.01,57.13,-124.27
10.25,63.42,-177.61
26.37,69.46,-220.28
45.17,73.36,-250.98
35.28,72.51,-270.81
21.18,62.50,-280.64
4.27,42.30,-279.30
-10.80,14.71,-268.68
-25.27,-19.59,-256.16
-32.53,-63.05,-245.36
-32.41,-107.24,-232.54
-31.13,-142.46,-214.23
-42.97,-162.29,-189.58
















-,-,-
5.31,4.88,8.61
3.91,5.19,9.52
3.11,4.58,8.30
1.28,3.48,5.19
0.06,1.83,0.98
-1.04,0.85,-2.44
-1.83,0.67,-4.21
-3.30,0.85,-4.82
-4.58,0.55,-5.00
-5.19,-0.43,-5.68
-5.43,-0.73,-6.47
-5.49,-0.43,-7.14
-5.49,0.12,-7.32
-5.86,0.18,-7.69
-6.23,-0.43,-8.42
-5.92,-0.85,-8.91
-4.76,-0.43,-8.85
-3.11,-0.06,-7.93
-1.77,0.31,-5.92
-0.92,0.55,-3.48
-0.31,0.79,-0.85
-0.49,0.85,0.98
-0.37,0.67,1.22
-0.18,0.92,1.10
-0.18,1.53,1.40
-0.12,2.56,2.01
-0.79,3.36,2.56
-1.22,4.09,2.62
-1.34,4.03,2.50
-0.67,2.93,2.20
0.06,1.95,2.44
-0.24,1.53,3.30
-0.98,2.01,4.76
-1.46,1.89,6.96
-0.55,-1.22,10.99
0.79,-8.61,17.15
0.67,-17.27,24.35
-0.79,-26.18,33.08
-5.62,-34.91,40.71
-10.25,-44.43,48.22
-19.29,-41.99,31.37
-11.90,-27.53,7.08
13.98,-23.62,7.45
49.99,-39.55,24.54
85.63,-63.42,42.30
115.91,-86.73,46.69
140.56,-102.54,48.10
156.80,-109.31,54.87
167.30,-101.68,52.00
185.55,-92.96,56.15
192.32,-90.03,62.56
195.25,-86.85,59.63
183.65,-75.44,57.92
159.73,-60.73,56.21
133.67,-37.29,47.12
102.60,-4.58,42.60
71.04,22.77,32.41
45.65,44.74,23.13
27.65,48.71,19.59
14.16,42.66,10.01
0.85,23.74,3.91
-14.04,3.66,3.78
-25.88,-9.16,2.20
-37.11,-13.55,-3.85
-50.29,-6.96,-15.08
-65.31,13.98,-30.15
-77.64,36.87,-34.24
-86.18,56.21,-39.79
-87.46,68.36,-50.35
-89.66,70.56,-62.50
-94.18,64.45,-73.61
-96.86,52.49,-80.32
-91.25,35.03,-78.43
-73.73,11.47,-61.16
-53.53,-13.18,-28.44
-37.90,-37.17,12.76
-32.96,-52.25,38.09
-34.55,-42.11,11.90
-13.67,-25.70,-2.08
-1.53,-7.14,8.97
-8.42,14.40,46.94
-15.81,43.64,83.62
-21.12,78.43,112.85
-20.87,100.77,143.43
-19.90,126.71,179.87
-19.35,143.37,212.34
-17.82,148.07,231.57
-17.94,147.71,224.43
-18.13,118.90,188.48
-17.70,73.61,137.82
-16.91,38.09,88.93
-13.92,18.37,45.04
-9.77,10.99,16.85
-3.05,15.81,-0.06
7.51,21.67,-9.58
14.77,23.01,-14.10
18.80,13.00,-34.55
21.18,-4.52,-69.15
19.23,-18.43,-105.90
12.02,-23.99,-132.02
5.62,-23.07,-145.75
3.72,-23.38,-144.78
0.98,-29.05,-128.23
-1.71,-39.55,-101.32
4.88,-55.60,-66.41
13.85,-71.35,-26.37
27.22,-82.70,12.51
47.67,-57.01,25.70
65.00,-29.97,30.46
90.39,-48.89,33.51
113.04,-60.42,34.91
133.06,-78.61,44.62
147.77,-74.34,48.65
161.56,-67.63,51.09
171.81,-53.28,50.84
172.06,-47.12,48.16
152.89,-37.23,39.92
112.79,-16.91,30.15
66.22,6.23,15.99
27.89,24.60,-1.40
8.12,32.17,-8.79
-4.64,46.14,-13.85
-12.63,40.16,-25.02
-21.30,27.89,-48.71
-34.48,14.77,-74.22
-43.88,13.67,-96.19
-44.92,26.61,-119.69
-62.44,41.56,-150.27
-72.02,46.20,-186.28
-82.40,31.31,-220.58
-101.07,0.00,-246.22
-123.17,-38.76,-260.68
-136.11,-79.83,-260.74
-142.03,-114.38,-243.47
-139.71,-133.61,-209.11
-130.19,-137.45,-160.89
-126.65,-130.07,-104.13
-122.01,-111.94,-44.43
-108.22,-85.57,10.93
-90.15,-57.50,61.71
-69.15,-35.95,104.61
-67.75,-25.51,115.42
-68.66,-15.87,9.16
-1.28,-2.93,-35.71
49.74,-9.95,-40.04
46.14,-20.20,25.76
41.08,-11.90,113.04
38.21,20.02,173.77
34.36,57.98,215.03
34.12,92.83,243.65
32.23,137.02,265.20
42.36,175.90,276.31
53.53,200.50,278.50
66.41,216.06,278.75
83.31,219.60,277.47
89.90,214.60,270.75
90.82,190.92,256.23
82.76,158.94,221.31
68.36,121.70,173.77
43.64,77.21,125.55
25.09,48.65,80.32
11.54,25.82,44.92
1.77,7.14,21.91
1.71,1.28,4.70
4.15,-0.98,-11.84
-2.69,-5.31,-56.40
-7.81,-7.51,-122.07
-12.02,-9.95,-188.60
-16.42,-14.22,-246.34
-22.40,-23.99,-292.72
-32.96,-43.82,-328.74
-45.59,-76.17,-351.75
-57.13,-111.45,-360.17
-75.38,-141.11,-351.68
-94.97,-164.98,-327.33
-113.53,-183.29,-290.10
-130.80,-191.96,-240.05
-133.61,-188.48,-177.67
-120.97,-170.78,-103.45
-109.19,-140.14,-20.94
















-,-,-
1.22,-4.58,3.30
0.31,-5.07,3.11
0.67,-5.62,2.99
1.04,-6.29,2.62
-0.67,-7.57,2.20
-1.04,-8.48,1.46
-1.59,-9.03,0.61
-1.59,-9.16,0.18
-0.79,-8.48,0.06
0.06,-8.24,1.22
0.73,-8.00,0.85
1.71,-6.35,-0.31
1.40,-5.37,-1.59
1.04,-5.55,-2.26
-0.06,-5.49,-2.87
-1.53,-5.49,-3.23
-2.08,-5.74,-3.60
-2.01,-5.19,-3.42
-1.04,-4.58,-2.81
-0.92,-4.09,-1.71
-0.49,-3.42,-0.98
0.24,-2.81,-0.55
1.16,-2.01,0.12
2.14,-1.04,0.79
3.05,-0.18,1.34
3.54,0.37,2.38
3.42,0.79,2.75
3.72,0.61,2.69
4.03,0.31,2.81
4.64,-0.06,3.54
5.25,-0.49,4.46
6.59,-0.31,5.00
8.18,-0.49,5.62
9.95,-3.66,8.06
13.55,-7.32,8.97
21.67,-9.09,9.46
37.11,-20.32,17.40
52.25,-32.41,28.93
66.96,-38.02,34.61
84.90,-51.70,40.22
100.77,-62.50,45.29
116.27,-64.94,50.60
134.46,-69.09,61.34
152.95,-71.35,66.53
166.32,-69.40,73.67
168.27,-68.48,79.77
166.69,-68.05,78.12
158.26,-58.23,70.86
147.09,-49.44,65.73
123.23,-33.08,59.08
100.89,-20.02,51.76
70.25,7.51,37.29
42.72,19.78,25.88
14.77,31.07,17.27
-9.77,26.18,6.77
-23.74,9.03,-3.85
-40.34,8.06,-16.78
-58.11,32.71,-35.77
-68.48,58.41,-45.90
-79.16,78.92,-49.01
-88.56,86.36,-51.76
-93.51,82.58,-58.11
-93.14,68.24,-66.65
-86.79,46.08,-72.08
-73.79,19.04,-67.93
-55.42,-9.22,-50.42
-39.12,-36.80,-21.42
-28.56,-60.30,13.61
-31.01,-62.32,26.49
-39.79,-38.33,13.73
-22.71,-19.29,4.58
-13.24,-5.55,20.81
-23.25,5.74,56.88
-24.66,25.15,101.99
-29.36,52.55,132.63
-24.41,67.14,164.12
-33.81,77.39,188.54
-43.64,85.57,196.59
-39.06,82.15,184.45
-36.99,70.74,160.16
-32.90,53.22,121.95
-23.44,43.03,76.72
-6.96,38.39,40.04
0.31,36.32,23.86
3.05,42.85,11.23
14.59,51.33,0.85
20.57,53.83,-5.19
21.97,45.29,-25.45
27.10,36.07,-58.11
30.64,29.48,-87.46
32.41,22.71,-104.31
28.08,12.15,-106.02
24.90,-6.53,-95.15
24.29,-31.19,-75.32
27.22,-57.07,-50.17
33.33,-82.64,-23.44
41.32,-103.82,0.06
54.81,-88.32,15.08
49.13,-34.91,24.54
64.45,-16.54,20.02
86.55,-25.76,20.45
108.34,-58.90,27.89
128.05,-66.83,30.94
148.25,-61.89,26.86
154.42,-56.21,16.72
156.68,-56.76,17.76
139.59,-47.91,14.10
123.41,-35.52,6.10
89.48,-19.35,4.70
63.05,-1.71,9.34
30.76,20.39,17.64
7.45,27.22,15.93
-10.93,32.23,16.05
-21.67,20.08,13.98
-33.02,13.67,8.24
-43.03,28.50,2.32
-56.40,63.17,-14.04
-56.95,86.55,-34.61
-51.39,91.98,-51.21
-42.18,80.02,-69.15
-37.23,58.96,-94.12
-39.55,38.15,-127.32
-44.01,20.39,-162.66
-47.06,4.15,-192.14
-48.58,-13.92,-211.00
-43.88,-38.09,-208.62
-44.49,-63.66,-179.08
-47.67,-85.08,-128.72
-50.11,-97.17,-69.09
-50.11,-96.74,-13.55
-53.22,-79.83,19.71
-35.34,-36.38,17.03
-18.62,-22.34,11.96
-15.99,-30.58,-0.43
-21.30,-39.55,15.38
-27.10,-31.62,49.93
-18.62,-13.06,91.13
-5.98,14.89,143.43
5.55,37.35,193.91
13.24,54.14,243.65
17.40,62.68,291.75
16.97,68.97,329.04
16.42,69.64,347.47
14.65,59.08,342.83
12.82,42.85,308.17
15.75,24.48,249.08
15.63,11.17,182.01
7.69,3.91,118.65
-1.04,8.30,67.26
-6.90,14.34,31.56
-6.96,21.61,5.86
-2.87,34.61,-9.52
-0.31,58.23,-44.07
9.34,79.41,-94.91
19.10,93.99,-145.75
30.76,96.92,-192.57
39.12,92.53,-235.17
47.67,77.88,-269.84
35.22,54.26,-294.07
14.83,19.65,-304.26
-3.66,-18.80,-296.39
-11.47,-53.16,-273.74
-18.62,-79.41,-242.92
-26.00,-98.08,-202.82
-30.70,-113.40,-153.56
-37.54,-124.21,-104.06
-45.04,-129.33,-61.10
-52.31,-124.69,-27.22
-60.18,-85.02,-22.71
-26.67,-44.56,-11.05
-14.83,-38.76,-0.55
-27.47,-46.08,4.82
-35.89,-46.08,8.30
-21.48,-39.25,25.15
-20.87,-25.09,54.32
-17.94,-11.90,96.01
-6.71,5.25,146.42
-2.01,15.26,191.53
0.85,21.91,224.37
1.28,35.58,250.73
















-,-,-
-6.65,-6.71,6.10
-6.71,-7.57,5.49
-6.90,-8.48,5.37
-5.49,-10.01,6.53
-4.33,-12.63,8.30
-3.85,-15.93,10.38
-4.21,-18.98,11.90
-3.66,-20.63,12.08
-2.99,-21.67,12.63
-1.89,-22.58,13.92
-3.72,-21.30,13.67
-5.80,-15.75,6.47
-3.60,-12.08,1.65
-1.95,-12.57,0.67
-2.01,-11.96,0.06
-0.37,-12.02,-0.79
-2.93,-11.41,-1.10
-2.38,-9.64,-0.61
-1.40,-7.87,0.43
-0.31,-6.77,1.10
0.67,-6.04,1.04
-0.18,-6.16,0.49
-3.60,-6.96,-0.49
-7.26,-7.81,-2.01
-9.64,-8.48,-3.30
-10.99,-9.22,-3.66
-11.35,-9.16,-3.66
-11.05,-9.22,-3.23
-10.68,-9.40,-2.81
-10.31,-9.58,-2.93
-8.42,-9.70,-3.11
-5.31,-9.95,-2.62
-1.65,-10.99,-1.53
7.26,-14.47,-0.43
21.97,-18.31,6.77
42.72,-41.14,23.07
60.36,-61.22,41.26
79.35,-71.59,54.87
104.49,-83.07,64.94
129.27,-84.78,69.15
153.56,-75.26,73.91
174.74,-72.14,76.48
191.10,-75.99,77.15
188.29,-78.55,75.13
182.07,-77.33,66.47
165.04,-68.12,59.81
142.33,-55.66,54.81
115.54,-37.72,45.53
92.35,-25.27,37.78
68.91,-15.99,31.56
43.09,3.23,26.55
24.17,13.79,19.17
8.61,12.88,15.01
-3.78,-1.89,11.35
-17.33,-14.95,3.60
-32.90,-17.94,-8.00
-49.38,-4.39,-21.42
-64.70,26.49,-37.05
-76.66,56.88,-52.49
-87.52,82.46,-62.68
-92.59,96.19,-73.73
-95.09,96.80,-86.91
-93.87,83.44,-99.12
-89.78,56.03,-101.68
-81.12,21.42,-89.60
-67.44,-10.31,-63.11
-52.80,-33.94,-25.88
-46.26,-51.27,13.43
-60.49,-50.35,16.97
-63.72,-33.26,1.71
-45.72,-10.50,-4.46
-38.45,14.40,20.45
-37.72,38.02,75.01
-34.36,66.35,126.77
-24.23,93.75,172.79
-25.27,114.99,205.38
-23.38,120.79,221.62
-22.16,119.20,219.67
-17.82,104.25,202.64
-13.31,89.23,177.12
-13.61,76.17,143.13
-11.54,65.31,99.67
-4.70,58.65,59.94
0.98,47.61,29.91
11.96,44.49,3.97
28.02,37.54,-16.78
37.05,29.48,-47.79
51.57,28.56,-81.79
58.90,28.99,-104.31
59.14,27.16,-115.17
59.88,21.42,-116.64
40.53,12.57,-110.60
16.54,2.62,-100.95
2.69,-9.09,-86.98
0.73,-26.79,-67.14
5.13,-50.66,-43.70
9.34,-79.10,-19.47
21.97,-104.31,2.75
20.32,-87.22,12.21
17.82,-26.00,16.60
43.15,-13.49,16.91
63.78,-27.16,22.28
79.41,-54.81,28.56
107.06,-63.78,25.09
136.84,-62.44,29.30
159.48,-62.07,35.52
170.17,-57.13,33.63
174.01,-57.43,29.66
156.43,-44.98,21.79
134.95,-32.29,19.23
104.00,-15.26,20.08
72.81,-2.87,22.16
43.88,6.04,22.64
22.83,20.26,22.58
6.41,26.67,25.39
-2.62,24.11,26.43
-10.44,15.20,28.93
-23.62,15.87,16.85
-35.52,27.10,-17.15
-40.04,41.69,-49.44
-38.94,55.97,-73.91
-28.63,71.72,-92.22
-16.85,77.64,-106.51
-12.08,72.75,-122.68
-11.29,58.29,-141.17
-15.87,37.41,-156.31
-21.79,11.72,-162.66
-35.10,-15.87,-159.42
-47.00,-41.14,-145.02
-53.59,-55.18,-118.04
-61.04,-54.87,-83.07
-63.66,-46.57,-49.68
-64.76,-42.42,-21.24
-60.36,-48.34,1.89
-65.98,-56.70,16.72
-64.70,-36.62,0.73
-16.42,-26.79,8.85
-1.22,-25.70,15.69
-21.00,-31.31,15.32
-20.20,-33.39,22.22
-14.59,-37.17,37.96
-8.24,-37.66,69.27
-4.76,-23.62,111.21
7.75,-2.32,158.14
26.37,18.13,198.06
42.85,34.79,238.53
54.02,43.03,273.56
59.39,47.85,310.24
59.88,52.67,343.32
51.33,53.59,356.93
39.25,54.57,338.26
26.61,45.96,298.34
20.08,23.93,252.44
15.38,-2.87,198.36
9.95,-15.26,140.38
0.18,-12.15,88.01
-13.92,-9.52,48.89
-23.99,-8.48,27.22
-31.19,-0.37,9.40
-30.76,13.24,-5.86
-30.94,38.57,-33.39
-19.78,63.35,-83.56
-5.55,86.79,-135.56
7.69,103.09,-178.71
6.59,113.04,-212.04
2.26,113.71,-237.61
-6.10,102.05,-253.85
-8.85,77.45,-261.29
-4.70,42.66,-259.09
-4.46,5.86,-248.23
-13.18,-26.31,-234.31
-30.76,-49.74,-226.01
-41.38,-63.72,-226.07
-53.89,-73.12,-228.70
-68.73,-83.25,-222.23
-87.28,-92.53,-198.06
-91.49,-97.41,-152.53
-85.33,-95.95,-94.73
-73.91,-90.27,-41.63
-67.20,-82.82,-3.85
















-,-,-
1.04,-0.24,-0.31
1.04,0.06,0.43
1.04,0.49,1.28
0.61,0.79,1.65
0.43,0.61,1.40
0.06,-0.12,0.92
-0.24,-0.37,0.85
-0.79,0.06,1.22
-0.85,0.73,1.77
-0.31,1.16,2.14
0.31,0.24,2.75
0.67,-1.04,2.99
0.43,-1.53,3.05
0.24,-0.92,2.87
0.00,0.31,3.05
-0.49,1.04,3.72
-0.79,0.98,4.09
-1.59,0.73,3.91
-1.77,0.92,3.42
-1.46,0.98,3.17
-0.98,1.22,3.23
-0.73,1.28,3.30
-0.85,0.67,3.54
-0.92,0.06,4.03
-0.92,-0.06,4.46
-1.40,-0.37,5.00
-1.89,-0.79,6.10
-2.20,-1.89,7.57
-2.87,-4.15,9.64
-3.30,-7.32,12.51
-2.32,-13.00,16.72
-2.08,-22.34,22.46
-7.02,-31.13,26.37
-19.41,-34.06,23.01
-39.12,-29.17,7.51
-26.79,-31.43,-1.16
-11.60,-38.15,2.87
8.18,-51.21,18.13
22.71,-62.07,32.90
37.60,-51.94,33.63
69.95,-48.83,36.93
98.33,-61.46,45.23
113.71,-66.53,52.80
131.23,-73.30,57.68
154.05,-83.37,60.18
176.94,-84.84,56.64
193.18,-82.09,55.79
191.16,-68.30,46.94
183.65,-56.34,43.33
167.36,-41.99,39.37
146.91,-26.61,35.77
126.04,-13.67,32.59
95.95,1.10,28.38
64.88,11.05,20.63
32.71,19.47,11.41
9.09,15.99,2.81
-8.73,13.43,-2.75
-23.44,6.47,-3.36
-36.80,-0.24,-7.26
-45.10,1.28,-15.26
-54.81,10.93,-25.45
-66.22,19.23,-35.83
-74.71,29.42,-44.98
-80.08,37.84,-49.68
-84.90,42.42,-50.11
-88.75,43.21,-55.42
-90.64,35.34,-58.47
-81.73,17.82,-54.14
-66.47,-5.43,-41.56
-54.08,-28.50,-23.38
-54.26,-39.18,-12.76
-60.91,-38.45,-9.34
-54.26,-32.23,-6.10
-55.18,-4.64,3.72
-53.53,15.93,34.24
-52.49,31.68,79.53
-47.42,54.69,123.17
-32.53,63.84,164.86
-27.65,70.01,198.06
-25.82,74.40,211.98
-19.59,71.04,200.93
-18.25,54.38,165.59
-10.50,43.52,119.02
-7.32,28.69,77.64
-5.49,26.92,36.56
2.50,29.66,20.08
7.63,31.62,16.48
15.81,30.33,11.41
23.62,23.99,-6.35
26.18,18.01,-41.02
26.86,17.33,-77.76
21.79,19.65,-102.97
14.28,24.66,-117.55
8.48,27.16,-124.57
8.00,18.43,-121.64
18.86,-1.40,-105.96
19.90,-24.78,-80.44
32.47,-52.31,-47.49
52.25,-83.56,-10.56
69.46,-113.10,25.45
73.43,-87.10,39.61
63.35,-24.41,34.24
99.55,-28.75,24.17
115.11,-53.77,27.47
136.54,-81.24,30.09
142.03,-79.96,23.50
146.24,-57.19,18.19
145.45,-36.32,20.57
138.55,-20.39,16.48
114.44,-3.72,6.35
81.85,7.75,-2.38
45.53,17.33,-8.67
16.42,26.73,-14.22
1.04,31.31,-12.39
-7.57,35.89,-10.25
-13.79,38.76,-17.88
-21.73,31.49,-39.98
-31.43,27.16,-63.29
-46.81,28.38,-84.90
-57.07,36.07,-106.51
-60.61,41.44,-129.39
-70.62,38.94,-153.50
-82.52,25.57,-175.72
-86.24,1.46,-190.12
-84.78,-26.43,-191.41
-79.04,-50.05,-177.49
-73.61,-67.32,-151.98
-71.29,-79.65,-120.73
-69.89,-86.55,-84.53
-62.38,-85.02,-42.48
-50.48,-76.42,4.27
-47.12,-66.16,45.17
-59.81,-32.04,14.95
-16.78,-2.81,4.39
9.16,5.98,-2.81
-5.31,-1.34,6.41
-15.08,-11.47,35.95
4.52,-18.07,74.52
5.19,7.32,108.83
9.83,30.64,130.74
25.02,54.50,159.12
36.56,76.23,197.45
39.43,96.01,238.83
53.59,96.25,276.55
65.98,93.02,302.06
79.77,87.04,310.55
84.53,74.65,303.71
76.17,59.94,272.52
59.81,37.54,230.41
43.52,28.93,185.00
29.54,35.34,145.26
20.08,25.94,115.66
10.44,13.79,93.14
5.07,-1.95,73.06
2.99,-8.18,53.65
-2.01,-15.32,38.15
-3.11,-13.18,18.07
3.60,-5.37,5.31
3.54,10.38,-12.33
3.23,27.22,-59.27
12.94,33.51,-116.70
19.29,34.67,-164.67
10.80,34.97,-204.28
4.82,31.25,-234.99
-3.54,24.78,-258.24
-11.35,15.32,-276.31
-15.81,-1.40,-286.25
-25.21,-17.88,-287.11
-37.66,-32.10,-277.22
-43.76,-46.81,-261.35
-48.52,-64.33,-242.68
-53.53,-83.37,-221.98
-53.83,-96.25,-195.25
-60.06,-108.46,-158.51
-64.82,-116.15,-110.53
-69.82,-112.06,-56.15
-82.82,-93.26,-18.07
-86.18,-39.67,-47.06
-37.96,-19.23,-43.88
23.80,-13.12,-29.11
















-,-,-
-11.90,2.75,-2.62
-11.29,0.79,-3.30
-10.19,-2.14,-2.93
-8.48,-4.64,-2.08
-7.02,-6.65,-0.92
-6.77,-7.32,0.12
-6.96,-6.65,0.73
-7.26,-5.31,1.22
-7.69,-4.15,1.46
-7.75,-4.15,1.65
-7.87,-5.25,2.20
-8.06,-5.62,3.17
-7.63,-5.80,3.54
-6.53,-6.04,4.33
-5.74,-5.98,5.25
-4.52,-5.86,6.53
-3.30,-6.16,7.81
-2.44,-6.59,8.85
-2.14,-7.26,8.79
-1.77,-7.20,7.39
-2.44,-6.29,5.92
-3.11,-4.09,3.78
-2.50,-1.22,1.10
-1.16,1.59,-0.98
0.49,4.15,-1.59
1.89,5.49,-0.61
2.08,5.80,0.73
2.08,4.70,2.38
2.69,0.92,4.88
3.72,-5.00,8.42
5.86,-13.43,12.82
6.10,-22.34,16.60
6.90,-26.73,15.87
12.82,-19.29,6.71
29.91,-16.48,5.37
51.15,-26.79,17.94
72.94,-39.06,31.25
97.72,-51.70,41.26
118.04,-59.75,42.18
138.73,-64.82,40.41
156.13,-64.70,43.64
169.31,-70.43,46.39
178.34,-76.23,64.15
170.65,-64.39,69.95
165.95,-49.07,66.71
156.86,-39.25,64.94
136.90,-25.94,61.65
113.59,-21.18,47.30
83.62,-15.38,32.90
58.04,-5.43,30.40
32.78,-0.98,23.50
7.14,4.88,0.06
-11.72,15.08,-14.83
-28.69,21.61,-18.07
-39.55,24.48,-24.48
-49.68,26.55,-38.57
-63.66,32.71,-54.75
-80.44,46.02,-68.91
-93.08,60.97,-78.98
-98.45,65.12,-82.89
-95.09,51.94,-78.43
-83.31,24.66,-64.27
-68.66,-9.34,-37.23
-57.31,-41.38,-1.65
-49.99,-59.88,23.19
-47.00,-45.59,7.26
-28.38,-34.48,-5.80
-11.66,-5.49,7.69
-6.16,9.03,51.27
-1.40,23.44,95.03
9.58,44.37,132.87
18.01,54.02,170.72
15.87,57.62,198.55
10.07,59.20,212.28
4.46,66.89,208.68
-2.81,51.15,190.49
-16.97,39.12,143.92
-16.66,23.07,88.99
-13.31,22.71,34.73
-9.77,24.96,5.62
-12.21,25.21,-3.05
-6.41,28.87,-11.05
-3.60,31.98,-19.65
-5.49,30.88,-45.41
-4.76,27.40,-72.94
-5.55,31.37,-92.83
-4.27,38.27,-105.77
-2.38,40.71,-114.32
1.95,30.15,-115.42
-1.10,8.00,-103.76
-3.17,-16.30,-81.36
-3.66,-38.39,-51.70
0.92,-60.49,-19.29
4.94,-83.44,12.70
16.42,-99.18,33.57
33.14,-62.38,24.11
56.58,-25.33,13.18
87.65,-34.79,20.26
103.58,-66.16,33.39
110.47,-78.98,28.44
116.09,-65.31,17.40
115.84,-56.09,11.60
117.43,-45.47,12.51
109.44,-33.69,13.67
94.91,-14.34,15.44
67.99,-4.27,13.31
44.19,4.88,5.92
19.90,15.81,2.26
2.93,26.25,-4.64
-11.35,41.75,-2.20
-22.52,37.41,-4.82
-29.54,38.15,-23.86
-38.70,37.05,-53.96
-47.42,41.20,-84.66
-50.23,48.71,-106.38
-48.89,56.46,-121.34
-39.49,57.92,-134.46
-36.62,46.88,-147.22
-40.59,25.57,-158.14
-44.62,-2.38,-163.02
-37.96,-35.10,-154.54
-42.36,-62.81,-128.30
-42.97,-84.59,-86.91
-39.79,-100.34,-40.10
-39.67,-103.15,0.67
-35.40,-64.88,7.69
-5.74,-27.95,-0.43
9.83,-23.56,3.30
1.16,-30.94,12.51
-1.59,-35.89,53.28
1.95,-24.35,95.76
13.73,-0.61,133.12
33.26,21.79,177.43
50.54,25.39,226.93
57.50,42.66,274.41
66.83,60.49,316.35
64.51,63.42,352.60
48.52,54.32,360.41
30.09,35.34,333.80
15.44,22.34,267.82
10.31,21.73,185.55
2.99,15.14,113.83
-4.82,1.59,74.16
-4.76,2.75,49.32
-4.46,6.65,36.32
-9.28,16.91,18.19
-7.93,30.15,-6.96
-5.62,45.78,-37.29
1.16,61.58,-85.39
5.13,71.35,-137.57
12.57,76.05,-184.51
32.84,74.10,-219.36
23.07,72.45,-243.04
5.19,65.49,-261.60
-5.25,51.15,-275.94
-20.26,31.43,-281.01
-27.40,5.31,-270.57
-27.04,-25.45,-237.12
-26.86,-56.34,-190.19
-33.87,-82.89,-139.22
-40.41,-104.37,-93.81
-48.34,-120.00,-54.44
-57.56,-125.43,-19.23
-64.82,-83.74,-15.01
-30.94,-41.08,-19.04
6.90,-36.25,-17.58
-5.74,-48.34,-2.93
-9.70,-53.83,44.19
5.07,-47.91,97.23
24.05,-30.88,150.09
42.91,-10.19,204.53
50.90,8.06,264.89
50.35,23.74,328.31
43.58,34.91,372.19
37.54,40.16,389.04
31.13,38.21,374.27
22.71,28.50,338.44
13.43,-0.31,286.62
13.43,-14.53,226.56
11.90,-24.35,170.47
