-,-,-
-8.06,4.94,2.81
-7.75,3.23,2.69
-7.75,1.28,3.85
-7.81,-0.67,4.76
-7.20,-2.69,5.07
-5.80,-5.07,5.68
-5.00,-7.26,7.93
-4.03,-8.73,11.47
-2.99,-10.13,15.69
-2.20,-12.82,20.08
-1.77,-17.40,23.13
-3.48,-22.95,25.82
-6.71,-26.55,22.83
-8.30,-25.94,13.49
-6.65,-24.11,7.14
-3.36,-21.30,5.80
-0.12,-16.42,4.76
2.32,-11.41,3.85
4.58,-7.08,3.72
6.10,-4.46,3.60
7.02,-2.87,3.60
7.51,-2.20,2.99
7.20,-2.32,2.26
6.77,-3.72,2.14
7.32,-6.35,2.56
11.05,-10.74,3.72
15.20,-16.60,6.41
25.27,-20.81,9.09
38.51,-22.58,12.76
53.96,-25.15,17.33
72.27,-36.99,28.75
86.91,-48.22,37.35
102.05,-50.54,39.31
119.08,-47.12,37.48
139.53,-50.54,44.01
155.27,-53.77,49.13
164.49,-60.73,52.31
173.65,-65.31,47.24
189.51,-83.86,45.90
200.56,-98.75,42.36
214.36,-104.74,35.89
224.43,-103.70,31.31
224.24,-101.38,32.17
210.69,-86.79,34.61
193.85,-69.40,31.25
179.20,-64.27,34.61
171.63,-59.27,45.72
138.55,-11.41,43.70
128.23,-16.78,42.91
105.29,-20.26,38.45
78.80,-14.22,27.77
61.34,-14.77,18.68
45.29,-14.83,10.44
25.88,-12.27,9.16
8.12,-9.64,1.40
-6.16,-9.03,-2.99
-18.62,-15.01,-5.43
-25.09,-18.74,-11.05
-37.60,-11.84,-19.65
-50.29,2.81,-28.87
-63.54,23.38,-42.05
-76.84,45.04,-52.06
-89.54,62.44,-57.62
-100.28,75.01,-60.06
-104.68,81.97,-61.34
-107.85,83.25,-60.00
-108.58,81.36,-52.43
-105.10,75.87,-36.32
-96.13,64.15,-11.66
-80.44,45.04,16.24
-63.72,26.43,40.22
-53.71,12.33,53.41
-46.63,1.53,29.05
-39.12,-17.76,-3.23
-19.47,-13.37,-3.30
-8.91,1.65,10.31
-7.20,20.57,24.48
1.59,39.67,43.70
9.70,49.38,69.34
13.43,46.94,87.89
12.57,47.97,108.95
11.66,53.47,133.24
16.30,50.23,151.98
22.89,48.52,171.87
21.55,44.31,179.02
18.43,37.48,175.54
21.36,26.73,181.82
17.82,18.25,178.77
17.15,17.03,160.89
11.11,14.95,132.45
9.28,11.11,117.13
6.41,7.75,106.75
4.58,10.07,93.69
3.48,14.40,81.67
6.65,13.31,75.44
7.02,20.20,54.50
12.45,28.75,33.51
14.95,32.96,19.78
17.40,39.12,-13.67
21.36,43.64,-71.17
29.48,46.51,-130.98
36.87,43.88,-177.55
41.81,34.55,-208.31
37.78,17.40,-227.54
27.22,-7.20,-242.92
15.69,-35.83,-256.53
10.86,-65.80,-267.70
-1.46,-92.47,-270.94
-15.26,-112.55,-267.27
-29.91,-123.90,-260.38
-40.83,-128.85,-251.10
-51.51,-129.88,-237.00
-66.10,-128.30,-215.76
-79.35,-121.89,-185.79
-86.12,-112.61,-151.00
-83.92,-103.09,-117.07
-69.09,-94.73,-84.35
-61.34,-89.42,-55.05
-54.08,-93.20,-28.14
-47.79,-93.99,-4.21
-44.74,-90.21,18.86
-42.97,-81.54,45.17
-42.72,-65.67,73.30
-50.35,-42.18,87.34
-6.04,-23.01,14.34
42.05,-11.66,-6.29
16.66,14.40,6.77
-5.86,17.46,27.47
5.80,11.29,50.72
20.63,3.85,76.84
21.79,3.17,95.83
27.10,3.42,109.44
35.77,4.33,115.54
36.68,14.89,119.14
42.11,24.41,120.54
44.56,35.10,121.64
47.06,45.41,125.31
49.56,52.12,133.91
51.51,57.62,138.73
52.49,55.30,144.53
55.36,46.08,142.64
55.11,35.03,136.72
42.97,26.43,121.34
34.79,17.46,63.72
43.09,14.22,85.69
23.86,13.18,117.25
29.54,9.64,129.03
35.46,12.57,127.81
31.86,12.39,131.41
22.58,14.04,123.35
19.90,18.37,102.05
19.71,24.72,84.17
16.48,22.64,76.05
12.27,19.71,72.69
10.38,22.16,64.21
12.08,21.30,78.92
8.48,18.92,88.32
11.29,18.49,97.78
15.69,16.78,102.91
14.83,13.37,94.67
17.58,10.31,83.92
16.97,5.68,77.76
13.79,1.28,65.80
16.66,-1.83,56.03
13.31,-1.77,42.54
14.89,-2.08,31.07
17.27,-4.88,32.96
13.43,-4.21,29.91
9.83,-2.56,22.58
3.97,0.85,2.38
3.36,1.53,-14.95
3.72,4.09,-22.52
5.86,6.35,-31.86
6.41,12.21,-48.89
9.83,22.95,-79.04
9.03,30.21,-109.44
3.72,40.47,-135.86
-2.32,51.94,-162.05
-7.08,58.17,-186.28















-,-,-
-2.14,-2.99,-0.06
-2.69,-2.75,-0.18
-2.56,-2.26,0.06
-1.83,-1.46,0.37
-0.79,-0.67,0.43
0.00,0.00,0.61
0.67,0.67,0.79
1.10,0.98,1.04
1.34,1.10,1.10
1.16,0.79,1.10
0.49,0.18,0.92
-0.49,-0.55,0.37
-1.40,-0.98,0.00
-1.83,-1.34,-0.18
-1.53,-1.40,-0.18
-0.98,-1.16,-0.06
-0.43,-0.79,-0.06
-0.31,-0.43,0.12
-0.31,-0.24,0.49
-0.18,0.12,0.61
0.06,0.43,0.61
-0.12,0.49,0.67
-0.24,0.24,0.61
-0.55,0.06,0.67
-0.49,0.12,0.49
-0.67,0.00,0.43
-0.37,0.24,0.24
0.18,0.49,0.49
0.37,0.85,0.73
0.49,1.22,0.85
0.49,1.40,0.98
0.43,1.46,1.28
1.40,1.77,1.34
2.01,1.83,1.83
2.93,2.01,2.69
5.19,3.48,5.25
10.68,3.23,12.94
18.80,3.66,20.14
34.00,1.40,27.16
47.73,2.62,34.73
64.39,-1.89,38.27
77.51,-13.98,42.60
88.99,-20.57,46.20
104.43,-33.39,50.90
112.92,-40.10,53.77
120.91,-46.51,54.26
132.26,-54.26,58.35
139.95,-57.86,60.12
150.39,-63.78,65.12
154.54,-62.38,70.68
167.72,-61.46,74.22
174.13,-62.01,78.25
182.19,-61.28,74.46
186.22,-54.02,71.11
192.75,-50.84,75.56
199.71,-47.67,78.19
208.44,-48.89,76.97
213.93,-44.37,68.24
219.79,-45.72,63.84
216.67,-52.19,63.54
199.58,-32.59,59.75
171.02,-22.28,46.88
162.48,-30.21,43.03
133.67,-25.15,27.83
110.35,-22.22,-2.01
96.44,-20.32,-10.62
80.26,-21.79,-4.58
68.42,-21.12,-2.62
58.17,-22.52,-4.58
49.19,-19.90,-6.59
37.54,-16.36,-3.91
27.10,-12.94,-2.99
16.72,-8.91,-3.66
5.31,-6.04,-4.15
-6.29,-7.93,-4.52
-20.26,-13.00,-8.24
-33.63,-16.60,-15.63
-49.44,-5.74,-16.11
-66.83,15.63,-19.17
-84.84,43.40,-35.46
-102.05,70.86,-58.35
-122.13,89.23,-74.71
-134.16,99.79,-84.41
-139.22,109.68,-84.96
-134.58,111.08,-74.58
-127.14,101.44,-56.52
-118.53,86.49,-35.22
-101.14,65.31,-12.08
-78.37,37.84,12.15
-54.69,9.28,33.45
-40.83,-7.26,55.30
-30.52,-27.10,78.31
-28.50,-35.40,90.94
-28.69,-28.99,40.47
-19.84,-11.35,20.81
7.02,5.25,55.85
12.70,14.77,98.82
22.83,21.30,121.58
32.10,32.04,138.06
32.90,39.18,155.40
33.94,41.14,169.86
33.45,39.92,186.65
32.23,34.85,195.50
34.97,41.81,195.31
34.00,43.09,174.56
35.64,43.33,152.40
28.50,45.04,131.84
19.84,36.25,108.83
13.73,28.75,87.77
6.53,24.54,70.31
0.61,24.72,54.20
-1.34,25.76,45.04
-0.06,28.99,37.41
2.26,32.35,13.85
7.08,36.25,-30.40
13.37,40.89,-85.14
16.91,46.51,-138.37
17.46,45.59,-185.12
19.04,34.12,-223.94
12.63,9.52,-248.29
2.08,-22.95,-263.92
-12.45,-52.31,-276.92
-25.27,-74.22,-282.59
-29.79,-90.33,-279.91
-32.78,-98.45,-273.86
-43.58,-100.40,-263.06
-57.68,-101.99,-242.74
-71.11,-102.11,-214.48
-78.12,-99.73,-183.11
-85.94,-99.43,-153.75
-89.97,-98.08,-126.28
-85.88,-92.29,-95.34
-82.70,-89.23,-62.68
-78.37,-89.11,-34.12
-72.14,-88.20,-12.57
-60.67,-83.13,3.42
-52.98,-71.59,19.53
-53.41,-54.81,34.36
-53.22,-36.80,44.62
-25.57,-29.05,1.95
14.53,-20.81,-20.08
-8.12,3.05,2.62
-23.44,4.21,29.24
-10.68,-3.05,40.28
13.00,-7.08,41.69
30.15,-11.90,45.53
37.17,-12.76,49.26
40.34,-9.34,54.69
42.66,-3.85,60.36
45.29,2.44,67.50
49.26,6.59,72.33
49.93,17.09,75.81
49.38,24.90,83.74
43.82,31.01,89.72
44.49,33.81,93.32
48.28,33.20,91.37
52.31,31.49,90.33
54.99,29.05,90.03
55.54,28.14,91.67
57.25,25.45,89.97
55.24,26.25,85.39
52.31,24.48,82.52
41.08,18.31,41.87
52.19,12.33,39.31
38.88,-1.22,78.00
26.49,-3.54,95.76
31.68,-4.88,96.44
34.91,-0.98,91.00
35.34,11.66,80.75
37.29,13.49,73.55
31.56,22.52,62.81
29.36,26.86,55.30
26.37,19.90,55.48
23.19,19.59,52.49
25.33,16.91,47.49
28.81,15.99,53.10
27.53,12.94,66.71
26.86,10.74,73.43
26.37,9.83,74.34















-,-,-
8.91,-3.48,7.63
7.45,-1.83,4.09
5.43,-1.89,2.69
3.66,-2.44,2.56
2.56,-2.93,2.38
1.95,-3.54,2.32
0.00,-5.00,1.59
-5.55,-7.87,-0.79
-12.21,-12.02,-3.97
-18.55,-15.93,-5.86
-22.28,-18.92,-7.39
-23.93,-21.00,-8.61
-24.41,-21.79,-10.13
-26.18,-23.01,-11.72
-33.33,-22.16,-16.66
-47.55,-7.81,-31.43
-59.57,8.00,-43.40
-72.27,26.92,-50.35
-76.54,44.01,-50.84
-74.83,44.37,-53.89
-70.92,42.42,-56.46
-70.01,39.92,-54.63
-70.50,34.42,-52.31
-69.46,26.25,-52.25
-64.33,22.03,-48.40
-59.45,18.07,-37.66
-48.77,13.31,-25.94
-34.85,10.19,-17.70
-19.71,14.10,-14.53
-5.13,17.33,-11.54
5.25,29.24,-9.58
23.38,41.75,-4.21
48.16,38.21,10.07
68.73,19.23,30.88
88.68,3.17,45.78
114.32,-18.31,57.13
134.09,-35.40,76.60
141.05,-30.27,88.44
164.73,-42.85,82.64
183.04,-58.84,79.10
191.96,-68.42,80.63
202.88,-65.06,81.60
211.12,-56.40,86.73
214.90,-49.93,88.50
216.31,-45.41,83.80
219.67,-43.33,82.03
221.37,-44.98,89.84
225.10,-31.49,84.41
217.35,-30.58,70.74
228.76,-41.32,60.67
218.93,-45.17,48.65
214.60,-47.97,39.00
198.00,-45.04,32.65
179.75,-50.66,28.69
164.18,-55.97,22.52
150.21,-55.30,16.48
134.58,-49.44,10.13
111.27,-43.64,12.70
87.83,-39.25,14.65
60.97,-28.32,8.85
35.95,-15.08,-1.89
16.11,-4.76,-6.35
-6.04,10.99,-1.89
-23.86,11.47,-4.03
-41.02,4.52,-12.82
-58.29,4.52,-20.20
-80.87,21.79,-18.62
-108.22,43.58,-24.54
-133.79,66.16,-42.60
-157.84,91.80,-64.27
-175.78,113.16,-82.21
-185.61,124.45,-92.53
-188.29,127.32,-96.98
-187.26,122.13,-96.37
-181.95,111.02,-91.25
-172.12,96.13,-82.03
-159.30,79.28,-67.99
-142.40,61.22,-50.96
-124.57,42.72,-31.86
-103.70,24.48,-9.34
-77.39,5.43,17.46
-53.47,-12.27,45.96
-35.40,-30.27,64.09
-30.27,-36.87,75.38
-26.49,-30.76,39.49
-30.46,-26.18,1.71
-8.54,-7.39,0.12
-4.58,12.21,41.50
-16.66,26.00,83.92
-16.54,44.43,91.43
-9.77,56.03,84.05
-9.28,55.05,94.30
-13.00,52.00,125.55
-10.50,45.10,158.75
-7.39,46.75,177.19
-1.16,50.48,185.73
-0.06,47.73,181.70
10.38,47.18,172.61
9.09,50.90,166.81
2.44,43.88,143.01
2.14,41.14,119.57
-1.77,37.66,103.82
-6.10,42.11,89.54
-7.32,38.88,89.42
-11.23,37.41,84.11
-12.08,38.94,73.49
-10.50,39.18,58.35
-2.50,42.85,38.76
7.32,43.40,5.86
28.02,33.26,-54.08
60.36,14.77,-128.11
87.59,-5.37,-192.32
97.23,-21.18,-238.22
88.56,-31.74,-267.03
75.07,-42.60,-281.98
46.51,-62.62,-283.08
0.49,-81.36,-279.54
-36.50,-90.82,-279.72
-54.44,-98.08,-281.43
-64.82,-106.26,-282.35
-72.33,-116.09,-274.78
-75.68,-127.81,-256.35
-80.99,-138.79,-230.59
-89.29,-149.23,-201.60
-98.27,-159.55,-170.84
-93.57,-166.20,-129.82
-77.15,-155.15,-75.99
-72.75,-127.87,-27.47
-57.43,-110.05,13.79
-37.05,-88.62,42.24
-18.49,-64.15,58.96
-8.54,-38.27,70.43
-9.89,-15.38,56.95
44.25,-7.32,1.40
48.16,13.92,6.90
-4.03,39.00,25.76
2.01,41.81,43.88
24.72,40.53,62.81
36.32,36.44,72.39
42.48,32.53,80.75
49.68,30.03,90.45
47.91,28.08,101.75
43.15,39.67,110.11
46.63,42.54,122.68
43.76,45.53,128.78
46.33,54.38,129.03
53.53,60.79,133.79
58.53,59.63,138.24
62.62,57.07,146.61
63.17,63.66,153.93
67.26,64.88,156.31
70.31,58.65,149.23
57.80,45.47,102.78
69.21,29.66,104.00
47.30,18.98,132.69
37.90,18.37,144.23
40.34,24.17,130.74
43.21,19.04,116.33
37.17,16.24,101.01
28.20,18.74,87.40
26.37,14.22,71.66
25.45,13.98,60.67
25.57,15.99,59.02
27.10,13.98,68.91
27.53,15.01,76.05
26.49,23.93,82.64
25.76,23.07,85.94
25.27,18.55,81.12
22.40,9.89,68.05
20.94,5.55,54.20
17.09,5.68,38.51
14.77,3.60,29.48
10.56,4.94,12.39
10.01,0.98,-4.33
6.96,0.18,-17.58
4.09,-1.53,-28.08
1.59,1.34,-38.57
-2.14,2.50,-42.18
-7.93,3.11,-48.10















-,-,-
1.59,1.16,1.40
2.14,1.04,1.65
1.95,0.49,1.46
1.22,-0.31,1.28
0.67,-0.61,1.28
0.61,-0.61,1.28
0.61,-0.67,1.04
0.55,-0.73,0.98
0.92,-0.85,1.04
1.16,-0.92,1.16
1.46,-1.04,1.28
0.98,-1.22,1.40
0.98,-1.34,1.65
1.77,-1.10,1.59
2.01,-0.67,1.65
2.32,-0.37,1.77
3.23,0.31,2.01
3.91,0.67,2.50
4.88,0.49,2.75
5.31,0.24,2.93
5.43,0.00,3.17
5.25,0.06,3.05
5.19,0.24,2.75
5.92,0.24,2.81
6.16,0.43,2.62
5.98,0.67,2.32
5.49,0.73,2.01
5.55,0.98,1.59
5.98,1.46,1.10
7.39,2.32,1.10
10.01,3.60,1.83
12.94,4.52,2.69
16.36,3.17,3.97
21.36,-1.53,7.08
31.01,-16.78,14.65
38.64,-22.22,20.32
54.99,-21.85,26.43
68.91,-27.59,28.08
83.31,-28.32,28.87
96.62,-33.33,36.74
107.12,-42.36,39.18
116.76,-45.59,40.28
126.59,-44.80,44.25
140.81,-43.88,48.77
158.08,-49.38,53.77
179.02,-50.23,58.23
199.46,-58.35,59.08
211.67,-72.63,63.17
220.83,-83.62,62.62
227.17,-91.00,56.76
229.61,-92.83,54.08
233.34,-91.00,52.43
234.56,-92.59,43.82
232.42,-93.32,29.17
222.41,-98.57,24.05
202.64,-90.45,17.88
181.82,-86.91,6.41
164.18,-74.65,1.95
149.54,-64.51,-2.44
140.08,-57.43,-10.44
120.54,-53.41,-4.39
93.44,-42.97,2.56
66.53,-31.62,1.71
39.06,-24.23,2.14
17.21,-10.68,-1.34
-2.87,-2.50,-2.87
-20.14,-2.38,-5.86
-32.17,-5.37,-11.96
-43.40,1.28,-12.76
-55.97,12.27,-13.49
-68.66,26.06,-16.78
-82.82,39.98,-22.77
-98.63,58.17,-32.47
-114.69,79.16,-45.04
-128.97,93.99,-53.53
-138.00,102.23,-56.09
-141.24,107.54,-53.34
-140.20,108.76,-46.14
-133.30,103.52,-34.42
-119.75,91.37,-19.65
-97.35,72.57,-2.62
-72.45,48.03,15.87
-48.77,21.12,34.00
-29.11,-4.94,47.91
-31.31,-24.48,45.10
-33.33,-32.47,10.93
-41.99,-20.51,-3.97
-22.40,-3.36,-7.32
-13.06,7.69,-3.66
-12.76,14.59,8.00
-11.96,23.86,29.85
-13.06,33.45,47.12
-10.50,37.96,59.14
-6.84,38.39,72.75
-5.43,41.44,92.90
-5.00,40.95,102.66
-3.30,43.40,113.04
-3.23,43.76,118.35
2.87,38.82,129.09
6.53,40.47,133.85
14.95,36.68,143.25
17.76,38.15,151.55
22.89,37.05,151.67
21.18,36.80,144.71
21.48,32.04,140.50
13.49,31.62,128.54
9.46,27.34,114.87
4.52,26.92,107.73
-0.67,25.88,103.15
-6.10,24.84,91.00
-7.45,23.74,78.61
-7.93,24.96,70.98
-8.18,27.59,57.37
-3.17,27.22,34.36
3.85,23.93,-5.86
8.24,23.44,-62.07
15.99,23.56,-125.49
28.26,22.77,-183.41
34.85,20.02,-226.26
31.13,13.61,-253.30
14.59,0.85,-266.36
-14.47,-19.17,-269.23
-35.83,-46.45,-271.24
-43.33,-72.57,-275.15
-47.12,-92.77,-274.48
-54.02,-106.02,-263.79
-68.30,-114.44,-245.30
-79.96,-119.26,-220.40
-84.47,-120.91,-190.49
-93.87,-122.68,-156.19
-97.84,-121.28,-117.19
-100.95,-117.68,-76.78
-98.08,-113.89,-42.24
-90.27,-111.15,-16.97
-83.44,-109.56,0.79
-75.07,-105.59,15.50
-65.12,-96.92,22.22
-40.77,-86.85,-2.99
3.30,-78.92,-9.64
-12.63,-58.84,9.95
-17.09,-40.34,36.87
-4.94,-33.69,56.34
7.32,-29.42,64.15
16.54,-22.28,66.04
25.94,-9.70,65.12
36.93,5.86,67.63
47.49,16.11,74.58
56.03,22.71,83.86
59.51,30.27,89.84
63.96,37.23,90.88
60.73,47.06,96.13
61.58,56.70,109.68
61.10,51.64,125.31
51.64,56.95,132.57
51.45,60.00,145.14
52.25,55.36,153.56
50.35,56.03,155.76
58.47,50.48,158.08
57.37,46.14,169.86
50.60,43.40,150.76
52.00,43.46,141.36
49.26,45.29,136.05
45.96,49.13,133.54
42.24,47.00,126.46
42.97,38.33,117.80
36.56,37.66,109.37
31.68,33.08,104.92
26.43,23.19,104.13
25.82,14.83,97.96
22.52,14.47,94.97
20.51,13.85,96.62
15.01,16.48,99.91
13.73,13.85,100.83
12.82,12.15,97.96
14.16,10.31,85.88
15.99,7.87,73.97
15.32,6.41,66.53
12.70,8.18,59.69
8.67,11.35,52.73















-,-,-
2.14,-3.78,0.43
1.34,-4.88,0.06
0.73,-5.74,-0.31
-0.18,-6.59,-0.67
0.73,-8.67,-1.22
-0.06,-11.11,-1.95
-2.38,-12.76,-1.77
-3.36,-13.67,-1.59
-4.52,-14.71,-2.20
-4.94,-15.01,-2.50
-5.74,-13.92,-2.20
-4.39,-12.39,-1.95
-3.60,-10.74,-1.59
-2.26,-9.40,-1.46
-1.95,-8.12,-1.22
-1.95,-7.63,-0.85
-1.65,-7.20,-0.55
-0.61,-6.77,0.24
3.60,-6.47,2.75
0.49,-9.83,4.52
-2.81,-13.00,2.32
-4.46,-12.21,2.87
-2.50,-9.77,2.75
-1.65,-7.69,1.71
-0.61,-5.80,1.53
4.33,-3.54,1.77
5.74,-3.05,3.85
3.54,-4.03,2.20
3.66,-3.11,2.32
7.08,-0.12,3.05
13.12,3.48,3.85
20.63,6.65,6.10
30.09,8.97,10.62
42.54,-5.80,22.16
50.90,-42.05,38.21
60.97,-53.34,44.01
75.74,-51.09,52.25
88.01,-48.34,61.77
100.89,-49.87,62.32
112.73,-56.40,66.83
117.74,-59.75,63.35
130.55,-54.32,65.49
137.08,-51.51,73.06
149.60,-51.82,76.97
159.12,-50.17,74.58
168.21,-48.83,74.52
173.65,-49.26,75.44
179.69,-51.39,69.09
188.48,-60.61,63.78
197.39,-66.10,58.84
204.77,-68.42,49.19
212.16,-79.71,42.11
212.65,-79.04,38.82
197.39,-72.39,36.32
192.02,-68.05,26.79
182.50,-61.95,21.91
174.38,-54.75,20.26
163.64,-47.91,16.72
148.01,-33.39,23.62
121.28,-15.14,28.38
99.91,-2.20,21.55
73.91,5.00,17.52
43.27,13.67,10.31
15.87,11.90,5.07
-2.87,9.22,1.71
-14.28,7.69,-2.87
-22.64,-1.10,-8.24
-33.75,2.87,-12.08
-49.38,20.32,-12.33
-67.87,38.70,-11.54
-86.55,59.51,-17.21
-103.58,77.88,-27.65
-117.31,90.33,-35.52
-125.18,96.74,-42.48
-128.85,96.68,-48.65
-129.03,90.21,-51.09
-126.16,78.80,-48.65
-118.16,65.43,-41.14
-107.06,52.12,-28.26
-93.99,39.86,-10.93
-71.72,26.79,7.63
-56.15,13.31,23.93
-47.30,-1.40,30.27
-32.84,-18.49,13.31
-22.64,-18.31,9.28
-10.44,-1.83,21.06
-0.49,14.28,41.69
1.77,29.42,64.51
4.33,37.48,78.25
5.74,40.65,97.47
5.68,42.30,116.82
8.06,44.19,133.97
10.31,51.09,148.32
10.93,52.86,158.87
15.99,51.51,162.54
22.40,51.27,167.48
21.36,49.56,170.29
23.01,46.33,172.06
19.35,38.45,171.39
17.33,33.75,165.95
14.77,25.09,147.03
13.18,17.76,129.33
8.06,13.31,108.09
6.29,13.61,93.75
1.59,15.08,84.35
-2.14,19.04,73.18
-4.15,22.34,57.92
-5.80,24.05,52.92
-9.46,27.65,50.96
-10.31,32.84,38.94
-9.64,37.72,13.24
-4.27,42.30,-34.48
4.33,44.86,-98.51
7.87,45.72,-163.27
4.82,43.09,-220.15
-0.49,32.59,-264.22
-3.30,12.08,-292.91
-1.22,-13.73,-308.96
-2.01,-43.03,-313.29
-11.96,-71.66,-309.94
-26.79,-102.66,-297.06
-22.89,-131.96,-277.77
-29.24,-145.57,-260.50
-38.82,-153.02,-242.13
-52.98,-156.01,-218.87
-71.53,-153.02,-191.41
-77.45,-143.68,-161.68
-82.40,-127.32,-133.79
-94.06,-120.12,-102.29
-89.23,-117.25,-68.60
-77.21,-113.95,-37.84
-70.13,-107.12,-13.31
-70.07,-98.88,3.36
-69.46,-92.04,17.94
-68.12,-82.21,32.04
-68.79,-68.60,45.59
-68.18,-51.09,50.35
-50.17,-39.67,21.73
13.12,-29.11,-9.89
7.39,-11.05,1.22
0.61,2.81,30.33
18.80,8.30,65.92
35.89,10.07,85.94
52.25,9.28,94.42
59.39,12.57,96.74
57.01,21.73,100.40
54.75,35.22,98.69
52.06,53.34,104.25
57.07,56.15,110.05
55.60,56.52,113.83
53.28,63.54,119.69
56.58,66.35,122.99
61.46,63.90,129.82
63.35,69.40,138.37
67.32,75.32,161.32
65.19,73.30,150.88
69.34,70.13,145.87
64.27,69.46,144.23
61.16,61.58,143.25
50.84,59.57,139.34
42.66,57.37,129.27
35.22,51.33,120.91
32.65,41.93,113.34
28.38,34.18,109.92
26.61,29.97,103.09
26.98,25.63,97.41
24.35,20.51,95.28
21.48,14.59,99.79
16.11,13.24,99.61
16.36,8.12,93.57
18.13,9.09,87.04
17.33,6.65,83.50
11.60,6.53,73.79
10.44,3.48,59.57
9.46,3.60,58.11
9.77,1.83,59.20
10.93,-1.10,62.50
11.41,-2.62,61.22
9.52,-4.03,52.80















-,-,-
2.38,1.95,2.14
1.59,1.59,1.83
1.22,1.83,1.77
1.65,1.83,1.77
2.20,1.71,1.71
2.26,1.59,2.08
2.01,1.34,2.32
2.01,0.73,2.38
1.71,0.12,2.38
0.92,-0.73,2.14
0.18,-0.85,1.59
-0.73,-1.04,1.22
-1.95,-0.98,0.73
-2.99,-0.67,0.24
-3.85,-0.24,-0.06
-4.21,0.24,-0.12
-4.58,0.79,-0.31
-5.80,0.73,-0.24
-6.23,0.67,-0.37
-5.80,0.73,-0.37
-5.00,0.67,-0.18
-3.91,0.79,-0.12
-3.54,0.61,-0.43
-3.85,0.31,-0.61
-3.60,0.37,-0.31
-2.26,0.55,0.00
-0.18,0.92,0.61
2.44,1.77,1.65
4.82,2.32,2.38
6.84,2.99,3.05
9.77,4.09,3.91
12.94,5.07,5.13
15.81,3.60,8.85
20.51,-2.50,17.76
25.82,-4.46,22.40
36.44,-7.81,29.54
47.91,-13.31,40.71
61.65,-17.46,49.80
78.80,-28.14,63.48
92.90,-43.58,66.96
104.00,-51.27,64.39
109.62,-51.27,61.77
115.60,-49.93,65.86
125.79,-48.03,68.97
139.28,-48.22,74.22
152.04,-44.86,81.12
161.62,-52.00,87.52
169.68,-59.81,83.56
177.61,-67.75,75.07
186.22,-68.30,76.66
190.92,-69.15,79.59
197.33,-72.94,73.24
202.03,-78.55,68.05
209.05,-82.09,68.24
208.07,-74.65,62.19
207.82,-72.88,56.34
207.95,-67.81,54.63
197.75,-57.62,51.76
187.26,-50.84,45.84
167.72,-38.64,42.60
147.22,-30.33,35.46
127.26,-22.16,19.78
102.23,-11.84,-0.67
73.43,-12.27,-7.45
42.48,-10.80,-1.10
22.46,-5.74,0.67
10.44,0.92,-2.01
0.55,0.55,-3.78
-7.81,-8.85,-7.39
-19.04,-19.04,-13.55
-36.13,-16.60,-17.76
-57.98,-2.26,-20.14
-81.73,20.81,-23.01
-102.72,46.69,-32.47
-120.91,74.16,-49.68
-135.38,97.47,-67.99
-143.92,110.47,-80.87
-144.23,116.39,-84.90
-140.75,115.48,-80.38
-133.24,106.02,-68.97
-122.19,88.50,-51.57
-106.26,66.83,-30.03
-86.98,44.31,-7.20
-66.65,22.52,15.20
-48.34,1.16,37.41
-37.23,-17.76,57.19
-33.08,-36.25,67.32
-27.83,-45.29,27.22
-37.05,-37.66,0.12
-26.06,-17.70,-2.20
-12.08,-2.32,3.85
-8.73,9.34,18.07
-6.59,23.44,43.46
-2.50,43.88,66.22
3.23,56.70,81.60
5.13,59.51,104.13
2.56,57.25,121.70
2.62,57.98,134.46
4.70,50.54,142.64
5.74,43.64,142.94
10.44,33.69,141.05
14.77,35.34,149.72
15.93,40.83,154.17
18.31,43.64,155.76
12.63,46.33,155.21
8.36,46.02,148.38
2.87,45.10,136.11
-1.89,45.47,122.56
-8.85,48.40,106.81
-12.63,57.86,95.15
-15.14,68.73,101.38
-16.66,66.47,107.48
-10.80,53.16,98.57
-0.43,39.49,69.27
9.77,32.04,28.08
19.47,33.94,-22.77
29.42,39.00,-85.27
39.06,41.87,-150.33
49.07,41.14,-207.76
51.27,31.43,-249.88
38.02,11.72,-272.64
12.08,-14.22,-282.71
-15.08,-44.31,-286.13
-33.81,-76.11,-282.71
-37.48,-105.53,-272.40
-36.87,-127.87,-260.86
-44.74,-136.54,-254.52
-51.94,-139.59,-248.60
-63.17,-140.87,-235.23
-79.90,-141.60,-213.20
-84.90,-142.58,-183.04
-76.35,-135.31,-150.76
-84.78,-130.92,-111.88
-82.64,-130.74,-65.37
-74.28,-125.79,-18.19
-66.53,-116.03,21.06
-53.89,-106.08,45.90
-33.45,-99.79,46.45
5.92,-86.06,0.85
35.22,-70.92,-7.14
10.38,-38.51,13.31
2.75,-11.72,38.82
18.25,-2.38,57.50
34.24,-2.62,72.81
44.13,-1.83,84.29
49.26,3.05,92.90
57.92,7.32,102.48
61.28,13.85,108.52
64.76,21.55,115.05
62.07,30.76,118.47
61.77,34.55,122.38
53.77,42.42,132.63
47.36,49.13,143.80
46.75,41.99,154.17
41.63,39.79,157.78
40.10,40.47,171.94
41.93,36.68,160.64
45.72,30.82,162.17
46.20,24.54,170.41
35.89,30.52,169.62
34.91,36.38,162.96
31.49,34.42,147.89
29.42,27.40,137.27
21.73,23.93,124.15
19.41,22.89,112.85
22.09,24.17,108.70
22.09,33.94,107.54
23.01,39.67,105.77
24.17,34.36,106.99
18.55,32.41,101.68
17.03,26.25,98.27
13.61,20.69,96.07
10.62,15.14,91.43
8.97,10.99,86.30
10.31,11.66,82.95
11.78,13.61,81.18
15.26,14.65,80.02
13.06,15.81,79.10
11.84,14.04,75.32















-,-,-
-1.10,-4.09,0.18
-0.37,-4.15,0.31
-0.92,-4.27,-0.06
-2.01,-4.46,0.00
-2.56,-4.70,0.12
-3.60,-5.37,0.12
-4.58,-6.59,-0.12
-5.62,-8.06,-0.18
-6.16,-9.34,-0.49
-6.84,-10.07,-0.98
-7.08,-10.01,-1.28
-6.90,-9.52,-1.40
-6.65,-8.42,-1.28
-6.04,-7.32,-1.16
-5.07,-6.53,-0.92
-4.70,-6.04,-0.85
-4.52,-5.80,-0.85
-4.64,-5.68,-0.85
-5.31,-5.43,-0.37
-4.76,-4.88,-0.24
-4.46,-4.58,-0.12
-4.94,-4.64,-0.12
-4.76,-4.52,0.12
-4.21,-4.15,0.43
-3.23,-3.72,0.98
-2.01,-3.23,1.53
-0.67,-2.81,1.95
0.61,-1.89,2.56
2.20,-0.73,3.23
3.54,0.43,3.78
4.82,1.46,4.27
7.69,2.08,4.82
12.94,-0.61,7.57
21.48,-15.75,15.14
28.26,-27.34,23.01
40.41,-30.70,28.99
56.21,-36.01,33.26
69.52,-45.29,38.57
80.44,-53.10,43.58
91.06,-56.76,48.16
103.27,-56.58,54.02
116.15,-58.59,60.67
127.32,-57.31,64.70
140.44,-55.91,68.24
151.79,-59.45,72.02
161.19,-62.38,75.68
171.75,-63.48,80.38
184.39,-63.23,76.29
191.53,-68.73,67.69
200.74,-78.37,69.70
200.93,-85.21,82.21
203.25,-84.47,74.22
202.64,-88.32,66.16
201.60,-89.05,61.34
192.08,-82.82,51.57
188.60,-74.71,42.91
176.82,-60.79,41.87
163.51,-45.72,40.53
148.01,-32.41,39.49
126.95,-17.76,34.79
105.16,-6.77,25.94
83.37,1.22,19.04
59.88,10.38,10.25
39.12,17.03,2.62
16.97,23.99,1.77
-0.24,17.82,-1.34
-13.06,3.54,-6.84
-25.39,-4.39,-11.35
-36.56,-2.93,-15.14
-53.04,11.60,-15.32
-71.41,30.58,-19.29
-86.61,47.67,-29.11
-100.28,63.60,-39.49
-113.16,77.88,-48.16
-122.25,86.49,-56.15
-125.12,88.01,-60.91
-124.21,85.39,-61.95
-121.46,80.51,-58.65
-114.20,72.57,-50.35
-103.82,62.26,-36.99
-93.02,51.64,-20.75
-80.93,41.14,-3.78
-68.05,30.27,14.16
-55.36,17.58,32.90
-41.08,0.67,45.41
-37.84,-19.90,22.77
-32.29,-31.98,0.31
-28.99,-15.81,3.78
-23.38,-0.98,7.02
-22.58,10.13,6.77
-25.94,19.78,7.39
-25.76,30.76,18.68
-25.21,44.56,42.85
-20.75,57.01,59.88
-9.58,63.66,91.13
-0.79,58.90,123.17
-0.73,67.26,139.77
3.17,75.62,150.88
3.23,80.93,162.90
4.03,85.51,176.33
5.00,88.26,182.25
5.13,80.14,177.67
3.48,68.42,167.36
3.23,59.88,155.64
2.87,52.73,143.31
3.11,47.73,124.39
6.47,40.95,107.79
8.54,34.61,98.82
10.19,31.80,86.00
10.93,26.12,76.17
8.42,23.74,61.22
8.12,22.64,38.82
9.83,24.54,12.15
13.85,29.30,-28.93
22.34,34.36,-85.08
31.37,36.74,-141.24
37.48,36.80,-190.43
38.57,33.75,-230.29
32.71,22.64,-255.13
18.62,1.46,-268.80
-0.85,-26.49,-279.42
-14.47,-58.72,-287.54
-34.48,-93.75,-289.86
-39.25,-122.99,-285.83
-43.40,-144.90,-274.78
-50.42,-159.91,-254.82
-60.49,-165.34,-222.05
-80.32,-160.95,-176.09
-97.05,-150.88,-124.94
-97.23,-135.25,-78.74
-84.05,-107.42,-46.26
-87.65,-90.52,-16.85
-70.31,-84.11,9.58
-53.59,-78.80,33.02
-42.85,-73.73,51.76
-34.36,-67.81,65.37
-29.24,-59.63,68.48
-10.62,-48.03,37.90
37.23,-37.96,8.97
12.94,-19.35,22.83
-0.98,-6.90,42.72
12.33,-8.61,59.88
28.87,-11.35,74.28
35.83,-7.63,81.67
41.63,-0.67,91.61
48.40,7.39,100.71
48.40,18.74,111.08
52.12,32.10,116.33
55.30,41.14,124.69
53.53,54.32,131.84
54.63,62.44,137.45
56.70,62.56,145.69
55.11,60.36,154.85
50.05,57.86,162.96
54.08,48.77,150.45
49.87,46.69,145.45
45.04,43.76,137.76
42.54,43.58,132.20
39.06,45.78,134.22
34.73,47.85,132.81
34.97,48.52,129.76
33.94,51.33,130.37
33.45,45.17,128.72
34.00,40.41,122.62
28.93,39.37,111.08
30.88,25.94,104.74
24.23,22.40,91.98
22.28,19.04,87.65
16.48,14.83,84.90
13.67,12.70,75.56
11.84,11.66,71.53
9.09,12.82,70.80
5.19,13.18,63.90
3.54,11.41,57.98
1.95,9.58,55.97
2.32,8.12,55.36
4.03,8.54,53.53
5.80,6.65,48.77
8.18,8.48,48.40















-,-,-
8.12,2.93,5.19
9.16,-1.46,7.08
9.09,-10.07,9.16
10.19,-19.29,11.23
8.18,-18.55,11.60
10.93,-1.65,5.98
12.27,0.92,4.33
7.20,4.09,3.78
4.39,2.75,2.99
1.77,-2.08,3.48
0.31,-11.72,7.20
-3.60,-14.65,8.85
-0.06,1.22,1.65
2.81,1.71,-0.18
0.79,0.61,0.79
1.04,0.37,1.28
1.34,-0.61,1.89
1.16,-1.16,2.01
1.22,-1.04,2.01
1.77,-0.31,2.08
2.26,0.43,2.08
2.38,1.10,1.71
2.26,1.77,1.34
1.89,1.83,0.98
1.65,1.77,0.73
1.53,1.65,0.67
1.46,1.34,0.92
1.28,0.67,1.22
1.16,0.18,1.28
1.34,0.12,1.71
1.34,-0.06,1.83
1.46,0.06,1.77
2.08,0.31,2.08
3.60,1.28,2.38
6.35,2.81,3.30
9.95,5.00,4.88
14.47,7.02,6.65
18.86,6.41,8.85
23.80,-3.05,15.26
26.00,-15.44,23.93
33.51,-18.07,23.99
47.67,-25.15,27.77
58.78,-26.18,32.84
74.89,-21.30,43.09
87.71,-22.77,46.63
102.66,-28.20,50.48
106.38,-27.95,50.78
110.78,-29.91,49.87
112.79,-31.56,48.95
116.76,-30.33,52.43
123.78,-32.41,58.47
133.73,-31.31,57.74
148.68,-34.91,54.93
161.25,-36.25,52.80
170.84,-39.73,51.70
177.43,-46.26,47.00
182.37,-55.60,41.32
181.09,-61.16,37.41
175.05,-65.92,31.19
170.84,-73.49,27.53
162.90,-72.39,26.18
154.66,-58.78,23.07
154.42,-53.28,24.72
151.18,-48.46,21.55
148.50,-43.21,15.56
140.75,-42.11,13.43
126.22,-42.60,9.77
111.82,-45.41,10.56
91.98,-47.18,11.54
77.03,-44.31,5.31
64.70,-35.46,-8.42
54.99,-25.51,-12.33
46.69,-16.78,-12.33
41.69,-13.24,-10.01
34.12,-9.09,-5.68
27.83,-12.08,-1.89
20.63,-7.69,-3.78
16.05,-15.75,-4.46
10.13,-20.81,-5.19
-0.67,-9.34,-6.77
-11.05,-11.11,-9.95
-24.60,-14.10,-11.66
-40.59,-12.70,-10.50
-56.70,3.54,-4.46
-73.24,32.59,-1.59
-85.75,62.44,-15.38
-97.29,89.11,-39.25
-108.34,107.42,-60.67
-110.66,114.99,-70.98
-107.18,112.73,-67.75
-95.52,101.62,-54.32
-79.41,83.68,-35.22
-65.49,62.44,-14.16
-57.19,41.69,4.46
-47.18,24.17,20.39
-33.63,10.93,38.39
-33.08,0.61,61.04
-28.44,-6.77,86.24
-28.02,-9.40,93.20
-21.73,-6.29,31.74
-18.01,-3.42,9.58
-6.65,10.80,33.87
-3.54,21.85,68.18
13.12,25.39,86.67
23.25,34.91,108.95
27.89,42.18,132.87
38.57,48.83,160.89
46.63,49.99,192.26
52.12,52.19,216.55
49.26,50.84,231.14
45.04,43.82,225.10
43.58,36.50,205.38
43.58,29.72,175.78
40.16,21.55,153.02
32.47,19.47,132.87
24.90,22.03,116.21
15.69,18.37,100.71
8.54,7.14,87.46
1.59,1.77,68.12
-4.09,-0.12,50.78
-11.54,4.03,36.56
-13.55,11.72,32.53
-14.40,19.35,28.50
-12.70,26.49,-0.61
-9.09,30.64,-54.57
-8.06,31.80,-117.55
-4.76,31.13,-176.51
-4.70,23.38,-225.71
-11.17,14.59,-260.19
-27.53,6.90,-281.49
-42.60,-8.61,-288.33
-54.02,-29.48,-282.71
-56.09,-50.29,-268.92
-49.56,-67.75,-251.53
-47.12,-79.96,-235.53
-47.12,-90.27,-218.81
-56.82,-99.43,-198.18
-74.95,-105.83,-176.45
-79.71,-100.16,-150.88
-100.83,-87.77,-122.25
-120.97,-78.67,-94.18
-122.74,-74.10,-71.96
-91.06,-61.71,-58.47
-90.33,-54.99,-44.86
-98.63,-60.73,-29.11
-94.18,-67.63,-17.09
-89.11,-68.79,-9.16
-77.27,-62.87,-2.81
-71.53,-53.04,10.19
-75.74,-46.33,33.08
-67.75,-38.27,56.70
-56.46,-29.11,74.46
-40.65,-21.67,64.88
5.37,-21.97,24.66
9.52,-17.21,18.25
-2.14,-7.14,36.44
31.37,6.77,71.29
51.45,20.39,88.87
85.39,21.42,91.25
95.58,25.27,98.94
87.77,35.22,106.20
88.32,38.02,111.45
83.37,42.48,111.94
80.14,48.77,114.56
72.88,56.40,123.90
68.73,54.93,134.46
57.98,54.69,149.17
45.35,60.12,155.88
46.02,52.67,161.13
43.27,49.56,162.60
35.58,50.90,166.20
39.43,48.10,147.83
45.41,47.24,151.79
41.81,49.32,159.48
38.57,60.91,170.78
41.20,52.43,178.89
36.87,52.80,174.62
34.85,50.90,168.46
32.96,44.49,164.37















-,-,-
-5.74,-14.16,-0.37
-6.04,-13.24,-0.73
-6.29,-11.78,-0.67
-5.98,-9.77,-0.31
-4.94,-8.18,0.18
-4.39,-6.90,0.49
-4.39,-6.35,0.49
-5.07,-6.16,0.43
-5.74,-6.16,0.61
-6.16,-6.16,0.73
-6.16,-5.92,0.55
-6.04,-5.31,0.73
-5.68,-4.46,1.10
-4.88,-3.72,1.28
-3.91,-3.30,1.46
-3.30,-3.11,1.22
-2.93,-3.05,1.22
-2.81,-3.11,1.40
-2.62,-2.81,1.59
-2.56,-2.44,1.40
-2.50,-2.20,1.40
-2.38,-2.20,0.98
-2.26,-2.32,0.67
-2.14,-2.20,0.85
-1.95,-1.95,1.34
-1.77,-1.89,1.28
-1.53,-1.77,1.28
-0.98,-1.71,1.53
-0.61,-1.83,1.34
-0.31,-1.71,1.16
-0.31,-1.40,1.34
0.18,-1.04,1.53
1.77,-0.24,1.95
3.60,1.10,2.87
5.68,2.38,4.03
8.30,3.78,5.19
10.74,5.68,6.96
14.22,7.14,10.25
20.63,7.45,17.09
28.50,5.74,26.49
38.76,2.20,38.70
50.23,-9.09,40.89
65.00,-16.91,41.44
78.37,-24.96,46.51
90.03,-31.68,55.24
101.26,-33.69,71.04
106.63,-33.45,71.35
117.43,-36.32,67.75
125.61,-37.23,69.64
135.50,-36.93,74.46
148.32,-38.09,84.17
160.40,-36.62,91.74
169.68,-43.76,96.50
174.19,-49.13,89.90
180.05,-55.11,81.36
183.53,-58.23,72.14
188.17,-63.84,72.75
193.18,-68.36,71.84
199.40,-68.48,67.32
204.10,-71.96,67.08
202.09,-66.35,57.92
201.97,-67.57,50.48
202.88,-70.07,46.81
196.35,-65.31,47.24
187.87,-61.58,42.18
173.77,-57.68,45.41
151.55,-54.44,41.99
135.62,-49.01,27.95
117.07,-35.28,5.86
95.52,-27.77,-6.29
74.58,-21.30,0.98
53.71,-3.72,12.02
42.30,10.38,12.51
29.72,21.00,12.21
20.26,16.42,8.85
7.39,9.40,2.87
-5.80,-1.59,-2.26
-17.70,-9.58,-6.96
-31.86,-12.15,-13.55
-52.61,1.77,-19.29
-76.23,21.85,-23.38
-98.63,44.92,-27.16
-117.07,67.20,-32.65
-131.65,87.77,-43.64
-140.44,99.98,-53.89
-138.85,99.12,-58.96
-128.97,88.07,-59.20
-117.55,70.56,-53.65
-106.81,49.26,-44.31
-90.39,29.54,-31.68
-68.73,15.20,-12.63
-53.59,2.50,10.56
-38.88,-10.56,32.23
-28.87,-26.06,32.84
-26.43,-35.16,10.68
-21.18,-22.16,3.54
-12.15,-8.36,9.83
-11.72,5.13,33.39
-13.12,24.96,57.37
-10.68,39.25,76.90
-1.04,42.79,103.45
2.69,50.60,131.53
10.31,62.87,158.69
14.40,64.27,184.08
15.87,74.89,196.47
22.95,67.93,206.85
24.90,61.40,204.96
23.19,55.42,195.43
17.33,45.78,178.65
14.28,39.00,157.90
8.85,36.93,138.24
6.16,29.24,125.67
1.77,23.01,112.73
-0.98,21.97,93.38
-5.13,20.94,72.75
-8.42,18.62,57.25
-9.52,18.19,39.18
-8.85,18.98,21.97
-7.14,19.35,1.95
-2.93,20.45,-30.21
4.76,29.11,-80.63
12.39,37.11,-135.68
15.44,41.44,-186.40
14.65,40.83,-230.35
12.63,34.00,-267.40
-1.53,22.22,-298.34
-17.40,0.00,-317.44
-33.39,-32.23,-322.57
-44.07,-63.84,-318.54
-56.64,-88.50,-311.28
-59.02,-104.00,-305.18
-62.44,-113.10,-295.96
-68.97,-120.97,-276.61
-71.29,-121.95,-246.34
-84.78,-115.11,-208.19
-106.02,-109.37,-165.71
-98.69,-101.01,-127.62
-73.91,-80.32,-96.62
-80.63,-72.81,-61.71
-81.30,-68.42,-33.81
-72.94,-66.89,-12.27
-67.20,-72.63,7.32
-59.51,-80.32,27.47
-57.50,-80.08,43.76
-54.81,-68.85,47.55
-43.09,-50.23,39.61
-20.87,-28.63,24.41
3.66,-14.34,19.65
11.23,-6.77,24.60
6.65,-0.06,30.64
25.02,7.45,45.72
47.85,12.88,65.25
57.86,16.11,71.29
65.55,17.94,71.59
68.60,24.72,75.26
71.90,31.80,77.03
69.58,40.53,83.37
62.44,51.09,90.82
54.20,56.76,105.41
46.63,57.50,112.67
43.82,57.62,127.56
41.26,59.51,134.09
44.19,56.34,143.55
44.98,54.50,151.86
47.06,51.51,158.02
42.42,51.70,173.03
39.86,45.84,153.50
47.00,43.70,139.83
44.13,41.02,133.30
42.24,38.27,128.17
43.09,35.71,124.76
38.94,37.48,120.18
37.41,35.95,116.09
32.23,35.89,111.39
24.96,40.83,101.56
20.87,38.21,92.04
18.01,30.15,93.32
14.83,20.08,89.72
14.83,17.46,91.19















-,-,-
3.11,1.10,1.53
3.17,1.65,1.28
3.23,1.89,1.34
3.54,1.95,1.22
3.66,2.26,1.46
3.60,2.20,1.53
3.72,1.95,1.77
3.72,1.71,1.95
3.23,1.28,1.95
2.75,0.79,1.65
2.44,0.37,1.71
2.14,-0.06,1.40
1.53,0.12,0.85
1.53,0.24,0.61
1.83,0.43,0.61
2.26,0.98,0.73
2.32,1.28,0.79
1.89,0.98,0.67
1.46,0.73,0.55
1.22,0.55,0.55
1.16,0.49,0.73
1.40,0.55,0.79
1.53,0.37,0.85
2.26,0.43,0.98
3.05,0.31,1.22
5.00,0.79,1.77
8.36,1.59,2.32
12.94,2.93,3.48
17.76,4.88,5.80
23.32,3.78,9.34
30.94,-6.65,17.15
37.41,-17.58,26.55
46.81,-25.82,29.42
55.05,-23.32,22.64
69.15,-28.44,26.49
79.22,-26.43,40.77
89.17,-21.06,48.22
100.52,-21.61,53.41
107.24,-29.54,55.97
112.12,-37.48,48.58
117.13,-39.79,44.68
120.73,-41.26,43.76
127.56,-41.93,46.02
132.69,-35.95,48.95
141.78,-34.55,48.28
146.73,-30.33,43.03
151.61,-28.69,40.83
155.46,-26.67,40.65
158.14,-21.48,37.48
162.72,-23.32,33.33
162.05,-29.05,26.00
159.00,-43.70,22.16
155.58,-51.88,12.27
148.99,-53.53,7.20
144.78,-56.58,10.01
140.38,-54.02,1.95
138.49,-53.28,-1.65
129.76,-46.88,2.08
123.05,-39.73,2.01
110.41,-31.74,4.94
93.32,-25.82,13.85
73.55,-19.78,11.72
59.02,-16.05,1.22
44.07,-15.01,-4.70
29.24,-18.98,-3.78
14.95,-14.59,-6.53
2.44,-14.22,-9.03
-10.86,-16.05,-10.68
-26.18,-22.71,-15.38
-44.13,-22.46,-22.09
-64.88,-9.89,-27.89
-84.78,8.54,-38.33
-100.65,28.08,-49.26
-113.40,47.79,-52.92
-122.01,66.77,-52.73
-127.14,78.86,-50.29
-128.85,81.05,-43.52
-123.66,75.13,-31.92
-111.21,64.51,-18.13
-94.85,50.96,-3.23
-76.11,34.67,10.80
-60.24,17.88,18.92
-45.17,0.61,12.33
-36.99,-13.18,1.04
-29.11,-14.71,-0.06
-18.68,-9.40,1.83
-9.70,-4.52,3.72
-4.09,7.57,10.74
-0.67,21.91,36.74
1.10,31.62,63.96
3.66,42.97,79.90
11.72,49.68,91.25
15.69,53.83,108.76
16.91,58.78,133.48
18.55,69.03,157.29
19.78,67.63,176.21
23.68,57.07,185.42
26.18,40.28,183.65
27.40,27.65,174.07
26.79,26.61,165.10
21.24,28.02,153.38
15.87,28.08,138.12
5.80,29.17,119.08
-3.85,29.54,97.78
-12.45,31.43,84.35
-19.78,35.58,70.50
-21.55,40.53,53.71
-17.88,45.35,39.55
-11.78,49.01,25.27
-1.46,51.51,-7.51
9.95,50.66,-59.27
14.65,49.68,-118.04
13.43,46.39,-173.89
7.93,38.21,-221.74
-1.53,21.67,-259.28
-16.24,-3.17,-285.71
-29.79,-33.33,-300.66
-41.20,-63.96,-302.73
-51.88,-89.29,-291.50
-48.65,-106.26,-271.36
-48.77,-115.97,-246.15
-54.20,-122.50,-217.71
-62.62,-125.73,-187.01
-68.12,-125.31,-154.72
-61.65,-113.95,-123.96
-83.62,-109.86,-90.39
-96.98,-114.75,-57.62
-95.15,-114.93,-30.58
-80.93,-108.22,-8.61
-72.51,-101.68,9.22
-61.58,-93.57,19.84
-43.70,-82.64,21.36
-22.46,-65.86,10.68
0.06,-48.03,4.58
-3.66,-25.63,16.97
-11.54,-7.81,27.83
-5.00,-4.58,34.36
9.03,-4.52,40.04
19.71,-0.98,44.13
27.65,5.07,55.05
27.22,12.63,66.89
25.88,20.20,74.95
34.42,19.29,80.87
32.78,20.87,83.86
32.59,24.60,90.39
29.42,26.49,99.24
28.99,28.75,102.23
23.80,32.29,110.11
21.85,36.68,118.47
24.72,39.98,136.47
24.05,39.00,143.92
32.84,31.86,123.23
28.38,33.20,124.08
17.64,44.07,126.28
22.40,41.02,127.50
23.50,38.21,126.71
17.09,40.47,122.19
13.37,41.63,118.10
11.78,40.16,112.85
9.70,35.22,101.99
3.78,36.19,87.04
4.33,28.38,73.36
0.61,29.54,68.48
2.99,27.59,72.14
4.15,28.14,76.72
7.57,30.58,82.89
10.99,26.92,89.97
9.09,22.46,89.60
8.54,15.38,78.00
9.34,5.13,69.09
7.14,3.30,58.17
3.85,2.38,51.09
1.10,-0.73,46.39
-2.14,-3.05,40.34
-3.91,-4.70,37.84
-5.13,-6.41,34.30
-5.86,-10.74,27.65
-5.43,-15.26,20.51
-5.68,-19.23,18.68















-,-,-
-0.06,-2.44,-0.12
0.18,-2.26,0.24
0.55,-1.89,0.79
0.92,-1.40,1.22
0.79,-1.40,1.40
0.49,-1.40,1.28
0.37,-1.28,1.28
0.67,-1.04,1.28
1.16,-0.31,1.40
2.01,0.18,1.71
2.56,0.73,2.20
2.87,1.04,2.38
3.42,1.22,2.87
3.66,0.98,2.69
3.42,0.37,2.26
2.44,-0.31,1.89
1.95,-0.67,1.65
2.01,-0.79,1.83
1.16,-1.10,1.89
0.73,-1.22,0.98
1.10,-1.83,-0.12
-0.61,-2.38,-0.31
-0.55,-2.01,0.00
0.98,-1.28,0.31
2.08,-0.61,1.04
4.39,0.67,1.53
6.41,1.71,2.26
6.90,2.08,2.93
7.45,1.65,3.30
13.67,0.12,5.00
28.87,-11.47,15.32
48.22,-37.48,29.97
71.35,-57.13,35.89
98.51,-73.12,40.59
122.99,-83.07,47.61
155.27,-93.26,59.27
179.38,-96.68,71.41
187.81,-92.35,75.20
182.31,-78.67,72.02
159.97,-62.32,67.26
132.87,-37.41,62.38
108.15,-17.94,52.80
86.91,-7.32,42.72
68.54,-3.05,31.56
45.72,4.88,21.55
27.95,13.31,13.49
5.25,20.81,8.30
-19.10,31.74,-3.30
-31.19,21.24,-11.84
-43.15,6.35,-17.58
-49.68,5.92,-23.86
-59.39,32.41,-31.13
-65.49,57.80,-35.77
-68.42,70.68,-40.89
-69.09,71.23,-47.67
-69.15,58.84,-53.41
-67.08,38.76,-55.24
-67.20,17.15,-52.67
-62.56,-2.93,-44.80
-52.37,-17.52,-34.67
-36.56,-18.49,-22.95
-20.02,-13.37,-12.63
-7.39,-10.31,-2.32
-1.46,-6.77,5.25
-3.17,2.50,7.93
0.73,14.28,19.23
9.22,27.77,54.38
13.00,37.11,92.29
20.02,51.64,126.04
24.23,56.64,154.97
18.37,62.32,172.67
10.68,61.16,182.56
-0.24,51.64,170.23
2.20,49.13,141.78
3.60,34.97,117.61
-2.14,24.60,89.90
1.34,20.81,63.23
6.59,21.18,59.39
3.30,21.73,59.81
1.95,24.35,36.25
7.51,31.86,25.33
6.90,38.45,24.35
8.91,44.37,12.70
16.78,49.68,5.00
17.46,50.72,-19.90
18.98,45.17,-64.94
16.05,38.45,-112.92
7.39,34.61,-155.94
0.06,28.26,-190.86
-4.58,14.59,-213.87
-7.63,-5.62,-224.06
-8.91,-29.85,-219.79
-14.22,-54.63,-202.03
-21.55,-75.93,-177.67
-29.79,-93.02,-154.79
-36.93,-103.64,-136.54
-41.99,-107.85,-121.03
-46.94,-106.51,-105.29
-50.60,-99.43,-84.96
-47.85,-88.99,-53.16
-42.54,-74.22,-16.66
-35.77,-55.79,6.04
-12.15,-37.78,4.39
11.60,-33.51,6.29
7.14,-37.78,6.90
-7.39,-42.48,3.97
-12.02,-43.40,-2.62
-7.69,-42.42,-6.53
0.79,-40.59,5.86
7.81,-35.89,30.70
14.53,-22.46,57.25
26.31,-4.21,89.42
31.74,7.39,109.92
34.61,15.20,127.20
38.94,33.94,144.41
46.26,54.93,163.57
54.87,64.88,188.66
60.97,77.58,214.23
66.41,80.57,230.59
64.09,85.08,247.86
49.01,79.41,253.85
35.34,63.42,246.83
21.06,51.57,232.48
13.92,36.87,208.86
10.86,20.26,190.86
6.23,-7.02,177.49
4.88,-9.46,176.64
3.05,-8.67,161.99
1.83,-5.19,135.80
2.50,-7.26,122.74
-1.04,-15.38,114.01
-2.44,-22.16,100.40
-3.60,-27.83,90.82
-0.73,-27.53,87.95
-0.67,-28.44,84.90
0.18,-28.14,78.37
0.49,-20.20,68.85
0.37,-18.07,53.04
0.49,-11.72,38.70
0.12,-4.21,14.83
2.93,0.98,3.72
2.62,3.42,5.49
2.44,5.74,7.69
1.53,7.20,7.75
1.04,8.73,6.71
1.34,10.25,5.80
0.61,9.46,5.13
1.04,9.28,3.60
1.28,9.09,2.14
1.40,8.61,0.85
0.43,7.75,-0.79
-0.31,7.51,-2.44
-0.12,8.18,-3.48
0.06,8.06,-3.78
0.24,7.69,-3.85
0.67,7.32,-3.78
0.24,6.04,-3.54
-0.18,4.82,-3.11
-1.34,4.39,-2.08
-2.20,5.07,-1.34
-2.20,6.29,-0.49
-1.28,8.06,0.55
-1.16,9.77,1.16
-2.14,10.38,0.79
-2.26,10.68,-0.12
-2.38,10.62,-0.61
-2.38,10.62,-0.79
-2.20,11.11,-1.53
-1.77,11.72,-2.14
0.61,11.35,-1.71
0.37,11.47,-0.79
-1.28,11.23,-0.73
-2.56,10.74,-0.49
-3.48,10.38,-0.61
-5.92,10.38,-1.04
-8.36,10.50,-2.08
-8.97,10.80,-3.17
-8.18,11.72,-3.48
-7.02,12.63,-2.93
-6.23,13.61,-2.44
















-,-,-
3.85,-0.61,0.85
4.70,0.12,1.16
4.82,0.67,1.77
4.82,0.79,2.44
4.88,0.55,2.56
4.21,0.31,2.44
2.62,-0.24,1.95
1.16,-0.79,1.22
0.37,-1.22,0.67
-0.31,-1.28,0.55
-0.43,-0.98,0.92
-1.16,-0.79,1.22
-1.95,-0.61,1.10
-2.69,-0.85,0.00
-2.87,-1.16,-1.28
-3.60,-1.59,-1.77
-4.76,-1.95,-2.26
-5.98,-2.62,-3.17
-6.47,-3.48,-3.85
-6.84,-4.21,-4.15
-7.20,-4.76,-4.09
-7.26,-4.94,-3.97
-6.59,-4.46,-3.72
-5.13,-3.54,-3.11
-2.20,-2.26,-1.40
0.67,-0.49,0.67
2.99,1.77,2.44
5.07,3.48,3.60
6.16,4.46,4.33
8.61,5.25,4.88
12.76,6.53,6.23
18.13,8.79,8.73
26.55,11.29,12.57
40.47,-4.94,19.53
53.34,-31.74,22.46
73.67,-45.04,24.84
95.15,-53.34,34.12
113.22,-57.13,40.41
129.46,-58.23,42.11
141.11,-56.52,47.12
147.71,-49.50,47.85
158.87,-54.26,50.05
162.35,-56.82,54.14
163.27,-64.70,52.80
160.58,-70.31,49.32
152.34,-68.97,41.56
140.81,-59.45,39.61
128.48,-48.89,28.69
122.13,-42.05,32.47
113.40,-35.83,40.83
106.02,-24.96,31.62
96.56,-14.28,24.78
81.30,-12.27,27.34
59.94,-2.69,25.02
39.37,2.81,15.01
19.78,9.09,1.53
-2.26,11.84,-6.96
-24.66,13.37,-11.60
-44.37,14.28,-17.15
-61.46,23.19,-27.34
-80.81,43.03,-41.63
-96.74,64.70,-58.17
-109.74,81.05,-72.45
-117.74,91.19,-84.78
-119.57,92.10,-93.51
-118.10,80.63,-94.48
-111.21,57.68,-85.45
-101.01,28.32,-66.16
-86.18,-2.99,-38.64
-74.34,-29.11,-8.12
-68.05,-44.19,4.52
-54.26,-45.90,-9.34
-28.75,-29.11,-11.90
-16.66,1.46,-1.28
-8.24,14.47,31.68
-1.89,32.17,67.57
6.04,49.01,93.02
14.83,63.84,114.62
20.20,67.99,142.09
18.37,70.43,169.25
20.32,71.23,188.23
20.32,67.75,201.42
19.53,60.00,204.28
18.19,45.72,196.47
18.80,34.67,178.59
17.15,24.23,149.84
14.47,19.35,118.23
9.83,16.48,93.93
0.73,16.97,73.61
-3.30,21.30,62.38
-7.39,23.13,58.41
-13.49,25.27,48.65
-12.08,26.98,40.53
-16.54,28.93,17.76
-8.61,33.63,-8.54
-4.76,41.75,-36.87
-2.81,46.81,-79.90
3.85,50.60,-125.00
11.11,55.30,-164.31
12.82,55.05,-193.54
13.00,46.69,-217.47
11.35,35.28,-241.09
3.91,19.96,-259.89
-2.62,-1.83,-264.34
-7.75,-26.92,-254.03
-15.01,-53.65,-232.18
-25.45,-75.81,-204.53
-42.72,-86.06,-178.47
-58.96,-85.08,-156.92
-68.85,-74.65,-138.98
-76.17,-60.36,-125.73
-82.28,-49.87,-113.89
-83.74,-46.81,-99.61
-83.31,-50.78,-82.34
-80.57,-59.02,-64.03
-79.71,-68.30,-49.80
-80.69,-76.66,-39.25
-79.90,-83.56,-29.91
-76.72,-88.13,-19.53
-68.73,-83.80,-5.92
-62.62,-77.33,11.78
-61.34,-66.96,25.63
-59.45,-51.94,7.57
-12.57,-48.46,1.04
-10.44,-48.95,7.20
-22.71,-49.56,14.16
-19.59,-45.59,14.34
-10.93,-39.00,17.27
0.37,-28.63,31.86
9.34,-9.70,58.35
21.97,2.62,85.33
23.68,19.59,108.03
33.94,39.79,125.31
45.35,57.80,146.06
58.29,71.96,165.47
73.06,87.40,186.04
87.04,98.75,208.37
94.91,111.21,233.34
99.06,117.25,258.85
93.26,113.71,279.36
89.36,103.09,291.26
88.93,93.44,300.29
80.87,81.73,302.00
73.00,65.92,295.10
58.78,50.17,276.06
46.08,37.60,245.54
36.19,19.35,210.08
27.77,-1.16,180.05
20.02,-10.25,155.15
15.08,-19.71,136.29
7.02,-23.32,115.17
7.45,-22.34,101.50
3.42,-26.67,95.52
-3.11,-28.93,79.04
-1.40,-23.80,60.85
-0.55,-18.43,42.79
0.98,-9.64,26.86
-0.06,-2.93,4.64
5.80,4.33,-7.45
5.86,10.13,-5.98
0.18,13.49,-3.48
-5.49,14.77,-2.38
-7.93,15.81,-3.60
-10.07,17.40,-5.25
-12.02,19.65,-7.69
-12.21,22.95,-10.56
-11.05,27.83,-13.24
-10.99,33.81,-17.64
-11.72,40.04,-28.75
-9.22,42.54,-49.26
-5.62,46.69,-68.66
-3.85,53.16,-77.88
-2.08,60.18,-75.07
-1.77,66.65,-63.17
-2.01,70.62,-48.34
-2.14,71.23,-35.71
-3.30,69.89,-28.99
-3.66,68.42,-28.75
-1.83,67.32,-31.98
1.83,66.22,-36.38
















-,-,-
-1.22,-7.14,4.82
-1.65,-8.12,4.94
-1.95,-9.09,5.07
-2.38,-10.01,5.62
-3.05,-11.17,5.86
-3.72,-12.45,5.55
-4.52,-13.06,5.68
-5.31,-13.12,5.86
-5.68,-12.21,5.62
-5.80,-7.32,3.05
-1.16,-6.47,0.98
0.61,-6.41,0.98
2.26,-4.82,2.01
0.85,-3.17,1.28
0.37,-2.08,0.92
-0.49,-1.71,0.85
-0.43,-1.89,0.55
-0.12,-2.14,-0.24
0.18,-2.75,-0.49
-0.67,-3.36,-0.31
-0.92,-3.72,0.06
-0.31,-3.66,0.31
0.43,-3.54,0.67
0.79,-3.66,1.04
1.22,-4.39,1.40
1.89,-5.00,1.46
2.50,-6.10,1.71
2.44,-7.51,1.83
3.11,-9.28,1.77
4.33,-11.23,1.40
7.69,-11.72,2.14
13.12,-10.68,4.88
20.08,-8.36,8.30
31.19,-10.13,12.88
44.74,-13.06,18.62
60.42,-21.48,22.95
80.44,-32.71,27.10
96.80,-38.45,27.28
114.81,-40.22,29.66
129.09,-45.41,28.50
146.12,-53.83,32.59
155.21,-53.71,37.17
164.86,-55.18,40.71
174.07,-57.07,45.29
174.87,-56.64,47.00
180.54,-58.59,43.76
183.59,-60.12,34.00
183.72,-67.02,24.96
179.87,-68.42,24.54
170.29,-67.81,27.89
155.15,-59.02,23.32
143.07,-48.77,24.84
119.57,-35.46,28.63
94.91,-18.19,24.96
74.52,-5.80,17.70
63.48,0.55,14.95
40.34,13.37,16.66
21.91,23.25,7.51
5.98,27.04,3.05
-15.38,23.44,-2.08
-30.52,9.09,-7.20
-42.54,-5.37,-13.00
-51.64,-7.51,-19.65
-65.55,4.27,-25.76
-77.27,21.30,-26.00
-88.87,40.89,-27.16
-97.96,59.57,-33.63
-102.91,74.10,-42.60
-103.82,82.89,-51.64
-101.62,81.42,-57.31
-97.66,71.17,-59.20
-92.77,55.11,-57.62
-81.91,34.00,-49.99
-68.12,9.83,-34.79
-55.54,-11.41,-14.22
-44.13,-29.54,8.79
-34.73,-46.26,31.25
-33.63,-55.54,37.54
-49.50,-42.30,15.87
-20.81,-25.94,1.53
9.52,-9.28,-4.88
1.59,-5.00,5.07
-6.10,1.22,23.99
2.50,17.21,49.26
8.36,33.51,80.93
9.46,43.40,102.66
15.69,45.17,122.99
22.46,45.23,144.71
23.80,41.20,165.53
21.73,33.63,174.19
21.91,27.28,175.84
21.48,24.17,170.96
21.97,23.68,163.33
17.15,13.55,154.11
8.54,8.12,130.62
3.36,8.67,99.37
1.04,-0.67,79.53
-8.42,-5.68,62.07
-12.21,-2.50,44.98
-14.95,2.62,36.50
-21.42,9.64,31.01
-22.46,19.71,18.07
-17.70,30.15,9.77
-16.85,37.90,2.14
-15.38,47.79,-13.00
-11.84,57.31,-52.67
0.67,68.12,-103.09
12.63,76.84,-150.09
27.77,81.85,-190.67
40.16,78.67,-224.37
47.06,71.78,-247.68
46.33,60.30,-253.54
46.02,46.26,-240.54
44.01,31.74,-215.52
43.03,16.17,-187.99
42.18,0.06,-163.88
31.07,-14.65,-145.45
10.74,-25.51,-133.18
-14.53,-29.66,-130.00
-43.52,-32.59,-134.52
-62.13,-37.90,-141.17
-71.66,-46.08,-145.45
-77.76,-54.50,-145.51
-80.44,-60.24,-142.46
-84.66,-63.23,-134.03
-90.39,-61.10,-121.09
-96.68,-54.02,-105.16
-103.15,-45.59,-89.60
-108.40,-39.49,-75.99
-105.83,-36.93,-63.96
-99.79,-33.94,-51.64
-96.31,-35.22,-39.55
-96.80,-47.73,-27.47
-97.72,-70.13,-17.76
-98.39,-89.11,-12.94
-98.63,-92.41,-12.08
-99.73,-79.28,-8.42
-102.66,-57.50,-11.72
-47.24,-43.76,-17.70
0.73,-36.62,0.00
3.42,-21.12,19.84
12.33,-18.07,37.60
49.13,-16.24,58.72
80.20,-5.74,76.60
90.88,4.39,98.33
95.34,19.23,121.46
92.53,36.13,145.26
89.05,69.09,171.02
84.84,91.80,194.82
92.16,108.15,225.71
100.28,114.01,248.96
115.23,109.68,273.13
131.04,98.45,288.64
139.47,87.22,301.15
138.43,73.61,310.49
125.31,67.14,314.27
106.69,55.24,305.91
90.03,50.23,282.90
71.04,38.33,251.53
52.37,33.33,213.26
39.43,25.88,174.44
28.75,17.58,136.41
22.83,9.28,109.37
15.81,-1.95,91.43
15.32,-9.89,79.16
12.15,-10.50,62.26
7.75,-10.50,44.31
3.85,-9.09,30.27
4.15,-9.58,23.13
1.22,-8.00,8.48
7.02,-5.98,-2.69
9.40,-4.27,-3.23
7.93,-3.97,-0.73
6.59,-3.54,0.18
5.07,-2.62,0.18
3.42,-1.46,0.37
2.56,-0.06,-0.24
1.34,1.16,-1.89
0.43,2.20,-4.76
-0.24,2.81,-8.12
















-,-,-
0.12,-2.20,0.55
-0.43,-1.95,0.24
0.00,-2.14,0.31
0.06,-2.87,0.79
0.12,-2.93,1.28
1.04,-2.26,1.46
1.95,-1.95,1.71
2.32,-1.71,2.01
2.56,-1.53,1.95
2.69,-1.83,2.01
2.93,-2.32,1.46
2.81,-3.23,0.37
2.08,-3.97,-0.06
0.92,-5.07,-0.49
-0.49,-6.47,-0.85
-1.65,-7.93,-1.40
-2.69,-9.16,-2.14
-2.99,-10.25,-1.77
-3.78,-11.35,-1.53
-3.17,-11.11,-1.71
-2.93,-10.44,-2.08
-2.38,-9.83,-1.77
-2.62,-9.34,-1.34
-2.32,-8.61,-1.40
-2.01,-7.69,-1.34
-1.95,-7.02,-1.34
-2.44,-6.35,-1.46
-1.71,-5.62,-1.10
0.49,-5.13,0.12
2.81,-4.64,1.59
8.85,-4.52,3.48
20.02,-11.78,8.06
34.48,-22.52,14.47
53.41,-39.12,23.50
67.57,-49.87,30.76
82.95,-56.27,36.68
99.55,-56.15,45.72
115.17,-52.31,58.23
126.71,-48.95,65.12
141.11,-52.67,66.77
156.68,-56.82,68.12
174.50,-65.19,75.56
181.03,-72.51,75.93
187.19,-78.80,69.09
198.85,-90.33,70.74
202.15,-97.17,67.50
206.12,-94.30,66.35
184.27,-86.73,62.68
161.62,-76.72,61.52
128.60,-53.59,53.10
104.80,-26.61,43.88
82.70,-6.77,42.24
65.67,9.52,40.59
52.06,26.31,39.92
36.19,28.87,31.25
19.35,30.82,23.80
3.30,34.55,15.38
-9.83,15.44,8.67
-20.32,-1.89,2.50
-25.27,-7.69,-2.01
-32.90,-4.64,-5.68
-44.07,10.80,-13.92
-54.44,39.61,-24.60
-62.19,64.21,-34.73
-71.41,80.75,-41.75
-82.09,90.45,-45.35
-91.25,97.17,-50.48
-93.75,100.16,-59.51
-95.15,94.60,-68.97
-92.83,79.10,-74.89
-87.28,55.18,-75.13
-81.60,26.43,-70.07
-76.42,-2.93,-57.98
-68.54,-28.99,-38.09
-54.93,-48.89,-13.18
-43.15,-64.58,12.02
-38.39,-71.59,27.28
-33.87,-47.67,12.57
-18.19,-28.56,-2.32
-1.10,-16.05,-13.18
-2.99,-12.82,-7.20
-15.81,-8.00,14.34
-15.14,8.24,45.23
-5.43,23.62,71.11
9.16,31.62,109.31
21.18,38.45,150.45
29.97,43.33,185.18
42.18,51.27,212.10
51.21,51.70,228.88
53.59,42.42,233.40
53.71,32.23,226.62
49.50,15.26,210.88
40.59,10.19,180.18
36.13,1.53,147.16
24.54,-1.28,114.26
14.89,-0.98,86.18
7.51,3.91,70.86
-4.70,6.47,55.18
-4.39,16.54,41.20
-5.55,24.78,26.86
-4.21,37.66,6.77
-2.69,53.96,-18.49
0.00,71.96,-54.02
4.39,96.13,-88.81
8.91,121.83,-118.65
14.53,142.64,-146.48
22.46,152.04,-173.34
31.07,143.74,-194.64
26.43,119.14,-208.92
20.57,82.46,-217.41
12.51,38.02,-220.89
0.12,-6.90,-220.15
-17.33,-47.85,-214.97
-40.22,-80.63,-206.05
-63.17,-101.50,-194.58
-83.13,-107.36,-179.50
-98.88,-98.57,-162.90
-111.02,-80.69,-145.51
-113.83,-62.68,-126.95
-115.42,-50.84,-108.22
-116.27,-48.28,-91.25
-116.52,-53.89,-78.00
-118.41,-63.11,-68.30
-120.91,-71.66,-60.61
-118.96,-77.58,-49.32
-111.45,-79.71,-31.74
-100.95,-76.17,-12.63
-94.79,-69.03,0.79
-103.45,-58.96,-8.42
-65.86,-53.83,-30.21
-46.81,-50.05,-28.69
-21.48,-43.88,-14.47
-10.25,-29.36,5.55
-16.85,-11.17,21.00
5.62,-13.24,38.70
36.19,-20.02,62.56
53.77,-12.08,88.75
72.14,-0.85,119.08
86.49,17.15,153.20
90.82,39.92,193.91
88.50,51.45,230.71
83.50,71.41,263.00
87.65,85.21,286.56
94.85,91.67,304.99
97.35,94.85,310.36
97.05,86.67,308.78
86.55,73.67,300.72
72.75,61.40,283.45
62.93,38.82,259.40
53.89,22.58,228.33
43.58,5.68,188.84
33.14,-10.38,147.16
23.50,-13.61,110.11
17.03,-22.09,87.52
9.83,-21.06,74.95
10.01,-27.47,74.46
9.34,-20.32,70.80
12.02,-17.33,72.33
8.00,-21.42,68.85
6.04,-23.25,54.14
3.11,-18.92,31.92
2.50,-12.02,12.57
3.78,-9.89,11.05
4.46,-5.55,8.67
8.67,0.98,6.47
7.81,5.00,8.06
5.74,6.77,9.40
4.33,7.32,9.83
3.85,6.77,9.70
3.05,5.92,9.83
2.81,5.43,9.09
2.87,5.43,7.57
2.99,6.16,6.10
3.78,7.93,4.39
4.09,10.13,2.38
3.30,13.00,-0.18
0.12,15.50,-3.23
-4.94,18.13,-6.10
-8.79,21.55,-9.22
-11.54,25.51,-11.54
















-,-,-
6.41,-6.90,2.62
5.92,-5.92,2.08
7.02,-5.98,2.20
7.26,-6.23,3.11
7.93,-7.39,4.21
6.96,-7.57,4.64
4.94,-5.49,3.72
5.19,-4.76,3.42
5.74,-4.09,3.48
6.71,-3.17,4.03
8.06,-2.20,4.82
8.54,-1.53,5.55
8.12,-1.59,5.98
7.26,-3.85,6.59
11.84,-18.68,7.26
8.42,-27.10,3.11
-0.43,-21.30,-4.33
-2.75,-16.17,-4.94
-2.81,-15.63,-3.54
-5.80,-3.72,-2.26
-5.74,-1.46,-1.40
-6.90,-2.87,-1.83
-7.08,-3.54,-2.69
-6.53,-3.11,-2.44
-4.70,-1.83,-1.53
-2.69,-0.06,-0.18
0.73,2.81,1.34
3.17,5.19,3.48
5.55,6.84,5.25
7.39,8.18,6.65
11.78,8.85,8.85
25.57,1.77,16.48
46.57,-12.94,27.04
71.72,-27.10,38.45
95.89,-41.26,46.33
124.76,-49.38,54.32
153.69,-55.05,65.55
173.16,-59.88,78.00
190.31,-58.29,94.24
192.08,-51.39,98.57
195.01,-46.02,94.54
198.00,-42.48,89.90
200.74,-46.57,87.10
195.19,-49.74,77.82
194.58,-47.12,68.60
181.76,-41.02,65.49
155.46,-37.48,54.57
133.97,-18.31,41.26
112.98,-11.66,35.83
89.60,1.34,32.41
77.03,3.42,28.20
59.20,9.22,21.85
49.19,15.50,20.81
34.36,27.10,23.99
16.91,27.95,16.72
1.22,20.81,4.94
-10.68,13.06,-3.30
-20.81,1.46,-7.75
-31.86,-5.62,-13.49
-39.67,-4.21,-21.30
-51.57,10.86,-29.97
-62.87,29.79,-35.10
-72.27,49.32,-35.22
-86.12,65.12,-40.22
-96.62,74.28,-49.62
-104.49,78.31,-60.00
-111.82,77.88,-70.31
-114.38,71.59,-76.60
-111.15,59.81,-75.81
-98.82,41.69,-67.02
-81.67,18.13,-51.15
-64.21,-7.32,-30.88
-49.19,-32.17,-8.85
-36.74,-55.24,11.72
-36.38,-56.27,15.32
-19.10,-23.99,4.27
1.65,-12.33,3.78
13.73,-5.25,3.66
13.00,0.43,10.19
8.67,8.24,14.47
9.83,14.16,17.09
15.99,17.52,30.64
22.77,23.25,58.53
30.03,30.82,90.82
35.89,35.71,115.60
38.33,38.45,127.99
39.67,36.80,134.46
40.95,35.28,144.78
40.89,37.23,160.40
43.64,31.31,176.76
46.75,24.60,190.67
51.39,16.48,195.80
50.29,6.41,187.50
41.20,-3.85,166.08
34.18,-12.02,139.16
27.40,-10.50,116.94
16.60,-4.33,91.98
12.76,-3.66,75.68
10.86,-2.26,69.34
5.98,-3.05,61.89
-2.20,3.78,41.26
-1.46,11.96,25.15
-3.23,25.57,12.21
-2.87,38.82,-1.83
-11.84,51.27,-43.52
-10.19,58.59,-99.24
-10.80,64.88,-151.49
-16.11,71.29,-191.65
-22.71,74.40,-221.37
-33.26,71.29,-244.38
-48.46,58.65,-261.47
-58.96,34.97,-273.86
-70.37,3.36,-279.05
-83.37,-30.76,-273.19
-91.74,-65.43,-255.86
-101.87,-96.56,-231.75
-114.26,-119.02,-207.52
-124.08,-128.91,-184.39
-129.88,-125.98,-159.24
-132.08,-115.42,-132.02
-128.17,-102.66,-104.37
-120.79,-91.06,-78.67
-116.64,-84.78,-58.84
-114.56,-85.27,-47.85
-110.84,-90.45,-43.15
-107.91,-95.34,-42.85
-99.24,-94.54,-39.86
-93.75,-83.13,-33.39
-89.11,-66.10,-24.84
-73.06,-54.75,-17.52
-50.60,-44.56,-12.15
-28.26,-34.18,-2.62
-16.42,-18.25,6.53
-16.17,-8.42,11.17
-6.77,-2.75,14.40
21.36,6.53,23.93
47.06,17.09,38.57
66.10,32.23,55.85
84.23,48.22,78.19
101.68,61.34,104.43
115.05,77.45,133.61
131.23,95.89,167.42
147.16,104.61,198.85
164.37,114.87,233.89
170.78,120.73,260.99
170.17,122.62,285.52
165.41,115.17,308.72
156.62,104.61,326.78
136.29,90.27,333.01
115.84,63.42,328.49
96.50,47.67,309.94
81.97,32.10,284.30
69.27,11.78,256.65
50.54,-2.44,222.41
37.90,-16.85,184.45
31.31,-31.43,155.03
24.35,-37.48,128.42
22.52,-37.35,109.74
15.81,-43.58,99.67
5.92,-42.11,91.67
2.93,-42.05,82.89
0.24,-35.71,69.52
-1.04,-31.62,51.76
2.99,-19.84,32.84
1.40,-7.87,17.70
0.73,-4.76,7.57
0.85,1.53,-2.08
-0.06,8.67,-5.13
-4.27,14.53,-4.39
-4.94,21.00,-4.39
-5.31,26.98,-7.26
-8.42,30.82,-13.00
-13.85,34.30,-21.24
-20.08,38.39,-32.65
-21.00,38.27,-43.46
-18.49,41.02,-49.38
-19.10,48.28,-50.84
-20.02,58.17,-50.72
-20.14,67.63,-50.42
-19.71,74.22,-50.60
















-,-,-
3.42,1.83,0.12
3.48,2.01,0.43
4.15,1.83,0.67
4.46,1.34,0.98
4.33,1.34,1.22
3.97,0.73,1.10
4.15,-0.55,0.73
4.33,-1.10,0.55
4.58,-1.16,0.49
4.88,-0.79,0.79
4.82,-0.43,1.40
4.70,0.18,1.83
4.09,0.55,1.83
3.05,0.79,1.77
2.01,1.71,1.46
1.77,2.32,1.71
1.53,2.08,1.95
1.10,1.40,1.77
0.61,0.49,1.83
-0.37,0.24,2.01
-0.67,0.31,2.32
-0.92,0.24,2.38
-1.65,0.00,2.08
-2.62,-0.18,1.40
-3.42,0.00,0.24
-4.64,0.31,-0.49
-5.13,0.43,-0.43
-5.92,1.10,-0.18
-6.59,1.53,0.24
-7.45,1.28,0.37
-8.97,0.55,-0.31
-10.62,-1.10,-1.59
-12.33,-2.81,-2.87
-13.12,-4.52,-3.54
-14.71,-6.29,-3.85
-17.40,-7.45,-4.15
-19.29,-8.12,-4.52
-21.00,-9.22,-4.27
-22.58,-10.99,-3.17
-23.99,-12.82,-2.01
-26.92,-14.83,-1.46
-27.40,-16.85,-2.69
-27.77,-18.19,-5.13
-28.14,-20.20,-8.12
-27.16,-22.58,-9.83
-25.15,-24.54,-10.31
-24.41,-24.90,-9.89
-26.37,-24.11,-9.46
-30.27,-21.97,-10.38
-34.55,-18.37,-13.31
-38.21,-13.85,-17.03
-39.49,-9.28,-20.20
-40.28,-5.92,-21.91
-40.59,-2.26,-21.42
-39.67,1.59,-19.90
-41.38,5.49,-18.49
-44.92,8.85,-18.13
-48.52,12.15,-19.53
-51.57,15.20,-22.09
-52.73,16.36,-23.44
-52.12,15.69,-23.99
-51.51,13.73,-23.56
-51.27,9.77,-21.24
-51.57,5.86,-18.13
-50.17,2.26,-13.92
-48.16,-2.32,-8.12
-45.29,-9.46,-0.24
-40.59,-21.00,12.27
-35.40,-36.99,27.83
-32.78,-54.14,39.00
-37.11,-63.96,35.77
-28.02,-50.96,-2.14
-8.30,-42.85,-9.22
11.05,-29.66,-3.66
22.89,-16.42,10.56
40.28,-6.47,23.62
82.40,-26.12,38.33
108.64,-42.05,47.12
138.73,-48.10,62.19
167.11,-65.73,81.36
184.81,-80.44,95.34
201.29,-83.19,102.72
212.83,-83.31,103.70
217.53,-80.75,97.05
226.56,-78.55,86.91
226.81,-78.43,77.33
214.05,-76.90,59.88
205.44,-72.81,49.38
187.62,-64.76,47.73
156.13,-47.85,37.23
133.48,-27.95,22.16
113.89,-17.94,24.05
86.18,-8.73,19.71
67.14,1.53,10.68
47.79,8.79,6.59
28.38,11.90,4.64
6.16,14.47,1.65
-16.24,9.83,-2.26
-37.66,-1.46,-9.70
-57.07,1.83,-17.21
-70.50,24.23,-20.08
-89.54,48.52,-25.70
-105.53,73.30,-40.04
-116.64,92.96,-58.17
-125.06,107.79,-77.33
-128.78,112.55,-93.26
-125.31,99.91,-99.37
-110.96,71.72,-91.92
-89.23,35.22,-70.74
-66.65,-3.30,-37.96
-49.26,-37.84,2.01
-36.50,-65.31,43.58
-37.41,-80.81,70.01
-58.96,-57.86,33.45
-33.14,-29.48,4.09
12.82,-1.59,10.93
34.12,10.01,80.26
30.09,26.49,155.03
37.66,51.76,198.30
52.73,79.53,220.83
62.68,87.89,241.27
64.09,82.58,253.42
63.54,69.21,250.49
52.92,49.44,228.64
42.05,30.94,190.73
34.97,21.18,147.64
25.57,15.44,107.67
14.71,17.76,74.95
0.31,22.46,46.75
-8.97,26.25,27.95
-15.14,27.95,5.37
-15.20,32.29,-25.63
-20.02,38.82,-73.36
-24.05,51.15,-128.91
-31.98,60.61,-186.40
-36.87,59.63,-243.77
-37.72,45.47,-296.20
-41.02,22.89,-340.64
-53.22,-8.61,-373.72
-81.42,-50.29,-394.47
-106.69,-100.10,-398.93
-122.74,-149.11,-383.42
-135.07,-186.89,-343.63
-133.97,-206.36,-276.00
-129.76,-200.93,-189.58
-141.72,-175.23,-99.37
-151.12,-140.56,-15.50
-138.37,-99.91,53.89
-133.00,-55.42,61.83
-56.15,-41.50,8.91
11.23,-47.55,9.70
12.88,-36.13,28.93
11.54,-14.40,67.38
38.09,0.55,98.33
58.11,21.06,112.98
70.74,31.25,130.98
85.63,56.40,159.36
95.15,77.21,196.59
100.71,95.64,243.10
104.80,113.83,291.87
127.50,126.46,338.56
151.61,140.08,373.66
160.89,135.13,388.37
140.62,120.54,370.91
109.07,93.08,330.51
73.61,73.12,277.34
46.88,52.55,223.33
33.02,42.54,182.98
28.26,39.55,162.11
27.65,23.68,148.25
24.17,12.39,123.41
23.07,0.37,101.26
18.80,-9.89,87.71
10.31,-14.34,81.73
5.00,-7.57,71.84
0.92,-13.00,67.87
0.24,-9.52,60.30
0.85,-3.91,48.89
1.59,-8.91,38.21
1.59,-10.68,25.57
















-,-,-
2.62,0.85,1.71
2.50,1.04,1.83
1.77,0.85,1.77
0.92,0.55,1.77
0.18,0.55,1.40
-0.18,0.73,1.34
-0.12,0.98,2.20
0.12,1.04,3.11
0.67,0.49,3.66
1.04,0.00,3.05
1.10,-0.43,2.62
0.92,-0.67,2.08
0.49,-0.55,1.77
0.31,0.00,1.28
0.43,0.43,0.79
0.18,0.61,0.43
-1.10,0.79,0.24
-2.20,1.34,0.00
-2.44,2.26,-0.06
-1.89,3.42,0.18
-1.59,4.09,0.55
-1.10,3.66,0.61
-0.49,2.44,0.06
0.31,0.85,-0.61
0.67,-0.61,-0.98
0.06,-1.34,-1.10
-1.10,-1.16,-0.67
-2.38,-0.67,-0.18
-3.42,0.61,0.12
-3.23,1.71,0.49
-3.48,1.83,1.53
-3.85,1.22,3.36
-4.27,-1.59,6.10
-4.15,-6.71,9.09
-3.66,-14.65,13.73
-3.66,-23.68,19.53
-4.64,-29.42,21.97
-5.92,-28.38,17.15
-4.88,-25.33,7.51
-1.95,-24.84,2.50
-2.56,-26.37,4.15
-0.73,-23.99,5.31
9.40,-21.00,5.43
25.88,-15.38,6.65
51.82,-17.03,17.33
80.63,-35.58,37.78
103.82,-46.69,46.08
130.80,-53.89,54.81
156.80,-57.31,67.81
181.64,-57.43,74.04
205.14,-63.54,80.44
220.83,-62.50,78.00
229.13,-68.48,78.25
225.52,-71.17,76.66
211.12,-67.69,72.81
182.80,-67.50,65.80
151.00,-51.88,56.46
117.37,-30.15,50.42
89.48,-5.80,38.51
63.90,13.98,34.79
36.93,22.83,31.01
17.21,13.31,20.08
-5.37,9.28,8.48
-21.12,-7.87,2.26
-32.71,-22.34,-1.89
-39.25,-28.63,-5.68
-48.95,-11.72,-14.04
-55.60,23.19,-28.02
-61.34,41.32,-29.79
-70.01,54.63,-28.99
-73.30,58.78,-36.50
-76.90,55.36,-48.52
-83.13,49.56,-62.99
-86.24,45.84,-78.00
-83.31,44.25,-91.92
-76.60,41.81,-98.14
-69.70,36.62,-93.08
-57.74,26.43,-75.20
-39.37,10.19,-44.01
-24.72,-10.99,-6.16
-14.16,-34.97,28.50
-8.30,-58.47,53.41
-10.13,-62.93,52.31
-17.70,-31.13,16.85
-9.03,-16.66,1.46
15.32,-9.09,3.17
-2.56,-7.75,23.44
-13.79,0.43,60.00
-11.84,26.67,83.98
6.16,53.71,110.53
20.32,65.86,144.84
27.16,75.81,175.78
30.21,74.46,205.38
24.96,71.72,216.00
19.59,66.16,208.13
20.75,59.27,193.73
18.25,50.90,164.86
22.52,37.60,131.84
17.15,26.73,108.09
9.83,25.45,86.36
4.46,25.02,73.67
-0.61,29.91,63.84
-2.44,35.10,61.77
-3.36,41.87,53.22
-1.77,53.16,32.23
-1.10,62.13,-2.14
0.79,76.17,-51.27
4.09,93.69,-103.76
10.01,107.60,-150.70
18.25,108.70,-190.00
32.84,91.31,-218.57
47.97,60.36,-232.60
48.03,19.84,-235.23
38.02,-26.79,-228.64
15.93,-73.73,-215.76
-3.78,-113.28,-199.95
-17.88,-138.43,-183.65
-35.34,-148.68,-168.46
-51.27,-146.06,-151.67
-55.30,-131.59,-126.28
-57.80,-110.41,-87.40
-50.35,-92.77,-36.74
-35.10,-84.29,18.01
-23.13,-82.03,65.67
-18.25,-59.33,70.56
18.01,-32.59,31.74
29.36,-38.02,14.34
29.72,-46.08,19.84
18.55,-53.83,54.81
0.79,-44.19,85.94
-4.94,-24.96,112.37
9.46,-4.88,142.64
28.87,15.81,177.06
35.28,27.89,202.58
33.63,37.35,219.36
32.41,53.04,225.34
34.73,50.48,229.55
28.87,53.28,226.93
27.16,52.06,216.00
24.66,44.49,218.57
8.97,41.02,206.73
5.43,31.01,201.05
4.39,29.05,195.56
2.20,11.90,187.50
-1.34,2.50,162.66
-2.38,-0.18,129.33
-2.38,-7.39,102.36
-3.36,-8.67,79.22
-3.36,-8.97,61.71
-5.13,-9.83,44.25
-7.26,-8.91,31.74
-8.18,-5.19,21.42
-11.05,-0.31,-4.21
-10.19,3.17,-25.02
-9.16,9.34,-20.63
-8.91,15.93,-11.47
-10.56,22.34,-5.92
-12.33,28.44,-4.33
-14.47,32.84,-3.42
-17.21,34.61,-2.81
-20.08,35.16,-3.72
-21.55,35.77,-5.98
-21.61,37.41,-11.96
-21.73,39.61,-26.67
-20.63,39.06,-41.93
-20.51,43.82,-50.54
-21.30,53.22,-53.65
-22.58,66.35,-55.91
-23.99,78.98,-60.30
-25.94,87.40,-66.22
-27.95,91.13,-70.68
-29.60,93.02,-73.91
-30.21,93.51,-78.49
-30.27,92.65,-83.74
-30.15,86.55,-88.75
-27.16,73.24,-93.63
-18.55,54.75,-98.14
-8.48,33.63,-99.73
-1.40,11.78,-97.35
5.62,-9.22,-91.55
















-,-,-
-3.48,-3.60,1.71
-1.28,-2.26,2.20
0.31,-1.04,2.44
1.10,0.00,2.62
0.92,0.00,2.50
0.37,-0.49,2.01
0.43,-0.55,1.65
1.10,-0.12,1.77
2.01,0.43,2.01
2.87,1.53,2.62
4.21,2.93,3.23
4.88,3.60,3.66
4.76,3.23,3.54
4.88,2.87,3.36
5.25,2.69,3.30
5.62,2.50,3.48
6.41,2.81,4.27
8.97,1.83,6.71
15.93,-8.36,15.44
20.45,-16.24,20.75
22.71,-8.79,16.42
26.00,-10.99,14.22
23.25,0.67,5.74
28.38,-5.92,11.54
25.27,1.83,12.70
26.98,6.16,12.88
25.33,7.32,9.46
28.02,1.83,13.12
33.14,-8.06,14.40
42.30,-0.18,14.04
56.64,-4.64,23.38
68.73,-14.95,28.75
81.85,-16.60,30.27
93.93,-14.77,29.91
103.15,-13.85,33.81
111.94,-19.59,38.27
120.12,-18.55,41.44
124.94,-15.38,44.68
127.81,-14.34,44.68
127.32,-12.70,45.53
130.55,-16.72,42.36
138.73,-17.15,42.11
149.17,-17.64,39.37
163.27,-23.07,37.78
168.76,-24.60,32.35
164.92,-29.17,27.34
153.20,-37.35,25.45
137.76,-37.48,10.38
118.04,-36.87,0.31
96.19,-36.99,-3.60
76.78,-27.22,-3.23
68.91,-20.20,-2.01
53.65,-7.02,-0.06
38.45,-7.02,1.65
20.81,2.32,-1.83
4.64,6.84,0.67
-10.25,9.58,3.91
-21.36,-4.58,0.98
-33.51,-19.17,-3.17
-43.88,-27.34,-6.23
-55.30,-23.13,-11.78
-66.96,-4.03,-22.52
-76.97,15.93,-32.29
-83.31,33.26,-34.91
-85.08,46.45,-28.02
-84.41,54.32,-21.85
-82.28,54.75,-22.52
-76.23,44.37,-26.49
-68.60,27.53,-30.27
-68.30,10.86,-35.34
-60.97,-1.40,-39.86
-53.16,-5.07,-41.87
-45.78,-3.11,-38.21
-33.94,-0.18,-32.53
-22.95,1.22,-23.25
-16.24,1.10,-13.67
-10.25,3.60,-7.69
-5.31,4.70,-4.94
-1.22,7.63,1.89
0.31,14.16,4.27
2.14,17.70,0.85
1.59,16.24,-2.93
-1.71,11.78,-4.52
-3.30,5.43,4.15
-1.89,5.98,31.49
0.06,15.56,65.25
3.78,27.47,91.61
11.35,36.19,118.16
17.09,38.57,134.03
19.35,44.07,142.21
20.26,49.13,150.88
19.84,54.38,160.52
23.74,52.49,174.93
32.10,49.50,178.16
29.36,47.49,173.10
25.33,45.04,152.40
21.12,34.55,129.64
15.75,20.57,113.28
14.53,14.04,109.13
13.06,15.20,100.46
8.79,9.58,93.08
2.20,10.74,83.19
-2.75,13.24,70.07
-8.00,16.48,62.44
-11.11,19.96,61.65
-14.04,25.82,50.42
-14.04,33.33,27.22
-12.15,41.38,-12.15
-9.16,55.60,-69.70
0.12,74.95,-128.91
13.00,91.55,-182.86
21.85,98.63,-228.27
30.03,93.02,-258.54
29.72,76.54,-268.86
19.47,50.54,-258.48
4.82,18.55,-235.23
-13.98,-12.63,-210.39
-23.86,-41.93,-190.67
-33.39,-69.34,-177.00
-47.00,-92.35,-168.82
-57.68,-107.54,-162.29
-72.45,-112.18,-154.66
-84.29,-109.50,-145.26
-86.00,-103.27,-131.29
-83.86,-94.18,-107.79
-83.31,-83.44,-73.97
-74.28,-76.29,-34.12
-58.29,-76.66,5.68
-38.45,-85.51,42.97
-25.63,-94.30,71.11
-25.27,-76.17,51.21
26.55,-30.09,8.18
36.87,-13.73,6.96
20.94,-12.51,6.59
8.18,-17.88,14.95
18.19,-24.29,36.93
13.61,-11.41,60.61
10.50,4.64,89.29
14.40,15.99,123.54
22.28,31.25,160.16
30.76,49.68,198.06
40.65,63.11,224.85
49.07,82.95,249.21
52.98,95.28,269.53
49.01,93.20,284.12
37.54,90.27,286.87
40.59,77.33,280.76
34.85,61.58,261.35
26.67,43.70,231.51
22.83,26.67,194.21
18.55,16.85,152.65
15.75,4.15,116.21
11.78,-4.09,82.82
12.88,-14.04,52.43
9.34,-10.86,28.44
4.27,-8.67,10.31
1.10,-13.49,-2.75
-1.83,-12.94,-19.17
-0.55,-9.16,-19.04
-0.73,-4.82,-12.94
-5.19,-0.79,-8.79
-13.92,3.23,-7.75
-22.83,8.36,-8.61
-31.07,18.19,-11.54
-37.11,31.49,-12.27
-41.56,36.99,-18.19
-40.47,50.78,-35.77
-32.23,63.42,-51.51
-29.24,75.44,-59.69
-25.21,92.29,-66.53
-20.57,107.79,-73.49
-18.31,119.75,-78.86
-18.25,127.99,-82.40
-16.78,132.08,-82.64
-12.82,130.25,-78.92
-6.71,120.30,-72.08
1.34,100.95,-64.94
10.80,72.81,-59.94
19.78,40.41,-57.19
26.12,9.70,-55.30
















-,-,-
-1.53,-6.53,-0.06
-1.40,-6.65,-0.67
-1.89,-6.65,-1.22
-2.20,-6.41,-1.83
-2.38,-5.43,-2.32
-2.14,-3.85,-2.32
-1.59,-2.01,-2.50
-0.79,-0.06,-2.69
-0.06,1.71,-2.20
0.55,3.30,-1.28
1.04,4.88,-0.79
1.53,5.25,-0.37
1.65,4.46,0.12
0.85,2.75,0.06
-0.06,0.61,-0.43
-1.16,-1.28,-1.16
-2.44,-2.87,-1.28
-3.85,-4.46,-1.16
-5.25,-5.62,-1.40
-5.68,-6.04,-1.83
-4.94,-5.86,-1.83
-3.78,-5.07,-1.10
-2.93,-4.03,-0.55
-2.44,-3.30,-0.12
-2.20,-3.54,0.49
-2.32,-4.33,1.10
-2.50,-5.25,1.53
-2.08,-5.25,1.77
-0.61,-4.46,2.38
2.26,-3.11,3.78
4.82,-1.53,5.92
9.77,0.31,8.42
22.40,1.53,13.06
47.18,-14.53,27.89
63.23,-16.78,36.13
84.78,-17.58,43.21
100.77,-26.25,52.25
115.48,-39.12,50.29
126.53,-45.04,42.54
139.53,-54.20,43.03
149.54,-52.19,45.35
161.07,-54.38,39.67
170.59,-51.09,40.47
177.61,-49.38,46.02
181.76,-38.64,41.20
186.83,-37.72,34.48
192.14,-41.63,32.71
189.33,-42.60,25.45
180.48,-35.95,17.64
164.49,-33.94,23.25
141.42,-18.68,18.49
123.66,-13.92,21.67
104.74,-7.87,20.02
88.50,-2.32,20.94
68.85,-0.18,19.53
45.72,1.34,5.00
25.94,-3.91,-3.17
9.28,-5.62,-1.10
-7.08,-7.57,-2.26
-24.29,-8.79,-4.94
-41.02,-19.47,-8.85
-53.53,-25.88,-14.83
-65.55,-14.89,-18.68
-78.61,1.04,-21.00
-93.87,20.75,-30.09
-110.17,44.68,-45.53
-121.58,66.47,-62.01
-126.40,80.81,-72.51
-125.18,83.80,-75.01
-117.43,74.40,-69.95
-104.68,52.67,-58.53
-86.61,22.28,-41.08
-63.66,-8.54,-18.43
-43.27,-34.24,7.63
-29.36,-54.81,37.11
-22.40,-60.97,55.66
-28.63,-28.02,26.18
-24.05,-4.33,3.11
16.11,23.62,-2.87
16.24,26.61,13.73
6.59,21.42,45.04
6.29,26.12,81.79
7.57,44.80,107.30
19.17,68.05,128.72
33.51,73.18,163.33
35.83,87.40,187.68
37.29,83.44,199.83
36.50,73.00,205.75
35.71,70.37,201.54
38.27,56.82,186.83
36.07,44.62,158.51
29.91,48.46,124.21
19.47,40.28,92.22
7.81,25.88,82.09
-0.98,23.25,70.13
-9.22,16.11,57.01
-18.68,14.95,38.88
-18.37,12.57,15.81
-13.31,10.19,-12.82
-7.14,8.79,-57.80
-0.92,6.23,-111.63
4.64,2.69,-160.71
3.17,0.85,-198.18
-0.61,-2.75,-227.05
-2.38,-10.93,-248.96
-7.02,-22.95,-263.12
-16.72,-38.15,-271.42
-24.17,-57.25,-272.40
-28.75,-79.53,-263.73
-28.20,-104.13,-247.19
-43.21,-123.72,-225.95
-52.55,-136.17,-198.30
-58.90,-140.62,-165.77
-66.89,-136.35,-133.61
-75.93,-126.53,-105.59
-75.62,-116.70,-81.79
-72.14,-109.31,-57.68
-67.57,-103.03,-28.26
-56.03,-96.07,6.29
-45.72,-86.61,39.98
-46.75,-70.25,40.41
-6.65,-40.41,-19.53
18.80,-17.82,-31.49
20.63,-2.08,-26.73
10.19,4.76,3.54
35.16,9.28,59.81
52.61,14.10,127.26
36.44,26.00,176.09
31.43,46.39,211.49
57.92,60.30,236.57
69.09,74.40,258.18
68.73,81.79,276.00
70.86,91.37,282.71
76.84,93.93,280.88
75.68,86.98,268.74
68.97,73.06,246.22
59.08,60.55,215.33
49.56,57.98,188.66
44.43,52.00,168.95
38.82,52.55,157.53
32.17,66.47,143.49
28.08,50.84,132.51
21.18,51.27,116.09
16.42,40.83,103.03
9.89,32.04,80.38
7.08,21.06,52.43
11.54,11.78,42.97
10.62,9.16,42.97
5.25,5.55,23.50
4.52,-0.85,14.65
2.87,-5.43,3.30
3.36,-6.59,-8.97
4.21,-7.87,-8.06
4.39,-10.07,-4.03
2.38,-12.21,-0.31
0.06,-13.92,1.89
-2.50,-15.63,2.56
-7.93,-18.31,1.59
-13.31,-20.87,-1.04
-17.58,-22.71,-3.60
-22.09,-22.22,-7.02
-27.04,-15.56,-11.90
-33.08,-13.18,-23.62
-36.44,-4.15,-38.15
-38.70,12.82,-44.86
-41.14,28.50,-42.97
-41.32,43.70,-38.27
-39.25,56.58,-34.79
-34.61,62.13,-34.42
-27.40,58.41,-37.48
-21.06,46.81,-41.87
-13.00,30.27,-46.33
-4.76,14.53,-51.15
-2.44,1.28,-53.04
0.43,-7.81,-54.02
0.49,-11.72,-54.50
2.20,-7.75,-56.09
-7.63,0.85,-59.75
-12.94,6.84,-55.18
-13.00,10.74,-47.00
















-,-,-
1.59,-0.79,0.85
1.95,-0.73,1.04
2.08,-0.79,1.16
2.20,-1.04,1.28
2.26,-1.10,1.53
2.56,-0.98,1.71
2.26,-0.92,1.89
2.01,-0.43,1.77
2.14,0.12,1.59
2.69,0.79,1.53
3.30,1.40,1.77
3.48,1.89,2.14
3.78,2.08,2.38
4.09,2.20,2.20
4.21,2.20,2.14
4.27,2.08,1.95
4.33,1.83,1.95
4.21,1.46,1.89
3.85,1.22,1.77
3.30,0.98,1.34
2.62,0.85,1.04
1.71,0.49,0.49
0.79,0.00,0.12
0.37,-0.49,-0.18
-0.31,-0.79,-0.37
-1.10,-0.55,-0.37
-1.65,-0.31,-0.31
-1.40,0.24,0.06
0.00,1.34,0.55
2.50,2.44,1.59
6.71,3.48,3.30
13.24,2.14,5.98
22.95,-7.63,11.23
32.90,-20.45,21.24
41.20,-22.77,24.23
56.95,-31.68,28.02
70.07,-35.71,32.35
83.56,-46.33,40.65
91.00,-46.94,46.81
95.09,-46.02,44.98
105.96,-58.47,51.03
109.01,-62.50,63.17
111.45,-57.56,67.02
120.12,-49.13,67.26
132.39,-49.93,73.06
137.82,-41.26,78.37
141.54,-38.21,74.65
141.97,-37.60,68.91
133.73,-29.24,55.36
121.52,-22.89,46.81
104.19,-14.22,41.87
86.49,-5.07,37.17
74.04,-0.12,35.58
58.84,7.20,24.29
46.39,13.85,18.74
34.85,11.60,15.44
26.06,3.72,7.08
18.01,1.95,1.16
11.05,4.27,0.85
2.69,3.72,-0.85
-10.38,-2.62,-4.64
-25.88,-10.50,-9.40
-41.63,-12.57,-17.40
-52.73,-1.16,-26.37
-62.81,20.45,-35.34
-67.32,46.75,-48.03
-71.66,69.70,-60.85
-73.85,87.59,-70.92
-74.28,97.78,-78.19
-72.08,95.83,-81.73
-70.31,80.63,-81.05
-68.85,55.85,-77.03
-60.91,25.51,-67.50
-49.68,-6.04,-49.80
-40.89,-33.20,-26.79
-33.63,-54.99,-2.87
-28.81,-71.72,19.35
-29.11,-66.65,16.85
-18.43,-35.03,-2.99
8.06,-15.69,-6.16
16.30,-3.91,0.18
11.96,-0.85,11.54
7.75,0.92,14.59
7.08,4.52,16.42
8.61,12.33,38.51
6.47,25.70,65.25
9.46,36.99,90.70
13.79,43.21,120.06
12.02,51.64,145.57
15.32,57.68,167.85
19.17,68.79,192.69
24.84,74.95,211.79
29.11,73.30,223.08
30.09,67.38,216.37
29.91,52.98,191.83
25.63,40.28,163.82
18.55,30.21,139.77
13.31,18.74,113.53
8.67,10.80,90.27
7.51,6.10,72.08
6.23,3.91,62.56
1.53,8.42,44.37
-2.69,10.62,31.62
-6.16,15.44,15.44
-3.78,17.64,4.70
-0.18,20.26,-3.30
2.93,23.99,-20.69
6.47,27.83,-65.49
14.28,32.90,-123.78
19.78,30.03,-175.54
22.52,20.39,-215.03
20.08,8.30,-241.39
10.68,-5.49,-255.62
-14.77,-19.90,-264.47
-32.96,-37.84,-270.39
-39.49,-58.72,-270.69
-39.25,-77.82,-263.92
-38.94,-91.80,-248.23
-41.20,-100.52,-221.80
-44.37,-102.78,-185.42
-54.69,-97.90,-145.26
-63.96,-88.50,-109.37
-68.12,-77.64,-81.54
-69.27,-68.85,-60.36
-68.54,-62.50,-42.79
-64.88,-57.86,-25.02
-57.62,-53.83,-3.78
-52.19,-47.30,10.50
-38.57,-33.75,-7.51
-11.54,-29.72,-16.72
-1.46,-30.03,-7.02
-3.30,-29.54,5.37
-7.02,-27.28,8.12
1.04,-26.12,5.25
11.35,-24.78,10.01
18.68,-17.15,20.69
26.06,-7.20,38.21
32.04,0.67,55.05
36.80,12.94,79.53
36.87,27.65,97.47
43.15,40.16,114.38
49.93,49.80,136.72
48.83,60.30,159.48
46.02,70.80,182.56
40.59,84.47,205.38
39.31,91.43,227.91
37.90,97.35,240.78
39.79,100.95,253.91
41.50,82.52,259.09
31.43,73.97,245.30
27.04,74.71,220.76
26.37,66.89,204.16
17.94,53.22,195.19
11.23,39.06,182.13
7.14,26.37,160.83
7.08,17.82,145.02
5.62,6.29,132.81
2.56,6.23,126.22
2.50,3.78,122.44
3.17,3.17,109.50
3.05,-1.46,96.37
1.71,-8.00,72.45
0.85,-12.27,56.70
0.67,-13.85,51.33
0.92,-10.31,51.33
-0.06,-6.16,54.02
-2.08,-4.70,50.05
0.43,-3.91,45.84
1.04,-7.08,42.54
1.83,-5.80,30.27
3.66,-1.89,16.54
5.37,1.04,6.23
7.32,4.94,3.72
6.59,7.75,3.91
4.76,9.16,3.36
3.36,9.70,2.14
1.83,9.16,0.85
1.22,8.42,-0.55
1.34,7.81,-0.79
2.08,7.02,-0.61
