-,-,-
1.10,1.71,0.73
1.46,2.20,1.10
1.71,2.14,1.53
2.14,2.20,1.89
2.56,2.26,2.20
2.93,2.38,2.56
3.23,2.01,2.75
3.05,1.46,2.32
1.77,0.49,1.46
0.67,-0.55,0.43
-0.06,-1.10,0.06
0.06,-1.04,0.00
0.55,-0.85,0.12
1.16,-0.31,0.18
1.71,0.18,0.55
2.14,0.61,0.61
2.38,0.67,0.79
2.50,0.43,1.04
2.69,0.37,1.40
2.75,0.43,1.40
2.75,0.43,1.59
2.75,0.37,1.46
2.38,0.31,1.34
2.32,0.24,1.40
2.69,0.12,1.46
3.36,0.31,1.65
3.91,0.55,2.08
4.39,0.49,2.44
4.82,0.49,2.69
5.31,0.43,2.87
5.68,0.18,3.11
6.04,-0.18,3.36
6.90,-0.31,3.36
7.08,-0.49,3.05
6.53,-0.85,2.81
6.41,-1.34,2.32
5.92,-1.53,2.14
4.64,-1.53,1.71
3.54,-1.04,1.22
2.93,0.55,0.61
3.23,3.48,0.67
5.13,6.71,1.53
9.03,8.18,2.44
14.16,1.04,5.43
19.47,-8.91,11.78
24.11,-9.64,12.27
30.70,-17.58,8.79
36.32,-17.70,6.35
42.85,-21.48,11.35
49.80,-24.41,15.75
51.21,-23.19,15.81
54.57,-27.10,10.80
55.24,-32.96,5.31
58.96,-36.38,4.52
64.27,-37.96,12.63
68.42,-38.39,24.90
72.51,-44.37,15.87
75.74,-52.86,9.34
75.68,-55.42,11.54
77.27,-53.89,4.52
78.98,-52.00,0.61
79.04,-50.90,8.24
79.10,-47.85,7.08
77.76,-39.79,3.54
77.33,-36.50,2.26
75.32,-30.33,8.06
76.72,-28.56,7.14
81.24,-31.37,3.85
83.86,-22.46,2.62
76.54,13.55,-1.89
82.82,-28.50,3.17
81.97,-41.93,4.21
87.28,-36.93,-9.77
87.95,-44.74,-12.88
91.00,-52.73,-1.65
93.57,-54.75,5.86
91.00,-54.87,-2.75
87.83,-63.05,-6.47
77.51,-65.98,-2.20
67.69,-68.42,-3.97
58.23,-72.14,-6.90
44.56,-69.95,-8.42
33.45,-66.53,-14.04
23.56,-58.53,-22.16
14.28,-54.69,-28.20
10.74,-51.57,-35.89
6.59,-44.49,-55.05
7.39,-28.69,-81.85
-1.28,-2.93,-105.16
-17.15,37.17,-125.31
-34.36,82.58,-145.57
-46.08,121.34,-161.87
-51.51,143.55,-174.99
-52.49,143.01,-185.61
-57.92,117.19,-188.90
-74.71,66.96,-183.47
-85.45,12.45,-181.27
-85.08,-26.37,-185.91
-76.84,-41.32,-184.20
-67.26,-30.33,-168.09
-57.86,-5.43,-141.60
-53.16,12.21,-108.34
-51.45,26.25,-76.35
-55.05,33.20,-49.56
-63.90,29.60,-27.53
-68.60,17.46,-11.78
-70.62,1.83,-5.13
-63.23,-11.78,-4.15
-55.73,-19.90,-1.28
-54.02,-23.99,4.88
-51.70,-22.09,8.42
-46.45,-14.04,8.42
-35.64,-7.69,9.64
-27.95,1.10,15.75
-19.59,10.68,26.25
-8.67,11.96,36.56
-2.26,9.70,43.27
0.55,10.44,50.78
10.19,9.16,60.97
14.28,4.52,53.77
32.90,3.36,22.34
37.78,13.31,28.99
39.00,15.50,52.67
45.17,19.78,72.39
59.88,14.95,83.74
58.29,16.24,99.06
50.66,17.33,109.25
46.75,16.42,117.80
40.59,21.85,122.50
39.92,23.38,127.26
36.87,24.17,144.59
27.28,19.96,152.10
25.21,15.69,131.10
22.64,20.57,126.10
16.91,25.39,135.56
17.33,26.55,142.03
21.61,30.33,142.27
22.95,32.96,139.16
17.21,25.63,138.37
8.79,24.90,139.59
8.18,29.48,142.21
7.08,33.51,144.17
5.00,31.43,139.53
5.13,26.31,141.11
5.13,18.62,144.96
5.74,10.68,147.83
5.25,-3.91,141.85
6.84,-12.94,136.54
4.52,-13.85,129.52
6.29,-14.95,122.13
10.13,-14.83,117.43
15.44,-10.44,104.00
15.87,-7.63,84.29
12.39,-15.87,67.32
10.80,-14.95,50.66
9.09,-9.77,30.46
7.57,-7.69,21.48
6.23,-5.68,22.58
3.11,-3.48,18.43
2.44,-4.46,3.42
2.44,-6.29,2.32
4.39,-6.84,7.02
8.12,-7.20,8.54
8.79,-8.24,8.00
6.71,-10.74,6.41
4.82,-14.22,2.93
2.32,-16.91,-0.73
-0.85,-19.10,-2.93
-3.60,-21.30,-4.09
-4.39,-23.32,-5.31
-3.30,-24.11,-7.20
-0.92,-24.17,-9.52
1.77,-24.72,-12.21
2.99,-25.33,-18.37
3.42,-25.15,-29.17
2.62,-21.91,-40.34
0.67,-15.14,-48.16
-3.36,-7.26,-53.47
-6.71,-0.24,-57.62
-7.87,7.75,-62.26















-,-,-
1.40,-2.01,1.04
1.53,-1.95,0.79
1.65,-1.89,0.73
1.89,-1.59,0.73
1.77,-1.40,0.92
2.14,-1.40,1.16
2.20,-1.10,1.59
2.81,-1.10,1.71
2.50,-0.73,1.83
2.08,-0.61,1.83
1.65,-0.61,1.77
1.95,-0.31,1.83
2.93,0.31,2.44
3.97,0.61,2.99
5.19,1.10,3.36
5.49,1.22,3.60
4.64,0.92,3.91
4.21,0.61,3.60
3.85,0.18,3.05
2.87,-0.31,2.69
2.38,-0.55,2.38
2.69,-0.55,2.20
2.81,-0.61,2.38
2.87,-0.61,2.44
3.36,-0.43,2.26
4.03,0.06,2.20
4.88,0.61,2.38
5.98,1.28,2.75
7.51,0.43,4.21
11.23,-3.42,6.96
12.94,-8.06,9.77
17.94,-15.63,13.12
22.83,-18.86,13.73
29.42,-19.53,12.33
35.52,-21.48,14.83
39.31,-26.43,14.47
44.01,-31.74,11.60
49.80,-33.39,16.97
51.76,-34.06,20.14
57.62,-38.70,16.36
64.03,-35.40,17.33
72.39,-37.29,24.54
78.19,-40.41,29.30
79.35,-43.27,17.21
83.25,-46.02,8.12
80.02,-48.83,15.01
78.92,-42.11,20.81
76.17,-36.50,24.90
75.38,-32.41,19.35
74.58,-31.92,14.71
76.11,-27.77,15.99
79.90,-23.38,23.25
81.85,-21.06,18.68
87.22,-19.53,17.46
85.02,-21.00,16.72
88.75,-28.32,14.10
89.78,-29.36,7.69
96.68,-19.41,7.02
92.77,3.97,9.09
110.60,-37.11,20.81
105.47,-40.89,16.24
112.92,-46.63,10.07
107.60,-55.73,13.37
101.38,-57.50,15.63
95.64,-59.51,11.47
92.71,-63.96,8.61
88.50,-69.46,8.73
80.69,-70.43,7.87
68.73,-77.45,5.74
58.29,-85.14,2.32
48.10,-86.85,-6.04
42.66,-87.04,-12.63
36.93,-84.41,-16.54
31.68,-78.12,-21.67
23.07,-65.31,-34.42
14.34,-43.88,-55.42
5.98,-19.65,-81.24
-2.32,6.29,-108.03
-10.25,32.78,-132.45
-14.95,56.46,-149.96
-15.93,74.95,-159.61
-22.52,84.59,-162.48
-25.63,85.69,-161.44
-28.20,78.06,-158.26
-31.86,63.11,-152.53
-39.31,46.57,-144.84
-47.42,32.78,-134.64
-56.34,21.67,-120.00
-65.98,13.43,-104.86
-71.66,7.20,-93.87
-76.48,2.93,-91.19
-61.04,3.36,-94.91
-65.67,12.21,-95.64
-69.70,8.91,-93.99
-73.85,-0.92,-91.37
-67.44,-14.95,-85.82
-59.39,-28.69,-80.20
-61.89,-36.13,-72.94
-65.61,-35.46,-60.42
-61.16,-29.42,-43.21
-52.31,-20.39,-23.01
-42.24,-11.72,-1.59
-30.15,-6.53,18.13
-22.77,-5.19,35.46
-19.17,-5.43,51.21
-17.70,-6.71,65.19
-13.92,-9.22,75.01
-8.61,-10.38,75.62
-5.49,-9.77,59.94
16.72,-11.35,16.60
38.64,-8.06,-13.61
21.30,6.47,-3.48
25.70,14.16,25.51
39.73,14.47,48.03
47.06,12.70,62.50
50.96,11.29,76.60
49.01,12.51,88.44
47.00,15.99,98.21
47.06,17.82,104.68
45.78,20.32,108.46
44.56,24.05,111.94
41.81,31.13,115.42
41.99,18.74,121.83
38.45,7.08,115.91
33.87,7.26,110.23
32.53,3.42,110.11
28.56,8.24,118.65
30.03,4.09,136.60
25.57,1.59,130.19
20.08,0.06,116.03
12.63,12.57,116.70
8.73,19.41,120.18
12.57,19.78,120.79
16.54,23.68,119.75
16.78,17.15,120.24
16.11,14.28,112.00
17.09,15.99,105.41
15.08,12.70,100.89
12.51,9.09,96.07
9.46,10.74,88.44
12.08,6.71,85.27
11.66,8.73,89.17
12.21,12.21,88.56
13.06,14.34,84.23
12.15,12.33,75.38
11.72,11.66,71.11
10.01,6.16,63.23
7.75,6.29,46.14
8.06,3.30,46.51
3.42,-1.71,48.58
6.29,-3.17,49.99
6.84,-2.62,55.91
9.16,-2.44,59.88
10.62,-2.75,61.89
8.18,-5.37,49.56
12.45,-6.04,47.97
9.40,-10.56,48.89
9.16,-10.62,37.48
8.91,-10.44,34.79
7.57,-9.22,34.12
6.23,-7.87,31.37
5.31,-5.31,26.25
3.60,-2.08,25.33
1.65,-2.50,14.59
3.05,-2.44,6.96
2.38,-2.50,5.19
3.66,-3.42,-1.40
3.78,-4.15,-3.91
2.01,-5.37,-3.54
0.79,-6.53,-3.85
-1.16,-7.20,-4.21
-2.44,-7.08,-4.70
-2.81,-7.51,-5.92
-2.62,-8.12,-8.54
-2.44,-8.79,-11.29
-1.83,-8.91,-13.67
-0.43,-8.73,-15.08
-1.95,-8.67,-16.72
-3.17,-8.79,-18.98
-5.31,-9.28,-20.20















-,-,-
1.16,-2.32,0.06
1.28,-2.44,0.18
1.83,-2.50,0.43
2.44,-2.38,0.73
2.44,-2.44,1.10
3.36,-2.08,1.22
3.17,-1.71,1.28
2.38,-1.95,0.98
1.22,-2.14,0.73
1.22,-1.95,0.49
1.59,-1.77,0.49
1.89,-1.40,0.79
2.32,-0.92,1.10
2.44,-0.49,1.22
2.20,-0.18,1.34
2.20,0.06,1.16
2.26,0.00,0.85
1.77,0.18,0.85
1.34,0.31,0.79
1.46,0.55,0.67
1.16,0.43,0.61
0.85,0.37,0.49
0.92,0.43,0.49
1.28,0.55,0.55
1.34,0.67,0.73
1.59,0.73,1.10
1.77,0.92,1.10
1.46,0.79,0.92
1.16,0.79,0.55
0.55,0.98,0.49
0.06,1.40,0.37
-0.18,2.08,0.24
-0.61,2.99,-0.06
-1.34,4.39,-1.28
-0.67,4.52,-3.11
-0.79,3.91,-4.39
-1.28,3.30,-5.07
-1.95,2.69,-5.31
-2.56,2.20,-5.13
-2.99,1.46,-4.03
-2.81,0.37,-1.83
-2.93,-0.98,1.10
-1.77,-2.62,3.72
-0.18,-5.19,5.19
1.40,-9.03,4.94
5.31,-10.01,1.40
7.51,-10.50,2.08
10.31,-12.21,3.30
11.41,-14.28,3.05
12.70,-16.30,2.26
13.55,-16.11,2.20
15.26,-11.66,4.21
17.40,-4.27,7.39
21.18,-1.77,9.46
27.40,-6.16,11.90
34.24,-9.28,15.32
45.17,-11.78,23.01
55.73,-13.98,27.40
71.66,-26.00,31.37
79.47,-25.21,33.51
89.78,-27.77,38.09
94.85,-32.29,37.78
99.79,-40.16,38.51
98.45,-33.75,39.00
100.95,-35.64,41.87
95.34,-36.07,34.48
97.23,-42.79,28.50
93.26,-42.18,28.14
94.42,-40.34,32.90
94.24,-33.26,35.03
96.68,-30.64,34.12
96.86,-34.42,32.59
96.07,-35.46,22.16
96.92,-30.03,20.81
97.17,-28.87,23.99
103.15,-28.99,22.28
105.65,-29.11,16.72
110.72,-34.91,24.23
112.18,-41.14,35.52
114.44,-38.57,23.56
115.42,-33.63,15.26
110.72,-8.18,14.28
97.60,0.67,10.68
106.20,-52.86,5.62
100.52,-52.19,-2.75
90.94,-49.80,-9.34
78.12,-58.17,-13.24
68.18,-64.51,-10.93
61.83,-53.34,-14.65
55.42,-61.34,-15.38
41.81,-72.94,-23.56
30.09,-82.64,-37.17
18.13,-82.95,-40.89
8.73,-77.27,-35.22
5.19,-67.26,-22.71
1.22,-50.72,-10.19
-2.99,-40.16,-0.73
-5.92,-30.76,2.99
-6.77,-21.12,3.72
-10.31,-11.66,4.82
-15.69,-0.31,-6.04
-19.90,15.32,-27.34
-26.92,30.52,-43.88
-37.35,46.75,-58.59
-41.20,63.78,-76.42
-38.82,76.54,-97.90
-37.41,84.84,-121.58
-37.90,86.67,-143.25
-42.36,78.37,-157.04
-50.54,62.50,-160.71
-57.19,43.33,-161.38
-56.15,24.78,-163.45
-58.23,8.12,-164.79
-64.39,-5.92,-162.54
-73.49,-17.70,-156.07
-83.50,-25.27,-146.48
-91.31,-30.52,-133.12
-95.03,-36.93,-115.17
-96.44,-43.70,-95.64
-76.11,-45.10,-84.17
-70.31,-41.69,-75.87
-73.91,-41.81,-65.19
-67.08,-40.95,-57.19
-60.30,-37.90,-47.06
-57.43,-34.61,-33.81
-55.54,-30.64,-19.41
-51.33,-26.79,-5.19
-40.59,-24.35,7.69
-28.75,-21.30,22.58
-19.35,-15.99,33.08
-9.77,-10.99,42.54
-4.15,-6.96,45.17
2.14,-4.52,44.86
13.79,-2.26,47.36
21.79,1.83,52.06
25.39,7.02,49.01
31.01,4.82,49.68
27.34,5.92,44.74
26.86,6.53,46.63
24.84,6.84,54.20
25.33,10.86,54.69
27.53,14.65,60.79
31.49,16.11,66.04
33.94,21.97,71.53
38.64,30.03,78.25
44.07,32.47,82.46
44.62,34.48,89.84
41.63,35.83,95.76
39.18,37.54,94.36
38.39,36.25,100.71
30.40,35.52,107.06
26.37,33.14,93.93
22.28,32.90,82.21
15.20,35.52,80.51
14.95,30.09,81.30
13.92,24.66,80.26
13.00,29.17,77.82
13.79,24.41,73.30
14.10,20.75,79.59
11.41,21.55,88.50
11.11,21.97,94.73
10.07,18.68,90.94
5.37,16.66,87.10
2.08,13.18,90.76
-1.77,7.08,92.16
-2.14,2.62,91.37
-1.59,-0.49,92.16
-0.43,-3.97,95.83
2.56,-5.92,107.42
4.94,-6.65,112.85
8.91,-3.97,111.94
11.41,-4.33,108.46
11.29,-6.35,102.29
11.17,-8.79,89.29
11.60,-7.39,75.62
10.68,-1.83,62.50
9.70,-4.09,59.20
6.53,-6.47,55.24
5.37,-7.39,47.55
6.16,-4.82,43.52















-,-,-
0.00,1.83,1.65
0.00,1.10,1.53
-0.24,0.79,1.28
-0.49,0.92,1.22
-0.85,1.10,1.22
-1.04,1.71,1.40
-1.04,2.01,1.46
-1.04,2.01,1.46
-0.73,1.95,1.40
-0.79,1.95,1.65
-0.73,1.83,1.46
-0.43,1.95,1.59
-0.49,2.20,1.71
-0.37,2.87,1.83
-0.24,2.50,1.95
-0.73,2.14,1.71
-0.61,2.01,1.65
-0.24,2.01,1.89
-0.49,1.89,2.20
-0.43,2.08,2.56
-0.37,2.14,2.99
-0.43,2.32,3.17
-0.43,2.38,3.36
-1.04,2.62,3.78
-0.98,2.81,4.21
-0.73,4.27,4.39
-0.67,6.47,4.27
-1.59,7.75,4.03
-1.89,5.86,4.39
-3.05,2.93,4.76
-3.42,2.44,4.21
-3.05,4.64,3.78
-1.83,5.25,4.52
-1.04,2.69,6.10
-2.62,0.79,6.10
-3.23,0.12,5.19
-2.14,-0.12,4.21
-0.31,0.61,4.03
0.73,2.20,3.97
0.79,3.54,3.72
0.98,4.15,3.36
1.59,4.33,3.11
1.89,3.97,3.17
2.26,3.42,3.66
2.32,2.87,4.52
1.22,2.62,5.92
-1.77,4.52,8.30
-7.26,11.72,11.41
-13.67,21.18,14.10
-20.14,27.95,16.30
-29.54,33.26,18.13
-35.28,39.37,21.30
-39.12,46.08,25.45
-41.63,50.78,30.09
-45.59,52.37,33.57
-49.44,50.96,35.22
-50.84,46.69,37.48
-51.57,39.55,42.48
-49.50,28.99,51.82
-42.30,14.34,60.55
-27.40,-8.79,64.03
-13.61,-41.32,62.44
-11.17,-75.50,59.94
-7.08,-84.23,47.00
-5.07,-44.19,25.02
-0.61,-19.78,23.93
20.45,-11.11,11.60
17.70,-12.21,6.65
17.33,-20.39,16.78
22.71,-21.24,27.83
37.84,-22.40,35.10
54.50,-24.60,42.11
67.20,-29.97,56.58
73.30,-42.72,60.36
80.81,-58.41,39.73
92.41,-70.07,29.91
98.08,-78.12,35.95
101.14,-75.81,39.73
104.55,-75.93,32.71
109.44,-69.89,23.01
111.33,-65.92,10.86
113.22,-63.66,0.92
115.11,-63.35,0.55
111.15,-53.47,1.04
112.00,-28.81,-6.59
107.48,-25.82,-6.65
117.49,-52.12,7.93
118.23,-53.89,3.17
122.31,-59.57,1.77
118.90,-62.68,7.32
118.53,-66.28,4.15
116.76,-65.92,0.37
103.03,-73.85,-1.04
86.49,-81.05,-9.77
67.38,-84.53,-20.08
52.67,-86.12,-18.31
34.67,-78.74,-10.19
24.60,-68.12,-5.80
13.18,-54.81,-6.35
2.87,-43.82,-15.38
-5.49,-30.64,-32.17
-13.61,-17.03,-57.37
-21.55,-1.71,-90.94
-33.81,17.94,-125.31
-46.88,39.98,-155.76
-53.53,63.17,-180.36
-52.31,83.50,-196.78
-49.01,96.92,-203.55
-48.95,99.06,-202.64
-54.14,86.55,-195.56
-55.79,62.26,-182.13
-50.05,32.96,-163.45
-43.03,7.08,-140.01
-40.16,-10.74,-113.83
-44.13,-23.13,-90.58
-48.34,-33.20,-73.30
-43.88,-36.56,-60.00
-49.19,-33.45,-48.40
-57.80,-30.64,-35.71
-57.56,-20.20,-28.63
-49.80,-9.46,-23.44
-43.21,-3.60,-13.37
-47.42,-3.85,-0.79
-38.76,-4.52,9.89
-25.63,-4.46,20.75
-22.95,-6.71,32.04
-20.75,-9.22,39.55
-15.08,-7.26,42.60
-8.36,-2.75,43.64
-3.30,1.28,47.67
-0.73,7.39,47.91
7.02,12.45,38.57
16.54,12.51,35.28
17.21,10.31,42.85
18.74,10.50,55.05
22.34,12.02,59.39
29.36,15.08,59.02
30.52,13.92,68.54
29.91,16.11,79.96
35.22,16.30,83.74
32.84,22.28,90.09
27.28,28.75,99.67
23.99,32.53,104.92
27.53,36.93,106.69
29.30,42.18,115.11
31.37,44.74,123.60
31.31,41.63,139.77
26.31,39.92,149.84
26.73,34.48,148.32
19.10,32.04,153.44
13.85,30.58,158.14
17.70,28.20,160.83
19.90,28.75,166.02
16.48,36.99,162.35
17.33,39.92,152.65
15.32,35.16,141.97
8.73,30.15,119.14
9.09,23.93,101.32
6.59,19.17,89.66
7.63,18.37,81.48
8.42,13.31,73.49
9.77,10.74,61.16
9.89,11.60,49.26
7.81,8.30,42.79
6.90,3.97,39.12
6.23,3.23,32.10
8.18,2.01,28.56
8.00,-1.10,31.49
7.81,-6.04,26.98
9.58,-10.44,16.42
11.90,-15.87,17.21
9.95,-18.74,15.32
9.58,-20.63,5.31
6.29,-23.80,1.71
3.17,-25.88,3.78
2.69,-26.06,6.47
3.66,-26.25,8.24
3.91,-26.92,9.28
2.08,-28.50,10.74















-,-,-
1.53,0.06,1.10
0.98,-0.24,0.98
1.16,-0.06,1.10
1.40,0.06,1.22
1.71,0.37,1.40
1.89,0.49,1.28
1.77,0.37,1.16
1.65,0.24,1.22
1.83,0.18,1.16
2.20,-0.06,1.34
2.87,-0.18,1.65
3.78,-0.06,1.77
4.76,0.37,2.26
6.04,1.22,2.44
7.02,2.87,2.69
7.69,4.15,3.05
7.93,4.70,3.17
8.36,5.07,3.11
8.97,5.19,3.30
9.40,4.70,3.60
9.83,3.78,4.03
10.93,-0.31,5.86
14.40,-12.27,13.18
14.59,-11.60,14.59
20.26,-5.13,12.21
23.38,-10.13,11.41
27.40,-23.44,16.05
26.79,-24.48,16.72
34.67,-29.85,14.40
38.45,-25.02,11.96
45.29,-32.84,14.59
49.56,-30.82,17.64
59.81,-33.33,20.26
65.55,-35.58,16.30
73.91,-40.89,10.56
80.44,-47.00,10.31
84.17,-50.42,10.80
86.00,-50.35,11.23
83.74,-48.77,5.00
86.30,-52.80,2.99
82.21,-48.83,12.51
78.92,-39.67,9.83
84.72,-40.53,4.64
79.71,-37.05,5.25
85.45,-34.00,7.08
84.59,-27.65,11.60
87.04,-26.49,9.34
86.61,-33.63,3.48
87.83,-32.04,-9.22
82.15,-9.03,-7.08
88.07,-47.42,1.22
85.82,-48.16,-3.17
88.13,-56.82,-12.15
83.01,-64.27,-7.45
75.68,-54.63,-1.83
70.37,-49.07,-0.12
69.82,-50.54,-2.81
71.29,-50.66,-1.04
63.29,-48.22,4.09
61.77,-46.88,-1.95
54.99,-44.92,1.65
45.72,-45.90,9.40
37.35,-43.58,8.79
31.74,-43.70,1.95
26.18,-45.04,1.77
18.19,-37.78,2.50
10.19,-30.21,-5.19
3.60,-22.52,-15.20
-5.19,-12.08,-26.25
-13.37,3.78,-37.90
-22.34,26.25,-55.91
-23.56,45.72,-78.25
-16.54,60.36,-99.98
-7.69,71.72,-117.80
-2.87,77.27,-129.39
-3.97,73.43,-132.57
-6.71,62.44,-128.78
-6.10,48.71,-120.24
-7.81,35.16,-109.44
-12.02,23.32,-98.63
-17.33,15.75,-89.42
-23.13,12.51,-82.52
-28.44,9.83,-77.45
-31.25,6.84,-73.12
-30.40,2.93,-69.09
-29.91,-2.50,-64.33
-23.80,-4.88,-60.61
-19.10,-4.52,-56.70
-23.68,-7.02,-51.09
-27.89,-10.74,-47.42
-23.93,-14.65,-43.46
-23.13,-14.71,-38.82
-26.12,-13.00,-34.36
-28.81,-11.78,-31.01
-31.25,-9.58,-26.55
-33.81,-7.39,-20.08
-38.64,-7.81,-13.85
-42.05,-10.68,-8.85
-44.49,-12.88,-5.62
-43.64,-12.57,-0.73
-39.43,-11.90,10.44
-36.50,-11.41,27.22
-34.61,-9.52,44.62
-30.70,-6.90,58.78
-25.63,-5.43,62.62
-17.46,-4.46,51.70
-10.74,-2.56,35.22
-2.50,-0.73,21.42
9.46,5.13,22.71
19.29,12.02,35.34
25.76,16.11,54.69
36.19,11.35,84.29
39.25,7.81,96.13
43.64,9.89,78.61
45.65,12.33,73.43
43.95,10.68,77.88
38.64,22.83,81.54
47.97,25.51,83.37
50.29,21.55,90.76
42.42,27.83,90.88
42.11,28.69,89.17
39.31,28.69,90.76
36.38,30.70,93.02
34.67,31.01,100.46
28.02,28.56,118.90
19.10,26.98,118.35
17.15,27.53,108.40
15.56,30.03,107.30
11.11,32.53,109.25
10.86,34.55,105.96
12.39,37.54,109.01
12.33,24.41,119.93
6.90,18.43,120.30
10.13,20.20,112.12
10.93,18.68,111.33
13.06,12.21,118.29
4.09,26.73,123.41
0.18,30.09,118.04
0.37,22.77,110.78
-1.89,15.01,108.95
-1.83,1.71,112.79
2.56,-8.18,112.06
9.89,-15.87,119.45
11.54,-18.86,119.02
16.91,-15.75,115.54
17.33,-13.92,113.65
16.97,-13.18,104.19
16.48,-11.35,89.05
14.89,-9.83,73.00
13.18,-8.42,57.68
12.39,-10.86,48.16
10.38,-13.12,39.18
7.63,-13.18,33.94
6.35,-15.75,34.48
9.52,-15.69,32.71
11.78,-14.59,32.23
14.10,-13.12,31.31
12.51,-14.40,24.78
13.31,-17.58,13.12
13.92,-17.76,9.16
13.06,-17.09,7.39
12.70,-16.36,4.76
12.27,-16.05,2.32
11.78,-16.24,0.37
12.15,-16.11,-1.53
11.90,-16.42,-3.11
11.90,-16.42,-3.85
12.94,-16.05,-4.09
14.95,-15.63,-3.91
17.27,-15.50,-4.09
19.29,-15.26,-4.39
20.81,-15.44,-4.82
22.28,-16.11,-5.13
21.36,-17.09,-5.55
19.47,-18.01,-6.10
16.85,-19.04,-7.20
14.04,-20.08,-8.54
11.47,-21.79,-10.62
8.12,-22.58,-12.76















-,-,-
11.11,-3.23,5.86
15.63,-6.53,2.08
14.59,-6.71,6.29
16.30,-8.42,7.02
20.14,-11.17,4.03
23.80,-21.97,-0.18
25.33,-20.51,2.32
25.27,-17.33,2.99
26.49,-20.26,1.40
25.63,-26.86,9.34
23.44,-22.03,8.12
26.73,-20.32,2.32
27.47,-23.93,6.10
24.54,-17.33,1.53
30.88,-27.34,0.06
29.72,-18.31,7.45
26.98,-10.01,5.68
28.44,-11.60,1.40
22.40,-12.33,2.62
16.72,-6.04,1.28
17.27,-7.20,-5.98
17.70,-11.05,-2.01
16.60,-3.36,8.79
18.07,-2.75,9.09
19.84,-6.90,7.93
17.33,-0.85,6.59
17.64,-2.14,4.27
16.78,2.99,0.92
17.76,-1.71,5.13
16.24,1.53,3.05
20.87,-2.50,2.32
22.52,-3.54,7.69
26.73,2.38,12.94
29.97,8.54,10.44
33.87,-10.62,4.33
38.09,-6.65,4.82
42.97,-13.49,3.91
48.89,-23.62,0.06
58.23,-28.02,2.93
60.00,-22.58,11.29
67.02,-25.51,12.39
65.31,-22.16,7.02
68.18,-26.92,1.53
67.20,-23.25,11.78
68.97,-9.95,19.04
72.69,-11.35,13.31
80.08,-16.54,8.85
82.15,-8.24,9.58
77.70,39.18,10.68
83.25,-11.78,11.17
87.95,-47.85,19.41
88.87,-37.90,14.47
91.55,-59.57,4.82
86.06,-72.45,6.53
85.39,-73.12,2.14
80.32,-69.09,0.12
70.07,-76.42,-1.59
65.43,-79.35,-4.03
60.42,-79.90,-2.69
61.58,-78.74,5.68
61.22,-77.88,10.99
69.09,-74.04,7.93
76.17,-78.49,11.05
79.35,-82.34,22.40
73.73,-82.52,30.64
62.38,-76.54,24.29
44.07,-69.52,9.40
29.79,-60.18,-9.64
16.48,-47.49,-22.89
2.62,-26.86,-32.59
-10.62,-1.89,-45.90
-22.28,25.82,-65.37
-32.23,52.80,-88.81
-36.07,75.74,-112.30
-30.64,92.65,-131.65
-22.52,101.56,-145.75
-17.76,99.55,-152.89
-20.14,89.29,-154.24
-27.65,73.61,-150.76
-37.17,53.83,-142.64
-46.08,36.01,-131.59
-50.78,23.74,-117.68
-54.63,15.63,-102.23
-62.74,10.99,-86.67
-73.67,8.18,-71.78
-78.74,6.59,-62.19
-79.28,4.15,-57.07
-78.25,-0.61,-53.41
-78.92,-6.29,-49.32
-77.58,-12.94,-43.09
-60.18,-16.17,-34.61
-55.24,-21.48,-18.86
-64.88,-29.24,-2.50
-59.14,-35.95,9.52
-51.03,-36.99,16.85
-39.49,-31.56,19.59
-29.11,-21.73,20.69
-24.23,-14.89,19.10
-11.90,-9.52,17.40
-3.85,-0.98,22.22
-0.98,5.68,30.82
-1.53,9.83,31.80
0.49,8.24,27.95
2.32,2.99,31.86
0.73,-3.42,37.23
2.56,-5.86,41.56
8.18,-5.62,45.23
14.83,-7.14,54.93
15.99,-1.53,64.64
17.03,9.03,73.30
24.41,11.90,75.74
24.96,19.10,75.26
21.97,26.00,79.96
25.02,27.95,84.05
27.89,27.04,88.87
25.33,31.07,92.59
25.02,32.35,98.33
18.68,39.61,105.04
17.88,29.72,104.31
11.17,30.70,99.00
10.07,31.80,96.86
13.67,12.51,110.23
10.19,5.00,107.18
7.81,11.66,90.27
5.92,8.85,83.50
1.65,7.87,89.11
-0.18,10.86,90.15
-0.92,15.20,91.67
-0.12,14.10,90.45
-2.56,18.19,87.89
-0.85,19.10,90.88
-1.83,19.41,94.67
-1.40,20.32,93.51
-0.06,19.35,85.02
-0.92,17.64,77.64
0.79,10.74,69.82
0.12,7.93,74.34
1.34,4.15,70.92
4.88,3.05,71.11
8.24,-7.26,73.55
8.67,-14.71,63.05
10.07,-14.77,47.49
8.61,-14.95,39.49
8.85,-15.99,36.13
9.22,-14.53,31.31
7.87,-14.34,23.99
6.84,-16.54,16.30
5.98,-17.94,14.28
4.46,-23.56,5.68
2.26,-30.52,-1.95
-2.44,-37.78,-9.34
-5.55,-42.48,-13.73
-7.51,-43.70,-13.43
-10.99,-42.60,-13.61
-15.32,-36.50,-18.74
-18.98,-23.68,-29.05
-18.43,-10.80,-39.31
-17.03,2.56,-46.14
-19.65,17.76,-50.72
-19.78,31.56,-55.97
-15.81,42.85,-63.29
-10.99,51.94,-73.73
-7.87,57.98,-85.33
-7.45,59.45,-93.93
-9.46,55.73,-96.37
-12.88,49.07,-95.46
-12.76,39.98,-97.23
-5.25,31.74,-103.70
0.92,23.25,-110.60
3.17,13.18,-117.19
3.66,2.38,-125.31
2.75,-6.84,-134.03
0.06,-14.22,-140.32
-2.50,-18.07,-141.66
-4.82,-18.74,-137.70
-6.16,-17.33,-130.55
-5.68,-14.47,-121.89
-4.58,-10.93,-113.53
-4.46,-7.32,-107.30















-,-,-
4.33,-2.32,4.33
3.23,-2.26,3.54
1.83,-2.56,2.62
1.22,-2.20,2.14
1.71,-1.46,1.95
2.32,-0.61,1.77
1.95,-0.43,1.22
0.85,-0.85,0.00
-0.67,-1.71,-0.67
-1.59,-2.38,-1.22
-1.65,-2.56,-1.16
-1.16,-2.44,-1.16
-0.43,-1.89,-0.79
-0.43,-1.34,-0.85
-1.65,-1.71,-1.65
-3.48,-1.83,-2.38
-5.07,-1.71,-2.20
-5.31,-1.22,-1.59
-7.20,-1.28,-1.46
-10.31,-1.95,-2.81
-14.16,-2.56,-4.03
-17.64,-2.81,-4.58
-18.74,-2.38,-4.82
-17.64,-0.85,-5.31
-15.93,1.16,-6.35
-14.34,3.42,-7.45
-14.28,4.58,-8.24
-15.44,4.52,-9.83
-17.27,4.46,-12.27
-20.75,9.95,-18.07
-15.87,5.37,-18.86
-14.77,-1.59,-11.17
-13.00,-0.92,-4.76
-4.09,4.33,-2.87
8.54,10.86,-1.40
18.31,16.05,2.08
25.63,21.24,6.41
35.16,20.94,12.57
44.37,12.94,26.37
47.06,19.17,28.50
65.67,-4.70,33.63
65.49,-19.10,38.33
77.21,-24.41,39.12
92.29,-31.86,41.32
103.82,-38.02,44.92
111.88,-41.08,47.18
115.42,-48.46,44.31
112.85,-53.16,42.11
104.80,-55.97,39.49
99.24,-54.08,40.22
90.27,-50.29,38.88
89.05,-52.06,30.58
88.01,-48.22,34.00
91.98,-30.15,31.80
99.43,-23.68,40.34
100.40,-29.60,49.44
96.62,-31.62,38.82
102.29,-35.46,23.38
98.39,-27.10,19.10
94.54,-4.21,15.26
102.60,-55.91,21.91
91.55,-59.20,12.39
98.39,-67.63,4.94
87.10,-63.48,7.87
87.83,-56.46,10.19
92.59,-55.42,10.07
93.93,-57.62,8.67
91.49,-66.47,8.12
85.45,-74.28,8.91
72.81,-73.73,11.54
60.18,-71.90,20.20
40.34,-62.50,21.24
32.65,-50.11,16.11
25.09,-45.47,22.03
15.32,-41.26,24.17
8.85,-36.13,16.05
-1.71,-25.15,11.78
-10.07,-11.17,13.18
-14.53,-2.26,17.76
-18.86,8.48,11.78
-21.30,24.35,-10.86
-26.92,41.38,-37.72
-31.56,60.67,-60.73
-29.66,80.08,-84.41
-22.40,96.13,-114.07
-15.50,103.15,-143.49
-13.61,98.14,-165.95
-14.28,82.58,-180.85
-15.14,59.57,-188.11
-15.69,34.55,-185.61
-19.04,13.67,-174.80
-27.59,0.79,-158.26
-39.37,-3.72,-140.14
-52.67,-4.27,-121.83
-63.78,-3.48,-104.19
-71.35,-4.03,-88.93
-73.55,-5.07,-76.35
-78.37,-8.06,-66.89
-86.12,-16.72,-63.17
-94.06,-29.24,-63.05
-98.82,-44.31,-61.83
-101.07,-59.57,-56.76
-99.12,-72.14,-46.94
-95.03,-79.22,-31.31
-87.34,-77.21,-9.70
-42.11,-55.18,5.98
-32.10,-34.36,21.61
-34.85,-28.02,36.80
-30.03,-24.54,41.08
-16.85,-23.01,37.54
0.06,-18.19,38.21
10.44,-8.67,43.58
15.50,-5.55,49.99
22.40,-3.66,55.05
25.82,-1.40,58.35
25.39,1.34,62.26
24.90,5.07,70.19
29.24,6.96,77.70
35.58,14.65,70.19
38.39,21.67,74.83
40.53,27.77,79.28
41.08,34.12,89.54
44.98,35.28,97.53
45.59,37.23,104.61
43.03,38.88,117.98
39.37,41.75,121.64
38.94,44.13,125.61
38.27,44.49,125.43
40.53,38.64,125.00
39.98,34.55,135.13
35.83,29.05,131.84
37.54,21.91,121.83
32.23,23.56,119.51
24.54,25.15,119.81
20.02,28.02,117.49
18.55,29.79,124.45
15.08,25.70,127.56
13.79,27.47,123.90
13.37,34.55,124.08
13.61,34.73,123.78
12.15,37.29,118.29
11.60,41.14,103.52
13.37,33.26,92.10
7.63,21.42,91.00
4.46,16.36,93.02
3.85,13.12,91.98
6.53,3.48,90.58
4.27,-2.20,89.11
3.78,-3.42,80.93
5.80,-6.84,79.71
8.79,-17.82,77.33
11.60,-21.30,76.48
15.01,-12.08,75.01
15.14,-9.46,73.61
12.63,-9.46,68.73
11.11,-7.75,65.92
7.57,-8.36,65.67
10.80,-9.52,59.75
19.71,-4.94,49.32
17.82,-5.07,34.30
13.31,-7.93,26.06
10.62,-9.46,16.36
11.84,-9.16,13.73
13.06,-8.85,15.20
14.28,-8.12,15.56
12.82,-7.75,13.00
9.34,-8.97,9.03
4.88,-10.99,5.19
1.89,-13.37,0.92
-0.06,-16.11,-3.11
-0.43,-17.82,-5.86
-0.37,-17.70,-7.81
-0.61,-16.30,-7.57
-1.46,-14.65,-5.68
-0.98,-13.92,-5.98
0.06,-13.43,-6.96
0.61,-14.34,-6.23
1.77,-16.05,2.93
0.24,-13.67,13.06















-,-,-
-2.26,-8.48,-1.10
-1.65,-7.02,-0.49
-0.92,-5.62,-0.06
-0.43,-4.03,0.43
0.43,-2.62,0.92
1.34,-1.34,1.40
1.95,-0.37,1.89
2.08,0.37,2.14
2.08,0.67,2.20
2.20,0.67,2.20
1.77,0.00,2.01
0.85,-0.85,1.65
0.31,-1.89,1.28
-0.12,-2.62,1.22
-0.37,-3.30,1.28
-0.55,-3.72,1.22
-0.73,-3.66,1.34
-0.24,-3.11,1.53
0.43,-2.69,1.59
1.28,-2.14,1.71
1.71,-1.83,1.65
2.01,-1.53,1.53
2.01,-1.40,1.53
2.01,-1.28,1.22
2.14,-1.16,1.16
2.69,-0.73,0.85
3.72,-0.37,0.61
3.60,0.12,0.49
2.75,0.43,0.49
2.75,0.98,0.18
2.62,1.83,0.18
3.05,2.99,0.24
4.70,3.42,0.73
8.36,-1.53,3.72
14.22,-15.81,11.41
18.13,-19.71,17.82
26.67,-18.49,20.57
33.81,-26.73,20.20
34.12,-30.70,18.43
37.78,-39.61,16.17
39.92,-34.42,26.18
42.97,-31.01,32.23
49.87,-39.37,29.60
52.55,-43.95,12.57
62.38,-47.12,6.53
66.53,-51.76,14.04
72.81,-54.26,17.03
83.68,-54.69,24.90
85.39,-54.38,36.87
85.33,-55.91,28.99
89.78,-50.78,26.98
85.82,-48.10,25.45
87.95,-52.49,16.66
92.65,-49.44,13.61
96.56,-40.89,24.29
97.84,-31.62,26.37
102.23,-27.34,24.17
101.81,-27.10,20.94
101.44,-21.91,22.40
95.40,16.97,21.24
99.85,-7.32,22.16
98.02,-9.95,20.14
97.47,-17.15,19.04
93.08,-23.68,15.93
85.33,-24.41,11.96
80.14,-27.16,7.45
74.95,-27.22,19.84
61.83,-20.87,20.81
56.88,-23.68,16.66
41.02,-27.16,16.48
30.52,-34.73,14.53
19.71,-37.48,16.60
10.01,-39.43,17.88
0.55,-35.03,11.11
-6.10,-29.85,6.65
-14.34,-21.55,0.55
-19.65,-10.62,-12.27
-21.30,3.72,-30.21
-22.46,25.45,-52.43
-15.44,49.56,-76.72
-5.37,69.95,-100.28
3.97,82.40,-120.06
7.63,86.85,-133.54
9.52,83.19,-141.72
10.99,73.00,-145.75
10.19,59.39,-147.52
6.16,44.01,-149.90
4.09,26.12,-151.31
2.14,7.93,-149.96
-2.87,-7.26,-145.94
-6.53,-19.96,-141.17
-6.65,-30.15,-135.50
-8.12,-39.79,-127.38
-14.34,-49.01,-116.03
-21.97,-52.98,-100.59
-34.85,-54.02,-82.21
-47.36,-52.92,-67.38
-58.23,-50.23,-57.98
-65.55,-47.61,-52.61
-67.93,-46.69,-48.83
-64.70,-48.83,-45.10
-56.52,-53.22,-36.80
-49.56,-59.63,-21.42
-23.01,-58.53,-4.52
6.10,-39.49,9.95
-16.42,-33.51,34.06
-33.45,-29.85,51.33
-37.54,-24.78,58.41
-31.43,-19.59,61.40
-23.68,-10.56,60.30
-12.94,-5.00,53.96
-4.52,-5.62,36.99
4.03,-5.92,14.04
5.43,-0.06,6.96
1.16,11.47,24.23
3.17,19.71,42.79
10.80,25.27,56.27
17.70,26.12,61.77
21.67,28.75,64.15
24.66,31.68,66.22
25.76,34.79,64.82
29.05,36.07,57.25
29.79,37.78,60.91
28.02,35.46,62.01
29.79,30.09,66.77
31.92,27.04,72.39
34.30,25.76,76.17
36.32,24.60,88.99
37.17,23.01,103.76
37.35,20.69,113.04
36.44,19.90,120.54
34.48,22.46,123.72
34.36,23.38,136.11
27.16,22.22,139.40
23.80,20.87,124.08
20.32,21.48,117.98
11.05,26.12,117.37
7.57,25.70,112.24
7.51,28.44,110.41
6.77,30.88,105.29
5.80,31.01,101.07
5.62,31.86,100.04
3.48,35.28,102.36
2.99,37.41,102.29
1.40,39.86,96.31
2.87,36.62,87.34
2.01,35.83,75.50
3.85,33.20,68.91
3.72,29.05,72.20
-2.01,22.46,82.28
-8.30,10.80,82.09
-6.90,-2.32,80.75
-6.96,-4.94,84.66
-7.57,-8.06,81.05
-5.92,-9.58,70.62
-4.33,-8.36,66.28
-8.67,-7.20,61.40
-5.43,-10.07,57.01
-3.72,-10.74,52.92
1.28,-12.02,48.52
3.11,-8.48,39.61
4.94,-15.20,42.60
1.10,-21.36,38.70
10.25,-21.00,24.05
11.47,-18.62,14.22
3.72,-20.51,10.13
8.54,-18.25,6.96
12.39,-15.14,8.36
9.64,-12.51,10.01
10.07,-9.16,8.73
7.08,-7.14,7.39
5.62,-5.74,5.55
3.78,-4.33,3.42
2.62,-2.99,1.04
1.46,-1.28,-0.73
-0.06,0.73,-1.59
-1.04,2.81,-0.73
-2.87,6.53,1.40
-5.07,11.35,1.10















-,-,-
30.52,-22.16,4.27
35.22,-20.57,-1.77
32.96,-15.50,0.24
32.29,-15.20,1.10
33.45,-15.99,0.06
32.41,-12.27,-4.21
32.84,-13.24,-3.72
30.21,-14.89,-2.32
31.37,-14.71,-2.32
29.72,-12.51,-5.74
31.13,-14.40,-3.48
28.56,-16.42,0.55
30.94,-15.20,-1.71
24.72,21.30,-2.38
16.11,36.56,-0.61
26.12,-21.36,7.32
19.29,-18.74,7.14
28.20,-11.35,-2.26
23.80,-13.79,-2.38
23.80,-24.41,0.79
21.91,-18.62,0.06
26.06,-18.62,-3.60
23.25,-24.11,-1.71
25.94,-28.99,-2.26
23.07,-28.38,-2.87
21.24,-24.72,-5.55
19.59,-21.36,-8.42
22.40,-27.95,-4.70
26.55,-29.79,1.59
26.25,-19.59,4.15
30.03,-19.96,0.79
30.15,-21.55,1.65
35.89,-28.87,6.77
35.95,-30.15,7.32
39.86,-35.40,5.49
39.18,-38.76,8.61
40.89,-41.93,11.17
40.95,-42.05,9.16
42.48,-38.70,1.40
41.56,-36.19,8.42
40.10,-41.32,13.24
40.41,-41.08,6.23
40.59,-38.15,-1.40
38.76,-38.21,-0.43
37.78,-39.12,2.56
34.42,-32.47,4.64
29.17,-29.72,6.53
23.68,-30.09,5.25
19.29,-27.83,3.48
11.11,-26.73,2.99
6.77,-33.45,0.61
2.62,-36.13,0.43
-4.21,-29.54,-1.77
-8.61,-25.09,-2.08
-14.22,-18.07,-4.15
-16.42,-6.29,-20.81
-13.37,12.33,-45.17
-13.43,34.73,-66.16
-12.88,53.34,-86.91
-4.76,67.87,-108.58
5.68,82.58,-127.87
11.60,94.24,-138.43
9.58,99.79,-137.94
0.92,99.91,-129.09
-4.70,96.25,-118.29
-5.80,89.42,-108.28
-12.76,78.31,-99.79
-18.80,63.78,-93.38
-24.60,49.32,-89.48
-28.20,36.74,-87.77
-30.88,24.23,-87.16
-31.92,9.46,-85.14
-30.27,-6.41,-78.61
-28.69,-19.90,-67.02
-29.24,-28.08,-53.41
-33.81,-30.58,-40.89
-39.49,-28.56,-31.43
-39.67,-22.71,-27.89
-34.12,-13.49,-31.86
-25.70,-2.62,-41.20
-30.52,2.81,-48.77
-33.81,3.85,-56.46
-30.64,-0.37,-63.29
-26.79,-9.89,-63.78
-23.56,-15.14,-57.37
-23.50,-17.94,-43.76
-23.13,-20.57,-23.44
-24.05,-22.71,-2.08
-20.57,-24.84,17.03
-16.97,-25.02,33.45
-12.21,-24.35,46.39
-6.41,-23.32,56.27
-5.13,-22.09,63.17
-6.04,-20.26,66.22
-5.13,-15.32,64.58
-4.52,-4.64,57.92
3.11,-0.12,46.75
9.89,-0.06,30.88
12.08,5.62,15.56
10.86,13.73,14.77
6.59,18.98,29.85
7.63,17.70,50.84
10.99,18.37,61.46
19.78,14.77,67.57
22.16,13.49,72.27
19.65,20.69,76.84
25.51,17.46,79.59
27.22,14.65,83.37
30.76,13.49,83.62
39.67,5.55,87.59
39.00,8.18,95.89
38.76,10.31,100.59
39.79,5.68,106.26
35.10,3.54,109.56
27.16,7.69,115.54
25.76,7.14,120.18
27.71,-1.95,126.89
20.75,2.87,135.86
19.53,10.07,120.36
15.75,18.07,121.58
11.54,12.08,132.32
7.45,10.86,132.51
7.93,20.51,126.04
6.23,21.00,121.28
1.89,14.77,117.00
-2.26,22.28,106.38
-3.30,27.53,105.53
-2.69,26.86,104.43
0.43,23.32,108.76
1.46,21.12,104.92
5.55,21.67,100.22
5.07,17.88,100.77
5.00,10.07,97.47
6.84,9.40,94.97
5.13,8.91,79.83
7.63,5.37,70.62
5.55,0.12,65.31
5.07,-1.46,58.53
5.92,1.46,47.49
6.65,0.06,43.70
6.10,-5.07,42.11
5.43,-6.47,32.65
6.23,-9.22,23.19
7.81,-10.99,20.14
8.79,-12.15,21.73
7.69,-15.69,20.32
5.37,-17.70,17.46
4.27,-22.16,13.12
3.66,-27.10,5.55
2.69,-32.59,-1.46
0.55,-35.34,-8.61
-0.31,-35.28,-14.34
-3.78,-34.48,-15.26
-4.88,-33.26,-15.56
-3.85,-30.09,-19.04
-2.08,-27.16,-22.34
-2.32,-21.36,-22.16
-3.60,-11.90,-21.24
-6.41,-1.95,-22.52
-11.35,7.26,-26.18
-16.54,15.26,-31.80
-20.14,21.00,-39.37
-19.71,23.99,-48.16
-16.42,25.82,-54.87
-17.09,22.83,-60.73
-19.47,17.15,-66.71
-22.22,11.54,-71.47
-24.78,5.86,-74.77
-26.79,0.31,-78.06
-27.53,-3.11,-80.93
-26.37,-4.15,-81.79
-23.07,-2.93,-79.28
-18.37,-0.85,-73.73
-14.59,0.61,-67.81
-13.31,-0.24,-64.15
-14.16,-2.32,-65.61
-16.48,-4.33,-71.84
-18.37,-5.55,-80.81
-20.14,-6.29,-90.52















-,-,-
-0.49,-3.97,0.18
-0.67,-4.09,-0.43
-0.98,-3.97,-0.31
0.49,-3.42,-0.18
1.22,-2.87,-0.18
1.04,-2.38,0.24
1.71,-2.08,0.85
2.01,-1.89,0.98
1.65,-2.01,0.73
0.92,-2.32,0.43
0.37,-2.56,0.06
0.43,-2.81,-0.06
0.06,-2.99,-0.24
0.06,-3.11,-0.37
0.31,-3.30,-0.31
0.24,-3.36,0.00
0.43,-3.30,0.06
0.43,-3.17,0.12
0.06,-3.17,0.06
-0.31,-3.23,0.06
-0.92,-3.30,-0.06
-1.40,-3.17,0.00
-0.37,-2.87,0.06
-0.79,-2.87,0.73
-0.61,-2.75,1.10
0.12,-2.69,0.92
0.43,-2.62,0.73
0.92,-2.56,0.79
0.85,-2.44,0.73
0.43,-2.32,0.67
0.31,-2.14,0.49
0.61,-1.89,0.61
0.98,-1.46,0.49
1.83,-1.10,0.12
2.26,-1.10,0.00
2.38,-0.85,-0.24
2.93,-0.61,-0.61
4.82,-0.79,-0.98
6.35,-0.43,-0.73
7.63,0.37,0.49
10.31,1.04,2.69
15.26,0.73,7.14
20.45,-2.56,15.26
25.15,-9.46,21.73
29.97,-13.85,24.17
35.95,-11.90,20.57
44.92,-17.27,21.67
47.73,-19.23,23.38
56.40,-21.79,30.52
58.78,-19.96,35.52
62.74,-22.34,32.35
64.58,-24.35,28.99
67.26,-28.14,28.56
71.11,-30.64,32.04
74.04,-29.17,34.79
79.22,-30.03,34.30
79.71,-34.55,29.17
81.36,-39.49,26.61
77.09,-36.68,27.59
77.70,-37.41,27.40
75.87,-34.48,26.18
76.84,-29.30,23.93
77.15,-25.33,26.92
77.58,-24.84,25.76
77.45,-22.28,11.96
84.78,-27.89,7.20
80.63,-21.91,13.37
82.58,-16.91,10.13
84.29,-16.60,13.12
82.95,-17.09,20.63
82.58,-12.33,21.30
81.42,-15.44,19.41
77.58,-6.47,1.71
68.79,8.36,-5.68
85.02,-43.64,11.23
71.41,-39.31,8.30
87.34,-45.65,-0.92
78.19,-57.62,4.88
69.34,-53.89,5.92
68.12,-52.37,4.70
67.93,-53.10,5.55
58.17,-46.88,2.75
53.53,-49.26,3.48
42.11,-51.27,11.60
29.97,-38.64,6.41
25.57,-33.63,3.30
12.15,-24.35,6.04
7.14,-20.39,10.68
0.31,-11.96,17.70
-5.31,1.65,19.17
-8.36,10.80,20.02
-19.59,19.71,7.39
-23.01,27.16,-24.05
-22.16,31.80,-56.70
-22.77,35.28,-86.36
-17.88,37.90,-113.34
-11.17,39.06,-134.64
-4.76,37.84,-148.50
-4.03,34.48,-155.88
-6.90,30.64,-158.45
-9.09,27.28,-156.07
-13.43,24.54,-149.72
-21.00,22.28,-141.17
-32.78,18.01,-132.75
-44.19,11.78,-126.34
-50.78,3.42,-118.90
-54.93,-9.16,-108.03
-63.90,-22.28,-93.93
-65.80,-34.30,-78.86
-68.66,-47.97,-67.87
-75.93,-60.73,-61.52
-68.54,-69.27,-57.86
-16.24,-57.19,-60.42
-21.36,-40.71,-51.15
-44.80,-28.63,-34.55
-56.03,-23.86,-18.92
-57.62,-26.67,-9.40
-50.66,-34.97,-2.26
-40.65,-42.60,5.31
-34.30,-45.84,14.77
-31.25,-42.36,25.02
-27.28,-33.02,34.61
-23.62,-18.01,41.44
-18.98,-5.98,47.18
-14.89,4.33,46.45
-3.97,9.16,37.29
8.97,10.13,28.02
14.53,11.17,26.98
14.04,15.69,27.95
19.47,17.27,38.70
20.51,20.20,44.43
22.16,23.74,49.07
26.98,21.85,63.72
25.82,23.25,70.74
22.34,29.60,74.52
21.79,34.12,81.60
25.82,20.94,87.40
20.87,16.97,87.34
17.70,23.74,85.02
16.78,31.92,79.83
17.82,32.41,80.63
17.76,28.63,79.59
18.31,27.89,70.86
18.07,31.80,69.15
16.78,35.16,62.13
18.80,35.03,57.13
13.61,34.18,57.50
9.77,30.21,54.02
5.49,30.21,47.97
8.85,27.28,47.97
7.93,27.47,52.80
8.36,26.37,45.72
7.02,26.98,32.78
2.93,27.28,30.15
-1.04,27.65,32.17
-1.40,28.14,37.66
0.73,25.15,40.89
0.12,22.77,37.96
-0.24,22.77,34.85
-0.98,22.77,34.79
0.37,10.86,39.61
-1.53,9.34,41.81
0.73,4.58,40.89
-0.43,5.13,33.33
-0.85,5.31,33.20
-5.86,5.55,37.84
-5.13,-2.08,41.02
-5.25,-0.43,43.58
-3.60,8.06,43.46
-3.30,12.02,42.85
-4.88,12.15,39.79
-6.10,8.00,36.74
-9.52,7.02,34.79
-7.57,6.41,32.90
-8.18,5.00,29.91
-9.34,10.01,24.66
-7.51,13.00,31.62
-9.16,5.92,47.06
-7.51,-1.89,44.13















-,-,-
1.46,-0.85,3.54
1.83,0.18,2.69
2.26,0.98,2.38
2.20,0.98,2.50
2.56,1.40,2.87
2.69,1.89,3.60
2.87,1.77,3.97
2.81,1.59,3.85
2.75,1.59,3.36
2.81,1.28,2.69
2.38,0.92,1.77
1.77,0.67,1.34
1.22,0.73,1.34
1.04,0.85,1.77
1.10,0.79,2.14
1.34,0.85,1.89
1.34,0.43,1.16
1.34,-0.24,0.67
1.34,-0.43,0.31
0.98,-0.37,0.37
0.92,0.31,0.43
0.73,0.92,0.67
0.61,0.98,0.85
0.37,0.49,1.46
0.18,-0.12,1.65
0.31,-0.55,2.20
-0.12,-1.10,2.87
-1.34,-1.28,3.72
-2.32,-1.34,4.70
-3.42,-2.32,5.92
-3.66,-4.21,8.12
-2.75,-7.45,12.27
-3.78,-15.01,17.46
-4.70,-26.00,22.16
-6.29,-38.94,29.54
-11.84,-52.00,37.17
-11.90,-47.36,13.61
2.26,-32.23,-6.10
13.24,-24.78,-1.22
18.68,-19.84,15.56
36.07,-18.31,28.26
58.90,-11.66,28.75
85.33,-10.07,34.85
114.14,-28.02,49.19
142.64,-43.40,65.12
163.39,-55.24,71.41
180.60,-77.21,76.48
190.92,-90.70,77.39
197.14,-99.43,79.53
194.95,-102.72,70.62
184.69,-102.78,64.39
168.27,-91.37,61.28
145.51,-65.61,52.43
123.05,-38.64,43.52
100.34,-27.53,32.04
86.12,-1.40,26.31
70.74,19.59,36.07
53.22,23.80,34.12
35.58,21.42,12.88
25.94,32.35,2.75
15.01,25.70,6.65
9.52,23.99,4.76
0.12,27.40,1.59
-8.61,21.91,-0.61
-14.16,15.38,-2.08
-15.26,15.75,-3.36
-15.99,23.25,-3.97
-16.85,38.82,-11.05
-21.12,53.47,-27.04
-25.94,58.78,-42.24
-28.75,60.73,-49.93
-31.74,61.40,-57.68
-35.64,61.52,-72.27
-40.65,61.40,-94.24
-45.96,59.57,-120.91
-48.58,54.02,-145.26
-51.03,45.72,-161.19
-54.26,37.29,-163.09
-58.59,26.92,-150.45
-66.35,13.98,-131.35
-78.67,-1.04,-115.72
-88.32,-16.78,-103.03
-94.48,-29.91,-91.43
-96.31,-36.87,-80.93
-93.81,-36.56,-70.25
-89.78,-31.98,-58.53
-82.95,-28.32,-48.16
-75.07,-27.16,-38.76
-70.62,-30.64,-32.53
-67.69,-38.09,-31.07
-64.82,-47.00,-32.47
-63.54,-54.69,-34.30
-66.16,-60.00,-32.47
-66.35,-62.87,-24.35
-58.29,-61.46,-9.22
-48.71,-58.17,10.38
-42.42,-52.92,30.09
-40.16,-45.78,44.13
-45.47,-34.06,28.14
-6.77,-29.72,-5.62
21.79,-31.56,3.91
3.78,-26.49,17.82
-1.10,-20.32,18.80
8.18,-16.78,11.17
11.84,-13.18,8.18
11.47,-9.22,8.18
12.27,-6.16,8.42
11.60,-4.88,7.93
10.01,-5.43,9.34
19.59,-4.09,20.26
40.41,-0.37,39.67
51.82,4.82,55.60
59.33,12.82,67.50
63.11,22.52,74.40
66.65,31.31,80.08
74.22,38.09,92.29
84.29,47.49,103.76
107.91,54.08,122.56
115.23,55.85,147.64
113.34,53.16,161.50
126.04,40.41,176.70
121.77,36.19,193.05
111.94,43.64,205.32
96.86,59.63,211.67
85.75,61.58,210.08
74.34,53.16,201.23
59.75,43.82,193.54
48.34,44.43,184.88
39.61,38.02,187.01
29.60,36.93,185.30
20.14,34.18,169.37
12.88,35.03,146.30
4.64,30.21,117.80
3.36,23.93,105.16
-1.22,11.66,99.91
-1.95,5.43,88.44
1.59,3.91,82.15
0.55,5.62,77.21
1.28,9.77,67.93
0.61,10.68,64.51
-1.77,8.24,55.73
-2.99,3.78,37.96
-0.79,1.40,30.58
0.00,-0.49,22.40
0.00,-2.38,11.11
3.05,-3.05,2.26
5.92,-2.20,2.50
5.92,-1.22,4.58
4.58,0.18,5.13
3.54,1.34,4.39
1.40,1.83,3.60
0.12,2.20,2.38
-0.06,3.05,0.98
-0.06,4.21,0.18
0.00,5.31,-0.24
0.24,6.16,-0.79
0.61,6.77,-1.71
0.00,6.84,-2.01
-0.55,6.65,-2.69
-1.40,6.23,-3.11
-2.44,4.94,-3.11
-3.05,3.97,-3.36
-2.75,3.23,-3.42
-2.56,2.62,-3.30
-2.32,2.08,-3.23
-1.40,1.28,-3.42
-0.92,0.61,-2.87
-0.18,0.61,-2.08
0.55,0.73,-1.65
0.98,0.43,-1.28
1.28,0.37,-0.73
1.16,0.31,-0.24
1.16,0.43,0.24
0.79,0.31,0.06
0.24,0.12,-0.55
-0.61,-0.06,-1.10
-1.10,0.00,-1.71
-0.73,0.31,-1.71
-0.18,1.04,-1.34
0.18,1.83,-0.79
















-,-,-
2.01,-1.40,0.98
1.95,-1.22,0.92
2.08,-1.04,1.04
2.01,-1.04,0.92
1.77,-0.85,0.85
1.59,-0.85,0.85
1.46,-0.98,0.85
1.53,-0.92,0.79
1.40,-0.92,0.92
1.28,-0.92,1.16
1.53,-0.79,1.28
1.59,-0.79,0.98
1.71,-0.67,1.10
2.01,-0.24,1.40
2.20,0.00,1.71
2.08,0.18,2.08
1.95,-0.06,2.01
1.71,-0.31,1.34
1.22,-0.55,1.04
0.98,-0.43,1.28
1.16,-0.24,1.34
1.34,0.06,1.46
1.46,0.55,1.65
1.71,1.10,1.83
2.14,1.65,1.89
2.93,2.14,1.83
3.17,2.08,1.34
3.17,2.01,1.16
2.75,1.95,1.40
2.44,1.89,1.59
2.38,1.83,1.71
2.20,1.71,1.65
2.38,1.46,1.46
2.38,1.10,1.34
2.38,1.22,1.34
2.56,1.53,1.46
2.62,1.46,1.77
2.50,1.53,1.89
2.56,1.65,1.95
2.75,1.53,1.95
2.32,1.16,1.71
1.95,0.67,1.34
1.59,0.18,1.10
1.46,0.00,0.73
1.59,0.00,0.61
1.77,-0.18,0.37
1.77,-0.31,0.37
1.95,-0.18,0.73
1.95,-0.06,0.92
1.89,-0.12,0.98
1.89,0.00,1.10
2.08,0.12,1.28
1.95,0.24,1.28
1.59,0.37,1.28
1.40,0.24,0.98
1.22,-0.06,0.92
1.22,-0.12,0.85
1.28,-0.37,0.92
1.53,-0.55,0.79
1.65,-0.79,1.04
2.26,-1.28,1.40
3.17,-2.14,1.77
4.39,-3.48,1.65
4.88,-5.74,1.89
4.88,-7.51,2.08
4.88,-9.34,2.14
4.64,-11.11,2.26
4.27,-12.39,2.32
3.78,-13.12,2.26
3.23,-13.00,1.89
3.23,-11.90,1.22
4.33,-9.46,0.24
7.45,-5.25,-0.67
15.20,-0.37,-0.43
26.61,6.35,2.44
43.15,11.35,10.01
65.80,-0.49,26.00
84.59,-2.38,37.90
102.48,-6.41,44.37
118.53,-15.56,45.04
129.64,-21.79,50.23
136.17,-31.62,52.12
134.52,-35.10,52.00
129.46,-36.62,47.18
124.57,-35.58,40.34
121.03,-34.67,39.92
116.27,-32.84,39.31
114.44,-34.85,36.56
110.66,-32.78,28.38
109.19,-35.83,23.99
104.80,-39.61,17.70
96.80,-33.57,5.37
96.86,-41.20,2.75
96.92,-44.25,9.16
92.16,-35.95,13.43
92.59,-38.76,10.19
85.39,-33.02,4.94
83.98,-33.69,0.92
76.05,-31.25,-5.37
65.98,-33.33,-1.34
52.98,-29.72,9.64
35.16,-22.52,8.36
16.11,4.09,9.70
1.22,15.01,6.16
-13.06,18.55,2.44
-19.78,10.01,0.73
-27.83,2.32,-0.92
-34.55,1.89,-2.01
-44.37,14.53,-8.36
-57.80,43.58,-29.54
-70.80,65.19,-57.98
-84.66,86.85,-96.62
-89.11,102.54,-123.60
-91.98,106.57,-133.24
-91.92,106.32,-142.27
-86.36,92.10,-158.02
-80.57,64.51,-178.71
-76.29,37.96,-201.35
-77.27,21.55,-216.67
-82.40,13.24,-218.93
-88.62,9.09,-207.64
-96.62,5.86,-184.88
-100.16,0.06,-152.83
-96.68,-13.37,-115.60
-88.56,-35.16,-80.38
-90.70,-57.31,-49.32
-99.24,-74.95,-22.40
-105.35,-86.00,0.61
-107.79,-87.83,23.38
-106.99,-81.24,41.99
-79.47,-55.97,-11.60
-3.97,-31.01,-45.41
-2.01,-16.17,-36.13
-6.90,-13.37,7.20
-5.13,-9.77,29.11
6.65,-11.35,26.00
11.23,-13.49,15.63
13.98,-13.98,12.94
24.54,-13.61,17.33
35.77,-11.35,28.44
34.36,-6.23,38.70
35.77,-1.22,47.79
47.97,0.24,61.22
62.26,7.39,87.40
71.41,12.70,109.92
76.35,20.69,126.83
78.74,29.79,137.94
87.28,27.65,152.83
80.26,35.40,170.72
73.67,40.34,175.54
73.85,34.55,177.12
76.35,34.42,188.35
79.35,40.16,190.43
77.03,41.87,191.59
83.13,36.44,193.79
64.33,38.09,187.50
54.50,33.57,178.59
47.73,33.69,170.84
39.98,28.02,168.46
30.40,21.00,154.72
25.57,16.30,144.65
19.71,6.90,133.61
18.13,6.10,133.67
14.34,1.77,130.74
11.05,4.70,123.29
9.58,5.25,110.35
8.42,3.48,98.69
8.73,0.24,96.25
4.58,6.84,83.50
6.47,2.38,79.16
1.77,-6.10,77.51
3.30,-8.36,72.33
2.81,-10.31,64.88
3.17,-8.00,59.75
0.24,-6.16,52.55
-4.21,-12.76,37.96
-0.12,-12.51,29.36
-2.44,-9.89,13.24
-0.12,-4.70,0.12
0.24,-1.46,-0.37
















-,-,-
1.59,0.24,0.67
1.83,-0.24,0.24
1.28,-0.55,-0.12
1.16,-1.10,0.00
1.16,-1.53,-0.18
0.79,-1.95,-0.06
0.67,-2.38,0.06
0.67,-2.26,0.06
0.73,-2.44,0.12
0.73,-2.08,0.49
0.92,-1.46,0.85
1.04,-0.85,1.28
1.16,-0.37,1.40
1.59,0.24,1.65
1.95,0.85,1.83
2.08,1.16,2.14
2.38,1.34,2.32
2.56,1.46,2.20
2.87,1.40,2.14
2.69,0.98,2.08
2.69,0.55,2.08
3.05,0.31,2.08
3.23,0.31,2.26
3.78,0.55,2.44
4.03,1.04,2.75
4.58,1.46,3.11
5.13,2.08,3.36
6.16,2.75,3.54
7.39,3.30,3.78
9.09,3.60,3.85
9.83,3.78,4.21
10.31,4.03,4.46
11.23,5.13,5.19
12.57,6.65,6.04
14.16,8.00,7.20
15.87,9.40,8.18
18.19,10.62,9.22
21.73,12.33,10.74
26.12,14.47,12.94
31.13,9.16,16.05
42.30,-22.83,18.98
40.65,-19.41,13.98
47.73,-21.61,14.04
46.57,-27.40,11.35
50.66,-34.48,5.49
56.09,-37.60,4.27
58.17,-30.70,8.18
62.26,-29.54,7.45
66.77,-27.95,0.49
73.18,-23.07,1.28
80.08,-19.84,9.46
86.24,-15.32,18.37
88.32,-11.05,15.26
89.42,-6.90,12.70
88.62,-6.53,10.19
89.36,-6.41,12.02
86.67,-4.76,9.09
87.28,-5.55,7.39
84.59,-5.31,9.16
82.95,-2.20,8.54
83.86,-4.64,1.10
90.64,-11.35,2.75
89.48,-13.79,2.44
90.76,-11.96,3.66
88.68,-17.64,3.60
84.17,-17.88,-4.88
83.07,-19.96,-6.35
79.22,-23.07,-8.79
73.73,-22.83,-6.53
67.38,-27.22,-5.49
57.56,-22.03,-4.52
55.42,-22.03,-0.92
54.99,-17.88,-2.99
59.27,-18.92,-0.61
52.80,-15.69,-1.10
45.90,-14.77,-0.85
31.25,-7.69,1.28
18.13,-1.28,-0.61
2.38,17.15,1.71
-4.15,15.38,2.69
-9.28,8.54,0.85
-14.47,4.33,-2.32
-22.83,2.26,-9.58
-33.81,4.21,-18.19
-53.04,21.97,-36.56
-59.33,33.75,-55.91
-57.92,35.77,-67.63
-54.44,36.80,-76.72
-47.36,36.80,-85.57
-40.95,34.73,-96.44
-36.62,32.35,-110.72
-32.71,30.88,-126.59
-27.95,28.50,-140.20
-21.85,24.96,-149.54
-17.03,23.01,-155.70
-19.10,21.73,-160.03
-26.67,19.35,-161.19
-33.26,14.71,-157.78
-39.67,7.69,-150.09
-48.22,0.06,-138.00
-60.18,-7.02,-124.88
-73.97,-15.01,-112.67
-83.07,-23.32,-101.32
-87.59,-29.11,-89.72
-94.42,-33.57,-77.03
-103.09,-34.73,-61.77
-111.39,-32.17,-47.61
-117.31,-29.05,-36.87
-121.28,-26.25,-30.70
-122.50,-23.62,-28.02
-121.52,-22.09,-26.98
-126.77,-21.67,-27.10
-133.24,-23.86,-27.77
-129.82,-28.93,-23.62
-119.69,-33.75,-15.75
-101.99,-29.05,-9.40
-54.38,-9.83,-41.75
-32.90,-4.58,-52.55
-35.10,-2.20,-33.81
-30.88,0.73,-2.32
-16.54,6.16,12.57
-4.46,10.50,10.99
9.89,10.86,6.53
15.75,9.16,4.27
17.15,6.84,4.15
26.98,5.92,11.29
38.27,4.09,21.30
59.33,5.98,36.50
67.75,9.89,49.80
95.28,14.53,71.04
108.64,14.22,89.11
113.34,18.37,102.23
115.05,27.59,121.83
107.06,24.78,134.09
102.60,17.58,152.95
97.47,13.31,156.56
91.67,10.86,163.33
90.21,0.43,162.66
88.13,0.67,164.73
89.48,3.78,170.35
87.16,-4.21,179.93
82.28,-0.24,179.44
78.12,10.25,187.99
73.73,12.15,183.29
58.96,31.86,173.28
50.72,34.85,161.68
45.72,26.06,144.04
43.15,27.10,128.54
39.92,24.72,126.83
37.05,25.45,127.56
32.78,31.62,126.04
30.58,24.66,123.35
29.11,26.31,117.25
27.40,22.52,112.73
24.48,16.66,107.54
23.56,9.46,107.67
18.68,5.68,103.52
15.01,-6.35,102.91
13.12,-12.45,100.83
14.77,-8.79,93.75
19.23,-1.16,85.21
18.37,-3.48,72.69
19.53,-2.38,66.71
16.36,2.14,56.64
19.71,-2.87,58.96
12.39,-6.10,55.79
11.78,-9.34,51.33
10.07,-15.20,43.70
4.33,-12.02,22.03
5.62,-11.54,-1.16
3.97,-11.72,-10.44
2.14,-14.10,-8.79
0.85,-16.11,-6.77
0.43,-17.82,-6.16
0.00,-19.17,-5.98
0.55,-20.08,-5.98
0.92,-21.12,-5.86
0.98,-22.22,-5.62
-0.18,-23.32,-5.43
-1.77,-24.29,-5.43
















-,-,-
1.77,-0.49,0.67
1.46,-0.79,0.61
1.53,-0.61,0.55
1.53,-0.49,0.98
1.71,-0.12,1.34
1.71,0.18,1.59
1.83,0.31,1.77
1.77,0.31,1.83
1.77,0.18,1.71
1.53,-0.12,1.46
1.28,-0.61,0.98
1.10,-0.92,0.55
1.28,-0.79,0.67
1.65,-0.73,0.92
1.83,-0.49,1.22
2.08,-0.67,1.40
2.32,-0.79,1.40
2.20,-0.92,1.59
2.20,-1.04,1.53
2.26,-0.98,1.71
2.14,-0.73,1.89
2.50,-0.24,2.08
2.81,0.18,2.20
3.23,1.10,2.26
3.36,1.83,2.26
3.60,2.38,2.26
3.66,2.62,2.26
3.91,2.50,2.01
4.09,2.26,2.08
4.27,2.01,2.38
4.46,1.71,2.38
4.52,1.34,2.14
4.27,1.28,2.01
4.58,1.22,2.08
5.13,1.53,2.14
5.98,2.01,2.69
8.12,1.83,3.60
13.18,-5.31,7.45
26.98,-32.35,19.53
33.39,-46.51,27.28
31.86,-37.29,17.46
39.73,-44.92,14.16
41.32,-44.80,17.40
43.82,-33.14,22.28
47.67,-24.17,19.78
50.54,-27.59,13.73
51.88,-27.47,14.16
56.58,-28.69,21.36
58.59,-23.44,26.12
65.43,-29.48,25.88
71.29,-31.13,28.99
77.27,-33.39,34.91
83.86,-32.84,41.63
87.46,-27.95,45.96
90.82,-35.52,42.48
95.03,-44.56,42.60
92.35,-42.36,38.57
94.18,-34.91,36.32
95.76,-36.50,39.79
94.91,-34.97,35.89
92.83,-29.30,37.66
88.62,-27.22,38.09
82.58,-29.72,37.66
72.33,-25.21,29.30
65.12,-19.84,24.05
57.07,-16.91,21.48
48.10,-13.43,19.47
39.49,-6.90,14.65
33.94,-0.31,14.04
28.81,2.38,10.62
22.22,14.83,13.67
15.99,14.65,13.67
4.09,24.17,7.69
-3.17,21.00,2.01
-9.09,11.84,0.43
-12.51,4.88,-0.06
-14.40,-0.18,-1.10
-15.63,-3.66,-3.11
-17.82,-5.55,-3.97
-21.18,-3.72,-3.48
-23.50,-0.85,-3.97
-24.84,7.02,-4.58
-28.38,25.21,-6.53
-33.45,56.76,-10.99
-35.52,80.02,-23.19
-32.65,93.08,-42.42
-26.06,97.66,-62.07
-13.73,94.36,-79.83
0.79,84.59,-93.99
13.31,68.30,-105.16
21.48,47.67,-115.30
19.90,29.60,-124.33
14.34,18.25,-128.66
6.16,14.77,-126.28
-1.34,17.40,-117.19
-6.84,23.25,-102.84
-10.44,29.36,-86.30
-14.53,34.48,-72.20
-22.64,37.84,-65.00
-30.40,36.25,-64.03
-37.35,28.75,-66.89
-45.59,18.31,-70.56
-52.49,9.09,-72.14
-58.96,3.97,-69.95
-64.58,2.01,-65.31
-69.64,2.81,-60.49
-72.14,4.09,-58.11
-72.33,3.66,-59.14
-70.25,1.59,-63.23
-66.77,-0.79,-68.36
-62.07,-3.05,-71.11
-58.17,-4.82,-69.58
-53.89,-6.41,-63.60
-49.62,-8.73,-55.11
-46.39,-12.27,-47.73
-42.30,-17.15,-43.15
-41.26,-22.77,-41.44
-41.44,-27.34,-40.83
-40.04,-30.88,-36.87
-37.54,-34.91,-26.92
-33.63,-36.68,-13.67
-26.61,-35.64,0.49
-20.75,-30.70,11.78
-19.29,-20.08,11.84
4.15,-9.34,-0.12
20.69,-5.86,5.13
13.18,-4.46,15.56
10.68,-2.93,18.43
11.11,-1.53,14.47
11.05,-0.79,10.01
6.53,-0.06,8.54
-0.06,0.06,11.96
-4.76,0.00,14.53
-0.49,0.24,21.91
12.88,3.11,37.41
26.37,7.57,54.44
31.37,10.99,63.84
40.28,15.69,73.85
46.14,21.67,89.11
48.71,24.60,99.24
45.23,32.96,108.58
49.01,36.01,124.88
46.63,35.22,137.08
42.30,39.43,145.20
44.98,40.53,160.89
46.14,39.18,174.32
45.59,44.62,183.59
39.98,42.54,186.89
34.55,42.05,183.41
29.17,39.73,174.56
24.96,38.82,169.80
26.92,30.33,167.42
21.91,19.29,162.90
19.90,12.94,155.21
22.83,10.86,143.86
22.58,5.92,136.05
16.72,3.23,127.69
10.44,3.11,116.03
12.02,7.02,108.28
9.95,3.72,104.37
9.95,-8.91,106.75
1.71,-18.37,102.42
0.00,-11.90,87.77
6.96,-13.18,81.73
1.10,-15.93,77.82
-2.38,-18.92,70.86
-0.43,-24.41,67.50
1.40,-19.84,66.04
3.66,-12.63,64.51
4.03,-15.56,60.06
1.95,-11.84,49.93
5.62,-9.89,45.96
1.46,-15.63,43.27
-3.36,-13.55,28.50
0.61,-10.62,15.93
2.14,-6.41,15.81
2.44,-2.26,8.48
4.46,0.55,-0.12
4.88,2.38,-1.28
4.39,2.99,-0.37
















-,-,-
1.10,0.55,1.10
1.40,0.37,0.79
1.40,0.00,0.61
1.34,-0.06,0.37
1.28,-0.18,0.06
0.85,-0.37,0.00
0.67,-0.55,-0.18
0.55,-0.61,0.18
0.98,-0.61,0.49
1.16,-0.79,0.43
1.22,-1.04,0.43
1.46,-1.22,0.61
1.65,-1.28,0.67
2.01,-1.28,0.67
2.14,-1.28,0.55
2.08,-1.34,0.73
1.46,-1.40,0.92
0.79,-1.59,1.04
0.31,-1.89,0.61
-0.37,-2.32,0.49
-0.92,-2.20,0.49
-0.79,-1.77,0.55
-0.18,-1.16,0.73
0.49,-0.37,0.79
0.61,0.49,0.61
-1.53,1.22,0.61
1.34,1.95,1.04
2.44,2.62,0.31
2.26,2.93,-0.31
1.59,2.99,-0.18
1.77,3.54,-0.61
2.20,4.03,-0.67
1.65,4.64,-0.61
1.40,5.43,-0.73
1.34,6.23,-0.79
1.46,7.08,-0.79
0.85,8.06,-0.92
-0.67,8.42,-0.37
2.99,3.66,2.87
17.76,-32.23,15.63
20.87,-47.36,19.84
21.06,-42.24,18.19
17.70,-29.05,3.97
23.80,-30.94,2.50
25.09,-30.03,7.81
29.05,-22.52,6.53
33.14,-20.14,7.20
32.10,-16.66,3.30
32.10,-9.89,1.71
40.22,-14.47,8.91
41.38,-8.97,12.51
50.60,-14.40,13.85
51.15,-8.97,16.36
54.87,-9.40,15.63
54.63,-7.45,13.49
53.22,-4.21,8.79
53.47,0.37,10.80
54.20,-0.18,10.31
58.23,-3.48,7.32
57.01,2.26,9.70
59.33,1.65,10.19
59.69,5.31,11.90
62.13,4.03,19.65
66.71,-1.28,19.17
67.02,2.93,22.34
69.46,4.82,26.31
63.72,5.37,22.28
61.22,-1.34,17.82
55.66,1.28,13.24
52.92,0.67,10.80
54.81,-5.43,12.27
50.29,3.17,14.77
48.89,8.97,14.10
48.77,2.01,13.79
44.43,0.67,5.92
39.92,9.28,6.59
35.16,-1.28,13.43
16.42,12.21,11.41
5.19,17.03,5.62
-6.65,12.82,1.71
-11.54,3.11,0.73
-11.60,-3.36,0.79
-12.70,-6.23,2.81
-18.13,-5.19,5.25
-24.78,0.92,4.82
-33.57,24.54,0.92
-37.48,43.58,-0.24
-43.33,52.43,-9.40
-52.49,62.01,-35.16
-52.67,57.50,-64.21
-51.64,43.52,-87.04
-50.42,27.53,-102.48
-49.50,14.59,-112.18
-46.94,9.28,-120.24
-44.07,12.63,-126.59
-41.50,21.36,-132.81
-41.20,31.74,-140.75
-37.78,36.50,-148.13
-34.00,33.69,-152.40
-34.36,25.88,-154.97
-36.99,13.06,-152.83
-41.32,-2.99,-144.17
-47.91,-20.14,-131.47
-51.64,-35.89,-116.27
-53.96,-46.02,-97.78
-53.28,-49.44,-77.39
-56.21,-46.94,-60.42
-62.68,-42.60,-49.07
-67.63,-39.00,-42.05
-69.03,-37.35,-35.95
-70.13,-37.23,-29.48
-70.86,-37.84,-24.17
-71.78,-39.98,-18.37
-69.76,-41.87,-13.61
-67.99,-38.64,-12.27
-76.60,-31.80,-31.13
-50.90,-33.08,-40.53
-46.20,-36.13,-29.17
-48.58,-34.91,-17.40
-45.47,-28.75,-10.50
-33.94,-18.55,-8.30
-25.88,-13.43,-7.87
-20.69,-9.83,-4.39
-12.08,-7.08,0.24
-2.62,-6.59,1.40
-4.46,-6.53,-0.43
-9.40,-6.71,-2.38
-13.43,-6.84,-2.99
-14.89,-5.68,-2.99
-16.11,-4.46,-2.44
-16.91,-4.09,-2.08
-16.54,-5.25,-2.20
-18.55,-7.51,-2.69
-21.73,-10.31,-2.75
-19.10,-12.63,1.22
1.22,-13.92,13.79
21.24,-16.60,29.66
33.02,-9.40,44.25
35.28,-1.10,46.33
42.66,5.74,47.06
53.10,12.33,54.20
54.57,21.55,60.49
62.56,34.79,71.72
64.58,36.01,77.58
64.15,49.50,84.11
65.61,59.81,91.86
63.54,64.58,100.22
60.61,63.66,105.47
56.34,61.58,114.07
50.23,54.93,118.53
42.60,54.99,115.54
39.37,50.48,110.72
39.06,48.46,103.21
37.05,46.45,103.64
34.97,45.84,105.29
32.29,47.79,111.69
30.40,48.16,118.16
31.80,45.65,125.79
31.92,44.92,134.89
38.02,45.23,147.22
44.62,47.30,155.46
50.84,42.05,158.20
54.02,39.18,152.89
55.79,37.05,142.46
52.43,28.75,130.92
47.73,21.85,122.74
41.32,18.25,114.20
38.76,11.11,110.66
36.50,2.14,109.80
33.45,-3.91,109.56
29.11,-1.10,99.18
26.67,-5.62,87.28
19.47,-3.97,71.90
22.58,-5.19,68.36
15.26,-3.60,61.10
7.69,-4.82,50.48
-1.46,-7.63,28.02
-1.83,-7.26,13.24
-2.08,-9.64,5.49
-0.79,-10.68,4.33
















-,-,-
2.14,1.95,1.71
1.95,2.32,1.95
2.08,2.69,2.20
2.32,2.99,2.01
2.20,2.75,1.83
2.38,2.56,1.83
2.50,2.38,2.08
2.50,1.83,2.08
2.26,1.46,1.95
2.44,1.16,1.89
2.56,1.04,1.83
2.56,1.04,1.77
2.38,0.98,1.71
2.01,1.16,1.65
1.89,1.34,1.71
2.26,1.77,1.71
2.26,2.14,1.59
2.69,2.20,1.65
3.05,2.32,1.95
3.60,2.32,2.08
3.72,2.08,2.26
3.72,1.77,2.14
3.42,1.22,2.08
3.42,0.98,1.89
3.05,0.79,1.83
2.75,0.85,1.71
2.81,0.98,1.59
2.99,1.10,1.28
3.48,1.28,1.40
3.72,1.95,1.10
4.03,2.26,0.85
4.21,2.08,0.73
4.15,2.32,0.31
4.33,3.05,0.24
4.64,3.91,0.31
4.21,5.19,0.55
6.41,6.65,1.22
8.91,9.09,2.26
9.34,11.78,3.66
10.80,14.16,5.43
13.18,16.48,6.96
13.55,18.37,8.24
15.50,11.29,10.62
27.34,-20.75,13.00
31.19,-39.25,7.63
39.86,-43.46,1.95
48.52,-41.99,2.69
57.92,-40.65,3.97
67.99,-40.89,4.94
79.41,-51.09,10.01
77.39,-48.28,9.70
76.66,-38.57,11.17
74.77,-33.20,7.51
77.64,-27.95,6.41
84.84,-25.51,10.93
89.23,-19.78,9.95
97.47,-15.56,6.90
105.16,-17.03,10.31
108.46,-13.61,14.10
112.92,-11.23,12.94
109.99,-4.15,13.73
104.31,-1.71,10.07
102.11,-0.18,9.03
96.74,10.07,19.23
87.83,17.09,19.29
85.39,10.62,17.21
79.04,6.29,9.70
73.85,7.14,-0.67
75.56,5.74,2.01
73.30,-1.16,2.75
72.81,-6.53,-1.89
70.01,0.06,2.01
61.58,-5.68,3.11
54.87,-8.73,0.79
47.36,-10.38,0.92
39.92,-7.14,2.62
31.25,-3.23,4.52
25.94,-6.35,3.97
19.65,-1.71,3.85
9.52,10.74,6.41
-0.73,2.50,5.86
-10.93,-8.36,2.20
-15.87,-14.16,0.98
-23.25,-12.15,1.28
-33.02,-4.21,-5.19
-49.44,13.92,-24.41
-59.75,23.62,-53.10
-64.88,27.47,-78.61
-68.42,31.49,-99.12
-73.36,37.78,-116.39
-78.06,44.74,-131.96
-82.09,49.68,-149.17
-80.93,48.10,-166.75
-73.61,38.45,-179.20
-61.04,22.71,-183.84
-53.89,6.65,-181.40
-55.42,-4.52,-175.11
-57.92,-11.17,-165.22
-61.95,-17.09,-151.00
-70.43,-22.64,-133.73
-76.42,-28.75,-114.87
-81.67,-32.90,-95.70
-87.65,-35.40,-79.65
-96.68,-39.06,-66.28
-101.62,-43.58,-54.08
-107.54,-47.36,-40.71
-110.53,-55.18,-25.15
-108.89,-58.47,-9.09
-110.23,-45.59,3.11
-120.54,-29.05,6.04
-107.67,-24.17,-17.27
-31.07,-33.87,-39.12
-14.34,-28.56,-31.43
-17.64,-17.21,-7.93
-6.96,-6.65,21.73
28.38,-0.92,47.85
47.79,5.55,52.92
63.23,17.70,58.11
70.37,25.57,58.35
74.34,23.44,60.79
77.03,26.98,65.43
81.97,43.58,77.64
85.69,59.51,97.23
90.33,56.27,113.46
89.60,51.45,131.77
77.82,61.52,143.01
68.66,64.39,144.71
65.80,50.17,149.48
62.19,42.18,153.08
58.78,38.09,156.86
53.53,32.41,156.74
47.06,32.90,155.21
40.47,29.17,152.83
32.53,24.96,149.35
25.45,35.46,143.80
23.86,41.20,140.56
22.46,39.06,140.62
24.23,33.02,142.27
22.40,31.62,136.78
18.80,30.33,130.31
16.54,18.19,123.11
10.86,14.10,111.21
11.78,14.16,101.93
11.90,12.08,101.20
10.01,7.39,103.70
6.96,8.24,99.18
10.68,13.00,97.96
16.97,9.16,107.91
12.15,6.23,108.76
10.74,0.12,99.61
8.79,-1.16,76.42
13.12,0.49,58.84
11.17,-0.49,45.29
10.68,-4.21,38.76
9.70,-12.33,39.43
6.35,-17.88,37.84
1.83,-11.23,27.16
1.46,-12.45,12.57
4.58,-10.74,15.20
1.16,-9.58,16.42
5.43,-10.62,22.16
1.95,-8.97,18.74
2.44,-10.44,0.85
7.81,-9.95,-8.54
8.30,-10.44,-4.64
7.57,-10.74,0.67
6.23,-10.99,3.30
4.33,-11.78,4.15
3.42,-12.57,4.58
3.30,-12.76,4.94
3.36,-12.33,5.25
3.60,-11.90,5.19
4.03,-11.29,4.94
4.58,-10.44,4.64
4.52,-9.70,3.97
4.46,-8.91,3.36
4.76,-7.87,2.56
4.58,-7.14,2.20
4.46,-6.77,1.22
4.46,-6.65,0.24
















-,-,-
-0.18,-0.98,1.22
0.67,-0.85,1.28
0.92,-1.04,1.28
1.10,-1.16,0.85
0.98,-1.34,0.37
0.49,-1.53,0.18
0.73,-1.34,0.31
1.10,-0.85,0.49
1.34,-0.67,0.79
1.53,-0.18,1.10
1.89,0.24,1.22
2.26,0.92,1.53
2.69,1.40,1.83
2.99,1.53,1.77
2.75,1.28,1.53
2.75,1.10,1.46
2.69,0.79,1.34
2.75,0.61,1.34
2.75,0.49,1.53
2.87,0.43,1.53
3.05,0.55,1.71
3.42,0.55,1.77
2.87,0.24,1.65
2.62,-0.18,1.46
2.44,-0.24,1.28
2.32,-0.12,0.85
2.38,0.18,0.92
2.81,0.55,1.10
3.23,0.73,1.04
3.66,0.61,0.92
4.27,0.73,0.92
5.07,0.92,0.67
5.92,1.28,0.85
6.53,1.95,1.28
7.45,3.05,1.46
8.85,4.52,2.20
11.05,6.90,3.42
14.40,10.44,5.00
18.55,15.26,7.45
22.71,19.35,9.89
26.92,19.35,12.57
33.94,0.79,21.85
41.32,-28.44,32.96
45.17,-27.16,27.53
49.99,-18.55,23.25
59.33,-20.63,29.48
71.11,-14.47,37.66
77.88,-16.05,36.07
85.63,-14.71,28.99
91.13,-13.31,30.09
99.24,-23.32,36.07
104.55,-28.44,39.43
107.12,-27.89,37.54
111.51,-29.85,34.30
115.48,-38.27,30.94
118.04,-39.86,29.11
115.36,-40.77,26.86
112.18,-45.53,25.57
110.96,-45.78,22.34
107.67,-46.51,18.68
113.04,-45.53,15.14
121.15,-38.15,10.50
126.59,-31.74,10.93
126.59,-29.85,14.28
112.61,-22.89,12.27
97.47,-13.24,8.18
76.84,-3.66,7.45
60.00,4.09,8.18
40.47,15.26,12.39
18.25,24.90,14.10
2.87,27.04,15.38
-15.99,30.76,14.65
-28.81,19.04,12.63
-38.33,4.27,13.43
-42.36,-2.99,15.14
-41.75,-3.54,16.78
-38.64,3.91,19.96
-35.95,24.78,22.34
-37.35,62.13,20.87
-31.25,84.35,26.18
-29.91,86.00,25.70
-31.86,81.79,13.18
-31.86,73.18,-4.76
-30.94,63.90,-22.89
-29.66,58.59,-38.70
-29.42,55.73,-50.66
-30.70,53.41,-58.78
-29.91,49.62,-63.05
-26.49,43.33,-64.82
-23.25,34.79,-66.16
-22.64,25.15,-67.57
-24.23,16.11,-68.42
-26.31,7.81,-67.26
-32.47,2.08,-63.78
-39.49,-1.04,-59.39
-41.38,-4.15,-55.42
-42.18,-7.45,-51.94
-45.72,-10.07,-49.56
-52.12,-12.39,-50.29
-61.52,-16.97,-54.32
-66.96,-25.21,-61.40
-68.66,-36.01,-69.15
-63.23,-45.04,-71.17
-53.89,-45.59,-63.96
-50.72,-40.10,-51.70
-48.65,-34.48,-35.46
-45.47,-29.72,-16.60
-41.50,-27.10,2.50
-34.24,-28.02,24.84
-25.70,-34.42,50.60
-23.56,-41.56,70.07
-28.81,-40.04,60.73
-8.24,-33.81,21.79
2.69,-41.26,3.42
10.44,-44.01,4.94
9.77,-41.26,24.66
-1.40,-30.64,33.51
2.01,-17.70,44.07
10.56,-5.98,53.59
19.23,4.46,60.00
22.83,16.72,62.13
27.83,21.91,73.55
26.06,24.17,80.63
25.70,29.48,83.07
29.48,33.51,91.13
25.33,33.57,89.42
28.02,35.77,96.31
25.02,41.26,98.63
27.53,38.39,102.17
29.66,35.95,107.12
27.53,35.34,111.69
25.70,30.09,114.99
19.71,29.91,108.89
14.47,29.66,101.99
9.34,24.96,95.21
3.54,26.49,84.17
-1.77,31.31,83.25
-9.16,28.44,83.80
-11.96,28.20,89.84
-16.60,18.62,89.29
-15.99,13.00,78.92
-14.22,19.53,67.99
-16.36,25.21,64.33
-17.21,24.23,71.59
-21.00,22.58,72.57
-15.56,19.04,71.72
-15.32,22.16,67.75
-14.95,20.51,60.97
-14.47,16.78,61.95
-18.13,12.45,59.39
-16.05,14.77,41.20
-13.12,15.63,33.14
-15.63,13.24,28.26
-13.92,14.53,18.86
-8.79,13.49,14.53
-7.32,11.84,9.95
-3.91,9.22,1.28
0.00,9.09,1.77
0.61,7.87,8.00
2.26,7.45,11.90
3.30,6.47,13.67
3.54,5.68,14.16
2.99,4.82,14.53
2.20,3.54,14.59
2.62,3.42,14.34
2.81,3.97,13.98
3.30,4.82,13.79
4.03,5.92,13.61
3.97,6.10,12.70
3.23,5.37,10.68
2.44,4.70,8.06
2.44,4.52,5.80
2.56,4.82,3.78
2.75,5.68,2.14
2.14,5.74,0.49
1.40,5.49,-1.10
1.16,5.49,-1.95
1.53,5.31,-2.62
1.95,5.31,-2.93
2.44,5.25,-2.99
















-,-,-
2.44,0.31,2.87
2.32,0.55,2.81
2.56,1.28,2.99
2.75,1.89,3.48
2.44,1.89,3.23
2.26,1.53,2.50
1.89,0.85,1.95
1.59,0.37,1.59
1.71,0.12,1.71
1.89,0.43,2.01
2.26,0.98,2.44
2.93,1.34,2.87
3.60,1.53,3.17
3.36,1.16,3.05
2.38,0.43,2.62
1.40,-0.43,2.08
1.34,-0.73,1.89
1.71,-0.55,2.20
1.89,-0.24,2.38
1.65,-0.24,2.44
1.40,-0.55,2.08
1.04,-0.85,1.65
0.73,-1.04,1.04
0.79,-0.67,0.92
1.10,0.18,1.04
1.53,1.04,1.34
2.01,1.95,1.53
2.62,2.69,1.65
3.05,2.81,1.22
3.72,3.05,0.79
4.88,3.91,1.04
7.02,5.19,1.83
11.47,7.32,3.66
17.52,10.68,6.77
23.32,14.95,11.05
30.70,18.13,14.89
39.92,15.87,18.80
49.80,-2.26,21.67
57.43,-22.77,18.74
60.73,-24.60,13.24
60.18,-16.97,5.62
64.21,-15.20,5.43
65.49,-13.49,10.31
62.93,-5.74,11.47
64.45,-2.44,11.23
74.46,-10.01,14.16
80.38,-10.80,13.18
97.84,-16.91,19.59
103.76,-18.19,26.55
111.33,-22.71,28.14
107.54,-16.24,27.89
105.35,-17.27,25.88
94.67,-11.41,20.26
92.90,-10.25,19.65
85.45,-4.94,19.65
83.98,-1.59,10.93
92.04,-11.60,9.28
90.88,-16.48,5.98
101.75,-24.72,11.84
103.76,-29.17,16.11
103.39,-29.17,14.04
102.48,-31.86,4.03
96.25,-38.94,-3.85
82.58,-38.45,-8.24
66.28,-32.35,-11.96
56.64,-27.04,-6.65
43.33,-21.85,-1.34
35.58,-9.40,2.50
32.53,-4.03,7.81
20.14,13.37,11.66
11.72,20.63,13.73
5.19,14.22,15.26
2.69,5.43,17.03
4.39,-0.18,18.37
5.19,-4.03,19.41
2.62,-7.20,20.81
-3.05,-8.48,23.74
-10.38,-1.59,29.72
-21.00,16.30,31.56
-22.89,38.02,35.40
-32.23,65.92,36.25
-42.60,97.35,26.00
-42.30,116.15,14.28
-40.95,118.77,4.27
-36.93,112.18,-6.53
-31.74,102.48,-19.96
-26.98,95.40,-36.01
-25.88,92.16,-53.28
-30.40,92.35,-68.48
-41.14,96.07,-78.67
-55.30,102.48,-83.98
-67.08,109.56,-84.11
-71.72,115.72,-79.10
-73.91,115.97,-69.64
-75.62,103.64,-55.18
-73.18,76.90,-38.27
-73.18,40.59,-21.73
-74.83,2.87,-9.28
-78.86,-30.88,-3.36
-83.62,-58.29,-3.05
-89.60,-75.87,-6.71
-95.03,-83.86,-15.08
-96.74,-86.06,-25.02
-87.52,-82.70,-33.20
-71.04,-73.97,-36.25
-57.62,-64.03,-29.79
-49.68,-56.21,-15.99
-46.63,-49.01,-2.87
-44.07,-44.80,9.28
-41.14,-46.69,20.45
-37.05,-54.93,29.60
-40.16,-57.43,26.12
-8.24,-37.29,15.38
3.42,-33.33,13.92
3.30,-36.32,12.45
-0.98,-46.39,6.71
-9.34,-51.09,-3.85
-20.20,-51.82,-13.67
-20.08,-48.77,-18.86
-11.11,-38.76,-12.51
-1.40,-17.82,7.93
0.79,6.65,20.39
18.07,23.80,44.07
30.64,35.03,68.36
29.36,42.30,79.47
27.89,44.43,80.26
30.21,42.36,87.46
28.75,39.61,93.51
31.56,41.26,107.12
32.17,44.86,114.75
38.02,44.13,127.14
41.38,37.35,139.10
36.25,39.12,146.85
28.32,38.02,148.99
22.28,35.89,150.21
16.91,40.53,151.18
12.21,33.57,149.90
9.58,33.20,142.88
7.51,27.10,132.75
3.48,22.95,123.60
-1.22,19.17,118.47
-7.45,11.66,110.60
-5.49,14.53,99.91
-3.05,16.17,97.41
-1.71,2.08,98.21
-3.11,2.62,86.18
-0.98,10.25,73.85
-5.80,13.92,67.81
-11.47,10.56,63.48
-15.56,5.68,52.92
-10.31,2.56,46.33
-6.65,9.34,41.87
-10.56,6.53,29.91
-4.70,8.61,23.13
-6.35,8.00,22.52
-2.69,8.06,20.02
-3.17,6.23,17.27
-4.09,5.49,5.49
-1.22,4.15,2.01
-0.73,3.42,6.84
-0.98,2.81,11.72
0.12,3.05,14.53
1.83,3.60,16.11
2.93,4.15,17.21
3.30,4.64,17.94
3.72,5.86,18.19
3.30,6.41,18.19
2.26,7.20,17.15
2.20,8.00,14.65
2.56,8.91,11.96
2.75,9.22,9.58
2.62,8.97,6.35
1.71,8.61,2.99
1.71,8.12,0.18
2.01,7.93,-1.40
2.38,8.00,-2.38
1.95,8.06,-3.23
0.98,8.00,-4.39
-0.31,7.51,-5.74
-2.08,6.84,-7.51
















-,-,-
0.61,0.24,-0.55
0.55,-0.24,-0.12
0.98,-0.43,0.12
0.85,-0.31,0.37
0.92,0.00,0.37
1.10,0.73,1.04
1.16,1.46,1.59
1.34,1.95,1.65
1.22,1.77,1.22
1.10,1.16,1.10
1.22,0.49,1.34
1.40,0.12,1.77
1.53,-0.06,2.14
1.59,-0.12,2.38
2.81,0.55,2.32
3.42,1.28,2.75
4.39,2.08,3.36
5.49,2.87,4.21
5.55,3.05,4.64
4.64,2.26,4.46
4.27,1.65,4.15
4.88,0.79,4.64
4.76,0.85,4.58
4.94,1.28,4.82
5.25,1.83,5.31
5.13,2.32,5.25
5.19,3.05,4.76
5.55,3.78,4.52
7.02,4.70,4.39
8.73,5.55,4.88
9.95,5.92,5.31
10.38,5.55,5.74
12.27,5.00,5.92
12.45,4.09,6.35
14.89,3.05,6.65
17.21,2.69,7.69
19.10,2.75,9.03
21.61,-16.66,9.64
24.17,-48.77,6.04
26.31,-48.83,-0.85
29.05,-38.33,-1.71
33.87,-40.04,2.14
40.89,-36.44,5.07
35.40,-24.29,9.83
27.53,-8.48,9.70
28.14,-7.39,5.25
34.48,-15.38,5.25
38.88,-12.82,4.64
51.09,-16.36,6.77
63.29,-13.49,13.98
74.46,-16.48,15.20
86.36,-25.70,6.84
98.33,-33.33,4.94
97.29,-28.44,6.65
103.39,-29.17,10.74
105.83,-26.61,17.03
105.41,-21.00,19.53
104.98,-20.87,17.94
105.47,-22.40,18.62
98.75,-22.03,15.26
96.68,-18.92,6.16
91.55,-14.40,1.89
92.16,-7.14,2.75
93.69,-5.92,3.60
96.01,1.22,-0.12
94.54,9.34,2.62
90.76,13.73,8.73
81.30,13.92,14.47
73.30,15.14,13.55
65.67,15.63,11.78
61.40,10.93,13.61
53.04,13.31,13.49
40.53,21.18,13.55
32.96,13.67,10.80
21.48,14.59,7.75
10.50,18.55,8.61
1.53,15.87,10.13
-8.48,9.64,9.28
-19.59,7.08,6.96
-29.17,10.74,4.39
-36.74,19.78,2.56
-44.80,37.17,2.69
-56.03,59.20,-3.36
-64.27,70.56,-22.40
-65.31,65.00,-45.96
-65.06,43.21,-69.46
-71.96,17.64,-93.02
-83.56,-1.71,-117.07
-93.81,-13.06,-139.95
-102.54,-17.15,-161.13
-108.40,-15.14,-180.66
-114.69,-11.72,-195.98
-117.19,-11.47,-201.90
-116.82,-16.48,-199.10
-122.50,-29.91,-190.80
-118.71,-51.70,-177.19
-109.50,-70.31,-156.56
-109.68,-76.66,-131.71
-110.66,-74.22,-104.86
-113.71,-67.87,-76.42
-113.40,-58.65,-46.75
-103.39,-44.68,-22.40
-80.75,-30.33,2.14
-63.11,-16.24,25.94
-68.24,-10.80,31.49
-47.36,-15.38,16.24
-10.80,-16.85,2.87
9.03,-8.54,4.39
8.73,1.10,10.07
7.81,4.64,9.64
9.58,3.72,3.97
27.28,1.95,-1.22
36.74,2.08,-4.64
39.06,3.54,-2.93
47.61,5.13,8.06
51.21,6.47,24.54
54.87,9.40,41.56
58.72,17.82,56.95
67.75,31.86,74.58
78.06,41.63,91.92
84.29,48.34,108.34
85.94,49.32,121.70
83.98,52.61,135.56
82.58,51.15,146.61
79.65,47.85,152.89
73.12,43.52,156.01
63.54,44.25,150.02
57.50,51.45,157.41
50.05,59.57,161.13
43.82,63.23,159.30
43.52,61.77,155.70
38.76,51.57,144.96
33.14,45.59,127.50
28.63,52.43,116.82
24.29,55.91,111.45
21.30,43.70,116.39
17.58,31.19,112.61
17.52,29.79,107.36
13.43,27.16,98.21
8.97,18.13,96.25
6.96,13.61,96.56
2.32,13.67,87.52
-0.37,10.56,76.66
0.43,12.94,67.50
0.67,12.57,58.53
5.07,7.32,56.76
5.00,7.26,57.43
4.03,3.23,49.68
4.03,-5.00,37.41
4.76,-10.44,29.42
5.25,-12.02,23.25
2.14,-8.24,18.62
1.46,-11.29,22.34
-3.42,-16.11,18.01
-1.10,-18.80,9.58
1.40,-16.17,7.08
3.97,-10.99,16.42
-0.61,-12.08,7.51
3.11,-15.99,-6.71
1.65,-19.65,-11.05
2.26,-20.32,-11.60
2.81,-19.96,-10.44
2.81,-19.41,-9.09
3.05,-18.92,-7.45
2.32,-18.62,-5.37
2.26,-17.76,-4.21
2.38,-16.11,-3.23
1.89,-13.73,-1.83
2.01,-11.05,-0.85
2.26,-8.48,-0.67
1.89,-6.23,-0.43
1.71,-4.03,0.00
2.32,-1.71,0.18
3.05,0.37,0.55
4.03,1.65,0.67
4.82,2.08,0.24
5.80,2.20,-0.12
5.74,2.01,0.06
5.00,0.98,-0.43
4.39,-0.43,-1.22
















-,-,-
4.03,1.04,2.56
4.03,0.49,2.69
3.66,-0.37,2.56
2.81,-1.22,2.01
1.71,-2.14,1.40
0.85,-2.50,0.79
0.31,-2.56,0.43
-0.18,-2.32,0.12
-0.31,-1.71,0.18
0.12,-1.10,0.12
0.43,-0.61,0.24
0.98,0.06,0.24
1.34,0.43,0.18
1.53,0.37,0.49
1.77,-0.18,0.55
1.28,-0.31,0.61
0.98,0.31,0.49
1.16,0.37,0.24
1.46,-0.37,0.55
4.76,-5.74,3.60
5.00,-10.62,6.04
3.72,-10.68,2.32
7.87,-18.25,3.60
5.00,-20.26,3.05
7.39,-23.56,3.05
10.13,-33.14,6.35
7.26,-31.56,3.85
8.73,-26.92,-0.12
16.05,-33.75,4.82
18.43,-43.15,5.86
26.73,-37.05,6.65
39.06,-35.34,12.39
53.22,-43.95,20.75
59.57,-45.10,21.79
74.95,-48.46,25.82
84.78,-47.85,37.05
86.91,-44.37,41.87
90.94,-41.38,44.37
90.27,-42.24,42.54
85.27,-38.15,35.89
84.78,-36.68,30.70
87.95,-33.14,35.52
88.68,-26.43,41.99
89.05,-13.61,49.80
80.81,-5.25,47.24
74.04,-1.10,38.64
66.41,8.42,31.37
61.52,9.83,32.96
50.35,13.12,30.46
41.87,13.73,26.31
35.52,7.87,19.78
21.06,20.08,15.44
12.21,25.88,10.80
-1.04,26.73,7.08
-10.56,19.78,3.05
-16.97,11.11,-1.10
-22.03,5.31,-4.15
-27.89,4.58,-5.31
-34.67,13.67,-5.55
-43.33,42.36,-7.14
-44.74,77.76,-8.24
-47.00,96.68,-23.99
-45.04,103.09,-50.23
-32.47,87.04,-71.84
-23.44,62.62,-89.05
-21.36,44.31,-106.14
-23.32,36.32,-125.12
-24.72,36.93,-143.49
-25.02,40.22,-156.56
-24.48,42.30,-160.28
-25.02,42.66,-155.64
-30.58,40.95,-144.84
-36.50,35.83,-130.25
-40.22,26.49,-115.11
-43.58,13.55,-102.36
-45.17,-2.20,-92.59
-46.08,-20.57,-83.07
-44.13,-38.15,-71.04
-42.91,-49.68,-57.37
-44.74,-52.25,-46.63
-47.73,-48.83,-41.50
-48.40,-42.85,-40.34
-46.88,-35.77,-39.12
-44.86,-28.63,-36.32
-43.21,-23.56,-32.47
-41.20,-20.94,-27.53
-36.56,-20.26,-21.30
-33.20,-20.87,-15.63
-35.40,-23.38,-11.23
-40.71,-28.87,-9.09
-45.53,-33.45,-9.52
-48.22,-29.66,-18.37
-33.75,-18.74,-31.92
-19.41,-15.75,-27.16
-20.81,-12.15,-13.85
-15.93,-9.22,-2.87
-9.28,-6.59,4.39
-2.14,-3.72,9.58
-1.53,-4.39,9.95
-3.66,-6.77,7.45
-2.32,-9.46,5.62
2.56,-11.35,7.45
14.04,-9.28,18.37
28.38,-3.48,35.16
44.56,-0.24,55.73
59.33,5.55,79.83
65.98,11.29,96.25
75.13,20.94,116.58
85.39,26.73,134.34
100.34,17.09,156.37
96.80,24.29,172.36
103.15,31.19,190.49
102.05,34.85,207.40
94.48,26.98,220.95
83.56,27.34,224.49
77.64,26.06,216.86
74.52,24.54,203.49
69.70,22.64,197.57
63.05,20.51,198.67
47.85,18.31,194.03
36.07,15.50,184.20
22.95,16.05,175.54
18.49,7.08,174.19
12.33,2.69,174.93
11.11,-5.13,172.49
15.08,-13.79,172.67
13.06,-14.40,163.27
14.65,-16.24,149.29
13.61,-20.63,133.54
9.34,-37.48,114.93
1.10,-28.81,86.18
3.30,-21.30,62.68
4.33,-18.07,51.76
4.15,-18.55,44.86
-0.85,-13.37,38.21
2.38,-17.40,41.38
-0.06,-17.82,42.91
3.05,-16.11,45.29
5.19,-17.76,48.89
0.79,-15.50,40.83
-3.66,-6.90,16.42
4.03,-4.33,7.87
3.60,-3.48,7.45
3.23,-0.37,2.75
4.27,1.89,1.83
4.39,2.81,3.78
4.88,3.11,4.33
4.39,2.75,3.85
3.23,1.95,3.60
3.42,1.83,3.42
3.30,1.83,3.05
3.17,1.71,1.83
2.14,1.22,0.49
0.73,0.18,-1.04
-0.18,-0.73,-2.26
-0.18,-0.92,-2.38
0.00,-0.98,-1.95
0.92,-0.18,-1.53
1.59,0.67,-0.85
2.56,1.89,0.12
3.72,3.42,0.61
4.64,4.27,0.61
5.13,4.58,0.67
5.55,4.76,0.73
5.19,4.82,0.67
3.78,3.66,-0.24
2.81,1.77,-2.20
2.26,-0.24,-3.72
1.83,-1.65,-4.52
1.59,-2.20,-5.55
1.40,-2.20,-7.02
0.31,-1.59,-8.30
-2.56,-0.55,-9.83
-3.78,1.53,-11.54
-2.20,4.39,-13.61
1.71,7.69,-14.34
1.53,11.54,-13.98
-1.22,12.21,-18.92
1.16,11.47,-22.71
0.98,14.28,-25.94
