-,-,-
78.31,-124.88,52.06
94.60,-105.29,29.72
98.88,-66.41,22.22
120.85,-19.59,21.79
202.03,41.93,11.96
291.02,108.83,27.83
275.70,133.42,63.29
208.62,113.34,86.36
177.19,81.91,90.27
144.53,53.77,89.54
143.62,31.56,90.82
151.67,17.33,86.24
127.81,6.23,76.54
105.04,-9.16,65.98
89.60,-25.82,54.02
83.68,-39.55,43.09
81.48,-48.95,34.48
91.86,-48.71,30.33
119.08,-39.61,25.33
106.81,-32.90,11.17
56.95,-13.37,-5.74
14.83,10.19,-18.37
-18.74,21.06,-29.66
-31.37,21.42,-37.23
-39.37,11.96,-41.44
-46.45,-0.37,-49.62
-55.11,-9.95,-61.28
-60.61,-19.41,-70.56
-49.32,-30.09,-68.18
-15.38,-41.93,-49.19
8.61,-55.73,-26.00
16.42,-63.96,-14.22
5.55,-59.57,-14.40
-18.37,-50.05,-16.24
-25.76,-44.07,-15.20
-21.36,-43.15,-12.88
-24.60,-47.79,-6.59
-32.29,-58.23,-0.31
-35.52,-79.28,-1.16
-37.29,-108.46,-11.90
-42.18,-138.98,-32.29
-43.15,-163.33,-64.64
-34.30,-160.83,-91.19
-2.01,-102.91,-61.65
62.19,-60.36,-36.25
84.05,-50.42,-13.37
72.45,-37.96,11.78
72.81,-21.73,26.18
73.30,-6.29,40.53
75.20,8.85,48.95
68.85,19.53,50.42
62.50,20.32,46.57
49.56,17.27,36.74
44.86,13.12,22.16
53.10,3.48,2.38
77.39,-16.05,-22.95
104.74,-35.34,-53.65
123.35,-62.01,-76.78
126.65,-59.88,-87.46
118.16,-50.17,-82.46
120.30,-23.44,-63.78
115.05,-3.85,-36.62
120.12,-0.31,-20.26
117.00,1.59,-15.44
100.22,8.85,-11.54
80.02,6.04,-15.01
63.29,10.38,-17.58
49.38,19.10,-12.51
39.92,16.48,-12.57
29.54,11.78,-25.27
19.29,8.48,-31.80
5.98,7.93,-28.75
-8.61,11.60,-15.75
-26.31,7.93,-1.77
-45.59,4.09,0.18
-58.65,7.69,1.16
-68.54,24.17,1.28
-83.19,60.55,2.69
-97.47,93.14,16.66
-96.01,110.84,50.54
-95.70,126.65,78.19
-97.11,130.37,87.59
-98.14,117.92,85.08
-98.27,96.56,73.79
-99.79,71.84,53.10
-100.04,43.40,28.69
-98.39,9.09,9.46
-95.95,-21.73,-3.30
-86.43,-47.85,-10.74
-68.05,-75.62,-7.20
-45.72,-105.59,4.94
-29.72,-124.45,6.71
-22.95,-110.78,10.80
-24.41,-60.67,2.26
20.87,-51.33,-25.63
29.24,-40.22,-6.41
31.80,-27.10,3.97
30.88,-17.70,9.95
22.03,-12.21,7.93
11.54,-17.52,1.59
-3.36,-31.07,-2.56
-21.91,-37.48,-16.24
-24.48,-47.85,-14.83
-30.27,-49.07,-18.55
-22.52,-55.66,-8.12
-11.17,-56.52,9.03
-0.37,-61.22,35.77
-29.72,-43.58,17.64
-31.80,-38.70,26.92
-44.92,-30.94,29.11
-39.98,-29.30,51.45
-32.59,-23.32,49.62
-20.39,-6.65,22.40
6.16,-1.46,28.75
21.18,-10.25,52.00
3.54,-3.91,29.60
-10.25,-1.28,6.71
-6.59,-16.30,29.30
-9.34,-29.42,52.00
-8.06,-36.50,59.02
-3.60,-33.39,54.69
3.72,-35.28,62.81
3.48,-26.06,40.59
4.46,-13.06,14.71
5.92,-0.85,-4.58
8.61,1.59,-0.24
1.16,2.08,2.56
-11.60,-0.31,4.15
-21.36,-4.33,6.16
-25.33,-6.59,10.31
-22.03,-6.47,13.98
-15.20,-4.27,14.04
-6.23,-2.44,12.94
4.64,-1.65,11.17
13.92,-0.79,6.29
21.73,-1.65,1.04
28.32,-3.36,-4.21
29.60,-4.21,-8.79
29.60,-5.31,-11.54
26.86,-5.92,-13.49
20.57,-5.62,-15.26
18.31,-4.33,-15.38
28.20,-1.95,-13.73
52.92,-0.06,-11.78
81.18,-9.95,-14.10
121.40,-30.82,-20.45
150.88,-52.43,-34.24
187.81,-65.67,-40.04
205.69,-57.56,-36.74
195.92,-41.87,-34.55
180.42,-12.39,-23.80
165.34,-0.79,-17.09
156.07,22.77,1.16
138.31,18.43,3.97
117.80,19.78,-4.15
95.09,21.73,-21.85
79.41,18.74,-42.54
59.57,6.84,-47.06
26.92,13.24,-26.18
-3.60,18.01,-4.64
-29.42,10.13,1.40
-36.68,-5.98,-10.07
-34.85,-16.42,-18.19
-30.27,-22.09,-18.62
-18.31,-22.09,-14.16
-3.36,-17.03,-8.24
5.55,-11.54,-3.66
8.42,-6.96,-0.61
8.00,-2.56,0.92
7.02,1.71,1.89
5.80,5.25,3.78
4.33,7.87,6.10
4.88,10.68,8.00
5.62,12.82,9.28
6.23,13.85,8.18
















-,-,-
2.75,-1.16,-1.83
2.44,-2.50,-3.05
1.40,-3.78,-4.21
0.79,-4.82,-4.94
0.06,-5.43,-5.74
0.00,-5.62,-5.68
0.43,-5.31,-5.13
0.79,-4.15,-4.27
1.53,-3.11,-3.05
3.11,-1.46,-1.77
3.66,-0.18,-0.37
4.09,0.61,0.67
4.09,1.10,0.98
4.27,1.16,1.16
3.78,0.79,1.28
3.60,0.37,0.85
2.93,-0.18,0.18
2.26,-0.73,-0.55
1.89,-1.28,-1.16
1.28,-1.59,-1.83
0.73,-1.77,-1.95
1.04,-2.14,-2.38
1.10,-2.26,-2.50
1.04,-2.38,-3.30
1.83,-3.30,-5.13
2.14,-6.29,-8.00
-0.85,-10.99,-13.43
-7.26,-18.19,-20.32
-15.26,-26.67,-27.47
-23.44,-34.12,-33.20
-27.65,-38.94,-38.64
-19.35,-42.30,-40.53
-4.52,-43.88,-39.61
18.43,-46.51,-38.88
43.46,-57.86,-40.59
71.35,-81.54,-51.51
85.08,-95.09,-68.24
96.98,-118.84,-83.01
88.56,-112.12,-88.56
72.81,-106.20,-82.95
67.14,-106.26,-80.14
70.74,-94.18,-67.63
74.58,-91.06,-64.88
85.88,-81.79,-59.08
86.18,-81.36,-68.60
83.80,-60.61,-56.82
70.01,-38.64,-42.85
59.14,-26.55,-31.98
47.85,-11.72,-15.26
42.18,-3.42,-2.44
31.80,-4.39,-3.78
27.40,-4.64,-12.63
29.30,7.75,4.39
27.47,7.93,1.89
22.28,9.09,-3.72
14.83,-5.13,-21.30
7.93,-23.99,-44.43
0.37,-15.81,-40.89
-10.01,-9.58,-34.73
-21.97,3.78,-16.48
-44.68,11.90,-9.22
-47.97,19.17,-6.41
-44.13,30.33,1.22
-46.26,45.23,21.24
-34.97,78.61,67.81
-21.06,118.53,121.89
-29.72,145.32,134.28
-50.29,155.03,113.65
-68.54,148.32,93.02
-75.26,132.32,80.81
-71.59,113.04,66.10
-67.14,90.21,43.76
-63.23,65.61,23.80
-56.64,41.87,10.50
-52.43,24.11,5.31
-51.15,11.84,6.90
-48.65,0.67,11.60
-40.95,-11.84,14.34
-33.75,-26.98,14.22
-30.33,-42.18,12.57
-27.95,-57.86,11.35
-23.13,-71.04,9.83
-25.21,-70.31,3.30
-32.04,-39.98,-5.62
-0.24,-24.90,-11.72
33.75,-19.96,-7.93
32.35,-5.19,0.55
28.99,10.86,8.54
27.10,22.34,14.47
24.35,28.26,17.52
19.35,27.77,18.31
6.41,21.91,16.91
-6.29,10.68,15.99
-5.00,-5.68,23.62
2.32,-19.41,32.78
21.36,-36.62,55.42
21.42,-37.35,55.79
29.48,-42.05,59.08
43.09,-48.10,72.75
40.89,-47.18,65.00
55.79,-56.64,89.11
49.38,-59.75,89.90
47.36,-63.78,100.10
31.62,-60.06,92.96
9.64,-40.59,68.24
9.28,-35.22,58.65
21.24,-35.03,64.27
10.50,-23.50,46.69
10.07,-15.26,33.75
24.11,-16.17,41.26
10.62,-1.71,15.50
12.51,5.49,-0.12
15.38,4.88,-4.52
15.44,2.08,-6.04
15.69,-0.79,-8.67
17.27,-3.36,-11.41
19.59,-5.86,-12.57
23.93,-7.45,-13.92
28.69,-8.24,-14.95
34.73,-8.61,-15.38
43.33,-8.42,-15.81
57.01,-8.42,-15.26
72.39,-7.93,-13.79
84.35,-7.57,-13.73
87.77,-12.88,-23.68
90.70,-25.21,-44.13
105.77,-21.85,-47.97
115.05,-28.02,-51.51
121.58,-19.59,-54.38
119.32,-10.07,-47.06
111.82,-15.81,-58.72
107.42,-14.28,-54.87
102.91,-9.28,-44.98
97.17,-9.95,-42.05
94.91,-4.09,-31.13
91.92,-2.56,-25.88
85.57,-4.94,-32.71
72.02,4.64,-16.42
60.61,-3.97,-14.10
49.74,-1.40,-7.26
41.38,-5.74,-7.81
33.81,-7.20,-5.07
21.42,-1.89,5.43
7.87,-4.21,8.54
1.28,-8.24,7.51
-4.03,-11.35,5.92
-7.63,-12.63,5.92
-7.26,-10.38,6.96
-3.66,-5.62,8.30
0.73,-0.73,10.50
4.15,3.48,12.51
6.77,6.53,13.92
8.61,8.36,15.14
8.97,8.97,15.69
8.67,8.61,15.93
8.24,7.75,15.56
8.54,7.02,14.34
8.54,6.53,12.45
6.90,6.04,10.50
4.03,5.31,8.24
1.22,4.27,6.35
-0.85,3.17,4.58
-0.12,2.50,3.60
1.53,2.32,3.05
2.26,2.26,2.56
1.46,2.08,1.89
-1.16,1.65,1.22
-3.36,1.83,0.98
-3.54,2.38,1.16
-2.38,3.54,1.28
-0.24,4.82,1.77
1.53,6.16,1.95
2.38,6.77,1.95
2.99,6.47,1.83
2.99,7.02,1.22
















-,-,-
5.07,1.71,4.46
5.98,2.20,4.88
6.41,2.50,5.07
7.69,2.26,4.88
7.63,1.83,4.27
6.90,1.22,3.48
6.84,0.67,2.44
6.47,0.31,1.46
5.74,0.12,0.61
4.64,0.06,0.00
3.91,0.06,-0.12
3.42,0.43,0.24
4.03,0.98,1.16
4.94,1.65,2.32
5.74,2.14,3.42
6.84,2.50,4.21
7.02,2.56,4.94
7.02,2.75,4.88
6.29,2.75,4.27
6.04,2.50,3.60
5.62,2.44,2.93
5.00,2.26,1.95
4.33,1.89,1.10
4.33,1.40,-0.12
4.33,0.98,-1.10
5.74,0.79,-1.71
11.66,0.55,-1.77
23.19,-0.73,-1.65
42.11,-6.29,-2.32
62.26,-9.95,-3.48
77.39,-19.78,-13.31
85.88,-22.58,-15.01
78.31,-28.02,-31.01
60.06,-27.53,-39.79
60.91,-35.10,-40.77
59.33,-34.91,-43.76
57.80,-31.43,-41.63
65.00,-27.65,-33.81
79.10,-22.64,-17.70
96.56,-22.71,-10.74
92.53,-16.30,-21.36
90.21,-23.86,-46.45
81.60,-23.56,-58.29
76.29,-26.49,-59.14
67.93,-23.32,-43.46
36.38,-9.89,-32.96
22.71,-10.93,-28.26
20.02,-4.39,-15.26
13.79,0.31,-6.41
12.02,2.75,2.69
1.89,8.91,14.77
-9.64,8.30,11.96
-19.23,8.54,5.74
-25.82,10.86,0.06
-31.86,12.45,-2.75
-38.09,14.53,-1.53
-42.48,21.30,4.88
-49.44,40.22,16.97
-60.06,68.18,35.52
-63.90,85.82,63.48
-55.11,90.94,94.42
-41.20,92.59,113.40
-34.06,90.88,117.07
-31.31,83.92,108.83
-25.88,72.94,92.29
-25.70,59.14,73.18
-27.71,43.82,56.27
-29.17,28.63,44.62
-25.76,14.65,37.48
-21.67,3.85,34.85
-19.23,-3.17,33.02
-19.29,-8.54,27.77
-21.18,-13.43,18.01
-20.81,-19.78,4.82
-21.48,-29.72,-6.04
-28.08,-41.50,-11.29
-39.43,-43.64,-10.62
-52.67,-19.71,-12.63
-29.48,-19.96,-13.67
-19.35,-19.96,-16.30
-25.09,-15.01,-13.18
-40.10,-10.62,-7.69
-41.38,-8.67,-4.76
-29.11,-13.98,3.48
-3.17,-26.06,17.58
9.40,-31.07,23.80
21.18,-39.00,34.97
25.94,-41.63,46.63
29.42,-44.01,53.71
50.48,-52.12,76.97
54.08,-52.55,84.11
36.44,-37.66,73.91
49.26,-48.65,86.06
69.03,-64.33,100.10
44.31,-50.78,78.74
2.44,-19.35,41.56
11.17,-31.01,43.88
31.62,-48.95,63.11
11.60,-40.47,53.77
-14.04,-20.45,30.09
6.71,-34.24,43.15
10.19,-41.69,43.15
1.59,-32.29,29.66
3.60,-26.61,24.96
-4.94,-11.35,5.74
-0.37,-4.82,0.43
6.65,-8.00,3.42
15.99,-18.25,11.54
2.62,-14.53,3.85
-6.71,-12.57,-2.87
-14.10,-13.49,-5.19
-17.52,-14.34,-4.58
-11.54,-13.49,-1.46
-3.05,-10.50,2.20
5.25,-5.62,4.52
15.56,1.71,4.76
28.56,5.00,6.53
41.75,5.74,6.90
46.57,6.96,5.86
45.23,6.90,3.42
45.78,4.58,0.31
47.49,1.16,-4.76
52.92,-5.00,-11.66
63.84,-13.61,-21.91
77.15,-24.29,-28.69
84.47,-29.79,-40.41
99.91,-30.09,-47.24
102.54,-30.33,-52.73
107.06,-34.12,-66.77
112.55,-31.98,-67.50
109.92,-23.44,-64.82
96.37,-13.61,-56.82
86.49,-13.85,-44.37
84.05,-11.60,-25.02
72.33,-6.96,-19.65
64.76,-2.93,-19.96
60.55,-0.37,-19.17
60.85,1.10,-10.19
46.63,7.08,2.01
28.08,10.74,11.72
19.47,9.64,19.96
10.50,9.52,31.19
-4.27,7.14,29.66
-12.27,2.08,21.00
-9.09,-0.67,11.35
-5.68,-2.32,3.72
-5.98,-4.52,-1.71
-7.45,-5.37,-5.00
-8.30,-5.00,-6.59
-10.38,-4.39,-7.08
-11.41,-3.60,-6.71
-10.31,-2.44,-5.80
-8.18,-1.34,-4.46
-6.90,0.12,-2.56
-5.62,1.53,-0.79
-3.60,2.75,1.34
-2.26,3.48,3.48
-1.59,3.91,5.49
-0.31,4.27,6.77
1.71,4.58,7.81
2.08,5.13,8.24
1.53,5.37,7.69
0.92,5.25,6.71
0.12,5.07,5.55
-0.49,4.64,4.09
-0.98,3.85,2.38
-1.34,2.87,0.00
-0.55,2.08,-2.75
-0.67,0.79,-4.58
-2.87,-0.37,-5.68
-3.72,-0.37,-6.47
-3.66,0.49,-6.90
-3.42,0.79,-6.53
-3.91,1.16,-5.92
















-,-,-
3.54,-0.92,1.22
2.75,-0.85,1.71
3.30,-0.73,1.95
4.03,-0.43,1.95
4.46,-0.12,1.77
3.54,0.06,1.95
3.42,0.31,1.65
3.36,0.55,1.22
3.36,0.61,0.98
3.72,0.49,0.49
2.93,0.31,-0.06
2.26,0.06,-0.55
2.20,-0.12,-0.79
2.75,-0.12,-0.61
2.81,-0.24,-0.43
2.69,-0.31,0.06
2.87,-0.12,0.49
3.30,-0.18,0.37
3.42,-0.12,0.43
3.72,-0.12,0.43
3.78,-0.06,0.43
3.05,-0.18,0.06
2.99,-0.12,-0.24
2.93,-0.06,-0.37
2.44,-0.12,-0.31
1.77,0.06,-0.24
3.05,-0.06,-0.24
5.13,-0.37,-0.24
8.73,-1.46,-0.31
11.72,-5.25,-2.20
15.20,-10.80,-7.39
23.99,-8.67,-8.06
21.73,-12.15,-14.59
21.30,-18.43,-22.09
25.57,-28.38,-32.59
29.11,-36.19,-53.41
34.73,-37.48,-64.51
44.92,-47.67,-77.70
40.59,-52.31,-106.38
32.96,-50.11,-120.24
34.61,-50.42,-116.21
26.00,-45.53,-107.67
21.00,-41.44,-83.92
10.25,-34.91,-64.94
10.19,-27.10,-39.00
6.71,-20.81,-24.54
10.50,-13.92,-14.04
8.00,-9.89,-7.02
14.28,-11.47,-3.66
23.56,-13.43,-6.04
25.02,-14.40,-18.01
26.00,-16.05,-34.42
27.28,-11.35,-32.17
14.71,-16.54,-41.38
3.66,-11.96,-33.02
-17.88,-7.02,-24.90
-40.71,-5.80,-22.03
-56.76,-1.22,-14.71
-61.40,1.40,-14.16
-54.44,6.29,-12.94
-42.42,14.34,-7.02
-29.97,27.59,3.36
-20.14,49.87,22.89
-21.12,82.52,48.95
-33.81,101.99,69.34
-44.80,112.61,86.06
-47.49,116.58,99.67
-39.43,112.98,103.33
-35.28,99.30,93.75
-34.00,77.70,74.52
-32.29,54.69,54.08
-32.17,33.02,40.41
-32.10,11.96,34.42
-32.65,-7.39,35.46
-29.91,-24.05,39.92
-33.08,-38.33,42.48
-39.86,-50.35,39.73
-53.22,-56.09,26.12
-69.27,-49.32,-3.91
-54.63,-52.37,-24.78
-42.11,-47.85,-31.92
-8.42,-41.75,-36.13
13.12,-32.47,-30.33
15.56,-25.45,-18.19
12.82,-18.49,-8.54
14.83,-12.51,-3.23
16.72,-8.73,1.65
9.28,-6.59,5.19
0.67,-4.70,6.84
-5.19,-3.05,8.24
-12.15,-1.95,9.52
-18.25,-3.60,11.29
-15.38,-10.68,15.75
6.77,-26.79,32.29
12.15,-23.62,37.17
24.96,-36.68,53.04
26.92,-40.04,60.30
5.43,-23.44,40.47
15.81,-28.81,55.48
28.75,-48.58,78.86
13.49,-43.40,68.54
-3.30,-29.30,52.98
2.44,-32.35,58.96
9.58,-39.67,72.57
-16.97,-26.61,50.48
-12.51,-26.37,46.14
-4.58,-32.17,56.03
-7.69,-36.62,51.45
-18.49,-16.78,27.10
-13.31,-7.20,13.43
0.24,-11.78,17.21
8.42,-15.75,20.81
8.12,-16.60,22.77
-3.48,-2.20,5.55
-4.52,3.85,-5.43
-3.42,2.20,-7.45
-8.00,0.06,-8.24
-12.57,-1.59,-9.16
-14.16,-2.75,-9.28
-12.57,-3.72,-8.12
-9.16,-4.58,-5.98
-4.09,-5.37,-2.62
0.49,-5.37,1.16
-0.67,-3.91,3.97
-4.64,-0.49,5.07
-6.41,2.32,5.25
-7.57,4.27,5.31
-7.20,5.98,5.49
-3.42,7.39,5.62
3.91,8.48,5.43
13.18,8.79,4.46
25.09,8.48,3.48
35.52,6.96,3.05
43.95,6.16,1.71
54.02,4.39,0.37
65.12,0.98,-1.22
75.99,-7.51,-5.49
91.43,-20.63,-14.71
103.76,-26.86,-27.65
119.08,-32.04,-38.33
128.72,-44.37,-56.64
144.10,-36.80,-63.42
130.80,-33.45,-68.42
118.29,-30.88,-67.99
100.16,-24.90,-58.23
86.61,-17.76,-46.08
71.53,-9.89,-27.65
61.89,-13.61,-19.71
61.28,-3.23,-0.49
55.54,5.49,15.26
38.94,4.03,7.45
40.83,5.98,6.59
45.59,5.00,3.60
39.79,-2.01,-6.84
29.17,-4.03,-16.60
15.56,-7.51,-28.08
9.34,-6.16,-27.89
1.10,-6.10,-20.63
-8.61,-8.97,-18.68
-12.08,-10.38,-19.17
-11.84,-9.22,-18.98
-11.60,-7.63,-16.17
-11.47,-5.62,-11.35
-7.39,-1.95,-6.23
-0.49,2.99,-1.34
4.15,7.20,3.54
5.92,9.16,7.20
6.71,9.77,9.34
6.77,9.40,10.38
6.47,8.36,10.68
5.49,6.71,11.05
3.85,5.13,10.31
1.95,3.78,8.79
0.37,2.38,6.47
















-,-,-
0.12,-1.46,-1.59
-0.24,-1.89,-1.77
-0.24,-2.08,-1.46
-0.43,-1.95,-1.22
-0.49,-1.77,-1.28
-0.37,-2.08,-1.77
0.85,-2.44,-2.38
1.59,-2.50,-2.87
1.65,-2.38,-3.23
1.46,-2.32,-3.36
1.40,-2.08,-3.54
1.28,-2.01,-3.30
1.71,-1.77,-2.99
2.20,-1.65,-2.44
2.26,-1.40,-1.89
2.44,-1.40,-1.04
3.48,-1.34,-0.12
4.33,-1.04,0.79
5.55,-1.04,1.53
5.86,-0.85,1.77
5.98,-0.85,1.59
5.37,-0.67,1.16
5.37,-0.67,0.67
5.25,-0.92,0.24
5.92,-1.40,-0.37
10.50,-1.89,-0.79
16.54,-2.50,-0.73
19.78,-3.36,-1.04
21.24,-5.13,-2.26
22.64,-7.93,-4.27
21.97,-11.66,-6.77
19.29,-20.08,-13.85
20.51,-25.21,-25.76
26.49,-31.43,-30.21
36.80,-37.72,-31.01
48.77,-55.48,-42.42
67.38,-64.03,-65.25
90.88,-72.63,-81.36
116.70,-92.90,-98.27
121.89,-92.22,-105.47
108.03,-82.70,-102.23
88.99,-62.38,-82.09
65.55,-47.12,-60.91
36.93,-34.30,-49.32
28.56,-30.52,-38.21
34.55,-21.85,-26.31
35.03,-11.78,-8.24
28.81,-11.41,-4.21
23.68,-6.77,0.85
14.53,-3.54,1.83
-0.18,0.31,-3.11
-17.88,7.57,-11.23
-36.56,15.38,-20.81
-55.60,21.79,-26.12
-68.48,27.89,-23.19
-71.90,49.07,-8.24
-70.31,83.31,15.14
-57.01,101.14,38.64
-42.48,101.07,56.88
-38.45,98.39,71.59
-39.00,103.03,82.58
-45.29,106.63,88.87
-52.49,103.82,89.60
-54.20,94.30,86.24
-56.64,78.00,85.08
-55.85,59.02,87.65
-50.66,39.00,86.30
-43.64,15.38,74.83
-38.27,-6.29,55.30
-42.18,-25.88,33.69
-49.87,-50.60,11.47
-55.30,-70.68,-6.77
-63.29,-77.70,-16.85
-86.36,-44.68,-17.09
-43.46,-26.61,-5.31
-4.21,-33.02,-13.61
-3.54,-32.47,-22.03
2.32,-22.28,-19.10
14.59,-11.84,-13.73
21.91,-4.15,-7.20
23.62,0.00,-1.83
22.46,-0.24,3.23
22.09,-3.85,8.73
23.19,-8.91,14.47
32.10,-21.24,30.88
53.53,-35.28,58.53
62.62,-38.76,73.97
70.13,-49.01,89.17
61.95,-49.99,85.39
46.14,-55.18,75.81
40.71,-59.02,74.22
30.70,-69.21,79.10
5.80,-59.45,62.07
-1.22,-62.44,65.00
-14.65,-42.54,48.03
-32.59,-29.05,34.24
-19.17,-37.96,45.84
-18.25,-42.18,58.29
-35.10,-37.60,50.05
-36.44,-29.05,41.99
-23.99,-30.94,48.89
-13.12,-28.81,53.53
-8.79,-13.92,41.56
4.58,-8.42,35.83
7.45,-2.26,22.34
3.97,5.74,7.69
-0.31,5.68,1.77
-7.51,2.26,-1.59
-16.17,-2.50,-5.07
-20.20,-7.39,-6.35
-16.78,-12.15,-2.99
-6.35,-16.17,7.63
-2.26,-11.60,8.48
5.25,-1.77,0.98
18.37,4.21,0.06
28.38,7.08,1.59
37.60,8.00,3.54
47.91,7.93,4.21
57.74,7.75,3.42
65.00,7.14,2.32
75.74,5.92,-0.06
99.98,3.48,-5.68
110.72,-8.00,-23.56
127.01,-21.48,-49.44
135.44,-27.77,-73.18
134.89,-29.24,-85.94
126.34,-28.99,-88.07
107.12,-15.14,-90.33
100.52,-2.32,-79.10
101.14,1.83,-62.01
95.15,4.46,-48.28
91.00,10.99,-42.54
86.91,17.94,-15.38
71.59,16.36,-13.24
66.10,16.72,3.11
57.62,9.46,5.31
50.48,8.06,1.95
48.95,10.56,7.87
37.96,15.26,12.27
25.39,11.84,9.89
14.77,7.69,4.64
6.04,2.81,-3.17
-1.46,-0.92,-9.58
-5.74,-3.36,-13.79
-5.25,-3.30,-14.83
-0.92,-1.04,-13.18
3.97,2.08,-9.58
7.75,5.55,-5.31
10.62,8.67,-0.73
13.49,11.60,3.11
15.38,13.67,6.96
17.64,14.77,10.13
18.68,16.05,12.57
18.55,16.72,14.10
18.43,16.66,14.95
17.70,16.60,14.83
15.01,16.60,13.98
13.49,15.99,12.94
13.00,14.71,12.76
11.23,13.61,12.27
9.89,13.06,10.62
11.60,12.51,8.54
14.28,11.78,6.65
13.67,10.50,4.39
10.68,8.97,1.71
7.87,7.26,-1.95
4.21,5.43,-5.19
-1.16,3.97,-7.57
-5.37,2.69,-9.95
-7.51,2.62,-12.27
-7.69,3.78,-14.10
-4.39,5.68,-15.44
-0.12,6.84,-15.44
0.24,7.57,-14.77
















-,-,-
3.05,-0.18,-0.55
2.14,-0.49,-1.10
2.20,-1.16,-1.40
2.20,-1.59,-1.16
2.01,-1.77,-0.92
2.32,-1.95,-0.73
1.89,-1.71,-1.10
1.77,-0.98,-1.22
2.38,0.00,-0.92
3.05,0.49,-0.24
3.60,0.92,-0.06
3.85,1.28,-0.31
3.72,1.28,-0.31
4.03,1.16,0.43
3.85,0.98,1.04
3.17,0.73,0.85
2.75,0.43,0.18
2.62,0.12,-0.49
2.56,0.12,-0.37
2.93,0.24,-0.43
2.20,0.00,-0.55
2.20,-0.31,-0.79
2.26,-0.06,-0.55
2.26,-0.18,-0.06
1.65,-0.55,0.43
1.53,-0.73,0.12
1.40,-0.98,-0.49
1.53,-0.79,-0.85
1.77,-0.43,-0.73
2.01,0.06,-0.43
2.14,0.18,-0.24
2.50,0.37,-0.24
2.56,0.55,-0.24
2.62,0.85,-0.06
2.69,0.85,0.00
2.38,0.73,0.06
1.89,0.92,-0.18
1.65,1.28,-0.55
1.95,2.26,-0.85
1.71,4.52,-1.04
-0.24,7.57,-1.46
-1.95,10.80,-2.01
-6.35,12.33,-2.75
-15.14,11.47,-3.23
-18.07,6.53,-3.91
-23.13,-1.71,-5.37
-31.13,-10.19,-7.45
-35.77,-20.32,-9.83
-43.03,-41.44,-18.62
-50.17,-80.38,-40.95
-55.24,-117.25,-67.57
-88.81,-109.62,-71.84
-80.51,-101.07,-82.03
-40.28,-86.67,-87.71
2.99,-72.57,-78.31
38.70,-69.95,-71.41
44.07,-65.86,-68.60
43.09,-63.11,-64.21
50.48,-72.20,-66.47
55.24,-84.59,-90.64
65.25,-104.92,-137.70
82.46,-114.14,-157.04
85.45,-106.57,-162.35
72.75,-83.19,-153.69
61.34,-52.00,-116.03
63.54,-34.06,-65.00
59.75,-4.58,-12.51
49.74,16.48,21.61
39.61,30.15,43.15
30.15,36.50,51.09
22.89,36.87,46.69
16.60,37.41,38.70
15.87,39.18,30.03
16.91,40.47,18.74
9.46,41.81,5.07
-12.39,45.17,-6.71
-43.46,68.85,-15.69
-82.40,110.60,-13.55
-94.79,127.99,13.12
-85.08,130.00,44.31
-73.18,129.82,63.60
-67.93,116.39,67.99
-58.47,91.00,62.81
-40.77,58.11,56.58
-31.62,23.62,52.19
-31.80,-2.01,49.80
-35.40,-12.76,53.47
-29.97,-17.88,63.29
-23.93,-22.77,70.43
-25.27,-31.25,64.82
-33.02,-51.15,43.58
-46.20,-72.51,10.13
-69.89,-71.59,-20.57
-64.09,-65.43,-30.09
-55.05,-58.41,-28.26
-47.91,-49.99,-24.17
-39.79,-35.46,-16.78
-21.55,-27.28,-2.87
-21.73,-18.55,8.42
-0.43,-17.27,26.73
-16.85,-3.36,19.10
-43.82,3.60,9.46
-10.93,-13.24,42.72
50.17,-31.19,93.93
51.39,-30.58,96.56
28.08,-23.86,77.88
9.89,-21.06,67.20
15.32,-32.04,84.96
12.27,-34.67,103.09
-4.64,-34.30,108.46
-10.93,-35.95,104.31
-9.77,-31.68,75.50
3.11,-22.16,43.03
12.70,-12.82,21.85
17.09,-9.58,10.50
15.50,-4.58,-3.36
15.81,-7.51,-5.07
11.90,-10.19,-6.65
5.68,-11.78,-7.87
-0.43,-11.60,-8.91
-3.05,-9.58,-8.42
-7.39,-6.53,-7.02
-10.25,-3.54,-4.70
-8.18,-0.37,-0.98
-3.91,2.87,3.11
1.34,5.86,6.65
5.92,8.24,9.64
8.42,10.19,11.29
10.38,10.50,11.29
12.21,9.28,10.01
15.20,8.24,8.42
20.02,6.16,7.14
28.44,-0.49,7.02
44.37,-17.27,8.18
65.37,-26.25,6.90
73.18,-20.45,1.71
82.46,-13.61,1.71
93.32,-11.35,3.54
117.43,-26.31,-5.92
142.09,-29.54,-21.91
149.35,-40.89,-46.33
151.98,-41.02,-72.63
159.24,-35.22,-80.20
146.48,-26.25,-71.59
123.78,-24.41,-57.74
96.80,-14.53,-42.42
70.25,-9.34,-30.88
58.90,3.85,-10.38
48.28,8.73,6.10
39.06,17.46,19.47
30.27,19.17,27.22
17.03,11.78,21.73
7.14,-1.59,4.88
-3.48,-13.85,-11.29
-18.37,-24.11,-23.44
-31.25,-29.05,-29.30
-37.23,-28.20,-28.50
-38.27,-22.77,-22.89
-34.48,-14.16,-14.16
-22.40,-3.97,-4.15
-5.98,7.26,7.20
5.07,16.42,17.58
9.95,22.46,24.66
14.65,25.76,28.81
15.69,26.73,30.27
12.45,26.25,28.14
9.16,25.27,23.62
7.20,22.22,17.27
2.14,17.03,9.22
-4.09,11.05,0.37
-7.93,5.31,-6.59
-10.13,0.67,-12.21
-11.35,-2.14,-15.93
-15.93,-3.11,-16.72
















-,-,-
2.93,-0.24,-0.12
2.32,-0.49,-0.61
1.22,-0.73,-1.34
-0.24,-1.04,-2.08
-0.49,-1.10,-2.44
-0.43,-0.98,-2.50
-0.37,-0.98,-2.62
-0.85,-0.98,-2.62
-0.49,-1.04,-2.69
-0.43,-0.98,-2.62
-0.12,-0.98,-2.32
0.18,-0.73,-2.20
-0.06,-0.73,-2.14
-0.24,-0.85,-2.32
-0.12,-1.10,-2.38
0.67,-1.28,-2.26
0.73,-1.34,-2.08
0.49,-1.53,-1.77
0.31,-1.46,-1.65
0.31,-1.53,-1.53
0.55,-1.40,-1.10
0.98,-1.10,-0.79
1.10,-0.79,-0.92
1.71,-0.67,-0.73
1.77,-0.79,-0.43
0.12,-1.40,-0.12
-5.19,-2.93,0.31
-13.24,-5.13,0.12
-22.22,-7.32,-1.10
-30.09,-8.48,-2.81
-34.06,-8.24,-4.03
-39.55,-6.29,-3.54
-48.71,0.12,-2.81
-58.17,25.09,10.13
-77.03,41.81,23.68
-97.78,43.82,27.59
-96.68,51.88,40.89
-91.00,51.76,51.27
-90.64,41.75,43.64
-81.73,25.51,25.02
-67.63,5.43,5.86
-53.65,-4.39,-10.01
-44.92,-10.01,-20.39
-31.13,-10.56,-16.17
-27.10,-10.01,-8.73
-22.46,-15.50,-10.99
-10.68,-8.67,-6.29
2.87,0.12,5.25
9.40,6.59,15.32
15.14,11.17,22.58
21.85,14.10,26.12
26.67,14.16,24.35
26.67,11.11,19.10
23.32,6.04,12.27
18.98,0.43,4.88
12.57,-3.91,-2.20
6.96,-6.53,-7.51
1.95,-7.63,-11.17
-3.05,-6.47,-12.57
-7.08,-4.27,-12.02
-8.18,-1.77,-10.13
-7.51,0.31,-7.57
-5.92,0.61,-4.52
-0.73,-3.54,5.80
6.47,-10.99,24.23
6.53,-12.27,30.33
28.20,-30.70,60.67
32.71,-42.18,78.43
21.36,-37.72,75.07
30.82,-51.64,98.21
33.63,-61.52,107.60
22.03,-57.50,90.33
16.60,-50.78,71.35
13.73,-45.90,50.84
19.71,-43.15,50.66
14.04,-43.70,52.73
-5.37,-32.96,34.06
2.93,-39.92,34.67
31.98,-70.98,68.91
20.94,-68.97,75.93
1.40,-54.38,63.66
15.50,-46.26,58.23
10.25,-28.20,35.77
24.60,-23.74,33.20
27.04,-23.74,27.89
11.29,-5.55,6.90
9.40,3.60,-3.91
3.66,2.32,-4.64
-3.30,-0.12,-3.72
-4.39,-1.95,-3.05
-5.07,-1.89,-2.87
-4.82,-0.85,-2.69
-2.14,-0.12,-2.69
0.98,0.67,-2.44
5.68,1.16,-1.53
11.78,1.53,-0.37
16.54,2.08,0.85
21.30,2.26,1.53
27.59,2.75,1.53
32.90,2.75,0.92
37.23,2.69,0.12
42.54,2.50,-0.18
46.26,2.93,-0.31
50.60,3.05,0.49
53.83,1.83,-0.49
52.55,-2.26,-5.13
58.59,-7.69,-12.15
71.17,-14.95,-21.73
77.82,-13.00,-30.46
77.88,-11.23,-37.23
80.57,-13.18,-44.01
70.68,-7.32,-45.10
65.25,-4.94,-44.98
63.29,1.83,-36.74
53.10,10.19,-24.66
54.08,13.85,-6.53
53.77,12.27,12.15
54.87,15.20,18.62
48.89,15.01,13.12
52.37,9.89,4.76
44.43,4.09,-4.94
40.10,4.76,-7.20
35.95,1.34,-3.85
21.55,0.00,-2.62
14.16,0.31,-1.34
3.72,3.54,6.29
-6.23,0.79,7.51
-8.30,-2.69,3.85
-4.88,-4.21,0.37
-3.60,-5.55,-1.89
-3.72,-6.71,-2.62
-3.05,-6.71,-2.56
-2.81,-5.92,-2.14
-1.95,-4.64,-0.55
-2.08,-2.99,1.65
-3.11,-1.04,3.66
-3.66,0.61,5.62
-3.23,2.08,7.32
-2.99,3.36,9.03
-2.08,4.58,10.31
-0.31,5.37,11.17
1.28,6.23,10.99
2.93,6.96,9.46
1.89,6.59,7.20
-0.61,5.25,4.39
-2.08,3.78,1.53
-2.62,2.20,-0.73
-2.93,0.55,-2.38
-3.48,-0.49,-3.17
-3.66,-1.04,-3.23
-3.66,-1.22,-2.99
-2.87,-0.67,-2.81
-1.28,0.37,-2.20
0.00,1.71,-1.71
0.92,3.42,-1.71
0.85,4.88,-2.69
-1.04,6.04,-3.91
-5.62,5.98,-4.76
-11.05,5.68,-5.37
-15.38,5.55,-5.86
-17.52,5.98,-5.43
-19.59,7.26,-3.85
-20.94,10.13,-2.87
-22.28,13.98,-3.11
-24.84,18.07,-3.91
-30.21,23.25,-5.00
-39.79,31.98,-5.86
-45.72,42.66,-2.14
-53.53,61.89,2.01
-52.61,80.99,11.05
-39.43,89.17,29.30
-26.73,96.50,45.96
-16.85,106.26,57.86
-10.86,113.10,65.92
















-,-,-
1.89,-4.52,-5.25
2.38,-3.78,-4.64
2.56,-2.75,-3.72
2.81,-2.01,-2.75
4.03,-1.59,-1.77
4.76,-1.16,-1.04
5.13,-0.92,-0.31
4.70,-0.79,0.18
4.39,-0.55,0.37
3.72,-0.24,0.55
3.48,0.24,0.67
3.78,0.61,0.55
4.03,1.04,0.73
4.39,1.10,0.37
4.39,0.55,0.00
4.03,-0.12,-0.06
3.54,-0.37,-0.43
2.87,-0.61,-0.85
2.50,-0.67,-0.85
3.36,-0.67,-0.92
4.33,-0.31,-0.55
5.00,-0.06,-0.12
5.19,-0.12,-0.06
4.64,-0.49,-0.18
3.85,-0.98,-0.43
3.11,-0.98,-0.79
2.62,-0.85,-1.16
2.69,-0.79,-0.85
3.11,-0.37,-0.55
3.54,-0.49,-0.12
4.15,-0.55,0.31
6.77,-0.92,0.73
12.70,-1.89,1.16
20.57,-3.36,0.73
28.14,-8.18,-4.64
44.56,-18.49,-19.71
62.19,-17.88,-23.44
77.45,-26.06,-36.68
86.98,-29.72,-42.30
92.65,-32.23,-58.23
104.68,-35.95,-69.34
105.71,-39.18,-89.29
92.41,-30.82,-110.96
90.15,-30.70,-95.34
82.76,-31.01,-67.14
64.39,-26.61,-49.62
49.32,-11.23,-29.91
46.08,-9.40,-8.06
42.79,-6.59,8.06
31.07,1.10,19.84
17.27,-1.28,18.37
5.43,-3.42,13.43
-5.49,-2.01,7.81
-19.04,1.59,3.36
-37.29,8.48,-1.53
-50.54,20.39,-6.53
-61.46,36.32,-7.93
-69.95,55.97,-1.77
-71.35,77.09,13.00
-78.37,93.26,25.76
-74.83,91.06,42.05
-68.66,86.06,57.07
-73.36,86.18,63.60
-79.41,85.75,62.62
-80.26,77.45,60.49
-70.98,58.90,58.90
-58.72,34.55,55.18
-50.66,11.05,50.05
-44.74,-8.91,43.03
-42.60,-27.83,31.86
-45.41,-47.55,15.81
-50.48,-63.11,-2.20
-54.14,-69.76,-16.17
-55.24,-61.65,-21.97
-51.51,-47.79,-26.06
-30.15,-36.74,-30.15
-0.79,-24.66,-27.16
2.93,-14.53,-12.94
-1.77,-7.45,-1.77
-8.06,-1.71,6.35
-13.98,0.24,13.98
-11.90,-5.43,24.35
-8.42,-14.16,36.01
13.43,-32.23,62.07
-1.16,-25.39,58.53
-6.41,-27.16,52.00
12.63,-40.95,67.14
21.55,-44.19,68.60
32.59,-56.15,74.16
27.95,-56.95,68.12
18.13,-47.85,58.35
23.74,-59.20,67.99
3.54,-57.13,65.55
5.49,-66.96,68.48
0.43,-58.84,69.89
2.69,-57.31,72.81
-26.18,-31.49,45.35
-12.76,-22.71,34.97
10.99,-41.69,54.02
-15.32,-31.07,40.47
-14.16,-18.19,29.91
-3.60,-18.13,26.49
-5.25,-13.24,21.12
-10.68,3.48,8.97
-9.40,12.21,2.20
-7.20,12.39,1.89
-10.93,11.96,0.49
-17.88,8.24,-2.14
-24.84,2.44,-4.82
-30.03,-2.99,-5.98
-31.68,-6.53,-6.10
-29.79,-7.57,-5.13
-24.29,-5.74,-3.54
-16.24,-2.38,-0.98
-6.41,0.98,1.77
5.37,3.42,4.82
15.20,4.88,7.45
22.64,5.43,9.40
30.40,5.55,10.38
35.71,5.74,10.38
38.39,5.92,10.01
43.76,6.16,8.42
52.43,7.20,3.78
56.70,3.54,-8.48
62.62,-8.48,-30.33
83.13,-22.09,-55.85
109.56,-29.85,-74.34
119.93,-23.56,-84.23
113.59,-17.09,-91.31
108.83,-17.64,-94.67
105.59,-17.21,-81.48
97.47,-15.93,-61.10
79.47,-14.65,-40.77
68.66,-9.58,-22.64
57.31,5.07,6.04
47.24,19.04,24.48
35.83,22.77,39.49
33.02,16.17,46.75
24.29,7.45,39.25
14.83,-0.73,21.30
3.78,-7.45,3.17
-7.63,-12.45,-10.93
-15.69,-15.63,-19.35
-18.55,-16.24,-21.55
-17.21,-13.67,-19.23
-14.71,-9.77,-14.59
-12.63,-5.68,-8.91
-9.46,-0.79,-3.85
-3.78,4.64,1.59
2.32,9.22,7.08
5.13,12.15,11.11
6.59,13.98,13.61
7.81,15.14,14.40
9.03,15.08,13.98
10.38,13.98,13.06
9.64,12.57,10.80
7.57,10.86,7.93
4.03,9.09,4.52
2.20,6.84,0.98
0.61,4.94,-1.83
-0.85,3.85,-4.52
-2.38,4.15,-6.84
-4.88,4.82,-8.73
-6.04,5.62,-9.52
-5.55,7.08,-8.48
-5.37,10.19,-5.80
-6.84,14.95,-1.16
-8.97,21.67,5.00
-9.95,29.30,12.21
-13.37,39.37,16.91
-24.17,51.21,19.53
-32.53,64.03,22.34
-32.47,77.39,36.74
-23.50,90.33,59.81
-18.13,103.70,78.25
















-,-,-
4.39,-0.85,-0.24
3.91,-0.98,-0.12
3.48,-0.98,0.43
3.66,-0.37,1.16
4.52,0.12,2.01
4.82,0.61,2.69
5.13,0.85,2.93
5.37,0.98,2.62
5.13,0.79,2.14
5.00,0.43,1.28
4.70,-0.18,0.31
3.60,-0.79,-0.31
2.26,-1.10,-0.79
1.89,-0.98,-0.79
1.83,-0.61,-0.37
2.81,0.00,0.12
3.72,0.24,0.79
4.76,0.43,1.16
5.92,0.67,1.22
7.02,0.37,1.16
8.48,-0.12,1.04
11.66,-0.24,1.10
14.59,-0.24,0.61
15.20,-0.92,-0.73
15.81,-5.07,-4.82
22.95,-9.70,-9.40
32.65,-18.37,-17.33
54.08,-33.33,-30.15
76.48,-39.37,-50.23
101.14,-38.02,-62.26
108.46,-43.33,-85.27
110.84,-48.34,-104.92
104.86,-49.19,-109.74
88.50,-41.81,-102.11
79.41,-34.67,-71.23
67.08,-28.50,-33.45
59.81,-11.17,7.08
48.77,3.54,40.95
35.46,2.01,47.12
30.64,0.31,44.92
31.13,0.49,38.76
27.59,1.40,31.62
21.85,3.42,23.99
18.43,6.53,16.42
14.04,9.58,9.16
9.89,11.96,1.89
3.05,13.92,-5.25
-7.39,15.14,-12.51
-18.62,15.63,-19.78
-26.92,15.87,-24.41
-28.32,17.27,-26.98
-27.59,17.58,-27.53
-35.22,15.08,-31.74
-48.89,15.01,-48.58
-53.28,31.56,-53.47
-42.60,51.21,-20.32
-26.55,67.99,31.19
-18.01,83.37,69.52
-21.85,94.79,83.13
-38.39,100.59,83.62
-57.50,98.51,83.98
-71.96,88.68,87.95
-78.49,72.94,90.09
-78.49,54.08,88.07
-74.52,34.48,80.69
-70.25,12.94,67.32
-69.82,-8.79,49.13
-69.03,-30.03,27.47
-66.65,-48.89,6.10
-63.72,-63.66,-10.74
-58.29,-77.76,-23.01
-47.67,-97.41,-32.17
-58.65,-86.61,-29.60
-39.06,-49.93,-28.26
35.58,-33.75,-33.08
47.00,-24.90,-15.63
31.07,-19.53,-3.78
11.47,-16.60,4.03
0.18,-14.47,9.89
-4.15,-11.35,10.62
-12.08,-12.15,10.68
-20.87,-18.92,15.93
-13.49,-34.97,35.28
-22.22,-31.62,43.21
-16.30,-27.10,47.24
-10.68,-33.57,56.64
-3.97,-34.00,66.65
7.81,-50.60,84.29
-5.86,-52.55,84.78
-34.61,-38.45,59.81
-20.94,-52.49,70.86
-22.03,-66.83,84.05
-46.51,-54.99,65.61
-46.14,-34.67,47.97
-20.02,-33.33,50.29
-15.38,-20.87,37.11
2.69,-19.04,43.03
-4.09,-12.88,32.71
-16.42,8.79,8.67
-9.22,4.33,11.54
-1.89,-12.94,31.31
-9.64,-20.45,33.02
-20.20,-11.66,19.90
-10.19,-12.21,17.15
-7.69,-13.18,17.76
-13.31,-1.04,1.95
-1.59,4.21,-3.48
11.23,4.46,-2.81
19.53,4.21,0.06
25.27,4.88,0.92
28.69,4.15,-0.67
33.45,1.83,-3.91
37.29,-0.98,-6.84
42.18,-2.99,-9.28
53.59,-4.09,-10.93
67.99,-6.84,-15.14
90.58,-17.64,-25.39
121.40,-29.97,-37.48
139.59,-27.83,-41.20
142.94,-29.36,-52.00
139.77,-18.62,-52.61
129.52,-14.40,-43.52
122.86,-14.83,-37.90
101.38,-11.35,-23.01
88.75,-10.07,-14.22
80.02,-8.61,-2.50
76.42,-12.76,5.31
69.52,-6.35,5.37
71.47,-10.19,-2.26
76.23,-11.11,-8.42
73.49,-4.27,-12.76
58.65,-1.16,-19.96
43.76,2.50,-14.83
25.33,3.85,-8.24
8.79,7.14,2.20
-10.93,-0.18,2.50
-23.38,-10.56,-6.53
-29.17,-15.87,-14.22
-33.57,-18.13,-18.92
-30.09,-16.91,-18.25
-17.33,-10.38,-12.33
-5.49,-0.18,-4.64
3.54,10.99,3.11
6.59,19.53,11.05
3.66,23.99,17.88
-5.49,28.26,22.40
-13.85,35.89,23.01
-17.52,45.41,17.03
-32.23,64.88,-5.98
-34.91,77.88,-26.37
-21.67,68.79,-16.48
-9.03,61.95,8.67
-5.80,67.32,26.73
-6.53,72.63,35.64
-6.90,70.68,41.56
-8.12,65.86,46.33
-11.35,61.40,48.71
-15.69,57.19,47.06
-18.07,52.37,39.61
-14.89,47.12,26.06
-8.18,39.73,9.52
-3.30,30.09,-3.78
1.71,19.65,-9.70
5.00,9.03,-11.47
3.78,0.31,-10.99
1.22,-5.37,-9.58
-1.46,-8.97,-8.48
-3.60,-12.70,-7.87
-4.39,-16.60,-8.73
-6.29,-18.86,-10.50
-7.81,-17.76,-12.45
-8.24,-13.85,-13.73
-8.00,-9.22,-14.83
-6.47,-5.98,-13.92
-3.72,-5.49,-11.72
















-,-,-
39.00,10.13,-6.47
36.80,9.34,-3.48
39.25,9.28,-1.46
40.83,4.03,-5.25
44.25,1.34,-8.00
42.66,-0.85,-12.39
43.03,-0.18,-11.54
39.49,3.11,-7.75
35.03,6.47,-6.65
34.36,7.63,-3.17
32.29,7.14,-3.91
31.01,7.32,-5.98
32.78,6.41,-5.07
34.73,5.86,-4.21
35.58,1.16,-10.01
39.25,-3.66,-17.64
42.18,0.37,-14.22
40.34,8.24,-5.98
33.20,10.01,-2.38
30.76,7.75,-5.13
34.55,6.77,-6.23
35.16,8.18,-3.17
32.59,5.37,-5.07
34.61,8.42,-2.32
37.05,9.16,-1.46
42.24,4.33,-5.98
48.10,2.08,-9.95
50.90,3.60,-15.93
50.48,8.85,-14.59
43.64,11.29,-15.44
37.48,10.99,-17.58
32.65,10.62,-16.85
25.21,13.18,-22.52
20.94,14.22,-19.78
9.22,16.54,-24.72
-1.83,20.51,-31.62
-9.46,30.58,-26.18
-14.71,48.40,-10.38
-18.31,68.24,11.78
-20.94,81.85,32.90
-20.02,88.50,47.55
-23.44,91.55,56.34
-31.80,88.75,59.57
-36.74,76.97,54.87
-37.35,58.59,42.72
-34.24,37.90,27.71
-32.59,20.57,15.26
-30.09,5.80,7.02
-25.27,-9.95,1.77
-22.28,-27.71,-2.56
-18.98,-44.25,-5.92
-16.78,-58.47,-7.75
-26.73,-62.13,-9.95
-29.60,-44.56,-19.35
-6.04,-21.97,-22.09
32.53,-14.89,-21.06
29.24,-10.99,-12.76
20.57,-7.02,-6.10
13.61,-1.65,-0.73
9.34,5.92,4.39
8.97,12.76,9.22
15.50,12.21,21.24
30.27,1.95,45.59
40.47,-6.47,65.61
29.54,0.18,62.26
42.18,-6.90,64.94
53.83,-18.86,80.81
49.62,-28.69,78.06
36.25,-25.70,65.43
36.38,-28.93,61.22
37.78,-39.61,66.65
21.85,-36.07,58.04
21.91,-32.65,51.57
21.06,-26.73,46.63
22.40,-25.70,50.05
15.93,-23.07,45.10
16.72,-24.72,39.00
22.40,-21.12,36.50
4.88,-4.09,18.80
-2.20,9.22,2.20
13.98,2.38,8.18
18.80,-3.66,12.08
18.80,-5.07,11.41
14.95,2.93,1.22
18.68,10.19,-5.19
18.43,10.50,-4.58
13.73,9.28,-4.64
11.05,7.51,-5.13
11.05,6.47,-6.04
12.02,5.25,-6.23
13.61,3.97,-6.04
15.87,3.17,-5.86
19.10,2.99,-5.31
21.36,3.23,-5.13
24.66,3.91,-5.25
29.17,4.33,-4.70
34.85,4.64,-3.78
41.87,4.46,-2.93
50.96,4.15,-2.26
61.16,3.48,-1.46
70.98,3.48,-1.10
77.45,3.36,-2.38
80.20,0.55,-8.00
86.36,-6.65,-24.29
101.32,-9.40,-43.95
117.43,-10.99,-56.46
135.19,-15.93,-60.36
135.93,-9.22,-56.58
127.99,-1.71,-54.63
121.58,-5.62,-43.40
107.54,-5.74,-41.08
94.24,0.00,-24.17
92.77,-4.82,-9.58
83.25,0.00,2.32
82.09,4.39,3.66
83.56,4.94,9.28
85.33,-0.12,3.11
81.30,-1.59,-5.86
76.42,-1.04,-5.31
65.73,3.66,-6.77
47.73,12.45,-3.72
38.02,13.73,9.70
27.28,9.09,10.86
23.07,4.64,6.90
22.77,1.46,1.77
22.40,-0.85,-2.08
22.77,-3.17,-3.78
22.83,-4.15,-3.36
21.67,-3.60,-2.08
19.90,-2.01,-0.12
17.52,-0.06,1.77
14.04,1.71,3.91
8.97,2.93,5.55
3.11,4.03,6.84
-2.08,4.76,7.93
-5.37,5.19,8.67
-7.32,5.31,9.16
-8.06,5.98,9.70
-6.53,7.20,10.19
-3.97,8.18,10.93
-2.08,8.85,11.29
-2.38,8.73,10.01
-4.88,7.20,7.32
-9.22,4.64,3.91
-14.53,1.89,0.12
-19.90,0.00,-3.60
-26.98,-0.49,-6.35
-33.63,1.16,-7.75
-40.10,5.86,-6.96
-42.05,14.10,-2.44
-41.02,22.83,10.68
-42.66,31.07,28.63
-40.59,37.29,47.91
-33.75,40.34,68.91
-27.28,45.04,91.49
-27.71,56.64,113.28
-27.53,70.50,137.33
-31.49,80.81,169.07
-34.55,86.12,208.74
-27.71,89.84,255.68
-3.91,92.16,314.39
18.13,86.43,385.31
96.13,47.61,461.12
241.52,-23.86,521.36
220.95,-97.11,535.40
249.51,-159.55,521.48
195.68,-198.49,474.30
55.05,-181.27,388.31
-3.48,-113.22,287.35
-24.66,-72.27,186.77
-97.05,-51.76,93.75
-87.77,-60.18,44.68
-53.16,-90.39,47.49
-9.83,-132.14,71.41















