
-,-,-
1.89,-0.55,0.37
2.44,-0.55,0.37
3.17,-0.31,0.12
3.23,-0.31,-0.18
2.75,-0.18,-0.67
2.14,-0.24,-1.34
1.65,-0.24,-1.59
1.71,-0.24,-1.95
1.59,-0.37,-1.83
1.59,-0.55,-1.53
1.89,-0.85,-1.16
2.32,-0.85,-0.85
2.81,-0.92,-0.49
3.11,-0.73,-0.31
2.81,-0.67,-0.31
2.32,-0.61,-0.43
1.95,-0.49,-0.67
1.65,-0.37,-0.73
1.28,-0.24,-0.43
1.65,-0.18,-0.43
1.77,-0.12,-0.12
1.89,0.12,0.18
2.08,0.73,0.37
2.32,1.10,0.55
1.10,1.28,0.24
-0.43,1.28,-1.10
-1.89,1.10,-3.66
-6.04,1.16,-6.65
-15.69,1.65,-10.07
-33.14,5.25,-15.01
-56.76,10.25,-20.57
-71.66,6.59,-20.14
-55.91,-16.24,-2.32
-30.46,-37.48,15.69
-13.00,-49.13,26.98
4.52,-54.63,40.77
18.55,-66.22,55.36
45.35,-93.32,83.07
52.67,-93.32,90.39
61.34,-91.55,89.60
84.66,-112.24,104.61
75.81,-108.28,89.11
44.98,-76.84,57.74
40.77,-64.39,43.82
47.97,-67.08,48.46
35.64,-52.37,37.84
25.15,-31.98,25.45
28.14,-35.46,23.99
20.20,-25.15,17.94
9.34,-11.96,9.52
16.66,-18.13,9.09
10.74,-5.13,1.04
10.31,0.24,-2.32
12.82,-0.61,-2.26
11.96,-1.59,-2.44
11.23,-2.62,-3.42
11.35,-3.72,-3.72
12.45,-4.82,-2.87
14.71,-4.76,-1.71
20.39,-3.97,-1.04
25.88,-2.20,-2.14
30.27,-2.32,-3.85
36.99,-3.85,-5.92
44.19,-4.27,-8.67
49.56,-5.00,-14.95
68.60,-6.77,-24.17
92.65,-10.01,-45.17
116.46,-8.06,-77.76
126.40,-2.14,-100.04
118.59,10.25,-108.76
101.44,20.87,-86.85
90.58,11.17,-56.15
87.40,-8.24,-26.98
81.91,-12.08,-8.24
78.80,-14.04,-17.88
79.28,-9.28,-8.79
67.63,-2.81,-9.70
60.97,-0.92,-17.82
56.88,5.55,-17.52
41.26,8.73,-13.61
31.37,3.42,-7.20
22.28,-2.32,-3.36
9.52,-2.87,-1.89
-1.53,-6.04,0.55
-11.29,-11.05,1.22
-20.81,-14.59,1.34
-29.17,-16.60,4.46
-37.54,-18.37,10.31
-45.53,-17.94,16.97
-53.89,-13.12,24.41
-53.10,-7.75,30.64
-40.22,3.85,36.38
-24.35,17.21,38.64
-7.02,26.00,35.58
13.92,34.42,31.56
9.89,54.81,21.97
7.75,88.32,-1.22
-17.94,134.22,-38.02
-22.28,126.95,-56.40
-21.06,106.99,-65.61
-23.74,104.55,-74.40
-57.31,108.40,-76.23
-57.43,80.20,-61.10
-55.60,73.73,-60.73
-55.30,61.65,-55.18
-35.58,29.42,-39.06
-37.72,40.34,-42.42
-35.28,22.58,-31.56
-13.49,-0.49,-16.78
-7.69,-3.72,-10.86
-0.73,-4.70,-6.29
1.46,-2.87,-3.36
2.69,-1.46,0.00
5.13,-0.24,3.05
5.68,0.55,5.37
6.29,1.04,7.02
4.21,2.08,7.39
1.16,3.05,6.35
1.10,3.48,5.07
2.26,4.58,3.72
1.77,5.55,2.75
-0.85,6.84,1.28
-2.75,8.91,-0.43
-1.71,10.68,-1.22
-0.06,12.08,-1.71
0.61,12.70,-2.20
-0.67,13.18,-2.38
-1.59,14.47,-1.53
-4.94,19.35,-0.92
-15.38,31.68,-1.59
-22.22,45.78,4.52
-19.47,51.82,17.76
-12.21,53.53,34.24
-3.05,51.64,53.34
9.16,46.88,68.73
15.50,38.02,78.61
18.01,26.31,85.02
20.39,14.77,86.00
16.78,6.71,78.00
10.68,3.78,61.89
3.66,2.01,45.78
-2.93,-2.93,35.22
-11.05,-9.58,29.91
-19.96,-16.24,29.85
-30.15,-23.86,30.52
-40.04,-32.59,27.89
-46.20,-42.24,21.55
-55.42,-51.88,16.11
-62.74,-57.62,12.21
-71.78,-62.50,6.41
-73.36,-69.76,-4.94
-70.92,-76.17,-21.06
-69.40,-80.14,-41.87
-66.65,-87.46,-66.41
-52.43,-89.60,-81.60
-39.43,-53.10,-69.95
1.46,-35.10,-67.02
39.43,-40.41,-40.59
63.23,-41.26,-13.00
76.23,-34.97,5.92
89.97,-31.43,24.29
102.54,-29.48,34.61
103.21,-33.51,30.40
103.52,-42.72,7.32
105.96,-41.20,-4.09
92.22,-35.10,-27.04
90.70,-34.97,-48.58
91.31,-29.54,-72.39
96.31,-26.37,-81.05
93.20,-18.80,-76.05
80.26,-10.62,-69.34
74.46,-5.31,-51.09
70.92,2.69,-29.24
76.35,-4.21,-24.66
















-,-,-
1.04,-1.04,-0.79
1.10,-0.85,-0.55
1.46,-0.73,-0.49
1.22,-0.67,-0.67
1.22,-0.37,-1.28
1.04,-0.18,-1.89
0.73,-0.12,-2.50
-0.31,-0.37,-3.05
-0.98,-0.31,-4.15
-1.46,-0.31,-5.31
-1.22,-0.18,-6.16
-2.44,-0.37,-7.02
-3.23,-0.92,-7.75
-3.11,-0.98,-8.18
-3.05,-1.16,-8.00
-2.32,-1.10,-7.39
-1.10,-1.10,-6.53
0.37,-0.92,-5.92
1.16,-0.73,-4.58
2.32,-0.61,-3.05
2.99,-0.06,-1.95
1.89,0.31,-1.46
1.16,0.85,-1.46
-0.85,1.40,-1.95
-4.39,3.17,-3.48
-8.30,6.47,-6.16
-19.84,9.46,-9.40
-32.35,12.15,-14.28
-40.95,11.05,-18.55
-40.34,2.01,-19.71
-31.68,-17.27,-13.18
-21.06,-33.14,-6.59
-11.29,-52.25,3.97
-6.35,-65.86,15.38
-6.84,-68.42,21.55
4.39,-91.49,35.52
17.88,-114.87,42.60
27.71,-117.68,45.29
32.10,-113.10,49.38
34.06,-111.82,53.22
29.85,-92.47,38.45
25.94,-64.45,29.72
36.87,-58.47,32.04
34.85,-45.04,31.56
36.74,-41.20,34.48
30.33,-27.95,28.14
20.94,-11.35,18.80
20.26,-9.40,14.47
16.11,-5.25,8.18
14.53,-1.59,3.72
14.89,1.83,0.79
13.43,2.56,-1.16
18.86,1.46,-2.93
29.60,1.65,-4.21
45.84,0.73,-4.58
61.83,-1.46,-6.16
75.56,-4.76,-14.28
93.63,-5.80,-21.24
106.26,-8.91,-36.74
113.77,-15.50,-62.01
117.74,-13.55,-78.37
113.34,-3.78,-86.73
112.73,0.31,-77.03
95.15,5.49,-75.32
80.69,4.21,-61.04
75.87,2.08,-51.76
65.31,7.32,-39.25
64.88,2.69,-29.54
63.42,-6.53,-17.46
64.58,-7.93,-16.85
59.08,-1.34,-14.59
48.71,0.55,-9.34
35.95,1.89,-6.59
24.72,2.32,2.26
13.43,0.92,2.32
2.62,-2.87,0.06
-9.22,-7.08,-5.55
-21.91,-10.93,-9.28
-32.23,-14.40,-10.19
-40.04,-17.76,-7.45
-49.07,-19.47,-2.44
-54.32,-17.88,5.25
-50.48,-13.73,14.71
-35.77,-2.20,24.78
-24.66,30.21,31.74
-6.16,45.10,32.53
15.93,55.48,30.58
8.67,103.82,13.92
5.31,119.26,-1.40
-8.24,123.47,-23.07
-17.03,117.68,-39.86
-24.78,103.58,-42.54
-23.13,97.23,-42.48
-48.03,96.74,-45.47
-57.98,86.55,-50.05
-56.40,74.71,-48.10
-57.01,59.45,-33.87
-48.28,31.86,-28.99
-26.61,15.26,-20.69
-22.83,9.46,-14.89
-17.15,12.51,-9.58
-18.74,10.25,-7.26
-6.77,2.08,-2.01
-2.81,3.72,3.97
0.73,3.72,8.97
6.65,4.03,12.45
12.39,4.88,14.65
16.11,5.86,15.20
17.64,6.65,13.24
18.01,8.00,10.31
15.87,8.85,6.90
10.68,11.11,3.30
5.19,15.01,0.18
1.22,18.80,-1.28
-2.26,26.67,6.65
-7.51,36.32,27.40
-3.72,30.27,52.92
8.91,19.71,73.55
6.77,18.19,79.47
-2.26,19.71,76.11
-11.05,15.81,72.08
-21.42,5.49,67.57
-31.68,-5.25,62.07
-41.50,-13.55,55.36
-50.23,-22.46,48.65
-55.60,-33.08,43.70
-59.08,-46.51,39.06
-60.91,-60.55,32.41
-62.62,-70.74,23.99
-63.17,-75.20,12.76
-64.58,-76.11,-1.53
-64.76,-75.07,-18.25
-62.13,-72.69,-35.52
-46.45,-47.79,-38.76
-33.14,-10.19,-32.04
-4.64,-14.10,-36.56
14.28,-21.48,-28.56
21.67,-17.21,-10.99
26.98,-12.70,-0.49
35.58,-12.63,7.81
39.25,-12.88,12.27
41.02,-13.98,12.94
50.48,-15.50,11.11
61.77,-17.21,7.63
72.88,-17.09,4.82
79.77,-16.24,0.31
79.71,-18.92,-15.32
85.21,-28.44,-56.76
103.58,-15.50,-67.44
86.85,-11.47,-70.50
87.52,-18.86,-90.33
82.89,-14.04,-92.29
71.53,-5.49,-92.65
66.41,-6.65,-83.74
62.74,-5.55,-67.63
63.66,-4.94,-47.24
62.81,-5.00,-17.09
68.60,-10.44,-6.59
66.35,-9.64,11.23
64.94,-15.50,21.18
53.65,-18.43,30.40
48.52,-19.41,36.01
36.62,-16.36,42.54
27.59,-15.81,37.29
20.20,-13.43,28.02
9.83,-9.70,17.03
0.12,-4.82,6.23
-7.02,1.40,-1.95
-11.35,6.90,-6.04
-14.83,11.41,-7.51
-15.99,15.32,-6.59
-14.28,17.94,-4.09
-10.07,18.55,0.00
-5.80,17.76,4.58
















-,-,-
2.87,-0.31,-0.67
2.26,-0.12,-1.59
1.22,-0.31,-2.62
0.73,-0.73,-3.72
-0.06,-0.85,-4.70
-1.04,-0.79,-5.19
-2.08,-0.85,-5.62
-4.15,-1.10,-5.86
-4.09,-0.98,-5.68
-2.50,-0.67,-5.68
-1.22,-0.85,-5.31
-0.55,-0.92,-4.82
-0.79,-0.98,-4.39
-0.18,-0.98,-3.97
0.12,-0.55,-3.11
0.73,-0.49,-2.50
0.79,-0.06,-1.77
-0.92,0.98,-1.71
-2.14,2.14,-1.65
-1.89,2.62,-1.95
-1.16,3.23,-1.95
-0.67,4.64,-1.89
-2.01,5.86,-2.50
-12.76,6.90,-1.89
-22.16,-3.54,3.66
-17.09,-28.20,17.70
-29.05,-32.04,18.68
-24.17,-50.96,27.65
5.55,-80.81,45.65
25.02,-90.15,48.03
52.43,-103.58,53.47
59.51,-96.56,45.29
68.91,-96.31,40.59
64.94,-87.10,32.90
61.28,-91.31,29.11
58.29,-88.93,24.96
45.41,-84.17,25.21
44.80,-94.54,28.99
26.73,-70.98,23.07
8.54,-33.87,14.89
24.29,-48.46,24.72
22.40,-40.47,20.81
7.69,-11.78,16.85
13.43,-11.05,17.15
16.30,-10.56,16.78
20.02,-8.36,14.95
32.65,-7.45,11.66
51.45,-4.82,7.20
65.00,1.16,-1.71
84.72,3.85,-16.72
101.07,2.81,-38.15
106.69,9.16,-70.62
121.58,19.04,-93.81
122.92,27.04,-100.40
120.97,22.95,-101.75
112.85,16.91,-102.72
107.36,14.22,-93.75
99.30,11.60,-75.87
91.86,11.90,-66.89
95.70,11.23,-56.40
92.53,5.68,-52.19
86.73,9.40,-43.82
74.10,6.23,-27.04
62.32,-0.92,-16.11
48.46,-1.40,-3.78
30.58,-1.77,9.46
14.10,-8.97,11.29
-1.71,-15.38,9.83
-15.56,-19.47,5.00
-27.47,-22.34,2.56
-39.25,-22.83,3.42
-52.61,-21.42,8.42
-61.77,-22.09,12.02
-65.19,-4.46,17.27
-69.40,38.39,26.49
-59.27,73.55,29.91
-37.66,94.54,28.26
-20.39,127.44,21.67
-18.31,168.03,-5.00
-15.56,180.36,-26.25
-5.68,160.40,-41.44
-22.71,131.47,-50.05
-42.85,91.67,-45.65
-37.35,47.67,-38.57
-41.44,53.04,-42.48
-61.22,54.87,-46.45
-51.64,28.69,-35.10
-30.21,0.37,-19.53
-15.08,-4.76,-11.72
-14.53,-2.99,-5.92
-9.95,-2.14,0.00
-4.39,1.59,6.65
1.59,3.60,14.04
6.10,4.27,21.00
11.84,4.70,26.92
19.29,5.74,31.56
24.29,8.54,33.57
24.90,11.35,32.71
16.60,14.47,28.69
3.66,17.46,21.91
-3.36,14.28,19.47
-5.00,8.67,31.68
-8.18,13.55,53.47
-8.06,22.77,73.30
-9.83,22.09,87.10
-17.40,12.08,93.69
-29.66,1.16,95.76
-44.62,-5.49,93.69
-54.57,-9.40,86.79
-60.61,-15.50,77.64
-63.05,-23.07,66.65
-64.27,-29.91,54.69
-63.54,-39.49,43.15
-61.83,-53.83,33.39
-62.26,-69.40,25.45
-62.99,-80.26,15.69
-63.35,-84.23,0.24
-61.22,-86.98,-24.17
-54.69,-95.15,-60.91
-26.37,-82.64,-76.42
-8.79,-31.86,-67.26
46.51,-9.77,-65.43
73.61,-22.95,-46.88
93.81,-29.17,-34.00
106.75,-27.04,-24.11
109.50,-30.33,-31.01
122.38,-35.16,-41.63
113.95,-28.32,-34.42
96.07,-27.65,-49.01
105.41,-31.43,-69.03
103.15,-25.39,-80.57
107.42,-19.59,-99.67
96.25,-8.12,-101.20
93.26,-5.74,-92.47
90.15,-1.83,-58.04
70.37,3.17,-26.92
58.65,-2.08,-5.31
49.80,-5.43,17.94
43.46,-9.22,33.63
34.97,-9.64,49.50
27.59,-12.27,52.86
23.25,-13.06,45.17
17.27,-10.74,34.30
8.97,-7.45,22.83
0.55,-2.38,12.45
-5.37,3.91,3.72
-9.28,8.79,-3.17
-12.08,11.78,-7.87
-14.40,12.76,-11.05
-15.14,13.18,-11.60
-14.53,13.73,-9.34
-14.53,15.81,-5.80
-13.73,18.92,-0.43
-14.71,21.30,7.32
-18.86,23.93,17.21
-23.86,25.02,29.54
-32.90,25.63,46.45
-39.06,30.52,77.09
-43.64,45.29,121.89
-36.93,59.39,159.67
-23.13,74.28,175.66
-7.69,85.33,176.03
8.12,88.56,173.10
23.50,84.29,171.02
37.72,77.27,166.99
46.26,73.18,163.27
49.44,71.47,159.36
45.17,69.27,155.27
37.23,63.60,149.23
31.92,55.97,136.72
27.59,49.38,118.84
23.01,44.68,99.98
22.34,40.16,81.60
23.13,34.18,65.06
















-,-,-
5.86,-0.24,-2.08
5.92,-0.49,-3.23
4.88,-1.10,-4.46
3.48,-1.46,-5.80
3.11,-1.28,-6.53
2.69,-1.16,-7.57
2.08,-1.04,-8.18
2.75,-1.22,-8.24
3.60,-1.22,-7.93
4.46,-1.22,-7.08
4.52,-1.04,-6.29
4.21,-0.79,-5.37
3.23,-0.12,-4.03
2.50,0.55,-2.32
2.38,1.04,-0.43
3.42,1.10,1.28
4.27,0.73,2.75
4.58,0.43,4.27
4.58,-0.06,5.37
5.07,0.00,5.98
5.55,0.49,6.10
5.62,1.10,5.13
3.36,2.20,3.23
-4.09,4.76,0.92
-15.14,7.87,-1.40
-26.25,10.68,-4.09
-37.48,13.06,-6.59
-51.57,11.23,-8.00
-56.70,-7.39,-4.46
-36.44,-37.41,8.67
-40.83,-43.40,12.45
-12.39,-78.80,29.66
23.19,-100.95,46.63
47.24,-112.49,63.11
52.80,-110.72,65.86
42.97,-97.78,61.04
47.49,-107.42,65.06
38.02,-103.09,65.31
31.56,-96.86,60.36
32.78,-94.36,58.41
25.57,-72.94,42.54
25.76,-52.37,28.93
22.52,-30.21,23.38
33.94,-47.97,23.25
32.59,-40.77,14.71
33.81,-28.14,8.36
24.90,1.22,1.16
27.10,4.09,-2.50
32.96,1.95,-5.37
39.31,0.79,-6.65
49.68,0.37,-9.16
64.64,0.92,-15.56
84.47,-0.98,-31.86
111.69,-0.06,-54.14
139.16,1.34,-78.43
149.41,13.37,-90.88
153.26,28.75,-101.01
145.57,32.90,-96.19
119.81,30.82,-88.81
92.04,32.17,-67.75
76.84,10.56,-33.57
65.00,1.83,-7.81
58.53,-0.31,6.71
58.41,-7.08,10.19
49.99,-6.29,8.24
38.64,-3.23,3.60
24.78,-8.18,1.95
8.30,-12.94,-0.92
-9.52,-15.14,-8.97
-24.84,-14.83,-18.07
-39.25,-14.71,-23.38
-54.69,-10.62,-22.22
-68.12,0.00,-14.47
-72.69,36.13,-1.95
-85.51,93.32,14.77
-72.45,87.59,12.02
-46.88,72.33,19.29
-34.18,83.31,32.17
-26.31,113.77,34.42
-13.43,128.17,30.76
10.01,109.01,24.29
3.97,78.37,21.85
-2.14,80.32,9.09
-9.77,77.09,-6.96
-12.76,54.87,-12.63
-11.60,38.09,-16.85
-10.44,23.13,-14.53
-7.39,5.07,-14.53
-5.86,-3.78,-12.70
-6.41,0.18,-13.06
-4.88,4.46,-11.90
-2.81,6.96,-9.40
0.37,6.47,-5.68
4.64,5.92,-1.16
9.52,5.98,3.66
12.21,6.10,7.93
12.33,6.90,11.41
8.97,9.89,13.49
1.10,14.83,14.89
-5.86,19.96,17.82
-8.54,26.73,24.17
-5.62,33.20,31.49
-6.41,44.49,38.82
-9.46,43.76,50.29
-8.91,23.68,64.21
-5.68,8.67,76.78
-1.28,1.16,86.24
-1.53,-5.62,89.90
-4.09,-10.07,84.84
-9.28,-10.93,72.27
-17.82,-9.70,57.31
-24.90,-7.75,47.06
-32.47,-7.75,43.95
-41.69,-13.24,43.33
-50.17,-22.40,40.95
-56.76,-31.62,36.32
-60.49,-42.54,29.17
-63.54,-57.74,18.43
-65.92,-73.24,5.07
-67.38,-84.59,-13.92
-67.57,-89.48,-40.71
-64.76,-89.60,-68.48
-58.29,-89.90,-91.67
-39.86,-85.14,-97.17
-27.77,-47.79,-64.70
-6.35,-22.77,-69.70
32.04,-20.57,-77.70
76.90,-24.17,-55.79
97.35,-21.30,-36.74
112.61,-22.34,-21.91
118.10,-24.96,-16.11
113.34,-24.54,-18.49
103.94,-22.34,-24.54
93.26,-24.90,-46.57
100.16,-19.90,-71.41
87.71,-5.92,-81.48
90.58,-2.01,-106.81
90.58,5.86,-123.54
95.76,12.08,-125.67
89.05,18.31,-121.34
78.37,18.07,-106.87
65.98,14.47,-73.67
51.76,3.85,-23.25
43.64,-2.26,6.35
34.48,-4.27,39.37
29.24,-9.16,45.04
27.95,-13.49,45.90
28.32,-16.17,44.01
28.63,-16.48,39.49
25.82,-13.31,33.63
20.20,-9.52,26.73
13.61,-5.37,19.71
7.57,-0.98,13.31
1.89,2.87,8.54
-1.95,5.00,6.84
-3.91,6.90,6.77
-5.00,8.24,8.18
-4.94,9.16,10.93
-2.50,10.31,14.77
1.59,11.23,20.14
3.54,12.70,27.04
1.46,14.53,35.46
-4.39,16.42,43.52
-13.00,18.98,52.73
-24.23,19.84,61.52
-36.87,19.10,70.80
-46.81,19.10,84.11
-52.55,26.73,109.37
-57.25,35.89,133.48
-52.12,48.28,144.10
-44.74,61.89,143.25
-33.39,69.52,135.99
-20.45,71.41,128.17
-3.66,70.43,122.74
















-,-,-
0.98,13.79,0.67
2.32,14.59,-4.58
5.31,15.93,-4.52
6.04,18.31,0.61
7.75,20.57,4.09
9.70,22.40,3.60
11.84,25.09,-0.79
13.31,29.05,-6.53
14.22,31.13,-12.57
15.69,28.75,-19.10
17.94,18.98,-33.69
14.22,-8.24,-81.97
-2.75,-35.77,-147.64
-15.08,-34.18,-175.35
-17.58,-25.63,-173.46
-15.32,-22.95,-160.64
-15.69,-16.91,-136.84
-9.16,-5.00,-104.37
0.43,7.26,-67.99
8.06,14.04,-31.07
14.65,16.60,3.78
21.79,17.21,33.63
25.82,16.72,54.20
27.10,16.36,61.95
26.12,13.55,55.05
21.36,7.75,36.93
12.15,1.40,17.64
1.46,-3.05,1.71
-7.26,-5.74,-8.67
-13.92,-8.12,-14.77
-16.54,-9.89,-15.75
-17.82,-9.16,-13.61
-18.92,-6.29,-11.11
-18.92,-1.71,-9.16
-18.68,3.30,-8.36
-17.40,6.41,-9.89
-15.87,6.84,-11.35
-12.51,5.13,-10.13
-8.91,2.69,-6.47
-5.43,0.12,-1.65
1.16,-3.60,3.91
7.81,-6.71,6.96
10.13,-5.37,6.29
7.39,0.18,2.99
5.25,7.02,-0.31
3.42,12.08,-2.14
1.95,15.14,-1.83
2.99,16.30,-1.40
2.32,15.01,-0.12
3.91,11.96,2.26
3.11,7.14,5.13
2.93,2.38,7.75
5.31,-0.55,8.79
7.87,-2.01,9.09
7.14,-2.99,8.36
6.84,-1.65,6.47
4.33,2.38,3.17
1.95,7.02,0.12
-2.81,10.50,-2.38
-8.48,10.50,-4.33
-14.65,6.77,-5.98
-21.48,-0.61,-7.45
-27.83,-11.60,-12.76
-33.51,-26.12,-23.74
-37.11,-38.09,-33.39
-42.48,-39.37,-40.59
-43.76,-34.00,-47.55
-57.07,-23.56,-50.48
-72.27,-7.81,-48.34
-79.90,-2.50,-44.92
-71.72,-18.68,-38.88
-42.42,-54.08,-27.22
-7.39,-77.64,-17.94
47.61,-113.40,-9.77
86.36,-127.93,-4.88
129.52,-152.28,-0.49
134.03,-164.25,3.78
122.92,-168.21,11.72
119.69,-185.85,28.02
96.07,-167.36,37.66
68.30,-129.76,40.47
62.99,-117.74,40.41
56.76,-90.39,38.27
40.16,-43.40,35.64
38.02,-40.53,32.78
25.57,-13.37,28.26
16.48,8.42,22.71
11.66,19.23,11.35
10.99,25.70,-1.22
18.19,28.08,-11.78
26.98,28.38,-20.45
40.10,29.60,-27.89
57.80,33.69,-39.67
75.44,47.36,-74.52
95.95,72.02,-98.27
102.84,90.58,-112.55
110.53,94.06,-129.03
119.63,86.24,-126.95
121.64,74.71,-120.85
113.34,67.50,-105.77
107.73,46.81,-77.15
97.90,32.90,-44.80
86.73,15.50,-11.35
73.43,7.75,15.32
54.02,-11.90,45.84
24.17,-25.21,39.06
-6.47,-28.32,15.01
-34.12,-26.18,-5.98
-56.95,-17.40,-16.17
-80.14,8.06,-13.92
-102.11,45.35,-8.06
-101.75,40.28,-0.85
-91.00,72.69,18.19
-86.24,87.59,28.14
-57.98,88.99,32.47
-41.63,111.76,39.49
-19.47,112.85,33.57
-14.95,104.19,22.22
-21.06,107.48,15.26
-36.32,97.35,4.21
-38.45,74.65,-0.12
-45.10,60.85,-2.75
-41.50,39.31,-3.60
-12.51,13.73,2.81
0.24,3.91,6.65
8.91,-0.61,10.86
14.34,4.09,14.10
20.87,8.18,15.81
19.65,10.25,16.54
12.70,10.56,15.44
1.10,12.39,12.15
-15.75,20.57,7.02
-36.99,33.45,1.77
-49.07,53.28,-2.87
-52.86,61.22,6.71
-41.14,45.35,40.22
-17.15,22.09,78.37
-5.92,0.61,102.72
-10.93,-17.94,111.45
-27.77,-34.00,105.22
-52.06,-42.60,85.88
-78.74,-48.71,62.44
-84.47,-57.92,44.37
-79.53,-70.37,28.02
-75.38,-84.35,9.58
-66.59,-100.95,-8.48
-51.45,-116.58,-27.10
-29.60,-118.23,-42.24
-10.56,-87.52,-44.98
20.39,-63.23,-33.87
68.54,-46.45,-6.10
106.08,-34.55,2.69
120.73,-29.17,-0.49
129.58,-25.88,-0.37
117.86,-20.57,-3.48
119.14,-15.14,-15.08
110.17,-12.15,-33.87
119.38,-0.92,-48.22
104.61,5.37,-65.25
101.01,14.40,-88.38
95.46,25.39,-109.74
86.85,33.08,-126.10
80.32,35.64,-131.90
69.64,29.66,-120.30
55.66,22.71,-85.21
47.30,4.39,-52.00
41.38,-2.44,-11.66
39.43,-6.96,13.12
36.19,-11.54,27.59
34.00,-12.08,30.94
28.02,-11.23,31.25
18.01,-9.28,28.99
8.48,-5.19,25.15
0.49,0.06,21.61
















-,-,-
-7.57,1.77,-11.11
-13.24,1.46,-11.41
-16.97,0.12,-11.78
-19.65,-1.10,-12.45
-21.42,-1.89,-12.70
-22.22,-2.69,-13.06
-23.25,-2.69,-13.31
-23.74,-2.69,-13.92
-23.38,-2.99,-13.79
-22.46,-2.69,-13.37
-21.91,-2.56,-12.33
-20.87,-2.08,-11.23
-19.84,-1.40,-10.13
-18.74,-0.79,-9.03
-18.07,-0.31,-8.24
-17.76,0.43,-7.81
-16.85,0.73,-7.51
-18.13,1.10,-7.32
-19.71,1.16,-7.32
-21.30,0.43,-7.14
-21.91,0.06,-6.65
-21.79,0.24,-6.29
-21.00,0.55,-6.16
-22.52,1.10,-6.23
-27.16,1.34,-6.84
-34.97,-0.12,-6.77
-40.65,-13.18,0.12
-20.26,-37.23,18.01
-18.37,-50.84,30.21
-3.97,-65.43,45.47
17.52,-79.65,64.64
42.18,-94.97,80.87
76.17,-116.39,101.44
107.42,-147.46,118.59
105.04,-143.37,113.16
105.77,-132.51,102.17
101.68,-132.08,87.83
78.49,-106.93,58.23
56.27,-73.43,32.65
36.38,-52.37,14.89
21.48,-31.98,1.89
17.21,-22.09,-6.41
20.57,-10.38,-10.93
31.80,-3.97,-12.39
47.97,-5.31,-10.62
64.51,-7.93,-10.07
74.77,-5.74,-12.27
78.19,4.70,-17.64
81.97,14.71,-24.90
62.99,13.49,-44.13
84.35,0.00,-72.51
120.12,-4.58,-87.34
135.93,0.24,-100.89
140.93,3.91,-109.31
129.21,13.00,-109.25
112.00,12.15,-92.29
90.94,-0.24,-76.35
75.38,-5.55,-52.67
62.93,-6.35,-24.96
56.64,-15.08,-11.72
52.12,-10.50,-7.39
43.27,-5.49,2.01
31.13,-11.05,10.19
18.13,-19.23,13.55
5.37,-22.09,8.73
-3.54,-20.08,2.38
-12.33,-6.41,-3.17
-22.89,8.48,-5.19
-30.82,29.24,-3.11
-31.19,57.07,6.23
-29.30,98.63,8.48
-38.15,135.44,0.67
-29.85,135.80,0.61
-23.93,132.08,1.40
-29.48,131.71,-6.10
-25.39,128.91,-8.73
-30.40,118.35,-12.15
-37.78,110.11,-18.80
-40.10,90.94,-27.40
-32.78,67.81,-30.09
-24.90,54.69,-30.03
-27.04,49.32,-29.91
-27.89,40.71,-27.34
-12.15,13.67,-14.53
0.12,7.75,-11.17
-0.73,15.14,-11.11
0.92,4.15,-2.44
3.72,-0.37,2.81
3.97,0.92,6.10
6.65,1.10,9.22
8.85,2.01,11.60
11.17,3.48,12.63
11.23,4.94,12.63
10.50,6.35,11.90
10.19,8.24,11.84
10.31,10.19,11.84
7.32,12.63,11.41
4.70,17.21,9.40
-0.43,24.96,7.51
-8.12,39.55,12.94
-17.64,46.57,38.21
-18.80,43.15,76.78
-6.71,25.70,117.31
0.49,5.25,147.71
-8.00,-11.17,157.10
-25.39,-26.61,141.91
-47.30,-35.83,108.15
-62.13,-39.73,67.87
-68.79,-41.63,34.48
-71.35,-42.24,15.56
-68.85,-44.68,5.74
-66.41,-51.21,-0.31
-63.29,-60.06,-3.78
-59.33,-70.56,-6.53
-58.04,-83.13,-13.37
-59.75,-96.50,-27.65
-65.31,-96.86,-50.90
-69.64,-70.92,-73.55
-61.04,-39.31,-69.15
-14.65,-28.63,-68.30
-1.65,-26.61,-55.18
11.54,-22.40,-34.91
37.41,-16.42,-18.49
64.09,-15.26,-4.46
82.34,-18.01,3.54
86.43,-24.66,-2.62
89.29,-30.58,-23.38
91.13,-32.04,-39.43
95.28,-36.38,-63.60
102.29,-32.53,-76.17
111.57,-22.58,-72.02
110.41,-20.57,-87.22
108.09,-20.94,-107.54
111.63,-21.24,-94.42
96.25,-15.14,-78.61
90.70,-16.54,-58.41
80.63,-12.63,-41.75
73.97,-10.07,-16.05
69.09,-9.89,-13.24
63.35,-11.05,1.83
54.75,-10.44,17.40
36.93,-8.48,34.12
20.75,-8.30,44.25
8.79,-9.64,40.59
0.49,-9.22,34.36
-5.31,-7.87,28.14
-9.95,-4.58,21.42
-14.04,-0.92,17.46
-13.31,4.88,16.42
-9.89,12.88,17.33
-4.76,21.42,18.43
-2.01,26.92,20.75
-2.81,29.30,24.11
-5.68,32.71,28.32
-7.26,35.83,35.10
-8.54,37.11,46.45
-5.25,45.96,68.05
-11.78,62.93,99.73
-9.46,68.73,126.04
0.24,67.32,141.60
8.61,69.46,145.81
16.85,72.69,145.20
24.35,73.36,147.34
32.41,69.76,151.79
39.98,64.94,154.60
43.27,61.58,152.65
42.11,61.46,146.18
36.13,62.56,137.08
29.66,60.91,125.61
23.07,57.74,108.95
16.05,54.02,91.92
8.18,48.22,78.19
0.37,42.97,68.97
-2.56,38.27,62.07
-4.27,32.29,55.60
















-,-,-
-4.33,0.61,-4.82
-3.05,0.55,-2.56
-2.20,0.24,-2.01
-2.08,-0.06,-2.38
-3.30,-0.06,-3.78
-3.97,-0.31,-5.68
-4.64,-0.92,-6.90
-4.88,-0.49,-8.61
-5.37,0.00,-10.07
-5.37,0.06,-10.99
-6.90,0.55,-12.02
-9.16,1.04,-13.18
-9.16,1.10,-14.53
-9.70,0.61,-15.56
-10.50,-0.24,-16.05
-11.29,-0.98,-15.93
-12.82,-1.22,-15.26
-14.16,-0.85,-14.40
-16.72,-0.67,-13.61
-18.86,-0.61,-12.88
-21.00,-0.98,-12.02
-21.85,-1.40,-10.99
-25.21,-0.06,-10.25
-34.00,3.05,-10.80
-48.10,4.94,-11.05
-66.89,7.63,-11.90
-80.81,6.29,-11.11
-90.58,-1.40,-6.84
-84.72,-24.78,6.59
-63.35,-48.89,23.93
-46.33,-60.73,32.17
13.85,-108.76,66.47
51.45,-137.15,88.50
60.12,-139.28,95.70
54.44,-139.47,95.64
68.66,-148.25,106.45
75.38,-163.33,110.60
60.49,-133.91,90.03
57.98,-109.68,64.33
54.38,-86.36,46.94
45.84,-67.20,34.18
42.05,-56.15,25.63
32.96,-38.64,16.36
32.35,-27.10,6.10
31.80,-1.40,-1.89
41.81,7.08,-4.88
62.56,4.82,-6.53
84.35,3.05,-17.46
105.83,7.02,-49.38
132.57,15.63,-70.07
145.08,22.16,-84.96
152.47,33.33,-95.40
157.41,33.51,-95.21
162.78,33.26,-88.62
163.57,33.20,-72.45
135.68,28.38,-57.98
112.06,17.82,-39.43
84.84,16.97,-19.59
66.22,8.97,-5.25
44.80,0.06,18.43
25.02,-7.32,23.62
10.01,-15.14,24.35
-3.17,-16.85,13.24
-11.84,-14.04,0.85
-18.86,-11.47,-7.02
-26.67,-10.07,-10.50
-35.58,-8.42,-11.72
-46.57,-8.85,-10.62
-49.80,-2.56,-7.02
-45.96,39.98,3.72
-35.64,84.90,11.60
-8.97,81.91,13.06
22.16,117.80,3.11
33.69,166.02,-7.45
15.63,162.48,-29.97
11.66,141.30,-34.12
-5.13,138.06,-38.27
-22.89,116.94,-37.05
-26.18,82.21,-24.72
-23.19,54.08,-17.82
-18.37,51.21,-15.69
-27.10,55.36,-18.74
-20.39,21.42,-6.47
-11.11,14.77,-0.67
-20.87,11.17,0.73
-12.39,-0.06,5.37
-5.74,4.21,4.76
2.56,7.81,3.60
5.80,8.97,3.48
6.65,9.70,4.03
8.54,10.25,4.76
9.46,12.33,5.19
7.39,13.92,6.90
4.27,10.99,12.63
2.44,4.27,25.21
2.50,1.28,47.91
-8.61,3.17,73.85
-8.12,13.67,93.99
-18.19,26.37,110.23
-28.26,30.33,124.63
-37.11,21.61,133.97
-44.25,5.25,133.73
-51.15,-11.66,120.73
-58.41,-28.81,95.52
-59.94,-44.01,64.51
-57.56,-55.79,34.48
-56.58,-63.29,10.93
-57.74,-70.19,-5.62
-57.86,-80.87,-23.01
-53.53,-96.07,-46.81
-46.88,-115.42,-77.03
-31.07,-133.42,-109.50
-15.87,-116.64,-100.40
-24.66,-68.42,-75.44
42.42,-41.38,-74.46
62.81,-42.97,-56.09
67.08,-42.66,-38.88
71.35,-34.48,-24.72
74.77,-25.94,-13.00
79.53,-17.58,-7.51
82.40,-12.82,-6.90
84.53,-11.66,-7.45
84.84,-10.44,-9.52
82.64,-9.83,-28.69
86.61,-8.61,-46.51
91.67,-7.51,-58.78
93.57,3.05,-70.92
96.19,8.48,-74.16
93.57,4.27,-67.63
81.60,5.43,-58.72
65.98,-1.04,-41.75
60.55,-2.69,-21.36
48.65,-4.39,-0.67
52.12,-11.23,-0.12
57.25,-10.38,15.20
52.31,-7.32,38.02
41.50,-9.16,46.57
34.55,-10.80,39.12
28.50,-9.46,26.92
18.43,-8.12,13.43
10.07,-5.07,1.53
2.62,0.24,-6.35
-5.00,5.55,-11.17
-11.41,10.74,-13.37
-18.68,18.07,-11.35
-25.51,26.43,-6.53
-29.24,32.90,1.83
-29.91,39.06,13.92
-26.18,41.93,29.17
-23.86,39.61,44.74
-17.64,39.86,65.80
-10.93,51.21,98.63
-6.65,57.98,130.31
5.55,64.33,151.18
17.76,74.83,160.28
24.78,83.68,164.31
28.44,86.79,166.08
31.86,83.37,166.14
34.55,77.27,162.35
35.40,71.78,154.11
31.92,67.50,144.17
25.27,63.66,134.22
19.78,58.90,123.78
14.71,51.15,112.55
10.19,41.93,101.62
5.98,31.86,89.54
1.77,22.52,75.99
-1.65,14.77,62.62
-4.88,9.28,49.56
-5.80,6.84,38.70
-5.00,5.98,30.15
-5.31,4.52,22.64
-7.45,1.53,16.78
-8.54,-2.56,10.86
















-,-,-
0.37,-0.37,-1.28
0.67,-0.43,-1.22
1.04,-0.43,-1.22
1.04,-0.12,-0.98
1.04,-0.06,-0.73
0.98,0.00,-0.61
1.10,0.00,-0.85
0.73,-0.06,-1.28
0.24,-0.18,-1.95
0.12,-0.18,-2.87
-0.31,-0.37,-3.42
-1.28,-0.31,-3.60
-1.53,-0.06,-3.54
-1.59,0.31,-3.23
-1.40,0.55,-2.69
-1.22,0.79,-2.32
-1.04,0.85,-2.32
-0.85,0.67,-2.81
-1.16,0.49,-3.23
-1.04,0.37,-3.60
-0.85,0.37,-3.60
-0.43,0.31,-3.05
-0.18,0.00,-2.14
0.49,-0.24,-1.40
0.98,-0.61,-0.31
1.65,-0.49,0.06
1.46,-0.06,-0.73
-0.55,1.59,-2.62
-0.79,5.31,-6.04
-7.63,5.92,-8.67
-11.78,-14.10,-3.85
7.39,-49.07,6.71
7.20,-45.41,-4.21
5.37,-41.08,-0.92
24.84,-73.73,9.40
47.24,-92.71,16.42
63.54,-127.20,34.79
80.63,-152.47,50.48
77.27,-155.58,54.99
58.41,-148.99,48.95
44.98,-119.38,37.96
24.48,-81.05,25.02
28.75,-73.61,30.46
30.03,-75.38,34.55
16.97,-48.89,26.49
15.08,-25.21,20.69
20.45,-9.95,15.69
31.37,-2.14,16.72
45.90,-2.99,20.02
60.49,-5.62,19.04
70.92,-6.65,14.28
70.98,-4.46,6.35
65.37,-0.79,-3.97
55.91,3.23,-16.48
57.50,3.85,-27.89
64.58,7.02,-41.75
77.15,17.33,-55.60
100.34,15.44,-65.31
130.74,16.48,-76.60
157.17,19.47,-80.02
136.72,17.27,-80.75
120.06,13.85,-76.35
97.35,11.72,-57.13
78.00,2.20,-38.51
65.67,-2.50,-14.04
54.02,-2.93,6.04
52.37,-7.63,8.48
48.52,-5.00,16.91
35.34,2.50,17.33
26.55,-2.50,21.48
11.29,-8.00,24.78
-8.54,-8.30,15.50
-24.60,-5.80,2.99
-39.49,-0.12,-6.84
-55.42,18.43,-14.71
-72.33,44.19,-20.02
-72.45,55.48,-17.03
-69.34,74.89,-11.17
-57.43,82.82,-1.71
-40.53,79.47,6.23
-8.97,71.66,15.32
-5.43,74.65,17.21
-10.99,90.45,12.27
-14.16,92.22,12.08
-28.44,107.06,-3.91
-39.61,109.31,-16.78
-33.63,90.45,-18.43
-34.55,72.14,-16.85
-36.07,47.85,-14.71
-33.69,33.81,-18.86
-19.65,14.40,-18.86
-14.53,13.31,-17.70
-9.46,6.10,-11.29
-9.16,5.25,-9.09
-5.43,-0.06,-6.96
0.61,-1.04,-3.30
3.72,0.79,0.49
5.80,1.53,3.42
7.57,2.20,5.31
10.07,3.05,6.10
10.80,4.46,5.68
9.40,7.39,4.03
4.39,12.02,0.31
-0.18,19.04,-5.49
-6.35,28.93,-11.54
-17.88,38.70,-6.71
-23.32,33.69,25.45
-16.05,22.09,73.00
-20.08,20.81,107.30
-30.58,19.29,116.21
-36.44,7.39,109.50
-35.58,-12.08,99.49
-40.83,-31.31,87.52
-47.79,-44.49,70.37
-53.71,-53.47,46.81
-54.20,-62.74,24.96
-50.72,-75.01,8.91
-47.61,-89.17,-2.56
-48.03,-101.26,-13.37
-49.80,-108.83,-28.81
-49.56,-108.22,-46.51
-44.92,-79.10,-48.46
-45.17,-30.33,-34.36
-9.52,-20.39,-46.88
16.97,-23.74,-41.26
35.22,-28.99,-22.40
48.16,-26.73,-9.09
56.03,-21.97,1.71
62.13,-16.11,9.40
63.54,-12.27,13.18
60.12,-11.41,14.16
58.96,-10.93,11.84
63.17,-9.40,7.63
66.83,-8.61,-0.37
70.50,-9.28,-18.25
78.37,-3.66,-22.09
74.77,-3.66,-34.36
79.65,-0.12,-62.56
83.98,6.71,-72.63
92.22,0.43,-77.45
91.67,-1.22,-74.28
80.81,-1.77,-65.73
79.96,-4.52,-59.45
69.21,-1.59,-39.37
67.75,-6.16,-26.92
63.23,-9.03,-12.70
60.30,-9.28,-6.35
57.62,-5.43,16.11
49.44,-4.33,12.88
51.51,-4.70,7.93
48.83,-2.08,18.37
39.49,-2.50,16.97
33.26,-3.36,9.03
24.41,-1.89,4.15
15.87,-0.43,-2.81
5.80,1.22,-5.37
-2.14,2.26,-7.87
-9.22,4.21,-10.56
-12.88,6.04,-10.38
-12.57,8.36,-7.63
-9.83,10.13,-3.72
-6.23,11.35,0.79
-3.30,11.72,4.94
-2.56,12.33,7.63
-4.94,13.31,10.38
-7.87,16.91,14.28
-14.53,21.79,18.98
-21.97,26.43,25.02
-31.25,30.33,30.94
-37.29,34.06,39.86
-40.28,41.20,66.22
-41.93,46.63,99.49
-37.05,53.77,124.63
-27.22,58.29,138.73
















-,-,-
2.44,-0.18,0.12
3.17,0.00,-0.31
3.11,0.06,-0.67
2.62,0.00,-0.98
1.46,-0.43,-1.04
1.28,-0.43,-0.98
1.34,-0.31,-0.73
1.83,-0.37,-0.73
2.14,-0.18,-0.37
1.95,0.18,-0.37
2.26,0.37,-0.37
2.69,0.37,-0.49
2.50,0.43,-0.73
2.50,0.31,-0.61
2.50,0.37,-0.73
1.95,0.06,-1.16
1.89,-0.12,-1.28
1.89,-0.18,-1.28
1.89,-0.24,-1.16
2.08,-0.31,-1.04
2.38,-0.24,-0.79
2.75,-0.31,-0.49
3.17,-0.43,-0.18
3.11,-0.43,-0.06
3.05,-0.43,-0.12
2.81,-0.67,-0.43
2.20,-0.73,-0.92
1.65,-0.73,-0.98
1.89,-0.24,-1.04
2.20,-0.31,-1.10
1.89,-0.18,-0.73
1.16,0.31,-0.37
-0.31,1.10,-0.06
-3.66,3.30,-0.55
-12.76,8.73,-2.56
-22.83,12.02,-5.62
-40.04,12.02,-8.30
-47.24,-13.55,-1.77
-23.86,-62.74,15.44
-0.49,-108.64,35.40
15.14,-133.12,48.77
9.22,-121.77,46.26
12.08,-118.96,46.88
22.28,-127.75,53.04
33.26,-134.52,60.73
32.29,-137.08,64.45
22.95,-140.81,61.22
14.59,-128.30,49.19
2.08,-100.77,33.75
5.55,-81.42,25.63
10.86,-61.65,17.58
8.24,-29.91,5.25
16.42,-17.15,4.46
15.81,0.55,1.83
21.91,4.09,5.49
34.55,0.37,8.97
49.93,-1.95,10.07
66.16,-1.16,7.87
84.17,0.55,4.33
102.54,0.00,-1.65
110.66,0.49,-14.89
111.45,9.16,-39.49
116.39,16.42,-47.00
118.35,20.87,-64.39
123.90,27.59,-75.74
127.50,27.16,-81.85
128.91,22.16,-81.73
117.43,22.28,-67.02
100.52,12.27,-50.11
90.15,-2.69,-32.90
75.32,-4.94,-4.03
67.57,-11.17,10.38
63.29,-12.08,16.48
56.52,-10.25,11.66
49.44,-7.69,4.03
39.98,-2.69,-4.15
32.59,1.10,-17.09
24.17,2.01,-17.09
8.73,2.56,-6.53
-9.28,-0.18,-5.00
-23.19,-2.93,-8.30
-35.89,-1.59,-11.60
-47.12,2.75,-13.00
-55.54,16.48,-13.37
-65.00,47.12,-12.33
-57.37,50.48,-7.20
-51.45,69.64,-4.27
-51.21,102.91,4.15
-44.13,113.71,19.41
-29.11,110.60,25.94
-18.86,111.45,29.85
-8.61,109.99,30.94
-12.39,116.94,26.49
-20.45,112.79,11.47
-18.80,95.03,-0.61
1.83,93.26,-8.48
-7.69,72.57,-7.14
-16.85,50.90,-13.31
-19.29,34.67,-17.82
-11.66,14.40,-17.88
-0.24,-2.81,-16.05
-2.75,-0.24,-19.78
-4.88,1.34,-22.40
-5.31,0.31,-21.55
-3.97,0.49,-18.13
-0.79,1.59,-12.45
4.03,2.44,-5.13
8.97,3.17,2.50
13.55,4.58,8.85
14.28,7.02,12.27
9.70,11.05,12.33
0.49,15.32,10.13
-10.31,19.65,5.68
-23.93,27.59,-0.37
-37.48,41.44,-2.93
-48.03,47.24,13.92
-45.41,34.24,49.07
-38.70,18.98,90.39
-32.17,9.77,117.74
-33.69,5.00,122.31
-43.70,0.67,107.97
-54.99,-5.62,84.78
-63.90,-13.73,64.70
-70.56,-24.29,50.84
-73.85,-34.36,39.92
-72.39,-43.76,31.86
-67.50,-55.48,27.65
-60.97,-68.97,23.32
-54.08,-81.60,13.98
-48.16,-90.70,-2.56
-38.88,-95.83,-31.37
-29.17,-99.73,-73.36
6.53,-95.52,-89.36
21.97,-49.99,-54.63
56.52,-11.47,-47.79
88.93,-17.09,-40.34
108.64,-22.95,-28.56
107.85,-21.85,-14.04
110.72,-24.23,-8.91
103.82,-26.86,-12.94
104.19,-32.35,-36.44
95.03,-25.27,-41.44
94.06,-21.48,-58.29
93.93,-16.48,-64.70
100.16,-12.39,-77.82
102.05,-2.20,-83.31
106.32,-9.95,-83.92
98.33,-2.81,-63.23
82.70,2.87,-47.00
68.85,3.97,-14.89
49.32,1.89,8.97
48.89,-8.42,24.48
40.95,-8.73,48.03
33.39,-11.05,56.82
27.22,-15.08,58.23
16.48,-14.59,55.91
6.77,-11.72,48.22
0.31,-7.81,39.61
-3.23,-1.65,31.56
-6.41,5.37,23.80
-10.44,10.86,16.11
-17.15,15.38,8.85
-24.29,19.71,2.87
-30.76,23.19,-1.16
-37.96,26.92,-2.75
-43.27,29.30,-1.28
-44.68,29.66,2.93
-39.98,29.05,17.58
-34.73,31.19,41.08
-26.31,28.93,61.28
-16.97,36.62,71.96
-8.06,50.84,74.58
-1.28,61.77,74.40
2.44,64.88,76.05
3.30,61.46,79.83
















-,-,-
2.08,-0.31,-0.43
2.32,-0.18,-0.55
2.38,-0.49,-0.43
2.38,-0.37,-0.43
2.50,-0.18,-0.49
2.26,-0.18,-0.73
1.71,0.00,-0.98
1.77,0.12,-1.22
1.53,0.12,-1.28
1.53,0.18,-1.04
1.65,-0.12,-0.73
1.83,-0.37,-0.37
2.14,-0.06,-0.31
2.50,-0.18,-0.24
2.56,-0.18,-0.31
2.14,-0.31,-0.55
2.14,-0.49,-0.55
1.89,-0.43,-0.73
1.65,-0.67,-0.92
1.71,-0.85,-0.85
1.65,-0.67,-0.61
1.95,-0.61,-0.49
2.08,-0.55,-0.31
2.44,-0.67,-0.18
2.56,-0.85,0.06
2.56,-0.98,0.43
2.62,-0.98,0.49
2.69,-0.98,0.43
2.56,-0.85,0.18
2.08,-0.73,0.12
1.83,0.00,-0.18
-0.49,1.65,-0.37
-14.65,7.02,-1.28
-18.55,12.51,-4.39
-23.25,12.45,-6.35
-39.86,10.44,-7.14
-55.66,8.67,-8.30
-54.02,-2.32,-8.00
-29.05,-37.84,1.89
-3.97,-65.49,15.93
24.48,-99.06,27.71
52.55,-130.07,44.86
51.51,-128.60,50.60
52.86,-132.08,50.17
50.11,-126.65,49.68
41.32,-113.95,51.03
13.85,-83.44,29.97
21.18,-80.99,25.39
24.66,-89.66,27.10
15.50,-86.85,23.68
0.18,-57.19,16.97
-1.28,-34.91,10.56
6.10,-33.33,10.38
3.91,-20.20,9.46
-0.12,-5.07,6.47
1.10,5.43,2.20
-0.37,10.80,-0.73
-0.98,8.97,-2.62
3.97,6.29,-4.09
8.61,3.91,-5.19
13.18,1.46,-6.35
21.30,-0.24,-7.32
28.87,-1.46,-8.73
39.79,-3.60,-10.68
58.35,-3.36,-14.22
70.01,-1.04,-28.50
92.71,1.95,-52.86
114.07,5.25,-66.22
133.00,8.79,-83.25
145.51,15.69,-95.76
149.96,23.56,-97.53
142.40,28.81,-89.48
134.46,26.73,-90.03
125.31,25.39,-87.46
109.68,22.09,-68.12
105.41,14.89,-58.90
95.15,6.47,-35.71
86.73,1.16,-24.96
81.12,-4.33,-19.17
66.65,1.34,-10.86
57.37,6.53,-16.30
46.88,8.97,-24.11
36.93,10.86,-31.86
28.20,17.40,-37.17
18.43,19.96,-30.03
8.79,8.91,-13.73
-2.44,0.24,-6.71
-12.15,-3.78,-5.86
-19.90,-6.04,-3.91
-25.70,-8.06,0.67
-31.68,-10.19,7.02
-39.86,-11.60,13.98
-49.13,-13.00,20.02
-58.41,-9.34,25.33
-68.79,17.94,31.37
-86.06,69.27,33.63
-70.01,83.62,25.02
-53.04,106.51,25.45
-29.66,112.61,30.33
-1.10,109.19,31.68
7.63,109.56,23.62
16.11,93.93,11.47
20.69,89.84,2.20
37.48,83.31,-4.15
11.54,73.61,-12.21
4.21,61.77,-22.09
-1.40,67.50,-30.70
-14.53,66.71,-37.41
-25.02,54.08,-38.45
-16.17,22.34,-29.36
-8.24,6.53,-23.07
-8.00,1.83,-19.78
-5.55,0.73,-15.32
-2.26,2.20,-9.28
1.95,3.48,-2.38
5.00,3.85,5.31
7.32,3.72,11.47
8.54,4.76,15.08
8.48,5.55,17.03
8.91,6.59,17.64
2.69,8.73,16.78
-6.16,12.33,14.83
-15.99,20.26,12.27
-29.05,35.77,12.51
-38.02,49.50,24.35
-40.59,52.49,43.46
-35.95,42.54,63.17
-25.45,25.09,82.58
-23.86,10.19,97.35
-26.37,-3.85,105.65
-34.55,-20.51,106.75
-45.47,-40.47,103.39
-54.57,-59.88,97.23
-64.51,-74.40,87.71
-70.56,-81.05,74.28
-71.17,-80.87,56.40
-66.41,-77.15,35.03
-59.63,-73.67,11.29
-56.40,-69.15,-14.10
-52.37,-68.60,-39.00
-42.66,-72.14,-65.37
-24.66,-72.51,-85.39
-1.95,-65.49,-81.67
20.94,-52.25,-67.44
45.65,-34.67,-48.28
70.19,-24.96,-36.01
90.03,-29.91,-20.45
99.98,-34.85,-7.32
100.34,-31.01,4.03
103.21,-26.00,12.02
107.54,-23.86,11.84
107.60,-26.12,-0.67
108.34,-31.01,-21.61
109.13,-30.27,-46.26
109.74,-17.58,-50.23
104.68,-6.16,-67.20
105.47,4.94,-87.59
114.81,2.38,-97.23
113.46,11.78,-104.37
100.77,19.59,-99.24
85.75,20.87,-81.18
71.47,20.26,-57.92
59.63,12.76,-33.81
54.99,-2.01,-10.99
49.68,-6.96,10.38
41.02,-9.58,23.62
28.14,-14.16,30.58
19.29,-16.97,26.18
12.88,-16.85,21.48
8.97,-13.61,18.49
9.03,-8.06,16.60
8.06,-2.08,14.59
3.97,2.87,11.11
-0.18,6.29,6.53















