
-,-,-
2.14,1.71,-3.42
1.95,2.01,-3.66
1.77,2.26,-3.72
1.59,2.38,-3.91
1.59,2.38,-4.27
0.92,1.46,-4.46
-0.24,0.98,-4.33
-0.85,0.18,-3.78
-0.12,-1.04,-2.32
0.85,-2.08,-0.12
2.56,-2.75,1.89
3.72,-2.75,3.05
3.72,-2.01,2.99
2.87,-0.92,1.65
1.04,-0.06,-0.24
-1.46,0.73,-2.38
-2.93,0.67,-3.91
-4.46,-0.31,-4.33
-5.43,-1.53,-4.03
-6.47,-2.20,-3.23
-7.20,-2.26,-1.95
-7.45,-3.23,0.55
-6.96,-3.48,2.08
-5.31,-3.30,2.26
-4.46,-3.05,2.08
-3.91,-2.14,0.85
-3.48,-0.24,-0.43
-6.04,1.71,-1.16
-9.77,3.66,-3.97
-12.27,4.21,-6.96
-12.39,5.37,-7.45
-10.38,5.62,-6.53
-6.90,4.88,-5.37
-4.33,5.55,-4.46
-1.89,7.02,-3.78
-2.87,7.81,-3.17
-9.40,10.62,-3.91
-20.87,32.35,-2.62
-40.22,47.97,1.04
-48.77,54.57,5.00
-61.46,62.62,8.00
-69.34,46.88,5.31
-55.48,41.20,11.72
-60.73,42.36,20.94
-58.59,28.38,14.40
-54.69,13.92,-2.32
-34.55,13.31,-7.08
-26.92,11.60,14.10
-34.00,8.61,32.47
-29.30,4.88,28.99
-20.45,-2.01,30.09
-26.49,0.31,24.41
-20.51,-7.20,34.30
-20.45,-8.30,39.86
-15.69,-10.74,48.28
-19.53,-23.01,44.25
-17.46,-17.70,31.74
-13.79,-28.38,31.98
-20.69,-38.33,34.12
-28.26,-38.94,34.42
-33.39,-26.55,18.62
-30.58,-18.74,13.18
-33.69,-27.53,12.15
-40.59,-12.76,4.03
-28.81,-8.85,8.42
-18.31,-52.43,38.33
-25.76,-56.70,38.76
-22.16,-36.01,26.49
-20.81,-28.63,12.15
-17.21,-45.96,15.20
-15.75,-41.56,15.87
-10.62,-55.60,17.64
-9.83,-63.90,11.54
-9.89,-65.37,11.29
-5.55,-83.01,10.80
0.73,-78.25,-0.98
-2.38,-58.17,-7.39
10.38,-54.87,-12.39
21.55,-50.54,-13.00
25.15,-50.96,-13.67
29.17,-53.77,-19.47
42.11,-67.75,-27.65
41.81,-48.65,-27.10
40.59,-38.33,-27.59
47.30,-41.14,-35.58
52.67,-36.07,-39.37
57.68,-33.14,-41.02
70.68,-39.92,-46.26
67.75,-32.84,-36.74
56.76,-25.94,-35.64
57.13,-25.21,-34.06
55.05,-27.53,-29.72
56.15,-27.65,-21.48
52.98,-22.71,-20.75
64.27,-25.27,-31.92
68.12,-21.79,-31.80
73.73,-18.74,-33.14
75.20,-11.78,-11.96
60.85,-4.46,8.48
56.88,-3.23,1.34
56.21,0.79,-9.34
53.41,3.05,-24.54
52.06,4.15,-25.94
50.96,8.61,-25.88
52.37,15.87,-25.88
60.06,16.54,-32.96
61.83,23.13,-31.74
59.94,33.33,-30.82
55.79,24.23,-22.52
45.65,26.06,-9.22
42.30,24.84,-3.72
45.96,18.25,2.99
39.79,35.52,4.82
42.54,40.34,-2.87
37.60,47.30,-2.81
29.11,43.52,1.10
24.41,44.43,-4.94
14.40,49.62,-0.43
7.02,44.56,-2.44
3.17,39.18,-6.29
-2.26,45.23,-0.98
-6.10,57.01,5.68
-6.23,54.93,11.90
-4.03,62.68,13.43
-8.54,60.24,18.92
-10.68,54.87,22.83
-6.90,44.01,32.41
-10.93,46.08,38.33
0.06,28.99,37.84
0.43,57.50,43.09
-6.53,70.25,40.89
-6.23,61.83,37.48
-17.82,62.93,39.61
-28.14,48.22,30.09
-33.26,43.03,24.48
-40.89,42.66,27.71
-44.74,29.60,25.15
-40.95,14.65,21.48
-37.90,9.89,15.69
-30.27,9.52,4.70
-32.10,24.78,16.85
-40.65,29.54,34.97
-49.32,21.06,36.44
-49.44,13.31,25.21
-45.04,9.16,13.73
-44.74,7.32,22.34
-52.12,11.96,16.85
-43.15,5.92,7.81
-34.85,0.67,9.52
-35.28,-2.26,15.69
-36.01,1.53,21.36
-35.10,-0.37,29.11
-37.66,1.89,27.53
-35.10,-1.89,29.66
-34.30,-5.92,33.63
-37.35,-3.78,31.74
-36.13,4.76,22.71
-30.88,4.70,13.24
-27.10,-0.31,18.92
-29.24,-19.04,33.94
-28.38,-40.28,42.05
-30.33,-24.05,32.78
-27.04,-9.77,19.41
-23.68,-13.98,17.21
-21.00,-20.02,19.23
-14.28,-15.63,22.71
-7.93,-22.40,17.76
-4.52,-22.03,15.38
-5.37,-22.58,13.85
-3.72,-48.83,19.04
-2.14,-79.16,31.07
-7.02,-81.30,33.94
-7.45,-49.13,22.16
-1.28,-39.18,13.67
















-,-,-
2.08,-1.16,-0.49
1.95,-1.10,-0.61
2.01,-0.92,-0.73
1.59,-0.85,-0.98
1.34,-1.04,-1.10
1.40,-1.10,-0.85
1.53,-1.16,-0.49
2.56,-1.10,-0.31
2.75,-1.10,-0.31
2.32,-0.98,-0.55
1.95,-0.73,-1.04
1.34,-0.61,-1.53
1.10,-0.37,-1.95
0.92,-0.12,-2.01
0.92,-0.12,-1.83
1.22,-0.85,-1.40
0.92,-1.04,-1.04
1.10,-1.22,-0.43
1.65,-1.59,-0.31
1.40,-1.77,-0.12
0.98,-1.89,-0.24
-0.12,-1.95,-0.67
-0.73,-2.08,-1.16
-1.22,-2.44,-1.28
-1.16,-2.32,-1.59
0.00,-2.50,-1.77
0.31,-2.50,-1.89
-0.37,-3.48,-2.32
-4.09,-5.80,-3.54
-7.26,-8.30,-5.25
-9.22,-6.53,-5.62
-13.43,4.03,-3.85
-13.37,20.20,0.79
-15.32,36.19,3.11
-12.08,20.08,-3.42
-17.70,17.27,-3.97
-18.92,22.95,0.24
-31.80,42.30,12.02
-36.44,23.99,0.67
-31.98,2.20,-22.03
-24.41,10.86,-17.40
-22.64,19.04,8.06
-27.65,18.31,26.00
-28.56,11.29,28.99
-24.90,5.49,33.63
-35.52,-0.85,40.28
-43.70,1.40,33.14
-43.76,2.08,35.28
-50.78,-1.53,39.55
-49.87,-3.05,29.17
-40.71,4.52,10.68
-30.88,8.48,3.91
-30.03,-5.43,21.18
-31.62,-14.53,33.20
-25.39,-11.17,32.78
-20.32,-8.24,24.41
-15.08,-18.19,19.65
-17.82,-23.38,23.68
-21.24,-31.68,32.35
-27.04,-32.35,34.85
-23.50,-29.60,28.26
-17.15,-18.68,12.33
-8.24,-21.36,15.20
-8.00,-29.05,24.96
-12.02,-17.15,20.08
-8.06,-27.89,24.29
-7.32,-58.35,32.35
-12.63,-58.35,27.59
-12.94,-69.95,29.30
-9.40,-83.74,25.63
-15.56,-67.63,18.37
-12.76,-65.98,8.48
-13.79,-69.64,-1.46
-8.67,-70.74,-9.34
-6.53,-75.07,-13.43
2.26,-85.08,-16.17
9.70,-78.74,-18.80
10.07,-51.76,-20.63
9.40,-53.41,-20.02
18.07,-60.12,-24.66
16.30,-36.38,-21.06
26.12,-41.14,-28.02
37.96,-43.03,-35.89
43.76,-39.12,-31.56
44.56,-30.15,-31.31
54.38,-34.79,-36.62
56.15,-30.82,-36.01
60.24,-27.40,-40.22
71.47,-28.08,-40.95
69.52,-19.17,-37.23
75.01,-12.15,-42.18
78.67,-2.69,-41.87
81.48,-7.57,-43.52
72.14,-0.55,-31.74
61.16,9.89,-33.26
57.25,14.34,-32.23
55.05,17.58,-26.98
55.24,18.80,-21.18
51.09,17.21,-13.92
48.03,23.56,-6.04
46.45,30.03,-8.18
48.34,39.25,-15.50
47.00,41.63,-22.09
33.57,27.22,-5.00
26.86,21.42,-3.66
22.40,5.74,12.02
18.92,14.71,7.69
25.51,13.49,1.10
25.21,26.92,-5.74
20.39,49.32,-9.46
14.10,58.65,-6.65
9.34,51.39,-3.97
6.96,39.49,5.13
-0.37,46.57,8.91
0.43,36.32,8.24
-0.31,37.78,11.35
-6.96,42.60,13.31
-0.49,45.17,15.81
-9.34,64.76,18.55
-7.93,56.21,19.10
-9.16,49.19,18.55
-2.50,38.88,19.35
-4.70,36.38,24.23
4.39,11.84,21.06
-1.53,39.73,29.24
-3.30,47.85,29.91
-3.23,46.88,31.92
-12.45,38.94,29.48
-14.04,36.56,27.40
-27.10,30.64,24.11
-25.21,20.94,20.87
-34.00,27.16,28.20
-30.76,15.08,26.55
-30.33,12.45,24.41
-26.37,14.22,16.66
-26.25,5.19,18.31
-29.48,7.45,22.40
-32.90,7.69,35.83
-34.00,6.29,31.31
-32.47,7.87,30.33
-32.78,5.62,27.10
-29.54,4.88,7.69
-26.00,3.17,15.87
-29.72,3.36,24.11
-33.94,3.11,28.14
-31.56,-0.37,21.85
-31.01,-4.27,25.09
-33.45,-6.96,31.49
-33.33,-10.01,33.69
-30.46,-4.27,23.01
-23.74,-2.75,13.37
-23.62,-13.85,27.47
-27.28,-14.47,30.46
-28.26,-13.92,30.46
-24.72,-14.89,26.06
-23.13,-13.98,19.10
-17.27,-9.58,9.89
-14.59,-6.41,10.01
-11.96,-9.46,17.03
-9.03,-19.41,20.94
-7.08,-23.99,23.25
-2.62,-37.41,30.40
-7.14,-18.07,12.82
-5.43,-9.70,9.03
1.71,-20.26,14.77
1.71,-23.13,11.84
9.22,-21.91,12.15
11.47,-10.50,11.96
14.71,-8.06,15.01
18.13,-11.11,22.52
18.92,-16.60,29.79
20.20,-30.33,34.91
23.68,-47.67,39.49
26.37,-45.04,45.90
















-,-,-
0.55,1.46,-5.98
0.31,1.10,-5.80
0.31,0.73,-5.31
0.55,0.67,-4.94
1.04,0.79,-4.33
1.65,0.61,-3.85
1.95,0.18,-3.48
1.95,-0.37,-3.05
1.53,-0.79,-2.75
2.08,-0.98,-2.14
2.14,-1.04,-1.89
2.32,-1.04,-1.40
2.62,-0.79,-1.28
2.81,-0.61,-1.16
2.56,-0.43,-0.79
2.38,-0.43,-0.67
2.20,-0.43,-0.49
2.38,-0.61,-0.55
2.50,-0.92,-0.73
2.87,-0.98,-1.04
2.14,-1.16,-1.28
1.95,-1.04,-1.34
1.89,-1.04,-1.46
2.20,-1.22,-1.46
2.32,-1.22,-1.28
2.69,-1.34,-1.53
2.26,-1.34,-1.77
1.34,-1.34,-2.14
0.73,-1.28,-3.30
-1.34,-1.10,-4.58
-6.41,-0.73,-5.98
-13.85,-0.92,-7.57
-19.41,1.04,-7.69
-25.39,6.71,-4.33
-24.17,12.39,-1.95
-26.12,21.61,7.26
-19.35,5.13,-5.55
-17.33,14.34,1.40
-25.27,25.76,17.03
-30.15,21.91,15.87
-35.03,12.45,14.95
-34.55,13.00,13.85
-38.70,16.11,17.03
-34.85,12.63,20.14
-35.52,13.00,17.03
-27.77,7.20,14.89
-25.94,7.45,22.83
-29.05,0.67,19.47
-32.78,-5.13,31.01
-36.32,-7.26,36.74
-34.91,-9.52,36.93
-29.36,-10.74,32.04
-23.25,-17.70,34.18
-17.03,-17.70,28.08
-13.55,-20.57,27.77
-13.73,-28.50,30.09
-11.47,-42.18,32.41
-11.54,-47.00,34.85
-12.33,-51.09,29.42
-12.02,-51.94,26.67
-11.41,-60.49,25.94
-5.49,-71.96,24.23
-8.54,-70.01,22.52
-6.84,-69.52,17.70
-7.75,-63.42,12.82
-6.16,-76.42,8.85
-2.14,-86.36,5.31
-7.14,-67.57,3.17
-6.23,-69.70,1.89
-4.94,-78.49,-1.77
-4.52,-77.27,-3.72
-1.77,-61.89,-4.03
-4.33,-50.96,-3.17
5.62,-61.10,-5.25
10.38,-62.13,-10.07
15.87,-62.56,-17.27
16.54,-50.84,-21.97
17.33,-48.77,-24.78
18.62,-44.86,-21.55
22.46,-53.53,-23.32
29.97,-39.31,-23.44
37.84,-41.81,-30.76
52.31,-41.56,-42.54
64.70,-42.24,-47.30
64.76,-31.13,-49.44
77.70,-29.17,-53.04
80.08,-21.91,-54.69
86.61,-19.23,-58.04
89.72,-7.63,-61.58
77.15,-3.05,-51.82
78.19,-8.12,-48.58
72.33,-10.80,-48.34
71.11,-5.80,-41.08
63.84,3.17,-33.87
72.45,6.71,-41.69
73.36,13.00,-33.39
63.35,26.31,-17.40
68.30,42.30,-24.23
59.33,50.84,-16.85
52.37,46.75,-17.82
43.95,40.71,-23.07
29.97,37.60,-11.90
20.39,31.31,-7.20
18.86,15.75,-2.20
13.67,15.81,-0.92
21.30,33.26,-12.15
22.58,29.42,-0.12
23.13,44.92,-5.25
17.40,63.05,-2.62
-0.67,72.39,9.16
-4.70,61.40,5.74
-7.51,43.40,6.47
-15.20,36.68,5.86
-13.61,21.97,5.37
-19.17,49.50,8.61
-13.18,66.59,14.10
-6.41,74.28,14.95
-3.36,64.09,13.37
1.10,55.05,10.68
-12.15,55.36,15.99
-13.49,28.02,15.32
-8.61,5.49,14.22
-18.25,29.85,18.25
-24.60,28.08,17.82
-14.89,9.34,14.22
-22.58,31.49,23.44
-25.39,53.22,35.77
-30.46,59.63,40.04
-15.56,27.22,29.72
-19.59,33.14,32.59
-19.65,17.21,26.37
-8.79,0.79,20.81
-13.85,21.55,33.26
-21.06,41.08,42.30
-17.52,26.37,35.52
-13.12,25.21,38.21
-10.74,30.88,37.11
-14.04,35.71,40.41
-14.40,21.06,29.30
-8.54,15.81,24.05
-15.32,29.30,25.02
-18.43,20.14,16.42
-15.99,8.54,9.83
-15.08,7.87,8.61
-22.22,9.77,31.13
-21.00,4.82,32.17
-20.08,1.65,32.47
-17.15,-2.81,33.87
-15.56,-5.25,27.16
-13.24,-8.97,28.02
-14.89,-20.39,43.95
-15.69,-16.54,52.06
-12.82,-10.74,41.87
-6.77,-14.77,33.39
-5.62,-10.50,21.48
-10.86,-27.22,38.88
-13.98,-34.18,44.37
-15.81,-36.50,43.76
-13.98,-31.19,29.42
-17.94,-28.56,25.70
-18.98,-32.90,25.82
-21.06,-33.08,25.70
-16.78,-35.77,27.59
-16.91,-34.00,27.71
-15.08,-30.15,23.50
-12.27,-14.59,14.34
-10.19,-10.62,13.73
-5.98,-29.72,26.25
-1.04,-37.35,32.65
0.67,-21.48,34.30
2.87,-25.27,40.16
1.59,-28.32,40.71
0.49,-31.19,43.58
0.85,-35.03,47.73
















-,-,-
2.87,-1.16,-0.37
2.75,-1.28,-0.18
3.05,-1.46,-0.18
2.01,-1.16,-0.31
1.10,-1.04,-0.67
0.98,-0.92,-0.79
1.34,-0.67,-0.79
1.16,-0.43,-0.61
1.16,-0.18,-0.49
1.34,-0.31,-0.31
1.59,-0.37,-0.06
1.28,-0.92,-0.12
2.56,-0.73,-0.06
3.05,-0.67,0.24
2.99,-0.85,0.24
2.56,-0.67,0.24
2.20,-0.55,0.12
2.01,0.06,-0.06
1.71,0.49,-0.55
1.16,0.55,-0.98
1.16,0.18,-1.40
0.67,-0.31,-1.65
-1.10,-1.04,-1.77
-3.60,-2.26,-2.75
-6.41,-2.44,-2.56
-11.84,-0.85,-1.95
-15.14,-4.58,-5.74
-15.32,-1.34,-2.93
-15.38,15.69,15.56
-15.69,18.68,23.25
-16.48,16.48,20.14
-12.82,13.37,15.81
-13.55,11.35,12.82
-23.07,6.47,14.77
-30.15,8.91,16.24
-35.46,18.13,17.03
-34.00,14.34,12.27
-32.53,8.61,6.90
-28.20,6.29,5.98
-22.95,4.15,19.47
-19.41,-1.22,18.07
-12.94,-3.85,17.09
-9.70,-6.10,13.67
-7.39,-1.95,7.14
-6.90,-7.14,14.89
-12.39,-11.54,19.78
-13.49,-6.53,13.92
-10.86,-9.52,19.53
-14.89,-20.02,25.15
-15.08,-21.79,22.77
-11.29,-36.44,23.56
-7.75,-47.18,22.64
-11.05,-30.58,15.14
-10.44,-19.65,13.06
-15.38,-23.01,9.95
-14.28,-44.07,8.00
-17.94,-37.54,6.29
-15.20,-43.03,6.84
-16.30,-41.99,7.20
-18.43,-54.26,8.85
-18.13,-58.84,8.24
-19.59,-45.96,1.71
-18.55,-25.70,0.12
-11.96,-24.78,-2.87
0.31,-64.64,2.81
4.46,-77.03,3.78
-2.14,-45.78,5.13
-2.44,-48.89,-3.30
0.24,-60.67,-7.14
0.73,-55.18,-7.87
2.08,-51.27,-6.04
15.81,-61.28,-8.61
14.40,-42.91,-6.90
16.48,-44.37,-10.38
22.22,-49.01,-15.69
20.14,-51.94,-18.92
24.78,-43.88,-25.15
19.10,-15.50,-18.62
26.67,-18.92,-30.70
37.29,-31.37,-43.82
51.09,-34.91,-56.40
49.62,-14.53,-54.08
60.97,-14.16,-56.46
61.34,-10.56,-49.87
69.82,-10.50,-60.42
68.85,-5.07,-53.89
61.22,-0.06,-42.24
47.49,-0.61,-27.71
49.93,1.16,-33.02
49.38,-3.30,-27.89
52.37,-2.08,-32.41
45.78,2.44,-19.41
43.95,1.16,-13.00
46.08,9.22,-16.17
46.20,18.19,-13.24
49.19,16.54,-18.55
48.34,19.41,-16.85
35.22,19.35,-3.11
33.87,27.10,-9.95
28.99,29.66,-9.83
24.54,35.89,-13.67
22.89,39.73,-16.54
21.30,31.01,-10.99
18.80,21.36,-6.96
12.63,33.39,-4.27
11.66,35.16,-3.11
10.31,39.00,-1.71
2.01,48.71,-1.04
3.23,36.25,2.50
-9.22,46.63,7.26
-9.58,46.57,5.62
-17.09,54.87,10.74
-17.94,69.89,10.50
-13.61,66.22,7.93
-10.74,70.62,3.72
-15.08,56.27,19.10
-8.18,23.56,18.62
-1.95,34.48,16.97
-11.41,57.19,23.44
-8.85,54.57,25.39
-17.70,51.39,25.15
-16.85,42.42,24.35
-21.24,42.05,29.05
-24.66,48.10,31.92
-22.16,33.51,27.47
-21.12,52.31,35.64
-29.11,51.03,31.98
-28.08,33.94,15.08
-20.02,25.82,18.25
-30.15,25.09,21.61
-22.77,10.93,15.26
-22.22,17.76,18.13
-20.14,23.01,27.53
-20.69,11.17,19.23
-17.15,5.25,15.44
-16.91,8.61,28.93
-21.73,4.52,33.75
-19.96,-0.37,37.90
-18.74,-1.71,44.49
-19.71,-7.32,35.22
-17.70,-7.57,26.31
-17.09,-15.38,40.10
-21.85,-18.37,34.06
-20.45,-20.75,36.19
-17.82,-17.40,33.02
-18.01,-21.61,33.69
-17.94,-24.84,37.54
-18.86,-18.92,28.99
-10.80,-25.57,25.94
-8.97,-30.58,28.81
-10.62,-26.43,25.33
-6.90,-27.53,17.46
-6.59,-30.76,15.50
-10.62,-26.25,10.68
-9.46,-34.79,15.69
-8.36,-39.37,15.93
-10.31,-28.56,18.13
-7.81,-38.51,21.48
-4.70,-67.20,26.37
-4.52,-75.68,21.85
-3.23,-53.04,10.44
-0.24,-18.86,2.99
4.94,-5.00,1.46
9.89,-5.74,3.17
13.43,-5.31,3.85
15.01,-4.46,3.91
13.18,-3.23,4.76
7.87,-2.62,6.59
2.08,-3.91,8.85
-1.77,-5.55,13.31
-2.20,-7.69,19.65
-2.81,-11.90,26.49
-2.32,-19.23,33.81
-0.79,-35.16,45.04
















-,-,-
2.81,-1.04,1.65
2.38,-0.55,0.49
1.95,0.06,-0.55
2.08,0.37,-0.85
2.32,0.43,-1.10
2.50,0.55,-1.65
2.44,0.43,-2.01
2.38,0.06,-2.14
1.65,-0.06,-2.08
1.34,0.00,-2.20
1.28,0.12,-1.83
1.22,-0.12,-1.40
0.67,-0.37,-1.16
0.18,-0.79,-0.73
-0.55,-0.73,-0.49
-0.85,-0.73,-0.43
-1.40,-0.31,-0.31
-1.46,0.06,-0.18
-1.77,0.43,0.12
-2.20,0.67,0.49
-2.44,0.79,1.22
-2.56,0.43,2.26
-1.46,0.61,3.72
-1.10,1.40,7.39
-1.53,1.16,9.58
-2.08,2.01,7.63
-1.95,4.46,12.57
-8.12,1.89,9.52
-5.49,0.67,-2.08
-4.76,1.34,-1.65
-6.96,3.05,5.74
-16.42,5.74,14.95
-15.38,6.53,13.18
-21.00,6.16,23.38
-25.15,8.79,8.48
-26.12,10.25,-6.35
-27.40,7.87,-4.09
-32.35,0.85,17.52
-37.60,-5.07,47.91
-33.39,-8.18,57.07
-31.68,-15.50,58.29
-24.17,-15.14,44.56
-19.29,-14.95,34.36
-18.43,-18.07,32.41
-23.56,-14.28,26.86
-29.11,-14.34,21.12
-25.76,-19.78,18.37
-21.79,-31.92,26.86
-21.12,-49.19,32.41
-21.12,-56.46,31.07
-21.12,-47.79,22.71
-24.35,-43.15,16.97
-26.00,-48.65,12.51
-27.40,-51.45,5.49
-26.79,-56.46,1.34
-9.95,-74.40,-6.96
-7.69,-67.14,-11.66
-1.10,-71.35,-18.43
-2.81,-58.65,-25.57
1.16,-66.59,-31.07
6.96,-60.55,-40.59
11.35,-43.27,-43.88
19.71,-31.86,-42.72
28.26,-26.61,-49.19
42.60,-38.02,-55.48
47.49,-34.30,-56.15
44.92,-20.20,-50.11
40.41,-15.99,-48.58
45.65,-18.62,-52.73
45.41,-17.58,-49.68
41.14,-15.08,-46.45
48.34,-17.88,-49.13
49.93,-14.83,-44.68
49.38,-13.06,-37.72
59.20,-12.94,-48.46
64.09,-15.87,-43.15
66.22,-8.73,-46.14
63.54,-6.84,-30.40
44.98,-4.58,-13.85
60.00,-11.60,-29.54
49.74,-5.19,-16.85
54.02,1.34,-19.47
49.93,-3.23,-13.37
49.74,-0.55,-16.54
47.79,6.23,-15.93
39.86,9.40,-17.27
35.77,8.97,-19.47
27.65,15.93,-11.90
20.94,19.23,-3.05
23.25,18.74,-10.38
29.05,28.69,-21.00
25.09,25.82,-10.80
19.10,35.03,-10.74
13.61,42.24,-9.77
13.67,34.97,-8.54
12.39,35.16,-9.89
10.56,27.83,-1.16
4.82,34.97,1.28
3.11,35.03,0.31
2.93,23.01,3.85
3.66,21.06,4.76
-2.38,34.97,0.55
1.53,33.81,0.12
-5.92,46.57,1.40
-7.75,44.62,2.44
-11.41,39.18,6.77
-14.10,40.47,8.12
-21.18,49.13,4.70
-14.22,25.70,6.16
-13.49,27.47,8.79
-10.68,25.39,9.40
-7.93,35.22,9.03
-14.65,35.83,13.73
-11.60,27.77,15.08
-16.97,19.96,17.15
-15.01,30.27,19.23
-21.61,32.10,23.38
-18.19,25.70,27.22
-17.09,10.01,22.46
-11.78,12.51,28.14
-13.24,37.23,37.90
-20.75,41.02,40.34
-10.62,24.23,33.69
-10.93,11.78,29.30
-12.08,12.70,26.67
-9.03,8.85,25.39
-15.20,21.73,39.86
-18.37,32.47,47.30
-26.00,29.72,42.54
-16.54,20.14,33.94
-16.36,12.88,30.46
-14.83,15.56,36.93
-19.10,18.01,37.17
-19.78,16.60,34.79
-18.49,12.51,21.97
-21.48,10.50,17.76
-18.01,4.70,-3.48
-16.42,5.07,-3.78
-18.74,6.23,20.81
-22.52,1.53,33.87
-20.39,0.37,29.97
-10.38,-10.25,33.81
-9.09,-13.92,33.08
-10.31,-11.96,24.84
-6.84,-21.12,35.03
-7.14,-22.52,34.00
-6.59,-22.46,35.03
-4.15,-25.88,40.04
-5.25,-20.69,34.97
-4.21,-30.27,42.18
-6.90,-24.41,27.95
-7.69,-36.44,36.74
-11.90,-37.54,38.33
-18.25,-23.74,29.24
-13.67,-27.83,21.61
-13.37,-25.76,15.32
-11.23,-35.22,15.26
-9.46,-36.68,12.51
-7.51,-38.88,6.47
-3.97,-28.02,3.48
-3.36,-22.64,1.71
-8.00,-6.16,-4.58
-3.48,-26.92,-0.79
-2.14,-42.48,0.98
-7.39,-52.61,2.38
-8.12,-74.58,-0.24
-11.29,-69.03,-5.43
-16.24,-65.06,-13.18
-10.50,-73.79,-21.00
-1.65,-80.75,-26.79
14.16,-70.86,-26.18
27.77,-71.90,-30.64
36.07,-61.40,-30.88
32.65,-49.01,-33.51
33.57,-43.21,-39.73
















-,-,-
1.10,0.06,-1.22
1.34,-0.24,-1.04
1.77,-0.61,-0.85
2.14,-0.79,-0.49
1.65,-0.92,-0.31
1.71,-0.85,-0.37
1.71,-0.73,-0.49
1.59,-0.55,-0.49
1.53,-0.37,-0.67
1.46,-0.18,-0.79
1.77,-0.18,-0.67
2.14,-0.24,-0.73
2.01,-0.37,-0.79
1.77,-0.55,-0.98
1.65,-0.55,-1.10
1.46,-0.67,-1.04
1.46,-0.85,-0.85
1.77,-0.73,-0.85
1.83,-0.73,-0.49
1.46,-0.85,-0.31
1.71,-0.73,-0.37
1.53,-0.79,-0.37
1.28,-0.79,-0.49
1.22,-0.67,-0.67
1.04,-0.67,-0.98
1.22,-1.28,-1.59
-0.06,-1.83,-2.44
-1.83,-2.08,-3.42
-3.97,-2.93,-4.46
-6.77,-1.16,-4.15
-5.62,13.31,3.78
-13.12,27.89,10.44
-2.81,9.52,-1.71
-0.61,7.32,-3.72
-1.95,9.52,-1.46
-5.13,14.47,0.49
-12.94,31.98,10.44
-27.95,30.09,15.99
-34.12,16.24,5.31
-35.28,18.55,2.50
-40.16,26.12,17.03
-39.12,26.12,21.79
-36.56,22.89,27.34
-35.22,16.30,22.64
-28.38,12.39,13.43
-27.04,10.50,8.06
-26.55,12.88,6.23
-26.00,6.59,3.72
-24.48,3.30,8.06
-31.25,-4.33,22.64
-31.98,-12.33,32.29
-32.23,-9.34,32.04
-31.68,-15.08,28.75
-29.60,-15.50,22.95
-31.80,-12.63,20.94
-27.10,-17.64,22.46
-24.90,-22.40,21.06
-16.48,-9.83,7.20
-16.05,-17.21,8.42
-8.30,-50.29,13.85
-10.07,-57.25,13.24
-11.96,-47.12,7.69
-14.89,-55.60,5.43
-12.76,-53.89,3.85
-18.25,-57.50,2.50
-9.83,-72.45,-1.04
-11.41,-68.79,-6.16
-9.95,-73.85,-5.55
-8.18,-92.35,-8.06
-1.04,-87.71,-10.68
-5.55,-49.44,-9.95
-6.41,-58.17,-15.81
6.84,-62.68,-19.23
-3.60,-58.59,-18.62
8.54,-50.96,-25.27
5.13,-38.45,-27.65
11.84,-41.93,-32.71
10.99,-37.96,-41.08
25.63,-45.90,-52.67
31.13,-33.63,-46.20
25.82,-15.08,-31.49
38.82,-21.48,-39.92
57.62,-29.17,-48.58
72.08,-22.09,-48.89
72.69,-18.86,-47.61
89.42,-23.50,-54.50
77.88,-11.84,-44.07
70.74,-7.26,-34.36
67.20,-9.64,-40.28
75.13,-0.79,-47.42
63.96,8.24,-27.22
61.22,14.22,-19.35
64.27,17.88,-27.28
69.76,22.71,-26.98
58.23,33.20,-12.51
52.80,35.40,-15.44
45.10,37.23,-15.44
36.62,40.47,-15.01
31.01,43.58,-12.88
25.88,46.39,-6.04
22.58,44.37,0.55
18.92,48.28,4.82
18.01,59.08,3.66
13.61,68.05,7.20
1.16,76.48,12.21
-6.47,73.30,13.92
-21.67,66.53,21.67
-32.23,56.64,22.40
-31.31,45.72,23.86
-33.26,61.65,36.01
-36.19,62.93,45.35
-31.43,53.77,51.03
-20.94,57.98,55.42
-24.54,59.57,57.92
-26.18,68.30,74.89
-31.13,50.72,62.07
-25.21,25.76,36.99
-19.41,-2.81,14.10
-18.86,5.07,18.74
-32.78,37.90,51.27
-47.61,26.73,60.85
-35.71,17.88,50.11
-33.57,13.24,36.56
-29.05,2.32,31.74
-29.79,-3.42,37.48
-31.37,1.22,40.77
-33.51,-5.07,40.65
-24.54,-7.45,26.55
-22.22,-10.50,21.73
-20.87,-13.12,19.35
-21.36,-17.33,20.51
-16.72,-27.47,28.08
-17.82,-28.81,28.63
-14.53,-27.40,24.17
-10.38,-22.77,18.74
-8.24,-19.41,13.73
-4.76,-22.95,14.34
-5.25,-33.33,20.57
-8.54,-40.95,16.36
-10.62,-29.30,5.31
-13.37,-56.27,18.74
-9.64,-63.78,17.94
-17.82,-54.02,12.39
-10.74,-51.76,9.95
-13.06,-34.00,9.52
-10.38,-28.44,8.73
-8.85,-29.79,3.97
-7.51,-45.90,-4.88
-5.49,-36.32,-10.01
-8.42,-21.30,-9.95
-5.68,-37.72,-9.83
-2.87,-32.29,-7.75
-15.32,-36.25,-5.68
-4.03,-53.89,-8.48
-6.77,-36.19,-4.76
-10.25,-25.21,-1.77
0.85,-23.68,-3.60
2.93,-7.39,2.44
6.23,-1.10,6.77
13.37,-1.77,6.84
13.55,-2.87,8.36
12.15,-3.97,10.56
11.05,-5.86,13.00
10.31,-7.81,17.15
7.81,-8.30,23.13
2.99,-12.94,28.99
6.23,-26.92,32.71
21.55,-28.20,47.97
28.81,-17.70,69.52
35.58,-2.99,84.05
38.45,6.65,86.24
40.65,9.52,82.40
41.38,8.24,78.67
39.43,4.46,75.56
















-,-,-
2.01,0.18,-1.53
1.10,0.55,-1.83
1.34,0.79,-2.20
1.53,1.22,-2.32
1.83,1.34,-2.32
2.20,1.10,-2.01
2.08,0.73,-1.77
1.89,0.37,-1.59
2.20,0.18,-1.46
2.14,-0.24,-1.16
2.26,-0.31,-0.92
2.01,-0.37,-0.73
2.01,-0.61,-0.37
2.14,-0.55,-0.31
2.14,-0.55,-0.12
2.32,-0.73,0.00
2.08,-0.67,-0.12
2.14,-0.67,0.12
1.65,-0.61,-0.06
1.83,-0.49,-0.31
1.83,-0.43,-0.49
1.59,-0.31,-0.61
1.46,-0.31,-0.67
1.34,-0.18,-0.98
1.04,-0.37,-1.10
0.06,-1.04,-1.46
-0.12,-1.10,-1.71
-2.44,-0.73,-1.83
-5.55,-1.04,-2.20
-9.09,-1.10,-1.40
-12.45,-0.73,-1.10
-13.31,1.04,-0.06
-11.84,3.54,1.34
-9.89,9.46,2.69
-14.28,13.98,5.92
-12.39,2.99,2.50
-10.19,8.06,5.07
-22.46,32.78,24.78
-46.33,31.19,31.07
-43.88,10.07,22.03
-54.02,26.67,35.22
-56.88,24.90,43.64
-52.73,20.75,49.50
-44.43,21.67,44.68
-32.84,14.22,38.21
-29.54,5.25,40.89
-27.22,4.27,35.71
-34.30,3.78,37.90
-30.58,-1.22,25.02
-33.69,-5.25,27.40
-36.19,-12.63,25.27
-32.59,-18.49,22.52
-26.37,-24.90,20.20
-21.24,-16.24,16.05
-19.23,-27.47,15.87
-10.07,-43.27,18.13
-6.41,-52.31,18.37
-6.65,-61.34,18.80
-6.47,-75.74,14.28
-8.36,-90.94,14.04
-6.59,-103.03,15.14
-8.12,-88.44,14.34
-8.97,-89.11,13.55
-5.31,-92.83,4.33
-8.73,-83.37,-1.65
-15.20,-68.60,-6.41
-10.86,-74.65,-15.20
-1.65,-69.82,-22.16
-4.33,-60.97,-21.73
-1.59,-62.50,-26.61
4.33,-68.48,-30.46
4.64,-58.41,-31.98
9.16,-51.88,-36.38
15.75,-38.45,-37.41
24.35,-55.48,-42.42
48.40,-52.92,-52.00
40.10,-23.50,-36.50
54.14,-37.72,-53.71
76.66,-46.20,-74.16
71.78,-26.79,-60.73
68.42,-14.47,-53.22
69.89,-10.86,-57.50
72.39,-11.54,-53.89
63.72,-8.91,-43.88
70.80,-8.67,-51.15
76.54,-2.93,-49.01
77.21,1.59,-39.49
68.66,2.56,-22.40
75.62,6.16,-29.48
67.75,10.01,-28.56
67.69,19.17,-41.08
58.47,16.11,-33.69
54.63,25.51,-36.25
50.11,27.65,-21.30
43.88,35.58,-14.95
47.06,43.76,-18.07
42.42,49.01,-14.59
37.05,56.95,-9.16
26.79,58.53,-4.27
20.69,60.55,-6.53
7.87,67.63,0.49
-0.06,64.33,8.36
-0.24,60.55,8.00
-5.86,74.95,8.91
-12.15,68.36,18.13
-23.07,70.07,22.83
-30.82,52.00,25.51
-34.79,55.36,26.37
-50.54,75.99,32.35
-37.23,49.80,30.52
-31.49,49.93,32.84
-32.10,16.24,26.67
-7.57,11.54,21.48
-24.29,72.27,48.16
-33.02,74.46,51.94
-23.01,72.39,55.30
-35.83,47.85,40.71
-11.66,40.83,37.72
-35.95,59.94,56.09
-27.10,9.70,23.74
-7.81,-4.88,15.26
-11.35,3.36,25.63
-10.80,3.48,31.25
-15.93,45.04,61.22
-39.25,44.56,69.82
-14.34,24.23,52.73
-20.32,32.65,56.03
-15.75,16.54,34.73
-15.56,20.81,31.07
-17.76,26.06,34.79
-28.20,25.39,37.90
-23.38,11.96,25.09
-21.48,14.16,19.90
-16.78,15.50,14.53
-16.91,12.21,13.85
-13.43,3.66,15.26
-11.90,-0.18,22.16
-9.58,-8.12,29.24
-4.09,-9.77,25.82
-4.70,-16.66,31.19
-4.82,-31.07,31.31
-7.87,-34.06,32.90
-8.24,-41.93,31.80
-6.71,-36.56,24.48
-6.90,-39.25,35.40
-9.64,-34.12,31.98
-8.67,-24.78,27.28
-14.71,-32.04,24.60
-17.82,-46.69,23.19
-18.62,-44.19,16.91
-20.14,-30.76,10.07
-12.57,-13.31,3.23
-11.35,-18.74,9.34
-6.96,-29.42,15.63
-7.87,-42.97,23.68
-5.25,-44.31,20.75
-2.14,-30.52,15.20
-2.62,-34.36,15.63
0.18,-45.59,16.24
-2.87,-41.99,16.66
-6.29,-28.87,10.80
-4.09,-38.88,10.25
-2.50,-33.69,7.51
-2.75,-18.62,6.53
1.04,-15.56,3.54
5.07,-10.62,1.71
5.80,-2.56,1.16
9.52,-1.65,1.53
10.19,-1.34,2.26
9.09,-0.24,2.87
8.79,1.53,3.05
6.77,3.05,2.44
5.55,3.48,1.40
3.48,4.27,0.12
















-,-,-
1.59,-0.24,-1.46
1.53,-0.31,-1.65
1.71,-0.55,-2.01
1.53,-0.67,-1.95
1.40,-0.98,-1.71
1.95,-1.22,-1.59
2.14,-1.46,-1.22
2.26,-1.46,-0.98
1.71,-1.59,-0.55
1.77,-1.46,-0.31
1.95,-1.46,-0.43
1.89,-1.10,-0.79
1.53,-0.73,-0.98
1.65,-0.43,-1.34
1.59,-0.18,-1.40
1.53,0.00,-1.28
1.46,0.24,-1.04
1.77,0.12,-0.79
2.20,0.06,-0.61
2.32,-0.18,-0.55
2.26,-0.61,-0.49
2.14,-0.98,-0.37
1.95,-0.85,-0.61
1.59,-1.04,-1.04
2.01,-1.40,-1.53
1.65,-1.46,-2.44
1.46,-1.59,-3.72
-0.61,-1.04,-5.49
-3.78,-0.06,-7.45
-8.00,1.04,-10.31
-14.28,2.01,-13.37
-20.14,4.03,-16.72
-25.57,10.93,-19.41
-29.79,32.84,-18.43
-35.46,31.43,-20.81
-29.60,16.85,-26.43
-29.72,28.63,-21.97
-32.65,44.80,-12.88
-35.22,37.23,-10.99
-37.84,41.08,-6.59
-52.25,50.42,6.41
-56.76,45.41,9.46
-55.30,42.85,10.62
-53.71,39.12,16.72
-49.74,23.80,12.08
-42.72,21.42,12.08
-40.77,24.29,26.18
-35.40,21.00,30.21
-33.02,7.20,41.99
-26.00,-2.32,40.28
-21.12,-2.81,32.47
-15.44,-6.41,24.35
-12.70,-4.64,15.63
-14.53,-6.53,24.17
-15.93,-13.61,35.52
-22.09,-30.27,57.56
-22.52,-31.56,52.86
-26.00,-31.98,52.12
-28.81,-30.58,46.88
-36.50,-25.88,40.28
-37.05,-23.38,32.53
-36.87,-22.03,26.73
-34.73,-26.49,26.55
-37.60,-33.69,34.00
-33.69,-35.71,32.04
-28.75,-39.49,25.76
-23.56,-41.56,27.47
-21.73,-38.39,19.23
-15.75,-39.73,17.52
-8.36,-39.37,9.52
-4.09,-30.09,5.62
-2.32,-43.70,5.92
2.01,-61.22,0.61
1.46,-73.55,1.10
-3.85,-85.63,-3.60
2.08,-78.12,-8.67
-4.70,-75.81,-10.19
7.63,-87.65,-21.12
1.22,-77.64,-24.84
2.99,-87.22,-30.15
4.03,-64.70,-35.77
-3.11,-58.65,-43.27
15.56,-68.54,-54.81
21.00,-55.42,-53.16
34.73,-47.91,-54.08
47.30,-41.26,-54.75
59.88,-34.67,-57.13
69.46,-25.51,-49.62
78.37,-20.51,-51.94
85.45,-22.46,-58.23
83.50,-9.70,-59.45
75.44,-0.18,-52.12
74.65,2.81,-55.24
77.51,8.85,-53.16
77.76,16.42,-45.29
77.76,23.13,-34.97
77.82,42.97,-27.04
77.03,55.36,-18.07
74.10,59.27,-13.37
70.86,55.97,-20.81
49.87,56.82,-6.47
33.87,45.04,0.98
24.78,32.35,8.67
20.14,27.59,10.62
19.35,34.79,9.22
18.55,39.12,10.44
12.21,54.81,10.56
3.85,65.43,11.41
-4.03,61.52,14.53
-9.46,54.63,18.25
-9.89,33.69,22.89
-6.47,37.66,23.44
-18.98,57.07,23.13
-20.14,46.39,16.66
-21.48,48.46,14.95
-32.47,65.67,16.60
-25.94,60.12,13.61
-23.93,78.06,20.87
-27.89,84.78,26.73
-22.83,65.55,21.00
-19.47,60.30,19.78
-22.77,53.28,20.81
-19.71,39.31,17.03
-18.55,39.18,23.13
-24.60,34.18,30.82
-23.32,29.60,25.51
-22.34,24.23,24.48
-15.32,33.87,37.96
-24.54,34.06,46.14
-25.02,18.68,35.95
-24.05,15.87,36.25
-27.28,10.25,36.74
-25.21,2.99,27.95
-26.31,-2.01,26.06
-25.27,-11.54,39.12
-25.45,-13.00,35.40
-24.84,-26.49,46.39
-25.21,-41.02,54.87
-28.93,-50.35,57.86
-28.50,-60.30,53.65
-33.39,-61.28,54.99
-34.12,-49.80,49.93
-31.25,-34.24,32.71
-19.90,-29.36,19.04
-17.46,-31.80,18.37
-12.51,-27.59,12.15
-14.16,-24.05,15.01
-8.18,-25.27,11.29
-9.52,-18.43,13.79
-4.46,-26.18,19.17
0.00,-36.87,26.86
3.48,-39.92,32.65
4.64,-38.76,36.99
8.97,-36.87,35.89
13.18,-28.14,31.98
13.61,-21.42,32.90
15.50,-28.44,34.55
15.20,-36.87,36.68
15.44,-37.60,40.22
24.23,-24.72,50.42
38.82,-5.74,74.58
53.47,11.72,105.22
66.22,21.36,130.80
80.57,25.45,146.24
90.64,28.81,152.34
94.54,34.85,149.90
93.87,42.05,139.59
88.93,46.69,124.39
84.23,47.79,109.07
80.14,47.67,95.34
74.65,47.30,86.12
70.62,47.42,80.51
68.42,48.65,75.32
67.26,49.19,68.97
67.69,47.49,60.79
















-,-,-
1.83,-0.06,-0.67
2.14,0.06,-0.55
1.71,-0.06,-0.55
1.71,-0.12,-0.37
1.95,-0.18,-0.49
1.53,-0.31,-0.49
1.71,-0.31,-0.43
2.08,-0.49,-0.55
1.89,-0.37,-0.61
1.59,-0.18,-0.79
1.65,-0.06,-0.79
1.77,-0.18,-0.61
1.65,-0.49,-0.37
1.95,-0.49,-0.24
2.14,-0.73,0.00
2.20,-0.79,0.06
2.08,-0.61,-0.06
1.95,-0.37,-0.37
1.89,-0.49,-0.24
2.20,-0.43,-0.31
2.26,-0.24,-0.43
1.89,-0.24,-0.61
1.53,-0.18,-0.55
1.53,-0.18,-0.43
1.95,-0.24,-0.24
1.89,-0.49,0.00
2.20,-0.73,0.06
2.08,-0.79,0.06
2.08,-0.79,-0.06
1.59,-0.67,-0.24
1.40,-0.31,-0.61
1.34,-0.31,-0.73
1.95,-0.31,-0.98
2.44,-0.31,-0.85
2.69,-0.37,-0.55
2.32,-0.24,-0.85
1.83,-0.12,-1.22
1.46,-0.24,-1.28
1.40,-0.06,-1.22
1.77,0.18,-0.98
1.95,0.43,-1.04
2.01,0.49,-0.98
2.56,0.61,-1.10
2.14,0.61,-1.46
0.67,-0.18,-2.99
-3.54,-0.73,-6.16
-11.72,-0.49,-11.96
-22.34,2.08,-18.62
-25.57,6.47,-23.25
-23.99,10.38,-23.13
-21.85,15.87,-18.01
-19.84,15.01,-21.00
-20.14,14.53,-17.40
-31.92,18.37,-4.46
-41.38,19.41,7.45
-53.83,16.24,27.10
-64.03,0.12,39.25
-70.50,-9.52,45.17
-69.52,-12.51,40.53
-59.75,-16.30,34.42
-47.79,-7.75,20.32
-30.52,-6.53,9.58
-15.32,-10.19,11.35
-1.83,-6.77,4.64
-7.75,-19.78,15.93
-13.12,-49.50,20.81
-21.30,-60.12,17.94
-34.91,-74.65,16.85
-36.44,-95.58,12.33
-39.43,-76.66,7.51
-35.83,-80.69,6.96
-29.85,-79.28,0.43
-28.38,-86.49,-8.30
-19.35,-105.53,-21.12
-18.92,-97.84,-24.66
-12.63,-104.86,-30.64
-1.95,-112.85,-40.77
2.08,-92.41,-47.06
13.85,-77.27,-58.11
34.00,-56.40,-60.73
58.23,-35.22,-60.12
82.28,-26.79,-73.30
107.54,-24.48,-91.43
116.03,-13.43,-94.24
118.65,3.05,-92.59
119.69,18.98,-87.40
117.37,41.81,-78.25
112.12,60.97,-65.86
104.49,68.48,-53.77
96.37,68.24,-45.35
86.85,64.58,-33.51
72.94,60.61,-18.55
72.14,50.60,-21.61
71.41,41.99,-19.96
62.07,41.20,-12.21
55.54,46.63,-8.91
46.08,47.91,3.60
38.39,37.05,8.85
28.63,33.39,11.60
13.18,19.96,16.54
0.79,30.82,10.62
-13.98,28.99,7.81
-19.04,26.25,7.39
-34.18,39.25,13.31
-45.23,43.88,18.68
-41.75,54.75,28.02
-52.06,84.53,54.81
-56.15,106.38,73.79
-49.99,93.75,67.63
-28.20,69.89,63.48
-21.42,71.59,66.71
-23.74,64.51,69.46
-10.93,50.54,61.28
-18.07,37.23,51.09
-9.77,16.66,31.25
-6.84,14.10,26.92
-11.72,43.15,50.29
-18.31,31.25,43.70
-13.06,19.10,32.90
-15.32,21.48,24.23
-16.24,18.25,24.72
-21.97,15.75,28.20
-20.51,4.82,22.95
-19.10,4.58,22.16
-17.40,5.19,16.30
-19.04,-1.95,19.78
-19.35,-10.56,25.27
-18.31,-18.07,28.63
-17.40,-27.59,34.73
-17.46,-31.37,38.94
-20.14,-30.03,35.64
-20.26,-41.69,35.22
-22.28,-60.79,36.50
-25.02,-54.02,32.84
-29.79,-49.50,25.94
-16.78,-45.72,21.18
-18.01,-31.68,12.63
-11.90,-45.84,14.95
-12.88,-52.25,14.40
-19.17,-49.93,18.31
-25.09,-57.43,20.75
-21.12,-77.09,19.47
-26.00,-75.62,24.05
-23.44,-66.65,18.68
-17.88,-51.57,14.53
-9.09,-58.17,10.38
-0.31,-45.96,3.23
-0.79,-26.43,0.73
4.82,-12.39,1.10
6.96,-7.69,4.33
12.21,-9.03,7.87
13.92,-9.70,10.62
13.92,-11.23,12.70
13.06,-12.82,14.89
11.66,-14.89,17.52
11.23,-17.76,20.94
6.77,-21.06,25.21
3.36,-23.99,28.75
0.49,-26.18,32.78
-1.34,-26.67,37.05
0.43,-24.41,41.81
4.76,-16.11,46.51
6.84,-4.21,56.46
12.94,7.39,67.08
17.94,14.16,74.40
24.60,16.42,76.97
31.74,18.31,76.11
35.71,20.08,74.46
36.99,19.84,73.43
36.74,17.40,71.96
34.79,12.88,70.01
32.47,6.53,67.44
29.17,0.43,63.84
21.79,-4.15,58.90
15.69,-6.90,57.19
















-,-,-
1.89,-1.40,-0.79
1.95,-1.40,-0.61
2.01,-1.28,-0.67
2.32,-1.22,-0.61
2.01,-1.10,-0.61
1.95,-1.04,-0.79
1.71,-1.04,-0.61
1.89,-1.10,-0.43
1.89,-1.04,-0.24
2.01,-0.85,-0.43
1.89,-0.79,-0.73
1.89,-0.61,-0.79
1.71,-0.49,-0.92
1.28,-0.31,-1.16
1.16,-0.43,-1.16
1.89,-0.24,-1.28
1.71,-0.18,-1.40
0.55,-0.12,-1.65
1.77,0.31,-1.53
1.71,0.79,-1.34
1.59,0.85,-1.89
0.24,1.65,-3.05
0.98,1.65,-4.09
0.98,2.20,-4.76
2.44,3.30,-5.25
3.78,3.66,-5.80
1.77,4.33,-6.53
-3.17,2.99,-8.85
-8.36,1.65,-11.66
-14.40,1.34,-14.40
-18.92,3.30,-15.26
-24.60,13.55,-6.47
-36.56,28.50,7.02
-53.04,23.38,2.32
-58.78,24.72,2.38
-64.82,34.85,17.46
-72.08,31.49,22.64
-75.87,24.78,22.95
-72.69,13.06,13.67
-65.98,19.90,4.94
-55.66,20.51,0.24
-52.55,16.17,1.34
-50.72,3.78,9.34
-46.02,-9.34,13.43
-33.20,-9.46,15.20
-18.43,-35.03,28.56
-7.26,-54.81,31.80
-0.24,-52.37,31.86
-3.36,-54.63,30.64
-8.54,-62.87,17.46
1.95,-97.41,18.74
2.93,-98.88,10.13
0.85,-114.62,2.26
6.16,-125.92,-0.43
5.37,-117.31,-4.21
10.56,-112.37,-8.48
11.35,-103.64,-17.03
13.24,-101.56,-24.54
15.20,-88.93,-31.86
23.86,-87.04,-40.83
27.16,-71.78,-40.89
32.29,-56.58,-46.20
40.95,-41.20,-51.45
56.15,-43.76,-70.37
73.06,-30.40,-73.36
66.53,-12.57,-56.03
81.85,-10.80,-66.83
89.97,-11.17,-73.30
97.47,-5.86,-68.60
83.86,12.70,-44.25
89.29,30.82,-54.20
78.98,41.69,-47.55
62.81,41.32,-36.25
54.26,47.97,-29.66
50.29,49.19,-17.58
47.85,52.19,-12.57
43.70,57.98,-12.27
37.17,60.30,-9.77
30.46,75.07,-12.45
20.20,66.71,-2.50
8.79,67.63,-3.97
-6.41,58.29,1.53
-12.88,48.89,4.70
-27.77,64.94,5.07
-30.40,57.62,8.24
-39.86,65.25,22.40
-51.57,82.89,32.65
-41.08,75.13,38.51
-25.15,62.44,46.08
-29.30,63.78,50.05
-20.45,49.87,44.98
-22.52,41.56,48.03
-16.24,26.31,48.95
-15.69,45.10,63.84
-20.75,48.34,62.19
-8.48,41.26,61.10
-12.21,55.60,76.23
-14.53,33.45,57.68
-6.04,14.04,43.58
-7.81,12.57,38.94
-5.98,11.66,32.10
-7.93,8.54,33.69
-14.22,4.27,41.99
-21.18,-6.29,47.36
-24.72,-1.95,44.25
-26.92,-1.89,37.11
-27.71,-6.16,35.64
-29.91,-14.65,44.43
-32.23,-25.63,50.11
-28.87,-38.33,50.90
-28.93,-58.35,49.26
-30.64,-55.73,41.63
-34.00,-54.87,41.26
-39.98,-65.49,44.92
-44.07,-75.81,49.62
-31.49,-58.41,35.22
-16.42,-46.20,26.37
-10.86,-40.04,22.64
-7.14,-56.64,23.44
-9.16,-39.73,22.71
-6.90,-44.68,27.95
-8.91,-50.05,28.32
-11.66,-54.44,29.97
-11.11,-69.27,32.59
-7.39,-69.70,36.50
-7.51,-59.02,39.92
-2.93,-55.85,46.33
0.67,-55.18,53.41
7.02,-47.73,61.40
19.10,-40.83,80.81
24.05,-34.48,102.11
34.61,-32.23,122.38
40.22,-41.02,138.49
30.76,-61.77,146.36
27.40,-88.99,140.38
48.71,-102.23,143.74
59.69,-92.41,140.99
58.17,-71.29,124.15
40.28,-54.75,101.32
30.46,-53.83,77.58
41.93,-72.94,56.95
62.56,-103.82,40.53
47.06,-124.27,35.71
38.64,-134.52,41.14
30.46,-139.22,50.90
20.02,-139.95,63.17
7.14,-138.67,75.87
1.83,-135.44,86.43
3.48,-131.41,91.74
8.73,-125.61,90.52
16.42,-115.30,80.93
15.14,-102.42,65.19
4.27,-91.74,46.69
-6.65,-84.78,27.10
-18.80,-81.79,7.57
-31.80,-82.76,-9.40
-34.79,-85.45,-24.23
-31.01,-88.07,-31.62
-30.58,-93.51,-24.78
-32.47,-105.47,-7.39
-30.03,-117.61,13.12
-17.15,-123.84,31.19
8.97,-133.00,39.67
43.09,-158.45,34.36
54.93,-192.93,21.06
63.96,-213.56,3.72
92.59,-219.18,-17.76
165.04,-221.56,-62.62
139.28,-230.47,-104.92
83.25,-245.54,-118.35
94.91,-256.65,-110.29
129.39,-260.50,-88.62
142.82,-250.79,-63.78
149.35,-224.98,-47.91















