Type after 2s
-,-,-
1.71,-0.06,-1.46
2.08,0.06,-1.34
2.20,-0.06,-0.98
2.26,-0.18,-0.55
2.38,-0.24,-0.37
2.44,-0.37,-0.31
2.01,-0.24,-0.24
1.83,-0.06,-0.24
1.89,0.12,-0.31
1.83,0.37,-0.31
2.01,0.12,-0.37
2.26,-0.31,-0.18
2.69,-0.43,0.18
3.05,-0.61,0.00
2.99,-0.49,-0.31
2.32,-0.43,-0.37
2.44,-0.12,-0.79
2.20,0.06,-0.61
1.83,0.12,-0.49
1.28,0.18,-0.55
1.34,0.18,-0.79
1.46,0.24,-0.79
1.95,0.18,-0.55
2.08,0.18,-0.37
2.38,-0.06,-0.24
2.56,-0.12,-0.24
3.36,-0.12,-0.31
3.72,-0.12,-0.55
7.02,-0.06,-1.10
12.82,-0.06,-1.83
19.53,0.00,-2.81
31.01,0.55,-4.64
47.42,1.95,-8.67
56.09,6.41,-29.05
71.41,22.40,-63.60
83.19,45.47,-89.11
89.42,59.57,-106.26
82.95,54.63,-106.14
72.08,56.34,-107.06
62.44,50.35,-84.47
53.77,45.90,-81.60
50.78,36.99,-73.24
48.52,27.22,-49.32
48.83,16.36,-41.38
56.34,3.72,-25.45
54.93,3.66,-21.55
50.54,17.58,-44.37
44.98,14.53,-28.38
27.22,18.68,-24.66
15.32,18.13,-21.73
4.70,8.79,-12.08
-10.99,12.15,-13.55
-28.50,17.82,-14.16
-42.91,24.11,-11.47
-49.87,25.09,-7.02
-56.34,23.01,-0.06
-57.31,18.25,7.93
-57.62,13.00,15.63
-58.72,-1.40,26.25
-49.32,-36.19,36.32
-36.99,-72.20,35.46
-27.10,-89.29,33.02
-25.39,-116.09,35.10
-23.44,-119.38,38.15
-34.79,-122.68,42.48
-50.35,-115.72,32.29
-53.89,-110.05,25.02
-67.26,-86.36,14.95
-62.13,-78.00,5.80
-55.24,-74.77,2.20
-51.27,-52.49,0.06
-49.32,-42.91,5.37
-48.28,-53.89,8.06
-48.34,-59.51,14.40
-48.58,-58.53,15.69
-35.95,-57.74,16.60
-29.36,-35.28,14.34
-15.32,-32.53,18.19
-9.89,-20.75,17.70
-3.85,-15.99,19.41
1.95,-17.82,21.61
4.64,-19.04,22.34
3.48,-17.52,22.09
1.83,-14.22,21.48
-0.61,-10.19,20.69
-2.26,-5.80,19.96
-3.54,-0.18,20.08
-6.10,4.64,22.40
-6.16,7.39,25.39
-3.97,8.91,30.03
1.59,11.05,36.68
14.95,18.62,45.90
33.14,26.55,57.68
49.32,42.24,73.24
57.98,74.16,81.85
71.29,97.53,69.21
86.91,105.47,56.52
87.65,104.80,47.91
73.73,98.14,38.39
55.97,82.40,20.81
41.50,60.85,-1.34
32.17,43.03,-18.98
25.02,33.63,-34.55
17.70,26.25,-50.42
12.63,17.46,-73.67
5.37,8.18,-103.58
2.38,-4.82,-114.20
8.12,-6.41,-91.00
2.75,21.61,-79.59
-1.40,23.74,-79.10
-1.10,14.16,-74.95
-2.56,8.73,-62.99
2.14,0.67,-47.61
7.87,-6.41,-31.92
15.87,-11.90,-16.97
22.40,-18.86,-4.70
29.36,-24.72,4.09
35.28,-29.54,10.13
39.18,-32.78,13.43
40.16,-32.35,13.79
41.02,-27.40,10.62
36.68,-19.96,4.76
29.17,-11.11,-2.75
19.59,-6.23,-15.01
15.38,-5.55,-30.27
9.95,-0.92,-38.94
12.27,2.75,-42.24
15.50,5.49,-44.92
32.29,-9.22,-70.56
63.54,-17.03,-94.06
57.01,-5.43,-81.48
73.36,-18.49,-101.56
71.23,-16.42,-85.14
64.03,-18.25,-62.26
59.33,-23.38,-54.63
68.42,-34.36,-55.36
70.07,-40.16,-46.33
71.04,-43.46,-41.87
57.98,-30.46,-30.21
54.02,-23.62,-20.26
44.98,-14.10,-6.41
37.48,-10.44,-10.07
35.64,-12.33,-10.99
23.19,-4.39,-3.97
16.11,0.06,-1.95
14.16,-1.53,-7.08
17.52,-8.73,-21.30
17.27,-10.07,-26.43
14.59,-4.21,-13.79
7.39,-0.18,-3.97
8.48,-1.22,1.34
9.95,-2.38,5.43
9.52,-3.11,7.87
6.29,-4.52,9.70
4.33,-4.70,10.93
4.33,-4.58,13.31
5.13,-6.41,14.95
5.62,-7.39,15.81
4.52,-6.65,17.27
4.33,-5.43,18.07
3.85,-4.70,19.17
1.77,-4.39,20.81
-0.85,-4.27,23.01
-3.17,-3.85,27.10
-8.24,-3.72,33.57
-14.83,-5.07,43.03
-19.90,-6.96,54.50
-21.42,-8.61,66.96
-15.14,-10.50,91.74
-12.39,-9.09,123.29
-10.86,-4.46,147.16
-4.82,-6.84,163.57
0.43,-8.54,176.57
4.64,-8.24,175.23
3.30,-12.02,175.84















Type after 2s
-,-,-
-6.84,1.04,-30.58
-7.63,2.69,-30.64
-7.08,3.60,-29.66
-5.55,4.09,-28.08
-4.21,4.39,-25.70
-2.32,3.97,-22.64
-0.55,3.36,-19.78
1.46,2.81,-17.15
2.20,2.50,-15.08
3.11,2.26,-13.31
3.17,2.38,-11.60
3.05,2.56,-10.31
2.81,2.20,-9.03
3.72,1.83,-7.26
5.13,0.92,-6.35
4.27,-0.12,-5.80
2.26,-1.04,-5.25
2.32,-1.95,-4.46
2.26,-2.50,-3.60
2.62,-1.71,-3.17
3.54,-1.53,-2.08
5.13,-1.16,-0.79
7.02,-0.18,-0.06
6.90,1.65,-0.18
6.16,2.69,-0.98
5.80,3.36,-2.26
7.93,3.48,-3.97
15.14,2.69,-5.62
28.20,2.14,-6.29
40.16,1.71,-6.29
45.53,-0.31,-6.65
42.72,-2.08,-9.28
40.71,-5.13,-14.40
46.94,-10.50,-19.71
59.75,-18.25,-33.81
78.19,-26.98,-40.95
101.75,-39.61,-52.43
109.92,-30.09,-61.40
112.43,-23.44,-57.01
108.70,-14.53,-65.37
101.81,-9.58,-65.86
108.22,-16.36,-52.67
100.10,-15.81,-23.25
94.36,-12.51,-0.37
90.88,-0.92,18.92
87.52,-2.38,14.77
88.93,-5.80,24.60
70.31,5.00,16.24
60.18,9.46,0.85
58.59,4.76,2.81
49.26,4.52,8.91
41.26,1.16,10.01
27.10,5.37,13.43
15.63,4.94,8.85
7.26,4.03,0.37
2.62,4.15,-5.19
-3.66,2.75,-6.96
-8.12,0.85,-6.47
-13.92,0.79,-4.82
-18.68,-1.77,-0.24
-16.97,-8.12,4.46
-16.42,-4.70,3.30
-13.18,-5.31,5.07
-9.16,-13.98,9.77
-19.23,-9.28,7.14
-33.20,-6.29,4.39
-48.58,-16.42,10.01
-48.10,-51.76,36.32
-67.14,-60.18,46.33
-81.48,-67.20,52.06
-78.31,-87.59,75.93
-95.70,-78.12,79.71
-100.59,-61.04,71.23
-97.41,-57.25,70.68
-98.94,-57.37,63.78
-101.01,-50.35,57.74
-104.49,-45.47,48.71
-105.47,-40.28,26.31
-94.67,-34.42,14.04
-89.05,-24.41,1.16
-76.60,-12.76,-6.47
-56.58,-16.30,6.77
-43.76,-24.23,19.29
-28.75,-12.57,7.02
-7.51,-5.37,11.78
8.97,-3.91,18.13
23.56,-4.88,25.15
34.18,-5.62,29.60
37.23,-5.25,27.83
34.42,-4.64,22.58
30.76,-3.23,15.44
22.09,-0.85,8.61
9.46,2.75,4.27
-1.34,7.08,2.50
-9.40,15.63,2.56
-15.08,29.11,3.66
-10.25,45.53,9.46
4.39,65.98,23.99
23.74,88.13,39.43
52.31,102.23,54.87
78.19,112.61,62.87
97.78,122.44,59.63
105.10,127.75,49.32
103.70,124.33,37.35
100.04,112.18,28.56
90.45,95.09,22.52
79.35,74.89,18.86
65.31,54.75,19.35
50.11,37.29,22.58
32.90,18.01,22.03
14.71,-3.48,14.34
-4.76,-22.83,0.98
-25.09,-38.51,-17.15
-44.49,-52.49,-38.15
-58.17,-67.69,-59.33
-65.49,-82.64,-78.06
-64.15,-97.66,-95.83
-59.20,-112.30,-118.16
-40.41,-122.68,-143.68
7.51,-80.14,-123.35
17.64,-31.49,-104.43
40.89,-17.58,-91.49
42.72,-32.10,-73.79
35.83,-29.42,-53.89
43.82,-25.82,-30.27
59.08,-28.63,-7.81
76.48,-32.71,10.31
87.16,-45.65,21.36
103.45,-84.41,17.46
123.47,-112.30,11.66
111.63,-103.45,9.77
117.37,-104.37,-0.37
116.94,-86.30,0.55
118.96,-76.05,1.04
108.15,-68.60,-9.22
88.26,-50.90,-15.20
76.66,-38.27,-22.89
69.95,-30.94,-15.44
57.86,-41.50,-32.10
70.50,-56.34,-42.36
50.60,-55.97,-39.12
54.81,-58.78,-34.91
47.97,-34.79,-18.31
36.19,-12.76,-3.66
28.44,-4.82,2.20
16.36,1.10,4.09
-1.40,13.55,5.13
-12.76,23.19,4.15
-16.60,25.45,0.73
-13.06,21.85,-3.23
-10.13,18.07,-4.52
-10.74,15.50,-4.76
-13.24,11.66,-4.52
-16.30,8.42,-3.17
-16.54,5.37,-0.18
-13.73,1.10,4.82
-9.03,-7.93,9.64
-1.28,-44.43,8.42
7.51,-83.50,4.76
-5.37,-72.88,7.02
-17.88,-53.04,8.12
-26.67,-43.03,7.08
-26.73,-44.37,-0.85
-20.14,-51.45,-10.56
-15.26,-46.26,-17.58
-13.18,-26.79,-16.05
-13.85,-7.87,-8.24
-10.68,0.37,-6.10
-13.12,8.79,-5.25
-14.16,8.61,-8.97
-13.61,6.84,-14.34
-10.62,7.32,-16.85
-7.51,8.85,-15.50
-4.15,8.24,-11.47















Type after 2s
-,-,-
13.55,-1.34,4.64
17.46,-2.14,5.25
19.59,-2.75,5.43
20.32,-3.42,4.70
18.98,-4.15,3.30
16.24,-4.64,1.65
13.43,-4.52,0.06
12.15,-4.15,-0.49
11.72,-3.42,-0.31
11.78,-2.26,0.73
12.21,-1.46,1.95
11.47,-0.67,3.05
10.13,-0.18,3.72
8.36,-0.18,4.58
6.65,0.12,4.70
5.00,0.31,4.46
3.78,0.37,3.97
2.87,0.79,3.36
2.14,0.98,2.93
2.26,1.10,2.44
4.15,0.98,2.14
5.43,0.79,2.26
8.30,0.24,2.75
13.31,-0.06,3.54
19.65,-0.18,5.07
24.23,0.06,7.08
27.59,0.43,8.42
35.22,0.00,9.52
47.30,-0.98,10.62
60.30,-6.53,5.62
80.38,-17.46,-9.28
98.57,-21.18,-15.32
91.55,-22.03,-21.48
66.10,-23.38,-37.05
73.36,-24.05,-36.99
70.62,-22.71,-32.71
62.99,-19.96,-43.33
59.39,-17.46,-57.01
53.16,-8.12,-62.26
45.78,-9.58,-68.36
56.64,-9.77,-64.33
63.11,-6.90,-52.73
66.41,-6.04,-41.69
63.60,-3.72,-29.48
63.66,-0.92,-2.81
45.72,3.30,13.85
32.10,2.62,20.32
23.50,-0.85,17.09
13.49,-4.21,9.70
1.95,-5.74,2.20
-7.51,-5.80,-4.39
-20.75,-4.52,-10.01
-41.50,-4.52,-16.85
-63.29,-5.55,-23.50
-82.70,-5.98,-29.42
-99.00,-5.68,-33.45
-110.60,-4.58,-35.28
-115.78,-1.77,-33.94
-114.81,1.89,-29.11
-103.03,3.85,-20.32
-93.44,4.09,-10.56
-82.89,3.97,-1.10
-75.26,2.38,9.77
-76.35,2.32,6.10
-54.02,-0.37,25.39
-36.50,-1.95,56.27
-18.13,-7.93,85.94
-1.95,-8.54,109.07
-3.11,-9.89,102.91
1.46,-12.88,94.73
2.75,-13.49,96.68
-4.58,-23.25,96.86
-17.82,-23.01,81.85
-34.97,-18.68,63.60
-51.39,-13.85,30.58
-33.02,-21.79,54.08
-46.69,-13.79,45.72
-24.11,-22.03,84.84
-28.02,-27.16,85.45
-24.90,-19.47,69.15
-28.14,-15.69,37.11
-18.98,-14.65,42.18
-27.53,-12.45,30.76
-17.70,-11.47,38.82
-25.33,-10.13,27.71
-26.25,-4.70,8.48
-23.80,0.85,7.26
-27.16,3.30,8.97
-21.55,5.62,9.34
-10.56,8.36,10.25
-2.20,9.64,12.45
2.14,9.40,13.37
4.64,8.24,11.84
6.77,7.20,9.09
6.77,7.02,7.20
7.63,7.75,6.10
8.06,10.44,5.62
9.09,12.88,6.53
13.18,15.69,8.97
21.18,21.06,12.21
33.75,27.59,18.98
50.90,38.27,32.41
67.50,55.36,46.81
69.82,70.31,33.69
61.95,76.97,1.95
49.87,76.42,-19.90
46.63,69.34,-24.54
54.50,54.93,-19.90
60.06,39.98,-18.01
59.81,27.89,-25.82
56.52,17.82,-38.94
50.42,8.00,-48.52
44.37,-5.68,-54.93
38.33,-24.11,-59.20
29.72,-43.21,-61.34
26.55,-54.87,-54.50
25.02,-48.95,-38.27
16.05,-41.20,-37.54
11.78,-46.81,-47.00
1.65,-43.64,-49.32
7.20,-29.36,-45.17
19.29,-27.71,-40.65
13.18,-26.79,-32.78
15.20,-21.06,-24.05
26.12,-17.58,-13.43
36.99,-16.11,-3.30
50.60,-16.17,6.41
62.87,-20.87,15.87
77.51,-33.26,22.89
103.21,-55.97,28.26
135.25,-78.61,34.36
130.98,-70.86,28.44
128.78,-66.16,23.80
139.71,-71.90,29.11
140.26,-67.32,24.72
138.79,-67.20,25.09
143.62,-70.86,32.23
108.03,-33.14,23.80
95.09,-32.10,27.40
109.74,-69.95,22.46
115.11,-77.15,19.65
103.09,-75.62,10.50
88.38,-70.50,6.53
78.43,-62.38,0.79
71.41,-46.51,4.70
50.29,-23.38,13.18
38.21,-17.70,18.98
9.58,7.14,19.10
0.85,7.39,17.70
-4.70,5.13,12.70
-7.75,2.14,7.20
-7.39,0.12,2.50
-5.98,1.40,-0.85
-7.32,4.39,-3.97
-12.39,6.77,-6.29
-17.33,10.31,-7.57
-18.07,13.06,-7.02
-16.85,14.53,-5.25
-15.44,14.53,-1.10
-14.34,14.71,4.27
-15.26,14.34,9.64
-19.35,15.32,14.22
-24.72,17.40,17.58
-31.07,20.14,19.41
-41.26,26.92,20.69
-58.17,48.89,19.10
-72.69,75.74,17.52
-67.50,90.27,21.12
-52.92,94.85,37.17
-35.46,100.77,58.53
-17.40,106.20,80.99
-7.32,108.22,96.19
-8.24,112.30,101.75
-9.52,119.63,100.22















Type after 2s
-,-,-
0.79,1.71,1.77
1.59,2.01,2.69
3.78,1.71,3.36
8.30,0.79,4.39
12.70,-0.31,4.52
16.91,-2.69,1.40
23.50,-7.51,-9.03
25.94,-4.64,-13.55
25.21,-4.76,-15.63
24.35,-4.33,-10.74
18.13,-0.73,-5.86
13.31,-0.92,-2.32
9.58,-1.65,-2.32
8.61,-1.95,-3.11
11.35,-2.01,-3.72
18.98,-2.44,-6.10
25.70,-2.99,-16.48
36.68,-6.47,-30.52
46.39,-5.49,-21.91
43.76,-1.46,-32.96
39.73,3.48,-34.18
35.34,0.67,-28.87
30.94,-0.98,-30.09
28.63,-5.19,-24.35
31.13,-9.89,-25.09
39.79,-10.62,-28.75
47.12,-15.50,-33.81
59.33,-13.18,-49.80
67.81,-9.64,-46.02
65.43,-6.96,-65.19
56.88,3.66,-70.56
53.96,6.77,-70.37
40.53,7.69,-49.80
29.60,5.62,-51.39
24.11,2.56,-36.32
21.42,3.42,-16.05
14.28,1.40,-4.64
9.16,0.79,-2.75
7.20,0.06,-4.58
2.50,1.34,-6.10
-4.70,3.85,-6.84
-10.80,7.81,-6.47
-13.43,11.17,-4.64
-16.72,13.98,-1.28
-21.73,16.54,1.22
-33.87,19.41,2.26
-53.71,21.67,0.61
-69.82,20.32,-2.32
-81.48,17.52,-3.91
-91.74,12.94,-2.99
-94.12,4.15,3.36
-85.39,-13.18,25.88
-54.50,-45.47,68.60
-58.59,-47.55,91.43
-63.84,-58.29,116.82
-53.96,-76.42,138.61
-51.76,-85.02,145.02
-64.70,-73.79,113.59
-61.65,-57.50,83.25
-41.02,-68.48,70.68
-38.76,-53.53,46.94
-44.37,-30.52,30.94
-40.65,-28.69,39.79
-43.64,-32.35,34.61
-54.81,-18.13,24.84
-46.69,-13.00,26.98
-31.37,-19.78,39.31
-5.25,-43.15,66.41
-0.67,-35.34,57.31
-0.61,-12.51,24.41
15.99,1.16,12.63
23.86,-0.06,14.04
25.63,-3.85,16.05
26.67,-2.32,14.40
21.48,0.37,11.23
11.35,0.73,9.28
4.09,1.59,8.91
0.98,3.11,10.44
0.61,4.76,11.84
0.43,6.77,13.18
2.50,8.67,13.00
6.90,11.35,8.00
13.61,22.34,2.81
15.20,31.31,-0.79
13.37,51.88,-14.34
14.83,82.46,-28.81
23.38,104.86,-30.94
36.01,108.28,-17.52
46.75,102.05,-4.52
49.38,97.41,-4.46
47.55,95.64,-14.95
47.85,91.61,-27.77
51.33,82.46,-34.06
53.22,68.79,-32.84
49.62,52.98,-29.05
37.60,34.61,-24.05
20.63,12.21,-19.53
8.00,-17.15,-19.23
-0.06,-52.12,-25.39
-5.19,-84.29,-38.88
-4.82,-109.44,-62.93
5.43,-109.13,-81.36
6.47,-70.62,-70.62
15.81,-36.68,-78.19
29.42,-29.24,-80.26
38.45,-34.42,-68.85
23.93,-29.17,-57.37
21.00,-22.83,-42.79
27.04,-15.56,-26.61
36.93,-11.54,-11.72
43.46,-11.23,1.71
51.39,-11.60,12.94
64.88,-16.60,18.80
85.39,-45.10,11.11
114.93,-70.19,-2.87
114.01,-65.61,-11.84
109.74,-61.83,-22.34
118.16,-80.87,-26.43
130.80,-74.34,-27.16
109.01,-58.17,-33.20
125.49,-71.72,-38.21
127.56,-64.45,-23.80
108.34,-44.43,-14.59
93.99,-33.75,-8.48
89.29,-42.79,-8.73
80.69,-39.79,-4.94
79.10,-44.43,-9.28
75.56,-48.22,-2.32
62.38,-42.36,-5.19
59.69,-35.58,-5.74
34.67,-10.01,5.00
34.18,-19.35,-3.48
28.93,-18.43,-3.17
6.90,2.26,4.76
-3.66,7.93,4.03
-5.55,-0.12,2.87
-7.51,-2.99,1.65
-8.12,-5.25,0.98
-6.29,-7.02,1.95
-4.33,-5.37,2.99
-3.54,-2.87,4.46
-3.30,-0.98,6.04
-3.36,0.61,7.69
-4.94,2.93,9.46
-5.25,4.09,11.35
-4.82,3.72,12.94
-4.70,4.46,14.53
-5.80,5.74,16.42
-9.03,8.24,18.25
-15.20,11.96,19.90
-25.76,16.97,22.03
-38.45,23.25,25.27
-50.05,30.33,30.88
-58.04,37.35,38.21
-57.43,47.85,47.67
-58.29,71.11,58.96
-54.20,99.12,65.43
-40.22,114.07,75.32
-27.77,115.78,88.68
-19.96,114.75,99.12
-15.99,112.00,104.37
-13.79,105.16,105.77
-10.13,96.25,102.11
-6.59,87.71,92.10
-5.68,79.47,74.46
-5.25,72.69,49.80
-4.64,69.34,24.41
-7.26,65.92,1.89
-11.05,61.83,-16.42
-13.43,59.45,-31.43
-19.17,55.97,-43.76
-24.84,45.84,-55.11
-25.27,31.56,-62.07
-25.33,18.98,-61.40
-25.94,12.70,-53.34















Type after 2s
-,-,-
0.43,-0.61,-3.11
-0.31,-0.55,-3.60
-0.24,-0.67,-4.03
0.37,-0.61,-3.72
0.85,-0.85,-3.05
1.46,-0.85,-2.32
1.95,-0.73,-1.59
2.14,-0.85,-0.92
2.75,-1.04,-0.43
2.99,-1.04,-0.31
2.99,-1.10,-0.24
2.75,-1.16,-0.73
2.38,-1.34,-1.28
1.89,-1.46,-2.38
1.46,-1.40,-3.48
0.92,-1.34,-4.39
0.67,-1.28,-4.64
0.49,-1.22,-4.64
0.24,-1.34,-4.09
0.49,-1.04,-3.48
1.53,-0.79,-2.62
2.01,-0.55,-1.95
2.75,-0.31,-1.46
2.99,-0.12,-1.53
3.30,-0.49,-2.20
4.27,-0.55,-3.05
8.79,-0.43,-4.52
20.75,-0.92,-5.74
34.36,-2.75,-9.16
44.98,-6.29,-30.03
57.80,-6.29,-55.66
59.63,-7.69,-78.67
58.84,-6.84,-102.29
54.75,3.60,-121.28
53.47,1.53,-124.94
60.06,-3.23,-119.63
59.69,-7.93,-102.36
73.49,-12.27,-78.92
87.65,-16.17,-59.75
55.18,-9.95,-44.07
53.47,-10.07,-15.44
42.60,-9.52,-0.37
37.29,-9.89,3.60
41.99,-9.77,6.23
47.00,-8.79,8.30
45.90,-8.00,8.42
41.69,-6.59,7.02
35.03,-4.94,3.05
26.73,-4.52,-9.22
27.47,-1.53,-16.97
17.33,4.46,-7.75
7.69,5.07,-7.02
-1.16,5.80,-7.69
-6.47,5.07,-9.46
-11.78,3.91,-11.66
-17.58,3.91,-13.85
-24.72,4.94,-15.69
-36.38,6.29,-17.27
-54.44,7.08,-19.53
-82.40,8.36,-21.55
-108.28,6.77,-20.26
-116.27,-0.67,-13.37
-119.87,-1.65,-11.96
-118.10,0.92,-8.48
-99.18,-1.59,5.37
-76.05,-10.68,26.12
-31.43,-35.03,66.89
-12.21,-47.42,103.88
-11.23,-58.65,126.71
-18.43,-57.86,126.22
-20.14,-56.15,112.73
-9.40,-67.57,104.61
-30.21,-58.04,80.99
-42.91,-49.62,56.21
-55.42,-51.15,35.64
-54.20,-46.88,29.91
-59.75,-47.24,32.78
-60.55,-55.60,46.94
-65.49,-55.85,24.54
-60.97,-21.42,-11.29
-42.60,3.48,-13.24
-26.98,-0.73,11.96
-13.24,-14.28,35.71
-3.66,-16.24,42.66
2.93,0.55,28.08
12.82,7.57,25.94
12.76,6.29,25.51
10.56,3.48,24.35
11.29,4.46,22.34
7.14,6.23,20.63
4.88,7.63,20.39
6.41,9.46,21.00
7.93,11.60,23.62
8.06,16.60,26.12
15.08,20.63,29.05
19.23,26.61,28.56
17.76,45.72,18.68
18.43,69.58,7.39
22.58,89.17,-0.61
34.97,96.68,-3.42
49.93,97.41,-2.99
58.23,98.08,-1.83
59.33,94.97,1.89
56.09,85.63,5.31
52.19,74.10,8.06
46.33,61.10,10.50
41.26,47.18,12.51
39.86,35.40,12.70
41.56,24.48,7.69
34.73,11.90,-4.09
25.45,-2.08,-21.67
12.94,-23.19,-41.08
0.24,-49.01,-58.53
-11.41,-70.92,-71.53
-21.91,-77.88,-73.30
-34.91,-65.43,-67.26
-30.21,-46.81,-71.72
-11.47,-29.17,-74.10
-4.21,-19.59,-64.21
-9.03,-15.69,-49.93
-5.92,-11.11,-36.93
5.92,-9.89,-27.53
15.81,-14.22,-22.89
25.02,-27.53,-21.61
42.79,-53.96,-25.82
57.62,-46.69,-23.19
43.15,-28.63,-18.01
69.70,-50.17,-23.13
95.21,-63.90,-23.62
118.90,-73.49,-23.19
135.62,-76.90,-14.47
128.66,-62.62,-5.98
122.62,-59.33,0.43
132.51,-71.72,-2.38
139.71,-78.25,-1.95
118.35,-60.00,6.10
111.88,-58.53,12.15
91.98,-33.63,17.09
83.37,-33.63,7.08
93.75,-64.88,-16.11
75.56,-39.86,-16.54
59.45,-27.83,-7.26
62.99,-33.81,-7.26
48.89,-14.28,-4.70
47.73,-22.28,-14.53
42.79,-25.88,-16.05
26.31,-14.10,-14.34
21.42,-10.56,-12.15
19.47,-7.63,-8.42
15.69,-4.09,-3.78
12.63,-2.26,1.04
10.13,-3.11,4.15
8.30,-3.17,5.74
5.62,-2.75,6.35
3.54,-0.98,6.77
2.01,3.48,6.47
0.79,1.10,7.75
-4.39,2.99,6.71
-7.75,7.02,4.58
-7.57,9.77,2.69
-6.96,10.07,2.20
-7.39,10.86,1.89
-8.97,12.21,2.01
-11.72,14.65,2.87
-16.91,18.86,3.30
-25.27,24.41,4.09
-33.81,31.25,6.77
-39.61,38.76,13.06
-43.46,46.75,22.64
-46.33,54.26,38.09
-48.10,64.39,61.58
-52.92,70.25,78.92
-53.10,77.09,80.51
-50.05,75.20,81.48















Type after 2s
-,-,-
1.28,-1.34,-3.91
0.85,-1.77,-4.09
1.65,-1.83,-3.54
2.38,-1.71,-2.69
3.11,-1.53,-1.83
3.78,-1.04,-0.98
3.60,-0.98,-0.43
2.99,-0.73,-0.49
2.62,-0.85,-1.10
2.08,-1.10,-1.46
2.32,-1.16,-1.59
2.44,-1.16,-1.40
2.26,-1.28,-1.10
2.50,-1.04,-0.61
2.62,-0.73,-0.55
2.44,-0.37,-0.61
2.69,-0.24,-1.16
1.89,0.12,-1.89
0.85,0.18,-2.62
0.55,0.06,-2.81
0.24,-0.18,-2.44
0.24,0.00,-1.53
1.34,0.55,-0.67
4.39,0.18,-0.49
10.74,-1.46,-4.64
25.09,-4.52,-18.43
45.04,-4.15,-39.92
49.68,0.06,-48.95
56.21,-0.43,-80.51
69.58,-7.81,-106.93
79.10,-9.34,-118.65
110.90,-13.24,-121.89
90.94,-5.25,-117.80
80.69,-14.34,-102.29
77.27,-19.41,-73.67
65.25,-9.89,-38.33
53.77,-10.07,-16.97
56.82,-13.37,-10.62
57.13,-8.42,-0.67
52.49,-14.16,-7.02
50.84,-15.63,-5.62
41.26,-10.93,-8.85
31.68,-5.55,2.44
15.81,-3.48,2.32
6.47,-2.62,-5.37
-2.69,0.00,-11.54
-13.49,1.89,-17.09
-23.25,5.07,-20.51
-33.63,9.95,-23.13
-46.39,13.37,-25.51
-62.56,15.63,-28.63
-76.29,18.62,-31.68
-89.36,20.26,-33.75
-102.42,20.20,-35.22
-111.63,16.60,-33.08
-107.91,3.11,-20.81
-110.35,-6.59,-5.80
-91.86,-15.32,17.76
-63.29,-37.35,65.73
-46.75,-62.81,114.01
-44.49,-61.71,140.26
-43.64,-57.74,145.32
-35.52,-60.61,132.81
-48.28,-39.67,95.28
-42.36,-35.34,66.83
-41.02,-32.35,51.51
-47.55,-22.58,30.40
-40.47,-27.10,35.52
-43.09,-37.23,45.23
-45.78,-44.13,63.78
-48.71,-47.24,77.33
-46.94,-50.35,72.81
-41.69,-33.81,38.94
-30.64,-20.26,26.18
-28.81,-10.25,19.84
-24.35,-8.18,11.90
-9.52,0.18,5.31
4.70,6.65,11.60
15.32,7.81,19.59
25.02,7.93,25.27
33.20,10.38,25.21
37.35,13.24,20.14
35.58,14.95,14.22
32.47,19.47,5.55
29.97,24.05,-0.79
28.50,33.08,-7.93
31.74,51.64,-17.94
38.82,72.63,-19.96
48.03,82.89,-18.62
61.16,81.30,-10.50
72.45,81.79,-1.40
79.47,84.41,0.31
86.06,82.70,-2.50
92.71,76.54,-2.75
88.01,66.04,-0.67
72.88,49.44,0.73
61.46,32.35,-1.16
48.34,16.97,-6.23
34.42,-0.06,-13.18
20.63,-18.98,-22.64
11.23,-38.02,-37.60
6.41,-51.03,-51.21
-0.61,-48.65,-47.55
-6.65,-34.67,-51.82
-5.25,-23.19,-59.69
-5.19,-21.12,-55.36
-5.37,-20.87,-48.46
-2.44,-20.69,-38.51
2.14,-20.63,-28.75
10.38,-21.48,-20.20
10.44,-22.52,-13.98
21.00,-39.67,-15.38
26.92,-31.92,-4.46
14.34,-21.42,0.79
20.57,-37.66,-5.13
41.44,-61.40,-11.78
62.38,-86.36,-21.55
63.17,-80.69,-27.04
69.82,-79.77,-28.32
69.15,-75.32,-32.78
63.23,-64.70,-25.88
64.39,-74.04,-32.17
77.33,-92.90,-30.15
63.17,-65.19,-23.13
44.25,-29.48,-10.44
63.48,-50.54,-10.31
58.65,-50.42,-7.02
55.85,-42.42,-3.30
29.72,-7.75,4.52
32.59,-12.70,2.62
29.17,-11.29,0.73
19.41,-4.76,-0.67
22.46,-22.71,-8.00
21.67,-33.45,-11.05
15.14,-23.74,-6.53
13.00,-16.60,-0.92
12.57,-14.28,3.11
13.12,-14.53,4.82
11.41,-8.42,7.69
8.42,-1.46,9.58
6.04,1.77,8.85
2.26,4.76,7.14
-1.22,7.14,5.00
-4.09,8.85,3.85
-9.58,12.51,3.42
-14.59,15.44,4.70
-22.03,16.97,9.28
-30.94,21.36,16.36
-40.04,26.98,26.06
-50.29,35.95,37.11
-57.68,43.21,46.75
-57.31,50.29,61.46
-56.46,56.64,85.69
-48.10,63.54,103.39
-42.30,71.53,110.47
-29.66,67.02,114.81
-13.61,64.21,118.10
-4.46,71.59,118.53
0.12,81.48,115.42
1.59,88.13,112.24
1.59,86.73,109.92
3.23,79.90,105.59
6.16,71.29,99.06
11.35,63.17,89.48
11.29,57.31,75.50
8.12,53.41,66.83
6.41,50.60,58.78
3.66,48.46,51.03
-1.22,46.14,46.08
-2.50,43.33,41.02
-0.73,38.51,33.94
2.56,32.29,26.37
4.82,26.61,21.48
6.71,23.19,20.45















Type after 2s
-,-,-
1.71,-3.97,-2.38
2.32,-4.15,-0.61
3.23,-3.91,1.16
4.09,-3.66,2.93
4.64,-3.30,4.27
5.07,-2.75,4.39
3.36,-2.08,3.66
2.69,-1.28,2.69
2.81,-0.98,1.46
2.62,-0.79,0.79
2.69,-0.61,0.00
2.08,-0.31,-0.49
1.34,-0.49,-0.31
1.77,-0.31,0.55
2.99,-0.31,2.20
4.15,-0.67,3.91
4.70,-0.73,5.07
5.68,-0.85,5.74
5.55,-1.16,5.49
4.76,-0.98,4.27
4.46,-1.04,3.17
4.15,-0.98,1.46
3.60,-0.67,0.18
3.30,-0.85,-0.37
3.85,-1.28,-0.18
6.65,-1.40,0.12
9.28,-1.40,0.61
13.55,-2.26,0.73
22.52,-4.52,-0.79
36.80,-8.12,-4.88
50.96,-10.74,-12.21
58.84,-11.23,-23.44
64.58,-8.79,-30.09
67.50,-6.41,-31.37
60.18,-5.43,-41.63
68.85,-8.24,-73.97
68.05,-4.21,-89.29
69.40,5.43,-98.33
63.17,-2.32,-80.81
64.82,-6.41,-77.82
69.46,-5.55,-64.94
68.60,-0.49,-65.49
72.20,-9.28,-63.90
78.55,-13.00,-36.25
60.91,-1.40,-6.41
53.16,-0.12,-4.64
54.38,-0.61,2.01
51.45,3.11,2.32
44.68,-2.44,-5.68
38.51,-0.49,2.38
21.06,-1.22,8.30
11.66,-2.44,0.92
6.59,-1.10,-3.48
0.12,-0.92,-8.24
-6.16,0.00,-12.63
-11.17,0.67,-14.77
-17.52,1.22,-15.56
-26.92,2.26,-15.38
-36.80,3.78,-14.04
-46.45,4.64,-11.78
-56.82,6.47,-8.36
-72.75,6.04,-5.68
-86.12,2.62,-4.46
-90.21,-5.55,1.46
-76.17,-25.70,24.78
-68.36,-52.61,51.94
-69.64,-67.20,73.97
-85.51,-65.31,78.43
-83.01,-63.54,83.07
-86.18,-67.32,92.71
-94.06,-68.85,83.44
-99.73,-57.31,52.73
-94.73,-29.72,18.98
-84.90,-23.74,12.21
-81.36,-40.71,21.91
-89.29,-37.23,23.07
-79.22,-26.37,27.10
-66.77,-31.37,41.44
-62.32,-37.72,42.79
-53.47,-26.18,28.87
-35.22,-12.15,21.79
-27.59,-6.35,22.22
-13.92,-3.60,27.22
-2.93,2.93,29.91
6.65,5.74,26.18
11.84,5.92,23.68
11.41,6.47,20.08
13.49,8.61,14.10
19.59,13.92,7.93
26.79,20.20,10.13
32.23,21.73,13.85
36.56,22.89,13.43
41.26,32.41,3.42
50.72,53.22,-4.46
56.82,74.34,-2.87
63.11,83.37,-4.52
73.67,80.51,-2.32
81.97,79.53,7.93
87.59,84.17,17.82
85.51,82.70,26.06
77.33,70.80,26.43
70.56,56.15,17.03
63.17,41.32,5.98
55.66,25.82,-2.69
47.91,10.74,-12.39
36.93,-3.91,-24.96
22.46,-20.63,-39.06
5.55,-39.67,-57.74
-10.74,-53.83,-77.03
-29.42,-47.24,-76.90
-32.47,-25.09,-80.93
-16.66,-15.69,-87.46
-18.86,-19.35,-78.25
-22.28,-16.30,-63.42
-15.08,-14.77,-46.88
-4.03,-15.20,-31.62
4.46,-15.93,-17.40
11.72,-16.85,-4.64
19.84,-18.19,6.41
29.24,-20.94,14.53
41.44,-26.31,17.70
53.22,-35.34,14.22
72.51,-57.50,1.04
69.52,-46.20,-4.88
64.21,-35.22,-9.28
61.10,-33.94,-13.00
68.79,-49.74,-24.60
85.39,-74.52,-33.45
77.64,-58.23,-28.93
60.42,-34.30,-27.10
82.34,-60.12,-24.96
75.01,-59.08,-21.55
67.69,-39.73,-13.37
53.22,-24.72,0.61
59.75,-46.14,0.73
55.97,-44.43,2.50
56.27,-49.99,-0.24
54.02,-45.04,4.70
33.94,-15.26,15.20
35.03,-27.83,4.88
34.12,-33.26,-3.11
21.61,-21.42,-3.91
21.00,-24.96,-8.67
14.34,-15.44,-8.67
14.04,-11.66,-9.52
13.73,-11.11,-8.61
10.74,-8.48,-5.62
8.18,-4.27,-0.92
4.70,2.87,4.94
0.61,9.28,9.34
-0.37,9.46,10.07
-2.38,9.64,8.36
-6.23,8.54,6.04
-10.25,10.56,3.05
-13.73,11.96,1.53
-18.49,14.34,1.22
-23.32,17.40,1.22
-25.27,18.74,2.93
-24.78,20.81,6.41
-22.03,21.73,12.02
-19.65,23.07,19.29
-21.12,28.50,29.48
-24.96,38.51,44.56
-28.63,59.14,62.87
-35.10,85.57,85.57
-38.82,89.05,111.51
-38.45,85.33,134.40
-36.80,85.02,151.37
-27.77,82.46,162.96
-10.07,76.90,171.33
0.37,75.93,175.05
7.26,78.86,171.57
15.50,78.92,160.40
21.06,75.87,143.92
23.56,70.31,115.23















Type after 2s
-,-,-
8.54,-0.73,0.18
10.80,-0.92,0.61
12.88,-1.16,0.49
15.44,-2.20,0.00
18.13,-3.11,-0.61
19.78,-3.78,-0.98
20.14,-4.21,-0.85
20.14,-4.33,-0.85
19.53,-4.27,-1.04
18.74,-4.33,-1.22
19.71,-4.09,-1.22
22.09,-4.09,-1.16
25.51,-4.15,-1.40
30.40,-4.33,-1.83
35.77,-5.31,-5.74
38.15,-5.49,-10.93
43.46,-7.26,-24.66
46.02,-5.19,-14.71
39.18,-3.60,-14.95
38.33,-0.98,-9.52
35.52,-2.01,-11.23
38.33,-1.95,-14.71
41.81,-2.01,-13.37
47.36,-4.88,-19.71
65.43,-3.05,-22.22
79.59,-2.32,-27.95
91.43,0.18,-41.56
102.05,-1.53,-64.03
101.75,-1.77,-65.31
91.98,-0.67,-58.59
79.83,-4.76,-36.07
66.04,0.67,-2.99
50.84,-3.48,15.56
43.76,-7.93,25.09
36.25,-10.74,18.37
27.83,-9.95,5.62
19.59,-9.46,-7.51
12.45,-6.10,-11.35
4.64,-3.85,-9.77
-0.85,-1.46,-10.56
-4.52,1.04,-11.54
-10.07,3.72,-12.21
-18.13,5.98,-13.98
-28.87,8.24,-16.17
-37.96,10.07,-18.80
-46.33,11.66,-20.63
-55.05,13.43,-21.67
-68.05,13.79,-21.61
-83.62,12.39,-21.91
-91.80,2.44,-9.16
-97.66,-21.85,21.85
-106.02,-43.95,53.77
-125.24,-52.06,94.18
-141.17,-55.18,108.58
-149.60,-58.78,105.59
-131.90,-45.53,82.09
-110.17,-38.15,71.17
-93.38,-40.53,61.83
-85.75,-37.66,47.73
-83.13,-34.85,48.28
-84.17,-38.82,57.19
-73.67,-38.27,56.27
-65.19,-39.86,61.10
-53.10,-29.24,34.12
-34.91,-14.83,31.19
-25.39,-8.18,23.93
-12.15,4.21,20.32
-4.46,8.97,26.67
-1.04,9.64,30.88
-0.24,10.80,32.04
2.99,12.33,31.31
7.08,13.18,33.02
11.17,15.56,35.71
15.50,16.24,35.77
20.26,17.52,34.48
30.70,31.43,31.80
41.50,48.58,29.30
57.62,66.96,25.39
73.97,83.07,30.40
91.06,87.89,34.00
106.87,87.10,33.63
107.54,83.19,34.67
98.88,77.76,34.24
88.07,74.52,31.25
81.42,75.20,29.42
76.11,73.91,26.92
65.61,62.38,22.71
51.94,43.03,16.66
34.42,20.94,5.80
18.13,-0.85,-8.91
2.75,-19.96,-24.41
-11.23,-37.41,-43.46
-20.51,-52.86,-67.32
-22.89,-65.49,-91.61
-19.84,-78.74,-115.30
-16.85,-84.66,-127.14
-18.01,-54.75,-106.87
37.48,-20.14,-94.79
34.42,-24.35,-65.49
19.35,-19.96,-48.16
7.75,-18.55,-36.99
4.52,-29.24,-31.98
7.20,-27.16,-28.81
11.17,-18.92,-27.77
28.44,-35.58,-37.23
35.83,-46.57,-51.09
46.26,-57.62,-62.19
50.05,-64.58,-69.40
53.53,-65.12,-61.52
59.02,-54.63,-46.26
66.71,-52.80,-36.99
84.41,-62.62,-24.29
83.74,-55.11,-7.45
86.61,-56.40,-1.95
83.44,-43.64,9.58
72.20,-21.97,14.40
80.08,-50.05,-0.73
72.08,-35.77,7.14
63.90,-35.58,11.47
74.34,-58.41,5.43
65.43,-35.83,15.32
52.86,-8.85,27.22
43.70,-8.97,20.94
46.14,-18.37,3.23
39.06,-15.20,-8.54
40.16,-21.06,-21.36
36.87,-24.35,-25.21
33.57,-15.81,-23.62
29.36,-11.35,-17.64
23.62,-5.98,-7.51
15.08,1.59,1.40
9.22,0.92,3.30
1.46,-1.65,2.62
-5.98,-2.62,2.32
-12.70,-1.65,2.62
-20.39,3.23,3.60
-29.85,1.89,9.95
-40.95,5.86,17.94
-49.32,14.89,30.03
-55.79,25.57,43.27
-59.63,29.79,54.57
-64.45,34.36,65.61
-64.03,46.57,85.21
-66.53,64.94,114.20
-60.67,84.90,138.73
-49.74,98.88,157.59
-39.61,107.60,176.33
-28.99,111.08,191.96
-17.46,111.57,202.09
-6.53,107.18,204.53
1.77,98.51,200.56
6.47,91.86,195.68
8.97,88.44,191.41
9.83,84.96,185.49
11.78,79.65,174.50
14.77,72.57,158.45
15.69,64.51,137.88
12.02,54.20,116.21
6.04,43.03,99.18
1.46,33.81,87.95
-2.99,25.15,78.98
-5.80,16.48,71.17
-7.75,11.54,74.16
-8.36,8.24,78.06
-12.27,1.34,72.45
-15.63,-6.53,60.55
-18.13,-11.96,49.50
-20.26,-17.64,40.89
-21.79,-24.54,32.29
-22.34,-30.64,23.25
-20.81,-35.64,12.21
-16.97,-39.25,-0.73
-14.53,-40.71,-12.39
-13.18,-39.79,-20.87















Type after 2s
-,-,-
1.40,-0.85,-1.89
1.59,-0.85,-1.59
1.89,-0.79,-1.16
2.20,-0.92,-0.79
2.87,-1.22,-0.49
3.05,-1.10,-0.37
3.11,-0.98,-0.43
3.23,-0.98,-1.04
2.62,-1.04,-1.83
2.14,-0.79,-2.69
1.46,-0.85,-2.69
1.16,-0.92,-2.50
1.40,-0.73,-1.89
1.65,-0.98,-0.73
2.08,-1.28,0.37
2.75,-1.40,1.16
3.30,-1.28,1.71
3.72,-1.34,1.65
3.42,-1.22,0.79
2.75,-0.85,-0.43
1.59,-0.92,-1.53
1.40,-0.73,-2.14
1.28,-0.49,-2.32
2.08,0.06,-2.44
4.39,-0.06,-2.93
10.13,-0.43,-3.54
19.90,-0.49,-4.70
30.94,-2.44,-6.23
40.83,-5.19,-15.32
51.03,-7.75,-37.05
62.44,-3.72,-50.84
57.50,-1.95,-59.14
62.38,1.71,-57.56
61.22,2.01,-52.98
73.97,-9.03,-56.15
88.75,-13.00,-66.77
91.19,0.43,-65.67
88.07,-2.38,-61.77
86.67,-4.15,-53.71
82.95,-3.30,-47.18
83.92,-7.26,-38.76
74.40,-3.36,-36.01
69.95,4.52,-40.53
57.25,3.85,-31.37
44.68,2.81,-26.67
35.64,0.55,-16.72
22.64,-1.59,-7.93
14.59,-2.81,-13.06
10.25,-1.53,-18.07
5.00,2.62,-21.12
-1.77,1.10,-21.00
-5.80,2.62,-19.29
-9.34,4.39,-16.54
-13.43,6.77,-13.55
-19.71,8.67,-10.99
-30.64,10.56,-9.64
-42.85,11.90,-10.44
-54.87,12.94,-11.90
-65.43,14.77,-12.02
-69.95,17.27,-10.31
-68.36,14.77,0.49
-65.25,-1.22,26.43
-60.00,-26.73,46.33
-49.07,-59.20,75.68
-58.84,-79.22,91.19
-75.68,-59.51,73.00
-67.99,-61.89,78.86
-79.28,-68.12,65.49
-89.90,-57.01,39.12
-80.81,-39.55,10.86
-75.01,-50.84,28.81
-95.09,-61.22,40.65
-99.24,-43.03,29.30
-78.80,-39.55,42.36
-78.37,-48.52,55.11
-64.21,-36.62,49.56
-46.33,-24.96,51.57
-29.72,-40.28,69.70
-38.15,-38.45,60.00
-37.41,-26.31,43.70
-31.01,-6.90,7.51
-24.29,2.99,2.87
-23.19,5.00,2.50
-19.59,6.65,5.62
-17.15,8.24,5.07
-15.20,9.22,4.21
-12.76,11.23,6.53
-8.18,12.39,12.27
-2.20,14.10,17.15
3.72,15.38,22.22
7.87,17.58,28.02
10.13,19.04,33.45
12.70,22.09,35.16
22.09,26.67,33.63
33.75,32.84,33.20
41.02,49.19,31.07
43.33,73.49,19.84
48.58,82.03,11.11
54.38,83.50,13.67
58.04,85.82,18.92
64.64,83.13,18.31
66.53,74.83,11.72
67.38,63.29,0.79
66.04,53.96,-10.62
67.99,48.89,-21.73
71.29,45.47,-30.15
70.25,39.79,-34.24
63.48,28.14,-37.90
52.37,9.46,-44.43
37.90,-13.00,-51.94
18.62,-35.77,-60.30
1.04,-55.85,-71.59
-6.10,-69.95,-78.92
-13.24,-62.07,-58.84
-11.29,-24.29,-63.48
6.04,-15.01,-64.51
12.51,-23.32,-45.84
15.50,-17.21,-28.63
22.77,-10.13,-11.66
29.05,-5.13,0.06
36.50,-3.17,6.71
43.70,-4.76,9.58
46.14,-9.52,6.96
48.58,-32.96,-7.08
66.47,-48.03,-13.43
51.57,-23.44,-10.07
51.27,-38.39,-28.99
62.87,-53.65,-56.03
72.88,-71.53,-72.39
75.56,-58.11,-69.89
60.91,-31.31,-53.47
73.85,-75.56,-64.51
81.42,-64.03,-52.37
59.88,-32.29,-33.87
75.44,-65.73,-43.03
81.42,-63.48,-37.90
81.36,-52.86,-27.10
73.00,-36.68,-11.78
65.98,-30.52,-12.88
57.86,-21.18,-0.98
45.96,-9.28,7.57
42.72,-11.66,4.88
48.58,-24.60,-2.50
45.96,-21.61,-2.26
36.99,-14.28,-7.39
35.89,-16.60,-14.77
29.24,-10.44,-14.16
19.84,-8.48,-8.42
13.67,-3.91,-7.93
8.36,-1.59,-10.07
7.08,-2.81,-11.84
6.23,-3.97,-11.66
3.97,-4.52,-10.13
2.44,-3.78,-7.32
-0.06,-2.26,-3.54
-1.77,-0.43,1.34
-1.28,0.98,6.59
-0.73,0.73,11.90
-0.61,0.24,15.87
-1.65,-0.61,18.13
-3.11,-0.73,19.47
-4.70,-0.18,20.39
-6.10,2.32,21.00
-7.26,5.74,22.03
-9.03,9.03,22.22
-12.70,12.57,21.97
-17.03,17.70,21.55
-22.71,23.19,22.52
-31.25,28.14,24.54
-42.85,43.33,29.42
-53.22,63.42,37.17
-51.76,63.17,47.85
-44.68,52.55,60.36
-36.25,49.26,70.56















Type after 2s
-,-,-
1.83,-1.22,-4.46
1.95,-1.40,-3.66
2.50,-1.40,-2.75
2.99,-0.98,-2.50
2.75,-0.98,-2.38
2.38,-0.92,-2.32
2.50,-0.92,-2.08
2.50,-0.67,-1.95
2.20,-0.55,-2.01
2.50,-0.37,-2.20
2.93,-0.37,-2.20
3.05,-0.37,-2.38
3.36,-0.61,-2.32
3.17,-0.92,-2.14
3.05,-1.22,-1.65
3.42,-1.65,-1.59
3.48,-1.71,-1.10
3.42,-1.77,-0.61
3.85,-1.59,-0.12
4.58,-1.53,-0.24
6.10,-1.46,-0.43
8.24,-1.40,-0.43
9.46,-1.53,-0.61
11.05,-1.65,-0.61
14.89,-1.95,-0.61
20.87,-2.69,-0.67
26.43,-3.66,-2.20
30.09,-4.46,-8.24
34.42,-4.88,-24.96
45.17,-2.99,-46.63
62.93,-2.01,-39.98
66.71,-3.42,-48.22
76.54,-8.48,-64.64
91.37,1.95,-79.90
79.47,11.90,-102.36
86.55,8.54,-109.31
88.44,-5.19,-88.50
81.73,-6.16,-78.12
86.55,0.73,-80.14
77.64,5.25,-62.93
73.97,-2.56,-44.07
62.62,0.00,-33.94
54.08,2.08,-24.72
48.03,-1.10,-2.99
33.87,-3.66,7.51
23.93,-3.85,2.08
17.33,-3.23,-2.01
7.75,-2.14,-6.65
-2.93,-0.49,-11.54
-11.41,1.28,-16.36
-22.16,3.36,-20.45
-36.74,5.55,-24.23
-51.76,8.12,-26.98
-63.60,10.62,-26.61
-73.18,12.15,-23.99
-79.35,10.99,-19.59
-79.59,9.22,-17.64
-75.81,8.54,-15.08
-67.20,-4.70,-2.50
-55.30,-42.72,26.49
-72.02,-51.27,34.06
-76.60,-62.44,45.41
-81.36,-69.15,69.27
-94.60,-74.77,90.33
-96.86,-86.12,107.36
-100.83,-93.26,108.70
-99.12,-80.81,84.23
-88.38,-60.85,65.80
-89.17,-66.89,73.97
-99.79,-78.31,51.57
-92.71,-43.33,22.83
-75.38,-42.48,41.14
-79.65,-45.53,49.99
-71.96,-46.81,52.43
-61.34,-44.49,53.89
-57.25,-33.26,46.51
-37.48,-17.94,34.36
-18.62,-6.23,29.36
-10.01,-2.62,28.38
-3.23,6.23,21.55
4.15,6.53,17.94
7.69,3.97,13.61
7.20,3.05,9.77
6.59,4.39,6.65
7.81,6.41,5.80
10.31,9.58,8.61
12.88,12.94,13.98
15.01,18.07,19.41
17.15,25.09,23.19
20.75,31.86,27.65
23.07,42.42,26.43
29.42,62.01,12.02
41.38,80.20,4.21
53.83,93.99,8.42
64.70,105.04,8.12
77.03,107.06,2.26
82.03,105.16,2.01
82.82,101.32,7.02
79.10,92.29,13.37
74.52,77.88,16.72
69.09,60.61,12.57
62.26,44.86,2.99
55.73,30.27,-7.39
47.85,18.62,-14.77
35.95,11.96,-17.70
22.83,9.28,-19.47
11.29,4.94,-25.33
-1.10,-5.80,-36.80
-10.62,-23.50,-47.79
-16.72,-44.74,-56.15
-18.92,-61.46,-66.04
-10.62,-64.39,-69.95
-6.90,-47.36,-58.29
29.48,-26.92,-57.68
55.48,-22.28,-41.20
56.40,-24.35,-23.68
54.26,-19.78,-15.32
53.71,-19.04,-14.77
43.09,-25.15,-24.17
37.84,-44.86,-42.85
50.35,-57.19,-53.28
41.38,-29.24,-46.14
48.83,-36.25,-57.01
65.37,-51.33,-63.35
81.97,-59.75,-70.98
95.64,-62.56,-77.58
97.60,-49.74,-66.89
105.83,-70.92,-70.13
101.07,-63.96,-59.69
96.31,-55.36,-49.62
97.17,-59.08,-46.33
103.33,-62.99,-38.27
99.67,-42.72,-20.32
97.05,-43.27,-24.96
100.34,-42.60,-18.55
88.01,-38.64,-14.53
93.32,-47.00,-18.98
80.81,-36.25,-5.55
78.86,-32.78,-21.55
83.01,-47.67,-22.77
61.40,-25.94,2.26
56.03,-14.28,5.43
61.46,-27.47,-10.74
48.40,-13.98,-1.95
33.02,1.16,8.97
25.27,-0.67,6.65
27.22,-9.28,-2.20
23.44,-9.89,-4.94
11.23,-5.68,-0.67
1.77,-1.34,5.19
-1.46,-1.89,5.86
-2.44,-0.12,7.39
-2.62,3.78,9.58
-3.23,7.39,11.05
-5.31,8.97,10.62
-8.97,9.89,9.52
-13.37,9.16,9.28
-18.80,6.90,11.17
-28.14,5.31,15.63
-40.04,5.92,23.62
-55.36,13.18,40.10
-80.08,38.51,71.84
-100.77,57.62,108.46
-112.98,50.29,142.46
-119.14,32.29,176.51
-123.84,20.94,208.80
-137.33,19.90,241.15
-162.35,25.82,272.52
-194.15,36.32,299.80
-198.49,43.64,327.94
-173.71,24.66,360.41
-128.05,-19.23,395.08
-118.84,-79.35,429.32
-160.03,-113.40,458.37
-35.10,-147.28,475.40















