
-,-,-
1.71,0.18,-0.67
1.65,0.06,-0.43
1.95,-0.49,0.18
2.75,-0.92,0.55
3.05,-1.22,0.67
3.11,-1.22,1.04
3.17,-1.22,1.10
2.87,-0.85,1.10
2.26,-0.55,0.55
2.20,-0.06,-0.18
1.65,0.00,-0.98
1.59,0.24,-1.89
1.59,0.24,-2.75
1.46,0.31,-3.36
1.71,0.31,-3.91
1.95,0.18,-3.85
2.14,-0.06,-3.48
2.56,-0.43,-2.56
2.87,-0.31,-1.40
2.93,-0.18,-0.49
2.99,0.06,0.00
3.23,0.31,-0.12
3.66,0.79,-0.85
4.39,0.85,-1.83
6.90,0.55,-2.93
9.46,-0.37,-4.27
11.96,-1.22,-5.68
15.75,-2.14,-7.63
22.83,-3.48,-11.11
31.49,-5.68,-19.71
46.14,-6.10,-25.51
50.35,-3.85,-23.44
56.88,-4.70,-36.99
63.29,-4.64,-42.36
71.04,-7.26,-52.61
89.90,-10.07,-55.85
81.97,-9.52,-43.03
80.02,-14.83,-47.91
71.96,-4.15,-33.20
71.23,-4.88,-33.87
68.54,-3.17,-32.29
61.16,-1.77,-19.47
51.64,-2.08,-14.04
45.59,-2.69,-18.74
40.53,1.28,-16.91
35.34,2.69,-12.39
28.75,4.46,-14.16
28.14,3.05,-3.36
22.22,1.40,7.39
13.55,1.59,9.34
6.04,4.09,12.15
-4.39,8.79,13.55
-12.27,14.04,16.30
-16.72,20.02,20.57
-21.30,23.19,23.93
-28.26,23.80,27.10
-31.25,22.52,33.08
-27.89,18.68,47.24
-21.79,15.44,74.40
-13.61,9.77,102.84
-12.08,13.31,115.66
-18.92,27.10,109.74
-22.09,36.01,99.43
-25.94,40.16,91.43
-32.35,41.02,82.70
-36.56,37.23,70.62
-37.17,31.01,59.88
-38.70,25.09,52.12
-38.64,18.31,43.95
-39.25,10.50,33.45
-41.87,1.77,19.84
-42.18,-7.26,0.67
-43.15,-20.08,-22.77
-44.43,-40.59,-42.97
-41.38,-62.99,-56.09
-36.50,-79.22,-63.54
-39.73,-82.03,-56.64
-50.72,-57.56,-44.19
-49.68,-29.54,-55.11
-37.72,-30.58,-48.22
-17.21,-31.56,-26.12
-4.21,-28.99,-9.70
15.63,-28.50,3.36
13.55,-14.40,7.63
17.21,-18.49,7.93
30.33,-37.96,9.52
25.33,-38.64,8.36
30.82,-48.95,7.45
8.97,-32.59,-0.37
25.94,-50.78,6.47
27.40,-52.31,10.62
19.47,-43.76,8.91
28.38,-51.27,8.61
26.49,-45.72,7.87
23.99,-49.01,13.31
21.79,-55.30,14.71
11.41,-45.23,9.83
28.75,-55.48,11.23
14.47,-26.06,3.91
25.51,-26.73,3.91
42.66,-56.82,11.54
22.71,-45.78,6.23
13.37,-35.58,4.21
6.29,-31.92,2.75
13.12,-51.70,3.85
8.48,-53.28,3.54
2.69,-32.41,2.01
9.89,-27.28,6.59
16.30,-25.70,6.90
23.13,-30.64,5.37
21.97,-33.39,4.33
5.00,-17.33,0.92
2.62,-17.64,-0.85
7.26,-32.84,1.04
-0.06,-30.03,2.14
-7.20,-3.97,-0.98
-1.89,0.18,0.55
0.55,1.10,0.31
6.96,2.50,-0.61
14.89,3.72,-2.01
21.18,5.25,-4.21
23.50,11.05,-6.84
30.27,16.85,-9.52
28.14,19.71,-10.99
34.06,20.81,-11.66
41.63,19.96,-11.66
54.38,18.92,-16.17
77.88,19.23,-29.91
101.93,21.24,-43.52
110.90,22.16,-49.80
119.45,26.31,-67.57
114.56,36.19,-51.82
109.19,39.98,-29.85
96.68,23.13,-3.48
86.85,11.78,-6.96
87.16,3.60,-10.25
77.76,7.26,-10.07
73.91,13.73,-32.35
81.54,18.92,-59.27
80.08,29.05,-62.32
73.91,23.68,-60.97
69.40,20.14,-44.07
63.42,21.36,-24.54
69.09,9.77,-24.72
59.69,4.15,-10.44
46.26,2.01,-2.75
43.33,-7.93,1.10
33.87,-10.38,4.88
26.31,-9.95,5.07
21.73,-9.46,5.31
18.25,-7.93,-1.40
14.65,-5.43,-6.35
10.74,-2.75,-8.85
7.08,-0.79,-9.70
3.23,0.73,-8.12
-1.22,2.87,-5.19
-5.62,6.53,0.06
-9.16,10.68,8.12
-11.72,16.72,18.43
-14.16,21.36,29.17
-19.47,23.13,35.58
-25.94,24.05,36.32
-35.34,32.59,35.89
-50.05,48.28,41.26
-62.74,52.73,59.27
-70.92,50.29,89.05
-79.28,53.16,113.65
-81.79,57.50,120.91
-76.66,56.64,115.60
-69.58,53.22,106.08
-65.80,51.33,96.74
-65.73,48.83,88.50
-65.49,45.59,79.90
-70.07,44.01,70.07
-79.28,39.73,57.43
















-,-,-
12.15,-4.58,0.92
14.47,-3.66,3.54
13.06,-3.11,4.46
11.17,-2.99,3.42
9.89,-2.93,0.92
8.06,-2.56,-3.66
4.39,-1.89,-9.34
1.77,-1.04,-16.36
0.24,-0.24,-23.38
-0.49,-0.67,-28.26
-3.17,-1.46,-31.80
-2.50,-3.30,-33.20
-0.18,-4.33,-32.35
0.92,-4.76,-30.64
2.50,-5.00,-28.50
3.60,-4.70,-26.37
5.13,-4.76,-23.99
6.35,-4.88,-21.61
7.51,-5.00,-19.35
7.14,-5.07,-17.21
5.98,-4.94,-15.44
6.41,-4.70,-14.16
5.00,-4.09,-13.61
2.44,-3.05,-13.61
1.46,-2.50,-14.65
1.40,-2.62,-16.24
1.28,-2.87,-17.76
3.23,-3.17,-20.14
12.88,-6.16,-24.17
26.06,-9.89,-30.46
37.66,-12.88,-37.41
47.00,-16.11,-46.02
57.31,-15.08,-52.98
76.29,-21.06,-67.63
89.17,-24.35,-103.39
92.59,-15.32,-124.02
101.68,-3.17,-137.45
92.35,6.53,-141.72
86.06,1.83,-131.84
82.89,-9.95,-94.85
75.74,-8.67,-67.81
65.37,-5.80,-60.49
67.08,-14.71,-18.98
66.16,-17.82,12.21
65.19,-22.89,27.77
65.61,-26.92,46.39
55.97,-22.40,42.72
44.13,-17.21,34.30
26.92,-10.01,23.74
8.18,-0.49,12.76
-9.40,10.50,4.27
-23.68,21.24,1.89
-35.83,31.07,8.54
-42.72,35.10,20.14
-46.14,33.14,33.81
-44.37,32.17,56.76
-41.14,32.96,92.04
-35.77,27.34,121.40
-34.97,28.63,137.63
-36.87,34.06,149.72
-44.07,41.44,153.44
-52.25,42.72,143.07
-55.91,36.56,122.80
-56.95,28.69,100.22
-50.96,20.69,81.60
-45.78,11.96,66.28
-44.56,2.87,51.70
-43.33,-4.46,34.97
-48.10,-9.64,15.99
-52.61,-18.07,-3.17
-58.17,-33.63,-21.24
-60.73,-55.24,-40.83
-58.84,-69.27,-56.70
-57.43,-53.47,-54.81
-47.79,-24.29,-58.53
-30.70,-13.79,-66.28
-31.92,-15.69,-58.59
-29.72,-19.41,-45.96
-24.54,-26.18,-31.86
-15.26,-21.00,-20.32
-39.31,-9.22,-15.99
-50.05,-10.13,-9.03
-42.48,-23.38,-2.26
-5.00,-65.86,13.12
-0.79,-65.19,19.17
-15.26,-43.88,13.92
-9.22,-43.64,10.80
56.95,-83.62,16.60
47.36,-64.09,12.76
36.87,-52.86,2.08
84.66,-95.95,8.61
81.36,-97.05,2.01
83.98,-96.37,-2.69
91.80,-103.09,0.98
79.47,-88.32,-4.52
65.92,-65.19,-9.46
57.31,-53.16,-2.69
38.27,-37.35,0.06
37.90,-41.81,2.08
32.23,-46.45,3.36
39.92,-68.05,11.23
8.06,-39.86,10.62
-0.85,-30.21,10.74
12.27,-54.63,20.39
-8.79,-20.45,19.84
3.60,-17.58,24.35
6.23,-3.78,20.32
10.38,7.08,14.10
13.31,7.87,8.30
12.51,6.41,-0.49
11.96,4.58,-8.48
13.79,3.36,-14.89
16.36,2.81,-18.92
21.79,2.93,-20.51
31.37,2.87,-19.59
46.26,3.36,-17.03
61.04,4.70,-13.00
73.91,8.30,-12.76
84.59,11.90,-26.37
100.89,15.99,-41.69
107.91,26.43,-49.68
113.40,28.63,-51.51
116.88,18.98,-48.16
105.10,22.28,-49.44
90.15,28.69,-47.18
83.98,27.10,-48.89
80.20,12.63,-28.02
70.74,7.69,-6.59
69.40,0.92,1.22
70.37,1.22,-2.14
65.92,6.59,-11.17
59.94,4.52,-16.91
50.29,3.36,-17.88
38.09,10.62,-19.59
32.23,13.37,-23.99
24.60,9.46,-10.13
14.34,1.77,5.31
7.57,-0.43,6.77
3.42,2.38,8.06
-4.21,8.42,11.23
-11.66,14.71,15.63
-18.43,18.62,20.32
-25.09,21.12,24.35
-33.81,26.79,29.36
-43.95,34.73,37.54
-58.29,50.78,53.22
-67.50,62.01,72.63
-71.35,57.07,89.05
-69.52,49.99,98.69
-71.53,53.71,104.74
-73.49,55.60,105.77
-73.91,49.93,102.11
-74.34,41.44,95.64
-78.55,35.58,90.03
-82.76,33.14,87.65
-84.59,30.70,85.82
-78.25,22.83,77.76
-74.71,11.05,63.29
-76.72,1.77,45.35
-79.47,-3.97,29.66
-79.90,-11.35,14.83
-72.51,-19.53,-0.24
-65.98,-27.28,-16.48
-59.57,-37.84,-37.41
-48.22,-51.51,-65.98
-36.01,-63.23,-97.78
-19.35,-53.10,-100.71
-5.86,-19.17,-66.96
33.63,-7.93,-48.03
50.35,-16.24,-28.81
70.01,-17.27,-13.37
86.00,-20.02,-6.23
95.95,-19.84,0.31
98.08,-15.44,-7.87
93.57,-12.33,-24.96
















-,-,-
0.43,-0.49,-3.42
0.31,-0.37,-3.72
0.61,-0.43,-3.72
0.85,-0.73,-3.48
1.46,-0.55,-3.23
1.83,-0.49,-3.54
1.65,-0.18,-4.15
1.16,0.18,-5.13
0.61,0.61,-5.86
0.55,0.92,-6.29
0.00,1.22,-6.59
-0.24,1.53,-6.71
-0.55,1.53,-6.47
0.00,1.77,-5.80
0.73,1.77,-4.64
1.59,1.95,-3.17
1.95,2.14,-2.08
2.32,2.20,-1.16
2.38,2.14,-0.73
2.38,1.89,-0.67
1.71,1.59,-0.67
1.53,1.22,-0.49
1.71,0.98,-0.31
2.20,0.73,-0.43
1.83,0.79,-0.49
2.08,-0.06,-0.55
2.32,-0.12,-0.79
2.81,-0.49,-0.79
3.11,-0.67,-0.73
3.23,-0.79,-0.85
2.56,-0.98,-1.46
1.83,-0.73,-1.95
1.04,-0.55,-2.50
0.31,-0.37,-3.17
-0.18,-0.06,-4.33
-0.37,0.73,-5.86
-1.34,2.56,-8.42
-3.17,4.82,-13.18
-3.36,6.96,-18.13
-1.16,9.64,-22.58
1.59,11.41,-28.63
5.13,13.24,-40.04
12.63,11.60,-50.35
27.71,5.19,-65.55
41.14,7.69,-70.37
46.39,10.50,-77.76
47.06,8.00,-86.67
53.59,-5.25,-98.88
67.93,-6.65,-100.10
59.88,4.03,-91.31
53.89,-3.60,-80.87
48.22,0.61,-53.47
46.51,6.04,-35.34
46.63,3.91,-39.86
46.94,1.65,-25.33
45.04,-2.26,-14.10
38.09,-3.17,-9.83
31.31,-4.03,8.67
18.80,-4.94,12.82
4.88,-2.81,7.69
-6.16,3.05,0.37
-15.26,10.62,-5.19
-22.16,17.46,-7.39
-24.78,22.40,-5.37
-25.57,26.79,1.65
-29.24,27.04,10.74
-34.06,21.85,21.00
-35.03,17.40,40.71
-35.83,17.33,74.34
-37.35,13.85,94.06
-40.47,16.17,100.40
-43.64,21.30,103.52
-44.74,24.41,98.02
-46.08,26.00,83.80
-50.90,19.96,66.65
-52.92,-0.12,49.01
-51.45,-21.00,34.79
-49.50,-36.93,22.89
-50.42,-31.01,18.19
-47.36,-15.32,11.41
-38.02,-14.04,-5.43
-29.60,-6.10,-18.13
-29.85,5.31,-29.05
-20.94,3.30,-33.51
-13.98,2.62,-26.86
-12.02,1.34,-16.30
-13.55,-3.17,-8.24
-10.56,-16.66,-4.15
-4.15,-30.46,-1.95
4.27,-47.91,-0.31
5.80,-56.46,6.35
4.27,-69.27,10.25
9.09,-87.04,12.33
-3.17,-86.49,9.52
3.72,-89.90,5.92
17.09,-103.27,1.71
20.75,-103.15,5.55
16.72,-96.56,8.54
10.86,-92.71,9.16
18.62,-103.88,5.49
2.93,-82.28,4.70
3.78,-71.78,1.95
2.26,-63.66,5.62
10.25,-57.62,1.95
12.45,-36.93,3.91
28.69,-33.87,3.85
19.96,-1.83,1.95
25.15,5.37,-1.22
27.34,3.91,-4.94
21.79,5.00,-6.90
17.52,4.64,-8.85
16.54,3.78,-9.16
18.86,2.62,-7.63
24.84,0.37,-4.88
32.53,-1.46,-0.73
40.53,-2.38,2.69
50.60,-2.50,1.65
63.48,-1.34,-2.87
81.48,-2.14,-17.33
95.76,2.38,-33.75
110.17,11.05,-59.27
116.33,18.55,-62.81
108.83,34.42,-63.05
104.74,32.71,-57.31
91.06,31.07,-42.42
80.69,30.58,-53.10
70.80,25.09,-56.52
58.17,16.85,-36.56
36.01,-0.73,16.85
23.50,-11.41,29.72
17.58,-12.88,22.03
11.66,-6.65,13.98
-1.22,1.46,6.35
-15.14,13.73,2.44
-25.57,25.88,4.09
-34.36,33.87,8.30
-44.80,38.21,13.85
-58.04,43.88,22.95
-74.22,53.59,48.52
-93.44,63.05,90.39
-99.00,57.37,128.11
-90.88,48.65,147.03
-77.82,44.25,146.00
-62.50,40.95,133.67
-49.68,40.04,117.92
-41.20,40.41,101.56
-38.39,39.55,84.66
-44.43,32.35,64.76
-45.78,15.69,40.59
-44.43,0.79,13.61
-42.79,-7.51,-15.81
-35.34,-14.53,-50.23
-30.03,-27.40,-84.41
-29.11,-42.30,-111.88
-16.66,-50.23,-122.74
-8.18,-29.48,-95.34
23.32,-8.79,-77.45
49.62,-16.36,-57.86
64.03,-18.80,-37.35
71.78,-20.20,-19.71
80.93,-22.09,-3.85
86.43,-21.42,-0.85
88.26,-20.08,-20.63
92.90,-13.12,-50.72
93.02,-12.08,-45.78
93.26,-3.72,-70.01
96.74,3.66,-95.15
96.07,13.24,-74.83
91.49,15.87,-73.73
81.30,24.48,-85.33
66.77,12.02,-59.75
45.47,2.08,-20.51
34.30,-2.38,-12.94
29.17,-9.77,-4.09
23.13,-11.72,4.58
















-,-,-
1.71,-0.43,-0.49
2.01,-0.49,-0.55
1.53,-0.73,-0.55
1.59,-0.73,-0.55
1.77,-0.31,-0.61
1.83,0.06,-0.61
1.65,0.43,-0.85
1.16,0.79,-1.34
0.67,1.16,-1.95
0.18,1.04,-2.26
0.37,1.04,-2.56
0.79,0.98,-2.69
0.79,0.67,-2.87
0.73,0.24,-3.11
0.61,0.12,-2.87
0.92,0.06,-2.44
1.04,-0.18,-1.95
1.53,-0.55,-1.40
1.71,-0.55,-0.85
1.89,-0.55,-0.85
1.28,-0.49,-0.98
1.10,-0.24,-1.34
1.22,-0.24,-1.71
1.04,-0.12,-2.08
0.85,0.18,-2.01
0.85,0.31,-1.65
1.04,0.18,-0.92
2.44,0.37,0.00
5.13,1.04,0.85
9.77,2.50,1.83
16.05,3.97,2.26
23.32,3.97,1.28
33.75,2.62,-6.10
42.48,-0.61,-24.48
55.91,-2.14,-40.77
71.59,5.00,-51.70
83.19,7.26,-85.88
96.92,18.68,-112.98
100.83,24.05,-129.58
90.88,22.71,-131.84
71.59,19.04,-113.95
58.17,1.10,-87.52
49.56,-4.03,-56.03
38.51,-11.96,-33.69
34.85,-15.50,-36.07
30.52,-13.61,-41.69
22.52,-9.28,-48.71
15.69,-3.11,-54.14
6.35,4.09,-46.75
-1.40,13.79,-48.83
-4.39,24.90,-52.73
-3.54,28.08,-46.88
-3.30,19.59,-22.40
-5.68,17.03,-9.64
-4.58,15.99,1.28
-1.95,15.38,13.67
1.22,13.85,25.21
4.94,11.35,36.87
8.67,9.58,49.50
10.38,7.51,58.65
8.30,3.78,64.39
1.46,1.40,67.38
-9.64,0.61,71.35
-17.94,1.40,80.81
-26.73,7.32,105.04
-34.91,14.34,126.89
-39.61,19.29,127.87
-44.74,23.38,113.83
-50.78,24.23,95.34
-60.79,19.10,81.97
-68.91,10.31,74.71
-71.29,3.60,70.37
-72.02,-1.95,66.83
-71.23,-8.61,58.96
-68.18,-16.17,45.35
-65.43,-23.32,30.46
-61.46,-31.49,15.56
-55.54,-43.76,-1.77
-51.21,-54.20,-19.78
-47.73,-60.79,-36.44
-38.70,-42.18,-40.71
-30.03,-2.50,-40.47
-4.03,2.32,-42.11
-0.55,0.18,-31.19
-2.26,2.81,-22.09
-12.82,2.50,-14.34
-18.25,-3.36,-8.67
-18.19,-16.42,-5.62
-12.02,-29.72,-3.60
0.37,-46.39,-1.10
-2.81,-52.19,-0.98
2.69,-64.15,5.31
-2.75,-64.39,5.74
-0.06,-72.94,9.52
5.80,-79.41,13.79
11.11,-85.69,12.33
4.88,-76.78,9.09
12.27,-85.08,10.13
8.97,-87.46,8.24
0.67,-75.20,2.38
5.86,-94.73,3.60
25.94,-128.17,5.62
1.95,-92.53,4.52
18.37,-101.14,-0.73
11.35,-79.59,-2.44
16.54,-70.68,-11.05
23.80,-80.57,-18.98
16.78,-63.05,-25.45
-5.92,-16.66,-18.37
-2.26,-16.11,-16.97
6.77,-39.67,-23.44
3.48,-46.08,-27.34
-5.86,-30.58,-20.02
-10.44,-23.32,-13.12
0.37,-41.56,-14.22
3.72,-37.84,-9.58
4.03,-17.40,-5.98
14.22,-12.63,-3.85
18.19,-1.59,-1.95
24.29,3.42,-1.10
30.76,3.30,-1.83
29.91,6.10,0.12
25.63,11.66,0.73
26.37,10.80,-2.50
30.70,10.31,-5.86
36.93,10.50,-6.53
50.66,11.35,-6.35
69.70,13.55,-10.62
99.37,22.46,-36.13
129.64,37.48,-62.74
150.76,53.34,-84.47
163.64,55.60,-92.71
159.79,47.24,-83.50
135.07,36.80,-59.81
114.87,19.53,-41.02
100.40,7.63,-39.86
92.47,0.67,-39.67
85.33,-3.54,-29.36
81.73,-2.75,-23.50
80.20,0.12,-23.56
73.00,11.05,-35.40
61.46,14.65,-32.17
38.27,9.34,-7.02
17.82,6.41,-0.49
6.71,6.77,-4.88
-4.64,9.28,-5.92
-18.74,10.01,-4.33
-32.10,13.12,4.27
-39.79,20.87,20.69
-44.37,26.86,39.00
-46.02,28.02,53.96
-47.55,36.99,72.45
-52.55,49.07,96.86
-53.22,49.07,113.83
-55.42,47.55,125.37
-67.14,54.08,136.66
-79.22,60.97,142.09
-88.99,62.56,143.98
-94.97,61.95,144.71
-99.00,61.95,145.81
-97.72,61.52,142.70
-92.22,55.48,134.09
-86.18,42.72,122.25
-80.14,28.14,106.75
-71.53,18.13,88.50
-64.03,12.45,69.15
-55.42,8.54,48.77
-49.87,5.62,26.98
-45.78,1.40,4.09
-45.90,-10.80,-20.69
-39.18,-28.87,-45.23
-34.00,-47.79,-72.39
-26.18,-59.81,-106.26
-12.21,-67.81,-136.72
14.71,-62.07,-114.56
















-,-,-
40.83,5.19,-39.67
37.66,3.30,-39.61
37.05,4.94,-50.05
32.84,7.57,-50.23
27.77,7.45,-44.80
23.80,6.59,-46.63
22.34,6.59,-41.14
24.35,7.20,-40.04
27.47,7.45,-44.25
32.41,10.01,-51.15
38.39,9.34,-52.31
40.77,8.67,-37.90
43.76,8.24,-34.12
47.00,4.21,-27.53
54.08,5.37,-43.52
51.39,4.09,-49.32
49.50,2.69,-27.28
41.02,-2.08,-12.45
31.49,-4.58,-15.08
26.49,-4.39,-11.23
20.87,-3.42,-0.92
16.54,-3.11,-3.30
16.48,-0.61,-9.46
21.42,2.56,-15.99
22.03,4.46,-19.17
22.64,6.53,-17.64
20.87,10.74,-20.39
19.71,15.99,-30.76
15.56,19.41,-34.36
10.07,16.60,-31.37
0.79,14.22,-18.55
-4.58,11.29,-6.41
-12.45,13.43,-4.88
-19.47,18.49,-1.10
-24.84,22.95,5.31
-30.33,24.23,11.54
-36.19,25.21,19.90
-40.65,26.86,35.83
-49.62,27.34,71.11
-55.48,25.21,114.38
-64.70,18.62,149.54
-70.19,11.66,170.23
-72.02,9.09,177.55
-69.64,10.01,168.40
-63.66,9.70,142.94
-60.42,6.84,109.99
-56.52,2.69,79.16
-48.95,-3.17,56.76
-39.98,-10.68,41.69
-36.44,-18.80,31.07
-37.11,-27.53,21.61
-37.48,-37.17,9.46
-35.95,-47.85,-10.01
-34.36,-56.88,-36.13
-31.13,-61.52,-61.40
-23.38,-58.78,-75.50
-17.58,-41.08,-75.99
-5.68,-23.86,-69.70
8.06,-8.85,-53.41
23.50,-3.23,-40.83
34.73,-4.94,-31.37
39.00,-5.31,-22.46
36.99,-4.76,-13.43
31.62,-4.27,-5.92
25.76,-4.82,-0.06
17.76,-7.32,4.82
10.13,-10.31,8.67
6.84,-15.63,10.80
3.85,-26.98,13.55
12.21,-47.61,10.62
4.64,-51.33,5.55
17.88,-79.83,2.75
36.32,-103.82,-5.00
25.51,-89.42,-0.85
27.10,-90.58,-4.76
23.80,-79.83,-9.83
28.75,-89.42,-16.36
59.69,-126.77,-27.77
56.88,-133.54,-31.86
45.35,-102.29,-30.76
20.39,-64.82,-19.59
37.35,-77.09,-26.86
36.01,-71.90,-26.06
18.55,-40.34,-15.20
29.66,-45.59,-16.42
25.76,-27.77,-13.31
13.98,-0.31,-5.37
11.84,6.04,-2.56
9.70,2.08,-4.52
14.53,-15.69,-11.23
11.05,-17.03,-13.12
11.60,-12.63,-12.57
2.56,7.32,-6.35
4.76,11.29,-3.60
8.24,9.83,-2.32
11.66,7.32,-1.28
16.11,4.82,-0.06
21.06,4.27,2.01
21.42,4.88,4.27
22.77,5.43,4.52
25.76,6.23,2.99
28.08,8.06,-0.43
35.40,11.47,-8.91
48.28,18.13,-25.02
65.25,33.20,-45.23
81.18,49.38,-53.65
95.76,55.66,-54.57
105.96,55.05,-53.47
103.64,53.41,-53.28
102.05,46.75,-59.39
93.08,38.51,-54.99
88.99,25.82,-48.22
71.72,11.84,-19.90
66.35,8.67,-15.56
62.74,-0.43,-10.01
60.79,2.20,-14.65
55.18,2.56,-18.80
50.90,5.55,-32.59
47.67,9.70,-47.36
36.13,10.07,-39.37
22.83,8.24,-23.32
14.59,5.68,-16.42
11.60,3.60,-13.61
10.50,1.34,-8.91
8.24,-1.04,-3.78
5.49,-2.93,2.99
2.93,-2.56,11.47
-1.53,-0.79,20.94
-5.86,3.11,31.92
-10.13,9.16,44.49
-14.22,13.98,53.59
-19.71,15.81,56.27
-25.94,17.21,59.51
-29.11,20.45,65.06
-30.33,31.68,70.80
-39.31,56.46,74.52
-51.57,65.00,83.68
-61.16,52.37,101.20
-73.61,43.03,117.07
-85.08,43.09,125.85
-93.51,42.60,128.60
-96.80,37.48,124.15
-95.21,30.46,114.26
-95.70,22.77,100.22
-96.37,15.99,87.04
-93.44,9.70,76.42
-83.62,2.14,65.61
-73.30,-5.74,52.61
-62.50,-12.21,35.46
-50.78,-16.11,14.34
-45.78,-17.94,-8.24
-38.70,-20.14,-29.42
-33.02,-23.93,-47.00
-28.63,-30.33,-62.38
-19.71,-36.93,-72.08
-13.24,-36.19,-63.17
-3.54,-29.85,-55.97
13.98,-21.67,-50.84
26.37,-14.22,-40.59
35.77,-8.30,-34.12
35.46,-7.26,-31.80
31.80,-7.93,-28.87
30.52,-8.00,-25.94
28.08,-6.77,-23.99
30.82,-4.82,-25.88
41.38,0.24,-34.61
54.26,4.03,-36.44
55.54,-0.61,-21.12
60.55,-1.71,-38.64
72.14,8.48,-75.81
73.18,21.73,-84.84
81.24,24.17,-96.98
84.11,31.43,-116.15
85.75,41.20,-126.83
















-,-,-
3.17,-0.61,-2.26
3.11,-0.24,-2.20
3.54,-0.18,-2.26
3.17,-0.24,-2.32
2.62,-0.12,-2.38
2.14,0.06,-2.50
1.59,0.00,-2.44
1.89,0.00,-2.44
2.20,0.18,-2.75
2.32,0.31,-2.75
2.32,0.24,-3.11
2.14,0.49,-3.78
1.34,0.92,-4.64
0.92,0.79,-5.49
0.79,0.79,-5.86
0.67,0.61,-5.80
1.04,0.67,-5.43
0.85,0.79,-4.88
1.40,0.43,-4.52
1.77,0.31,-4.21
1.71,0.49,-4.46
1.16,0.92,-4.94
0.67,0.85,-5.37
0.31,0.92,-5.86
0.12,1.04,-6.04
-0.73,1.53,-6.84
-0.98,1.83,-8.06
0.92,1.28,-9.22
4.82,1.59,-10.74
13.12,1.28,-12.57
21.00,1.22,-16.17
25.63,2.38,-25.27
27.47,2.56,-47.91
37.17,3.05,-70.31
34.79,3.42,-72.20
35.46,1.59,-108.03
37.60,10.25,-127.01
41.56,10.93,-131.47
53.96,6.59,-138.92
58.47,0.79,-143.80
63.35,12.39,-147.71
68.30,12.15,-122.99
64.76,6.65,-109.99
55.42,1.34,-96.31
47.85,-1.53,-68.30
41.26,1.10,-49.32
33.02,-0.24,-26.49
29.17,-4.88,-18.19
18.49,-6.59,10.62
6.47,-7.75,21.61
-4.21,-3.85,23.68
-12.88,4.82,28.32
-19.59,13.92,35.34
-25.39,16.91,45.10
-31.74,20.32,76.35
-36.32,20.57,118.71
-35.77,11.72,139.95
-34.48,10.13,142.88
-33.33,25.15,137.21
-33.26,41.38,128.85
-35.71,46.45,120.91
-39.67,40.22,109.62
-47.42,26.79,98.63
-55.97,10.74,89.72
-60.30,-4.39,77.58
-63.48,-16.85,57.62
-65.67,-28.56,31.37
-63.29,-40.83,1.77
-59.69,-53.77,-33.87
-52.67,-62.93,-71.90
-36.74,-54.75,-87.71
-16.66,-25.33,-76.84
5.43,2.44,-66.28
23.01,1.16,-53.22
31.62,0.55,-36.44
30.70,0.31,-23.44
28.87,-7.75,-13.49
21.42,-12.15,-6.29
17.76,-29.72,-4.27
20.69,-45.17,-2.69
9.52,-55.36,-2.62
14.10,-68.54,-4.33
-2.81,-64.58,-8.12
16.78,-99.91,-4.52
15.32,-105.71,-2.08
5.80,-95.09,1.89
2.87,-94.54,4.94
2.69,-113.77,8.06
8.06,-127.50,2.50
-8.91,-96.19,1.10
-5.43,-90.82,0.79
13.55,-94.67,-3.23
8.00,-42.24,-4.09
16.54,-24.96,-0.73
33.81,-50.66,0.31
17.58,-19.96,0.55
14.40,-6.16,1.46
17.03,-4.27,-1.34
14.40,-0.31,-1.95
15.44,0.61,-1.65
16.11,1.34,0.00
15.56,1.89,1.71
14.16,2.69,3.48
13.24,4.03,4.58
13.24,4.52,5.86
13.61,4.27,7.08
17.94,2.81,8.24
25.94,2.08,10.25
38.64,-0.31,12.08
50.78,-2.99,11.47
63.17,-3.97,5.55
79.04,-3.66,-7.51
95.46,1.83,-36.62
112.92,7.75,-53.59
126.22,20.45,-83.01
137.02,34.06,-106.45
134.46,37.17,-103.70
131.35,40.28,-96.86
125.49,35.52,-89.05
113.65,31.37,-72.33
100.22,23.74,-52.06
74.71,11.41,-21.97
62.93,-0.98,-18.62
44.31,-14.28,-6.35
27.89,-11.54,-2.44
12.45,-12.02,2.69
-0.06,-9.40,-0.79
-9.52,-4.70,-2.69
-18.49,0.73,1.59
-24.17,5.74,10.50
-26.37,10.44,22.03
-29.36,16.42,35.83
-36.07,18.62,47.24
-44.74,14.28,57.74
-58.72,15.44,78.92
-78.55,32.71,105.22
-92.77,43.21,123.05
-103.76,48.22,143.37
-113.40,59.94,165.77
-114.32,70.01,176.27
-104.55,72.39,167.30
-92.10,64.45,145.32
-80.20,51.64,119.63
-68.54,40.59,96.68
-63.72,33.02,80.69
-66.59,19.78,63.78
-59.45,3.11,38.51
-54.50,-8.54,5.68
-54.38,-16.48,-27.10
-53.83,-26.73,-62.68
-49.93,-41.08,-102.17
-38.94,-58.72,-134.40
-23.56,-76.05,-127.81
-3.30,-45.96,-85.94
36.80,-10.01,-57.68
72.08,-18.92,-36.01
87.83,-24.35,-18.25
96.01,-22.40,-9.89
97.05,-22.64,-10.01
94.12,-19.04,-45.23
94.36,-10.19,-62.62
90.58,-4.64,-82.34
103.76,4.88,-131.47
106.75,18.49,-145.39
108.64,32.90,-140.56
102.29,37.72,-131.23
94.54,28.93,-99.49
88.13,15.32,-73.55
75.38,14.77,-39.55
62.26,-1.46,-6.84
50.96,-9.03,-13.06
45.65,-10.68,-16.97
31.19,-11.05,0.92
20.14,-14.71,10.93
















-,-,-
1.77,-1.89,0.24
1.28,-2.20,0.79
1.59,-2.44,1.59
2.01,-1.95,1.77
1.65,-1.71,1.34
2.14,-1.53,0.61
1.95,-1.22,0.00
1.65,-0.55,-0.73
1.53,-0.49,-0.92
1.59,-0.31,-0.92
1.53,-0.37,-0.67
1.77,-0.31,-0.06
2.26,-0.31,0.55
2.62,0.06,0.73
2.44,0.24,0.49
1.95,0.31,-0.12
1.16,0.43,-0.31
1.16,0.43,-0.73
1.34,0.24,-1.10
1.40,0.24,-1.40
1.16,0.31,-1.46
0.98,0.24,-1.28
0.85,0.24,-1.22
0.92,0.43,-0.98
0.79,0.49,-0.85
1.46,0.79,-1.28
3.66,1.59,-2.75
6.84,3.11,-4.76
11.96,5.62,-6.71
16.66,4.76,-19.10
32.17,4.33,-45.90
47.67,6.35,-55.05
66.22,1.89,-62.87
66.59,11.96,-71.17
71.66,19.65,-92.53
77.15,27.10,-118.04
78.49,37.78,-144.35
73.91,41.56,-142.21
61.58,31.98,-121.89
56.15,14.89,-99.91
46.69,0.79,-58.11
41.32,-3.42,-36.74
32.35,-5.55,-23.80
23.93,-10.56,-6.29
12.63,-11.90,-4.76
4.33,-11.05,-5.25
-0.67,-8.36,-2.75
-7.02,-4.03,1.34
-17.94,2.44,5.13
-31.49,10.86,10.50
-42.36,20.45,22.40
-46.75,29.05,41.20
-47.36,30.70,74.89
-53.65,31.19,121.70
-49.56,31.01,146.97
-54.44,19.71,146.73
-57.86,13.24,133.00
-59.20,15.20,119.08
-60.61,13.49,109.07
-62.74,6.16,98.27
-60.79,-1.71,82.58
-55.85,-11.54,62.56
-52.43,-28.32,40.71
-48.89,-47.24,14.34
-44.68,-62.87,-22.09
-40.22,-68.12,-59.94
-35.58,-34.91,-65.61
-10.07,-5.43,-55.85
15.56,1.65,-52.43
21.73,4.09,-44.49
19.84,6.10,-33.81
15.50,-7.51,-26.49
12.94,-12.82,-23.32
-0.49,-8.61,-21.00
6.90,-34.24,-19.23
16.36,-56.34,-16.11
7.20,-59.45,-13.37
9.46,-74.65,-15.14
16.17,-101.07,-12.21
15.93,-108.83,-1.65
-7.20,-91.86,1.22
10.19,-126.89,5.37
5.07,-113.71,6.96
-9.83,-81.91,5.37
-4.46,-75.74,3.78
-0.92,-69.76,-3.78
-5.86,-49.44,-2.75
-8.06,-44.01,-4.21
4.39,-70.98,-8.73
-7.02,-58.59,-9.83
-12.27,-36.74,-11.72
-17.46,-11.54,-6.47
-0.49,-25.88,-3.36
1.16,-11.05,3.48
13.98,-2.20,6.04
30.94,-3.54,7.69
44.62,-6.71,10.13
57.80,-9.89,11.90
68.42,-12.63,13.73
73.97,-9.16,10.99
75.44,2.56,-3.78
86.55,21.85,-42.48
99.55,33.94,-68.97
123.96,44.13,-107.54
133.36,49.26,-103.03
137.88,49.74,-96.13
131.96,56.95,-82.34
122.56,45.29,-74.28
112.37,35.83,-63.84
81.73,32.35,-18.74
70.74,12.39,-16.11
66.83,-1.83,-22.16
53.59,-2.93,-8.97
28.08,-8.61,13.18
16.11,-12.88,8.54
7.93,-9.46,2.44
-1.89,-3.11,0.12
-14.95,5.25,1.16
-29.54,16.36,8.61
-44.98,28.63,21.55
-60.91,35.46,34.12
-80.08,37.23,54.44
-106.69,37.05,96.01
-128.60,50.17,138.79
-128.72,54.14,160.71
-110.84,52.80,161.19
-93.75,60.18,150.76
-80.63,66.41,137.51
-72.57,67.14,125.61
-66.65,63.54,116.52
-63.42,55.60,106.38
-62.07,43.40,89.66
-58.47,30.88,66.65
-60.06,15.81,42.11
-57.68,-3.36,15.26
-57.25,-18.55,-14.40
-62.19,-31.86,-48.58
-67.75,-48.10,-84.17
-72.20,-65.73,-119.14
-65.92,-72.57,-149.29
-43.03,-29.11,-133.06
-1.34,2.75,-104.49
44.19,-6.77,-77.15
69.82,-16.48,-52.31
88.50,-18.74,-23.74
106.75,-25.02,0.43
116.15,-29.05,6.65
113.71,-28.14,-8.91
112.67,-19.78,-50.42
113.65,-7.69,-93.26
113.22,6.47,-112.06
103.94,12.51,-102.29
105.35,17.09,-94.48
98.14,20.94,-77.33
89.78,12.21,-57.68
75.32,8.73,-35.95
52.49,-4.39,-8.79
40.65,-15.75,3.42
36.80,-12.70,2.44
29.91,-13.37,11.17
25.76,-14.47,14.34
21.67,-13.85,14.83
18.74,-11.23,12.88
14.28,-8.24,9.58
9.40,-5.07,6.41
4.88,-2.08,5.07
-0.18,0.79,5.43
-5.00,2.32,7.81
-10.56,3.54,12.39
-17.46,5.92,18.62
-22.46,8.24,26.31
-20.75,10.25,37.90
-16.30,12.82,52.25
-9.03,11.60,63.23
-7.87,8.12,67.87
















-,-,-
-11.66,-5.19,-31.74
-11.29,-5.37,-27.65
-8.24,-5.37,-21.67
-5.07,-5.43,-14.65
-2.14,-5.55,-7.63
0.92,-5.55,-1.77
2.08,-5.86,3.97
3.11,-5.25,9.03
4.46,-4.33,12.70
4.27,-3.30,15.14
2.99,-1.77,16.17
1.65,-0.55,16.48
-0.06,0.79,15.75
-0.98,1.89,14.34
-1.59,2.81,12.51
-1.95,2.75,10.50
-2.14,2.75,8.48
-1.40,2.93,6.29
-1.89,2.81,3.66
-2.26,3.48,0.73
-2.81,3.60,-1.89
-2.69,3.36,-3.66
-2.99,2.69,-5.31
-2.69,1.77,-6.47
-1.34,0.98,-8.00
1.40,0.98,-9.22
6.35,2.44,-9.34
12.21,3.54,-8.48
16.91,4.15,-8.79
21.85,4.70,-12.02
27.77,3.17,-20.69
30.82,-0.92,-46.39
39.00,2.26,-82.89
45.84,6.59,-87.22
49.19,9.40,-120.73
57.43,12.02,-128.42
68.05,7.14,-120.48
71.78,7.57,-106.20
67.50,-4.76,-70.25
66.16,-15.56,-44.68
58.04,-15.32,-11.54
54.69,-20.51,0.31
47.36,-22.64,13.67
36.62,-21.48,14.59
25.51,-19.90,7.02
16.97,-15.81,-0.67
6.16,-10.13,-7.08
-5.43,-3.48,-12.57
-14.10,3.78,-15.99
-21.48,10.62,-16.60
-29.05,17.70,-14.53
-37.48,24.66,-10.31
-46.51,30.33,-4.15
-52.12,34.00,7.32
-47.30,35.77,22.83
-43.15,31.25,36.74
-36.99,29.42,61.65
-40.89,39.92,97.66
-45.53,44.56,118.59
-49.93,46.26,126.95
-61.10,51.82,129.27
-63.72,50.60,126.04
-57.68,34.30,115.78
-48.16,10.38,97.84
-40.77,-12.45,74.65
-37.41,-36.74,48.83
-38.15,-65.25,17.82
-39.98,-93.08,-14.59
-49.44,-76.72,-30.15
-68.85,-16.85,-33.02
-40.10,-3.05,-44.31
-22.64,-21.06,-37.11
1.59,-42.97,-21.48
13.92,-43.09,-11.54
20.69,-35.95,-4.70
33.20,-40.71,1.10
35.46,-52.12,5.68
39.06,-62.07,12.08
37.60,-62.62,13.31
48.40,-80.14,20.57
54.38,-101.68,25.33
37.60,-87.04,16.78
19.41,-50.84,13.37
34.24,-63.35,19.23
37.78,-84.35,23.50
29.17,-79.16,24.11
22.64,-65.37,26.12
15.56,-42.97,24.05
24.66,-50.42,19.29
11.90,-40.41,17.88
20.51,-58.23,18.07
14.83,-56.03,13.98
13.00,-19.29,5.00
18.49,8.79,-0.18
27.10,-0.18,-2.01
31.98,-4.33,-2.62
37.78,-7.26,-1.95
47.06,-11.17,-0.12
53.89,-11.47,4.15
58.65,-10.80,6.84
62.50,-9.09,4.46
67.02,-5.98,-13.55
81.85,-1.04,-43.70
90.64,16.24,-52.37
108.64,29.97,-66.35
119.02,39.00,-69.76
129.39,42.79,-76.84
136.78,45.17,-80.26
131.59,48.89,-73.61
123.23,37.66,-67.93
111.94,15.50,-48.71
96.07,7.87,-28.81
80.93,-1.16,-10.25
66.22,-2.44,-2.08
47.36,-7.45,14.53
28.63,-11.29,17.76
13.55,-8.91,5.98
0.98,-2.08,-4.09
-12.45,5.55,-9.70
-27.65,14.65,-12.08
-38.76,21.73,-9.58
-48.22,27.47,-2.32
-58.35,33.20,8.42
-69.03,34.79,19.90
-78.06,32.78,35.34
-89.72,36.13,71.41
-99.30,45.53,111.82
-103.45,54.44,137.02
-95.89,57.62,138.92
-84.17,64.76,125.24
-76.78,69.40,105.29
-68.91,65.25,89.54
-60.06,54.32,79.41
-52.67,38.09,70.62
-47.42,20.02,59.88
-42.54,4.03,45.53
-37.90,-7.45,27.59
-33.51,-16.17,7.32
-33.51,-24.05,-14.95
-33.87,-33.51,-43.64
-38.70,-44.37,-72.75
-45.23,-58.23,-95.03
-47.42,-59.14,-93.63
-59.02,-32.23,-73.79
-9.34,-13.49,-71.78
15.38,-17.52,-56.58
38.88,-19.47,-35.03
62.01,-17.21,-16.60
82.21,-17.70,-0.79
103.09,-17.33,9.46
107.48,-18.62,7.93
97.78,-15.14,-7.63
87.65,-9.95,-27.04
82.40,-5.92,-51.94
83.13,7.08,-76.17
86.30,9.52,-80.69
90.58,12.39,-81.67
86.85,20.51,-86.00
85.33,21.42,-78.98
77.21,12.57,-59.51
67.32,1.46,-53.65
43.76,-0.12,-20.32
32.10,-3.05,-0.43
23.50,-9.70,6.41
12.94,-11.54,15.20
3.60,-12.27,14.77
-5.37,-11.11,14.04
-10.93,-9.03,17.21
-9.89,-5.62,23.25
-7.45,-1.22,29.72
-7.45,3.23,34.48
-10.38,8.24,37.29
-13.49,15.08,40.59
-15.75,20.20,44.13
-20.32,19.53,45.78
















-,-,-
2.26,0.06,-0.67
1.89,0.12,-0.61
1.89,-0.18,-0.55
2.14,-0.55,-0.18
2.32,-0.79,0.12
2.20,-0.85,0.06
2.08,-0.79,0.00
1.89,-0.79,-0.37
1.34,-0.85,-0.85
0.67,-0.85,-1.22
0.73,-0.73,-1.40
0.79,-0.85,-1.28
1.28,-0.85,-0.98
1.65,-0.73,-0.37
2.01,-0.92,0.18
1.83,-0.98,0.73
2.01,-1.04,0.85
2.08,-1.16,0.73
1.95,-0.92,0.24
1.71,-0.79,-0.43
1.28,-0.73,-1.10
1.53,-0.49,-1.65
1.65,-0.37,-1.95
1.53,-0.24,-1.83
1.71,-0.43,-1.65
1.28,-0.43,-1.46
1.04,-0.61,-1.22
1.10,-0.79,-0.92
0.85,-0.67,-0.79
1.34,-0.61,-0.61
1.83,-0.31,-0.79
1.28,0.06,-1.28
0.43,0.24,-1.95
-0.12,0.55,-2.56
-0.73,0.49,-2.99
-1.28,0.31,-3.11
-1.53,0.73,-3.05
-1.40,0.79,-2.87
-1.34,0.67,-2.32
-1.53,1.28,-1.77
-2.99,2.44,-1.28
-4.39,5.13,-0.67
-4.03,9.52,-2.50
-5.25,13.43,-8.24
1.77,15.75,-21.91
8.12,13.73,-58.11
10.07,7.93,-81.73
9.77,13.92,-97.96
22.71,15.20,-115.72
18.37,16.78,-130.86
38.33,20.32,-149.48
72.08,11.96,-150.70
84.66,20.87,-157.84
78.74,24.29,-153.56
64.70,10.07,-108.09
43.95,8.79,-46.14
37.96,-5.98,-9.40
30.33,-14.95,15.44
26.49,-19.84,34.18
20.08,-26.18,39.67
14.40,-29.24,42.18
8.30,-28.14,43.33
0.12,-23.62,42.36
-6.71,-16.17,38.94
-16.66,-4.46,32.59
-32.10,10.56,25.76
-46.26,22.95,17.58
-55.79,31.19,8.30
-62.87,43.15,7.57
-67.50,54.93,32.23
-73.00,58.11,61.83
-85.08,52.67,78.31
-90.39,32.59,85.75
-86.43,13.18,89.97
-78.19,5.49,91.92
-65.61,5.00,83.68
-52.61,4.58,65.86
-46.45,-1.28,45.96
-41.20,-12.76,31.01
-34.06,-27.34,21.91
-27.40,-39.86,14.83
-21.79,-45.59,9.46
-16.85,-27.89,21.24
-7.26,-12.08,19.71
18.80,-11.96,14.65
38.02,-10.62,21.36
51.51,-6.77,25.09
58.65,-5.74,25.57
58.72,-6.04,23.99
45.84,-5.49,19.65
25.21,-7.02,12.15
5.25,-10.68,3.17
0.24,-25.88,-4.76
-9.09,-15.14,-6.23
-14.47,-18.98,-5.37
6.35,-49.80,-4.70
10.80,-66.28,9.03
13.43,-76.84,13.73
3.11,-61.95,17.94
16.85,-97.17,28.14
17.46,-125.43,27.53
-5.19,-111.21,28.08
-19.35,-89.66,23.80
-9.16,-93.08,23.07
-4.03,-91.13,22.71
-7.02,-75.74,20.51
-1.65,-66.04,15.26
2.56,-62.07,16.24
-10.68,-37.84,7.87
-23.25,-10.31,-0.31
-10.38,-42.66,-0.12
0.73,-85.63,-0.67
-8.67,-48.95,-8.12
-9.77,5.68,-5.86
-0.06,8.18,-4.88
4.88,0.49,-4.70
14.04,-3.72,-4.15
25.15,-7.08,-3.23
34.55,-7.57,-2.32
43.88,-7.57,-1.22
52.31,-8.12,1.10
60.30,-8.12,2.99
65.00,-7.75,3.72
71.41,-3.85,2.32
78.37,3.72,-3.42
88.87,11.35,-17.64
106.45,20.39,-52.19
120.67,27.53,-74.40
139.77,30.88,-93.81
128.48,38.94,-69.82
132.39,42.42,-77.51
123.11,46.45,-71.90
122.92,47.85,-63.96
122.19,43.27,-52.25
118.16,32.17,-34.67
106.81,22.22,-24.48
92.41,5.74,-8.61
66.35,-3.60,13.43
56.52,-6.23,-0.24
47.97,-7.51,-1.65
33.81,-5.80,0.92
22.46,-4.46,-2.62
13.85,-3.36,-3.17
7.87,0.73,-7.32
1.10,4.70,-11.66
-8.67,8.97,-13.00
-22.46,13.55,-10.13
-36.38,17.40,-3.78
-49.56,21.91,6.47
-63.90,23.99,15.93
-82.15,24.78,23.44
-103.76,31.25,39.00
-130.13,47.73,73.67
-151.79,63.96,109.80
-148.56,64.39,127.93
-139.47,62.87,129.21
-133.91,67.32,119.20
-125.12,70.56,106.32
-113.40,69.58,95.52
-105.16,60.12,83.98
-92.59,39.43,64.64
-77.70,13.43,38.33
-70.56,-9.70,13.79
-67.50,-27.04,-7.93
-63.60,-37.48,-35.77
-58.96,-45.29,-73.67
-48.03,-52.86,-109.31
-44.43,-45.84,-98.51
-29.97,-16.66,-81.24
27.65,-4.64,-65.12
62.13,-12.94,-45.72
95.64,-17.33,-26.43
113.28,-17.94,-10.93
116.64,-21.48,-1.53
















-,-,-
2.08,0.00,-2.75
3.72,-0.24,-0.79
6.10,-0.37,0.79
8.36,-0.79,1.04
10.19,-0.49,-1.89
11.78,0.18,-5.92
11.84,1.59,-11.72
12.45,2.75,-20.57
14.28,4.03,-23.62
16.66,5.00,-17.33
20.32,3.66,-11.72
27.10,0.00,-9.58
33.45,1.46,-9.89
42.48,3.36,-33.33
43.64,6.16,-35.40
38.76,3.97,-42.36
40.16,6.35,-56.21
38.09,10.80,-41.93
40.16,10.25,-31.49
38.39,1.53,-32.53
42.05,4.58,-51.15
46.81,10.01,-42.72
51.21,3.36,-32.53
43.58,-1.77,-35.52
49.32,-4.46,-50.72
53.04,-1.04,-42.48
53.16,6.71,-50.84
55.66,-0.67,-52.55
53.96,7.51,-59.08
52.98,15.63,-66.28
43.33,19.47,-64.45
37.96,16.97,-42.24
30.82,10.68,-15.32
23.25,12.45,-21.00
13.79,9.03,-15.44
2.87,11.84,-1.53
-12.33,9.52,16.36
-30.15,11.54,20.94
-39.79,21.73,26.12
-41.63,31.43,36.50
-49.99,32.84,65.43
-65.67,26.37,108.89
-79.04,14.65,135.13
-79.96,7.39,131.90
-81.97,12.88,117.86
-90.76,16.05,103.52
-90.58,9.64,88.07
-85.75,2.69,74.34
-81.30,-1.65,59.08
-75.81,-3.42,43.82
-67.02,-5.43,32.41
-52.98,-11.72,19.90
-40.10,-24.60,0.37
-35.77,-37.23,-22.71
-30.09,-41.08,-38.45
-20.32,-24.60,-35.95
-2.44,-3.85,-26.86
10.86,-1.46,-19.04
17.03,-4.76,-12.33
23.32,-5.55,-6.71
22.09,-7.81,-1.95
16.36,-12.33,0.37
9.89,-15.93,2.50
0.12,-17.76,4.09
-0.61,-30.40,4.58
16.91,-63.66,10.68
21.91,-76.05,12.88
18.37,-73.06,13.37
26.25,-83.13,18.37
31.98,-94.54,20.26
34.06,-105.53,19.41
34.18,-108.46,15.81
29.85,-110.90,14.59
26.31,-112.12,6.90
35.64,-113.34,-2.32
13.85,-66.41,-5.68
23.56,-57.37,-5.86
36.44,-74.71,-7.45
11.23,-37.05,-7.51
24.90,-50.96,-14.16
30.70,-66.47,-27.65
5.86,-30.64,-16.42
-0.61,-8.97,-6.96
-2.01,6.71,-5.98
5.62,6.90,-2.32
16.24,0.73,2.20
28.44,-3.97,5.86
38.21,-5.49,8.06
48.71,-6.04,9.46
58.53,-8.36,10.99
61.83,-8.12,12.08
66.22,-4.27,10.44
69.27,2.32,4.46
81.24,10.62,-28.99
101.93,24.66,-65.86
118.29,36.01,-83.01
126.04,49.19,-73.73
133.97,59.02,-68.48
126.34,65.12,-58.23
121.52,59.14,-53.89
104.74,49.32,-41.50
91.92,35.52,-22.77
79.53,15.26,-8.97
67.75,5.31,-0.61
59.63,4.76,-0.18
49.56,0.79,-1.28
36.62,2.99,-2.75
23.62,5.80,-3.66
12.82,7.08,-6.84
0.98,11.90,-8.24
-12.02,17.82,-7.26
-26.92,24.29,-2.50
-40.28,30.76,8.54
-51.39,35.03,23.62
-59.45,44.25,44.92
-63.54,51.39,73.73
-54.99,38.51,94.91
-51.27,34.36,110.05
-53.59,41.63,119.14
-59.20,51.64,125.31
-69.82,56.76,130.86
-85.88,54.63,134.52
-102.17,48.03,133.91
-108.15,37.35,126.22
-105.16,23.01,112.61
-96.19,7.26,95.15
-81.60,-3.91,76.17
-68.42,-12.15,53.83
-62.81,-18.43,31.80
-57.62,-22.03,11.78
-54.57,-27.22,-12.08
-49.93,-37.35,-44.74
-46.14,-51.39,-79.71
-38.70,-64.58,-105.29
-20.69,-70.68,-116.21
2.20,-54.75,-86.12
28.02,-24.78,-56.21
70.50,-16.78,-35.40
95.28,-25.76,-21.30
103.33,-27.16,-21.73
99.91,-20.57,-14.53
91.92,-14.04,-16.36
90.94,-9.52,-42.24
88.20,-3.11,-48.71
98.82,13.55,-77.39
105.65,22.03,-96.98
111.27,31.98,-101.93
105.16,37.96,-86.55
101.75,43.76,-89.05
95.76,38.02,-81.30
90.82,26.92,-67.75
82.03,17.33,-47.79
64.09,11.78,-20.57
60.18,11.72,-24.60
43.03,0.00,-2.32
39.37,0.73,-16.36
34.79,-0.61,-16.85
33.33,-2.93,-14.95
26.61,-3.85,-11.17
19.29,-2.32,-8.00
13.55,0.31,-7.14
6.23,3.11,-5.86
-2.20,6.53,-2.81
-10.62,9.64,2.32
-17.46,11.29,8.67
-22.77,12.33,17.09
-28.44,15.69,26.92
-30.76,16.91,36.68
-32.65,12.33,44.92
-37.60,6.41,60.42
-42.30,0.73,91.25
-40.53,-6.84,118.71
-36.25,-4.52,136.47
-33.26,10.62,153.02















