
-,-,-
4.39,-1.59,-0.85
4.03,-1.65,-1.16
3.66,-1.40,-1.83
2.93,-1.04,-2.69
2.08,-0.67,-3.60
0.98,0.06,-4.39
0.18,0.37,-4.88
0.06,0.55,-4.64
0.85,0.37,-3.97
1.89,-0.37,-2.87
2.75,-0.73,-1.71
2.93,-1.28,-0.79
3.05,-1.71,-0.18
2.69,-2.01,0.31
2.99,-1.89,0.31
3.36,-1.89,0.24
3.30,-1.28,-0.06
2.81,-0.73,-0.73
1.95,-0.37,-1.71
0.61,0.24,-2.69
0.31,0.37,-3.54
0.37,0.12,-3.97
0.24,-0.06,-4.27
0.37,-0.49,-3.91
0.67,-0.73,-3.48
1.10,-0.85,-3.17
1.16,-0.85,-3.78
1.22,-0.79,-5.25
0.55,-0.37,-7.63
0.12,0.12,-11.23
3.54,-0.06,-15.14
11.41,0.06,-17.27
20.02,0.37,-17.88
31.13,1.28,-17.70
32.78,3.72,-17.58
34.42,5.19,-21.67
33.57,3.17,-36.50
34.55,3.48,-56.88
44.07,2.99,-74.16
54.20,2.75,-83.25
54.69,3.11,-85.45
46.75,12.57,-97.96
44.68,11.60,-90.88
47.49,0.49,-88.56
47.12,-0.92,-75.38
46.75,-2.26,-50.05
45.65,-5.49,-40.34
52.19,-11.90,-24.90
54.08,-13.18,-7.20
52.06,-13.49,6.77
49.50,-13.92,17.94
38.82,-8.00,14.89
23.50,4.33,2.44
8.61,16.48,1.83
-10.01,20.02,16.42
-36.62,26.18,17.21
-63.54,31.01,12.82
-82.09,31.86,18.68
-84.41,25.39,51.39
-78.67,14.53,87.59
-76.66,1.77,99.49
-76.17,1.40,95.40
-78.25,6.53,94.18
-78.12,1.59,92.71
-75.93,-10.07,82.95
-71.53,-21.67,66.28
-64.51,-31.92,43.15
-62.99,-41.38,15.69
-66.04,-48.34,-12.45
-67.32,-52.37,-43.76
-57.62,-48.89,-72.94
-34.67,-19.35,-70.74
-8.18,3.11,-50.60
26.25,-7.20,-28.69
47.97,-10.74,-8.73
69.82,-13.79,6.23
100.34,-23.07,21.12
121.22,-27.10,25.82
124.69,-25.57,6.90
122.68,-16.78,-3.36
111.88,0.24,-30.82
98.57,9.77,-51.76
81.60,19.17,-70.01
69.82,26.67,-71.84
63.78,35.03,-90.94
53.59,44.62,-97.17
47.67,38.09,-101.50
44.07,29.85,-84.35
42.66,23.01,-62.68
44.80,16.78,-53.41
47.73,9.46,-38.15
48.28,-0.61,-13.31
40.59,-4.33,-5.00
29.85,-4.39,-1.77
15.75,-3.05,5.25
1.89,-0.24,8.42
-11.17,7.20,10.99
-24.11,14.53,16.30
-36.38,16.66,22.89
-45.84,15.38,33.08
-49.01,14.77,63.42
-48.46,11.54,98.63
-40.41,10.80,114.44
-34.36,16.30,112.67
-31.07,14.16,104.19
-28.14,0.00,89.66
-27.10,-15.50,66.28
-30.94,-27.71,41.14
-33.63,-38.51,17.70
-37.11,-52.19,-6.47
-42.72,-65.12,-27.77
-46.51,-79.41,-44.07
-44.43,-89.84,-55.18
-47.79,-53.77,-49.32
-56.15,-10.07,-34.42
-28.50,-21.85,-18.86
-24.48,-26.98,-5.92
-24.90,-31.86,6.23
-2.69,-50.23,22.03
16.72,-57.62,31.68
18.62,-62.68,31.19
51.94,-93.02,31.56
58.17,-80.81,14.40
61.77,-59.57,-2.08
64.33,-47.79,-19.23
80.02,-41.75,-43.82
67.57,-12.02,-47.97
72.88,-7.45,-59.08
68.79,9.22,-55.24
65.06,23.80,-56.21
64.70,35.95,-70.43
68.73,36.13,-59.20
64.88,38.02,-38.15
58.17,54.20,-21.42
53.34,58.96,-11.23
44.56,68.36,-5.25
35.16,60.79,12.45
26.18,46.81,29.30
6.65,43.03,40.71
-14.47,29.91,42.48
-35.71,13.37,34.18
-57.86,21.85,45.78
-70.25,30.46,70.74
-88.81,21.00,91.43
-82.34,-10.01,79.53
-65.73,-26.06,72.02
-55.91,-29.05,62.32
-50.84,-42.48,54.14
-43.03,-45.17,37.11
-32.96,-49.32,30.15
-27.22,-47.06,23.50
-13.24,-45.10,26.00
-6.65,-44.01,26.37
4.76,-45.59,24.17
4.88,-25.63,17.21
9.58,-23.99,17.94
12.51,-26.25,15.69
17.46,-32.65,9.09
10.25,-10.93,14.28
6.65,-8.85,7.63
9.95,-15.75,3.17
9.77,1.59,23.68
17.70,19.84,57.56
36.50,27.95,91.06
56.82,36.62,120.67
73.79,44.31,145.26
87.95,47.73,162.35
96.25,46.81,167.79
96.86,44.25,166.93
93.14,41.63,163.88
87.28,42.36,157.23
74.28,52.98,147.16
64.27,50.23,141.36
58.90,43.88,137.33
















-,-,-
1.28,-0.12,-3.23
1.89,-0.06,-3.60
2.69,-0.06,-3.85
3.23,-0.06,-4.09
4.09,-0.18,-3.91
4.58,-0.49,-3.72
5.37,-0.85,-3.30
5.80,-1.10,-2.75
6.96,-1.59,-1.89
8.67,-1.95,-1.04
9.70,-2.32,-0.12
9.95,-2.50,0.67
8.85,-2.62,1.22
9.40,-2.38,1.28
7.93,-2.20,1.40
7.26,-2.50,1.22
6.96,-2.08,1.10
6.84,-1.65,0.98
5.74,-1.65,0.49
5.13,-1.22,-0.12
4.70,-0.73,-0.79
4.09,-0.73,-1.34
3.48,-0.55,-2.01
3.91,0.12,-3.11
3.23,1.04,-4.70
2.14,2.14,-5.98
1.71,2.93,-7.69
3.54,2.75,-10.31
6.04,3.36,-13.31
10.56,4.88,-17.40
10.62,6.47,-22.09
6.59,9.09,-26.67
4.94,12.21,-30.88
2.81,14.53,-35.28
-0.85,15.75,-41.50
2.20,10.93,-62.68
12.82,10.44,-66.04
17.03,8.00,-66.59
24.11,-1.22,-91.06
34.61,-0.98,-106.20
30.46,3.97,-92.71
32.35,2.38,-105.16
25.15,14.77,-90.82
30.46,4.94,-82.40
37.35,-5.31,-96.31
37.66,-0.67,-78.92
34.24,-6.71,-54.20
33.45,-5.62,-53.16
31.68,-7.32,-44.56
36.50,-11.05,-22.71
28.50,-11.54,15.32
27.04,-16.17,24.96
25.76,-18.13,24.96
17.58,-15.99,25.63
7.26,-11.11,25.15
-0.55,-4.82,23.74
-8.24,1.77,23.99
-17.15,8.54,26.61
-26.00,15.56,30.88
-33.69,21.42,36.93
-37.23,23.62,44.86
-40.83,24.90,63.60
-42.91,19.90,84.35
-44.56,15.75,100.04
-46.02,11.60,109.62
-47.18,8.61,111.69
-49.68,7.87,109.50
-53.83,1.16,108.03
-53.89,-11.35,103.82
-55.73,-22.64,92.77
-59.27,-28.63,75.38
-60.91,-32.78,53.04
-60.79,-36.56,33.26
-60.67,-36.74,16.24
-60.97,-36.50,-2.08
-59.69,-38.39,-21.30
-57.31,-42.72,-42.42
-54.87,-45.53,-62.93
-49.44,-40.89,-82.58
-32.90,-23.62,-83.56
-11.96,-1.10,-62.13
9.40,5.19,-48.89
39.00,-3.72,-29.60
62.01,-7.81,-8.73
77.76,-11.84,7.32
94.24,-18.37,20.51
103.58,-21.67,25.09
102.97,-20.02,8.67
95.89,-14.28,-4.94
83.13,-6.47,-17.88
71.90,0.61,-35.34
64.94,10.13,-44.19
62.44,11.90,-55.18
70.56,8.18,-55.97
66.83,20.45,-59.20
73.36,16.97,-58.11
71.41,15.93,-53.10
73.06,8.54,-54.02
76.60,4.15,-51.82
72.88,4.94,-42.91
69.34,11.96,-47.67
67.14,16.91,-46.39
55.97,11.96,-34.79
52.73,20.32,-49.01
43.40,18.86,-37.66
36.56,21.91,-38.33
28.69,25.33,-43.21
19.29,14.95,-20.20
6.65,8.48,-4.82
-3.78,5.37,-1.16
-15.08,7.14,2.01
-27.89,13.00,5.68
-38.64,17.82,12.15
-49.38,19.96,17.70
-54.38,20.69,22.09
-52.61,20.08,44.68
-44.49,11.23,74.46
-33.87,-1.22,89.97
-29.66,-9.89,92.29
-30.40,-20.81,88.56
-34.79,-29.05,80.02
-35.34,-28.81,57.68
-32.23,-23.56,23.62
-30.21,-21.61,-3.05
-32.90,-25.63,-14.10
-37.48,-32.47,-18.31
-44.62,-38.45,-21.18
-49.74,-42.24,-24.11
-52.92,-42.05,-25.82
-54.63,-29.48,-11.35
-55.79,-9.70,3.66
-46.69,-6.10,7.14
-40.41,-8.54,5.25
-37.72,-7.39,4.82
-24.90,-10.56,3.36
-11.11,-14.89,11.66
-6.71,-11.47,17.09
-5.13,-9.70,19.65
-4.46,-11.11,26.92
-6.84,-11.90,30.82
-11.54,-19.84,33.94
-6.16,-49.50,41.20
-8.91,-48.34,30.03
-5.74,-65.92,27.71
5.43,-80.93,15.56
-6.90,-63.60,0.12
2.75,-60.30,-4.52
-13.12,-21.18,-10.62
-6.23,-26.37,-16.91
4.76,-29.05,-19.04
7.63,-22.28,-16.11
24.48,-31.56,-15.38
43.33,-45.47,-22.83
52.31,-41.32,-25.15
59.63,-26.43,-24.29
63.96,-13.12,-27.40
76.90,-9.46,-49.99
91.55,-3.30,-62.81
92.47,8.85,-68.85
90.58,23.56,-65.37
75.99,30.15,-40.22
66.35,36.62,-43.88
55.97,47.49,-39.98
51.33,46.81,-37.72
50.35,42.79,-30.15
45.10,44.37,-16.60
38.76,40.77,-3.11
30.21,36.62,0.31
21.97,44.49,-6.10
11.41,37.05,-2.26
5.00,6.16,7.81
0.73,-7.75,6.65
-6.04,-7.20,6.90
-12.51,0.00,9.22
















-,-,-
-0.06,0.00,-0.79
0.79,-0.24,-0.37
1.46,-0.61,-0.12
1.83,-0.73,0.24
1.65,-0.85,0.24
1.59,-0.73,0.24
1.89,-0.61,0.24
1.71,-0.67,0.24
1.71,-0.55,0.18
1.83,-0.37,0.18
1.89,-0.18,-0.18
1.71,0.00,-0.49
1.59,0.00,-0.61
0.55,-0.31,-0.73
1.04,-0.24,-0.73
1.28,-0.24,-0.55
1.53,-0.61,-0.37
1.53,-0.73,-0.12
1.34,-0.92,-0.31
1.40,-0.92,-0.61
1.77,-0.92,-0.43
1.71,-0.85,-0.37
1.83,-0.85,-0.49
1.77,-0.92,-0.49
1.53,-1.10,-0.43
1.71,-1.28,-0.55
1.59,-1.46,-0.61
1.40,-1.22,-0.79
1.53,-1.16,-0.79
1.34,-0.79,-0.98
0.73,-0.43,-0.85
0.31,-0.06,-0.92
-0.12,0.00,-1.40
-0.24,0.31,-1.59
0.06,0.55,-2.01
-0.79,0.98,-3.17
-2.62,2.01,-5.68
-5.19,4.58,-9.58
-10.99,7.57,-14.89
-20.69,12.70,-19.04
-22.16,17.76,-21.42
-19.78,17.70,-25.21
-10.62,5.98,-36.74
7.14,-5.31,-44.80
22.71,-15.99,-55.91
36.56,-15.01,-59.08
38.88,-17.58,-57.31
46.14,-17.46,-67.99
53.59,-27.04,-72.94
45.47,-17.33,-62.26
27.47,-2.44,-55.36
19.96,-5.92,-55.54
20.20,-7.45,-52.19
12.08,-1.16,-36.93
7.81,-0.79,-28.20
9.03,-2.75,-20.94
11.41,-4.46,-13.73
9.83,-4.33,-6.71
5.92,-2.32,-0.98
0.67,3.17,5.25
-6.41,9.83,11.23
-16.11,15.26,17.82
-30.82,18.68,25.76
-47.06,20.26,30.52
-60.30,20.20,35.95
-67.99,17.94,51.82
-72.08,16.54,80.20
-68.85,12.45,101.62
-58.23,10.74,109.56
-49.38,19.04,107.79
-46.39,23.25,98.33
-47.49,18.49,83.74
-51.39,6.71,71.35
-58.17,-8.54,61.52
-64.51,-24.54,49.93
-67.69,-38.70,33.51
-68.79,-47.97,11.29
-69.70,-52.86,-11.84
-69.03,-57.31,-34.73
-65.86,-59.51,-56.52
-54.44,-43.21,-70.01
-32.96,-8.24,-58.41
-6.29,4.58,-49.01
32.29,-3.72,-33.69
61.89,-10.74,-10.01
77.76,-15.50,7.32
95.46,-22.52,19.17
104.86,-25.33,24.17
103.88,-25.88,12.08
100.28,-21.06,-10.31
97.96,-7.20,-33.26
91.31,7.08,-52.73
88.32,24.29,-81.36
86.12,33.45,-91.67
84.90,34.61,-91.49
84.90,36.87,-85.02
81.97,35.71,-86.79
81.79,25.21,-80.14
76.05,18.68,-64.45
69.58,10.07,-34.06
54.75,1.34,-12.94
57.50,-1.95,-17.82
50.90,-2.87,-13.31
43.82,3.36,-18.55
29.91,3.36,-7.39
15.56,5.00,-4.09
-1.95,9.64,-5.80
-20.94,16.05,-11.11
-37.29,22.09,-13.24
-49.56,25.76,-8.91
-56.64,25.15,1.34
-61.83,19.10,20.32
-64.45,9.52,53.22
-58.53,-1.77,83.44
-43.82,-5.74,95.70
-36.99,3.05,98.45
-39.67,9.22,97.78
-44.80,7.20,91.06
-51.51,0.61,79.53
-53.89,-8.00,64.45
-50.78,-17.33,48.65
-44.19,-25.15,28.44
-38.15,-29.54,1.28
-35.40,-35.22,-28.81
-37.23,-44.13,-54.87
-33.69,-46.02,-63.42
-36.01,-18.86,-38.21
-37.23,-4.88,-29.11
-33.14,-5.55,-19.17
-36.13,-11.17,-14.47
-44.86,-9.95,-12.08
-41.02,-5.86,-10.31
-36.19,-14.16,14.89
-22.77,-46.69,39.25
-4.46,-66.28,40.83
-24.48,-37.66,34.06
1.83,-103.64,41.69
40.89,-161.87,40.65
10.01,-107.30,33.87
14.77,-86.61,14.65
41.75,-65.37,0.67
50.48,-53.28,-16.05
71.17,-44.43,-18.98
76.05,-27.71,-32.35
86.55,-10.01,-56.15
90.58,5.62,-64.27
91.19,17.52,-78.37
89.90,34.12,-78.74
86.00,49.68,-66.96
85.51,52.43,-41.26
73.73,64.09,-25.63
67.69,59.94,-26.61
59.75,49.68,-15.38
47.24,44.31,1.46
34.24,45.23,15.26
25.02,47.61,16.42
16.60,41.08,23.44
1.22,23.93,33.51
-21.48,10.56,26.18
-32.59,-9.16,14.65
-45.17,13.85,27.10
-68.97,40.59,59.27
-76.29,25.15,70.92
-82.46,7.51,82.03
-82.64,14.40,88.81
-80.99,1.83,95.28
-70.43,-19.23,81.05
-59.02,-26.61,72.45
-59.75,-20.26,67.20
-49.38,-34.91,53.96
-35.40,-47.36,31.37
-29.05,-31.92,9.52
-10.68,-44.49,23.56
7.69,-44.13,24.54
















-,-,-
3.72,-0.49,-0.73
4.15,-0.37,-0.24
3.60,-0.06,-0.12
2.87,-0.06,-0.37
2.44,-0.24,-0.49
2.75,0.00,-0.55
2.87,0.43,-0.24
2.87,0.98,-0.12
2.26,1.22,-0.43
1.46,1.10,-0.92
1.22,0.73,-1.04
1.53,0.55,-0.85
1.95,0.24,-0.61
2.81,-0.37,-0.24
3.11,-0.55,0.00
2.81,-0.49,0.12
2.56,-0.49,-0.06
3.11,-0.43,-0.06
2.75,-0.31,0.00
2.81,-0.55,0.18
3.30,-0.85,0.31
3.05,-1.28,0.49
3.42,-1.46,0.49
3.54,-1.28,0.92
3.23,-1.28,1.46
4.15,-1.22,1.65
4.46,-0.98,1.71
4.39,-0.49,1.71
4.27,-0.24,1.59
4.33,0.73,1.34
-0.61,2.69,2.14
-5.55,4.82,2.44
-4.58,6.16,1.10
-4.03,5.86,-5.00
4.82,0.31,-16.66
13.31,-2.14,-21.36
27.34,-13.73,-60.30
51.03,-18.62,-81.85
59.45,-5.92,-79.83
60.97,0.49,-76.90
60.12,1.89,-80.63
62.32,-5.19,-81.48
34.42,8.18,-48.83
18.92,6.35,-36.01
18.86,-7.63,-40.34
14.53,-9.46,-27.47
2.62,-5.86,-0.79
2.75,-10.56,10.86
6.35,-14.47,21.79
11.23,-17.88,32.90
14.65,-19.29,43.70
14.22,-16.42,51.57
9.22,-10.31,54.99
-1.46,-3.05,57.13
-17.82,6.23,56.15
-35.40,12.08,49.19
-52.80,14.95,46.75
-63.23,9.83,60.79
-65.92,-1.53,94.12
-62.81,1.53,122.74
-55.24,8.30,134.46
-44.74,4.46,131.10
-35.34,-3.72,115.72
-32.41,-9.89,95.09
-32.90,-15.32,72.57
-35.22,-19.59,51.03
-38.88,-25.51,35.16
-40.28,-33.14,22.28
-42.48,-40.59,8.12
-45.90,-46.94,-8.97
-50.29,-52.43,-27.22
-52.55,-54.75,-48.16
-52.00,-52.06,-70.86
-43.46,-38.39,-82.76
-20.87,-16.30,-68.36
-2.87,3.05,-57.74
17.52,3.30,-49.99
49.01,-3.48,-29.17
69.64,-7.45,-6.04
92.71,-15.75,12.51
105.65,-21.85,21.48
109.86,-19.71,6.23
108.40,-12.94,-16.60
110.05,-9.46,-37.72
110.35,-0.18,-48.95
106.57,16.72,-70.43
111.27,24.41,-74.46
105.90,37.72,-72.69
100.34,42.72,-76.42
98.08,32.47,-70.43
79.53,33.57,-56.95
68.73,27.77,-52.80
50.78,17.27,-35.16
36.50,6.04,-18.49
24.66,4.46,-14.89
14.53,-0.24,-5.25
3.78,0.31,0.98
-6.47,5.37,-0.43
-15.69,12.08,-1.40
-27.16,19.10,1.77
-37.41,20.94,6.77
-44.62,17.70,11.90
-49.74,12.08,26.00
-51.82,4.94,52.06
-47.18,-2.81,72.08
-40.53,0.24,79.35
-37.66,5.55,78.86
-33.14,0.12,76.42
-32.96,-7.75,76.78
-39.12,-11.66,74.65
-42.79,-15.14,60.97
-42.72,-17.40,37.35
-45.78,-20.69,16.24
-52.19,-30.82,5.49
-60.91,-43.52,-1.71
-69.76,-51.15,-10.99
-76.23,-56.64,-28.63
-75.99,-52.67,-41.56
-74.16,-36.38,-28.87
-68.12,-17.27,-24.35
-57.62,-18.37,-9.16
-44.98,-25.94,-4.15
-48.34,-13.61,-11.05
-39.79,-9.03,-0.24
-25.09,-33.94,26.25
-3.91,-78.31,43.52
3.48,-90.03,40.10
14.16,-106.08,35.34
23.80,-100.22,21.85
23.13,-78.86,10.19
33.81,-75.56,-7.75
48.34,-58.72,-24.23
55.97,-49.87,-41.87
60.79,-23.62,-35.03
60.00,-15.87,-42.85
82.70,-16.30,-69.64
79.83,0.00,-44.19
76.17,8.61,-47.79
84.90,33.69,-53.83
86.67,63.54,-58.23
90.94,77.09,-56.70
82.58,80.44,-35.64
66.77,79.77,-15.32
53.89,80.75,-15.63
42.72,78.25,-12.88
23.13,65.37,4.58
17.03,33.57,16.24
1.77,32.71,21.91
-17.27,25.45,28.69
-32.59,15.38,23.62
-44.56,21.42,37.90
-65.80,30.03,63.42
-77.51,19.35,72.39
-83.01,14.16,73.91
-90.03,12.76,87.89
-93.69,0.37,79.65
-76.90,-12.39,70.86
-68.85,-25.33,72.75
-44.31,-46.94,52.86
-29.66,-35.22,21.61
-21.73,-33.63,24.90
-5.86,-53.71,32.71
1.10,-56.09,24.11
3.60,-53.41,28.20
14.34,-52.49,26.86
4.64,-54.69,21.06
11.66,-60.49,14.28
-2.44,-33.75,9.58
-7.81,-22.34,0.24
-10.44,-6.84,-3.36
-14.16,2.62,-3.42
-10.50,10.99,2.14
-7.26,22.03,21.00
-0.61,32.78,43.58
8.85,44.68,67.63
















-,-,-
-13.49,7.57,-30.52
-9.34,5.00,-26.31
-5.13,2.50,-20.94
-0.98,0.24,-14.47
3.66,-2.38,-7.63
7.63,-4.46,-0.98
9.22,-5.49,5.31
9.40,-5.86,9.58
9.16,-5.68,11.96
8.30,-5.13,13.73
8.42,-4.70,15.20
9.58,-5.13,16.72
9.70,-4.70,18.13
9.34,-4.09,18.62
8.48,-3.60,18.13
7.32,-2.81,16.78
6.53,-2.20,14.34
6.04,-2.01,11.41
4.94,-1.59,7.93
4.21,-1.16,4.39
3.78,-0.85,1.28
3.72,-0.67,-1.22
3.17,-0.18,-3.17
2.44,0.61,-4.70
1.16,1.59,-5.55
-0.06,2.69,-6.10
-0.67,3.78,-6.47
-1.53,4.46,-6.77
-1.77,4.39,-6.90
-1.59,4.39,-6.59
-0.79,4.03,-5.92
0.00,3.72,-5.00
1.28,3.72,-4.03
4.03,4.58,-3.72
5.13,6.96,-3.54
-3.36,10.19,-2.50
-12.57,13.49,-2.69
-11.84,11.72,-6.47
8.48,-5.19,-23.38
42.72,-15.75,-38.94
66.16,-15.81,-28.02
84.78,-27.34,-35.71
96.98,-30.40,-53.28
85.21,-20.14,-54.14
84.29,-22.34,-66.04
65.61,-7.81,-61.46
51.94,-9.70,-64.27
55.05,-13.00,-69.27
34.18,2.26,-37.29
21.24,6.65,-15.14
15.87,3.05,-14.71
5.43,4.39,-9.16
-4.94,4.33,-2.56
-8.73,2.01,-3.42
-10.07,1.53,-0.98
-11.41,1.40,3.97
-13.37,2.08,9.95
-20.02,4.09,17.64
-28.69,6.29,28.87
-35.77,7.39,41.08
-38.15,8.30,55.11
-43.27,15.32,83.56
-52.67,12.45,112.73
-47.85,-5.74,121.95
-49.13,-7.57,123.66
-53.83,0.98,122.19
-56.09,4.52,118.10
-58.29,1.77,108.46
-59.51,-7.93,94.48
-59.69,-20.32,80.14
-57.43,-30.64,64.15
-54.75,-37.23,45.04
-51.27,-42.72,24.41
-49.80,-49.74,4.09
-53.47,-57.80,-15.26
-58.90,-61.22,-35.71
-62.81,-49.01,-53.59
-60.73,-30.15,-66.53
-48.89,-17.40,-78.49
-23.19,-2.08,-80.32
-4.64,10.50,-65.73
16.91,6.84,-48.16
40.59,-0.37,-32.04
60.18,-5.74,-17.15
87.22,-12.63,-2.32
105.83,-17.09,7.75
112.92,-17.76,2.38
109.99,-12.57,-8.24
103.52,3.23,-34.91
98.82,21.67,-49.99
94.67,24.90,-51.57
103.27,34.12,-69.09
102.17,71.90,-86.91
98.27,80.57,-102.72
92.71,77.76,-110.72
71.78,51.64,-84.35
67.38,25.21,-70.07
54.75,2.08,-17.46
43.27,-11.11,13.98
35.46,-11.66,11.47
23.74,-8.42,6.35
13.49,-5.19,-1.22
5.68,-2.56,-6.35
0.37,2.38,-7.63
-4.33,7.69,-6.53
-7.45,11.35,-3.11
-12.27,15.75,4.27
-14.53,16.85,12.45
-15.56,15.20,19.96
-15.26,13.92,29.91
-13.92,12.76,41.50
-10.38,9.03,51.15
-8.18,5.25,55.97
-1.89,-1.71,60.73
-2.01,2.14,80.99
-11.23,5.07,97.23
-20.63,-3.11,101.75
-29.36,-13.49,101.20
-38.27,-23.19,98.82
-44.31,-29.24,92.35
-52.49,-30.03,78.74
-57.68,-24.05,53.28
-63.29,-20.51,26.73
-71.84,-24.54,8.24
-79.71,-34.36,-8.06
-86.00,-48.22,-27.28
-86.18,-69.21,-46.63
-84.05,-93.57,-63.42
-77.39,-98.21,-76.90
-70.50,-82.70,-79.96
-40.41,-42.24,-67.63
-40.22,-11.11,-40.22
-21.61,-13.61,-28.44
-13.43,-12.33,-23.25
-21.24,-13.12,-4.03
-12.15,-31.43,18.86
0.43,-58.72,26.61
3.97,-53.77,26.12
5.19,-73.73,21.91
21.67,-86.30,15.87
20.81,-77.64,12.82
41.50,-71.23,6.29
53.34,-56.03,-6.29
85.27,-69.70,-35.77
91.98,-48.16,-50.54
83.13,-13.85,-52.49
87.40,1.95,-54.20
97.78,11.47,-66.28
102.05,25.88,-67.81
100.59,39.92,-56.58
97.78,46.02,-45.72
92.53,50.84,-37.72
78.92,63.96,-30.33
65.12,58.96,-18.01
52.25,46.81,-5.00
40.65,49.56,-1.04
25.82,58.78,4.64
19.84,51.88,5.80
11.72,53.77,4.64
-1.46,42.85,14.77
-5.25,35.34,14.53
-17.52,30.94,9.58
-25.88,12.51,3.48
-31.74,0.85,-7.20
-33.08,-1.77,-11.17
-34.97,8.79,-0.98
-55.36,50.48,50.66
-67.75,37.66,54.50
-51.70,5.92,42.18
-56.52,18.49,57.92
-66.65,26.06,74.83
-59.20,14.83,78.92
-53.96,10.74,65.92
-41.26,9.16,46.57
















-,-,-
2.81,1.53,-1.22
2.08,1.83,-2.01
1.16,1.77,-2.44
0.79,1.77,-2.50
0.98,1.53,-1.95
0.92,0.92,-1.04
1.89,0.00,-0.24
2.69,-0.61,0.37
3.42,-1.10,0.79
4.70,-1.28,0.55
5.13,-1.10,-0.18
5.13,-0.55,-1.16
3.91,0.43,-2.93
0.98,1.22,-5.07
0.00,1.28,-6.10
-0.61,1.40,-6.16
-1.04,0.37,-6.41
-0.61,-1.04,-6.41
1.34,-2.62,-6.16
3.23,-3.17,-4.09
5.00,-3.54,-1.10
5.98,-3.05,1.59
7.57,-2.26,3.54
7.69,-1.40,4.52
6.90,-0.37,3.97
4.82,0.49,1.77
4.21,-0.73,-5.49
8.73,-4.09,-14.53
14.47,-6.04,-19.29
23.25,-11.29,-29.72
34.79,-14.04,-36.13
44.13,-15.01,-51.57
66.77,-25.09,-61.52
64.45,-15.08,-59.14
73.24,-24.84,-75.87
51.33,-7.26,-61.40
30.27,3.30,-52.12
26.73,-0.31,-51.09
15.93,3.05,-34.00
6.96,1.53,-32.96
10.62,-6.23,-35.77
2.44,-1.16,-17.52
1.34,-0.55,-7.57
2.93,-1.22,1.40
5.07,-1.40,11.60
5.62,-0.98,22.03
4.64,-0.06,30.82
4.03,-0.49,38.15
4.39,-0.79,45.84
2.44,2.32,55.30
-3.60,9.03,62.99
-10.50,14.22,66.53
-17.33,18.37,65.37
-25.88,22.03,67.87
-33.63,22.16,77.58
-41.56,20.94,89.42
-50.11,20.94,97.17
-55.18,14.22,102.72
-55.60,-0.31,110.23
-55.30,-12.63,110.05
-54.02,-18.92,91.25
-55.36,-24.11,57.80
-55.97,-34.73,28.02
-57.37,-48.83,11.17
-62.81,-63.17,0.79
-65.80,-73.79,-13.31
-67.57,-75.62,-35.52
-58.04,-63.66,-61.28
-46.88,-34.00,-74.77
-23.86,-13.79,-77.33
13.37,-2.69,-60.79
43.58,-3.85,-35.71
74.34,-11.35,-15.87
90.21,-15.14,-2.01
99.98,-17.15,-1.10
107.30,-14.65,-12.21
114.26,-8.97,-38.70
114.44,0.73,-54.69
113.10,21.06,-88.75
100.59,48.34,-93.51
92.90,62.50,-105.35
95.83,53.10,-115.60
94.91,42.11,-108.64
88.99,31.25,-91.19
83.25,24.17,-69.76
74.77,11.60,-39.86
59.14,-3.42,-15.75
41.20,-11.90,18.68
27.65,-8.73,25.15
20.26,-7.69,18.25
9.89,-2.99,8.24
0.61,2.56,1.16
-9.40,9.95,-1.28
-19.35,15.63,0.73
-28.14,17.58,7.57
-33.26,14.53,20.87
-33.02,10.07,43.21
-34.06,-0.37,74.83
-27.89,-8.85,96.50
-27.47,-8.18,109.19
-30.64,-5.07,109.56
-32.23,-8.24,98.63
-32.41,-13.00,82.52
-29.54,-13.49,59.63
-28.69,-12.82,35.83
-29.97,-14.89,20.57
-35.28,-18.74,13.49
-41.63,-21.06,4.39
-47.85,-24.66,-9.83
-52.92,-30.09,-24.23
-57.25,-33.39,-33.45
-59.51,-36.62,-36.62
-61.95,-35.28,-33.33
-55.05,-28.02,-21.36
-58.35,-10.19,-13.73
-52.12,-3.54,-19.53
-44.25,-9.95,-8.61
-38.15,-20.26,15.14
-27.28,-33.87,33.08
-22.46,-40.10,37.66
-11.72,-65.98,46.39
2.20,-100.95,43.95
-8.24,-92.29,34.73
-8.42,-105.29,16.72
-1.04,-102.97,-2.08
-4.88,-63.29,-12.27
2.32,-43.52,-21.30
31.43,-53.16,-32.53
50.84,-52.00,-44.74
65.43,-38.33,-44.07
64.76,-16.24,-40.71
81.18,-7.81,-61.83
89.11,5.74,-66.10
100.52,20.14,-80.93
109.07,28.69,-75.01
110.60,40.47,-65.19
97.11,64.09,-50.78
85.02,54.08,-39.61
64.27,44.19,-8.85
48.58,47.36,-6.35
43.21,44.25,-5.92
28.81,49.13,-3.42
15.08,45.23,5.19
1.40,40.22,8.97
-7.08,24.48,10.25
-18.80,27.95,15.75
-34.24,43.15,24.72
-47.36,33.63,33.26
-44.68,21.06,39.31
-53.71,31.98,68.48
-68.54,44.92,106.69
-71.59,38.94,107.18
-74.28,27.22,94.91
-65.55,15.32,69.95
-61.83,16.97,54.57
-57.25,8.24,45.90
-45.47,-9.52,32.23
-36.07,-33.87,28.99
-31.01,-39.37,22.28
-31.62,-43.88,23.38
-27.34,-42.72,23.44
-23.62,-41.44,20.32
-11.23,-62.50,25.88
2.93,-58.11,27.34
-0.49,-32.71,22.71
10.07,-43.64,20.51
17.64,-54.57,15.87
11.23,-39.98,10.99
4.88,-6.29,2.26
-2.69,16.11,-0.67
-7.08,18.98,-0.92
-9.58,16.42,2.14
-8.85,4.88,9.16
-1.71,-4.88,20.20
















-,-,-
1.53,1.04,-1.95
1.28,0.92,-1.95
1.46,0.92,-1.71
2.32,0.67,-1.28
3.17,0.24,-0.92
3.11,0.00,-0.98
2.20,0.00,-1.59
1.59,0.06,-2.14
1.22,0.12,-2.38
1.53,0.00,-2.26
1.71,-0.12,-1.83
1.89,-0.12,-1.28
2.26,-0.06,-0.79
2.81,-0.31,-0.43
3.05,-0.12,0.12
3.36,0.00,0.24
3.42,0.06,0.31
3.23,0.12,0.18
3.17,0.00,-0.31
2.81,0.12,-0.49
2.32,0.18,-0.92
2.38,0.06,-1.22
2.38,-0.06,-1.28
2.26,-0.24,-0.98
3.11,-0.37,-0.67
3.60,-0.55,-0.37
3.72,-0.55,-0.06
3.72,-0.55,0.12
3.17,-0.18,-0.06
2.69,0.00,-0.18
3.23,0.18,-0.37
3.23,0.24,-0.55
2.99,0.73,-0.61
1.77,1.89,0.12
-0.18,3.91,1.59
-4.21,6.10,1.89
-5.80,2.32,-6.23
4.27,-2.38,-8.48
15.44,-5.55,-11.29
28.44,-17.46,-24.78
56.27,-24.66,-47.91
59.14,-18.98,-48.46
64.39,-19.10,-59.08
50.11,-17.21,-65.25
41.75,-13.49,-66.16
31.74,-15.81,-70.62
26.79,-11.41,-56.64
13.12,-6.35,-33.87
13.61,-10.31,-28.44
12.45,-10.07,-18.98
11.72,-11.72,-15.81
12.94,-12.57,-12.39
12.08,-10.31,-5.43
13.18,-7.75,2.08
13.98,-4.33,7.87
10.07,1.95,13.67
1.65,11.17,16.60
-7.26,20.57,18.55
-13.85,28.32,22.71
-21.42,31.86,23.19
-29.11,30.64,20.26
-37.05,25.09,22.28
-40.10,14.77,28.32
-45.59,3.72,46.26
-50.84,-2.93,74.95
-56.46,5.25,102.66
-62.19,18.86,119.51
-59.94,20.87,126.71
-56.58,12.39,121.03
-57.13,3.85,100.22
-65.98,-4.64,75.38
-71.96,-16.54,55.54
-75.50,-33.81,39.55
-74.83,-52.31,21.36
-73.97,-67.93,-1.46
-74.89,-76.42,-28.50
-72.20,-74.34,-59.20
-58.84,-53.89,-87.22
-36.62,-25.39,-95.76
2.01,-8.12,-83.13
33.63,-4.03,-53.65
62.32,-11.17,-23.99
85.39,-18.98,-2.38
98.63,-24.05,7.08
109.74,-25.45,0.37
113.40,-18.92,-9.64
108.58,-9.22,-29.60
105.29,9.22,-49.56
99.00,25.15,-61.22
104.61,33.69,-76.42
106.08,35.58,-77.33
108.58,39.43,-83.50
109.62,35.58,-80.32
97.66,33.08,-70.37
90.03,22.52,-54.44
74.40,16.66,-31.01
67.81,16.24,-29.66
56.64,15.08,-29.17
43.40,5.07,-11.78
18.55,0.24,14.53
7.87,-1.65,10.07
-1.59,1.16,1.59
-13.98,7.81,-0.79
-24.78,11.29,0.98
-34.48,12.63,5.49
-43.40,12.21,15.93
-46.51,9.52,39.43
-48.34,9.95,68.48
-42.91,7.75,84.78
-31.86,1.89,88.38
-21.55,0.49,85.21
-20.81,-1.77,80.38
-22.09,-8.12,72.14
-22.40,-14.40,60.36
-23.44,-17.58,47.06
-23.80,-18.49,32.96
-26.61,-18.92,19.84
-31.13,-20.39,9.77
-37.29,-23.13,2.75
-42.18,-26.86,-7.02
-48.65,-31.37,-22.16
-55.79,-36.74,-38.02
-58.65,-38.33,-45.84
-64.76,-25.33,-32.96
-68.73,-18.92,-11.60
-67.14,-15.20,4.70
-58.29,-20.75,8.12
-52.06,-32.90,11.84
-36.25,-38.64,19.84
-27.16,-36.62,22.71
-21.55,-29.85,12.21
-21.18,-18.37,12.15
-8.30,-37.23,22.77
-9.70,-40.10,26.49
-8.91,-74.58,24.72
4.03,-102.11,12.02
7.20,-86.73,1.89
12.02,-83.98,-12.57
37.41,-80.93,-27.89
29.79,-38.88,-16.60
46.08,-23.25,-21.73
53.04,-11.29,-24.11
63.23,-14.16,-34.61
74.52,-26.12,-57.56
84.35,-28.81,-67.20
84.17,-16.36,-62.81
81.48,3.23,-49.56
91.92,15.63,-51.57
95.03,31.01,-44.62
88.93,59.02,-31.80
77.09,69.27,-24.72
66.59,77.64,-16.97
56.46,74.52,-7.87
48.46,60.18,2.32
32.35,55.79,16.48
20.14,43.70,17.70
10.44,33.20,9.52
-2.08,40.53,9.03
-19.29,47.42,8.12
-20.51,11.35,-3.23
-36.44,6.65,-3.97
-43.33,3.97,-3.60
-51.21,31.19,30.40
-67.02,46.45,67.81
-63.29,24.17,74.83
-56.34,19.47,76.35
-70.37,8.54,80.57
-65.73,-8.97,62.68
-60.73,-10.62,47.55
-50.96,-14.16,38.27
-40.59,-17.58,31.01
-36.68,-13.67,27.34
-36.99,-30.46,35.58
-33.14,-28.87,24.11
-36.32,-37.29,26.79
















-,-,-
1.53,0.31,-0.79
1.46,0.31,-1.04
1.16,0.31,-1.28
1.40,0.24,-1.40
1.16,0.12,-1.34
0.67,0.24,-1.10
-0.31,0.73,-0.92
1.22,-0.55,-1.04
1.10,-0.67,-1.10
1.10,-0.79,-0.98
0.85,-1.04,-0.61
1.22,-1.28,-0.61
1.40,-1.89,-0.73
0.79,-2.38,-1.10
0.98,-2.75,-1.71
0.92,-2.50,-2.32
-2.14,-2.26,-2.93
-2.32,-3.11,-4.33
-0.67,-4.27,-5.31
-0.37,-5.00,-5.86
0.12,-5.49,-6.35
0.12,-5.31,-6.59
0.06,-5.37,-6.71
-0.37,-5.13,-6.90
-3.23,-3.78,-6.53
-7.45,-2.69,-5.92
-10.99,-0.92,-6.16
-16.30,-0.37,-6.59
-23.93,0.43,-6.77
-20.02,-1.16,-9.40
-10.50,-5.80,-16.72
5.92,-15.01,-35.52
17.76,-9.09,-51.03
27.10,-3.36,-63.60
29.60,5.25,-61.16
30.09,12.02,-63.23
38.09,11.90,-74.34
44.62,3.42,-87.71
50.11,0.49,-91.37
46.51,7.32,-82.03
30.46,9.22,-57.25
36.74,-2.93,-52.31
23.56,-4.46,-30.03
20.45,-11.05,-19.04
9.77,-4.88,3.42
-0.18,-3.91,17.40
-2.62,-5.62,19.35
-5.68,-4.52,22.71
-6.84,-2.20,25.21
-6.96,2.01,27.95
-7.93,6.90,32.65
-15.01,13.61,35.64
-27.40,19.78,36.01
-37.05,23.68,35.40
-38.33,23.99,40.53
-38.94,24.35,62.62
-43.58,24.17,91.43
-41.99,18.19,108.03
-38.88,12.82,111.76
-39.31,4.82,108.64
-40.77,-4.82,99.73
-43.95,-12.94,88.07
-49.07,-17.70,76.97
-53.71,-21.42,66.71
-55.60,-27.65,54.08
-57.62,-34.18,36.01
-61.16,-40.47,14.28
-63.23,-48.95,-8.97
-63.78,-58.47,-35.46
-58.72,-54.14,-59.39
-51.82,-29.97,-65.25
-35.34,-6.41,-59.57
-11.96,5.13,-60.85
18.74,2.26,-47.79
52.92,-6.04,-24.96
82.76,-13.55,-7.69
105.22,-19.23,-0.98
120.30,-15.75,-10.44
124.76,-12.51,-33.33
128.36,-6.35,-54.14
112.79,15.01,-69.09
109.07,33.63,-89.29
103.76,41.32,-97.11
107.30,31.25,-84.41
104.00,28.87,-75.81
104.13,23.62,-67.50
91.98,19.04,-47.49
74.04,7.39,-26.79
54.44,-6.77,-8.48
27.04,-11.11,12.15
11.72,-11.11,15.50
2.75,-9.46,8.79
-5.07,-6.47,1.34
-13.12,-2.01,-1.89
-23.56,5.07,-0.85
-34.55,12.08,4.39
-45.41,16.54,12.15
-52.61,17.76,31.31
-58.23,10.86,55.11
-52.86,-8.67,69.64
-45.17,-17.03,81.36
-45.84,-10.56,91.74
-48.46,-3.42,93.44
-48.52,-4.76,86.73
-50.11,-10.93,76.78
-50.90,-15.20,66.71
-51.94,-17.88,55.48
-54.93,-22.16,40.28
-55.42,-30.33,23.01
-51.76,-39.49,2.38
-50.72,-47.06,-20.57
-50.11,-51.51,-41.81
-43.27,-42.60,-47.73
-42.18,-27.22,-37.11
-37.11,-4.58,-33.75
-34.24,-1.83,-25.45
-21.24,-10.25,-13.24
-30.58,-18.62,11.17
-29.54,-19.04,5.43
-31.19,-12.57,5.19
-29.79,-14.95,18.98
-25.21,-33.51,29.05
-18.01,-57.43,38.94
-19.59,-51.51,30.27
-18.19,-57.43,25.15
-15.81,-50.96,20.87
-11.90,-62.62,10.99
0.85,-65.80,-0.43
6.47,-49.62,-7.57
11.35,-44.31,-20.20
34.91,-40.28,-31.01
35.03,-34.73,-36.80
56.58,-36.80,-47.24
62.81,-17.94,-40.41
72.57,-13.18,-50.23
96.07,-13.43,-61.71
97.23,4.88,-51.57
93.26,22.09,-46.33
93.32,43.58,-50.35
82.58,63.48,-40.89
75.44,60.18,-35.03
57.13,62.99,-22.52
44.19,55.91,-5.37
32.17,61.71,-4.46
34.91,44.62,2.44
22.09,56.15,16.17
14.34,53.65,18.25
12.82,39.18,28.63
-7.51,57.98,39.12
-26.12,36.19,38.09
-30.94,29.42,37.84
-56.70,39.31,53.53
-70.92,27.22,45.96
-63.54,21.42,49.50
-84.29,21.91,63.72
-83.31,14.95,65.55
-81.79,0.49,60.79
-65.12,-16.54,50.72
-60.55,-19.96,39.00
-54.14,-38.33,32.90
-40.10,-63.11,34.30
-27.95,-76.97,26.49
-18.92,-75.99,21.48
-13.31,-67.32,18.80
0.06,-63.60,16.05
1.10,-57.62,11.29
12.15,-45.59,10.68
3.91,-27.04,6.65
9.34,-29.17,0.79
12.02,-34.61,-4.33
4.58,-16.42,-3.36
0.67,-6.65,-3.78
-3.17,-6.04,-5.49
-1.34,0.85,-3.30
















-,-,-
3.85,2.08,-2.56
3.36,2.14,-2.38
2.81,2.14,-2.01
2.50,2.08,-1.65
1.83,1.95,-1.10
2.14,1.71,-0.67
2.50,1.65,-0.43
3.11,1.34,-0.55
3.66,1.16,-0.61
3.48,1.10,-0.73
3.17,1.04,-1.04
2.99,0.98,-1.89
2.44,0.67,-2.56
2.32,0.92,-3.48
0.85,1.53,-4.58
-0.37,2.14,-5.43
0.31,2.75,-5.98
-0.73,3.05,-5.98
-1.10,3.60,-5.74
-0.98,3.72,-5.13
0.67,2.87,-4.39
1.59,2.50,-3.60
2.32,2.20,-3.23
2.81,2.20,-3.23
3.30,2.56,-3.36
2.38,3.42,-3.23
1.89,3.78,-3.48
-1.59,5.74,-4.15
-10.56,9.34,-5.74
-20.26,8.36,-12.76
-16.97,0.18,-27.22
-12.63,-7.57,-44.86
6.47,-16.05,-55.48
11.29,-14.34,-59.20
38.82,-30.46,-72.57
42.66,-22.03,-49.13
30.58,-15.14,-40.89
50.29,-37.23,-56.95
49.93,-27.22,-54.57
37.23,-18.19,-45.65
26.67,-9.83,-46.63
18.98,-12.63,-45.10
11.96,-4.27,-35.95
-1.22,5.86,-23.25
-2.87,4.76,-22.40
-4.64,6.23,-16.17
-7.26,8.73,-6.59
-8.73,10.86,0.85
-10.74,13.61,7.69
-12.88,16.78,14.34
-17.88,20.63,21.55
-26.86,24.72,27.40
-40.10,29.48,33.33
-49.99,33.63,40.59
-55.60,38.21,57.86
-57.37,36.74,78.61
-57.43,35.16,92.04
-53.89,33.69,99.30
-45.10,31.98,102.48
-38.82,27.47,100.89
-37.78,17.21,91.00
-41.02,1.34,74.71
-46.51,-14.89,54.44
-53.53,-25.88,32.29
-59.45,-33.20,11.41
-61.65,-39.25,-8.79
-61.58,-43.15,-32.71
-60.12,-44.56,-61.40
-52.86,-41.38,-92.41
-34.67,-28.02,-112.06
4.39,-3.78,-85.94
33.87,4.27,-55.85
70.86,-5.74,-34.30
96.74,-8.00,-22.71
104.25,-10.93,-16.42
109.37,-21.42,-20.32
103.64,-24.48,-37.66
101.56,-19.17,-46.69
89.42,-8.85,-57.92
98.88,-7.87,-77.58
94.18,-0.92,-65.67
83.98,13.24,-68.42
84.35,9.09,-66.04
69.58,18.92,-48.89
62.01,16.36,-42.18
53.16,9.03,-25.45
41.08,4.76,-12.63
35.10,-5.00,4.88
29.17,-9.09,15.20
25.09,-7.51,9.58
19.41,-4.70,8.06
8.67,-0.06,18.13
-2.62,3.78,20.39
-8.06,8.48,13.85
-16.42,14.53,10.56
-26.67,19.23,8.42
-36.13,21.42,8.00
-45.53,20.20,20.14
-56.88,17.70,47.30
-65.49,14.47,74.77
-63.96,4.03,93.08
-50.29,-6.35,99.67
-42.91,-9.28,101.99
-39.67,-10.62,97.11
-34.00,-14.04,82.34
-29.24,-17.82,60.12
-27.83,-21.91,37.84
-29.17,-29.85,20.32
-32.23,-39.73,5.25
-36.68,-47.12,-11.72
-38.21,-51.94,-30.58
-36.56,-50.60,-43.52
-28.14,-34.91,-30.76
-31.13,-10.50,-14.04
-28.75,-9.34,-6.10
-22.95,-15.87,-4.21
-27.04,-24.96,10.38
-26.61,-41.26,30.46
-24.72,-27.47,19.78
-34.55,-10.25,9.58
-24.78,-20.94,18.43
-12.70,-46.81,27.77
-8.54,-63.90,35.10
-5.62,-60.30,30.94
-6.71,-67.02,30.52
6.84,-91.19,16.66
5.98,-72.69,10.38
3.78,-55.24,-1.46
30.27,-65.80,-19.78
40.34,-51.57,-30.70
51.94,-34.61,-31.31
53.53,-17.21,-24.84
60.30,-14.16,-39.67
74.46,-17.40,-61.28
84.78,-8.18,-76.48
71.04,16.05,-59.88
67.50,22.34,-59.08
69.70,33.87,-60.18
67.99,51.94,-50.42
69.09,55.79,-41.69
55.91,58.72,-25.94
41.44,50.54,-11.17
32.29,38.15,-1.59
21.30,39.73,3.91
16.97,35.83,7.87
16.24,24.72,15.44
13.43,19.04,26.00
0.61,38.15,32.65
-13.24,51.51,33.08
-22.77,33.26,34.55
-35.52,38.45,38.33
-44.86,32.35,38.88
-49.13,38.88,52.06
-52.31,31.98,55.42
-44.74,19.23,60.30
-43.95,22.40,73.73
-41.44,11.60,65.43
-35.71,1.71,49.68
-42.05,-1.77,40.89
-39.98,-14.89,36.87
-37.23,-28.50,36.07
-37.54,-39.55,36.01
-31.80,-59.88,32.84
-38.82,-45.78,12.45
-32.78,-48.52,10.80
-23.99,-42.91,11.05
-12.33,-36.62,5.74
1.40,-30.58,6.96
11.90,-26.43,9.70
16.17,-26.79,11.47
16.11,-27.04,7.02
15.32,-27.53,4.82
4.94,-8.36,0.61
1.28,6.59,0.61
















-,-,-
-1.89,8.06,-39.12
-6.10,8.12,-42.79
-10.50,8.91,-44.19
-11.78,9.09,-43.46
-12.02,10.07,-40.77
-10.56,8.85,-37.54
-9.77,7.81,-33.20
-8.91,6.96,-27.83
-6.23,5.49,-22.09
-3.66,3.72,-15.44
-0.55,1.04,-8.54
3.30,-1.10,-2.44
6.77,-2.44,3.66
9.34,-3.36,8.18
9.83,-4.09,9.95
9.09,-4.64,10.07
7.63,-4.64,8.97
6.47,-4.58,7.81
5.80,-4.33,6.47
5.19,-4.15,4.82
4.58,-3.85,2.81
3.48,-3.66,1.10
2.20,-2.87,-0.37
1.22,-1.95,-0.98
0.61,-1.40,-1.10
1.89,-0.98,-1.16
4.88,0.79,-0.18
8.36,3.05,0.92
11.17,6.41,2.14
10.80,11.05,0.73
14.77,8.48,-15.44
24.90,5.92,-30.58
29.54,-0.12,-59.02
46.26,-10.01,-88.26
41.14,4.88,-79.28
26.12,10.56,-74.40
42.42,-7.57,-86.12
44.98,-6.96,-77.76
31.56,-0.55,-46.81
30.21,-14.53,-33.08
26.98,-14.22,-16.30
21.00,-12.82,-0.37
18.74,-13.67,8.67
17.40,-12.82,13.06
13.67,-9.03,18.74
5.86,-3.11,26.67
-1.89,4.46,29.42
-8.00,10.44,28.93
-12.94,15.38,28.87
-22.28,21.30,30.27
-39.37,26.43,30.94
-56.21,28.32,34.12
-67.26,20.87,48.52
-76.35,6.53,84.72
-78.37,1.16,126.71
-67.26,6.71,143.68
-57.25,13.24,135.68
-49.74,14.83,112.79
-44.07,8.91,83.62
-49.44,-1.22,58.35
-57.19,-14.16,40.41
-61.71,-29.42,24.96
-65.25,-41.20,2.26
-69.40,-49.13,-29.85
-71.29,-53.65,-66.77
-69.70,-46.08,-102.17
-49.38,-27.47,-127.14
-15.50,3.85,-98.69
2.50,16.97,-69.34
41.50,-0.12,-50.96
64.51,-9.83,-35.34
76.97,-14.71,-24.48
96.13,-22.95,-12.15
105.65,-24.78,-23.07
107.85,-15.75,-39.12
115.91,-3.54,-62.07
115.54,16.42,-70.86
125.98,26.31,-85.88
120.06,42.91,-82.03
117.37,47.79,-85.63
101.99,36.32,-63.78
87.71,33.57,-48.58
67.32,23.68,-22.83
50.72,2.14,16.36
34.12,-12.15,39.00
21.12,-15.87,37.78
5.25,-14.53,32.41
-9.34,-7.20,21.24
-23.32,4.03,13.98
-35.40,13.12,10.56
-44.07,16.97,10.25
-50.72,16.24,21.73
-53.71,4.76,42.05
-50.23,-5.19,54.69
-45.47,-7.39,64.94
-39.18,-8.48,71.23
-36.44,-11.17,73.97
-38.15,-15.56,67.87
-38.02,-18.19,55.11
-37.11,-17.76,41.99
-38.88,-17.58,33.63
-44.07,-21.91,30.21
-48.28,-30.40,27.16
-53.89,-41.38,17.33
-62.50,-51.70,0.61
-71.23,-56.82,-14.47
-75.99,-60.73,-25.39
-65.73,-52.80,-18.19
-67.26,-22.89,-5.55
-61.77,-27.04,-9.95
-41.08,-23.38,-26.25
-40.95,-18.62,-18.74
-37.23,-29.11,-6.04
-37.78,-13.85,-6.47
-39.55,-28.32,8.97
-20.57,-62.44,23.01
-15.63,-78.86,29.42
-15.32,-69.03,25.51
-0.43,-77.58,20.02
9.58,-74.40,10.68
15.56,-69.89,-6.41
26.06,-63.29,-23.56
43.40,-65.86,-37.90
58.29,-53.41,-50.29
55.36,-30.15,-40.10
57.37,-18.31,-40.10
78.92,-20.94,-60.12
90.03,-13.00,-69.27
99.49,-4.82,-71.29
98.75,16.66,-52.67
91.49,40.41,-42.05
89.48,40.04,-26.25
80.38,52.00,-12.21
68.66,63.72,-1.65
65.25,63.11,-2.69
53.04,75.01,-0.92
44.01,70.01,6.96
26.25,67.50,13.67
8.48,53.77,14.10
-12.57,40.89,16.30
-29.17,26.73,8.36
-40.28,5.62,-3.78
-48.95,11.23,-5.31
-70.92,51.15,31.56
-74.52,75.01,70.25
-77.39,69.89,87.40
-78.55,46.02,87.40
-70.01,35.64,85.27
-72.51,16.97,70.68
-56.21,0.43,45.35
-49.56,-8.00,43.70
-41.69,-29.97,41.26
-35.28,-46.94,42.79
-27.47,-57.31,53.59
-29.36,-55.73,59.45
-26.67,-64.45,51.64
-17.21,-78.92,49.99
-18.19,-83.68,39.61
-10.19,-90.03,27.53
-7.81,-66.41,15.38
-6.35,-51.70,8.24
-5.25,-42.48,-1.53
-1.53,-36.13,-9.09
-8.06,-8.73,-10.99
-7.02,-6.10,-11.29
-6.04,-9.16,-10.13
-1.46,-23.19,-4.94
-1.22,-21.42,3.23
0.55,-19.90,7.69
3.60,-9.46,17.88
5.43,1.40,39.98
16.30,3.66,75.26
25.82,2.75,119.81
37.11,6.23,154.42
48.34,10.93,178.34















