-,-,-
6.04,7.69,0.37
4.76,3.85,0.79
1.83,0.67,1.22
-0.24,0.12,1.04
-1.83,0.67,-0.55
-2.62,0.85,-2.44
-3.11,0.31,-3.48
-4.03,-0.49,-3.97
-5.13,-0.92,-4.21
-6.35,-0.85,-3.97
-7.81,-1.22,-3.91
-8.79,-2.44,-3.91
-9.95,-4.09,-3.78
-11.47,-4.94,-3.72
-12.15,-5.13,-3.85
-13.00,-4.21,-4.03
-13.92,-3.36,-4.33
-15.38,-2.87,-4.82
-16.11,-2.56,-5.80
-16.36,-2.14,-7.39
-15.87,-1.65,-8.48
-13.98,-0.92,-8.24
-11.17,-0.18,-6.53
-9.22,0.18,-4.27
-7.75,0.00,-1.65
-6.90,-0.43,0.61
-6.16,-0.79,2.14
-6.77,-1.53,2.62
-7.81,-2.99,2.62
-8.54,-5.98,4.27
-9.03,-11.05,8.79
-10.38,-17.82,14.53
-12.51,-24.96,20.94
-14.59,-32.47,27.71
-18.07,-40.10,34.48
-22.95,-47.42,39.18
-15.50,-42.91,12.15
8.36,-39.31,-7.45
20.51,-33.57,-0.49
37.29,-37.96,15.69
61.65,-42.11,25.51
84.66,-47.85,25.94
100.16,-67.08,31.80
113.28,-71.29,41.75
123.66,-76.54,43.03
135.38,-67.26,44.98
137.57,-58.53,54.81
130.00,-48.22,60.36
114.32,-36.93,58.78
85.02,-23.56,49.74
54.20,-4.21,33.75
31.98,10.50,24.54
9.83,19.84,14.10
-2.14,14.28,2.26
-5.74,4.76,0.06
-10.93,-1.71,1.77
-13.06,-2.08,1.59
-12.82,4.58,0.61
-13.12,14.34,-0.85
-17.27,30.03,-7.63
-22.09,43.33,-19.47
-28.99,39.79,-35.77
-39.06,32.23,-62.44
-48.95,28.75,-97.11
-47.12,29.97,-129.27
-36.99,27.95,-147.71
-23.62,17.40,-141.72
-11.54,1.04,-116.03
-8.24,-17.82,-82.89
-11.17,-33.81,-52.49
-13.12,-42.60,-28.56
-15.26,-49.50,-8.18
-18.49,-56.46,10.86
-21.12,-58.78,29.60
-13.92,-41.93,11.60
19.84,-31.62,-2.87
12.27,-29.30,2.01
-1.34,-23.56,11.23
2.14,-12.51,21.61
10.74,1.46,42.05
16.54,15.99,77.58
30.27,33.87,122.86
50.29,60.36,161.93
78.61,84.84,197.94
100.16,93.38,232.12
99.79,94.30,258.48
93.32,90.94,267.46
81.91,89.42,266.17
64.45,82.34,246.52
43.88,63.90,215.58
22.95,40.16,170.59
10.62,25.09,125.61
1.40,18.74,86.61
-4.64,13.79,55.11
-1.46,11.78,32.35
1.40,14.71,23.86
5.37,16.78,9.22
12.51,21.12,2.87
11.84,22.46,-19.17
11.35,16.97,-70.98
12.82,6.84,-122.92
4.88,-0.85,-162.35
-12.27,-4.15,-189.15
-31.92,-7.20,-210.45
-53.22,-15.26,-224.06
-59.51,-28.20,-229.86
-52.61,-42.11,-229.00
-44.07,-54.50,-215.03
-38.94,-65.80,-192.99
-35.83,-77.64,-168.27
-26.67,-88.44,-141.78
-24.41,-95.40,-114.44
-30.52,-96.13,-89.05
-36.56,-88.75,-66.04
-37.78,-75.68,-41.20
-37.54,-63.66,-15.56
-35.10,-40.59,-22.77
0.12,-32.17,-19.84
7.26,-30.76,-4.33
-3.05,-29.24,5.92
1.04,-25.45,9.52
10.86,-22.40,15.32
10.31,-18.31,23.44
11.23,-9.83,44.56
11.05,5.98,73.55
14.22,26.18,105.53
20.39,39.92,137.94
26.67,63.35,161.38
40.16,74.95,181.58
48.83,84.17,192.44
59.20,85.57,207.52
60.42,86.79,227.54
51.64,79.10,241.39
41.14,73.55,245.48
28.44,73.61,239.56
15.75,61.83,231.51
5.49,51.45,219.85
9.22,45.23,210.08
4.94,19.04,194.82
-3.11,5.80,162.05
-4.64,0.85,132.63
-4.70,3.66,106.08
-5.74,0.73,91.13
-4.03,-5.31,84.72
-3.36,-4.33,84.41
-10.19,-1.71,73.55
-7.32,-6.90,64.88
-6.29,-8.67,52.49
-9.64,-3.78,28.08
-4.70,-0.24,5.86
0.49,2.44,-2.81
2.08,5.19,-1.71
2.87,6.71,0.06
4.03,6.29,0.06
3.36,4.64,-0.31
1.65,2.01,-0.49
0.92,0.31,-0.43
1.04,0.24,-0.18
0.92,1.34,-0.55
1.04,2.69,-1.40
1.65,3.11,-2.08
1.83,2.99,-2.50
1.71,2.26,-2.81
1.77,1.46,-2.75
1.53,0.55,-2.26
1.83,0.06,-1.83
2.32,-0.31,-1.04
2.26,-0.31,-0.12
2.01,-0.43,-0.18
2.38,-0.55,-0.18
2.69,-0.06,0.49
2.87,0.18,0.98
2.62,0.31,0.92
1.59,0.37,1.10
0.43,0.37,0.79
-0.24,0.12,0.85
-2.08,-0.79,0.92
-3.54,-1.95,0.12
-3.60,-2.87,-0.61
-2.69,-2.75,-0.31
















-,-,-
-0.67,-4.03,4.27
-0.12,-4.64,5.13
-0.24,-5.55,6.16
-0.79,-6.47,7.26
-0.92,-7.08,8.00
-1.53,-8.12,8.79
-2.38,-9.64,9.46
-3.05,-11.23,10.19
-3.66,-12.82,10.68
-4.21,-14.22,10.44
-4.33,-15.44,10.38
-4.82,-17.21,10.25
-5.74,-14.95,5.98
-4.52,-9.22,-1.04
-2.01,-9.16,-1.04
-0.85,-10.19,2.32
0.31,-8.36,2.81
2.01,-5.25,1.34
1.83,-3.23,0.67
1.34,-2.50,0.73
2.38,-2.81,0.49
1.22,-4.64,0.12
1.10,-7.81,-1.34
-0.06,-11.41,-2.26
-1.71,-13.98,-2.26
-2.69,-15.81,-2.14
-3.30,-16.60,-2.20
-1.59,-16.42,-2.01
-1.83,-14.77,-1.10
1.04,-11.60,0.73
5.07,-7.32,3.36
11.72,-2.75,6.53
23.68,1.59,11.54
44.07,-1.28,22.77
66.16,-13.00,38.76
85.57,-23.32,49.01
98.63,-34.79,53.89
107.60,-39.25,55.48
116.09,-45.23,52.61
124.69,-50.60,51.51
127.75,-46.14,45.41
122.13,-47.49,39.31
99.43,-33.33,32.35
72.69,-21.06,30.03
46.57,-6.10,25.33
26.61,-0.18,19.23
8.85,11.54,8.18
-1.77,10.25,0.73
-7.63,0.55,-2.01
-13.06,-4.64,-3.11
-15.63,-4.70,-4.15
-16.17,-0.85,-4.27
-16.24,6.65,-4.21
-15.26,16.78,-4.70
-16.48,27.95,-7.51
-20.81,41.44,-20.32
-25.39,41.26,-41.08
-27.53,33.20,-69.03
-31.43,25.51,-97.47
-29.72,22.28,-121.95
-25.70,22.22,-138.98
-20.87,22.64,-144.84
-13.98,18.80,-138.18
-10.31,9.40,-120.61
-9.89,-3.72,-94.91
-11.78,-19.71,-65.80
-14.89,-35.22,-39.06
-13.79,-49.62,-14.77
-9.22,-63.66,8.79
-7.81,-74.71,32.23
-14.10,-79.16,47.42
-20.81,-52.86,16.17
-5.74,-41.99,4.46
3.97,-42.36,3.05
-15.32,-42.79,6.41
-21.42,-36.74,8.61
-18.98,-28.14,4.88
-25.51,-14.10,22.89
-29.24,3.78,51.51
-19.04,19.10,89.36
-4.46,37.05,131.16
10.44,63.72,162.84
25.82,81.05,192.20
33.57,98.33,210.27
43.64,101.26,222.17
37.29,90.70,225.34
35.95,81.79,219.91
36.07,77.09,211.49
31.19,63.72,203.12
18.62,44.07,184.75
11.96,27.83,157.10
6.47,15.20,129.39
0.55,11.54,97.84
-1.22,7.26,70.98
-1.28,4.64,49.01
-2.56,3.60,27.16
1.59,6.16,0.49
12.08,12.76,-6.04
10.44,20.45,-14.22
4.88,24.23,-46.08
4.82,20.69,-99.85
13.18,12.94,-156.56
15.56,3.30,-197.33
11.41,-4.64,-215.45
9.89,-9.03,-220.46
2.69,-12.33,-220.95
-7.26,-18.31,-214.90
-8.00,-24.78,-201.78
-4.15,-30.64,-182.56
3.54,-37.66,-160.03
7.75,-46.14,-137.33
10.62,-58.04,-117.25
12.08,-73.06,-96.07
6.59,-85.94,-71.41
-2.69,-91.98,-44.56
-17.15,-80.14,-28.69
-21.73,-47.91,-30.09
-4.76,-32.23,-21.61
2.99,-32.35,-9.03
-1.65,-36.38,2.56
-0.98,-34.06,4.76
-3.54,-31.74,-0.85
-7.20,-33.02,-5.86
-10.44,-33.45,-3.85
-8.73,-30.52,16.17
-7.75,-19.65,48.65
-6.10,-1.22,76.17
1.83,14.10,104.80
6.23,30.52,131.41
10.13,47.85,149.96
14.04,62.81,163.82
16.05,65.80,174.38
13.73,66.35,178.10
14.53,66.77,177.73
13.06,59.94,178.89
7.02,59.33,179.08
3.17,48.40,181.03
0.55,42.66,176.33
-0.98,38.70,166.87
-6.29,28.38,159.48
-12.94,24.90,143.86
-12.21,16.36,134.22
-13.55,7.93,128.17
-13.24,1.10,115.30
-7.63,-1.22,103.82
-9.16,-3.48,96.92
-11.54,-5.92,82.82
-10.56,-13.85,77.09
-15.81,-10.93,61.65
-11.23,-8.73,53.16
-12.39,-7.20,42.66
-7.39,-4.15,45.78
-14.10,-2.93,32.23
-8.97,-1.89,10.19
-5.74,0.18,2.62
-6.16,1.65,2.14
-5.49,4.03,1.34
-2.62,6.29,-0.79
-2.32,7.26,-2.32
-2.44,6.29,-3.91
-2.14,4.64,-5.31
-2.01,3.54,-6.23
-1.89,2.99,-6.90
-2.32,1.95,-6.77
-3.05,1.95,-6.90
-3.54,1.77,-6.65
-3.48,2.81,-5.62
-2.75,4.03,-4.46
-1.71,5.00,-3.60
-0.79,5.07,-2.50
0.55,5.00,-1.77
1.28,4.33,-1.40
1.16,3.11,-1.22
1.16,2.01,-0.98
1.34,1.28,-0.85
1.40,1.40,-0.73
0.67,1.65,-0.18
0.37,2.26,0.67
0.67,3.60,1.46
0.67,4.39,1.71
















-,-,-
1.53,0.61,0.73
1.34,0.24,1.22
1.10,0.18,1.40
0.98,-0.06,1.16
1.22,0.12,1.22
1.65,0.67,1.22
2.56,1.40,1.34
3.36,2.08,1.77
3.54,2.38,2.20
3.54,2.14,2.50
3.97,1.83,2.69
4.88,2.32,2.93
6.41,2.69,3.78
8.06,2.87,4.76
9.22,2.75,4.94
8.73,1.46,5.07
7.39,0.00,4.70
6.23,-0.73,4.27
5.62,-0.92,4.09
5.92,-0.43,4.33
5.92,0.18,4.52
6.59,0.98,4.33
6.23,1.71,4.39
5.98,2.08,4.15
6.10,2.32,3.72
7.02,2.93,4.03
8.30,3.72,4.21
10.19,5.07,4.39
12.94,6.90,4.76
16.05,7.75,5.68
19.35,5.19,8.36
23.44,-6.23,14.34
26.43,-20.20,22.71
25.15,-18.98,18.07
30.33,-11.47,7.87
41.26,-12.08,10.50
45.78,-16.24,17.88
46.33,-14.59,17.03
47.67,-9.70,12.39
54.50,-27.04,14.83
54.08,-22.77,15.50
68.36,-21.91,23.50
82.34,-29.11,27.65
97.78,-40.77,32.04
104.49,-44.74,35.10
102.29,-42.05,41.63
87.59,-22.83,32.59
76.72,-1.89,12.15
64.94,11.05,6.65
50.11,18.62,11.35
41.75,15.99,12.27
28.38,13.37,10.68
18.49,8.91,5.92
5.62,14.22,0.00
-4.39,13.92,-4.03
-13.61,8.12,-4.64
-19.53,7.75,-6.04
-22.22,12.63,-7.93
-23.38,20.63,-9.70
-25.27,33.94,-14.04
-24.90,51.94,-20.39
-26.79,57.68,-29.05
-29.66,47.06,-46.26
-28.81,28.93,-68.48
-28.14,12.88,-89.11
-29.30,4.33,-106.99
-27.95,3.97,-118.04
-23.86,5.19,-119.93
-23.32,2.81,-115.60
-25.45,-3.36,-107.85
-30.09,-12.94,-99.30
-40.59,-25.09,-91.43
-49.99,-34.42,-83.56
-54.26,-37.54,-71.90
-56.03,-39.73,-56.03
-56.82,-44.86,-36.68
-56.58,-52.00,-14.59
-54.93,-55.91,5.80
-55.48,-55.73,21.73
-54.99,-47.79,19.29
-42.48,-36.38,-7.14
-8.18,-28.93,-14.22
7.81,-19.47,-2.81
3.60,-10.50,11.90
6.35,-4.27,18.80
18.25,-0.98,19.29
22.40,1.65,21.91
32.65,7.93,46.94
43.03,19.65,81.60
44.43,32.04,117.98
40.10,51.76,154.24
37.90,75.93,181.76
47.18,84.47,205.51
56.70,87.95,230.47
64.64,91.49,256.04
74.10,101.87,279.91
79.71,105.10,296.75
85.75,89.29,307.37
85.08,74.22,308.59
78.67,60.67,291.26
66.16,52.31,258.73
45.47,42.79,212.16
31.49,20.14,162.23
32.35,-0.06,123.60
22.95,-11.05,88.87
14.59,-11.47,56.70
7.32,-8.06,29.97
2.32,-4.76,-0.12
5.98,-4.09,-19.10
3.36,0.73,-37.35
-12.63,11.41,-89.23
-17.21,12.57,-154.72
-18.80,4.09,-211.91
-17.46,-2.20,-257.39
-24.29,-0.61,-288.82
-30.52,3.54,-310.55
-37.54,6.29,-329.35
-42.85,2.56,-342.77
-46.14,-10.19,-345.89
-49.62,-29.60,-335.27
-57.31,-52.55,-313.72
-73.61,-75.13,-287.23
-88.07,-95.83,-257.08
-100.83,-112.37,-220.95
-114.38,-117.37,-177.98
-122.56,-103.76,-134.28
-123.41,-75.99,-97.35
-119.51,-52.12,-64.64
-112.79,-40.77,-34.12
-98.57,-38.39,-6.16
-84.90,-38.09,19.41
-75.07,-41.63,42.30
-71.78,-42.48,52.06
-69.09,-37.48,25.51
-7.26,-36.01,4.15
31.62,-26.86,5.62
35.95,-15.93,17.40
41.26,-9.22,35.16
51.45,-6.04,46.20
63.60,-7.02,55.30
82.28,-9.58,75.62
86.67,-4.64,97.41
78.74,6.04,127.44
59.63,23.01,155.70
63.90,33.45,186.77
54.38,50.11,208.01
54.50,65.61,223.08
70.56,76.35,233.83
88.13,85.82,242.49
94.79,92.83,264.04
86.61,97.72,295.84
77.76,105.71,317.93
79.41,102.72,331.54
74.89,91.92,335.69
69.03,81.48,328.98
65.61,65.73,307.56
61.04,55.91,271.00
71.29,38.64,228.39
66.22,21.24,182.07
39.00,10.31,137.02
28.50,10.74,101.56
18.80,7.87,70.43
15.01,-5.55,43.52
15.01,-10.99,29.79
8.06,-15.99,14.65
4.03,-16.78,1.77
1.65,-15.44,1.83
0.67,-12.94,6.84
1.22,-9.34,10.56
2.56,-5.37,11.29
2.62,-1.71,10.50
3.36,1.59,10.25
4.82,5.00,10.56
5.49,8.06,10.99
6.47,10.62,10.62
5.92,12.02,8.97
4.09,11.54,5.19
2.14,9.64,0.85
1.65,7.63,-2.50
2.14,6.41,-3.72
















-,-,-
-0.49,-4.21,0.67
-0.85,-4.39,0.37
-0.79,-4.21,0.31
-0.24,-3.66,0.06
0.00,-2.87,0.06
0.43,-2.20,-0.06
-0.18,-1.95,0.00
0.18,-1.53,0.24
0.37,-1.34,0.43
-0.12,-1.53,0.79
-0.12,-1.59,0.73
-0.12,-1.65,0.55
0.12,-1.53,0.85
0.49,-1.34,1.22
0.85,-0.92,1.59
1.16,-0.67,1.83
1.53,-0.67,1.95
1.28,-0.67,1.89
1.04,-0.79,1.71
0.92,-0.79,1.40
0.55,-0.67,1.16
0.79,-0.37,0.79
1.10,-0.12,0.67
1.40,0.12,0.73
1.83,0.00,0.79
1.71,-0.55,0.98
1.40,-0.92,1.10
1.40,-1.10,0.85
1.22,-1.04,0.79
1.89,-0.61,1.10
3.72,0.06,1.40
4.94,1.10,2.14
6.29,1.71,3.30
9.03,-4.39,7.08
13.49,-17.21,12.63
16.72,-15.38,12.08
26.25,-16.24,13.67
35.22,-23.38,18.68
41.99,-25.09,20.32
49.19,-25.09,26.43
49.50,-22.89,28.69
51.88,-18.37,29.42
51.64,-20.51,31.37
53.65,-17.03,34.73
54.20,-11.66,38.94
52.92,-8.00,39.25
49.50,-5.86,34.73
46.26,-5.62,32.96
39.67,-4.88,33.45
32.78,-4.58,22.71
29.85,-5.31,16.97
23.13,-0.67,11.60
17.46,3.30,5.74
14.83,7.08,2.75
9.09,4.33,3.66
1.16,-1.46,2.38
-3.11,-2.93,0.06
-7.14,-3.30,-0.98
-11.11,-1.71,-2.62
-15.38,1.71,-4.64
-17.64,6.53,-6.65
-16.91,12.57,-8.06
-15.81,19.17,-13.92
-17.64,20.63,-39.55
-13.37,12.15,-66.77
-11.41,4.33,-85.45
-13.06,2.14,-99.73
-12.02,4.27,-111.63
-12.82,5.98,-121.83
-14.47,5.13,-129.46
-19.71,1.59,-131.90
-25.27,-5.37,-128.42
-27.40,-16.48,-119.81
-31.07,-30.15,-105.29
-33.51,-42.72,-84.66
-33.57,-51.76,-60.73
-31.31,-57.62,-36.38
-28.93,-60.67,-11.05
-29.17,-59.02,11.29
-36.44,-38.33,6.23
0.18,-20.94,1.59
16.66,-13.24,12.76
5.74,-11.47,18.43
-2.93,-8.97,15.08
-0.18,-5.49,6.90
3.72,-0.61,5.62
3.85,6.77,17.40
10.99,16.72,40.34
24.11,31.49,72.94
31.13,48.34,99.67
36.99,63.48,119.38
35.71,70.56,134.16
31.25,73.67,142.33
27.89,76.48,140.93
23.44,75.50,143.37
16.54,70.50,156.07
12.15,71.41,169.86
14.83,72.14,193.48
8.30,72.51,216.25
0.98,70.43,222.17
-1.89,59.63,223.51
-0.24,48.40,222.72
-0.98,40.16,207.64
0.24,26.92,185.91
3.66,16.24,165.59
3.42,20.08,137.33
4.88,14.34,109.13
2.81,4.88,85.57
1.34,1.10,73.61
-1.77,-1.28,64.94
-3.85,0.61,55.66
-2.62,8.48,44.98
-2.93,13.73,35.28
-2.38,16.42,13.49
1.40,22.64,-2.20
-0.92,29.97,-9.58
-4.64,33.51,-29.48
-4.46,35.22,-59.63
1.16,34.24,-96.56
9.64,35.71,-133.73
20.87,40.47,-169.74
24.96,44.37,-202.64
24.78,42.97,-229.80
37.78,33.26,-248.35
41.63,16.36,-255.31
42.60,-7.87,-255.07
41.38,-36.80,-248.66
45.59,-66.35,-236.69
46.33,-89.60,-219.06
37.72,-100.95,-195.56
15.26,-96.25,-169.92
-12.02,-80.87,-148.74
-31.43,-65.92,-134.58
-42.60,-57.01,-122.31
-48.16,-55.42,-105.22
-47.36,-58.84,-81.79
-45.47,-63.42,-52.55
-45.23,-67.75,-22.77
-46.51,-72.39,-0.73
-52.55,-72.57,7.08
-49.44,-57.37,-17.09
-18.55,-46.88,-24.35
-5.19,-41.81,-18.92
-5.80,-41.93,-9.89
1.34,-35.58,-3.97
7.81,-25.51,-1.16
13.98,-17.76,4.03
29.48,-19.96,14.89
40.16,-16.60,35.40
47.61,-7.14,66.16
48.71,7.57,102.17
36.44,33.20,142.58
24.96,68.36,179.75
24.96,94.91,213.07
21.30,110.84,232.30
18.62,122.92,244.87
13.55,111.76,260.56
3.17,99.79,269.47
-0.31,92.77,274.78
-7.51,80.75,276.92
-10.62,66.10,268.80
-7.93,38.88,253.54
-8.79,12.57,235.05
-5.19,2.75,208.19
-7.87,-10.01,184.75
-8.06,-13.61,165.28
-6.90,-17.64,151.00
-7.51,-16.78,133.24
-4.46,-24.05,122.01
-7.02,-27.83,106.99
-3.42,-26.37,88.20
2.14,-20.87,73.24
-3.54,-17.46,56.82
-7.14,-12.45,41.20
-7.39,-10.68,32.10
-5.74,-5.74,39.18
-7.32,-4.27,47.42
-8.36,-3.42,39.67
-8.36,-1.40,24.35
-7.14,-1.40,5.92
















-,-,-
-0.55,-1.53,1.95
-0.61,-2.14,3.05
-0.73,-3.11,3.54
-0.79,-4.52,3.36
-0.92,-5.00,2.99
-1.28,-5.19,3.17
-1.10,-5.25,3.66
-1.04,-5.13,4.21
-1.34,-5.19,4.39
-1.65,-5.19,4.03
-1.95,-5.00,3.30
-2.32,-4.46,2.20
-2.08,-3.54,0.73
-1.10,-2.14,-0.67
0.06,-0.98,-1.28
0.79,0.00,-0.98
1.46,1.04,-0.43
1.83,1.53,-0.18
2.01,1.89,-0.85
1.83,1.95,-1.71
1.59,2.14,-2.87
1.77,2.44,-3.78
2.01,2.50,-4.27
1.83,2.20,-4.09
1.83,2.20,-3.42
1.40,2.20,-1.83
0.92,2.26,-0.24
-0.24,2.81,1.04
-1.16,3.48,2.01
-0.24,4.21,3.78
-3.60,1.59,5.86
-4.15,-2.14,8.30
-5.80,-6.16,10.44
-8.97,-11.47,10.56
-14.10,-15.32,3.66
-16.91,-13.73,-5.13
-13.24,-14.10,-6.59
-11.05,-24.23,-2.38
-13.79,-32.35,0.31
-13.49,-34.06,-1.65
-15.32,-33.57,-4.52
-14.47,-30.64,-5.31
-13.18,-25.21,-4.39
-7.75,-18.37,-0.67
6.90,-15.32,8.06
31.43,-22.58,23.56
59.33,-43.64,42.91
80.08,-53.53,55.73
98.57,-49.87,62.62
117.19,-46.75,69.89
130.62,-53.22,81.36
135.01,-49.07,90.27
129.21,-31.49,87.40
114.44,-17.15,73.30
81.36,-5.55,55.73
52.67,10.38,41.08
32.53,15.69,28.50
17.58,20.26,21.42
8.24,16.42,11.47
2.20,7.69,6.53
-2.01,-0.12,6.53
-6.29,-2.99,5.74
-10.07,1.34,5.19
-11.23,12.70,3.17
-12.21,31.37,-2.44
-13.73,56.27,-17.33
-14.53,72.39,-29.30
-18.68,70.50,-45.29
-20.45,56.27,-72.75
-15.14,37.60,-103.82
-12.76,24.60,-133.79
-9.22,19.04,-158.26
-8.73,16.17,-172.55
-6.16,9.77,-174.38
-3.72,-2.32,-164.37
-4.70,-20.63,-144.17
-5.37,-44.62,-119.81
-9.16,-67.20,-97.90
-14.22,-83.56,-82.40
-16.85,-95.70,-71.72
-24.29,-101.75,-58.72
-34.73,-95.95,-40.10
-42.05,-77.09,-15.75
-44.74,-51.82,11.35
-41.75,-30.09,39.25
-52.19,-16.30,37.84
-14.59,-20.63,16.97
14.95,-21.48,14.65
10.01,-5.31,25.45
5.00,5.13,39.12
2.75,12.82,44.49
16.91,18.62,51.82
34.18,24.11,77.58
29.17,34.00,109.68
22.09,54.81,147.34
25.94,73.91,183.41
25.15,93.02,212.71
23.50,111.63,230.71
25.51,123.35,250.37
22.83,116.46,281.37
9.64,114.01,310.73
-5.07,100.10,324.95
-15.69,83.50,314.15
-19.65,62.87,291.08
-24.96,30.64,257.14
-27.40,10.62,212.59
-21.73,5.31,170.41
-15.14,-0.06,139.04
-6.71,6.53,113.95
-0.73,3.17,98.75
1.89,9.22,83.68
2.99,13.61,62.13
2.93,15.14,28.38
15.69,25.21,-4.21
21.30,34.67,-28.81
28.81,36.62,-78.12
43.03,37.05,-133.18
56.95,33.51,-181.76
62.44,31.49,-222.23
59.94,27.10,-253.48
59.51,15.26,-276.92
49.13,-2.14,-296.51
44.37,-26.37,-314.82
30.64,-56.40,-331.73
9.03,-88.44,-335.69
-6.90,-116.52,-319.52
-16.85,-135.19,-286.32
-28.38,-144.35,-244.14
-39.67,-145.32,-199.77
-45.78,-139.83,-157.90
-49.68,-129.03,-119.93
-44.92,-115.36,-86.85
-43.03,-103.76,-55.97
-47.79,-97.17,-28.56
-57.43,-84.47,-27.77
-28.32,-73.18,-28.87
-5.37,-59.33,-18.80
-1.04,-45.90,-4.46
-6.16,-26.67,6.23
-3.11,-15.38,10.74
21.24,-19.17,18.43
37.84,-23.07,34.48
38.64,-19.84,49.80
43.03,-15.50,74.16
39.67,-3.54,94.30
40.53,10.38,120.85
24.54,30.09,145.14
14.77,49.07,168.88
8.91,70.19,186.28
11.54,88.87,209.17
11.23,105.35,241.46
4.03,119.93,273.68
1.46,124.76,302.98
-6.04,119.20,325.01
-10.31,111.21,331.79
-14.28,96.01,320.50
-14.95,72.39,295.41
-12.82,46.75,268.19
-4.76,25.09,245.85
-6.16,13.18,216.37
-5.98,-4.15,188.17
-5.92,-18.98,157.84
-0.18,-31.01,132.69
-3.85,-35.22,107.42
-8.73,-39.92,87.46
-9.46,-37.11,70.01
-6.10,-27.95,59.75
-6.71,-17.40,46.57
-0.12,-10.31,31.19
2.93,-1.46,16.54
5.19,7.69,14.89
5.31,13.49,19.10
4.33,15.50,20.26
3.54,15.56,17.64
6.59,13.92,14.65
5.19,12.15,11.78
1.53,9.28,8.18
0.00,6.84,4.21
0.73,4.82,0.98
1.16,4.21,-2.01
















-,-,-
2.87,9.46,1.53
2.93,8.67,0.98
2.14,9.95,2.01
1.71,12.08,3.54
1.46,13.43,5.00
-0.73,13.37,5.68
-2.26,10.80,6.65
-2.93,6.04,7.57
-3.54,1.71,8.18
-4.33,-0.98,7.39
-3.60,-1.46,5.86
-2.20,-1.53,4.64
0.06,-1.59,3.91
1.71,-1.16,3.60
2.14,-0.73,3.11
1.65,0.18,2.14
0.49,2.08,0.85
0.12,2.87,-0.92
0.31,3.97,-2.20
0.55,4.39,-2.75
1.04,3.72,-2.44
1.34,2.32,-1.28
1.28,0.67,0.00
0.67,-0.06,1.59
-0.61,-0.85,2.81
-2.50,-1.89,3.66
-4.64,-2.87,4.70
-7.08,-3.97,5.68
-8.85,-6.23,7.20
-10.13,-7.87,9.95
-15.75,-6.96,9.22
-17.76,-11.41,6.41
-16.85,-18.25,3.97
-14.34,-20.45,2.14
-11.66,-22.16,2.14
-10.31,-23.56,3.85
-6.84,-22.34,6.23
0.49,-21.91,9.16
10.31,-23.68,13.06
21.79,-22.40,18.43
39.61,-36.01,29.66
56.82,-58.78,40.04
75.13,-79.10,44.31
92.96,-79.77,46.20
108.34,-72.33,47.85
125.67,-70.43,51.09
135.86,-69.76,53.10
136.41,-76.42,55.79
121.95,-77.70,56.09
97.11,-61.65,38.82
74.83,-31.31,17.09
46.69,1.59,8.12
26.06,26.31,7.39
11.11,32.84,5.25
2.87,15.38,3.30
-4.39,0.55,2.62
-10.31,-6.90,1.34
-14.10,-8.30,0.37
-17.27,-5.49,-0.49
-21.79,1.77,-1.89
-26.92,13.24,-5.86
-32.29,29.30,-14.28
-38.45,50.72,-34.24
-39.06,62.32,-59.27
-37.29,59.94,-80.57
-36.13,46.39,-98.88
-37.54,32.90,-120.36
-37.35,22.34,-146.73
-32.71,13.98,-171.63
-32.47,5.74,-186.10
-33.33,-3.85,-188.11
-32.17,-16.48,-175.54
-32.41,-31.13,-148.80
-32.53,-47.42,-113.46
-37.35,-65.31,-77.33
-39.37,-80.44,-41.44
-39.79,-92.53,-6.35
-39.06,-93.26,25.09
-53.53,-62.87,25.82
-27.65,-29.05,8.54
4.64,-19.96,6.29
2.99,-10.56,9.09
2.14,-1.95,20.87
10.68,0.98,26.37
12.21,15.93,30.03
17.52,31.43,49.13
28.02,33.26,82.58
28.02,41.20,120.79
24.84,53.59,155.70
18.49,71.72,182.50
20.26,83.25,207.58
23.99,81.85,227.66
28.56,85.57,244.14
38.21,87.59,272.16
30.03,84.84,297.18
35.77,70.98,312.13
39.55,52.73,312.38
38.27,43.52,291.08
24.35,42.48,247.92
11.05,41.50,187.87
6.77,25.94,125.98
5.98,4.76,75.81
4.39,-4.70,55.24
-0.31,-3.17,41.20
0.79,4.03,27.34
5.25,13.00,14.59
17.15,17.88,1.22
20.81,27.28,-25.63
25.39,37.78,-73.73
32.17,35.83,-124.33
33.14,31.74,-173.03
27.77,30.94,-216.55
16.17,31.19,-253.42
5.92,23.93,-283.45
-0.18,12.33,-307.07
-2.14,-1.28,-323.79
-1.40,-18.43,-330.57
-6.41,-42.54,-323.85
-13.49,-70.25,-308.47
-20.51,-96.50,-287.84
-22.40,-112.00,-259.28
-35.89,-115.54,-221.44
-56.21,-109.68,-180.11
-73.24,-99.12,-144.17
-89.11,-90.76,-116.03
-92.90,-88.07,-90.39
-96.19,-90.21,-61.16
-99.61,-89.84,-30.88
-92.90,-75.56,-6.77
-78.06,-59.20,10.86
-44.31,-50.23,19.78
-5.13,-50.60,24.41
15.81,-43.64,33.14
32.29,-30.40,56.46
41.08,-15.87,79.77
40.28,-9.52,96.98
43.76,-1.28,115.11
50.90,9.77,138.85
50.17,33.94,162.72
29.42,55.91,180.73
35.71,72.63,200.13
39.37,86.61,223.51
42.97,96.62,237.00
52.98,103.82,251.22
60.30,104.19,270.14
62.38,96.19,296.94
59.69,107.36,313.66
70.01,103.70,324.10
66.04,85.27,326.54
56.95,61.16,311.04
50.42,48.28,277.89
41.26,43.70,231.45
29.30,22.58,195.86
26.12,-7.39,172.12
33.75,-14.71,145.39
45.10,-19.47,135.50
39.06,-23.62,135.74
27.10,-25.09,117.98
20.14,-15.01,91.92
12.21,-15.32,70.07
10.13,-13.55,49.99
8.42,-10.74,37.84
7.51,-11.90,28.14
6.10,-9.16,17.15
4.46,-6.65,14.40
4.88,-4.46,14.77
4.33,-2.87,15.69
3.72,-1.77,14.83
2.20,-1.10,14.22
1.71,-0.67,19.04
0.55,-1.40,19.47
1.59,-0.98,12.21
3.97,0.49,9.28
5.37,3.17,5.55
5.74,5.37,-1.77
5.86,6.23,-5.13
5.92,5.86,-5.98
5.43,4.76,-4.94
4.33,3.54,-4.03
3.23,2.32,-3.66
















-,-,-
-0.43,0.43,1.53
-0.92,0.98,1.34
-1.22,0.79,1.46
-1.28,0.43,1.10
-0.55,0.43,1.04
-0.06,0.18,1.16
0.31,0.61,1.46
0.79,0.73,2.01
0.61,0.24,3.11
-0.06,-0.24,3.36
-1.10,-0.92,3.66
-2.32,-2.44,3.91
-3.30,-4.46,3.91
-3.66,-6.47,4.09
-3.72,-8.97,5.37
-4.21,-11.78,7.39
-4.82,-15.38,10.01
-4.70,-21.30,13.18
-5.68,-29.48,15.99
-7.39,-36.80,17.03
-9.22,-45.35,18.55
-11.60,-54.99,21.85
-18.74,-51.76,13.06
-18.55,-40.95,2.14
-11.47,-39.79,-1.22
-14.89,-39.61,-2.69
-16.17,-36.50,-2.93
-16.17,-31.31,-3.54
-15.01,-27.71,-3.05
-12.88,-26.12,-2.14
-9.77,-25.27,-1.04
-6.59,-23.93,0.12
-1.59,-22.40,3.97
6.77,-18.62,10.01
25.94,-24.17,23.38
48.71,-39.06,43.21
68.12,-46.88,60.36
88.44,-46.88,72.39
108.03,-48.58,78.98
124.51,-47.97,83.50
134.22,-43.95,90.39
132.14,-42.42,93.81
125.67,-36.68,94.06
109.74,-22.83,82.58
87.59,-2.38,59.08
64.58,12.15,47.61
41.44,29.30,40.16
28.26,28.99,29.79
12.15,27.22,10.86
0.06,11.72,3.42
-10.38,-4.03,3.30
-15.50,-10.25,1.83
-21.24,-10.07,-0.31
-26.55,-3.05,-3.30
-32.17,13.18,-8.00
-34.97,38.57,-16.42
-39.25,76.78,-30.21
-38.27,104.25,-44.49
-33.08,108.95,-58.04
-20.02,94.36,-75.62
-12.15,72.69,-100.59
-8.12,56.21,-130.98
-5.31,47.18,-159.42
-2.44,40.41,-176.82
-0.85,30.21,-176.27
1.34,14.47,-158.39
-0.06,-5.37,-129.52
-3.66,-27.28,-97.05
-6.71,-48.22,-67.69
-9.40,-65.98,-44.07
-10.31,-80.20,-24.78
-11.47,-89.29,-5.74
-15.01,-92.29,15.20
-30.09,-76.66,13.00
-2.69,-44.86,-1.71
13.43,-30.27,6.47
3.23,-25.27,10.19
-3.42,-18.07,5.55
0.06,-11.72,-4.76
-1.40,-9.09,-6.10
-2.50,-5.74,2.56
12.15,-6.41,31.74
17.52,1.04,71.47
13.18,18.49,101.62
8.36,31.98,128.42
1.10,49.74,157.17
-1.77,70.86,184.14
-6.53,92.16,214.48
-6.71,105.22,235.05
0.24,105.29,247.01
4.39,94.85,243.90
10.93,78.19,231.81
13.18,64.03,210.21
10.01,42.60,186.95
8.24,22.09,164.18
3.60,15.81,138.49
5.31,18.13,115.05
1.53,10.99,94.73
2.69,4.58,69.52
4.09,6.53,56.09
-2.44,8.91,40.83
-5.31,11.05,28.99
-4.39,14.71,16.78
-2.44,23.62,13.00
0.31,34.55,9.70
2.20,43.03,-12.15
10.25,44.68,-60.61
18.62,43.82,-117.98
24.60,43.03,-171.26
42.91,40.41,-215.27
43.27,34.36,-247.01
42.79,21.48,-267.15
36.56,1.22,-274.23
29.54,-22.89,-271.00
25.09,-46.94,-259.95
20.39,-67.26,-240.36
7.81,-80.14,-214.78
-7.39,-86.06,-187.44
-19.35,-87.77,-159.18
-29.60,-90.09,-127.99
-35.89,-94.48,-91.67
-41.81,-97.72,-50.72
-45.78,-98.21,-12.27
-51.15,-93.75,16.54
-47.91,-65.92,3.36
0.37,-44.68,10.01
6.16,-35.95,10.99
-9.28,-33.20,6.53
-7.75,-28.14,-1.83
10.38,-23.99,1.77
21.79,-23.93,29.54
19.96,-17.70,65.61
26.79,-5.31,97.05
29.97,14.04,125.49
21.91,31.07,144.59
19.78,40.83,158.08
17.46,46.26,167.72
20.81,54.14,172.97
22.71,62.68,183.41
24.35,67.69,202.15
20.51,70.56,219.12
17.58,66.59,230.10
10.93,62.13,239.14
3.91,66.65,241.76
-2.20,59.45,235.05
-8.42,37.48,218.87
-7.51,22.09,194.82
-8.61,12.02,164.43
-11.05,6.71,137.51
-17.46,-4.46,110.78
-18.55,-13.92,82.52
-19.59,-13.06,65.00
-21.24,-3.91,60.61
-20.26,3.66,57.68
-17.64,6.90,40.04
-11.66,3.72,23.44
-9.09,2.32,15.32
-7.26,2.99,-0.79
-6.53,5.13,-4.94
-3.17,5.19,-7.87
-2.56,5.07,-3.60
-1.53,5.19,3.05
-2.87,5.19,9.77
-1.95,7.81,14.22
-3.85,8.61,17.88
-2.93,9.28,19.71
1.34,12.39,20.32
3.72,14.89,21.24
4.76,15.75,20.94
4.46,14.34,18.37
2.50,11.96,14.28
1.22,10.62,10.19
0.31,9.83,5.37
-2.69,9.58,-0.67
-6.84,10.62,-8.73
-10.74,13.12,-22.34
-13.67,19.96,-41.87
-15.32,31.80,-60.00
-13.67,43.70,-67.87
-15.14,61.04,-65.31
















-,-,-
-2.62,-7.75,4.21
-0.37,-7.51,5.31
-1.89,-8.06,5.62
-3.36,-9.40,4.82
-3.42,-10.01,3.85
-3.30,-9.70,3.60
-2.26,-8.24,3.72
-1.46,-6.29,4.03
-0.79,-4.09,4.15
-0.31,-2.62,3.97
0.61,-1.34,3.48
0.92,-0.18,2.99
1.16,0.67,2.62
1.28,1.40,2.20
1.28,1.22,2.14
1.28,0.49,1.77
0.31,-0.18,1.71
0.06,-0.61,1.65
-0.06,-0.85,1.40
0.12,-0.37,1.59
1.04,0.61,2.26
1.95,1.71,2.62
2.75,2.50,2.93
4.15,3.48,3.42
5.31,4.33,4.15
6.96,5.37,4.94
9.77,6.96,6.41
15.81,9.64,9.09
23.01,11.60,13.73
31.98,4.46,20.32
43.76,-4.94,31.68
57.98,-5.31,40.16
78.37,-10.13,40.89
99.91,-26.31,49.38
112.49,-28.93,58.11
123.66,-32.90,57.31
127.50,-38.94,61.77
126.53,-40.83,60.00
124.69,-35.46,58.53
113.53,-33.51,63.54
98.39,-13.49,56.09
84.11,-5.68,44.01
63.17,-3.11,40.10
38.57,9.52,30.27
17.70,19.04,15.44
2.32,10.44,9.22
-7.57,8.06,5.55
-14.04,-1.71,4.09
-18.49,-7.39,2.81
-22.09,-3.78,1.83
-26.06,7.75,-0.55
-29.66,27.16,-5.43
-32.90,65.31,-17.09
-34.36,92.16,-27.28
-36.01,93.99,-39.86
-29.48,76.97,-58.84
-21.18,45.59,-77.76
-20.94,17.33,-97.78
-20.02,3.85,-117.80
-15.87,1.83,-133.36
-8.97,3.05,-140.08
-1.95,1.89,-137.76
2.69,-5.07,-127.99
4.09,-20.20,-112.37
3.97,-40.77,-93.44
-2.75,-61.28,-71.29
-9.58,-78.19,-46.63
-15.56,-88.01,-22.40
-19.41,-89.42,0.49
-29.36,-80.51,17.15
-30.58,-53.71,4.33
-4.15,-34.30,8.73
0.24,-26.79,10.19
-8.61,-28.02,7.51
-1.89,-21.12,4.09
8.54,-6.65,10.50
6.84,10.56,33.94
11.54,31.13,67.99
13.73,49.99,104.37
13.24,69.15,133.48
6.16,83.80,155.82
1.59,90.33,167.42
2.56,97.41,175.17
3.23,94.18,191.65
-0.37,90.03,202.58
4.27,85.02,207.40
5.55,81.05,211.00
1.04,68.79,212.22
-1.53,59.94,201.05
-2.08,50.96,184.88
-6.04,39.73,169.43
-6.71,25.63,150.76
-4.88,18.55,128.66
-3.91,14.34,105.90
-3.36,16.05,85.94
-5.55,20.26,65.37
-4.15,21.18,56.03
-7.14,21.67,41.50
-3.23,26.92,27.40
-0.06,33.26,23.13
3.91,40.89,15.81
10.93,47.67,-15.50
17.52,46.69,-64.45
28.38,44.43,-116.21
36.74,42.72,-159.00
42.18,41.08,-193.54
45.10,34.00,-216.31
41.32,20.45,-225.10
40.10,4.76,-225.95
47.18,-12.94,-222.23
45.23,-32.41,-215.76
39.61,-50.72,-207.64
25.33,-65.06,-199.10
8.73,-75.13,-191.04
-6.77,-82.15,-182.68
-13.79,-89.29,-168.76
-21.24,-95.21,-145.45
-27.59,-98.94,-114.38
-30.64,-100.95,-82.76
-30.88,-103.03,-51.70
-25.45,-105.90,-19.78
-21.06,-106.32,8.24
-37.29,-88.13,11.47
-9.40,-59.51,1.65
23.62,-42.11,8.91
14.59,-27.53,16.60
-6.35,-25.27,19.41
3.23,-26.25,24.72
11.96,-19.90,40.10
4.82,-7.93,57.19
16.78,1.71,91.00
24.96,18.19,128.85
20.39,37.29,165.77
11.96,51.70,200.99
3.48,66.35,224.98
-1.04,75.13,238.46
-10.86,76.60,239.38
-14.16,79.35,238.34
-13.18,82.58,236.27
-15.20,76.48,231.57
-22.71,63.54,218.99
-24.84,45.65,207.21
-23.07,29.85,199.46
-20.39,19.29,191.53
-15.26,7.39,188.35
-13.37,0.31,183.72
-14.77,-11.60,170.78
-12.88,-14.53,151.06
-12.76,-8.18,124.15
-8.30,-14.40,101.75
-7.57,-23.32,81.30
-5.13,-19.84,54.69
-5.55,-10.13,26.55
-5.13,-1.10,10.74
-5.43,1.46,-2.81
-1.83,5.68,-11.11
-0.73,10.13,-3.72
-1.34,10.80,5.98
0.18,11.54,12.33
-0.61,8.42,17.58
0.24,4.58,21.30
1.22,1.22,23.68
2.87,-0.61,24.54
7.75,1.46,23.86
11.05,3.48,22.34
10.38,3.66,20.26
12.57,7.57,14.53
8.36,10.13,8.85
3.72,11.17,0.98
-0.55,11.54,-7.69
-3.48,10.80,-14.40
-5.49,9.89,-17.21
-6.84,11.17,-17.03
-9.34,11.72,-17.27
-10.50,12.39,-20.14
-10.01,14.16,-24.05
-10.13,16.85,-27.40
-9.46,18.49,-33.39
-6.04,24.48,-36.19
-5.49,36.44,-31.98
















-,-,-
-3.05,-19.59,6.35
-2.75,-18.98,4.39
-1.28,-18.07,3.11
-1.95,-16.91,2.69
-1.65,-15.44,2.75
-1.22,-13.73,2.81
-0.55,-12.08,3.05
0.00,-10.68,3.30
0.98,-9.77,3.30
0.85,-10.01,2.81
0.37,-10.56,1.95
0.18,-10.80,1.83
-0.55,-10.68,2.32
-0.79,-10.25,2.75
-0.49,-8.97,2.99
-0.24,-7.57,3.36
0.24,-6.29,2.93
0.55,-5.43,2.26
0.55,-4.94,1.71
0.31,-4.27,2.01
0.43,-3.42,2.01
0.98,-2.75,2.08
1.28,-1.71,2.01
1.83,-0.92,1.77
2.50,-0.61,1.77
1.53,-0.49,2.14
1.46,-0.73,2.44
1.59,-1.28,2.75
1.16,-2.44,3.36
0.49,-3.60,3.36
0.00,-4.03,3.36
-0.37,-3.91,3.48
0.43,-2.81,3.11
1.95,-0.61,3.60
4.52,2.26,4.88
7.57,5.80,6.29
11.41,7.26,9.58
21.24,-1.04,18.13
34.24,-16.05,30.40
49.13,-31.98,43.27
64.64,-44.62,53.16
81.18,-55.18,64.09
95.46,-55.97,77.27
102.05,-46.45,78.92
115.54,-42.11,72.20
117.37,-39.49,63.66
108.89,-22.46,58.04
96.62,-9.89,52.98
80.14,-0.12,44.49
57.98,2.38,34.30
32.41,9.95,18.80
12.33,16.60,5.86
0.06,11.66,0.43
-4.70,1.83,1.04
-7.32,-8.36,2.69
-11.66,-14.28,2.20
-17.76,-14.71,0.12
-22.83,-8.48,-3.60
-26.73,3.85,-8.12
-32.04,30.64,-16.05
-34.61,58.35,-28.20
-34.48,73.18,-48.95
-26.67,71.78,-77.21
-15.63,56.40,-100.95
-10.86,39.37,-119.20
-2.08,31.49,-133.61
-4.46,30.76,-143.07
-3.48,31.37,-145.26
-1.83,29.66,-141.54
-2.32,24.17,-133.48
-3.17,13.31,-120.67
-6.71,-4.76,-104.61
-11.41,-28.87,-88.75
-16.60,-54.32,-72.81
-25.09,-76.97,-55.48
-31.43,-92.71,-35.64
-38.39,-100.22,-13.24
-32.59,-101.14,10.25
-35.03,-87.59,29.11
-41.44,-57.25,24.54
-16.78,-32.10,17.76
2.38,-20.14,14.22
1.34,-19.10,13.67
1.65,-16.17,17.40
1.34,-10.38,20.51
-0.06,-2.44,23.93
-1.22,7.02,39.79
4.39,17.15,62.99
8.06,32.17,94.12
6.53,48.10,119.14
0.43,64.64,144.17
-9.16,74.34,156.13
-10.07,75.32,166.56
-13.06,72.75,176.45
-8.54,68.91,186.83
-2.20,66.10,197.75
5.62,62.13,215.76
5.62,56.21,231.69
9.40,54.38,242.61
7.32,58.04,246.64
7.32,49.01,238.59
20.08,32.17,223.21
18.74,21.85,206.12
14.22,12.94,179.63
20.69,1.77,153.38
17.33,-6.41,132.14
15.38,-5.98,111.27
11.35,-6.04,85.45
8.30,-4.39,62.74
9.28,-0.49,34.06
11.54,9.64,17.52
9.03,22.03,13.61
9.03,30.94,-3.72
6.47,42.66,-42.54
7.32,55.85,-94.67
17.21,64.33,-148.07
26.43,63.60,-189.94
22.58,63.60,-215.09
23.19,62.81,-226.93
23.13,62.26,-232.60
24.60,59.45,-236.88
33.33,50.84,-242.07
42.05,35.28,-245.61
42.60,15.63,-244.69
39.61,-2.08,-241.70
35.22,-17.46,-233.83
26.55,-33.33,-217.59
11.60,-46.08,-193.97
-2.93,-53.16,-169.43
-17.09,-55.05,-149.41
-33.33,-54.44,-136.41
-49.01,-57.68,-130.43
-61.71,-66.65,-128.72
-67.99,-77.88,-126.89
-68.12,-89.17,-117.25
-65.55,-98.33,-94.91
-66.71,-96.68,-63.54
-67.63,-77.39,-34.91
-65.00,-57.56,-14.40
-57.86,-44.92,-10.19
-1.95,-33.20,4.88
16.36,-15.01,16.42
34.55,-8.67,42.85
42.11,-7.63,76.17
47.61,5.49,114.07
52.86,24.11,148.19
16.30,52.61,163.64
25.70,61.52,174.99
33.02,68.30,188.84
42.85,69.58,202.09
49.19,75.56,227.78
40.47,84.90,256.29
38.15,88.44,288.15
36.68,88.56,312.38
37.29,82.28,326.54
36.25,62.81,320.25
31.62,39.43,290.95
36.93,15.20,264.77
28.38,5.68,247.68
22.16,12.82,233.58
23.56,-6.53,219.79
26.67,-26.12,200.87
24.78,-24.17,181.09
18.01,-24.84,159.67
20.75,-33.39,136.41
17.82,-35.52,109.44
23.93,-34.06,83.44
26.06,-37.05,62.32
22.03,-30.40,48.89
15.38,-23.93,39.86
11.35,-18.92,38.02
8.24,-14.34,37.23
4.94,-11.41,33.20
0.92,-6.29,24.48
0.49,-2.93,18.86
-0.67,-1.59,16.91
-2.08,-1.46,15.81
-1.83,-1.65,13.31
-0.73,-1.10,9.64
-0.37,-1.04,5.80
















-,-,-
-0.43,3.91,-1.34
0.43,2.87,-0.49
1.10,1.04,0.67
1.83,-0.67,1.71
2.75,-1.40,2.50
3.36,-1.40,2.87
3.60,-0.67,3.23
3.54,0.18,3.78
2.56,0.79,4.21
1.71,1.22,4.52
1.59,1.40,4.88
1.59,1.53,5.68
2.08,1.16,6.35
2.62,0.18,6.96
2.32,-1.10,7.75
1.83,-2.14,8.18
1.71,-2.32,8.24
1.46,-1.59,8.06
1.71,-1.04,7.81
2.14,-1.40,7.32
3.05,-2.14,6.16
3.60,-2.14,5.00
3.91,-1.16,4.58
6.35,0.18,6.53
6.53,0.12,11.41
4.21,-6.65,16.30
2.99,-13.85,19.71
-0.37,-17.76,20.32
-2.26,-23.62,21.61
-3.97,-30.33,23.19
-8.12,-32.04,17.33
-9.70,-27.53,5.37
-9.16,-28.02,0.79
-7.93,-29.91,0.73
-8.00,-27.59,0.79
-5.80,-23.93,-0.55
-5.00,-19.96,-1.95
-4.82,-16.48,-2.08
-2.32,-13.00,-1.40
5.74,-11.17,0.00
15.87,-12.27,2.81
25.51,-16.54,6.90
39.86,-36.13,15.81
47.00,-48.52,25.39
56.64,-47.18,25.88
70.13,-46.39,25.15
82.58,-46.81,23.99
96.68,-54.38,31.98
104.74,-44.43,45.96
114.38,-33.51,57.37
124.15,-30.09,62.68
133.36,-29.97,65.55
135.13,-31.49,73.61
126.10,-25.51,78.25
114.07,-21.30,75.62
99.18,-12.15,64.58
82.34,0.73,48.89
67.08,6.35,39.43
56.03,1.59,38.21
44.07,16.48,35.46
34.61,27.34,25.51
24.29,26.73,16.36
14.10,13.73,14.10
5.07,1.46,11.41
-5.31,-5.74,6.35
-16.36,-9.34,1.34
-24.66,-8.67,-2.56
-30.21,-3.66,-4.64
-34.67,4.88,-6.65
-40.10,19.41,-12.88
-45.78,38.64,-32.04
-48.22,46.14,-65.25
-49.87,42.11,-98.63
-51.03,34.06,-128.30
-54.14,25.88,-153.93
-54.63,22.58,-175.78
-54.81,19.65,-189.70
-48.58,10.19,-189.45
-32.78,-4.21,-175.78
-14.53,-23.56,-146.48
-5.13,-42.97,-106.02
-8.30,-56.15,-64.51
-10.93,-63.60,-29.60
-8.79,-69.15,-1.59
-4.76,-73.24,21.91
-11.96,-67.50,35.03
-15.87,-35.10,13.37
8.36,-22.64,9.22
13.49,-22.34,7.51
6.47,-23.50,10.74
6.65,-16.97,16.60
2.44,-9.77,21.73
2.75,-4.64,37.60
0.00,5.80,65.67
-3.11,11.66,91.55
-2.87,32.59,119.81
3.60,48.65,156.13
-2.81,63.60,195.80
-8.00,73.97,229.68
-12.82,87.71,252.14
-9.95,101.38,265.56
-9.70,104.74,273.38
-9.70,99.73,274.84
-3.36,82.89,273.13
0.31,54.63,259.46
-2.50,21.61,234.62
-2.99,13.06,194.09
2.32,11.05,147.83
-0.67,6.16,107.60
-1.40,-1.10,75.74
-0.98,-0.18,51.82
-1.83,-0.67,34.73
-2.32,2.56,22.83
0.24,8.61,8.85
7.69,16.78,0.79
9.52,20.26,-15.87
7.63,18.19,-52.37
7.32,17.88,-98.45
10.19,17.82,-146.36
15.14,22.09,-188.60
29.48,25.63,-214.23
34.30,27.16,-224.37
26.73,25.09,-227.54
30.03,16.05,-228.70
32.17,1.77,-229.25
31.56,-15.44,-228.03
28.75,-34.30,-222.29
29.24,-53.04,-210.02
26.49,-69.34,-191.41
21.48,-81.30,-166.93
16.48,-88.44,-137.94
6.35,-89.90,-106.20
-7.75,-86.00,-74.65
-19.29,-77.51,-47.79
-35.16,-50.35,-42.36
-21.12,-35.46,-34.79
-2.44,-34.12,-20.02
-3.30,-33.14,-3.42
-11.17,-33.51,3.17
-12.51,-34.55,-3.85
-12.51,-36.19,-13.37
-14.95,-37.60,-12.08
-25.09,-37.48,2.14
-23.50,-31.07,34.61
-21.30,-16.97,81.79
-23.99,8.06,127.20
-27.04,35.89,162.60
-25.76,59.81,192.08
-21.55,77.64,214.72
-15.75,87.65,225.89
-8.18,88.68,232.18
0.00,83.98,236.51
1.89,80.63,240.23
0.37,69.76,243.84
-3.17,62.26,241.64
-9.28,47.55,231.69
-12.63,27.77,219.42
-12.02,10.01,199.34
-11.96,-7.75,169.92
-12.27,-17.33,138.73
-9.52,-14.40,112.67
-12.45,-18.37,103.52
-13.92,-22.64,106.69
-11.72,-21.30,102.91
-8.36,-22.89,96.74
-10.68,-26.25,89.60
-12.51,-23.93,75.81
-10.80,-20.57,60.61
-8.06,-21.67,45.96
-2.50,-17.40,38.82
1.89,-8.24,43.40
0.92,-9.83,35.89
5.25,-7.08,26.92
3.91,-5.55,19.65
2.08,-5.86,10.44
3.23,-3.30,5.62
4.58,0.79,3.66
6.77,4.76,2.99
8.79,8.67,1.95
7.51,11.17,0.43
