-,-,-
9.09,-7.14,-1.53
4.27,-8.00,-3.78
0.43,-8.36,-5.00
-1.22,-7.63,-5.25
-0.92,-6.35,-4.70
-1.22,-4.64,-4.09
-1.59,-3.11,-3.42
-1.16,-2.08,-3.05
-1.10,-1.65,-2.69
-1.22,-1.22,-2.50
-1.40,-0.55,-1.95
-0.85,0.43,-0.79
0.61,1.77,0.43
2.56,3.11,1.65
4.39,3.72,2.44
5.62,3.91,3.36
6.41,2.87,4.64
7.14,0.67,5.13
8.18,-4.76,6.29
9.22,-9.89,9.40
7.45,-6.41,8.91
10.31,-3.60,6.84
13.37,-5.92,10.38
11.72,0.37,9.34
20.08,-0.31,10.44
25.57,-3.48,16.05
30.88,-7.75,18.19
39.43,-13.49,18.68
47.97,-14.16,17.46
63.96,-27.40,18.07
78.49,-36.80,22.22
89.05,-40.77,20.63
103.64,-49.26,24.48
107.73,-53.65,26.86
109.68,-56.46,24.41
115.05,-63.78,24.78
120.79,-68.48,28.38
125.31,-65.80,32.23
135.56,-62.68,36.87
139.34,-64.45,39.86
137.45,-58.04,34.24
136.90,-57.37,36.68
131.71,-53.83,36.68
125.24,-47.00,30.76
121.64,-43.76,27.95
111.33,-36.80,24.11
101.01,-28.08,20.75
86.43,-18.62,18.31
73.43,-11.11,14.71
59.69,-5.68,9.64
46.20,0.73,4.76
32.65,2.32,4.27
19.65,8.85,6.47
9.34,16.36,5.19
3.42,6.84,0.98
-3.30,-6.29,-3.91
-13.18,-17.27,-9.16
-25.33,-24.11,-14.95
-37.05,-24.72,-19.10
-46.94,-13.06,-20.45
-55.66,7.57,-18.68
-62.38,32.59,-11.96
-67.50,57.19,-3.54
-69.58,78.92,1.04
-77.33,95.46,-4.33
-86.61,106.81,-19.10
-89.78,112.37,-36.44
-90.52,111.15,-50.54
-91.49,105.16,-58.78
-91.06,94.97,-61.95
-89.11,81.48,-60.85
-84.78,65.80,-56.27
-79.16,47.91,-48.28
-73.61,29.05,-37.17
-66.96,11.23,-23.74
-60.55,-4.33,-9.09
-56.09,-20.45,6.04
-52.98,-38.45,22.64
-47.61,-57.07,39.43
-48.34,-62.01,44.07
-23.13,-33.20,2.20
-22.64,-18.49,-16.42
-11.23,-3.66,-10.50
-5.07,6.16,21.73
-7.26,12.51,60.61
-1.83,24.11,83.80
7.69,33.08,103.39
13.18,38.27,123.84
15.44,33.57,144.59
18.62,29.85,165.71
19.71,27.40,181.03
14.65,20.81,185.18
12.08,4.88,176.21
6.71,-1.65,154.24
5.43,-5.19,133.73
-2.08,-9.46,116.27
-1.28,-15.32,111.51
-3.11,-17.09,99.79
-5.19,-10.44,82.21
-3.72,-10.50,71.23
-5.13,-7.02,59.88
-4.21,-6.23,50.11
-1.65,-1.28,42.42
-4.21,2.87,21.12
0.18,3.66,-2.50
10.62,8.36,-13.18
16.36,13.85,-26.18
14.34,21.73,-56.09
14.77,33.94,-97.96
15.81,45.78,-139.59
15.14,52.98,-173.10
20.75,55.48,-196.53
10.80,52.86,-206.60
1.65,42.30,-205.14
-5.00,24.96,-191.83
-2.50,3.30,-166.87
-2.38,-17.76,-136.17
-2.81,-37.60,-105.16
-1.10,-57.31,-75.68
0.55,-77.03,-49.68
-1.71,-94.79,-28.63
-7.69,-106.38,-12.39
-15.14,-90.82,-9.83
-13.12,-34.79,-15.69
3.72,-8.79,-6.16
13.55,-9.03,3.54
3.36,-19.17,7.45
3.17,-28.20,11.60
8.67,-30.76,26.92
6.53,-22.22,34.73
15.08,-21.06,55.24
17.09,-11.72,88.68
15.14,-3.11,117.68
13.49,-0.31,136.96
13.92,3.11,157.71
14.40,-1.46,165.53
18.37,-1.16,167.24
21.79,-5.86,172.55
12.45,-6.47,174.80
13.37,-5.68,171.81
15.56,-15.38,160.22
10.31,-15.01,139.89
6.29,-13.12,118.16
0.92,-13.31,94.54
1.46,-17.52,80.51
-3.78,-13.24,63.48
0.12,-13.98,59.08
-5.74,-13.31,46.26
-6.53,-13.43,29.66
-3.91,-9.77,18.92
-4.27,-2.38,11.72
0.73,3.05,2.32
4.58,6.04,2.26
6.41,7.51,4.76
5.00,7.26,6.04
3.42,6.35,6.41
2.99,5.31,6.35
2.87,4.21,6.59
2.99,3.42,6.77
3.05,2.99,6.23
3.05,3.11,5.80
3.17,3.54,5.37
2.62,4.03,4.64
0.67,4.33,2.93
-1.53,4.82,1.34
-2.87,5.55,1.16
-3.05,6.84,1.53
-2.69,8.61,1.83
-2.01,10.07,1.83
-1.77,10.80,1.16
-3.17,10.80,-0.24
-4.33,10.38,-2.56
-4.27,9.95,-3.97
-2.81,9.34,-4.03
-3.54,9.64,-3.30
-4.46,11.96,-4.52
-5.19,16.42,-9.28
-6.96,22.77,-14.65
-8.36,28.99,-18.19
-8.00,34.67,-17.46
















-,-,-
2.01,0.49,0.49
2.75,0.61,0.73
3.66,0.85,1.22
3.66,0.98,1.40
4.15,0.55,1.89
4.46,0.55,2.38
4.27,0.31,2.44
3.97,0.06,2.32
3.60,0.06,2.01
3.72,0.00,2.08
3.85,0.00,2.20
3.78,0.06,2.44
4.15,0.18,2.62
4.70,0.55,2.81
4.82,0.55,2.99
4.15,0.24,2.81
3.36,0.31,2.50
2.81,0.43,2.32
2.32,0.43,1.89
2.87,0.67,1.65
3.48,1.04,1.83
5.00,1.46,1.95
5.62,1.65,2.14
5.55,1.77,2.75
6.16,1.95,3.05
7.02,2.20,3.48
8.85,2.87,4.39
12.15,3.60,5.62
15.87,4.46,7.57
21.61,5.13,10.25
29.91,5.98,13.43
43.33,-13.49,17.64
49.62,-21.79,20.26
65.25,-21.79,24.84
78.19,-37.48,28.81
88.38,-39.67,30.27
98.27,-43.03,30.15
110.11,-44.92,34.85
121.64,-49.99,45.96
126.53,-50.78,47.55
135.86,-50.90,45.41
146.12,-53.04,46.08
155.40,-56.82,53.34
156.07,-56.70,53.96
159.42,-59.33,45.41
159.67,-62.87,37.48
156.43,-60.49,32.59
152.28,-58.90,33.87
145.87,-56.95,34.00
137.57,-52.92,33.94
124.88,-48.58,27.16
114.69,-44.31,20.20
102.60,-36.93,15.93
88.99,-30.88,7.57
80.32,-21.73,-3.36
69.46,-18.68,-5.07
56.64,-8.18,-2.87
40.47,2.69,2.20
21.00,11.35,5.43
1.53,13.73,1.53
-16.85,18.25,-1.65
-32.47,10.13,-9.28
-43.03,-2.75,-16.72
-52.19,-8.24,-21.30
-64.51,7.81,-22.89
-74.52,38.94,-19.59
-78.31,63.72,-14.95
-80.75,84.41,-11.60
-83.07,99.91,-16.48
-83.31,110.17,-27.04
-81.18,110.66,-35.83
-86.06,100.95,-40.41
-90.94,87.95,-43.64
-95.15,76.60,-46.94
-97.47,67.87,-48.65
-97.72,60.36,-47.30
-93.99,52.25,-41.20
-87.28,41.38,-29.36
-79.16,26.49,-13.85
-72.02,8.42,1.71
-67.81,-9.40,18.01
-65.19,-26.43,34.36
-65.37,-30.76,22.71
-34.36,-26.49,-18.07
-40.95,2.99,-23.74
-12.08,23.44,-3.54
0.18,18.62,32.29
8.91,21.48,60.36
20.45,15.63,73.12
18.68,20.51,88.01
18.31,28.81,105.41
24.35,27.89,134.34
26.43,34.24,164.73
33.63,36.62,189.70
38.51,33.51,207.09
40.10,32.47,214.11
38.64,27.77,210.51
31.86,16.85,194.64
23.86,6.47,169.43
16.97,-3.36,137.15
15.26,-7.81,103.88
13.24,-1.59,77.58
6.35,0.85,53.16
4.15,-1.22,33.26
2.75,-0.98,31.56
-0.61,3.23,29.11
-3.85,8.79,15.32
-1.34,14.16,-1.16
3.54,22.09,-13.98
8.18,29.30,-35.77
10.68,37.90,-74.95
21.73,39.73,-117.98
19.90,36.74,-151.67
17.88,31.19,-178.04
12.51,25.15,-196.35
7.32,17.52,-207.58
3.23,6.35,-208.07
-0.31,-6.23,-196.35
-1.22,-17.40,-176.33
2.01,-27.47,-151.79
4.52,-38.02,-125.98
2.87,-49.93,-100.83
-2.99,-64.03,-77.88
-12.21,-79.10,-55.91
-20.69,-92.90,-33.02
-25.63,-101.81,-9.77
-30.33,-66.77,-11.84
-12.88,-13.49,-21.42
18.25,-1.89,-6.71
21.61,-7.75,10.93
19.04,-21.91,20.45
26.98,-34.97,27.83
18.86,-40.04,29.97
14.28,-38.57,39.55
18.19,-34.85,52.98
24.11,-30.40,73.36
29.97,-18.07,102.91
39.06,-18.01,134.46
41.87,-15.87,152.40
43.46,-3.17,169.43
47.67,3.66,188.84
44.19,6.41,199.58
44.37,7.14,202.27
39.43,1.77,193.97
31.49,3.48,177.55
23.13,-1.83,158.14
16.17,-6.23,136.29
4.15,-2.75,111.69
-3.72,-9.34,90.27
-0.37,-13.49,78.19
0.73,-7.14,65.06
3.17,-2.32,55.11
3.05,-2.62,43.76
2.26,-2.32,36.19
-1.04,0.85,15.38
1.71,2.32,0.37
1.04,1.65,-3.30
1.16,1.46,-3.11
1.28,2.69,-2.20
1.71,4.33,-0.79
3.23,5.68,1.04
5.43,6.53,2.87
7.14,7.20,4.33
7.81,7.63,5.25
7.63,7.63,5.00
6.84,7.32,3.97
6.59,6.77,2.99
5.80,6.23,2.26
4.64,5.68,1.34
3.48,5.62,0.49
2.75,6.04,0.37
2.44,7.08,0.73
2.20,8.48,1.40
2.26,10.13,1.95
2.62,11.54,2.75
3.05,13.06,3.23
3.23,13.98,3.72
3.17,14.47,4.15
3.36,15.14,4.46
3.42,15.69,4.82
















-,-,-
0.12,-1.95,1.46
0.06,-1.77,1.40
-1.22,-2.20,0.92
-2.14,-2.75,0.06
-1.95,-2.93,0.18
-1.59,-2.87,0.79
-0.43,-2.44,1.16
0.31,-2.32,0.79
0.37,-2.14,0.67
0.61,-1.95,0.92
0.73,-1.40,1.28
0.85,-0.98,1.46
0.61,-0.73,1.28
0.06,-0.73,1.16
0.31,-0.85,1.04
0.43,-0.61,0.79
0.49,-0.31,0.55
0.85,-0.12,0.55
1.04,0.18,0.61
0.61,-0.06,0.31
0.00,-0.49,0.00
0.49,-0.79,0.12
0.43,-1.10,0.55
0.67,-1.16,1.10
1.28,-0.73,1.71
1.22,-0.55,2.20
1.16,0.24,2.81
2.32,1.59,3.66
3.72,2.99,4.33
4.46,4.46,4.82
6.23,6.41,5.86
11.72,9.77,8.48
20.51,13.37,13.37
34.06,11.17,18.19
52.80,-19.96,15.08
60.00,-30.94,8.12
72.94,-35.10,1.28
82.82,-49.93,-5.37
95.52,-62.38,-1.40
101.93,-63.54,-2.26
110.05,-65.49,-5.68
115.23,-68.24,-8.00
118.84,-68.66,-4.46
123.29,-64.82,-1.34
123.11,-56.46,-1.40
127.01,-57.68,0.49
127.75,-54.20,-2.50
131.23,-57.19,-8.12
131.23,-64.21,-11.17
123.11,-63.17,-16.30
117.43,-63.05,-18.13
106.14,-53.71,-26.67
105.83,-52.98,-31.92
99.30,-49.80,-27.22
92.96,-44.80,-23.01
84.78,-36.93,-18.55
74.10,-29.05,-17.03
66.65,-21.36,-17.27
63.84,-21.73,-16.60
62.26,-29.17,-17.03
57.07,-26.49,-11.23
45.04,-32.23,-13.43
35.34,-34.18,-14.28
22.89,-35.95,-8.97
2.08,-19.53,-6.65
-23.07,-11.72,-12.82
-44.56,-16.17,-22.64
-60.42,-11.66,-26.55
-70.19,3.72,-26.31
-79.41,26.18,-25.82
-83.98,50.05,-19.23
-86.55,70.68,-10.68
-90.76,88.01,-11.96
-93.75,99.18,-21.73
-95.34,104.00,-34.85
-98.69,105.16,-44.13
-96.25,101.20,-46.94
-93.69,92.77,-43.52
-88.99,81.91,-35.71
-81.54,69.70,-24.96
-73.79,57.37,-11.90
-66.47,44.74,3.05
-58.11,31.37,20.02
-49.99,15.56,38.88
-43.15,-2.62,60.61
-37.84,-23.19,84.90
-39.18,-25.09,54.63
-35.71,-27.28,-3.54
-20.57,-12.21,-14.28
3.48,1.40,18.68
-0.55,2.62,68.54
11.41,4.33,107.97
27.65,16.11,129.58
36.80,22.52,144.90
39.98,18.86,159.85
37.17,23.93,177.98
34.91,24.35,194.46
31.68,17.64,208.37
28.81,18.25,217.35
28.38,9.03,214.05
27.16,1.28,198.67
23.80,2.62,169.49
19.71,3.78,135.31
14.53,10.93,108.15
8.97,10.01,86.91
1.83,6.90,71.17
-3.91,8.24,51.03
-9.16,5.74,31.01
-8.12,4.27,20.63
-7.93,6.29,12.51
-4.76,7.02,-0.31
-0.79,12.45,-6.23
7.87,21.36,-9.46
11.17,31.80,-19.17
9.95,43.70,-51.27
16.36,46.20,-93.69
19.78,41.87,-134.52
15.14,36.87,-171.33
16.72,31.86,-197.14
5.43,28.14,-211.55
-8.00,24.72,-219.60
-17.15,18.43,-224.98
-22.40,13.00,-226.62
-24.29,7.02,-220.89
-21.73,-0.79,-205.69
-15.08,-13.43,-179.57
-7.81,-35.83,-142.58
-7.45,-62.50,-103.33
-3.66,-78.00,-65.12
-1.28,-94.18,-27.22
-4.70,-108.03,5.25
-19.53,-95.89,15.38
-21.00,-36.13,-6.84
-0.79,-23.68,-15.01
10.93,-14.89,-3.78
0.67,-18.31,12.02
1.34,-31.01,19.90
9.64,-47.79,33.08
5.37,-47.30,55.05
6.10,-43.58,72.69
17.09,-43.40,88.62
30.58,-40.04,117.00
40.53,-32.23,140.14
40.89,-17.76,157.29
45.29,-8.97,169.80
48.95,0.61,186.10
51.57,2.38,193.24
52.92,-0.24,183.59
53.65,-4.21,164.98
50.29,-8.18,144.04
46.26,-7.45,130.86
41.93,-7.81,125.61
30.58,-4.15,116.27
28.93,-1.46,103.27
20.69,-1.71,94.54
5.00,-8.79,95.09
5.07,-11.41,93.87
5.07,-6.65,81.42
2.08,0.12,55.66
9.95,-0.24,40.10
5.92,1.53,24.84
6.47,4.82,2.14
6.84,4.52,-8.54
1.83,1.53,-9.28
-1.40,-1.16,-9.46
-5.49,-1.77,-10.99
-9.09,-1.16,-12.63
-10.13,0.43,-12.27
-11.11,2.99,-10.62
-12.33,7.08,-8.67
-14.40,13.06,-7.39
-16.05,18.55,-8.48
-16.66,22.95,-10.01
-17.21,26.55,-12.82
-16.11,29.17,-15.93
-14.22,33.08,-18.43
-11.23,38.64,-17.58
-8.36,48.65,-9.34
-7.45,51.33,-4.03
-0.98,43.09,-3.17
















-,-,-
4.70,4.94,2.93
5.62,5.07,2.56
4.82,4.52,2.32
4.21,3.60,2.14
3.54,2.14,2.69
3.17,1.16,2.75
3.85,0.37,1.59
2.75,-1.22,0.55
0.67,-2.69,0.00
2.14,-2.93,-0.31
0.67,-3.48,-0.18
1.28,-3.60,0.24
0.73,-4.03,0.49
0.00,-4.03,0.31
-0.55,-3.72,0.24
-0.67,-2.87,0.31
-0.31,-1.83,0.49
-0.12,-0.98,0.49
-0.18,-0.24,0.24
0.12,0.73,0.06
0.55,1.40,0.18
1.16,1.77,0.49
2.20,2.32,0.98
3.05,2.44,1.71
3.23,2.01,2.32
2.81,1.04,1.95
1.95,0.12,1.77
0.98,-0.61,1.22
0.79,-0.85,1.04
0.85,-0.85,1.16
0.98,-0.67,1.59
1.77,-0.49,1.71
2.81,-0.18,1.59
4.03,0.31,1.34
5.62,-0.06,1.53
7.45,-3.42,2.87
8.85,-4.58,2.62
13.49,-6.77,3.78
21.42,-14.59,7.69
26.67,-21.06,10.93
32.96,-22.03,12.33
50.54,-27.34,15.44
69.09,-33.69,20.08
84.66,-36.99,22.22
107.06,-41.99,35.83
127.62,-50.23,51.03
134.52,-58.17,57.37
140.38,-62.81,60.00
142.58,-64.09,55.18
147.71,-66.65,46.75
156.56,-72.39,44.68
162.05,-72.45,47.91
166.99,-68.85,51.51
167.54,-63.72,55.79
161.32,-59.20,53.96
156.01,-55.54,51.09
145.63,-49.38,45.90
138.49,-45.90,39.79
134.16,-38.45,34.18
127.62,-34.18,29.42
115.36,-26.61,18.92
100.46,-21.91,10.80
82.03,-19.71,2.20
60.36,-15.63,-0.55
39.00,-12.82,-3.30
20.94,-7.20,-0.61
4.15,-5.19,-1.40
-13.98,-4.52,-5.25
-33.87,-12.82,-13.12
-54.93,-21.18,-22.89
-75.87,-13.61,-32.41
-91.61,2.87,-35.16
-107.60,30.46,-37.35
-117.98,65.49,-41.44
-118.77,97.66,-44.01
-119.87,127.08,-47.18
-118.29,148.80,-50.84
-113.46,156.56,-53.47
-109.19,149.23,-54.69
-106.51,130.74,-55.54
-101.01,104.61,-56.03
-92.59,71.41,-52.67
-82.95,34.30,-44.49
-72.20,-2.26,-31.62
-62.87,-36.13,-14.77
-55.97,-65.12,3.97
-47.12,-89.48,23.62
-31.43,-104.92,41.20
-22.58,-78.25,35.64
16.42,-21.91,6.04
13.98,4.27,-4.88
23.07,15.38,-3.78
1.65,11.11,26.12
-0.49,1.83,71.23
3.72,-5.07,103.64
2.93,10.25,120.12
15.32,20.63,142.82
21.06,24.23,174.13
20.02,23.86,198.06
22.03,6.59,220.09
17.82,0.92,221.01
22.16,2.32,201.54
27.28,-6.41,175.90
27.28,-8.97,145.51
27.71,-4.94,111.69
27.53,-9.52,88.75
23.07,-11.60,72.14
18.92,-11.05,55.97
13.37,-12.33,47.73
7.51,-9.34,37.48
3.30,-5.19,21.61
1.28,-0.61,1.16
2.75,7.45,-9.64
3.23,14.95,-17.21
4.09,25.45,-41.02
6.77,36.87,-78.06
5.74,46.81,-116.27
5.74,47.55,-150.88
7.87,45.96,-178.47
10.50,42.42,-194.70
11.29,34.91,-201.11
8.06,28.02,-198.97
12.63,20.94,-187.93
19.47,12.63,-170.72
27.83,1.28,-151.92
29.17,-14.65,-131.65
21.12,-34.97,-109.68
5.00,-55.48,-85.75
-6.59,-71.84,-61.58
-13.31,-81.60,-39.18
-18.37,-87.40,-17.64
-23.13,-76.42,-1.53
-15.63,-32.90,-1.10
-5.43,-5.43,-3.36
2.62,-1.04,-3.60
2.44,-6.59,4.21
5.43,-14.71,2.38
-0.49,-17.21,-2.14
0.31,-15.81,18.25
10.25,-13.73,58.72
16.36,-1.71,95.46
26.43,6.84,123.60
32.53,10.44,150.57
31.86,6.65,174.99
30.58,0.24,192.87
29.36,-0.43,206.67
28.20,1.71,207.82
27.04,7.57,199.04
25.82,2.14,187.62
21.73,1.71,174.19
18.62,-3.60,154.97
15.56,-8.85,131.59
13.55,-17.58,103.39
14.10,-22.09,77.58
12.94,-16.30,55.60
10.07,-8.91,34.00
8.24,-11.78,26.55
4.52,-14.53,30.76
2.14,-10.50,19.90
1.89,-7.20,11.41
0.79,-3.85,4.33
2.69,-0.85,0.24
2.69,1.65,0.55
3.23,4.58,0.31
2.75,7.14,-0.12
1.59,8.85,-0.49
0.73,10.07,-0.85
0.43,10.25,-1.04
0.18,9.58,-1.22
0.06,8.79,-1.22
0.06,7.63,-0.98
0.67,6.47,-1.34
0.85,5.62,-1.89
0.79,4.82,-1.71
1.46,4.52,-1.40
2.38,4.46,-0.61
2.75,4.27,0.49
2.56,4.33,1.28
1.83,4.15,1.65
1.59,4.64,1.65
















-,-,-
-0.31,-9.09,-1.04
0.06,-8.85,-0.67
0.55,-8.36,-0.43
0.06,-8.24,-0.67
0.31,-8.36,-0.98
0.18,-8.30,-1.04
0.31,-8.06,-0.92
0.67,-7.57,-0.61
0.55,-7.14,-0.24
0.06,-6.84,-0.24
-0.24,-6.16,-0.73
-0.06,-5.13,-0.92
0.37,-4.03,-0.61
0.85,-2.56,0.24
2.93,-1.04,1.34
4.39,0.06,2.69
5.92,1.53,3.60
7.32,2.75,4.27
8.24,3.42,4.88
8.18,3.72,4.88
8.18,4.03,4.82
8.73,4.46,5.07
8.12,4.15,5.00
6.59,3.17,3.85
5.31,1.89,2.62
4.46,0.79,2.20
3.97,0.55,2.38
3.78,0.31,2.38
4.33,0.37,2.20
3.97,0.06,2.01
2.69,-0.92,1.28
1.53,-1.95,0.31
0.98,-2.69,-0.18
0.73,-3.17,-0.12
0.98,-3.30,0.12
1.40,-3.17,-0.12
1.65,-2.38,-0.06
2.08,-1.46,0.31
3.30,0.00,0.79
4.94,1.65,1.59
6.71,3.85,2.50
9.40,6.77,3.17
13.79,10.13,4.52
20.57,13.67,6.77
33.39,2.99,10.74
47.00,-19.47,14.59
61.16,-25.45,18.62
78.86,-30.88,25.39
96.07,-42.36,30.21
108.09,-49.32,29.11
117.98,-47.61,28.02
125.31,-53.83,33.87
125.49,-52.49,28.93
132.20,-49.68,30.82
137.57,-52.73,29.30
146.48,-57.07,37.78
148.50,-55.36,48.77
153.99,-48.95,46.51
160.03,-51.09,45.23
159.18,-52.67,43.88
157.59,-51.21,36.93
154.36,-52.61,28.75
141.78,-50.96,31.56
123.47,-42.48,26.12
110.96,-35.77,20.26
98.57,-35.34,14.22
88.50,-29.85,0.37
81.67,-27.04,0.31
64.39,-22.22,8.73
49.13,-5.86,6.16
28.50,0.24,3.48
11.47,1.77,0.31
-3.91,7.32,-1.16
-21.06,5.86,-2.14
-36.07,-6.41,-8.61
-50.96,-13.98,-15.26
-66.10,-8.24,-24.48
-81.73,6.96,-33.26
-94.06,27.89,-39.25
-101.99,52.61,-39.67
-109.13,77.76,-36.56
-114.81,100.65,-34.00
-116.21,118.29,-33.33
-114.62,127.20,-34.30
-111.02,125.49,-35.28
-106.51,113.71,-36.01
-99.49,94.73,-35.89
-90.03,68.30,-33.08
-81.05,35.95,-26.12
-76.42,4.27,-16.48
-73.30,-22.03,-5.25
-67.63,-41.56,4.70
-49.07,-37.84,-6.23
-35.64,-24.72,-11.11
-18.37,-0.12,-7.87
-2.01,19.96,2.99
4.64,23.56,19.23
3.36,28.08,30.88
2.75,26.67,40.59
-0.37,30.64,60.18
-1.40,25.88,91.86
-6.16,18.07,128.11
-10.86,12.94,160.89
-8.79,12.76,188.23
-4.03,15.93,201.60
6.90,20.81,213.07
10.44,13.43,219.06
10.56,8.85,216.80
11.90,3.60,206.48
5.92,-9.83,184.33
2.14,-14.89,144.47
4.82,-7.81,107.91
7.69,-12.51,84.47
4.64,-11.41,72.14
-1.04,-5.68,61.04
-2.69,-3.11,52.61
0.61,3.60,40.34
6.65,8.73,30.76
6.96,5.92,14.95
18.49,10.44,-0.79
19.90,19.65,-25.76
18.25,34.00,-70.98
19.71,44.74,-120.06
23.32,52.55,-165.47
25.76,56.76,-200.81
19.17,55.79,-222.66
19.71,48.40,-232.73
17.03,35.95,-230.83
5.98,21.85,-219.97
-0.92,6.35,-205.38
-0.12,-11.41,-189.21
3.97,-32.96,-170.47
10.93,-56.21,-148.01
16.36,-79.90,-120.61
15.99,-101.75,-87.16
13.55,-119.02,-48.95
2.50,-105.16,-20.32
-6.35,-31.01,-15.32
19.84,-8.85,-11.84
34.36,4.33,0.37
32.29,-11.35,22.77
28.87,-27.40,38.33
27.65,-40.34,42.72
20.39,-41.93,57.62
25.70,-42.36,93.38
24.78,-39.06,132.87
27.04,-39.43,169.07
27.40,-25.82,194.27
35.10,-15.50,211.91
36.74,-8.91,220.89
33.33,-4.03,217.04
31.13,-4.27,204.53
24.05,-2.99,182.80
19.90,-9.28,161.87
16.48,-14.04,145.69
13.55,-9.52,130.07
12.57,-15.26,118.77
8.24,-19.65,109.19
3.91,-16.36,94.36
2.99,-14.34,78.12
0.73,-17.70,64.64
0.18,-16.78,51.51
0.43,-11.54,41.20
3.11,-7.57,38.39
1.40,-9.28,33.87
0.06,-5.80,17.58
2.62,1.04,4.76
5.19,4.15,1.77
6.04,5.00,3.05
5.25,4.82,3.72
4.64,4.52,3.11
3.91,3.48,2.26
2.14,2.20,0.92
-0.98,0.55,0.55
-1.22,0.31,-0.31
-0.61,1.34,-1.65
-0.12,2.87,-2.87
0.12,3.36,-2.20
-0.06,4.21,-1.53
-0.79,5.13,-1.83
















-,-,-
0.67,-1.89,0.73
0.43,-2.20,0.12
0.37,-2.32,-0.24
0.73,-2.32,-0.12
1.34,-2.44,0.00
0.92,-2.69,-0.31
0.43,-3.17,-0.55
0.67,-3.60,-0.67
1.16,-3.85,-0.55
1.16,-3.60,0.37
1.46,-3.42,1.16
1.59,-3.60,1.22
1.83,-3.72,1.04
2.08,-4.15,1.16
1.46,-4.70,1.46
1.28,-5.37,1.71
1.53,-5.80,1.77
1.16,-6.35,1.34
0.55,-7.32,0.37
-0.24,-8.00,-0.73
-0.49,-8.12,-1.22
-0.24,-7.63,-1.04
0.18,-6.59,-0.85
0.67,-5.37,-0.55
1.28,-4.15,0.06
2.32,-2.44,1.22
3.66,-0.73,2.50
5.68,0.98,4.39
10.19,3.72,6.29
16.30,7.08,9.28
25.15,9.46,14.28
35.52,8.73,19.96
45.17,4.33,24.17
54.20,-17.76,25.02
55.85,-20.08,19.23
67.63,-18.68,16.66
74.83,-31.80,13.18
80.51,-34.00,13.61
87.83,-34.85,13.12
91.25,-34.18,15.38
94.73,-35.10,9.22
104.55,-39.55,6.29
111.51,-40.95,8.79
120.42,-45.29,11.66
128.05,-44.98,10.56
134.52,-43.70,5.07
141.66,-39.12,5.55
146.30,-46.33,4.88
150.51,-48.03,5.86
151.31,-46.14,5.62
151.25,-47.36,0.61
146.85,-49.26,-10.13
141.78,-48.89,-19.47
133.12,-45.29,-29.97
126.28,-46.75,-40.41
119.81,-45.35,-27.53
107.06,-38.39,-9.28
92.29,-30.15,-14.40
79.90,-24.60,-17.88
65.55,-17.88,-22.83
53.53,-12.27,-17.21
40.89,-12.94,-7.32
30.21,-6.84,0.67
18.31,3.36,3.54
6.90,4.64,0.24
-3.85,-0.12,-2.93
-14.10,-11.11,-8.18
-23.74,-23.32,-14.40
-33.08,-32.29,-19.23
-44.25,-37.29,-23.07
-55.91,-33.45,-26.79
-67.69,-16.91,-27.65
-77.64,1.71,-26.86
-83.80,23.56,-21.73
-90.21,48.10,-18.37
-94.12,71.41,-21.12
-96.13,89.05,-28.14
-96.98,99.55,-35.83
-94.24,101.20,-40.59
-90.58,94.42,-41.75
-88.07,83.80,-40.04
-86.12,71.90,-36.62
-85.63,59.57,-32.29
-84.35,47.67,-27.47
-80.63,36.13,-21.12
-74.40,24.48,-11.47
-64.27,11.84,1.77
-52.19,-1.65,19.23
-40.77,-14.71,39.37
-31.31,-27.71,60.55
-31.13,-35.34,67.75
-28.08,-25.57,18.68
-29.36,-14.77,-8.18
4.58,3.91,-7.20
12.08,6.96,20.14
11.29,4.70,65.67
11.84,11.66,104.19
19.41,21.06,125.43
23.44,21.42,140.81
21.97,23.62,153.93
24.78,17.94,171.45
21.91,12.63,179.50
26.00,8.36,182.68
25.21,-0.06,173.34
26.31,-4.33,159.24
25.21,-10.93,148.74
22.09,-6.71,133.30
22.77,-1.40,119.45
15.08,-3.23,107.85
8.12,-5.37,95.34
4.21,-5.49,83.86
1.77,1.77,74.77
-3.23,5.37,58.04
-2.87,4.82,47.85
-4.64,6.77,40.34
-6.29,7.87,31.01
-7.63,14.40,17.58
-4.70,19.35,-0.37
4.70,23.25,-11.41
5.31,27.95,-35.83
8.48,34.36,-74.28
11.84,35.77,-116.58
12.57,37.60,-155.46
12.70,36.68,-187.44
14.95,32.47,-208.13
5.74,27.10,-217.65
-2.56,23.56,-218.02
-5.00,20.75,-209.35
-4.58,16.54,-193.42
-3.48,10.31,-173.83
-1.53,1.28,-154.66
3.66,-11.47,-136.84
4.21,-30.70,-117.80
-0.43,-54.14,-96.62
-5.80,-76.48,-75.81
-4.58,-88.44,-52.37
-5.80,-99.73,-25.88
-10.62,-103.88,-1.89
-19.41,-62.38,-1.16
-14.16,-23.50,-5.62
24.11,-7.51,-2.81
34.00,-5.80,9.70
22.16,-14.47,18.62
23.25,-24.96,23.19
32.35,-40.41,36.99
32.35,-45.84,60.18
33.69,-44.74,92.29
35.71,-34.36,124.08
41.32,-26.79,153.87
47.85,-17.09,185.06
55.42,-11.29,207.15
59.94,-8.12,224.91
59.51,-0.73,234.56
61.16,4.27,237.30
56.52,6.41,230.96
51.45,14.10,212.89
46.57,16.91,189.09
40.22,16.91,162.29
31.62,17.94,133.12
28.38,8.67,113.53
20.63,2.99,90.88
18.37,0.92,73.30
13.43,-5.19,62.01
10.38,-11.72,51.33
7.08,-10.56,39.92
3.30,-2.01,16.42
3.97,4.52,1.59
3.48,6.04,0.73
3.54,5.98,0.85
3.11,5.62,-1.34
1.04,4.27,-1.22
0.12,2.14,0.24
-1.77,0.18,2.44
-1.83,-1.40,4.27
-0.18,-2.44,4.27
0.43,-3.23,3.11
1.16,-3.91,2.20
1.65,-3.85,1.65
1.95,-3.05,0.98
2.14,-1.59,0.06
















-,-,-
-0.24,-13.12,8.61
0.98,-12.51,6.29
1.89,-10.68,6.35
2.81,-8.30,8.12
3.17,-5.74,10.01
3.72,-2.81,10.99
3.17,-0.43,11.29
3.05,1.22,10.31
3.23,2.56,8.42
3.66,2.81,6.04
3.36,2.32,3.66
3.60,1.65,1.53
4.39,0.79,0.43
5.80,0.67,0.18
7.26,0.98,1.10
8.79,1.53,2.50
10.19,2.32,3.97
11.72,3.42,4.70
12.45,4.27,4.58
12.33,5.37,3.05
12.27,6.84,0.61
11.90,8.67,-1.77
11.11,10.80,-3.11
11.05,12.45,-3.11
12.82,14.22,-2.26
12.88,17.03,-1.40
12.21,19.47,-1.28
12.15,21.30,-0.85
12.21,22.64,0.24
12.39,23.68,1.53
13.37,23.99,3.11
14.83,24.05,4.03
16.05,23.56,4.82
16.72,22.52,5.00
17.15,21.24,4.82
17.03,20.39,4.09
13.67,21.55,2.08
11.23,24.11,-1.34
9.58,27.53,-4.76
9.40,31.19,-7.87
10.01,34.00,-9.28
10.86,34.61,-8.06
11.96,33.57,-5.31
13.49,30.46,-2.75
15.08,25.94,0.18
16.78,21.06,1.95
16.66,16.05,2.93
15.01,11.29,3.11
12.76,7.02,3.17
9.89,3.17,3.78
6.65,-0.18,4.58
3.30,-3.05,5.13
-0.12,-5.55,5.68
-3.66,-8.24,6.23
-9.40,-11.23,7.08
-18.68,-14.22,7.93
-30.03,-18.01,7.81
-43.15,-22.09,5.25
-56.34,-24.72,0.12
-67.57,-26.73,-6.23
-78.61,-25.82,-13.06
-87.89,-20.14,-19.17
-98.27,-11.41,-24.48
-109.68,-3.78,-31.19
-126.22,3.78,-41.14
-146.00,9.46,-53.22
-156.07,8.18,-64.76
-163.02,0.24,-72.27
-165.28,-10.01,-73.12
-156.13,-24.60,-65.92
-154.17,-37.29,-51.03
-148.80,-44.31,-29.24
-139.59,-45.65,-3.60
-129.52,-45.04,24.23
-105.71,-48.71,57.50
-77.76,-56.82,93.81
-56.88,-65.67,120.12
-50.35,-77.39,128.48
-52.19,-90.64,113.95
-58.17,-72.08,52.73
-58.17,-14.95,-31.80
-15.38,2.75,-53.65
20.45,5.55,-39.61
38.94,3.30,-0.98
49.56,4.46,28.56
53.89,14.04,31.68
57.01,20.87,20.39
53.89,21.67,6.47
46.45,20.94,-3.36
37.66,19.96,-7.63
29.91,23.32,-10.99
22.03,32.29,-16.30
14.47,43.70,-23.62
10.44,52.55,-30.46
7.14,56.15,-34.18
5.55,51.76,-33.94
3.91,41.81,-30.76
1.46,31.01,-26.00
-1.65,21.73,-21.18
-4.58,13.43,-16.91
-5.25,5.49,-12.76
-6.23,-1.40,-8.73
-4.21,-5.37,-5.13
-2.14,-4.94,-2.26
-2.26,-2.56,2.50
-1.04,-1.40,7.81
-0.92,0.61,12.08
-7.02,5.68,14.95
-14.71,10.80,14.40
-22.83,13.92,10.62
-30.58,13.98,6.04
-36.38,11.11,2.08
-38.70,4.46,0.00
-36.99,-4.03,-0.24
-35.10,-11.11,-0.43
-35.58,-15.32,-1.65
-37.90,-17.58,-4.21
-41.75,-18.49,-6.84
-44.43,-19.04,-7.87
-44.80,-19.35,-6.41
-43.09,-20.81,-3.17
-40.10,-24.96,3.78
-33.14,-37.35,16.05
-27.34,-58.78,33.08
-25.88,-83.19,51.45
-33.45,-98.45,59.51
-57.37,-56.34,-2.32
-30.46,-28.26,-33.08
3.36,-21.18,-32.71
23.86,-37.11,-4.94
37.54,-63.54,28.14
59.63,-86.24,52.12
81.42,-105.90,69.89
102.54,-118.71,77.03
132.08,-121.58,82.40
169.31,-125.73,94.73
195.92,-124.51,107.06
214.60,-120.18,116.09
223.75,-101.07,116.39
219.24,-77.03,98.33
214.36,-76.17,73.97
200.50,-81.97,48.65
176.51,-72.33,29.36
147.28,-63.05,17.58
121.52,-53.96,5.68
100.22,-49.26,6.16
72.08,-31.19,11.17
41.87,-10.74,14.34
11.90,-3.97,12.15
-18.25,5.55,0.31
-39.55,2.81,-12.27
-58.53,17.88,-17.40
-71.96,57.19,-22.09
-81.42,93.99,-28.93
-95.89,125.00,-35.34
-106.99,143.25,-46.26
-117.43,141.48,-64.58
-124.15,119.75,-87.59
-130.86,82.82,-107.12
-132.39,42.11,-117.61
-124.21,7.57,-115.23
-109.86,-18.19,-95.21
-93.02,-35.34,-57.01
-79.04,-44.31,-13.43
-72.81,-37.78,-6.96
-55.36,-17.64,-12.88
-34.00,7.63,18.80
2.62,35.28,107.36
22.64,55.91,201.97
36.74,88.50,273.25
54.20,105.77,323.24
55.66,106.63,349.79
57.86,96.44,346.19
51.39,90.39,314.64
36.07,67.99,253.42
26.98,54.50,177.06
28.20,52.06,102.17
29.36,44.92,54.26
26.79,35.52,27.65
28.32,24.54,-3.78
















-,-,-
-9.40,9.58,-2.69
-5.62,6.23,0.24
-1.89,2.26,4.09
1.65,-1.89,7.32
5.13,-6.10,9.83
7.08,-9.28,11.41
6.47,-10.50,12.02
3.48,-9.64,10.80
1.10,-7.20,7.32
0.55,-5.86,5.13
-0.06,-5.43,4.94
-0.37,-6.04,5.80
-0.73,-6.47,6.29
-0.67,-7.32,6.35
0.06,-8.61,5.43
-0.49,-10.13,4.58
-1.65,-11.11,3.54
-2.81,-11.11,2.87
-3.66,-10.99,3.23
-4.58,-10.99,3.48
-4.82,-10.86,3.48
-5.25,-10.19,3.78
-5.86,-9.83,3.30
-5.74,-9.64,2.44
-5.92,-9.52,1.77
-6.53,-9.16,1.40
-6.84,-8.97,0.37
-5.25,-9.16,-1.59
-3.66,-9.46,-1.95
-3.85,-9.77,-0.67
-4.94,-10.93,1.65
-6.16,-12.39,3.48
-5.98,-12.57,2.75
-2.14,-13.85,2.81
4.21,-16.54,4.46
9.58,-23.68,8.00
18.68,-34.00,14.34
27.47,-42.18,20.57
36.99,-41.69,24.72
53.10,-44.31,24.78
73.61,-56.03,22.83
99.79,-64.70,28.20
127.81,-71.96,41.44
152.71,-74.34,53.10
181.15,-88.99,67.87
196.17,-95.83,56.95
221.37,-97.11,40.95
237.18,-104.37,41.32
242.43,-104.74,44.74
240.36,-106.02,50.48
232.18,-101.20,51.94
214.48,-92.83,48.58
188.66,-79.47,38.76
157.53,-59.88,32.65
127.87,-39.31,25.88
103.52,-14.83,18.98
85.08,-3.11,19.41
68.97,13.49,18.92
50.72,21.30,19.71
30.09,17.64,16.11
10.62,10.44,9.34
-8.54,11.17,6.10
-28.26,-6.41,-2.50
-46.94,-16.36,-13.31
-64.70,-5.07,-24.29
-83.13,18.92,-28.26
-99.85,45.47,-27.16
-115.78,69.64,-31.13
-130.62,87.04,-40.28
-139.16,96.01,-52.80
-143.37,95.46,-65.86
-148.74,88.50,-76.29
-151.92,79.04,-83.56
-150.15,69.09,-87.04
-145.32,58.65,-83.31
-133.18,49.44,-69.64
-112.00,39.61,-44.49
-90.03,27.95,-11.11
-70.92,13.37,25.70
-56.40,-4.03,57.31
-61.77,-5.07,25.15
-64.15,-4.03,-12.51
-39.06,0.67,-19.71
-19.90,15.38,0.06
-19.23,27.59,34.18
-10.38,35.71,81.67
2.69,48.65,126.34
10.19,63.35,163.64
20.26,59.69,199.95
20.51,52.86,233.34
13.18,42.54,250.06
9.03,33.45,244.14
8.24,28.99,218.38
13.67,21.12,181.82
14.83,12.88,143.43
11.11,11.17,110.23
8.18,8.54,82.89
6.04,6.23,71.41
2.87,7.20,62.62
1.89,5.25,55.05
1.89,7.81,43.09
5.07,11.23,23.19
12.33,16.72,-5.13
19.35,15.08,-39.18
25.21,17.88,-87.83
33.81,21.55,-139.04
43.40,22.34,-182.80
49.68,21.97,-214.78
56.58,19.59,-233.95
57.13,13.24,-237.49
38.45,5.25,-228.21
15.26,-4.09,-210.94
-2.69,-14.34,-191.65
-10.01,-26.55,-171.02
-8.85,-43.15,-147.46
-10.44,-65.92,-119.81
-11.29,-91.13,-85.82
-16.72,-112.73,-46.57
-17.88,-124.94,-8.85
-16.05,-129.64,25.27
-29.85,-104.86,26.86
-36.19,-51.76,-2.62
-14.22,-39.43,-13.31
2.20,-39.86,-9.70
-8.12,-47.79,1.04
-3.85,-54.32,14.71
4.76,-49.99,33.69
6.23,-34.79,49.07
12.27,-26.25,71.53
23.86,-21.85,110.60
28.69,-21.48,140.81
29.97,-7.93,159.06
39.79,2.26,177.61
40.16,2.44,190.37
40.10,1.34,188.42
37.78,7.08,178.10
38.57,7.45,172.24
32.71,-1.40,174.19
22.22,6.41,173.40
22.46,6.47,171.33
20.08,14.59,160.34
19.04,4.82,137.82
16.97,-0.12,113.40
12.94,0.98,87.40
9.77,0.00,69.27
7.14,-5.25,63.96
4.76,-8.24,62.32
-0.55,-7.45,52.00
-0.73,-4.58,28.14
-1.65,-9.52,25.51
-4.46,-10.56,28.63
-2.87,-9.70,23.38
7.75,-5.55,11.35
13.67,-3.05,6.47
14.71,-1.40,4.70
11.60,-0.31,3.85
6.65,0.31,1.22
3.30,1.77,-2.20
1.28,4.21,-3.91
-0.61,6.65,-4.64
-1.77,9.77,-5.49
-3.78,12.63,-5.92
-6.16,16.72,-6.84
-7.93,22.03,-7.87
-9.52,28.50,-9.70
-10.13,32.23,-12.39
-11.23,36.32,-18.74
-12.15,42.24,-31.62
-11.41,46.69,-45.65
-10.19,49.13,-54.75
-10.01,51.45,-54.75
-11.23,55.30,-48.95
-10.93,61.16,-41.56
-9.16,67.44,-36.99
-6.71,73.79,-36.56
-3.23,80.02,-39.92
0.43,84.84,-45.35
2.32,87.71,-52.06
1.46,87.95,-57.68
-0.31,86.00,-61.10
















-,-,-
4.33,3.72,4.33
3.78,2.99,4.33
2.50,1.40,3.54
1.46,-0.18,2.81
0.92,-1.22,2.87
1.16,-1.46,3.36
1.65,-1.40,3.17
2.01,-0.85,3.05
2.20,-0.12,2.81
1.65,0.61,2.69
0.06,0.85,2.20
-0.55,0.79,1.65
0.06,1.10,1.34
0.55,1.34,1.34
1.10,1.53,1.59
1.53,1.40,1.83
1.65,1.04,1.77
0.98,0.31,1.34
0.85,-0.49,1.10
0.79,-0.67,1.22
1.16,-0.43,1.40
1.59,-0.06,1.83
1.71,0.43,2.38
2.38,1.10,2.75
3.05,2.08,3.11
3.91,3.36,4.09
4.64,4.70,4.70
5.92,6.53,5.31
9.52,10.31,6.65
17.40,15.81,10.56
28.20,19.10,17.03
45.90,6.47,24.35
62.68,-7.02,27.95
82.21,-25.09,28.69
95.46,-35.89,27.77
107.91,-45.78,23.56
119.93,-59.94,22.46
123.66,-61.04,20.81
127.99,-58.35,19.78
134.89,-52.92,20.69
141.91,-52.43,30.76
146.06,-51.70,38.02
154.05,-49.74,31.62
163.09,-50.29,30.15
167.91,-57.01,21.61
174.44,-62.81,13.85
172.91,-71.35,8.61
156.07,-72.08,2.08
133.48,-63.96,-3.23
112.98,-52.92,-5.43
97.60,-47.67,-1.22
86.24,-36.80,3.97
78.25,-29.05,1.95
66.65,-21.55,-3.78
55.91,-15.93,-9.16
48.83,-16.48,-8.12
37.41,-15.08,-1.10
29.24,-0.31,4.88
19.41,-8.79,0.18
11.41,-4.58,-1.65
0.18,0.31,1.59
-7.51,-5.68,-1.22
-18.07,-15.26,-5.80
-35.10,-19.53,-13.98
-57.25,-15.75,-23.68
-77.03,-6.10,-31.80
-95.64,16.48,-33.20
-109.19,37.96,-39.98
-119.26,61.58,-53.83
-126.16,88.99,-70.31
-130.68,114.14,-82.58
-128.85,130.49,-89.05
-125.12,136.11,-90.27
-119.57,131.90,-86.36
-110.60,119.57,-77.03
-96.37,100.65,-63.48
-90.82,77.33,-46.39
-78.67,50.66,-25.82
-60.55,25.63,-4.82
-44.86,2.44,16.54
-35.34,-17.46,40.22
-28.81,-33.81,63.60
-22.34,-46.75,87.10
-21.36,-52.25,100.34
-33.14,-21.12,41.08
-55.91,-1.89,-2.93
-1.04,16.72,-19.41
6.84,16.05,12.70
1.71,-5.92,84.59
-6.35,3.60,128.78
2.56,26.43,141.17
10.74,47.06,142.58
15.50,60.49,159.79
10.99,56.64,180.11
5.74,42.18,194.70
5.86,35.83,201.05
7.57,24.54,196.66
7.63,23.32,177.31
10.86,17.82,155.21
9.89,11.66,134.83
4.88,9.28,110.96
1.04,14.34,79.71
1.83,12.02,65.55
-3.72,10.25,60.73
-4.09,10.19,56.58
-6.84,14.65,56.46
-6.41,18.86,48.83
-4.88,18.68,39.25
-2.26,21.73,22.16
4.82,23.07,3.72
11.78,21.48,-12.57
17.70,20.94,-39.49
23.32,22.71,-72.63
28.32,27.77,-108.83
31.25,32.29,-147.46
37.35,30.94,-185.36
38.45,25.63,-214.78
26.31,20.14,-233.34
19.78,14.77,-240.78
22.77,8.67,-235.11
18.98,2.75,-223.08
17.52,-5.31,-205.32
9.58,-17.94,-180.42
-3.48,-33.20,-152.77
-13.85,-50.72,-127.69
-21.06,-65.80,-104.00
-23.86,-80.08,-78.67
-22.22,-93.38,-50.11
-18.62,-103.58,-20.08
-10.74,-111.45,8.42
-1.40,-116.58,36.32
-1.34,-105.77,47.12
-19.29,-39.49,9.52
-5.25,-11.11,-8.30
24.11,-6.71,-3.48
31.49,-28.69,38.70
34.55,-51.21,86.85
29.85,-48.65,105.53
27.65,-39.12,117.49
37.48,-24.11,140.20
44.07,-3.85,164.79
44.86,15.01,184.88
50.17,20.08,199.58
49.56,27.65,206.30
51.45,18.13,200.62
49.13,19.47,182.98
51.57,24.66,174.80
46.14,21.85,161.80
41.50,14.10,151.06
35.89,15.93,137.70
31.86,12.88,130.25
26.37,7.81,121.64
17.09,-0.49,115.11
5.62,-5.86,108.03
9.58,-10.01,92.16
9.34,-7.08,73.12
7.63,-12.02,59.27
5.37,-11.47,50.11
4.27,-11.23,38.09
7.87,-12.88,25.82
8.61,-14.47,17.82
9.16,-15.38,13.73
10.93,-14.47,13.06
11.78,-13.31,12.08
11.29,-11.66,9.89
10.31,-9.64,7.93
8.36,-7.81,6.23
5.74,-6.35,4.64
3.60,-4.94,3.36
2.75,-3.17,2.08
2.75,-1.10,0.92
2.56,1.10,0.00
3.30,3.17,-1.10
4.33,4.70,-1.77
3.72,5.00,-1.77
3.17,5.07,-2.32
3.30,4.64,-2.75
2.75,4.33,-2.81
1.59,3.78,-2.50
1.40,3.36,-2.01
















-,-,-
-2.44,-17.82,-3.11
-2.93,-17.27,-3.30
-2.38,-15.87,-2.93
-0.79,-14.22,-2.44
0.31,-12.45,-1.16
1.28,-10.56,-0.61
1.95,-9.16,-0.18
2.62,-7.69,0.06
2.56,-6.84,0.18
2.56,-5.80,0.12
2.26,-5.00,-0.18
1.77,-4.39,-0.49
1.46,-3.85,-0.79
1.04,-3.48,-0.85
1.34,-3.11,-0.55
1.95,-2.56,-0.49
2.75,-1.89,-0.24
3.72,-1.28,0.31
4.70,-0.73,0.55
5.49,-0.43,0.79
5.62,-0.37,1.22
5.43,-0.49,1.34
4.94,-0.55,1.28
4.46,-0.37,1.22
4.39,-0.18,1.40
5.62,0.37,1.95
9.09,1.40,3.17
16.11,2.99,4.94
26.49,3.42,8.67
41.08,-7.26,14.04
53.83,-21.55,20.32
69.76,-31.31,25.94
85.75,-47.55,27.40
100.65,-62.32,24.66
115.54,-74.22,25.33
122.92,-78.12,27.95
129.15,-79.10,24.35
142.58,-89.17,38.02
143.13,-83.01,47.24
148.93,-72.81,48.34
156.19,-70.80,51.39
154.30,-64.88,52.31
151.49,-61.65,47.12
142.52,-49.56,53.96
123.72,-41.14,44.62
115.11,-34.00,29.54
102.23,-26.12,26.37
86.91,-10.38,23.44
75.38,-8.06,29.72
59.14,-4.82,11.17
54.20,-4.76,2.99
37.17,-2.50,1.04
31.13,-0.73,0.92
17.64,0.43,-0.06
11.05,1.04,-0.43
3.78,5.98,1.83
-1.46,4.33,3.85
-8.12,-2.32,1.77
-16.60,-7.51,-2.20
-26.98,-8.06,-5.13
-40.71,0.73,-10.19
-54.20,21.73,-13.61
-65.25,46.08,-13.61
-75.99,73.18,-16.24
-82.58,99.24,-21.55
-86.85,125.49,-28.69
-90.21,146.00,-35.71
-92.53,153.75,-40.10
-90.09,147.52,-42.85
-84.17,128.72,-43.82
-79.28,101.38,-43.88
-76.60,70.86,-43.03
-73.91,39.55,-40.71
-71.23,10.74,-35.64
-68.79,-12.76,-27.16
-64.64,-31.25,-14.95
-58.84,-45.04,-1.10
-53.96,-54.99,13.31
-51.21,-64.82,26.18
-41.02,-76.60,36.19
-34.97,-72.57,27.77
-2.01,-33.57,-9.16
4.58,-8.36,-15.75
8.42,1.46,-2.44
3.72,0.18,25.21
8.91,-0.67,51.33
11.84,7.81,62.87
14.59,14.95,67.75
20.32,17.76,79.90
25.63,23.01,100.40
30.21,21.00,119.08
33.63,27.04,144.47
38.70,27.34,177.92
39.43,20.94,198.55
38.94,13.67,204.59
35.71,10.62,196.17
31.56,4.94,179.75
28.63,-4.64,159.67
26.31,-6.77,137.76
26.00,-11.11,112.43
22.03,-8.85,95.28
15.50,-6.35,79.77
9.83,-11.47,65.73
3.66,-14.04,56.09
-0.98,-7.75,50.72
-5.74,-4.70,43.76
-9.58,-1.28,28.50
-7.75,0.67,14.59
-5.55,6.35,1.77
1.28,16.97,-6.04
4.58,32.04,-20.26
7.20,50.23,-64.64
11.05,61.77,-121.09
11.96,62.62,-174.01
10.74,58.47,-216.55
7.26,49.50,-243.23
2.08,34.97,-252.87
-4.76,16.05,-247.31
-10.01,-4.33,-226.14
-10.80,-24.23,-190.73
-5.92,-41.56,-147.64
0.55,-56.52,-106.20
3.97,-72.14,-70.50
4.03,-88.38,-42.66
0.67,-101.68,-22.95
-4.33,-110.11,-5.74
-5.25,-85.75,0.43
13.92,-17.40,-9.03
21.97,18.86,-4.39
28.08,11.84,19.78
29.97,-5.00,63.96
34.30,-24.96,90.52
32.59,-29.97,97.41
32.96,-31.13,98.63
39.12,-27.16,114.32
48.34,-17.70,144.29
56.70,-18.55,172.79
51.57,-15.44,186.40
50.29,-0.43,190.06
59.63,4.09,198.91
58.35,-3.66,208.01
48.46,-5.68,196.17
46.63,-5.74,164.00
41.75,-4.46,143.49
32.41,-3.30,129.15
27.89,-5.55,122.86
27.65,-11.84,127.81
21.18,-17.58,126.34
16.30,-23.44,120.73
11.29,-21.55,106.69
9.28,-26.06,96.68
6.41,-18.13,87.52
5.37,-14.89,79.22
0.49,-4.88,60.24
-1.46,-2.08,46.69
-2.50,-1.65,42.85
1.22,-9.28,53.59
1.28,-8.18,61.71
-0.06,-5.62,56.76
-2.50,-4.21,41.87
3.48,-0.85,25.88
9.58,-1.10,23.62
11.41,1.83,14.71
14.59,4.52,10.50
14.71,3.36,9.58
12.21,1.04,7.39
8.36,-0.98,3.42
3.11,-2.50,0.61
-0.67,-2.44,-1.22
-2.50,-0.61,-2.38
-2.32,2.75,-2.81
-2.62,6.53,-2.87
-4.27,9.95,-3.17
-6.41,13.12,-3.30
-8.73,16.36,-2.99
-11.54,19.59,-3.54
-13.98,22.09,-4.21
-16.17,23.56,-4.94
-17.21,24.72,-5.13
-17.21,26.06,-4.58
