-,-,-
-4.76,-7.45,5.00
-2.69,-8.12,5.86
-1.28,-9.03,6.84
-1.04,-9.46,6.71
-0.92,-9.83,5.25
-0.73,-9.34,3.42
0.18,-6.96,3.23
1.46,-4.33,4.27
2.56,-2.44,4.64
3.42,-1.28,3.85
4.27,-0.06,2.62
5.19,1.22,2.14
5.68,2.01,2.32
5.80,2.26,2.38
5.43,2.56,1.71
4.82,2.38,0.92
3.66,1.59,-0.12
2.08,0.31,-1.77
0.37,-0.61,-3.72
-1.89,-0.67,-4.70
-4.15,-0.12,-4.94
-5.55,0.24,-4.94
-5.00,0.06,-4.21
-3.36,-0.31,-2.81
-2.32,0.00,-0.92
-1.34,0.73,0.18
0.00,1.53,1.16
0.98,2.08,2.08
1.40,2.62,2.38
2.01,3.05,2.38
-0.06,3.78,1.77
-2.38,6.71,0.92
2.26,4.39,1.46
1.77,2.62,0.92
3.30,2.62,0.12
3.42,2.56,0.37
4.52,2.44,0.67
5.25,2.32,1.40
5.07,2.56,2.44
4.21,3.05,3.60
3.60,3.54,4.82
2.56,3.05,5.31
1.95,2.01,5.25
2.26,1.10,5.00
2.32,0.37,4.82
3.23,0.61,5.49
5.13,1.34,7.81
5.49,1.28,9.83
5.19,0.73,10.13
4.39,-0.73,8.67
4.21,-1.77,6.90
4.39,-1.59,6.04
4.52,-0.79,6.16
4.76,-0.06,6.71
5.92,0.31,7.57
5.98,0.67,8.61
5.74,2.20,9.52
6.47,3.78,10.56
7.26,3.54,11.35
6.29,3.23,10.99
5.98,4.76,10.01
6.84,5.37,10.99
7.32,4.76,13.06
7.14,3.78,14.22
7.69,3.48,14.59
7.57,3.60,15.56
6.16,4.15,17.03
4.46,4.27,18.07
2.50,2.56,17.76
1.40,-0.49,16.72
0.85,-3.60,15.81
0.37,-6.59,15.69
0.61,-9.46,15.87
0.61,-12.02,15.38
-0.55,-14.53,13.67
-2.87,-17.33,10.38
-5.74,-18.25,6.96
-8.79,-16.60,6.47
-9.89,-14.28,8.85
-10.25,-12.70,11.84
-10.80,-12.57,13.31
-11.11,-12.94,12.57
-11.84,-13.43,9.70
-13.67,-12.45,5.74
-14.40,-9.46,2.62
-15.81,-7.87,2.62
-18.43,-7.26,3.54
-20.08,-6.77,3.97
-20.69,-6.41,4.15
-20.69,-6.41,3.11
-19.10,-8.91,-0.61
-16.72,-14.10,-5.37
-15.08,-19.23,-8.73
-14.65,-22.16,-11.84
-15.26,-21.67,-15.14
-16.11,-18.98,-17.15
-15.69,-15.93,-15.75
-13.43,-13.98,-11.84
-10.74,-14.16,-8.30
-9.03,-15.93,-7.81
-5.62,-14.65,-10.01
-0.73,-8.97,-13.43
-0.18,-6.35,-17.33
-3.23,-6.41,-20.02
-7.39,-6.35,-21.91
-11.05,-6.47,-23.19
-12.82,-7.81,-24.17
-13.18,-9.03,-24.05
-9.40,-8.30,-17.82
-2.69,-8.18,-7.69
4.15,-8.12,-1.59
7.39,-9.28,-0.31
4.76,-10.93,-4.09
5.00,-13.18,-4.94
3.85,-13.67,-4.76
4.09,-11.78,-5.13
2.62,-8.91,-3.42
4.76,-4.76,3.72
8.91,-2.14,13.79
11.72,1.95,22.16
25.33,5.37,50.66
30.76,10.56,69.09
40.41,12.76,92.35
48.03,17.27,124.21
49.44,19.10,144.84
40.71,21.73,148.99
39.67,21.91,150.33
33.51,18.55,143.43
24.29,7.69,112.73
18.80,6.53,74.52
17.03,4.94,52.67
16.97,2.99,46.81
14.10,1.28,34.61
6.84,1.28,9.22
4.39,1.22,2.32
3.66,0.61,2.20
4.27,1.22,2.56
4.39,2.38,3.36
4.58,3.54,3.54
3.30,4.76,1.28
0.98,5.62,-2.62
-3.11,5.86,-9.83
-5.80,6.29,-17.82
-8.24,6.16,-29.48
-7.63,3.42,-41.56
-7.81,-0.61,-52.61
-9.89,1.65,-68.05
-12.02,12.70,-74.46
-10.99,24.72,-68.60
-8.73,30.88,-63.66
-8.79,30.94,-65.55
-9.89,27.16,-68.79
-10.44,22.03,-67.02
-10.50,16.42,-60.55
-9.28,9.64,-47.18
-8.18,2.50,-29.91
-8.91,-5.13,-15.26
-10.25,-14.89,-4.76
-12.21,-28.26,4.58
-14.65,-46.20,13.31
-17.27,-67.32,19.29
-21.85,-86.24,21.55
-28.32,-67.14,-0.31
-6.04,-50.35,-22.40
9.52,-49.01,-20.81
16.54,-32.78,-8.36
30.82,-13.67,-0.55
44.13,-2.01,7.63
58.47,-6.04,17.88
75.26,-23.99,25.63
87.28,-24.54,22.16
96.44,-26.61,18.92
104.98,-30.52,18.68
106.02,-32.35,9.83
101.26,-34.06,9.83
76.72,-27.34,9.77
53.28,-20.81,6.29
36.56,-19.10,1.71
23.93,-13.31,-1.28
















-,-,-
-5.55,-66.89,-5.80
-7.93,-71.78,-4.88
-6.96,-73.61,-0.37
-5.31,-68.91,5.00
-6.47,-57.80,9.09
-6.96,-44.86,10.74
-5.13,-32.84,9.03
-1.28,-21.12,5.55
4.64,-13.79,3.42
11.47,-12.94,4.64
12.76,-18.68,9.16
8.61,-30.15,14.34
1.46,-44.62,18.80
-6.41,-56.88,21.61
-13.31,-63.35,21.91
-14.59,-64.76,19.84
-10.19,-61.34,15.63
-6.29,-54.32,13.73
-0.98,-46.02,15.08
0.24,-36.74,14.77
0.18,-26.12,13.18
3.60,-18.80,14.77
9.28,-16.17,15.75
12.82,-16.72,11.96
13.79,-18.86,5.92
11.17,-20.51,2.93
8.30,-21.48,2.26
7.45,-20.75,3.05
6.29,-20.39,2.50
5.25,-16.60,-1.16
7.14,-13.12,-1.95
9.83,-13.43,1.71
10.31,-14.34,4.88
8.54,-13.92,2.75
5.55,-11.60,-1.46
3.11,-8.79,-4.27
2.50,-6.71,-3.60
3.36,-6.96,-1.65
6.71,-7.32,2.26
9.22,-8.85,7.63
6.29,-10.74,11.96
1.53,-11.96,13.85
-2.69,-14.65,12.27
-5.74,-18.68,8.79
-8.48,-23.07,5.55
-12.51,-24.23,2.50
-14.83,-21.48,0.43
-15.75,-16.24,0.98
-17.64,-10.31,2.50
-19.96,-6.84,1.46
-21.48,-8.54,-3.48
-22.34,-13.79,-10.44
-25.09,-18.55,-17.46
-30.46,-19.78,-19.90
-34.79,-15.93,-17.82
-36.50,-9.58,-15.01
-35.22,-3.97,-13.73
-30.64,-3.05,-14.22
-24.11,-7.32,-15.69
-18.07,-12.88,-15.75
-14.04,-17.88,-15.32
-13.37,-19.71,-15.81
-14.95,-15.38,-20.57
-15.32,-6.84,-28.69
-14.65,-1.46,-36.74
-11.78,-1.53,-42.30
-8.30,-5.49,-47.24
-12.27,-8.06,-52.98
-19.29,-5.49,-60.49
-27.95,-1.04,-70.07
-36.25,2.14,-78.06
-39.25,1.77,-80.26
-35.46,-1.04,-67.75
-25.88,-4.21,-37.35
-15.26,-9.16,-4.64
-7.39,-14.34,18.37
0.67,-9.70,20.39
12.51,-2.62,11.66
21.48,-3.66,9.64
22.03,-5.80,13.43
23.07,-6.23,17.40
23.19,-5.98,19.35
21.42,-7.69,24.17
20.14,-7.87,29.79
25.15,-7.75,49.26
19.65,-4.52,55.11
28.56,-2.26,67.57
32.35,3.30,89.72
32.53,8.54,100.22
40.53,12.39,113.89
43.27,12.02,132.51
49.01,13.61,154.66
49.50,8.91,172.49
54.08,-0.98,183.47
51.27,-10.31,178.59
48.58,-10.74,161.44
36.32,-9.22,126.53
28.87,-12.39,90.76
24.90,-10.31,66.71
17.52,-12.02,44.56
15.20,-8.12,29.91
8.97,-4.52,19.78
4.88,2.08,-1.04
4.58,3.91,-6.47
0.06,2.69,-11.17
-6.47,3.23,-20.57
-16.30,9.64,-45.65
-19.23,14.53,-75.26
-21.06,13.49,-83.13
-25.15,8.85,-79.16
-28.20,10.99,-78.61
-32.04,15.69,-83.25
-34.00,20.63,-84.84
-33.87,24.05,-82.28
-30.58,24.90,-80.75
-26.49,21.30,-80.51
-22.03,12.51,-73.24
-18.80,1.71,-54.81
-15.75,-8.61,-33.87
-12.57,-21.06,-18.07
-9.28,-37.60,-8.12
-7.93,-43.09,-4.46
-3.54,-28.08,-7.14
14.83,-27.83,-8.54
22.64,-29.66,-5.13
26.43,-31.13,-3.85
29.17,-29.30,-6.35
30.76,-20.08,-6.23
33.02,-21.18,-4.64
43.58,-32.41,-2.81
52.86,-29.05,-3.72
66.96,-40.34,-4.33
78.43,-43.09,-1.46
93.63,-41.99,2.38
106.63,-44.80,3.97
119.14,-43.58,1.89
132.14,-47.67,3.30
122.74,-41.20,6.10
98.75,-29.05,6.10
75.07,-21.12,6.23
59.20,-17.09,8.06
47.06,-9.58,13.24
36.56,-6.35,13.92
27.47,2.01,11.54
21.36,-2.20,6.71
18.37,-10.62,2.38
13.43,-19.71,-2.56
6.71,-25.63,-6.10
1.46,-26.67,-8.24
-0.67,-23.07,-8.00
-3.30,-16.30,-5.43
-6.96,-8.06,-3.66
-9.89,1.10,-0.79
-11.23,12.70,4.09
-13.18,25.51,9.16
-16.72,38.76,13.61
-19.35,50.66,17.76
-22.89,63.60,19.59
-22.52,76.42,21.97
-20.63,88.32,16.05
-12.33,104.13,3.05
4.88,123.47,-1.46
24.78,142.88,1.59
40.65,155.88,7.39
52.25,158.69,13.73
61.22,149.72,19.71
65.55,130.92,22.89
64.76,110.90,21.24
61.10,93.44,18.62
57.01,79.53,18.49
53.22,61.46,20.87
43.52,37.96,22.34
31.49,18.55,21.79
20.20,2.38,20.14
9.58,-9.83,18.62
1.77,-21.73,18.01
-4.03,-34.79,16.48
-8.06,-48.22,11.90
-11.11,-58.59,4.52
















-,-,-
1.22,0.55,0.85
1.71,0.43,0.92
1.95,0.37,1.16
1.89,0.18,1.28
1.59,-0.24,0.92
0.79,-0.67,0.31
0.24,-0.85,-0.31
0.31,-0.79,-0.85
0.43,-0.55,-0.85
0.24,-0.43,-0.73
0.49,-0.12,-0.31
0.92,0.00,0.18
1.04,-0.06,0.61
0.98,-0.12,0.37
0.61,-0.43,0.24
0.43,-0.55,0.00
0.24,-0.67,-0.12
0.24,-0.85,-0.37
0.06,-1.16,-0.37
0.18,-1.04,-0.49
0.12,-0.85,-0.31
-0.06,-0.92,-0.12
-0.31,-0.79,-0.12
-0.12,-0.67,-0.06
-0.37,-0.55,0.06
-0.06,-0.18,0.00
0.37,-0.12,-0.18
0.85,0.12,0.12
1.28,0.37,0.37
1.46,0.49,0.67
1.34,0.31,0.55
1.34,0.18,0.49
1.16,-0.24,0.24
0.98,-0.49,0.06
0.98,-0.43,0.06
1.10,-0.55,-0.12
0.92,-0.92,-0.06
0.98,-1.28,-0.49
0.67,-1.53,-0.92
0.55,-1.77,-1.34
0.18,-1.89,-1.65
-0.49,-2.01,-1.95
-1.22,-2.01,-1.83
-1.28,-1.71,-1.59
-1.40,-1.53,-1.46
-1.46,-1.46,-1.10
-1.53,-1.59,-0.49
-0.98,-1.59,0.24
-0.98,-1.34,0.92
0.06,-1.10,2.50
2.50,-1.22,6.77
6.41,0.37,16.54
5.49,2.44,18.92
8.54,-0.18,18.25
8.73,0.98,18.74
9.03,1.28,21.36
10.31,1.77,25.21
13.06,1.83,32.35
12.88,1.95,33.51
16.11,2.62,37.54
20.57,0.92,48.40
21.91,3.72,59.57
23.86,6.47,64.33
27.77,8.06,73.55
27.59,8.67,81.97
26.73,9.03,82.52
26.61,9.89,85.21
25.45,9.64,88.26
25.76,11.23,92.59
25.21,10.68,96.50
28.32,7.39,105.71
26.92,6.59,114.01
26.49,7.14,117.00
26.18,3.05,111.08
25.94,-0.06,103.82
27.40,-2.38,99.24
24.90,-9.09,96.31
25.63,-16.91,97.29
23.13,-15.44,87.59
22.46,-10.56,72.20
21.61,-10.80,66.10
18.62,-12.94,62.26
14.59,-12.45,57.80
7.51,-8.61,42.18
10.31,-5.62,32.71
14.04,-7.08,40.04
13.18,-2.44,38.57
7.02,3.23,24.23
8.73,9.64,4.46
6.59,13.37,-2.93
-0.85,15.14,-12.88
-13.00,18.43,-35.22
-20.63,23.99,-68.73
-25.33,26.86,-91.61
-30.40,27.77,-101.32
-32.53,28.99,-105.41
-31.31,32.10,-103.15
-28.87,34.73,-95.64
-27.59,35.58,-87.40
-28.69,34.36,-81.79
-30.15,31.68,-80.57
-33.33,28.50,-83.74
-34.73,24.05,-88.68
-35.46,18.07,-90.76
-33.87,11.96,-85.82
-29.30,3.78,-70.56
-23.99,-6.41,-48.03
-20.32,-17.33,-27.71
-18.55,-29.36,-15.56
-17.40,-42.48,-9.89
-16.72,-55.54,-6.84
-15.69,-58.47,-6.53
-10.74,-33.39,-14.71
10.74,-30.40,-16.66
15.69,-31.31,-9.89
18.43,-24.29,-2.87
28.69,-13.55,0.61
37.54,-13.73,3.78
46.94,-22.09,6.84
57.86,-26.31,8.91
71.47,-32.84,9.89
84.05,-34.42,14.71
95.21,-30.21,19.10
107.12,-31.31,21.48
117.98,-35.89,23.07
123.84,-35.34,20.08
124.27,-32.78,15.26
122.80,-37.84,15.93
112.06,-33.51,21.36
97.96,-24.60,20.02
81.73,-17.21,13.98
64.27,-11.72,11.72
47.49,-6.47,8.36
36.32,-10.50,9.16
23.44,-9.28,5.07
15.93,-9.09,-0.37
12.39,-12.21,-4.27
12.21,-17.40,-6.10
12.88,-22.71,-7.14
12.51,-23.50,-7.02
10.13,-20.69,-5.55
8.12,-17.40,-4.52
6.41,-14.10,-3.60
3.78,-10.44,-2.50
0.43,-6.59,-0.92
-2.50,-2.62,0.98
-6.41,2.20,2.56
-11.35,7.75,3.54
-15.26,13.79,4.46
-18.80,21.30,6.35
-22.16,30.46,9.46
-24.54,41.50,14.10
-25.94,54.02,18.74
-28.26,67.14,20.94
-29.66,77.94,23.62
-31.43,85.45,20.87
-28.99,97.29,8.85
-18.62,114.93,-2.38
-6.35,133.61,-9.16
6.77,148.13,-10.86
17.27,153.87,-8.42
23.32,147.95,-6.47
28.08,131.77,-4.58
31.01,112.12,-4.27
30.46,88.26,-4.39
27.89,57.56,-5.00
22.22,28.02,-6.23
17.15,2.69,-6.29
11.23,-16.78,-4.39
5.68,-31.37,-2.08
1.89,-40.83,-0.61
-1.77,-45.65,0.00
-3.97,-47.61,0.43
-6.59,-47.18,1.83
-9.28,-45.96,4.33
-11.90,-44.13,7.14
-14.77,-42.18,9.70
-17.64,-40.34,12.21
-18.68,-40.22,13.98
















-,-,-
-1.65,3.48,-3.78
-1.77,3.78,-3.60
-2.01,3.54,-3.54
-2.44,2.99,-3.66
-2.38,1.89,-3.30
-2.32,1.10,-2.01
-2.69,0.49,-0.85
-2.75,0.06,-0.24
-2.75,-0.37,0.00
-2.81,-1.59,0.06
-3.11,-3.17,0.31
-3.30,-5.25,0.18
-4.33,-7.32,-0.18
-5.31,-9.77,-1.10
-6.29,-11.72,-1.83
-6.53,-13.49,-1.89
-6.04,-15.26,-0.92
-5.31,-17.21,0.61
-4.76,-18.80,2.14
-4.88,-18.19,2.62
-4.64,-14.28,0.00
-3.17,-9.89,-3.11
-0.06,-8.67,-2.87
1.28,-9.22,-1.28
1.10,-8.06,-0.98
0.37,-5.86,-2.08
0.98,-5.80,-1.46
0.79,-6.77,0.31
0.43,-6.96,0.92
1.34,-6.84,0.37
1.59,-7.02,0.79
1.46,-7.20,1.40
2.08,-7.20,1.83
2.99,-7.26,2.44
3.30,-7.51,2.99
3.91,-7.45,3.42
4.76,-7.39,4.52
4.82,-7.51,5.37
3.66,-8.18,5.74
0.92,-8.67,1.34
0.18,-8.61,-1.04
-0.49,-8.06,-0.61
-0.24,-7.26,1.46
1.89,-6.04,6.71
8.48,-5.74,19.78
10.19,-6.47,27.65
7.75,-3.91,24.05
8.73,-0.98,25.45
14.47,-3.72,32.65
24.11,-5.80,53.83
28.32,-4.15,70.50
31.56,0.73,77.33
37.11,5.49,92.65
37.17,3.66,102.42
34.36,4.15,109.86
31.62,1.34,111.27
29.60,-3.11,108.34
33.02,-2.32,109.44
35.95,0.55,121.70
41.93,-5.25,129.94
41.81,-10.19,131.16
37.41,-14.16,128.36
31.62,-13.61,119.20
26.86,-20.20,118.84
21.73,-29.24,124.57
18.92,-18.55,113.46
20.94,-23.25,99.55
18.62,-25.02,83.50
18.31,-23.01,67.26
11.60,-16.36,50.05
10.25,-11.11,38.76
9.22,-7.08,36.87
3.66,-4.94,28.50
2.50,-0.73,18.43
0.24,5.31,0.92
2.20,10.19,-6.10
-4.52,13.24,-10.99
-12.33,17.21,-23.44
-18.37,26.18,-47.97
-18.43,34.36,-65.55
-20.81,39.67,-79.77
-22.71,44.62,-96.37
-23.32,47.18,-111.08
-23.56,48.65,-114.56
-23.68,49.19,-106.63
-20.45,49.50,-95.64
-17.58,48.65,-86.18
-15.08,46.33,-79.41
-13.98,40.65,-73.67
-13.79,33.63,-67.93
-13.98,25.76,-60.97
-13.73,16.11,-51.64
-11.78,5.92,-40.04
-8.42,-4.76,-28.14
-5.86,-19.29,-18.01
-5.19,-37.54,-9.64
-6.84,-55.48,-3.78
-10.13,-70.50,0.43
-12.76,-75.20,2.26
-15.44,-44.68,-4.33
-0.06,-32.96,-15.63
14.83,-31.13,-12.02
20.81,-28.08,-1.04
31.31,-14.47,3.23
42.30,-7.57,7.39
50.66,-3.48,10.07
62.56,-12.27,7.51
75.07,-19.47,4.33
88.44,-26.25,2.99
101.01,-31.62,1.16
115.17,-38.27,-1.28
126.34,-41.75,-5.62
127.81,-36.56,-10.74
123.35,-33.33,-11.17
109.37,-30.58,-10.50
93.75,-22.03,0.18
71.96,-6.41,11.54
54.93,-4.33,11.17
41.63,0.73,8.97
29.91,8.54,12.57
20.57,4.15,10.99
15.81,-1.22,5.31
11.90,-8.36,0.85
7.26,-16.97,-3.05
3.72,-23.01,-6.04
2.32,-25.15,-7.32
2.08,-23.93,-7.63
1.40,-20.69,-7.20
0.37,-15.99,-6.59
-0.67,-10.68,-5.74
-1.28,-5.43,-4.70
-1.89,-0.85,-3.36
-2.01,4.15,-1.71
-1.59,9.09,0.37
-1.77,13.55,2.14
-2.75,17.27,3.23
-2.62,20.57,4.03
-0.98,23.50,4.64
1.10,25.27,4.70
0.37,25.15,3.85
-3.78,23.44,1.40
-8.24,20.02,-2.75
-10.62,16.30,-6.41
-12.82,13.43,-9.16
-14.89,13.00,-11.78
-14.04,13.85,-10.86
-12.51,16.60,-3.42
-11.96,24.05,5.07
-14.22,40.83,4.46
-12.15,60.00,-0.85
-5.80,75.87,-3.85
0.67,87.59,-4.03
6.77,94.97,-3.05
11.29,97.29,-2.93
15.56,94.97,-3.66
18.98,89.48,-3.91
20.63,82.46,-3.30
21.55,76.17,-1.53
21.79,70.68,1.95
21.97,65.31,5.62
22.34,60.61,8.30
21.67,56.03,10.19
21.00,52.00,10.56
19.47,48.77,8.85
16.78,46.08,6.90
13.06,43.33,6.53
10.07,39.37,6.29
7.69,33.69,4.88
6.65,27.10,2.32
5.92,19.59,-0.98
4.52,13.06,-4.15
2.32,8.48,-7.26
-0.67,6.35,-10.38
-4.52,6.90,-13.12
-7.69,8.12,-16.05
-10.01,7.93,-20.94
-11.23,5.62,-27.40
-12.27,2.99,-32.35
-14.77,2.87,-36.50
















-,-,-
-6.41,-8.73,-0.37
-6.47,-7.63,-0.73
-5.25,-6.35,-0.98
-3.91,-4.88,-0.61
-3.17,-3.85,0.24
-2.08,-4.03,0.67
-1.77,-4.27,0.49
3.23,-5.86,-1.53
-1.16,-6.59,-2.50
-2.75,-6.84,-3.36
-2.99,-6.59,-2.93
-1.22,-7.02,-3.17
-1.04,-7.57,-2.20
-3.85,-7.02,-0.85
-4.03,-6.29,-0.98
-2.26,-5.92,-0.92
-2.75,-5.68,-0.18
-1.59,-4.82,0.49
-1.71,-4.33,0.43
-1.95,-4.03,0.55
-0.98,-4.03,0.24
-0.49,-4.03,0.31
-1.59,-4.09,0.98
-1.10,-4.03,1.65
-1.34,-3.66,1.77
-0.73,-2.93,1.83
-1.10,-2.56,0.24
-0.49,-2.26,-0.12
0.00,-2.14,0.12
-0.79,-2.01,0.55
-0.55,-1.95,0.85
-0.43,-1.89,0.67
0.00,-2.08,0.73
1.46,-2.20,0.24
0.73,-2.56,0.00
1.22,-3.17,-0.43
-0.37,-3.78,-0.61
0.98,-3.91,-0.55
1.10,-4.15,-0.37
-0.79,-4.15,-0.61
-1.71,-3.97,-0.61
-1.65,-3.66,-1.10
-1.89,-3.66,-0.85
-2.69,-3.42,-0.06
-3.11,-3.54,1.04
-0.92,-3.85,2.26
2.50,-3.85,4.46
10.31,-3.42,13.67
15.26,-1.46,24.23
29.60,-0.24,43.15
40.59,0.73,62.44
45.65,5.13,73.24
50.48,5.43,78.00
55.24,4.03,84.17
57.62,2.08,92.83
55.11,1.53,99.61
55.05,3.60,104.00
58.78,1.89,109.01
59.51,1.53,116.58
59.57,1.40,124.51
58.96,1.04,130.43
58.65,-0.85,137.21
57.50,-6.16,143.86
55.66,-5.68,139.16
51.45,-7.26,131.77
48.71,-10.74,124.82
41.56,-12.63,120.36
33.39,-8.36,106.93
23.07,-10.44,88.20
27.71,-11.47,77.39
22.40,-13.37,78.67
13.06,-7.08,64.03
15.20,-7.45,52.43
6.90,-7.57,38.70
9.64,-4.58,28.38
5.13,-1.95,23.80
-0.24,2.99,6.71
2.69,5.43,0.43
-0.12,7.26,-1.40
-3.42,10.13,-5.43
-9.46,15.01,-16.72
-17.82,22.03,-40.71
-19.65,28.93,-63.72
-20.87,28.50,-70.86
-20.81,26.73,-69.46
-18.62,26.06,-63.05
-16.17,31.43,-55.66
-13.85,42.05,-47.79
-10.31,50.17,-44.25
-6.16,53.04,-46.63
-2.87,51.03,-52.98
-0.61,47.30,-58.96
0.37,43.76,-61.65
0.49,40.22,-62.62
1.04,35.64,-63.23
2.81,28.93,-62.38
2.26,20.14,-58.84
-0.12,11.47,-51.70
-4.21,5.49,-42.05
-7.87,1.77,-31.49
-9.22,-1.28,-21.30
-9.70,-5.19,-14.53
-10.56,-10.93,-12.27
-11.05,-17.58,-13.06
-10.74,-24.11,-13.12
-10.56,-30.64,-11.72
-10.62,-37.23,-9.28
-8.67,-45.41,-6.04
-4.70,-56.21,-1.65
-2.20,-66.53,3.78
-7.08,-36.38,3.11
8.97,-24.29,-4.88
21.97,-26.31,-8.06
27.59,-26.92,0.67
24.29,-22.52,7.26
18.01,-16.05,4.21
13.49,-13.06,-0.98
8.85,-12.82,-2.81
7.93,-13.55,-3.30
12.27,-15.56,-3.97
17.88,-14.10,-3.48
26.37,-17.82,-2.99
38.33,-24.29,-4.39
49.50,-24.72,-4.27
60.97,-31.74,-4.21
71.66,-37.41,-7.02
80.02,-36.74,-13.00
83.68,-26.37,-13.24
89.05,-26.55,-9.52
87.71,-22.28,-11.78
88.75,-21.55,-8.06
79.90,-21.30,-4.82
70.07,-16.72,-7.02
59.45,-13.61,-2.01
47.79,-12.02,-2.75
39.49,-5.68,-1.89
33.57,-6.35,0.79
30.58,-2.81,1.65
29.54,-6.59,-2.20
28.81,-7.57,-2.56
24.29,-14.47,-2.08
19.17,-10.56,0.24
12.45,-11.11,1.53
9.09,-10.19,0.37
7.26,-9.34,1.10
6.41,-8.54,0.92
5.62,-7.75,-0.31
5.37,-7.87,-2.56
5.49,-6.29,-3.72
4.76,-2.14,-1.89
5.49,0.67,0.31
7.02,0.85,1.16
7.51,-0.67,-0.85
8.73,-4.58,-2.62
8.42,-0.24,0.06
5.13,5.49,0.06
4.76,8.79,-0.73
2.99,13.06,4.27
2.32,15.50,5.62
1.16,17.40,6.04
-0.98,18.86,7.02
-3.05,21.00,7.63
-5.37,23.13,7.08
-7.75,26.12,5.13
-9.89,28.75,2.81
-11.90,32.90,0.98
-12.51,40.53,0.31
-12.82,57.43,0.49
-11.84,78.19,0.00
-10.01,97.23,-0.79
-7.02,112.92,-1.95
-3.11,121.77,-3.05
0.43,123.96,-3.48
3.30,121.15,-2.93
7.26,114.01,-1.95
6.47,106.38,-0.98
3.97,100.59,0.18
3.66,95.76,1.89
5.00,91.80,5.62
















-,-,-
-0.31,-0.85,3.54
0.06,-0.49,3.05
0.43,0.00,2.56
0.85,0.49,2.01
1.77,1.16,1.34
2.08,1.34,1.10
2.20,1.65,1.04
2.14,1.77,1.10
2.01,1.65,0.79
1.83,1.71,0.67
1.65,2.14,0.92
1.59,2.26,1.28
1.59,2.32,1.22
1.53,2.14,0.92
1.40,1.89,0.92
1.22,1.40,0.79
1.28,1.16,0.85
1.34,0.92,0.55
1.34,1.04,0.12
1.28,1.10,0.00
1.46,1.59,0.06
1.65,2.32,0.31
1.89,2.69,0.49
2.14,2.75,0.61
2.14,2.93,0.61
2.01,3.05,0.67
2.32,2.93,0.92
2.26,2.44,0.85
1.95,1.83,0.49
1.59,1.53,0.67
1.28,2.01,0.67
1.34,3.60,0.73
2.26,7.02,0.92
4.33,10.19,1.28
6.16,12.76,0.92
7.69,15.08,0.00
9.46,17.15,-0.31
10.74,18.19,-0.18
11.96,18.49,-0.43
12.82,19.29,-0.49
13.06,19.35,0.12
13.00,17.70,0.49
11.41,15.56,0.43
9.22,13.43,0.31
6.29,12.27,-0.06
6.77,11.60,0.49
7.26,11.23,1.28
8.48,10.13,-0.43
8.97,9.52,-4.64
8.85,10.93,-10.19
9.95,13.92,-14.28
10.25,16.36,-13.73
11.60,16.48,-9.70
9.77,13.24,-6.16
5.37,9.58,-6.04
2.50,6.84,-7.93
0.55,4.64,-8.73
-0.43,4.09,-7.57
0.61,4.15,-5.07
0.79,3.72,-3.66
0.98,1.65,-4.09
1.04,-2.01,-6.16
0.00,-5.55,-9.70
-2.20,-7.75,-12.88
-5.55,-8.54,-13.37
-8.30,-7.63,-11.54
-9.70,-7.08,-8.54
-10.13,-7.87,-7.45
-11.72,-10.44,-8.91
-13.31,-13.49,-12.21
-15.75,-14.53,-14.34
-17.82,-13.55,-13.06
-18.86,-12.39,-9.58
-18.55,-12.88,-6.59
-17.46,-15.38,-5.19
-15.44,-18.19,-6.23
-12.88,-20.14,-8.36
-10.74,-20.32,-9.64
-9.89,-19.10,-10.13
-9.16,-18.01,-10.50
-9.03,-17.82,-11.29
-8.36,-18.74,-13.37
-8.12,-19.65,-16.05
-7.87,-19.78,-17.27
-7.81,-20.08,-15.44
-7.63,-22.34,-11.54
-7.87,-27.53,-7.20
-11.41,-34.91,-4.27
-17.40,-37.23,-5.31
-18.43,-34.85,-13.37
-15.20,-35.71,-17.40
-12.63,-36.50,-17.21
-6.90,-38.64,-9.09
4.03,-36.68,14.28
10.31,-31.43,41.38
16.30,-13.55,68.91
26.92,6.23,102.11
31.31,24.90,127.93
35.83,34.30,146.42
35.77,42.60,159.55
34.61,47.00,161.74
33.39,46.39,162.29
46.39,42.66,155.27
55.05,39.67,142.70
24.60,34.48,111.94
13.49,23.07,84.72
8.54,10.56,67.20
5.31,5.86,53.47
3.30,5.37,49.87
2.81,3.36,51.15
1.46,3.54,28.56
1.65,5.31,16.11
-0.49,4.09,5.49
1.83,4.88,1.89
3.60,4.94,3.72
3.72,3.60,4.33
2.20,2.56,3.42
0.43,3.36,1.59
-2.08,6.41,-0.98
-4.15,11.60,-6.10
-6.16,14.40,-16.11
-8.91,15.01,-32.17
-10.93,16.05,-46.39
-12.45,20.87,-54.02
-12.51,29.17,-61.65
-9.70,35.83,-73.49
-8.61,38.64,-85.75
-10.38,36.99,-94.97
-12.21,31.49,-99.91
-12.57,24.48,-99.79
-10.86,17.03,-95.64
-7.63,9.58,-88.87
-6.47,2.01,-77.39
-7.51,-5.68,-59.63
-9.03,-14.10,-38.88
-12.45,-24.78,-18.74
-15.81,-37.96,-2.50
-19.78,-52.73,10.13
-23.93,-68.85,20.75
-26.12,-85.33,29.05
-27.83,-98.51,31.43
-24.11,-84.17,5.19
1.83,-73.36,-20.69
25.51,-59.57,-22.64
44.49,-41.02,-8.67
56.09,-25.21,3.85
71.29,-20.94,14.59
83.01,-22.22,22.52
95.46,-22.09,23.19
109.50,-26.18,20.02
119.26,-35.83,19.90
129.15,-37.29,29.54
130.92,-39.18,26.79
121.83,-38.51,17.52
107.79,-35.22,14.22
91.80,-34.18,7.57
71.29,-26.61,3.36
57.01,-28.20,1.28
43.03,-19.23,4.27
34.42,-14.22,3.54
28.81,-9.46,1.10
26.67,-22.52,1.89
16.30,-19.23,-1.34
6.16,-19.41,-2.08
-0.37,-25.82,-4.09
-4.76,-29.66,-4.88
-8.36,-29.60,-5.25
-9.46,-27.04,-5.19
-11.54,-22.58,-4.76
-13.79,-17.09,-4.21
-14.53,-10.62,-3.54
-12.94,-4.03,-1.95
-9.46,3.42,0.85
-5.68,11.60,3.91
-2.14,19.29,7.14
-0.73,26.12,9.89
-1.04,33.02,12.33
-0.12,39.73,14.40
-0.06,47.06,16.24
















-,-,-
-1.59,-7.08,-2.26
-1.10,-6.04,-1.83
-0.18,-4.82,-1.34
0.06,-3.60,-0.79
0.18,-2.56,-0.43
0.18,-1.77,-0.31
0.67,-1.10,0.00
0.92,-0.43,0.12
1.10,0.24,0.49
1.16,0.37,0.67
1.40,0.18,0.37
1.34,-0.31,0.18
1.34,-0.67,0.31
1.22,-1.22,0.37
0.92,-1.71,0.18
0.55,-2.14,0.24
0.61,-2.08,0.24
0.61,-1.95,0.37
0.67,-1.83,0.55
0.73,-1.65,0.67
0.67,-1.40,0.92
0.55,-1.10,1.04
0.43,-0.61,0.92
0.37,-0.61,0.67
-0.06,-0.79,0.55
-0.55,-1.22,0.31
-1.04,-1.71,0.31
-1.46,-2.26,0.12
-1.77,-2.69,-0.43
-1.77,-2.99,-0.55
-1.71,-2.81,-0.31
-1.65,-2.50,-0.12
-2.26,-2.50,0.00
-3.05,-2.75,-0.12
-3.36,-2.93,-0.61
-3.97,-3.36,-0.79
-4.58,-3.78,0.00
-3.91,-3.66,3.23
-2.14,-0.67,10.13
2.38,5.13,22.77
10.56,10.13,39.49
14.59,14.04,48.65
17.64,16.36,57.13
18.01,19.96,63.11
18.92,21.55,62.99
22.71,25.88,75.13
21.06,31.07,81.30
23.93,32.41,87.89
23.32,31.43,97.41
22.89,23.74,101.62
21.06,21.79,100.34
21.61,19.96,106.81
18.86,19.23,110.96
18.01,17.58,111.08
19.17,12.45,107.85
18.49,14.16,104.13
18.86,14.89,104.06
20.08,16.05,106.14
20.08,15.14,103.94
11.84,14.77,92.04
11.23,7.32,87.59
8.42,7.14,83.31
5.68,5.80,73.43
5.68,0.12,64.21
6.35,-2.01,55.73
7.20,-3.11,49.56
5.68,-1.40,46.69
5.68,-2.44,43.15
5.31,-1.04,38.57
11.47,-2.20,47.61
4.33,0.49,41.44
3.60,5.98,22.16
2.01,7.81,6.77
0.92,9.77,0.98
-0.92,10.93,-2.20
-1.77,11.11,-5.07
-1.89,11.47,-9.09
-3.36,12.70,-15.93
-6.71,13.00,-29.24
-9.58,18.86,-56.03
-8.97,24.17,-85.14
-11.96,27.65,-108.22
-18.68,33.39,-121.83
-22.52,38.76,-128.85
-23.13,40.83,-130.80
-20.26,38.51,-130.00
-16.91,33.26,-127.75
-14.40,27.40,-122.07
-12.76,20.69,-110.60
-11.23,13.24,-93.26
-10.68,5.13,-72.20
-9.95,-3.85,-49.32
-8.97,-14.71,-27.77
-12.39,-29.42,-9.95
-14.10,-47.06,0.61
-14.16,-64.09,7.69
-16.72,-82.28,15.56
-19.78,-101.62,23.68
-24.60,-100.95,18.43
-25.02,-70.31,-6.35
2.81,-58.59,-14.95
17.70,-47.24,-6.10
22.95,-32.17,3.30
34.48,-16.30,5.00
46.14,-8.30,9.40
52.49,-2.56,15.75
67.99,-1.16,21.67
94.06,-19.29,30.21
106.63,-24.72,23.07
125.06,-34.30,18.55
137.94,-39.79,21.30
143.98,-39.12,21.48
141.24,-37.78,11.60
132.75,-37.96,9.70
112.98,-28.44,7.02
96.92,-17.88,6.35
80.63,-11.96,5.74
69.89,-11.78,6.53
60.85,-11.17,10.80
47.30,-1.53,7.93
36.68,-0.55,6.90
25.15,-2.08,6.53
20.51,-3.91,3.36
14.95,-8.06,-0.31
9.22,-13.24,-3.23
5.31,-19.78,-5.37
2.75,-25.21,-7.26
1.10,-28.02,-8.18
-0.37,-28.32,-8.42
-1.71,-26.86,-8.12
-4.03,-24.54,-7.08
-5.49,-20.87,-5.92
-5.37,-16.36,-4.94
-4.88,-11.84,-3.78
-3.60,-7.39,-1.95
-1.16,-2.87,0.37
1.10,1.53,2.38
2.08,4.94,3.91
2.44,6.90,4.58
3.11,7.51,4.21
2.62,6.84,3.36
1.28,5.13,2.08
-0.24,2.93,0.79
-1.16,1.04,-0.31
-1.40,-0.61,-0.98
-1.16,-1.40,-1.10
-0.73,-1.40,-0.49
-0.12,-0.18,0.00
0.24,1.28,0.67
0.18,3.05,1.16
0.06,5.68,1.95
-0.79,8.91,3.42
-2.20,12.82,5.68
-3.42,18.07,8.48
-4.76,24.90,12.57
-7.08,34.36,18.31
-8.91,46.81,24.78
-9.83,61.04,31.01
-8.48,75.56,35.46
-5.80,88.93,37.48
-2.99,96.68,40.71
-5.68,102.05,36.50
-9.16,100.10,18.01
-9.09,103.09,-1.95
-3.85,111.88,-14.34
3.48,120.73,-19.65
9.95,126.83,-19.71
16.24,126.95,-16.36
21.12,121.52,-11.23
22.22,113.46,-5.92
21.42,103.94,-1.65
16.91,94.85,2.99
10.86,86.67,7.39
5.31,80.51,11.66
0.31,75.38,16.36
-5.07,69.58,21.85
-9.70,62.32,27.16
-13.73,54.14,31.68
-18.74,45.23,35.34
















-,-,-
0.98,-0.31,0.67
0.92,-0.43,0.61
0.98,-0.43,0.55
0.98,-0.37,0.49
1.16,-0.55,0.37
1.34,-0.49,0.24
1.59,-0.49,0.24
1.59,-0.55,0.31
1.65,-0.49,0.31
1.59,-0.61,0.24
1.40,-0.55,0.37
1.10,-0.49,0.61
1.10,-0.61,0.55
0.92,-0.31,0.79
0.98,-0.06,0.79
0.92,0.24,0.92
0.92,0.55,1.04
0.79,0.73,1.04
0.67,0.61,0.98
0.85,0.37,1.04
1.04,0.31,0.85
0.92,0.18,0.85
0.85,0.31,0.98
0.85,0.43,0.98
1.10,0.55,0.79
1.10,0.43,0.85
0.98,0.49,0.73
0.92,0.43,0.49
0.85,0.43,0.37
0.61,0.61,0.49
0.49,0.98,0.61
0.55,1.46,1.10
1.59,3.42,4.27
3.60,7.57,12.27
7.51,14.71,27.04
8.30,15.01,30.64
10.99,11.66,33.94
12.51,9.03,39.37
12.70,13.18,43.76
15.44,16.05,51.51
13.85,18.74,51.39
14.10,13.85,47.42
15.26,17.40,56.70
17.09,18.07,67.20
15.26,15.87,65.00
14.53,11.72,58.90
12.76,11.05,52.80
9.46,10.19,49.07
8.91,11.05,42.36
7.69,13.55,47.67
5.80,14.10,49.80
6.84,12.21,57.86
5.55,16.91,62.62
7.81,17.82,74.46
3.60,21.12,81.79
4.46,22.89,85.88
0.67,22.40,83.92
2.20,18.31,81.73
0.06,13.61,75.62
1.22,12.27,70.74
3.30,12.45,77.58
2.56,9.16,83.92
1.89,7.20,83.31
3.17,8.42,77.70
5.55,6.53,77.64
2.93,6.16,73.36
5.19,0.12,67.99
1.04,-0.18,58.72
0.43,0.73,41.81
2.62,3.60,38.82
0.79,5.80,33.14
6.47,5.92,32.96
4.88,4.82,37.90
1.77,8.18,27.83
-2.20,8.54,14.10
-3.78,10.50,0.31
-2.32,13.31,-3.78
-3.23,16.66,-7.39
-6.41,19.10,-19.53
-14.28,17.94,-46.20
-21.18,19.10,-82.28
-24.05,17.64,-116.76
-26.61,18.31,-137.94
-27.71,20.26,-140.08
-26.00,21.91,-128.54
-23.74,24.48,-112.30
-19.10,25.82,-97.35
-12.08,24.23,-84.59
-6.29,20.81,-71.04
-5.62,15.26,-58.04
-4.58,8.36,-49.01
-4.21,2.32,-42.97
-5.80,-3.36,-38.82
-7.39,-10.62,-32.96
-6.47,-21.18,-24.11
-6.10,-33.51,-13.67
-6.65,-47.00,-3.72
-7.81,-61.89,6.04
-9.52,-80.08,15.69
-12.15,-92.29,20.57
-18.68,-57.62,3.78
-1.10,-53.53,-9.28
19.10,-48.89,-8.48
20.20,-37.96,0.37
24.60,-23.19,2.26
30.70,-12.15,1.34
31.49,-6.10,3.60
33.33,-4.39,5.86
39.12,0.24,5.43
47.12,2.20,7.20
60.73,-9.64,12.08
72.39,-17.64,10.44
85.75,-22.09,6.35
97.96,-27.34,5.74
108.83,-29.42,5.80
124.02,-40.59,13.00
127.93,-39.25,13.00
126.59,-31.92,8.06
128.05,-36.01,8.18
122.80,-33.33,15.63
111.33,-22.34,14.77
97.47,-15.44,9.03
82.64,-12.63,5.74
71.59,-12.76,11.90
55.48,-3.60,17.33
35.34,9.58,10.50
19.78,5.43,8.00
15.87,-1.83,5.37
9.95,-5.98,2.08
3.17,-13.73,-2.50
-2.75,-23.68,-6.90
-7.08,-30.82,-10.62
-12.08,-34.06,-12.27
-14.47,-33.39,-12.45
-14.77,-29.97,-11.78
-14.28,-24.60,-9.83
-13.43,-17.76,-6.59
-11.84,-10.19,-3.91
-8.67,-3.30,-1.16
-5.92,2.81,1.71
-3.17,7.69,4.27
-1.04,11.17,5.86
0.00,12.94,6.90
0.18,13.31,6.84
-0.55,12.39,6.04
-1.16,10.74,4.94
-1.59,8.91,3.78
-1.16,7.63,2.69
-0.61,7.02,2.38
0.67,6.59,2.50
1.77,6.47,2.20
2.14,6.35,2.50
2.32,6.35,3.05
2.38,6.53,3.42
1.89,6.84,3.30
0.92,7.02,3.17
-0.49,7.14,2.69
-1.71,7.45,2.20
-2.75,9.03,2.50
-3.36,12.27,3.72
-2.87,17.52,5.37
-3.36,23.93,6.77
-5.13,30.94,6.59
-6.10,37.84,5.68
-7.20,42.66,7.14
-10.38,48.52,7.02
-9.77,50.42,5.25
-10.62,58.53,1.71
-9.03,71.78,-3.48
-4.33,84.84,-9.77
1.77,95.21,-15.69
9.03,101.87,-18.55
16.24,104.86,-18.37
20.51,104.86,-15.44
23.38,101.56,-11.54
25.51,94.42,-8.61
25.45,84.84,-7.08
24.48,75.20,-6.41
23.44,66.41,-5.49
















-,-,-
1.22,0.18,0.43
1.04,-0.06,0.18
0.85,-0.43,0.24
0.92,-0.43,0.31
0.92,-0.49,0.24
1.16,-0.31,0.12
1.28,-0.37,0.06
1.16,-0.31,0.18
1.04,-0.37,0.12
0.98,-0.18,0.00
0.49,-0.24,0.31
0.67,-0.06,0.18
0.73,0.12,0.06
0.98,0.18,0.06
1.04,0.12,0.00
1.04,0.06,-0.06
0.92,-0.37,-0.06
0.67,-0.61,-0.06
0.61,-0.73,-0.06
0.55,-0.85,0.00
0.67,-0.67,0.31
0.85,-0.43,0.31
1.10,0.00,0.73
1.34,0.37,0.92
1.59,0.49,1.04
1.59,0.49,1.10
1.53,0.31,1.04
1.46,0.31,0.92
1.16,0.00,0.92
1.10,-0.18,0.67
1.04,-0.18,0.43
1.04,-0.31,0.06
0.98,-0.49,-0.18
0.67,-0.61,-0.24
0.00,-0.92,-0.18
-1.04,-1.59,-0.49
-1.83,-2.81,-1.16
-2.20,-3.97,-1.46
-2.01,-4.88,-1.40
-1.53,-5.55,-1.34
-1.16,-5.80,-1.16
-1.10,-5.25,-0.85
-1.10,-4.21,-0.55
-1.10,-3.05,-0.24
-1.40,-1.77,0.12
0.12,-0.31,3.05
3.85,1.71,12.76
4.58,3.05,19.53
6.10,4.52,26.37
4.15,5.07,25.94
7.93,5.00,30.88
11.47,6.59,39.86
18.55,2.69,51.51
20.75,3.66,60.18
22.22,7.45,62.38
24.41,11.54,65.00
22.64,16.48,69.15
22.40,14.40,66.10
23.56,14.10,68.79
24.84,11.66,74.04
22.46,10.99,70.07
25.76,7.75,68.36
26.43,9.58,76.54
24.72,11.90,83.56
25.63,9.46,90.64
24.17,4.09,91.80
20.26,1.53,84.72
19.10,3.72,79.77
15.56,-0.37,79.22
11.72,0.37,76.48
14.34,1.77,80.63
9.64,4.15,76.11
15.38,1.40,76.42
10.99,-0.43,73.79
9.22,1.28,65.98
7.93,2.14,53.28
12.45,-3.11,65.37
10.38,-4.09,73.43
4.15,-3.17,63.23
4.88,-4.15,53.96
4.64,-4.52,46.57
5.80,-5.37,50.35
9.70,-6.84,59.45
0.49,-8.06,56.52
6.35,-5.74,53.22
2.62,-5.86,49.32
1.10,-9.40,41.56
4.46,-5.00,35.83
2.87,-3.48,29.24
4.52,-4.58,26.49
0.73,-2.75,16.11
3.17,1.16,4.58
4.09,2.81,2.87
4.70,3.91,2.38
4.33,5.49,0.31
2.14,7.08,-2.14
-0.85,8.97,-3.85
-4.03,11.29,-5.31
-6.35,12.82,-6.35
-6.96,12.94,-6.53
-6.23,12.15,-5.80
-6.35,10.68,-4.70
-5.92,8.97,-3.97
-6.84,7.87,-3.72
-8.85,8.73,-5.49
-9.28,9.77,-7.81
-12.45,12.76,-17.88
-17.52,20.51,-43.88
-16.60,25.45,-73.12
-18.31,33.51,-92.41
-25.39,45.59,-98.94
-29.42,54.81,-100.59
-28.75,59.27,-99.49
-27.22,57.37,-95.58
-26.18,51.94,-90.52
-24.11,46.26,-86.85
-21.12,39.92,-84.05
-19.17,33.20,-80.63
-18.92,23.80,-76.84
-18.86,11.90,-71.11
-18.49,-0.73,-60.97
-18.92,-11.17,-47.55
-18.92,-19.78,-33.57
-16.72,-28.93,-20.63
-14.40,-39.73,-10.56
-12.88,-51.03,-4.15
-11.23,-62.44,0.49
-9.70,-74.65,5.31
-8.54,-86.12,10.44
-12.94,-67.44,9.83
-22.16,-35.22,-2.62
3.72,-35.16,-8.85
15.75,-31.92,-3.17
20.69,-20.75,4.64
27.16,-6.47,7.39
34.18,3.54,8.24
42.60,8.24,8.61
51.39,6.84,8.42
62.68,3.48,8.79
76.42,-7.32,10.25
90.64,-16.48,7.02
103.94,-17.15,3.85
116.76,-19.17,3.42
125.43,-20.51,1.10
128.42,-17.21,-2.20
126.71,-19.17,-9.58
119.38,-15.81,-5.80
114.38,-10.86,3.72
99.73,-9.34,4.88
90.58,-4.03,1.95
79.65,1.95,4.09
69.21,-2.44,1.40
58.04,-0.18,-2.26
53.59,-4.94,1.83
47.18,-6.96,-0.12
40.77,-2.56,-0.31
31.25,-7.26,-0.49
20.45,-4.09,-0.67
10.31,-5.25,-1.34
3.78,-9.40,-3.36
-0.61,-13.31,-4.88
-3.85,-16.11,-6.71
-6.71,-16.97,-8.06
-8.79,-16.30,-8.67
-10.62,-14.47,-8.18
-11.11,-11.35,-7.39
-9.95,-7.57,-5.74
-7.51,-3.23,-3.60
-5.25,0.85,-1.40
-4.15,4.21,0.37
-4.46,6.35,0.98
-5.74,7.14,1.04
-6.96,7.51,0.92
-7.87,7.63,0.85
-8.00,7.87,1.22
-7.45,8.61,1.89
-7.20,10.13,2.44
-7.51,12.57,2.99
-7.81,15.26,3.54
















-,-,-
-0.98,1.40,-0.55
-1.10,1.46,-0.55
-1.28,1.77,-0.49
-1.46,2.08,-0.37
-1.59,2.14,-0.18
-1.46,2.14,-0.24
-0.92,1.83,-0.37
-0.92,1.22,-0.55
-1.28,0.73,-0.55
-1.40,0.85,-0.61
-1.22,0.67,-0.43
-1.34,0.43,-0.49
-1.71,0.37,-0.61
-1.83,0.49,-0.92
-1.65,0.49,-0.73
-1.34,0.43,-0.67
-1.22,0.37,-0.49
-0.98,0.37,-0.55
-1.22,0.24,-0.49
-1.10,-0.12,-0.61
-1.04,-0.18,-0.18
-0.73,0.06,0.00
-0.67,0.24,-0.06
-0.79,0.18,-0.24
-0.73,0.00,-0.18
-0.49,0.18,-0.12
0.12,0.67,0.06
0.92,1.22,-0.06
1.22,1.22,0.12
1.16,0.92,-0.06
1.40,0.73,-0.18
0.85,0.31,-0.12
0.06,-0.43,0.00
-0.98,-0.67,-0.12
-1.59,-1.04,-0.55
-2.32,-1.22,-0.55
-2.99,-1.10,-0.31
-3.30,-0.55,-0.31
-3.85,0.00,-0.37
-4.82,0.31,-0.37
-5.43,0.18,0.67
-4.64,-0.06,4.09
-0.49,1.46,17.33
-1.89,4.64,23.07
-2.99,4.21,20.45
-3.72,3.11,20.57
2.14,3.85,30.33
7.57,4.58,45.96
10.80,4.52,49.13
13.92,4.82,50.29
14.59,5.92,51.09
19.17,7.75,59.33
22.16,11.72,67.50
27.28,12.27,76.60
29.30,11.17,80.20
30.27,10.56,78.12
35.10,13.55,84.17
35.34,10.50,89.90
41.44,13.31,99.98
41.93,18.74,113.22
43.03,13.92,117.98
45.53,7.93,124.57
30.76,7.87,118.04
30.58,5.13,111.33
25.09,2.93,104.74
25.27,-1.16,103.64
19.47,-2.56,99.85
20.45,0.24,92.29
13.06,2.44,77.76
19.23,-5.25,79.16
8.79,-6.41,71.59
10.68,-1.77,57.07
15.75,-3.91,57.07
4.03,-4.21,47.55
3.42,-2.32,29.79
4.52,-1.59,15.20
10.86,-3.48,24.05
3.23,0.31,16.97
7.20,3.91,3.91
9.16,5.98,0.37
8.06,7.51,-0.73
5.98,9.58,-6.41
2.38,12.76,-20.02
-3.54,15.44,-21.97
-17.46,22.95,-35.46
-21.12,27.04,-56.21
-25.51,30.21,-67.26
-26.73,28.81,-73.97
-25.76,24.54,-78.25
-25.88,21.73,-78.06
-26.79,21.48,-75.01
-26.73,24.41,-70.68
-25.09,27.59,-67.87
-22.71,28.87,-67.57
-19.65,26.67,-69.46
-16.17,22.77,-69.64
-13.24,19.41,-65.73
-11.96,16.60,-58.96
-9.77,12.70,-51.45
-7.20,6.47,-43.40
-4.64,-0.98,-34.97
-3.05,-6.84,-26.43
-1.83,-11.72,-18.68
-1.04,-17.03,-12.33
-0.61,-24.11,-7.81
-1.10,-33.20,-5.00
-1.40,-43.76,-3.60
-1.71,-46.51,-1.28
-10.86,-17.52,0.18
-2.26,-17.70,-0.79
4.82,-28.50,-2.38
9.70,-25.88,-2.50
13.18,-17.70,0.73
16.17,-9.58,4.39
20.75,-2.69,7.08
21.91,1.65,7.81
17.88,2.32,6.23
14.53,-0.49,3.42
8.42,-3.66,1.53
5.13,-6.10,1.16
4.64,-7.39,1.53
6.16,-7.08,1.40
7.63,-5.98,1.77
9.40,-4.46,2.81
10.56,-2.69,3.85
10.74,-1.53,4.33
8.24,-1.40,3.60
4.70,-2.32,2.08
1.65,-3.72,0.98
-0.37,-4.82,0.43
-0.12,-5.43,-0.24
0.67,-5.74,-0.73
-0.06,-5.62,-0.85
0.73,-4.88,-0.79
0.85,-3.23,-1.16
1.10,-1.46,-1.28
1.10,0.37,-1.28
1.83,1.83,-1.22
1.65,2.38,-0.73
0.85,1.89,-0.31
0.55,1.34,-0.24
0.85,0.73,-0.18
0.73,0.24,-0.06
1.28,0.31,0.18
2.56,0.98,0.79
4.15,1.83,1.77
5.80,2.62,2.99
8.00,3.11,4.03
10.56,2.93,5.31
14.34,2.50,6.47
19.10,1.65,6.65
23.50,1.22,5.55
29.97,-4.03,2.14
36.32,-5.80,-1.59
39.06,-6.77,-1.83
37.66,-17.58,-8.91
41.08,-23.07,-15.75
42.05,-25.45,-18.68
41.50,-16.17,-15.08
44.86,-14.89,-12.70
44.74,-9.77,-13.12
47.49,-6.41,-14.77
48.89,-2.87,-10.62
49.32,1.22,-5.37
46.57,0.43,-7.45
45.59,1.40,-10.13
45.17,-3.17,-8.67
42.85,-2.20,-8.73
40.28,-9.52,-11.41
33.87,-6.90,-11.60
28.08,-5.80,-10.93
27.16,-7.81,-8.12
25.09,-4.15,-7.75
26.31,-7.45,-10.74
25.02,-5.62,-8.42
20.45,-0.67,-5.13
12.33,1.22,-4.15
7.57,-0.43,-2.20
6.35,-1.40,0.24
6.16,-1.71,0.49
