-,-,-
1.59,-2.26,0.85
1.83,-3.78,1.40
1.40,-4.94,1.89
1.22,-5.80,2.20
1.40,-7.69,3.05
1.65,-11.05,4.15
1.46,-15.01,5.80
0.06,-17.58,6.71
-1.59,-16.42,4.27
-2.14,-11.96,-1.34
-1.46,-10.31,-3.91
-1.53,-9.03,-2.87
-1.83,-5.55,-2.01
-0.73,-1.71,-1.83
0.24,1.28,-0.79
0.98,3.72,0.24
0.92,4.88,0.73
0.61,4.70,0.67
0.12,4.15,0.12
-0.37,4.39,-0.79
-1.28,5.37,-1.16
-0.49,7.63,-2.26
-0.12,10.56,-4.33
1.46,12.70,-6.90
2.75,14.53,-9.28
4.94,16.42,-9.46
7.02,16.97,-7.81
7.51,15.44,-5.43
7.39,11.17,-2.99
6.65,4.52,0.73
4.82,-2.93,5.43
3.30,-9.89,10.01
1.53,-18.74,14.34
-0.92,-29.91,17.76
-5.68,-39.55,18.86
-9.22,-33.02,6.16
-0.98,-21.48,-2.20
7.81,-17.70,12.33
14.10,-13.55,38.02
20.20,-3.11,54.93
27.59,3.11,64.70
36.44,6.90,84.59
40.34,18.49,103.15
41.75,27.47,117.74
34.91,27.47,117.07
29.60,24.17,98.57
22.71,22.95,80.81
15.20,17.76,62.74
10.07,11.29,47.24
4.09,9.52,38.02
-1.83,8.54,23.56
-9.28,3.48,5.86
-13.73,0.24,-3.78
-17.27,-0.67,-5.07
-18.98,0.67,-7.20
-22.22,4.88,-13.12
-28.14,15.08,-26.25
-35.16,25.33,-38.27
-41.56,28.69,-49.38
-46.75,31.56,-54.99
-49.93,35.95,-53.96
-47.67,37.90,-46.57
-42.05,33.94,-36.38
-35.71,21.48,-26.06
-31.37,1.53,-13.67
-28.20,-20.14,1.40
-23.68,-42.05,18.19
-20.69,-63.42,30.46
-19.23,-60.18,16.97
0.98,-32.29,-8.79
25.09,-23.44,-6.53
37.35,-17.40,8.18
53.22,-9.64,17.15
73.24,-1.04,20.94
95.28,-10.68,33.26
109.99,-18.19,35.83
119.75,-21.06,33.20
126.10,-26.25,28.56
123.60,-16.54,29.17
117.19,-10.80,26.67
110.29,-12.21,24.72
86.98,-9.40,23.50
59.02,-7.32,19.04
35.28,-4.46,9.28
18.49,-5.37,5.80
7.14,-4.46,0.55
-2.44,-1.89,0.18
-8.30,-1.95,-1.10
-11.90,-4.33,-2.81
-15.56,-2.44,-4.21
-19.53,5.19,-8.67
-22.77,15.01,-17.70
-26.49,20.94,-33.87
-29.54,21.06,-48.10
-31.92,23.01,-57.31
-32.65,30.82,-67.57
-31.13,39.55,-79.28
-28.08,40.71,-87.04
-23.99,32.04,-86.85
-20.94,15.69,-77.27
-18.13,-5.31,-60.73
-13.98,-24.60,-41.26
-7.69,-39.67,-21.55
-1.34,-53.28,-5.43
3.66,-64.27,6.65
3.48,-49.99,9.34
6.16,-21.12,-1.22
9.52,-20.51,-3.54
-0.24,-21.85,-2.26
-3.78,-15.01,3.72
1.77,-6.04,22.40
14.34,1.46,54.57
27.47,8.24,82.34
35.40,18.62,100.52
36.80,25.33,113.89
34.91,24.96,118.04
31.56,24.72,122.13
27.04,24.35,126.53
19.04,25.82,119.75
14.65,18.86,114.62
8.91,11.47,102.29
6.65,3.11,85.39
9.40,3.78,58.47
8.36,2.93,61.22
3.23,5.19,45.96
2.14,8.30,15.50
0.18,8.85,14.16
-1.89,10.13,7.69
-2.56,11.11,-0.37
-3.11,13.73,-4.15
-6.96,18.37,-19.17
-12.51,21.73,-55.24
-19.17,23.99,-88.81
-26.18,27.77,-107.18
-29.85,34.73,-104.98
-26.49,41.93,-86.98
-22.28,47.36,-67.87
-20.08,46.57,-55.24
-19.47,36.44,-46.02
-16.54,18.92,-37.29
-13.37,0.31,-30.40
-10.50,-13.73,-23.50
-7.32,-26.73,-11.66
-3.97,-41.56,2.93
-3.60,-57.80,14.65
-5.37,-74.52,19.90
-7.14,-85.45,17.70
-6.71,-60.85,-0.67
10.93,-46.57,-11.35
27.71,-38.64,-8.91
35.89,-24.54,2.62
44.13,-6.23,9.46
54.81,7.69,14.34
64.64,5.13,18.07
73.36,-12.94,12.45
82.70,-12.15,5.62
89.36,-14.28,3.11
96.68,-24.72,-5.00
99.85,-25.57,-8.61
99.43,-29.11,-6.47
91.43,-21.67,-3.85
82.46,-20.57,-0.06
67.81,-7.75,10.86
50.66,0.79,8.24
32.10,8.30,8.91
16.54,6.65,8.24
6.90,-3.17,2.81
0.61,-12.02,-1.83
-2.81,-20.08,-4.64
-5.13,-24.96,-6.59
-7.57,-25.70,-7.69
-8.79,-23.38,-7.81
-8.36,-18.49,-6.23
-6.90,-11.47,-3.85
-4.82,-4.09,-0.61
-3.54,2.44,2.56
-2.50,8.12,5.07
-1.71,12.63,7.45
-0.55,16.36,9.83
0.98,19.29,11.35
















-,-,-
2.50,-0.24,1.34
2.20,-0.67,1.10
1.83,-0.92,0.92
1.28,-0.98,0.73
1.22,-0.79,0.73
1.40,-0.61,0.73
1.28,-0.49,0.85
1.40,-0.06,0.92
1.71,0.00,0.85
1.71,-0.06,0.92
1.89,0.06,0.92
2.14,0.06,0.85
2.50,-0.24,0.92
2.50,-0.49,0.85
2.81,-0.73,0.79
2.99,-0.85,0.67
2.69,-1.16,0.49
1.89,-1.77,-0.37
1.28,-2.50,-0.92
1.10,-2.93,-1.10
0.98,-3.17,-1.10
1.16,-3.05,-1.10
1.46,-2.81,-0.73
1.59,-2.26,-0.43
1.59,-1.77,-0.12
1.95,-1.34,-0.18
2.08,-1.10,0.43
1.95,-1.10,0.98
1.95,-1.10,1.28
3.11,-0.79,3.72
4.21,0.18,9.09
7.08,2.26,16.17
13.12,5.13,30.03
19.65,6.59,41.14
26.00,9.70,55.48
32.65,13.79,70.80
39.31,15.08,86.91
39.25,22.89,94.48
40.41,24.35,95.52
39.18,19.71,96.50
36.38,20.02,93.26
31.19,15.75,84.78
22.89,15.38,59.57
17.88,13.98,47.79
9.83,9.22,36.93
7.93,4.33,31.25
2.20,3.11,20.63
1.53,3.85,12.76
-1.77,5.00,15.56
-5.98,5.74,10.68
-10.44,4.39,1.16
-16.30,2.87,-2.93
-20.75,1.16,-6.90
-24.96,3.11,-15.32
-31.19,8.73,-31.07
-40.89,12.94,-50.72
-49.50,8.85,-59.08
-56.21,9.64,-54.99
-57.56,19.35,-45.65
-53.83,30.33,-35.71
-47.97,35.34,-27.59
-42.18,31.19,-21.48
-38.02,19.47,-15.50
-34.73,3.54,-7.39
-31.80,-12.08,3.17
-27.71,-27.28,15.87
-22.83,-43.03,26.79
-19.53,-41.32,18.68
-7.63,-21.61,-5.37
18.25,-17.82,-7.08
32.90,-13.00,6.04
48.58,-2.87,14.59
67.99,1.16,18.19
83.13,-3.17,25.09
95.21,-16.60,23.99
109.80,-23.68,19.10
120.00,-20.75,19.71
124.33,-22.16,18.80
126.10,-22.58,20.57
123.47,-14.59,19.41
119.51,-13.00,20.14
103.03,-10.25,15.75
77.51,-8.97,14.65
52.00,-7.45,10.86
27.95,3.36,8.42
12.94,1.34,4.21
2.69,3.72,2.99
-5.31,3.85,2.14
-13.06,0.67,-0.37
-20.14,-4.46,-3.66
-24.66,-6.29,-7.08
-28.81,-1.95,-12.88
-33.45,5.13,-26.31
-39.86,11.90,-46.02
-48.58,15.38,-61.28
-54.20,19.53,-72.88
-54.69,25.76,-85.51
-51.27,30.52,-99.85
-46.88,29.48,-109.99
-40.65,20.81,-110.96
-33.26,6.71,-100.89
-23.93,-9.22,-81.54
-18.86,-23.56,-56.46
-13.67,-36.01,-29.66
-6.90,-48.83,-5.43
-2.81,-60.97,13.92
-3.17,-45.35,12.51
1.59,-18.07,-1.34
8.67,-19.29,-2.56
-2.08,-26.67,-2.62
-3.11,-21.36,-3.23
4.88,-10.31,5.98
12.02,-2.69,33.26
22.52,7.26,66.65
40.41,15.44,97.05
53.65,24.11,126.46
57.07,32.35,148.68
55.36,35.03,154.60
50.72,37.72,156.49
42.91,33.26,153.26
32.71,28.08,131.90
26.98,21.12,105.22
19.78,16.48,88.13
13.18,16.17,73.30
9.28,10.56,66.04
4.94,11.66,53.16
2.20,9.77,41.99
-0.12,10.13,28.32
-1.83,10.68,12.39
-2.87,11.47,-0.18
-5.13,12.33,-5.92
-10.56,12.94,-25.70
-17.03,11.84,-60.67
-23.01,10.86,-95.03
-26.06,13.55,-113.28
-28.26,20.39,-115.36
-28.87,25.27,-105.59
-27.04,25.76,-85.57
-23.56,24.17,-61.83
-19.23,18.55,-41.75
-15.69,6.47,-28.14
-12.15,-9.09,-19.23
-7.57,-24.72,-10.50
-1.28,-41.14,0.67
2.75,-57.01,13.37
1.65,-60.18,17.15
-0.31,-34.91,-1.59
19.10,-29.17,-9.64
33.69,-25.33,-1.83
48.10,-15.32,9.09
69.15,-2.75,17.03
84.72,-4.88,23.62
93.81,-7.93,23.07
103.94,-8.18,21.42
109.56,-10.80,19.53
111.88,-13.31,20.32
104.13,-7.75,16.54
96.19,-6.16,11.96
89.84,-5.00,13.06
79.83,-2.69,14.59
63.23,-0.92,11.72
41.02,3.54,9.64
23.99,-0.31,8.48
14.34,0.06,6.16
6.84,-0.37,3.72
3.66,-8.06,-0.31
1.46,-14.77,-3.11
-1.34,-17.64,-4.58
-4.39,-16.48,-4.82
-6.29,-12.08,-4.64
-7.75,-6.65,-3.97
-8.00,-1.34,-2.75
-7.81,5.07,-0.12
-6.77,11.60,2.87
-5.68,16.91,5.43
-4.64,20.75,7.32
-4.88,23.07,8.67
-6.84,24.54,9.16
-8.48,26.55,9.34
-10.07,30.09,8.30
















-,-,-
-0.73,-3.66,0.37
-0.55,-4.33,0.49
-0.18,-5.43,0.55
-0.67,-6.53,0.67
-1.34,-7.63,0.85
-2.44,-8.79,1.04
-3.11,-9.83,1.46
-3.36,-10.25,1.71
-3.66,-9.89,1.59
-3.66,-8.97,1.16
-3.11,-7.69,0.43
-1.89,-6.41,-0.06
-1.34,-4.46,-0.73
-1.10,-2.14,-1.59
-0.67,0.12,-1.83
-0.18,1.89,-1.65
0.49,3.17,-1.34
0.85,3.97,-1.10
1.16,4.15,-0.92
1.10,3.91,-0.92
0.92,3.85,-1.53
0.49,4.33,-1.77
0.43,4.39,-1.65
0.37,4.15,-1.83
-0.12,3.54,-1.71
-0.55,2.75,-0.98
-0.49,2.14,0.00
0.00,1.65,0.49
0.43,0.55,0.85
1.16,-1.46,1.53
2.26,-4.94,2.81
4.21,-10.31,4.15
5.43,-18.86,5.07
4.09,-23.74,4.03
2.44,-18.43,-1.77
6.23,-13.85,-4.52
11.23,-14.77,1.16
11.05,-10.80,4.82
13.12,-4.15,9.03
18.55,0.98,24.96
27.89,7.02,52.92
37.05,16.54,72.51
49.19,21.73,87.71
53.59,22.40,94.67
51.94,26.00,96.01
45.59,28.93,95.34
33.63,30.52,80.99
26.55,26.61,70.68
17.33,20.51,58.96
7.08,14.77,38.33
0.18,9.64,21.12
-6.47,4.64,9.58
-10.25,0.92,6.47
-15.20,-1.40,-4.88
-19.29,-2.62,-15.50
-24.35,0.06,-20.63
-31.25,3.60,-26.67
-39.49,5.68,-37.29
-44.01,8.00,-47.06
-47.00,11.29,-50.35
-45.23,13.85,-46.02
-39.37,13.49,-37.23
-32.71,8.61,-26.37
-27.28,0.24,-13.37
-22.34,-9.58,0.61
-16.42,-22.03,14.71
-11.41,-34.24,21.36
-8.30,-20.87,2.87
5.00,-12.08,-7.39
16.78,-11.84,0.73
21.85,-6.16,5.86
33.63,2.81,8.06
45.65,6.10,14.95
58.53,5.92,24.90
74.46,-0.92,27.83
86.00,-5.13,26.00
92.35,-10.31,22.89
95.70,-9.16,22.16
98.88,-15.50,18.80
101.99,-22.89,12.33
103.03,-23.62,12.45
99.73,-22.16,8.12
96.07,-24.96,4.64
85.33,-25.39,3.05
68.30,-10.01,1.46
51.03,-10.13,2.75
34.12,-7.51,6.35
16.17,-1.89,4.88
2.99,0.79,1.10
-6.96,-2.08,-0.73
-12.82,-5.25,-2.26
-15.63,-7.14,-3.11
-18.13,-6.10,-3.23
-20.45,-3.17,-3.42
-22.46,0.61,-3.78
-26.00,5.86,-6.41
-30.88,10.93,-17.82
-38.76,13.12,-41.08
-45.23,11.41,-62.26
-49.32,7.69,-76.60
-51.94,9.70,-86.61
-51.33,14.71,-94.91
-47.85,16.30,-100.34
-41.75,11.35,-100.10
-35.64,0.79,-93.51
-29.97,-14.16,-76.90
-21.30,-31.43,-51.09
-13.12,-45.90,-25.21
-7.39,-55.66,-5.31
-5.74,-35.16,-4.21
-0.43,-7.45,-8.85
10.25,-9.09,-3.17
3.78,-15.63,4.46
1.59,-12.33,0.79
2.81,-8.42,-2.01
3.54,-7.26,6.41
10.25,-5.74,23.13
22.95,2.38,48.34
37.17,8.61,73.06
47.73,15.63,92.65
58.96,21.06,112.43
62.01,29.24,134.58
61.28,36.93,145.69
57.74,30.27,146.24
50.17,27.22,133.79
41.99,16.72,118.29
30.88,15.81,90.94
27.16,13.37,75.07
19.71,10.25,70.19
13.49,8.48,54.02
9.28,6.41,42.54
4.88,4.03,35.95
1.46,4.82,31.31
-3.42,4.46,17.58
-4.76,5.25,2.20
-6.16,6.10,-1.89
-7.93,7.51,-3.60
-7.87,10.50,-6.23
-10.13,16.66,-14.16
-15.69,22.52,-31.31
-21.91,25.39,-59.20
-25.76,23.19,-84.78
-33.14,21.79,-95.34
-35.46,23.13,-92.83
-34.55,26.43,-83.07
-31.19,28.75,-70.74
-26.55,27.10,-58.29
-21.85,18.68,-47.55
-17.76,4.70,-38.94
-14.83,-10.86,-29.97
-11.11,-26.92,-18.13
-6.65,-43.70,-4.09
-3.42,-60.55,9.77
-0.61,-74.40,20.39
-0.55,-53.34,10.01
7.20,-32.04,-8.00
33.02,-28.32,-9.83
36.44,-23.44,-3.23
45.72,-10.19,2.69
58.23,0.06,12.15
67.81,-0.49,15.08
81.30,-10.93,9.46
92.04,-11.78,2.62
100.83,-19.65,-0.92
103.33,-17.94,1.40
108.52,-19.65,1.65
111.27,-18.13,4.58
108.52,-18.49,3.23
103.52,-18.43,2.44
90.88,-12.94,0.85
76.05,-5.19,4.64
64.45,-5.31,5.74
50.05,4.03,5.19
37.90,5.37,9.40
26.43,4.39,4.27
18.80,3.66,6.77
14.95,-2.38,5.98
12.51,-7.93,3.60
9.22,-11.96,1.83
4.58,-14.77,-0.37
















-,-,-
0.92,2.87,-0.31
1.46,3.36,-0.31
2.01,3.42,-0.12
2.38,3.48,0.12
2.44,3.48,0.43
2.50,3.42,0.61
2.50,3.23,0.79
2.38,2.62,0.61
1.89,2.14,0.31
1.53,2.08,0.06
1.65,1.71,0.31
1.28,1.22,0.61
1.22,1.04,0.61
1.28,1.28,0.49
1.40,1.16,0.79
1.53,1.04,1.16
1.71,0.67,1.40
1.71,-0.06,1.34
1.83,-1.22,1.04
1.22,-2.01,1.10
0.85,-1.89,1.28
0.61,-1.10,1.53
0.73,-0.18,1.53
1.22,0.31,1.59
1.89,0.24,1.28
2.14,-0.73,1.10
2.20,-1.95,0.98
2.56,-3.66,1.53
3.05,-6.53,2.26
2.81,-11.23,3.30
2.56,-16.72,4.58
3.11,-24.35,6.59
2.75,-31.74,8.61
3.36,-32.29,6.47
4.70,-22.95,-1.53
6.47,-18.92,-3.23
6.71,-18.62,1.89
9.28,-15.01,11.78
17.40,-7.51,26.31
28.93,0.24,48.58
46.69,3.54,75.38
60.30,9.40,96.68
67.26,17.15,109.62
61.83,18.74,105.29
53.59,16.24,98.27
44.01,12.27,83.74
35.40,10.19,69.58
24.78,12.15,55.30
17.21,10.99,48.10
10.07,8.12,43.76
3.48,7.20,32.90
-1.65,4.64,15.99
-5.25,2.81,13.73
-10.19,1.16,3.36
-12.51,-1.59,-5.19
-15.75,-3.42,-8.36
-18.80,-2.38,-13.12
-23.50,3.60,-23.74
-30.27,8.67,-38.82
-36.19,6.53,-50.96
-42.36,7.69,-58.65
-45.84,14.83,-56.70
-43.88,25.94,-47.06
-37.90,35.83,-36.44
-30.15,36.74,-27.71
-24.41,27.34,-20.51
-21.85,11.78,-12.39
-20.81,-3.78,-2.32
-19.29,-17.03,10.07
-15.63,-29.91,21.91
-12.08,-41.20,27.59
-10.68,-24.23,10.25
0.85,-16.17,-5.13
13.98,-17.46,-1.59
20.57,-13.73,6.10
33.39,-2.20,9.46
49.80,1.77,15.99
67.93,-2.87,22.09
84.84,-6.65,22.03
99.91,-14.28,17.88
107.79,-21.97,14.53
110.41,-27.59,12.02
112.49,-36.99,4.03
110.29,-30.40,4.27
105.65,-27.83,2.20
98.14,-26.31,3.11
80.63,-18.49,6.35
54.93,-14.77,-6.29
35.03,-9.70,-3.48
15.69,-0.31,1.40
1.77,4.46,1.77
-6.47,-1.40,-0.49
-12.94,-6.23,-3.48
-17.09,-9.40,-5.31
-19.90,-8.36,-5.92
-23.62,-3.78,-6.04
-23.86,2.69,-6.84
-26.18,9.70,-11.05
-31.56,14.89,-25.76
-39.25,15.08,-50.42
-45.35,12.70,-71.66
-48.03,16.05,-84.29
-49.44,24.90,-92.22
-49.26,32.96,-97.66
-48.46,33.81,-98.63
-46.57,26.67,-93.38
-41.14,14.10,-80.81
-33.87,-0.98,-62.81
-28.81,-16.30,-43.95
-25.70,-31.98,-26.37
-22.03,-46.57,-10.25
-17.09,-59.45,2.99
-12.51,-67.69,11.35
-6.16,-36.68,-3.78
1.83,-22.71,-6.77
11.41,-24.48,-0.31
7.69,-23.25,3.30
9.22,-15.44,-0.49
10.44,-12.15,2.32
11.17,-9.46,17.94
24.23,-3.17,40.59
44.31,3.85,71.84
57.37,12.70,97.78
64.51,18.92,109.25
69.46,23.86,125.24
67.75,25.70,136.11
63.11,23.80,135.31
56.58,24.35,130.07
49.13,24.29,127.75
36.74,21.73,107.36
29.36,16.91,87.22
20.63,5.25,78.19
12.82,4.52,59.57
8.24,5.49,46.26
2.26,9.70,38.21
-0.67,6.77,37.60
-4.39,9.46,25.76
-6.77,9.83,6.41
-7.32,10.31,-3.36
-8.67,11.84,-4.58
-11.17,16.11,-13.06
-13.61,19.35,-35.77
-19.41,20.57,-67.81
-26.98,20.14,-91.43
-33.69,23.25,-99.18
-35.83,28.99,-95.21
-33.81,33.08,-85.94
-30.64,33.87,-75.32
-26.18,29.48,-63.29
-21.00,20.08,-51.03
-16.78,7.45,-38.27
-12.57,-6.04,-24.54
-8.54,-19.96,-10.86
-2.56,-37.60,2.20
2.44,-58.23,13.73
5.07,-78.37,22.52
8.85,-77.58,20.75
14.10,-44.74,1.65
41.38,-35.95,-1.83
58.11,-28.14,8.73
66.77,-15.01,17.21
78.55,-4.15,17.76
84.59,-14.10,10.99
91.61,-22.64,1.83
100.89,-28.32,-1.53
105.77,-30.82,-3.85
106.93,-36.32,-6.47
104.00,-22.52,-3.66
107.30,-19.84,3.48
103.27,-14.65,6.90
89.23,-12.45,3.60
69.82,-9.89,5.55
49.07,-7.57,2.93
32.04,5.86,5.43
20.94,10.13,9.34
17.33,-3.97,5.25
9.77,0.18,5.25
4.52,-7.51,1.77
2.01,-14.53,-1.65
0.43,-17.15,-3.30
















-,-,-
2.08,-0.37,0.37
2.50,-0.79,0.24
1.89,-1.34,0.37
1.77,-1.71,0.37
1.59,-2.01,0.43
1.59,-2.14,0.37
1.83,-2.14,0.00
1.59,-2.08,-0.06
1.22,-2.08,-0.06
0.98,-2.14,-0.06
1.04,-1.95,0.00
1.40,-1.71,0.24
1.46,-1.59,0.24
2.01,-1.28,0.18
2.62,-0.98,0.31
3.17,-0.67,0.49
3.66,-0.24,0.73
3.60,-0.12,0.98
3.30,0.00,0.92
2.87,-0.06,0.79
2.14,-0.24,0.37
1.59,-0.67,-0.06
1.10,-1.16,-0.67
1.04,-1.46,-0.79
1.34,-1.46,-0.61
1.34,-1.59,-0.79
1.40,-1.65,-0.79
1.28,-1.71,-0.85
0.79,-1.71,-1.22
0.49,-1.71,-1.28
0.12,-1.77,-1.46
-0.37,-1.83,-1.28
-1.04,-1.46,0.49
-0.73,-0.73,4.70
2.99,1.46,15.63
11.29,4.21,35.46
21.24,8.67,50.72
32.65,10.01,62.50
39.25,8.79,72.33
43.76,9.89,81.36
46.57,13.24,86.30
50.42,12.15,99.30
47.67,8.73,102.60
42.54,4.03,86.79
38.57,2.44,74.04
28.44,6.59,60.91
20.02,5.00,48.89
15.20,3.72,39.12
10.31,2.56,36.01
4.76,0.79,23.19
1.46,1.28,7.57
-1.65,2.75,3.72
-4.76,2.69,2.75
-7.14,2.01,1.22
-10.07,0.98,-0.85
-12.39,-0.06,-4.70
-15.93,-1.16,-13.24
-23.50,-3.05,-25.57
-31.68,-5.49,-34.42
-39.49,-4.64,-39.37
-44.80,-0.73,-39.00
-46.02,5.43,-31.92
-44.31,13.67,-19.84
-40.53,21.42,-8.30
-35.52,24.23,-0.43
-28.38,18.25,4.82
-21.61,4.21,8.85
-18.74,-13.43,12.57
-16.85,-26.67,14.40
-11.90,-12.02,8.06
3.60,-5.49,-0.31
17.94,-6.47,-1.65
27.28,-3.05,5.13
39.92,5.31,10.19
58.35,12.57,16.17
74.40,12.57,24.23
90.15,9.83,22.95
105.04,5.68,18.31
111.15,6.65,14.34
113.59,2.44,7.14
114.75,2.08,1.71
111.88,2.62,-0.79
108.28,-1.10,-2.44
97.66,-0.06,-5.62
76.78,-7.20,-10.93
50.90,-6.84,-15.01
26.73,-5.31,-15.14
10.86,-9.16,-14.77
1.95,-7.02,-13.37
-6.23,-3.36,-8.97
-13.18,-5.55,-6.10
-21.24,-12.21,-8.54
-28.69,-17.40,-12.70
-35.22,-17.15,-16.54
-41.38,-9.40,-25.39
-44.80,0.43,-36.99
-47.73,7.69,-45.17
-52.12,12.08,-52.19
-56.46,16.66,-61.04
-58.84,22.58,-71.35
-58.29,28.14,-82.82
-55.24,29.17,-92.96
-50.11,22.34,-97.29
-45.41,9.46,-92.71
-38.94,-5.55,-79.10
-28.93,-20.87,-58.59
-17.82,-35.10,-36.93
-8.42,-46.14,-18.25
-0.67,-50.60,-3.97
5.37,-14.40,-2.20
18.37,3.11,-3.36
29.36,-4.03,-0.43
22.89,-11.47,3.05
16.24,-6.53,2.20
11.23,-5.62,-0.98
6.35,-7.51,0.31
11.47,-9.34,11.11
23.19,-8.24,30.03
40.41,-5.92,60.61
56.95,1.53,94.36
65.19,10.44,116.21
68.85,14.22,124.33
68.36,17.64,128.05
66.35,15.50,130.68
61.16,13.61,122.74
57.50,14.83,114.14
49.26,10.38,107.54
41.63,5.43,94.48
30.09,4.21,76.23
22.28,2.20,59.39
13.55,3.42,46.63
7.87,0.31,38.64
1.77,-1.22,26.86
-0.18,-2.50,22.34
-4.58,-0.98,11.78
-5.55,-0.37,2.44
-7.26,-0.43,1.53
-9.16,-0.49,-0.49
-10.68,0.24,-3.17
-14.53,1.83,-6.41
-19.35,5.13,-18.13
-25.51,9.46,-41.44
-33.57,12.94,-69.76
-41.99,15.75,-89.60
-48.52,22.09,-98.02
-49.50,29.97,-95.46
-44.80,34.18,-82.28
-36.62,33.94,-63.17
-27.16,29.17,-45.35
-19.23,19.53,-32.47
-13.98,5.49,-24.11
-7.87,-10.01,-16.78
1.04,-28.38,-7.51
10.44,-49.80,4.39
16.60,-72.63,17.94
23.99,-62.13,23.68
27.10,-11.66,12.51
56.03,1.59,4.76
67.93,-4.09,7.14
80.75,0.24,11.05
92.47,6.47,12.88
97.72,10.44,10.80
106.51,7.02,8.12
112.37,3.48,5.98
115.42,-3.72,0.79
108.83,-0.06,-5.80
104.43,-1.77,-9.03
96.92,-2.01,-8.36
83.80,-1.04,-3.23
67.20,-1.77,-4.03
51.21,-1.16,-6.35
32.96,0.85,-7.14
21.55,-0.67,-7.08
14.22,0.18,-2.14
10.13,-2.01,-1.40
8.61,-5.62,-2.20
7.93,-10.07,-2.75
7.81,-12.02,-2.81
6.96,-11.23,-2.01
5.19,-8.61,-0.85
















-,-,-
2.69,2.26,-2.75
2.62,1.95,-2.44
2.62,1.53,-1.46
2.62,0.67,-0.49
2.26,-0.24,0.61
1.77,-1.04,0.92
1.28,-1.65,0.98
0.98,-1.71,0.85
0.61,-1.40,0.49
0.73,-0.55,-0.06
0.85,0.37,-0.55
1.22,0.79,-0.49
1.65,0.67,0.00
1.83,0.85,0.31
1.77,1.22,0.43
1.89,1.16,0.67
1.71,0.79,1.28
1.40,0.49,1.22
0.61,0.18,0.92
0.31,0.00,1.04
0.00,0.00,1.04
-0.31,-0.12,1.04
-0.06,-0.18,1.46
0.43,-0.55,1.53
0.85,-0.79,1.28
0.79,-0.37,0.85
1.16,0.18,0.00
1.34,0.31,-0.98
1.46,0.61,-1.77
1.22,0.92,-2.69
0.73,1.28,-4.15
0.92,1.28,-5.68
1.89,1.10,-7.08
2.44,1.22,-7.26
2.08,1.53,-7.32
1.40,0.92,-7.81
-0.61,-0.61,-8.97
-1.34,-2.50,-8.36
-0.12,-6.59,-5.55
0.67,-14.10,-0.85
1.34,-24.05,6.77
-0.79,-27.89,13.18
-5.86,-18.55,12.76
-2.75,-12.27,12.70
8.85,-14.47,34.79
24.54,-10.07,73.91
38.57,3.91,105.90
55.48,18.68,128.78
67.87,24.66,144.84
67.81,26.92,149.90
57.92,24.72,141.36
41.63,25.88,120.30
27.59,23.68,96.44
17.03,20.32,71.04
10.07,15.08,50.23
2.20,10.80,34.67
-4.39,11.23,22.09
-9.58,8.36,12.63
-14.10,4.82,-1.16
-15.44,2.14,-12.76
-19.10,2.75,-21.12
-25.57,5.00,-33.08
-31.98,5.98,-49.19
-38.45,4.33,-63.17
-47.30,4.27,-74.28
-57.74,7.39,-80.63
-63.29,13.24,-80.02
-60.79,18.98,-71.72
-53.77,21.42,-58.72
-45.17,16.36,-42.60
-37.72,4.09,-22.64
-30.15,-12.57,-0.55
-20.57,-34.61,21.06
-18.43,-50.78,26.79
-9.28,-33.75,1.53
14.53,-16.11,-6.41
41.63,-11.84,8.30
58.65,-16.24,28.08
76.05,-12.39,34.42
95.89,-15.75,35.46
111.39,-27.28,36.19
122.62,-36.13,34.06
127.87,-35.16,24.60
132.26,-39.06,21.61
126.16,-36.99,21.85
110.23,-30.09,21.55
81.97,-17.40,18.31
53.65,-11.60,17.64
27.40,-5.07,13.31
12.21,-2.50,10.80
2.26,1.89,7.81
-6.90,5.55,0.24
-12.70,2.69,-4.21
-18.13,-1.77,-5.19
-22.40,-0.37,-8.36
-27.53,7.69,-18.86
-34.30,15.69,-44.07
-39.79,15.75,-73.00
-45.41,16.24,-91.98
-48.10,23.19,-104.86
-45.04,31.56,-116.82
-38.70,32.71,-125.06
-31.98,23.68,-124.63
-26.49,7.32,-111.33
-17.03,-11.72,-81.54
-2.56,-28.99,-41.14
8.54,-43.82,-3.91
13.55,-58.53,23.07
7.45,-67.93,39.06
-2.81,-39.25,20.75
-2.08,-25.33,0.00
2.50,-25.33,14.77
10.93,-24.78,55.97
21.55,-10.68,76.05
37.23,5.74,86.98
53.28,15.38,115.72
59.39,19.65,137.33
64.45,23.19,159.30
62.68,27.83,168.33
53.04,25.70,158.08
41.44,21.55,140.56
29.79,20.26,112.12
23.80,13.79,91.55
16.36,15.20,79.83
10.25,10.80,65.06
4.64,10.31,44.19
0.67,8.06,32.71
-1.65,7.39,24.78
-5.74,6.90,13.43
-8.48,7.63,-1.65
-10.25,8.42,-7.93
-12.82,10.74,-17.64
-16.60,13.43,-41.63
-21.30,15.69,-72.51
-30.09,17.82,-98.94
-39.25,19.65,-114.50
-43.76,21.24,-112.12
-40.10,22.09,-95.70
-32.84,21.30,-75.68
-25.27,16.54,-57.56
-19.53,5.37,-41.26
-13.31,-12.27,-26.25
-5.68,-34.67,-11.72
0.55,-57.92,2.87
3.66,-61.95,9.40
7.02,-34.61,-0.61
32.23,-25.02,-1.53
49.80,-28.26,3.72
63.90,-34.06,8.36
77.94,-32.47,7.14
88.44,-16.72,13.43
106.57,-25.63,22.22
117.68,-25.27,26.06
125.31,-26.25,27.28
123.84,-23.93,23.56
118.90,-23.80,15.38
107.06,-17.52,12.27
93.20,-12.08,13.92
76.05,-5.49,18.01
59.02,1.16,13.43
43.03,5.74,8.36
30.94,3.97,6.35
22.71,1.22,7.45
15.32,-0.92,4.88
10.25,-6.47,1.83
5.74,-11.29,0.12
1.46,-14.77,-1.53
-2.56,-15.44,-2.32
-5.25,-11.96,-2.20
-5.68,-6.77,-0.92
-4.76,-1.10,1.16
-4.39,4.76,3.17
-3.97,10.38,4.94
-3.36,15.50,7.08
-2.32,20.14,9.16
-1.22,24.41,11.17
-0.98,27.89,12.45
-2.14,31.07,12.51
-4.52,35.10,10.19
-5.68,37.78,10.13
















-,-,-
5.86,3.30,2.08
4.58,2.08,1.89
2.99,0.73,1.59
2.08,-0.55,1.22
1.89,-1.65,0.73
2.01,-2.20,0.18
2.14,-2.38,0.24
2.50,-2.14,0.49
2.87,-2.08,0.98
3.48,-2.14,1.46
3.72,-2.38,1.53
3.60,-2.56,1.28
2.75,-2.69,1.16
2.44,-2.50,1.04
2.50,-2.26,0.98
2.69,-1.83,0.98
2.50,-1.28,1.04
2.50,-0.92,0.92
2.69,-0.67,0.79
2.69,-0.73,0.67
2.44,-0.92,0.49
2.14,-1.04,0.24
1.77,-1.10,0.37
1.65,-0.98,0.43
1.65,-1.04,0.55
1.71,-0.73,0.67
2.01,-0.67,0.61
2.38,-0.67,0.79
2.56,-0.92,1.04
2.81,-1.16,1.16
3.05,-1.28,1.16
3.17,-1.34,1.34
3.11,-1.34,1.40
2.69,-1.40,1.34
1.71,-1.65,1.16
0.79,-2.14,0.61
-0.67,-2.81,-0.18
-2.38,-3.48,-1.04
-4.82,-3.97,-2.26
-7.45,-4.27,-3.48
-7.08,-3.78,-0.18
2.69,-0.73,17.88
16.66,5.43,47.79
28.99,12.76,72.57
41.44,18.92,90.64
50.66,23.38,104.25
53.65,27.22,113.10
52.86,33.45,113.59
52.86,33.33,115.48
45.23,33.45,108.40
36.50,30.33,94.85
26.06,24.41,70.13
14.65,17.03,41.56
9.34,11.54,31.01
5.13,11.35,36.62
2.26,12.57,36.80
-3.48,8.67,18.55
-7.45,6.10,3.91
-11.35,2.62,-3.54
-13.73,0.12,-6.71
-16.91,-2.08,-13.49
-24.35,-3.11,-30.21
-31.74,-3.78,-49.07
-39.55,-3.17,-62.81
-46.69,0.06,-70.19
-49.68,9.09,-68.12
-47.67,24.72,-61.40
-40.77,41.14,-52.00
-31.37,51.03,-40.41
-22.77,50.96,-29.54
-16.60,41.81,-20.75
-12.70,26.37,-13.18
-11.23,9.40,-4.52
-10.80,-5.62,6.71
-11.05,-17.76,19.84
-10.13,-28.99,33.02
-8.30,-41.02,44.56
-6.90,-53.53,53.10
-7.32,-47.91,37.29
-2.08,-25.21,-1.95
14.28,-20.39,-6.23
23.13,-20.39,5.00
34.91,-8.24,11.78
54.14,6.35,15.81
66.47,11.96,23.86
78.00,4.21,31.01
93.26,-8.36,26.55
106.63,-19.23,24.66
110.53,-24.17,21.73
112.00,-32.78,13.61
108.09,-29.54,11.41
104.86,-30.09,13.85
98.57,-28.32,10.93
89.17,-20.51,9.89
77.82,-17.52,13.98
61.58,-16.91,10.99
46.39,-10.56,4.39
35.64,-9.22,5.25
22.71,-6.65,5.98
12.39,-7.51,0.98
2.75,-5.98,-0.24
-5.19,-5.43,-1.28
-11.84,-7.20,-2.50
-16.42,-8.24,-3.97
-20.63,-6.96,-4.52
-24.35,-3.85,-5.13
-26.25,0.55,-6.10
-27.71,7.51,-8.79
-31.13,15.14,-17.76
-37.78,17.88,-34.67
-46.45,16.05,-53.28
-53.28,15.50,-68.30
-57.43,19.17,-80.93
-58.29,23.32,-93.75
-55.60,24.54,-104.49
-50.78,21.12,-109.50
-46.14,12.70,-107.06
-42.11,1.40,-96.80
-39.00,-9.58,-80.26
-34.55,-20.57,-59.39
-27.59,-32.90,-36.44
-19.53,-45.04,-14.10
-12.88,-55.48,6.41
-8.79,-39.06,5.43
2.69,-10.31,-5.37
6.16,-11.60,0.31
-4.82,-17.27,3.72
-10.86,-15.38,0.98
-13.31,-11.05,-5.74
-14.04,-7.39,2.20
-2.75,-2.44,30.76
17.21,3.66,60.91
34.12,15.01,80.69
48.22,25.76,95.46
59.14,32.59,114.01
62.81,38.76,129.27
62.26,40.83,134.58
58.29,39.92,137.08
52.43,38.70,136.54
46.51,36.87,133.12
37.23,36.38,118.59
32.47,22.34,110.96
22.22,13.55,94.60
15.20,12.21,70.80
11.84,12.02,57.01
7.26,13.31,57.25
5.19,10.38,53.10
-0.24,8.73,39.98
-1.16,10.86,26.12
-3.30,11.72,21.97
-2.38,11.29,13.73
-2.14,9.89,3.23
-4.58,10.50,-3.54
-10.86,13.37,-20.94
-16.78,14.16,-48.89
-23.25,8.06,-75.13
-31.37,1.77,-90.94
-37.48,1.16,-95.46
-39.92,5.37,-93.20
-39.18,9.64,-87.65
-36.07,11.17,-80.26
-31.74,9.28,-71.47
-26.31,3.66,-61.65
-19.96,-4.15,-50.60
-14.95,-14.04,-38.27
-10.80,-25.94,-25.15
-6.71,-38.70,-11.90
-2.44,-51.21,-0.61
0.31,-50.66,4.94
0.12,-26.67,-2.87
11.66,-24.48,-6.47
14.83,-27.40,-3.60
15.93,-22.16,-0.49
22.71,-13.43,-0.43
26.79,-6.16,2.87
31.13,-1.53,7.93
41.50,-3.11,11.72
48.65,-4.52,10.19
56.27,-4.88,10.19
67.99,-12.45,12.88
















-,-,-
-1.95,5.25,-20.81
-2.26,2.99,-16.97
-2.26,0.67,-12.82
-1.83,-1.22,-8.42
-1.28,-2.99,-4.15
-1.34,-4.58,-0.55
-1.71,-6.29,2.50
-2.08,-8.67,4.27
-3.23,-11.23,5.37
-3.54,-12.82,5.74
-3.78,-12.94,6.90
-3.85,-12.63,8.24
-3.42,-11.78,8.36
-3.05,-9.95,7.39
-2.56,-7.51,6.04
-1.65,-4.94,4.27
-0.18,-2.32,2.93
1.28,-0.31,1.77
2.50,1.53,0.85
2.69,3.11,-0.06
2.62,4.33,-0.67
2.81,5.37,-1.34
3.30,5.92,-1.59
3.42,5.37,-1.53
2.99,4.21,-0.92
2.32,2.56,0.00
1.77,0.61,1.40
1.34,-1.77,2.69
1.22,-4.88,3.97
0.92,-8.61,5.43
0.67,-14.53,7.45
-0.55,-22.77,9.89
-2.20,-32.47,13.49
-3.85,-41.56,18.74
-4.21,-50.42,26.25
-3.91,-54.50,33.02
-3.42,-36.07,16.42
7.57,-22.52,0.67
22.40,-17.46,18.80
30.09,-10.80,48.95
37.60,4.76,64.03
50.78,15.01,79.71
55.18,18.55,97.72
56.82,21.24,106.81
55.05,21.73,104.74
46.57,22.77,94.67
35.28,21.91,83.07
26.06,19.53,71.04
15.99,15.08,58.90
7.93,11.41,43.76
1.46,7.63,35.95
-3.85,7.20,29.17
-8.67,8.24,22.34
-13.55,7.08,17.46
-20.75,3.36,6.47
-25.27,1.28,-4.03
-29.97,3.36,-12.57
-35.40,5.74,-21.00
-39.12,7.93,-32.04
-40.83,9.28,-42.91
-42.42,9.46,-49.07
-41.99,8.73,-48.71
-38.76,6.53,-41.56
-33.94,2.08,-29.54
-27.89,-5.49,-15.38
-23.01,-17.03,-2.01
-18.68,-25.45,3.60
-15.32,-16.11,-6.16
-5.00,-11.84,-10.19
6.04,-12.39,-4.33
13.61,-10.31,0.55
24.84,-2.69,3.54
36.07,2.01,8.97
50.90,6.29,16.30
68.97,1.95,22.58
82.28,-5.07,21.61
90.09,-12.15,13.00
97.29,-24.72,3.48
108.52,-28.87,7.87
117.13,-26.67,17.27
125.98,-26.06,16.36
126.65,-26.55,13.79
121.77,-26.00,4.03
111.82,-29.30,1.10
91.74,-16.05,-1.22
74.71,-12.88,7.51
51.39,1.22,8.36
34.00,3.54,7.14
19.29,0.00,1.10
7.93,-0.18,-0.49
-0.12,-3.05,1.16
-7.45,-3.72,-1.53
-12.57,-5.74,-3.60
-17.03,-7.02,-4.64
-21.00,-5.00,-6.53
-27.10,-0.06,-14.22
-33.94,5.13,-32.96
-42.30,4.70,-60.49
-52.00,2.32,-82.09
-58.72,0.31,-93.75
-62.19,3.60,-99.73
-61.77,7.93,-102.29
-57.01,10.01,-101.26
-48.77,7.45,-95.34
-40.16,0.61,-84.78
-33.39,-8.97,-69.40
-25.70,-22.95,-49.68
-17.70,-38.45,-28.75
-12.27,-39.92,-14.04
-5.49,-11.05,-12.94
8.73,-5.49,-9.16
14.83,-10.31,-2.99
11.90,-11.78,2.08
8.42,-8.00,-0.31
0.43,-7.87,-3.05
-2.69,-8.79,0.92
8.61,-9.22,17.15
23.50,-4.39,39.55
35.58,3.78,61.52
49.50,8.18,90.64
55.91,18.74,110.23
63.66,27.59,131.47
64.51,31.86,149.84
61.10,31.43,155.82
53.83,34.30,149.17
46.94,31.86,139.59
36.74,22.95,135.38
26.18,12.45,110.29
18.92,9.52,81.42
10.80,8.18,67.87
7.32,5.92,62.38
2.38,5.92,52.43
0.85,2.32,46.75
-3.11,3.54,42.85
-7.32,3.85,25.51
-9.28,7.08,15.87
-10.62,6.77,8.00
-10.50,8.48,5.25
-11.47,10.56,0.85
-12.51,13.31,-3.78
-15.20,17.64,-13.73
-20.02,21.67,-35.71
-25.51,24.60,-66.53
-31.56,25.45,-90.39
-36.80,29.11,-98.94
-36.93,33.81,-95.89
-32.84,38.57,-85.88
-27.83,41.63,-73.06
-24.96,39.55,-61.22
-22.71,31.19,-53.28
-20.69,18.55,-48.46
-18.19,2.93,-44.13
-15.63,-10.86,-37.54
-10.86,-25.02,-25.76
-4.39,-41.20,-10.62
0.31,-57.80,4.21
3.30,-73.49,17.40
5.43,-85.88,25.33
7.32,-59.57,12.39
18.92,-35.46,-2.38
49.01,-25.21,-1.22
61.65,-17.64,6.65
75.07,-6.96,8.79
85.94,-2.20,10.68
92.77,-1.65,6.96
100.40,-2.56,5.43
111.57,-14.95,5.07
114.62,-16.05,5.37
117.74,-19.59,3.11
114.56,-14.65,0.55
110.29,-15.87,-0.73
95.40,-6.04,-0.79
81.73,-0.79,3.05
69.34,0.43,2.81
57.50,1.34,5.43
45.04,4.88,7.39
33.81,6.35,5.07
26.98,-2.01,3.54
19.53,-2.87,4.70
12.82,-6.10,2.56
















-,-,-
-0.12,0.37,-2.69
0.06,0.37,-2.56
0.24,0.31,-2.87
0.18,-0.24,-3.36
0.06,-0.06,-3.78
-0.12,0.31,-3.85
-0.06,0.67,-3.54
0.06,0.85,-3.66
0.24,1.16,-3.85
0.67,1.10,-3.97
0.85,0.85,-4.03
1.16,0.61,-3.91
1.34,0.43,-3.60
1.59,0.43,-3.48
1.89,0.43,-3.17
2.44,0.49,-2.81
1.95,0.37,-2.62
1.53,0.67,-2.99
1.16,0.85,-3.78
0.79,0.98,-5.07
0.61,1.16,-5.68
0.92,1.53,-5.13
1.28,1.77,-4.21
1.59,2.01,-3.11
1.46,1.40,-1.59
1.53,0.24,-1.10
0.85,-0.98,-1.28
0.00,-1.77,-2.08
-0.49,-2.32,-2.38
-0.24,-3.48,-1.34
0.24,-6.47,1.04
1.71,-13.37,3.30
1.34,-23.74,5.37
0.31,-36.99,7.81
-4.21,-44.01,8.61
-5.43,-33.51,0.12
-0.12,-23.80,-5.55
2.14,-23.07,-0.49
1.83,-17.82,8.12
9.22,-8.42,23.80
20.45,-2.81,41.93
37.05,1.34,67.87
57.43,7.02,94.91
70.07,17.40,115.66
71.11,23.80,119.93
64.39,21.00,113.89
50.78,15.20,97.11
36.62,14.22,76.35
25.82,16.54,59.20
18.80,12.63,55.85
9.58,10.93,46.75
0.67,11.78,29.42
-5.74,10.80,15.14
-8.97,7.51,16.66
-12.27,6.04,11.47
-14.89,3.97,-0.49
-17.58,1.95,-8.85
-21.73,3.11,-16.05
-25.39,4.21,-25.45
-29.36,5.00,-38.45
-33.26,8.36,-48.34
-36.80,13.98,-48.40
-35.28,19.78,-40.34
-30.46,21.79,-29.30
-25.51,15.99,-18.07
-20.57,1.16,-6.10
-17.46,-18.49,6.59
-15.50,-36.07,15.63
-15.63,-23.99,4.94
-10.68,-12.39,-6.29
2.01,-11.72,-3.66
9.28,-13.55,2.87
19.04,-6.77,4.76
31.80,0.31,8.12
47.49,1.34,14.89
67.75,-4.64,20.63
84.66,-8.36,21.55
97.72,-17.70,17.70
105.59,-27.16,13.24
107.97,-38.51,2.87
108.58,-40.28,-5.68
107.30,-39.79,-10.19
103.82,-38.09,-8.61
89.17,-32.96,-5.13
62.68,-26.37,-7.87
40.34,-18.13,-5.92
19.17,-4.70,-4.39
7.14,-2.93,-3.91
-2.75,4.03,-1.89
-10.86,2.38,-1.71
-18.43,-1.22,-4.39
-23.80,-6.04,-6.47
-27.65,-6.71,-9.03
-31.43,-2.62,-16.11
-38.88,1.16,-36.56
-46.57,2.08,-64.51
-52.73,-0.43,-82.21
-54.38,3.48,-90.70
-53.41,12.27,-95.40
-49.80,18.86,-97.11
-43.27,17.58,-94.12
-36.50,8.24,-85.63
-32.84,-5.31,-72.88
-28.14,-22.09,-56.46
-20.87,-40.47,-37.11
-13.12,-53.16,-16.72
-1.65,-24.66,-11.90
9.28,-9.09,-6.96
17.21,-12.45,5.31
8.97,-14.77,8.67
5.31,-12.39,1.65
3.66,-11.05,-0.12
8.18,-11.96,15.93
23.01,-7.08,43.76
43.52,0.85,76.11
64.45,9.34,112.79
75.38,21.42,136.35
84.05,28.32,158.45
83.01,35.28,175.60
75.68,36.13,167.91
65.73,34.24,152.65
51.21,26.73,129.52
38.09,19.23,108.95
26.67,14.16,86.98
18.98,8.00,74.10
11.29,8.79,62.19
3.48,12.88,57.13
-2.93,13.79,45.84
-6.71,12.82,35.77
-11.35,10.80,12.57
-12.39,11.90,-6.04
-13.49,11.96,-14.16
-17.15,11.72,-31.13
-22.58,11.11,-63.66
-31.80,12.27,-96.92
-40.59,18.31,-119.32
-46.39,25.76,-129.82
-48.52,30.15,-128.72
-45.90,28.50,-114.07
-39.92,20.57,-89.29
-29.91,6.16,-60.61
-19.29,-10.99,-35.03
-10.13,-30.52,-15.32
-4.09,-50.17,-1.59
0.67,-68.18,9.64
5.86,-70.62,14.34
9.58,-31.25,3.30
37.54,-21.06,3.11
56.70,-18.43,9.03
69.21,-18.43,9.34
80.63,-13.85,0.12
84.72,-9.03,4.52
86.79,-13.92,7.02
91.92,-23.74,1.22
94.30,-22.03,-0.43
95.34,-22.89,-0.85
92.16,-16.97,-2.08
85.88,-9.83,-0.98
78.92,-7.69,0.24
66.59,0.67,3.72
49.56,6.23,6.96
32.29,7.57,4.09
18.98,10.25,2.62
10.86,10.01,7.51
5.19,6.47,7.08
1.59,-1.95,3.23
-2.01,-8.42,-0.43
-5.62,-11.96,-3.23
-7.93,-11.78,-4.39
-9.95,-8.79,-4.39
-12.39,-4.27,-3.91
-14.04,0.92,-3.54
-15.38,6.41,-2.99
-17.40,11.90,-2.69
-20.14,17.33,-2.26
-21.00,23.99,-2.81
-21.00,31.68,-3.36
-19.84,37.96,-3.54
-18.98,41.87,-8.97
-14.10,43.70,-16.11
















-,-,-
0.61,-0.79,-1.77
0.85,-0.85,-1.34
0.92,-1.28,-0.73
0.92,-1.83,-0.18
0.55,-2.26,0.24
0.49,-3.05,0.18
0.55,-4.39,0.24
0.67,-6.10,0.67
0.67,-8.00,1.34
0.79,-10.68,2.08
1.22,-13.92,3.17
2.14,-17.46,4.46
3.48,-21.97,5.43
5.43,-27.22,6.16
9.03,-34.12,6.35
9.89,-43.21,7.26
8.91,-52.37,8.73
4.82,-49.74,7.45
-0.55,-20.02,-3.97
0.06,-14.40,-11.41
-4.39,-20.32,-9.22
-7.81,-20.45,-5.19
-1.10,-13.55,-3.91
1.46,-6.41,-3.54
1.71,-3.36,-1.53
2.14,-2.93,-0.55
3.30,-2.38,-0.55
4.15,-1.65,-0.43
3.72,-1.46,-0.18
2.44,-1.71,-0.67
1.59,-2.08,-0.79
0.79,-2.50,0.37
0.92,-3.17,4.39
8.06,-4.03,19.29
19.41,-1.89,43.58
30.94,2.14,65.67
44.13,10.62,80.75
57.62,16.97,100.46
62.13,21.79,110.72
62.13,18.92,111.63
49.87,19.78,99.85
39.92,15.87,85.08
28.69,10.25,69.46
19.96,4.64,54.14
10.25,1.65,35.58
6.84,2.69,30.88
1.53,1.83,32.96
-4.03,3.36,19.90
-7.20,3.30,10.31
-12.70,0.55,2.56
-15.99,-1.71,-4.88
-21.18,-1.83,-11.54
-26.98,0.98,-18.31
-32.17,3.30,-24.78
-39.86,5.00,-30.21
-45.59,9.40,-30.82
-46.57,16.60,-25.45
-43.21,23.50,-16.85
-34.67,23.19,-7.14
-27.71,5.92,2.44
-24.66,-19.71,7.81
-19.47,-35.22,7.02
-9.95,-13.98,-3.60
3.85,-3.05,-8.42
15.32,-4.09,-1.28
23.56,-0.73,4.94
35.46,4.27,7.02
50.78,4.82,12.33
67.69,3.78,15.01
81.42,9.22,16.17
93.93,-1.04,13.55
99.18,-1.34,10.01
104.86,-3.23,10.99
105.29,-8.30,6.29
101.20,-12.70,-5.07
96.62,-18.01,-12.27
83.19,-14.71,-10.56
67.20,-16.48,-10.80
47.97,-14.53,-13.00
32.78,-14.65,-10.50
18.98,-11.66,-10.19
8.36,-10.38,-13.55
-0.06,-5.31,-13.73
-8.00,2.62,-5.49
-16.05,1.04,-3.23
-23.25,-0.37,-6.04
-28.56,-2.87,-7.93
-33.26,-3.42,-12.21
-37.23,-1.40,-22.71
-42.24,1.71,-41.50
-45.35,3.11,-58.59
-45.72,6.59,-66.65
-45.47,13.00,-70.62
-44.19,19.71,-73.79
-41.81,23.80,-76.84
-37.35,20.94,-76.23
-30.94,9.09,-69.70
-25.15,-8.73,-58.17
-21.42,-27.47,-44.80
-16.48,-42.79,-30.76
-8.61,-50.48,-16.97
-0.92,-19.17,-14.77
15.14,1.40,-12.27
24.41,-4.33,0.31
12.82,-8.79,4.88
4.64,-9.09,-0.85
0.79,-9.28,-3.72
2.26,-9.58,5.31
12.57,-7.14,25.57
33.45,-2.50,59.81
51.82,4.21,96.37
64.15,11.90,119.20
69.15,21.73,127.38
75.87,19.29,142.03
73.36,20.81,151.43
67.63,26.92,152.83
56.03,26.18,135.31
48.89,18.68,116.27
36.99,18.07,100.65
27.59,13.18,81.18
19.78,10.01,68.91
13.67,5.86,56.76
7.20,5.13,38.57
3.23,1.28,25.57
0.31,-0.49,23.32
-3.36,-0.92,13.61
-5.19,-0.98,-0.73
-4.94,-1.71,-3.72
-5.92,-1.22,-8.00
-13.85,3.17,-28.69
-25.39,5.55,-58.65
-36.99,2.20,-84.66
-47.91,-0.85,-101.75
-56.46,-0.73,-108.15
-61.95,5.62,-100.83
-60.30,17.58,-84.90
-54.14,31.49,-67.81
-45.65,38.94,-54.02
-36.93,36.62,-44.19
-28.93,23.74,-36.80
-20.75,2.69,-29.42
-11.11,-22.34,-19.65
-0.12,-47.67,-6.47
10.62,-65.06,7.26
24.29,-42.42,13.49
38.82,-0.55,13.49
68.30,8.91,12.08
88.81,1.83,15.44
107.36,-2.01,21.61
119.69,0.49,20.87
124.51,4.15,20.57
124.88,8.06,11.35
129.33,3.85,7.57
130.19,-2.20,4.64
122.50,-4.52,1.95
108.22,-4.21,-4.33
90.33,1.77,-9.03
67.63,2.01,-12.02
46.69,-1.83,-20.26
31.01,-3.85,-20.81
16.97,-0.24,-11.78
9.77,-0.18,-4.15
5.68,-1.77,-1.95
3.91,-1.89,-3.11
1.89,-6.53,-3.66
-2.38,-10.25,-4.64
-7.08,-12.51,-6.29
-11.11,-12.51,-6.71
-12.94,-10.68,-6.23
-13.18,-8.18,-5.68
-13.79,-6.23,-5.13
-14.16,-3.91,-4.76
-13.31,-1.22,-3.97
-12.08,2.01,-2.38
-12.15,4.82,-1.34
-13.00,6.71,-1.83
-15.44,7.26,-3.23
-20.51,7.93,-5.43
-21.61,6.47,-6.41
-21.85,6.35,-8.30
