-,-,-
4.15,-1.71,-1.04
3.66,-1.65,-0.98
2.50,-1.40,-0.55
1.53,-1.53,-0.79
0.43,-1.46,-1.59
-0.18,-0.79,-2.62
0.31,0.18,-2.56
1.10,1.10,-1.95
1.65,1.83,-1.34
1.95,2.26,-1.53
1.95,2.32,-2.14
1.83,2.20,-2.93
1.59,2.26,-3.72
1.46,2.62,-4.21
1.46,2.50,-4.27
1.59,2.50,-3.91
1.46,3.05,-3.66
1.16,4.09,-3.42
1.28,4.76,-3.23
2.20,5.07,-3.05
3.11,4.82,-3.30
3.97,4.33,-3.30
4.39,3.72,-3.30
4.27,2.87,-3.97
4.21,1.59,-4.70
3.66,-0.18,-5.25
3.66,-3.11,-5.13
4.88,-7.57,-4.58
5.86,-14.40,-4.27
6.90,-23.44,-4.15
8.06,-31.98,-2.62
9.16,-31.68,-0.37
11.41,-17.15,-2.62
15.08,-10.25,-3.11
11.05,-12.27,0.24
5.07,-11.54,3.72
5.31,-8.54,13.31
12.82,-5.68,30.70
23.86,2.62,51.70
40.10,5.13,79.04
52.67,6.59,100.34
57.07,4.21,103.58
48.03,9.89,96.74
35.95,11.17,89.84
23.01,9.70,78.12
12.76,10.99,59.27
6.71,8.12,49.99
4.39,4.88,40.71
-2.20,7.26,23.01
-13.00,4.82,2.75
-21.42,-0.55,-11.84
-30.46,-0.49,-19.78
-41.08,8.67,-28.50
-53.53,20.87,-39.25
-62.56,29.11,-48.03
-64.70,32.84,-53.65
-63.72,29.66,-52.61
-58.59,17.82,-39.92
-46.81,1.04,-19.96
-35.64,-16.42,-2.38
-27.83,-35.64,8.30
-24.72,-38.02,4.03
-10.56,-17.03,-5.98
18.19,-5.92,-1.95
38.15,-3.85,9.52
56.09,-3.66,19.59
74.34,-5.68,22.64
91.98,-15.75,23.32
109.44,-27.28,18.01
128.05,-28.02,15.26
137.39,-28.63,13.24
127.01,-21.30,11.17
102.11,-17.40,12.57
74.22,-18.07,7.75
49.26,-15.01,7.69
27.59,-8.42,6.04
14.22,0.55,4.94
5.80,3.66,8.73
0.00,5.37,7.45
-7.87,4.39,4.03
-12.39,2.38,0.49
-18.62,8.85,-7.93
-26.00,18.68,-22.71
-30.82,24.90,-36.25
-32.10,28.08,-46.39
-31.98,32.78,-59.88
-33.63,37.41,-81.05
-35.77,35.52,-102.72
-36.56,23.68,-112.61
-32.04,3.78,-101.20
-19.17,-16.11,-72.08
-1.83,-32.23,-39.73
12.02,-46.14,-14.47
18.07,-53.77,1.71
14.34,-15.26,3.36
27.16,-0.61,7.93
16.30,-9.16,5.86
2.50,-11.84,5.98
13.24,-12.15,25.02
35.64,-6.84,68.30
59.45,-1.95,122.80
70.43,4.94,155.46
72.57,7.87,174.99
64.45,8.91,175.66
52.43,7.57,153.50
36.56,9.34,116.27
20.94,7.32,73.91
9.09,2.62,48.34
1.77,-1.89,30.40
-4.33,0.24,8.61
-5.07,2.62,-4.27
-7.69,4.03,-11.29
-17.21,8.24,-31.49
-28.50,13.06,-58.72
-38.76,16.36,-79.59
-43.95,19.96,-90.58
-41.93,18.13,-88.81
-28.50,2.08,-67.75
-10.25,-22.40,-36.99
5.86,-23.74,-10.68
22.64,-4.15,3.78
37.96,-3.85,5.19
45.29,-14.53,-0.98
54.38,-10.50,-2.87
66.47,-12.02,2.14
79.35,-13.00,9.64
80.26,-9.34,9.46
59.81,-5.62,8.12
36.93,-4.46,3.11
18.62,-7.39,-0.92
8.12,-4.03,-1.77
-3.23,4.70,0.67
-15.44,10.25,-0.98
-26.00,9.16,-7.20
-34.85,10.19,-23.50
-42.97,19.35,-47.55
-47.97,34.12,-62.38
-48.58,49.74,-72.57
-50.11,60.18,-85.82
-51.21,58.23,-101.32
-51.94,42.85,-114.87
-52.25,19.53,-120.91
-51.21,-3.23,-112.85
-38.88,-20.39,-88.68
-17.33,-34.61,-54.93
3.36,-50.17,-23.44
14.83,-67.32,-3.85
14.71,-83.98,6.90
-0.61,-55.11,0.92
1.16,-18.07,-9.89
0.79,-24.48,-10.38
-6.84,-26.49,-5.62
6.35,-13.06,13.92
30.33,-3.17,48.71
49.19,5.62,87.83
66.41,10.19,127.14
79.53,13.18,156.49
81.24,17.40,173.46
75.26,18.92,170.23
70.43,11.47,167.72
65.80,7.51,167.30
55.97,-3.66,151.43
45.10,-10.68,136.47
33.14,-18.43,119.14
24.05,-17.64,102.48
21.12,-19.53,91.31
27.16,-23.62,88.81
24.78,-22.09,78.98
22.22,-17.33,67.63
14.71,-14.28,48.89
12.21,-10.68,35.77
8.12,-6.65,23.93
9.09,-3.42,21.30
6.04,-0.61,16.54
4.09,1.95,9.77
2.75,2.26,8.06
1.28,2.08,6.29
0.98,2.26,4.58
0.67,2.62,3.72
-0.12,2.87,2.87
















-,-,-
2.93,-0.06,2.01
2.69,-1.10,2.56
2.20,-1.77,2.99
1.83,-2.32,3.54
1.71,-2.38,3.66
1.22,-2.62,3.23
0.43,-2.14,2.20
0.12,-0.98,2.14
0.31,0.55,2.75
0.79,1.83,2.50
1.40,2.32,1.59
1.95,2.20,0.92
2.08,2.01,0.61
1.95,1.77,0.18
1.95,1.89,-0.43
2.08,2.38,-0.61
2.20,2.50,-0.73
2.38,2.50,-0.43
2.20,1.71,-0.12
1.83,0.92,0.18
1.46,0.24,0.61
1.04,0.49,0.73
1.16,1.04,0.67
1.46,1.34,0.55
1.89,1.34,0.24
1.95,1.04,0.43
1.83,0.43,0.73
1.65,-0.24,0.92
1.59,-0.43,0.85
1.34,-0.31,1.10
1.34,0.06,1.10
1.77,-0.37,1.34
2.50,-1.46,1.89
3.17,-3.23,2.44
3.66,-6.53,2.75
4.82,-14.16,2.56
4.82,-25.76,2.93
6.71,-39.18,8.30
8.24,-53.04,23.74
10.74,-63.78,44.98
4.46,-47.36,45.72
4.94,-15.44,19.41
34.61,-10.56,44.13
48.89,-9.16,89.17
50.78,4.70,92.59
48.65,12.82,82.34
41.32,14.34,76.35
32.41,14.65,73.43
26.00,13.98,70.25
19.65,13.31,66.04
9.95,12.27,55.85
0.67,11.35,46.08
-5.92,6.71,39.55
-10.93,5.13,30.27
-17.27,2.81,19.53
-24.41,1.83,5.43
-31.07,4.82,-6.16
-38.94,8.12,-16.66
-47.73,12.45,-27.89
-55.42,18.49,-37.48
-59.51,26.25,-40.95
-57.37,32.78,-38.45
-49.87,32.53,-30.70
-39.55,23.44,-21.55
-30.09,5.43,-15.20
-22.40,-19.47,-9.95
-13.55,-49.74,-3.23
-8.42,-56.21,0.24
-0.67,-15.99,-2.87
28.02,-5.62,1.65
39.43,-5.55,8.36
52.25,-3.17,9.46
73.12,-2.26,13.79
93.75,-10.50,19.96
110.35,-14.53,19.17
124.02,-20.94,14.16
124.69,-23.62,8.67
110.23,-28.44,2.01
87.52,-25.33,-0.79
67.08,-24.84,0.06
48.65,-20.08,-0.92
34.42,-17.70,-1.59
22.22,-10.62,-2.32
10.56,-6.71,0.92
1.65,-4.15,-3.60
-8.36,-1.77,-9.09
-16.30,-1.95,-17.52
-26.37,2.14,-32.65
-35.03,6.96,-49.32
-42.91,13.49,-64.15
-49.13,21.61,-75.74
-51.88,28.63,-87.65
-52.80,30.94,-101.14
-52.06,25.76,-111.27
-47.73,13.24,-112.43
-39.18,-4.33,-98.57
-22.58,-24.23,-70.74
-1.59,-41.50,-36.99
16.54,-52.43,-5.62
21.30,-19.53,9.22
31.56,6.16,13.98
30.15,-0.79,16.91
24.90,-8.48,29.42
37.11,-5.98,52.67
51.03,0.00,81.97
62.01,4.33,119.08
70.01,8.91,145.81
67.69,7.57,157.29
59.14,10.01,151.00
49.44,10.38,145.69
36.50,10.31,127.50
31.25,12.82,104.49
23.38,8.73,78.61
11.78,5.37,48.83
4.09,7.45,24.78
-5.62,8.91,3.91
-11.90,7.69,-9.22
-17.70,8.24,-27.16
-23.44,10.25,-53.65
-27.22,10.80,-75.99
-28.08,10.93,-85.21
-25.33,6.65,-83.62
-18.49,-6.16,-71.29
-10.56,-16.05,-45.17
-0.37,-6.23,-15.93
20.51,-2.69,-5.00
33.75,-1.40,-2.75
45.23,3.30,3.54
58.65,-3.85,6.41
66.83,-5.25,2.99
72.45,-3.60,2.99
75.32,-0.49,9.77
62.62,-0.31,3.30
43.27,-0.49,-0.49
26.61,-7.51,-4.94
14.83,-7.69,-4.88
5.49,-4.46,-3.78
-1.89,-2.56,-4.52
-9.28,-0.12,-4.58
-18.55,5.00,-10.50
-28.38,6.96,-26.86
-38.76,10.86,-47.91
-47.73,18.62,-66.10
-52.31,30.82,-81.12
-52.98,39.67,-96.50
-52.19,38.88,-110.05
-49.56,27.71,-115.54
-41.87,7.87,-104.43
-29.36,-12.15,-77.03
-15.20,-26.61,-43.70
-1.53,-37.84,-17.33
5.86,-49.87,-1.46
1.77,-40.47,1.40
-2.50,-8.97,-6.77
5.00,-12.27,-5.62
-2.69,-17.09,-3.54
4.64,-9.40,6.53
23.13,-1.34,34.73
37.05,0.06,64.70
53.65,1.22,94.12
67.81,3.72,119.57
76.11,8.79,145.39
76.11,11.05,152.83
72.33,5.86,151.98
64.64,-1.10,147.03
57.74,-8.30,137.82
48.40,-11.17,134.46
37.84,-10.19,119.57
30.70,-10.44,98.08
30.46,-14.77,85.57
24.72,-21.06,84.35
19.17,-16.66,73.67
16.78,-13.98,64.21
9.77,-11.47,48.46
13.00,-11.11,45.23
9.16,-12.63,42.60
4.21,-5.92,27.83
2.62,-2.99,15.50
2.08,-0.43,6.04
2.56,1.04,4.64
















-,-,-
0.55,-16.66,-1.28
-1.34,-22.28,-0.37
-3.11,-24.72,1.22
-4.39,-25.09,2.87
-4.52,-25.27,4.15
-3.97,-26.49,4.58
-3.17,-28.44,4.33
-2.20,-30.33,4.33
-0.73,-31.98,4.46
0.12,-32.84,4.64
0.43,-30.76,4.21
0.98,-23.62,0.73
2.81,-13.24,-3.60
6.16,-8.24,-3.66
6.16,-8.36,-1.83
4.21,-6.77,-1.83
3.54,-4.88,-2.75
2.01,-4.46,-1.65
1.53,-3.42,-2.01
3.23,-2.62,-2.26
3.54,-2.69,-2.26
2.99,-3.23,-2.20
2.32,-3.78,-2.26
1.89,-4.21,-2.14
1.71,-4.39,-1.83
1.59,-4.33,-1.53
2.01,-4.21,-1.22
2.75,-4.15,-0.85
3.36,-4.09,-0.55
3.54,-4.27,-0.55
2.81,-4.46,-1.16
2.01,-4.27,-1.89
1.89,-3.54,-1.59
3.66,-2.26,1.34
8.30,-0.18,10.01
17.76,3.36,28.20
29.91,4.88,47.91
43.40,10.07,73.79
53.89,12.88,93.93
56.64,15.81,105.10
55.18,14.04,107.18
46.88,13.12,100.22
37.17,10.86,81.60
29.42,9.58,62.81
22.77,7.02,59.63
13.79,2.56,48.58
8.00,5.62,33.63
2.01,4.64,29.30
-3.97,4.03,20.57
-9.95,3.66,10.19
-14.28,2.50,-0.31
-18.25,1.34,-4.76
-21.85,1.04,-8.91
-27.83,4.21,-15.69
-35.40,13.18,-24.23
-43.76,21.06,-34.06
-48.40,26.98,-37.72
-46.57,32.04,-33.26
-41.87,34.24,-24.84
-36.99,31.07,-17.70
-31.68,21.97,-12.39
-28.02,7.57,-6.59
-24.72,-9.77,0.79
-20.94,-26.79,10.99
-17.40,-40.53,20.08
-19.90,-17.94,8.18
-9.34,-2.14,-5.86
5.74,-7.02,-4.03
12.27,-10.50,1.59
26.06,1.16,4.76
40.83,12.08,12.39
60.12,9.83,21.55
83.62,5.68,28.69
102.97,2.14,28.38
119.63,-6.16,26.73
131.84,-9.77,20.26
136.96,-15.87,14.65
134.09,-23.56,10.80
121.15,-26.06,1.10
100.34,-25.21,-5.49
76.11,-29.60,-10.31
51.03,-22.22,-11.96
31.68,-15.75,-7.69
18.80,-11.11,-6.53
8.00,-1.95,0.00
-3.05,-0.98,-1.16
-10.86,0.12,-2.32
-18.86,-1.22,-2.38
-27.65,-1.34,-9.22
-37.35,2.56,-26.98
-45.59,7.02,-51.70
-53.77,9.40,-67.69
-58.90,11.78,-77.03
-60.49,15.87,-83.62
-58.47,18.98,-89.11
-53.77,18.92,-93.38
-44.68,13.67,-93.51
-32.96,2.26,-85.57
-20.32,-14.53,-69.03
-7.63,-33.45,-46.20
3.66,-41.26,-22.77
9.70,-8.79,-7.51
18.62,0.18,1.04
15.38,-4.21,3.78
3.36,-7.02,-1.04
2.38,-6.35,-1.46
8.79,-5.55,11.90
25.45,-3.78,43.52
46.26,0.55,80.75
65.61,5.86,119.75
72.51,6.10,143.92
68.79,11.60,141.97
60.91,14.10,137.21
50.05,14.28,128.60
39.18,11.66,113.10
27.53,9.58,87.65
19.10,8.06,64.51
8.85,4.46,45.10
5.80,1.59,31.43
-2.32,0.61,14.47
-8.79,0.98,-0.24
-15.26,2.32,-14.40
-22.52,4.70,-31.92
-28.50,9.28,-56.46
-34.48,15.44,-75.44
-39.18,22.34,-84.53
-39.49,25.21,-84.05
-34.06,19.53,-72.75
-23.01,5.19,-52.92
-9.52,-14.28,-32.47
4.09,-34.42,-16.24
12.21,-21.55,-0.49
24.90,0.92,9.64
45.04,-2.50,5.62
55.36,-10.01,-2.50
68.91,-3.30,1.40
77.58,-3.17,5.98
83.44,-9.52,5.98
85.69,-11.60,0.12
73.43,-6.10,-2.50
50.66,-7.14,-7.75
34.42,-10.01,-8.61
21.67,-7.87,-3.36
11.35,-4.15,-5.62
3.11,-4.21,-2.87
-6.23,-2.14,-4.70
-13.49,1.04,-3.85
-19.47,0.85,-4.03
-25.15,1.04,-11.05
-33.08,4.27,-29.48
-43.09,8.54,-51.88
-50.42,11.35,-67.02
-52.73,19.59,-73.97
-51.21,29.42,-80.02
-47.79,34.73,-88.20
-42.54,31.62,-92.90
-34.97,18.55,-87.95
-24.35,-0.55,-69.58
-12.33,-18.55,-40.71
-2.01,-33.87,-11.84
2.50,-46.75,7.81
0.92,-44.31,11.47
-9.16,-11.17,-4.88
-0.79,-11.47,-8.48
-3.66,-18.07,-4.64
-1.16,-11.84,3.05
12.70,-1.59,17.82
25.51,1.22,41.26
40.53,3.91,71.72
54.50,8.06,92.96
59.88,8.85,101.50
62.13,10.68,100.83
67.63,8.61,113.34
72.39,4.09,133.48
67.32,5.86,134.40
59.39,7.02,122.80
50.66,1.22,120.30
42.24,-4.64,113.46
36.99,-8.85,104.19
31.49,-9.03,88.99
















-,-,-
0.67,1.28,-1.77
0.92,0.92,-1.40
1.16,0.67,-1.10
1.34,0.67,-1.10
1.28,0.55,-1.10
1.16,0.49,-1.10
1.28,0.98,-1.40
0.98,1.16,-1.59
0.73,1.53,-1.65
0.98,1.89,-1.77
0.85,1.77,-1.65
0.49,1.59,-1.22
0.49,1.59,-1.04
0.55,1.40,-0.79
0.67,1.40,-0.37
0.98,1.10,-0.31
1.16,0.31,-0.18
0.85,-0.61,-0.31
0.18,-1.04,-0.49
-0.31,-0.98,-0.67
-0.37,-0.55,-0.98
-0.12,-0.55,-1.28
0.31,-0.79,-1.16
0.55,-1.10,-0.61
1.10,-1.71,-0.49
0.92,-3.05,-0.61
0.37,-3.72,-0.73
-0.18,-4.27,-0.73
-0.43,-5.49,-0.79
-0.85,-6.96,-0.49
-0.37,-8.73,0.00
-0.79,-10.99,0.67
-0.85,-13.12,1.22
-0.73,-15.75,1.16
0.24,-21.42,0.00
0.24,-30.27,-1.71
-0.79,-36.62,-2.62
-1.65,-32.23,-4.15
-1.95,-22.28,-9.95
3.11,-22.89,-10.25
8.42,-22.64,-5.98
7.69,-15.44,-4.03
9.46,-7.26,3.23
19.17,0.24,29.05
34.18,4.88,62.68
50.54,5.92,89.11
58.47,8.18,99.12
68.30,7.39,106.20
59.02,9.28,104.31
46.20,10.25,91.74
37.11,7.63,80.26
24.78,8.06,64.88
15.81,4.88,51.33
2.32,2.38,32.17
-2.93,0.06,20.39
-8.12,-0.55,15.44
-12.94,1.71,10.19
-20.32,4.27,1.71
-28.56,8.48,-7.20
-34.61,12.88,-14.28
-39.73,17.58,-20.81
-43.70,21.73,-26.92
-43.64,22.83,-31.31
-39.55,17.52,-31.49
-34.00,4.58,-25.82
-27.40,-11.72,-15.75
-20.45,-22.95,-6.35
-17.03,-10.19,-4.70
-9.46,-4.21,-9.28
2.32,-7.08,-5.37
10.62,-8.61,-0.55
21.36,-1.46,3.42
33.33,5.31,9.09
49.44,4.33,15.32
66.22,-0.79,16.17
79.71,-7.45,10.80
89.72,-12.82,2.87
97.90,-17.52,-0.31
105.53,-22.03,-1.34
110.47,-23.56,-7.08
110.84,-19.90,-11.35
99.30,-29.30,-6.90
74.34,-25.39,-12.15
51.82,-20.81,-18.62
36.25,-20.45,-14.47
24.48,-12.88,-8.48
12.57,-9.89,-11.47
4.46,-11.96,-12.21
-4.64,-6.35,-9.16
-13.73,-6.65,-10.38
-21.36,-6.35,-16.17
-27.53,-3.78,-19.96
-35.03,1.10,-34.18
-42.60,6.23,-56.52
-49.19,6.53,-73.24
-54.32,8.91,-85.63
-54.50,13.92,-93.87
-52.37,18.07,-96.44
-48.03,18.55,-94.06
-42.18,13.00,-86.98
-35.40,0.37,-73.73
-23.86,-17.33,-54.63
-9.46,-36.07,-33.20
2.44,-29.79,-13.79
7.93,-1.40,-0.43
15.38,-3.23,4.52
6.90,-8.97,1.71
1.71,-8.30,0.43
8.24,-5.07,13.37
21.36,-1.46,41.08
38.51,5.25,76.60
55.36,6.90,107.73
64.64,10.99,126.65
65.92,15.81,134.09
60.79,15.14,132.81
49.80,14.83,122.56
37.48,11.29,106.81
25.51,6.41,86.98
13.18,6.16,61.65
8.67,0.67,48.65
3.97,0.37,36.99
-1.10,2.20,23.32
-7.81,3.54,7.08
-12.21,5.80,-7.08
-16.72,8.00,-16.36
-23.44,12.08,-34.36
-29.54,20.57,-56.46
-34.91,30.03,-70.86
-37.90,35.22,-75.74
-37.54,32.10,-71.23
-30.88,21.06,-57.01
-19.59,3.17,-39.55
-7.81,-18.01,-24.90
2.87,-40.34,-12.63
12.88,-53.77,-2.75
16.36,-17.82,3.48
37.84,-2.01,8.24
53.65,-6.10,7.39
61.71,-8.36,0.06
71.72,0.00,4.21
74.83,-1.04,8.00
75.07,0.18,5.80
67.50,-3.48,-0.85
49.01,-5.68,-4.58
31.31,-3.66,-6.71
17.82,-5.98,-11.72
9.95,-2.50,-8.97
1.34,-3.11,-8.54
-6.96,-3.54,-8.73
-14.71,-2.81,-9.58
-20.81,-1.77,-7.93
-25.82,0.67,-9.95
-31.49,5.00,-19.96
-37.41,10.74,-33.08
-42.54,13.12,-44.31
-46.02,18.01,-56.76
-46.75,26.25,-67.99
-45.72,34.36,-79.35
-42.66,37.17,-89.72
-39.43,32.29,-95.83
-34.79,19.59,-95.40
-30.76,3.54,-89.05
-29.60,-11.23,-78.19
-25.63,-27.16,-64.45
-18.55,-44.31,-48.89
-10.80,-61.77,-31.31
-7.69,-75.50,-14.22
-9.58,-48.77,-12.51
-11.54,-15.26,-18.92
0.73,-23.19,-12.39
-3.78,-27.10,-5.98
2.44,-14.95,-6.41
9.34,-2.08,-0.24
19.17,4.39,20.87
37.23,4.33,54.44
56.27,7.32,84.11
69.89,14.28,108.40
79.59,16.85,125.98
83.50,17.40,136.11
83.07,16.72,133.73
















-,-,-
4.03,-0.85,2.01
3.78,-0.79,1.71
3.30,-0.85,1.22
3.05,-0.79,1.04
3.05,-0.92,1.10
3.54,-0.92,1.34
4.15,-0.73,1.40
4.82,-0.49,1.71
5.37,0.00,2.32
5.13,0.31,2.44
5.13,0.55,2.14
4.82,0.73,2.14
4.82,0.73,2.20
4.64,0.73,2.14
4.52,0.55,2.01
3.78,0.24,1.77
2.75,0.12,1.10
2.20,0.00,0.98
2.20,0.12,1.10
2.50,0.31,1.28
3.05,0.31,1.28
3.54,0.43,1.59
4.46,0.67,1.77
4.88,0.79,1.83
4.94,1.10,2.20
5.37,1.28,2.62
6.29,1.65,4.39
6.29,1.95,6.16
9.70,2.93,13.61
17.40,3.30,30.15
26.12,2.56,47.97
34.97,4.15,64.58
45.04,5.25,87.40
52.61,5.25,107.97
52.19,8.00,111.21
44.01,5.37,97.41
39.31,1.83,87.04
28.93,2.14,68.54
18.80,1.34,49.50
11.60,0.79,40.47
2.62,-1.59,32.71
-4.46,-1.77,22.52
-11.60,-0.37,10.31
-16.42,-1.28,4.15
-25.51,-0.24,-8.54
-29.48,2.14,-16.54
-31.43,6.35,-19.04
-33.87,11.54,-23.01
-40.10,20.87,-29.24
-38.82,28.14,-33.14
-36.74,24.78,-29.36
-31.37,13.43,-18.68
-23.07,-2.99,-4.64
-13.92,-22.40,9.22
-3.42,-33.87,16.66
0.06,-4.39,10.44
12.94,1.28,6.16
23.62,-3.85,7.63
37.05,-0.55,12.76
58.04,2.56,18.19
80.87,3.60,22.34
97.23,-1.71,17.94
108.58,-11.96,5.31
116.76,-18.13,-2.44
120.97,-20.57,-14.71
113.65,-19.71,-20.02
92.10,-18.07,-23.99
68.05,-17.70,-30.94
44.31,-14.04,-28.93
28.02,-10.25,-20.57
10.93,-6.10,-18.01
-2.62,-2.20,-18.62
-13.79,0.98,-19.04
-25.27,4.88,-19.35
-33.39,7.81,-22.40
-41.56,13.85,-36.01
-48.52,21.24,-53.96
-53.77,28.63,-69.95
-58.29,34.79,-83.07
-59.63,38.15,-95.64
-59.20,36.80,-108.03
-57.92,30.33,-116.39
-55.18,19.04,-115.78
-48.46,3.05,-102.66
-35.46,-19.84,-80.44
-15.69,-45.78,-55.48
3.54,-66.53,-32.04
17.46,-48.03,-9.77
14.89,9.40,8.97
24.84,8.24,12.21
15.38,-7.57,14.22
8.91,-9.52,25.33
26.18,-6.65,40.65
48.58,-3.48,85.82
64.27,1.71,120.91
78.37,-1.10,146.48
83.74,-2.14,157.65
80.14,0.00,154.30
69.95,0.92,142.09
56.21,0.92,124.45
41.81,3.30,98.82
28.02,0.98,74.83
11.90,-1.28,46.81
2.93,-1.04,28.69
-5.92,-2.14,20.02
-11.66,-0.98,8.24
-17.03,2.50,-8.06
-21.48,6.84,-22.03
-27.83,12.70,-39.49
-34.06,18.80,-61.34
-38.39,26.06,-77.03
-39.12,30.82,-83.01
-36.13,26.86,-76.17
-24.90,12.21,-56.03
-10.68,-6.84,-33.75
3.72,-24.90,-15.44
17.09,-21.48,-1.46
23.80,6.10,10.56
40.28,5.07,9.89
50.42,-6.59,-0.49
62.44,-3.23,-0.37
68.79,1.46,6.77
71.78,2.08,5.19
69.15,3.97,2.14
53.47,2.26,1.10
34.97,-2.32,-7.02
16.36,-5.43,-14.34
3.91,-5.68,-15.38
-3.30,-5.55,-14.22
-11.29,-0.55,-11.35
-20.69,0.06,-11.54
-27.77,-0.49,-13.85
-34.24,-1.53,-18.25
-40.04,1.40,-30.52
-44.56,5.98,-44.80
-47.73,9.58,-56.82
-50.72,16.60,-66.10
-53.16,26.43,-75.50
-53.65,34.55,-85.94
-50.54,34.85,-93.93
-42.66,26.06,-95.09
-34.18,10.50,-87.34
-25.33,-6.29,-70.68
-12.33,-24.41,-49.19
-0.61,-39.79,-29.36
8.61,-51.39,-14.53
13.67,-46.08,-5.31
10.56,-9.34,-5.55
16.24,-4.09,-2.50
11.41,-13.61,1.77
4.21,-13.67,1.65
13.24,-6.96,8.67
17.40,-2.44,25.94
26.49,3.91,46.75
43.82,8.91,82.03
58.17,6.35,105.65
69.58,4.94,118.84
80.44,1.77,137.51
85.27,-1.46,155.33
89.42,-4.03,167.48
87.77,-4.76,169.37
81.48,-5.86,157.10
76.35,-8.85,141.91
64.39,-12.08,123.72
53.59,-12.45,105.53
43.40,-20.75,97.35
34.97,-20.45,84.84
29.85,-18.68,70.98
25.21,-16.54,61.65
19.59,-13.00,49.26
21.00,-12.51,48.03
12.76,-9.89,40.83
6.47,-9.28,26.06
4.64,-6.59,13.06
3.05,-3.91,6.41
2.81,0.49,2.75
2.87,2.56,2.50
1.40,2.75,1.95
-0.49,2.14,0.18
-2.20,1.16,-1.10
















-,-,-
-5.98,-1.71,-4.33
-5.31,-2.01,-3.36
-4.21,-2.87,-1.95
-3.23,-4.27,-0.31
-2.75,-5.49,0.79
-2.44,-6.96,0.85
-2.26,-9.03,0.12
-2.69,-10.86,-0.98
-2.62,-10.93,-2.14
-1.95,-8.18,-2.38
-0.67,-6.35,-2.14
0.12,-5.13,-1.40
0.98,-4.58,-0.67
2.01,-3.72,0.18
2.44,-2.75,0.85
2.75,-1.77,1.28
2.44,-0.55,1.28
1.89,0.31,1.10
1.28,0.61,0.98
0.79,0.43,0.67
0.55,0.18,0.37
0.73,-0.12,0.55
1.28,-0.43,0.73
1.77,-1.16,0.67
2.20,-2.62,0.92
2.20,-3.91,1.46
1.59,-4.52,0.18
1.53,-5.37,0.00
0.49,-5.80,2.26
3.36,-6.10,6.96
9.70,-5.25,23.07
16.54,-2.44,42.42
26.73,4.58,67.26
36.07,13.24,93.69
42.36,14.89,114.01
40.65,15.44,112.06
36.32,12.15,102.84
26.61,8.67,88.01
15.50,4.76,64.94
8.36,3.54,49.62
-2.20,4.21,33.20
-10.93,4.58,25.51
-19.53,1.89,20.32
-28.32,2.32,5.31
-33.94,5.86,-5.68
-41.63,9.46,-13.55
-49.80,15.20,-22.77
-55.66,23.50,-33.63
-56.70,33.33,-43.64
-54.63,39.06,-49.38
-49.38,36.68,-50.23
-41.20,23.74,-44.31
-30.94,2.44,-32.90
-19.23,-24.78,-16.66
-6.23,-57.13,1.34
0.67,-82.15,15.93
-1.10,-49.99,11.96
19.23,-0.18,6.10
46.88,2.69,14.53
58.72,-18.19,26.49
74.34,-20.45,25.57
89.97,-9.52,28.56
102.05,-6.47,29.85
110.23,-7.69,30.88
115.05,-8.73,26.67
112.30,-10.74,24.96
95.21,-9.77,21.73
71.17,-9.16,13.43
48.58,-10.93,10.62
31.62,-14.28,2.69
17.82,-5.19,-2.50
7.51,0.98,-0.61
-0.12,2.56,-2.69
-8.24,2.38,-8.06
-15.99,1.16,-16.66
-23.86,2.69,-30.76
-30.76,7.93,-48.03
-34.55,17.03,-60.91
-35.77,30.03,-70.86
-34.61,42.18,-80.32
-33.20,48.28,-88.81
-30.88,44.01,-92.77
-30.52,31.19,-89.60
-30.58,13.43,-80.02
-27.47,-5.13,-65.37
-20.08,-23.13,-45.90
-8.67,-41.75,-23.93
1.53,-59.14,-2.99
5.37,-71.04,13.67
-3.30,-42.30,10.07
4.70,-12.82,-1.22
8.85,-15.14,5.62
4.88,-16.30,23.50
14.47,-3.60,38.64
33.26,8.00,65.06
48.16,10.44,96.01
55.79,13.79,116.70
61.83,13.12,123.17
60.49,14.89,126.89
53.89,15.26,120.48
48.34,17.03,107.12
39.43,13.31,92.04
25.70,9.03,60.06
18.92,2.08,41.81
13.31,-0.85,32.96
9.83,-2.87,27.04
4.21,1.65,11.72
-0.79,0.67,1.28
-5.62,1.77,-6.90
-7.75,3.48,-11.17
-11.72,9.40,-18.07
-17.46,16.54,-32.53
-24.60,25.33,-53.28
-29.36,31.74,-69.64
-31.80,34.06,-78.98
-31.98,30.88,-78.55
-26.86,19.78,-64.27
-19.59,1.22,-43.76
-11.96,-20.57,-25.57
-5.68,-41.14,-12.45
-1.16,-56.95,-3.60
2.99,-38.45,-0.55
15.69,-14.34,0.31
36.87,-10.25,2.81
46.20,-9.03,5.98
58.65,-1.71,11.72
72.20,-2.93,15.01
80.99,-6.77,12.70
86.91,-10.86,11.66
87.34,-18.13,6.77
72.33,-8.67,5.19
57.56,-8.48,6.16
39.49,-5.25,5.07
23.86,-4.46,1.40
10.13,-1.34,3.42
-0.79,0.12,0.85
-7.81,-0.55,-1.53
-14.10,0.98,-2.01
-17.46,-0.49,-2.08
-18.92,-0.55,-2.32
-20.08,3.36,-2.62
-24.84,11.17,-7.20
-32.35,19.35,-22.09
-39.25,23.44,-41.44
-42.42,27.22,-56.40
-44.13,37.23,-66.22
-43.52,49.93,-76.72
-38.82,58.23,-85.94
-31.68,56.64,-89.84
-23.80,44.49,-85.82
-17.33,26.37,-74.89
-13.98,7.51,-60.30
-12.63,-9.22,-43.64
-11.66,-23.74,-26.55
-9.40,-38.94,-10.93
-7.93,-55.54,0.49
-8.97,-70.68,8.97
-11.17,-75.07,13.24
-10.56,-31.49,-3.72
3.60,-17.82,-8.36
4.39,-22.03,0.98
6.41,-16.05,15.63
19.41,-3.23,27.34
28.32,7.20,42.60
36.19,6.10,59.94
47.36,4.70,81.67
57.68,2.69,100.59
62.87,8.12,112.30
67.63,13.24,126.59
73.55,6.23,146.73
72.94,5.68,144.65
71.66,1.40,142.70
67.14,-7.32,132.26
60.49,-8.42,122.38
51.94,-9.34,113.04
41.99,-11.17,101.14
36.93,-14.10,97.29
32.53,-16.17,89.23
26.67,-11.29,70.56
20.20,-11.96,49.44
















-,-,-
0.92,4.58,-4.21
1.59,5.00,-4.15
2.44,5.00,-3.91
2.99,4.70,-3.72
3.05,4.09,-3.78
3.05,3.42,-4.33
2.75,2.93,-4.94
2.20,2.69,-5.55
1.53,2.81,-6.29
2.08,3.60,-6.65
2.75,3.48,-5.68
3.36,2.99,-5.13
3.42,2.44,-5.19
3.30,1.46,-5.43
2.38,1.10,-5.43
1.77,1.28,-4.46
1.46,1.83,-3.05
1.65,1.77,-1.46
1.46,1.34,-0.67
1.16,0.37,-0.61
0.73,-0.37,-0.61
0.43,-0.61,-0.31
0.55,-0.49,-0.06
0.67,-0.67,0.00
0.61,-0.85,0.18
0.55,-0.49,0.24
1.28,0.06,0.43
1.71,0.00,0.37
1.77,-0.12,0.18
1.77,-0.55,-0.24
1.53,-0.79,-0.61
1.59,-1.10,-0.55
1.77,-2.44,-0.98
2.32,-6.29,-1.59
2.87,-13.79,-2.38
3.60,-25.45,-3.30
3.97,-40.89,-3.91
2.75,-55.97,-3.72
0.18,-56.40,-2.99
-3.60,-25.33,-8.00
3.85,-14.77,-7.45
5.68,-19.47,7.45
-0.55,-16.24,17.09
8.42,-5.74,31.25
21.00,1.65,62.68
35.28,3.66,92.59
48.52,7.39,112.73
61.89,11.72,123.96
55.54,17.03,116.88
47.79,16.30,107.24
29.60,14.40,87.59
15.81,9.89,66.16
2.56,8.24,48.52
-6.77,5.55,33.51
-14.04,2.99,26.18
-23.07,4.33,13.49
-30.76,5.37,1.53
-39.31,7.87,-10.50
-47.06,10.38,-19.96
-54.02,14.95,-28.14
-57.19,20.63,-35.03
-55.91,24.23,-41.08
-52.25,22.64,-44.80
-46.81,11.72,-42.24
-39.00,-6.96,-32.90
-29.66,-29.30,-19.35
-20.63,-32.71,-6.59
-11.05,-10.01,-5.07
12.27,-5.62,0.00
29.60,-2.87,10.01
53.28,-1.10,22.09
74.16,-3.42,24.96
89.97,-10.68,19.47
104.74,-20.14,18.92
120.42,-27.71,16.36
131.96,-21.91,17.27
130.92,-19.10,9.64
114.07,-18.37,3.23
89.54,-22.95,0.79
63.60,-19.47,-5.37
41.69,-20.26,-10.86
26.55,-16.91,-11.78
14.95,-12.15,-9.09
5.92,-6.71,-8.67
-2.20,-2.99,-6.53
-10.19,1.28,-9.34
-11.23,-0.37,-16.36
-18.62,0.61,-26.55
-31.80,6.16,-46.14
-38.27,12.45,-63.84
-41.87,20.14,-72.57
-41.69,27.04,-77.82
-38.51,26.49,-83.50
-35.89,16.97,-86.67
-32.90,1.59,-83.07
-25.82,-17.64,-72.14
-13.18,-38.09,-52.86
-1.04,-34.91,-29.72
6.96,0.00,-8.00
20.63,3.91,9.16
10.80,-1.53,16.78
2.26,-4.03,20.26
13.00,-5.62,30.09
33.51,-7.51,71.04
47.97,-3.36,104.55
59.57,-0.24,124.88
60.18,2.93,132.69
54.26,6.53,125.92
49.13,8.24,114.87
39.67,10.13,100.52
29.36,6.53,79.22
20.63,2.56,58.90
12.39,0.06,40.95
5.86,-0.24,29.66
-2.99,2.75,12.57
-7.63,3.85,-3.17
-12.02,6.10,-14.28
-16.85,10.93,-29.66
-22.03,21.12,-49.26
-26.06,30.82,-64.76
-28.02,35.52,-74.83
-26.00,28.87,-78.67
-21.36,9.22,-65.86
-11.66,-15.56,-43.15
0.12,-38.94,-20.08
9.34,-46.02,-2.44
11.05,-9.09,7.26
37.66,0.79,9.89
51.39,-6.90,6.84
66.53,-15.14,2.56
77.33,-10.31,5.98
82.82,-6.53,4.15
85.94,-8.06,5.13
74.58,-5.86,1.16
51.21,-8.85,-3.23
29.72,-11.11,-10.19
15.01,-9.58,-13.24
6.65,-6.71,-13.49
-2.69,-1.40,-12.02
-12.15,2.93,-9.46
-18.25,5.55,-7.81
-22.46,5.68,-14.59
-28.75,9.52,-29.91
-35.34,17.52,-50.11
-39.37,28.63,-63.78
-40.65,40.22,-71.66
-39.43,46.81,-77.70
-36.25,41.32,-81.42
-34.00,26.31,-82.89
-32.10,6.59,-79.28
-26.18,-11.90,-67.08
-13.37,-28.93,-46.08
-0.37,-44.13,-22.40
4.88,-56.27,-2.99
-2.69,-38.94,3.30
-8.42,-5.74,-3.60
4.03,-12.39,0.12
-2.32,-19.41,9.34
1.95,-12.08,14.40
22.03,-5.31,41.50
38.21,-1.95,78.06
56.76,-2.56,109.62
70.68,-1.46,131.71
77.45,4.09,141.78
80.81,6.04,149.84
82.21,-0.12,162.23
80.14,-2.26,167.91
77.03,-9.70,170.35
71.29,-13.49,166.63
62.99,-18.49,156.62
53.59,-23.07,147.40
43.09,-24.78,131.59
31.92,-22.03,107.97
22.89,-19.90,82.64
16.42,-18.49,64.09
9.70,-11.35,43.09
7.45,-13.12,34.18
0.24,-9.09,17.09
0.61,-2.14,2.87
1.04,0.18,1.46
















-,-,-
0.24,-5.00,0.37
0.18,-4.94,0.79
0.43,-4.94,1.40
0.73,-5.07,1.46
0.92,-5.19,1.34
1.04,-5.62,1.53
1.10,-6.10,1.59
1.16,-6.71,1.40
0.73,-7.20,1.04
-0.67,-6.65,0.49
-1.34,-4.76,-0.55
-0.61,-2.99,-1.65
0.24,-1.22,-2.50
1.10,0.98,-3.23
2.38,2.81,-3.36
3.54,4.39,-3.30
4.03,5.43,-2.93
4.21,6.65,-2.56
4.15,7.32,-1.95
4.21,7.63,-1.65
3.54,6.53,-1.40
3.17,4.64,-1.10
2.75,1.53,-0.43
2.20,-2.01,0.55
2.32,-6.65,0.85
2.75,-14.34,0.12
1.95,-26.61,-1.22
-0.92,-39.55,-0.79
-5.31,-48.71,3.78
-11.05,-36.62,9.16
-8.30,-14.53,12.21
9.40,-14.16,23.01
15.81,-15.56,45.35
23.86,-10.44,56.34
33.45,-1.83,66.96
40.71,0.06,81.30
40.16,4.64,83.44
40.59,4.58,77.27
34.00,4.52,68.18
22.52,5.43,53.41
16.54,4.52,42.42
10.62,2.50,42.24
-2.93,4.46,33.94
-12.33,4.33,18.31
-18.62,0.73,11.96
-24.54,2.56,9.16
-28.93,8.36,3.85
-34.06,11.72,-2.38
-37.78,13.12,-7.20
-39.31,13.98,-13.43
-38.64,14.71,-20.08
-36.74,13.43,-23.62
-33.75,8.48,-21.91
-28.44,0.00,-15.99
-21.12,-10.25,-9.70
-15.26,-13.79,-5.55
-9.22,-9.46,-5.19
0.18,-8.73,-4.21
10.19,-8.12,-0.24
23.74,-3.30,3.48
42.85,-1.89,9.58
63.11,-6.47,14.71
80.44,-13.98,8.12
95.52,-19.17,5.19
109.62,-24.54,3.05
119.69,-26.12,4.94
113.10,-24.23,-1.04
88.87,-22.03,-2.01
64.70,-20.26,-7.08
44.37,-16.11,-6.10
30.52,-13.24,-1.65
21.61,-9.46,4.33
9.77,3.72,7.26
3.54,3.97,6.16
-3.17,2.99,5.19
-7.63,2.44,1.53
-10.74,0.92,-1.83
-14.77,2.44,-10.01
-21.85,5.62,-29.48
-27.59,7.75,-50.84
-28.56,9.46,-60.73
-27.77,15.63,-64.39
-25.21,22.09,-70.74
-22.16,21.73,-79.47
-19.84,12.82,-86.67
-17.94,-2.08,-85.69
-14.28,-20.26,-72.51
-7.45,-38.64,-49.26
-5.55,-24.72,-23.32
-1.46,-1.10,-6.96
8.54,-6.41,3.48
-2.87,-10.80,1.89
-3.91,-8.67,3.78
5.62,-7.63,20.51
26.43,-7.26,60.97
44.74,-2.69,95.21
58.96,1.28,115.72
64.33,4.64,132.81
64.51,5.07,143.01
54.81,8.06,134.40
44.62,10.38,112.67
30.94,4.64,90.58
17.94,4.03,66.10
9.34,5.00,46.88
3.36,3.60,28.93
-3.42,5.13,10.68
-8.73,11.23,-6.10
-13.00,15.44,-19.29
-15.32,23.86,-35.16
-18.19,32.29,-48.22
-26.79,40.53,-62.50
-26.37,41.56,-79.16
-23.93,32.90,-86.79
-23.13,14.83,-77.27
-18.13,-7.63,-56.15
-8.12,-31.68,-31.56
3.48,-54.93,-8.54
10.50,-40.41,6.84
19.53,-7.81,10.01
45.90,-5.37,11.05
53.65,-9.95,13.67
64.45,-0.37,15.87
72.02,2.69,20.75
73.12,-0.67,19.29
64.76,-5.98,11.05
47.67,-10.38,0.61
30.76,-11.35,-5.25
18.92,-6.71,-9.46
14.77,-6.47,-2.56
5.25,-1.40,-7.14
-1.53,0.24,-17.27
-6.65,-1.71,-15.50
-13.18,1.53,-16.11
-20.75,8.06,-27.10
-29.05,14.47,-43.21
-36.87,21.30,-56.52
-41.69,32.23,-65.43
-44.01,42.79,-71.90
-45.29,47.61,-77.76
-43.95,43.33,-81.85
-39.92,30.27,-81.85
-35.34,11.41,-74.83
-27.22,-8.67,-58.29
-18.01,-27.34,-35.83
-9.46,-43.58,-14.10
-2.69,-57.31,0.43
-2.50,-51.82,5.25
-9.22,-12.82,-3.05
-1.89,-12.94,-5.55
-1.83,-22.89,-4.33
-3.66,-16.97,6.65
6.41,-7.51,18.25
26.86,-7.51,39.73
45.29,-7.26,76.48
60.79,-2.81,105.22
76.42,-1.46,132.32
85.57,3.30,150.09
90.94,-0.43,159.36
89.48,-5.31,164.98
82.46,-6.71,158.02
75.32,-7.63,142.33
64.15,-10.31,127.32
53.04,-15.32,114.44
40.41,-15.14,96.50
31.86,-13.98,78.06
22.22,-12.82,59.51
17.76,-10.80,48.65
11.29,-9.28,39.86
10.56,-9.34,36.01
8.54,-6.41,33.69
5.31,-1.83,23.38
2.01,0.92,12.21
-1.28,0.92,2.62
-1.28,1.28,0.73
-1.65,1.71,1.59
-2.26,2.44,2.20
-3.36,3.42,1.71
-5.31,3.85,0.49
-6.96,4.58,-0.61
-8.73,5.92,-0.67
















-,-,-
-0.31,-1.28,-3.97
-0.73,-1.40,-3.78
-0.92,-1.46,-3.66
-1.04,-1.46,-3.60
-0.98,-1.40,-3.54
-0.73,-1.40,-3.66
-0.67,-1.28,-3.91
-0.43,-0.79,-4.03
-0.43,-0.37,-3.66
-0.55,-0.31,-3.17
-0.92,-0.55,-2.56
-0.67,-0.67,-2.26
-0.85,-0.79,-2.14
-1.10,-0.49,-1.89
-0.98,0.00,-1.59
-0.85,0.12,-1.77
-0.79,-0.31,-2.38
-0.73,-0.55,-2.99
-0.85,-0.12,-2.99
-1.10,0.73,-2.87
-1.04,1.59,-2.62
-1.22,2.69,-2.81
-0.85,3.54,-3.36
-0.43,3.85,-3.97
-0.12,3.48,-4.39
0.37,3.23,-4.33
0.24,2.62,-4.27
0.37,1.40,-4.46
0.00,-0.12,-5.31
-0.31,-1.77,-6.47
1.10,-5.80,-7.51
2.56,-14.95,-8.91
2.50,-27.40,-9.09
2.81,-39.37,-7.39
4.70,-50.60,-4.52
5.98,-62.50,-0.24
6.71,-72.69,5.68
1.77,-50.05,6.53
-3.54,-21.00,-0.24
8.30,-16.24,4.09
17.76,-17.52,26.98
25.39,-10.01,42.05
41.14,-1.40,67.93
52.55,1.22,100.89
57.19,0.18,113.95
69.21,-2.44,115.05
70.74,-5.92,115.30
43.52,-3.91,92.65
37.29,-6.47,76.97
18.01,-4.33,60.55
11.66,-6.23,47.91
2.75,-6.53,38.82
-6.71,-4.94,27.71
-9.83,-2.62,17.76
-16.54,-2.87,5.68
-18.37,-2.08,-4.70
-26.37,-0.55,-12.02
-33.63,5.07,-21.00
-41.20,13.37,-30.21
-48.71,23.68,-38.51
-53.41,31.56,-43.27
-53.59,34.67,-44.56
-50.11,28.50,-40.89
-44.13,13.31,-32.71
-38.51,-4.76,-23.07
-31.86,-21.97,-13.43
-23.07,-29.36,-3.17
-21.97,-8.79,-0.73
-6.71,-5.62,-0.73
5.68,-10.19,-0.85
16.48,-6.29,1.95
32.47,2.99,9.16
51.15,10.56,16.66
73.12,2.93,20.39
94.54,-7.87,22.28
109.31,-17.88,19.35
115.36,-16.54,-2.87
122.19,-26.12,-9.64
118.77,-31.07,-9.95
97.66,-23.38,-15.63
74.77,-23.93,-14.34
50.35,-18.43,-21.18
37.05,-16.72,-16.91
23.56,-9.40,-8.12
10.86,-5.49,-4.09
0.67,-3.91,-5.62
-7.26,-4.58,-7.87
-11.47,-3.11,-9.16
-19.90,-0.43,-10.93
-26.67,1.16,-23.56
-30.27,6.84,-44.62
-38.57,12.15,-61.65
-43.03,19.04,-72.20
-44.13,28.08,-77.94
-43.70,36.19,-85.08
-43.27,38.39,-94.12
-44.01,32.90,-100.77
-42.97,19.96,-100.40
-37.35,0.67,-90.03
-25.21,-22.52,-70.01
-10.01,-46.63,-42.42
3.60,-55.79,-15.32
-3.97,-15.38,-0.31
8.42,-7.45,3.11
11.41,-12.27,0.37
11.60,-13.49,11.90
25.45,-9.03,36.44
38.76,-5.98,65.00
54.75,-5.25,100.22
69.09,-0.79,129.09
76.17,2.01,158.45
72.20,4.88,172.61
58.90,3.66,157.41
42.72,-1.16,132.63
25.63,0.49,96.50
19.59,-2.38,69.03
10.19,-6.90,51.21
-2.87,-2.99,28.02
-6.35,0.67,8.97
-12.21,3.54,-8.18
-15.50,7.02,-24.72
-19.65,14.04,-42.79
-28.44,21.12,-60.67
-28.32,24.90,-77.33
-23.01,19.23,-83.31
-15.93,2.20,-77.03
-6.35,-18.86,-61.52
2.44,-12.15,-33.39
18.74,2.99,-10.13
44.19,0.85,-5.98
62.62,-2.99,-2.69
73.00,1.40,-0.61
73.06,8.42,1.04
61.34,8.79,6.53
49.13,0.61,-0.06
34.36,2.87,-5.80
21.42,-0.85,-7.08
10.01,-2.99,-8.36
0.98,-4.58,-12.51
-8.24,-3.36,-21.48
-19.35,-2.69,-33.14
-31.37,1.34,-48.28
-41.32,8.00,-62.26
-48.95,21.91,-71.90
-51.51,38.45,-80.14
-51.39,48.77,-90.21
-50.72,45.10,-101.26
-48.28,29.54,-108.40
-43.09,6.65,-104.31
-34.97,-16.78,-82.52
-17.03,-38.45,-48.28
-0.79,-55.11,-16.17
12.02,-44.43,3.23
10.86,-5.00,14.04
22.58,-4.39,10.25
15.56,-10.62,5.68
16.72,-9.40,16.54
33.14,-6.84,39.55
45.59,-7.69,62.01
63.35,-9.40,94.12
76.90,-9.09,121.28
85.88,-9.58,141.42
86.00,-4.39,148.01
89.66,-4.33,160.95
86.73,-12.88,178.59
80.08,-9.52,170.10
73.91,-10.50,155.09
59.81,-15.93,139.22
49.01,-18.19,119.75
39.86,-17.52,100.34
32.41,-16.48,80.63
26.25,-16.66,64.70
24.35,-19.84,60.24
21.91,-15.99,53.65
14.71,-15.44,47.18
13.00,-11.47,38.76
8.79,-7.69,29.42
7.20,-2.93,18.19
5.86,-2.32,11.41
5.25,-1.46,5.19
















-,-,-
1.16,-0.43,-0.55
1.59,-1.04,-0.55
1.77,-1.46,-0.55
1.59,-1.65,-0.85
2.01,-1.34,-1.04
2.08,-1.16,-1.22
2.32,-1.77,-0.79
2.69,-2.08,-0.67
2.81,-1.71,-0.18
3.54,-2.32,0.00
2.87,-2.93,-0.24
1.34,-1.89,-1.22
0.73,-1.65,-1.53
0.06,-1.46,-1.04
-0.43,-1.40,0.24
0.37,-1.16,1.16
0.67,-0.55,0.73
1.16,-0.98,0.55
1.34,-1.04,0.37
0.98,-0.85,0.37
0.92,-0.49,0.67
0.55,-0.12,0.98
0.98,0.06,1.10
1.10,0.49,1.22
1.04,0.49,1.22
1.40,0.00,0.73
1.16,-0.31,0.37
-0.06,-0.67,0.55
-1.46,-0.37,0.67
-3.11,0.06,1.28
-2.01,0.85,4.46
2.75,1.59,16.17
8.30,1.77,32.35
15.26,4.03,41.99
23.99,3.66,51.70
36.50,0.98,64.21
46.63,-0.61,80.57
53.77,-2.44,99.37
56.82,-2.81,105.59
66.47,-3.11,102.36
55.85,-1.22,92.35
40.28,-2.32,76.60
29.79,-1.65,62.68
16.66,-1.46,47.49
13.79,-2.93,44.07
4.88,-1.95,38.57
2.87,-3.42,37.23
-6.16,-1.53,28.08
-6.10,-3.42,21.18
-15.32,-1.40,10.38
-20.57,1.40,-1.71
-28.81,4.09,-10.74
-33.20,7.51,-19.65
-34.36,10.86,-27.59
-33.75,10.74,-29.85
-30.94,4.58,-24.41
-25.21,-2.81,-14.28
-19.84,-2.93,-4.58
-12.27,-1.28,0.12
-3.42,-5.37,2.99
6.16,-9.46,2.99
17.82,-6.53,4.64
31.56,2.69,6.53
48.71,6.47,8.54
66.47,8.48,8.54
81.48,6.77,2.69
88.32,-0.37,-3.42
87.04,-4.33,-12.27
73.61,-8.12,-19.53
59.75,-15.01,-23.62
47.73,-16.30,-26.86
39.73,-17.82,-24.84
29.54,-12.08,-24.60
17.15,-7.39,-21.91
5.55,-4.52,-23.38
-3.48,-3.36,-21.36
-13.67,0.06,-26.49
-17.52,2.14,-35.52
-22.58,6.53,-46.08
-36.62,15.93,-61.22
-41.93,26.18,-76.66
-45.65,32.90,-87.46
-46.20,33.94,-94.67
-43.03,28.32,-99.00
-38.33,16.97,-100.22
-32.59,-0.31,-97.35
-34.18,-21.85,-85.75
-22.52,-43.82,-63.23
-7.02,-46.57,-35.83
-4.03,-1.22,-13.55
18.49,5.31,3.66
18.31,-1.71,14.95
11.90,-5.13,14.22
21.61,-7.57,33.63
43.09,-11.05,68.79
67.87,-11.60,107.48
83.86,-6.10,134.58
89.90,-5.62,153.50
84.35,-5.62,154.11
71.84,-4.46,144.90
55.24,-3.54,127.93
36.13,-5.00,97.90
20.39,-3.66,62.62
8.85,-6.59,44.37
-0.18,-3.36,28.87
-3.78,-3.30,24.05
-9.52,-1.10,11.11
-11.96,3.91,-10.01
-11.47,5.25,-22.71
-19.17,9.95,-40.04
-22.09,16.36,-58.11
-22.16,21.61,-75.50
-23.38,21.61,-81.97
-21.97,13.37,-75.01
-16.54,-1.53,-57.50
-2.26,-9.40,-30.88
11.54,1.28,-6.71
28.63,3.36,3.05
43.88,-2.38,2.99
53.10,3.97,1.95
61.77,3.72,5.74
66.16,0.67,3.11
64.39,3.66,-0.98
51.64,0.92,-5.19
34.24,-2.56,-13.73
18.98,-4.94,-20.87
5.19,-5.62,-21.36
-4.82,-5.68,-23.13
-12.63,-0.31,-20.39
-20.02,3.17,-22.09
-25.70,5.43,-26.43
-30.94,5.37,-32.96
-36.19,8.61,-42.05
-39.55,14.71,-52.73
-41.56,20.81,-65.80
-46.45,28.08,-77.45
-50.60,34.55,-85.27
-52.92,36.87,-88.75
-52.67,33.94,-88.07
-46.88,24.48,-83.68
-49.26,10.50,-74.04
-43.09,-7.02,-59.81
-34.12,-25.76,-44.86
-23.19,-37.29,-31.68
-13.49,-15.50,-20.81
-4.39,2.14,-12.15
14.10,-4.33,-1.22
17.09,-6.71,8.30
19.47,-1.10,10.31
14.59,2.26,9.28
8.91,0.37,16.11
14.89,-6.47,33.87
29.79,-13.06,53.28
41.08,-10.86,63.11
56.58,-7.81,80.93
69.70,-4.94,98.39
83.56,-5.25,118.29
94.24,-6.16,132.14
101.38,-10.50,143.01
98.75,-12.02,143.86
100.40,-12.70,150.09
101.50,-15.75,167.30
96.92,-24.11,181.03
84.78,-23.25,169.49
75.93,-27.95,150.70
70.62,-33.57,139.53
64.94,-33.87,134.95
50.60,-30.09,118.16
33.94,-30.03,91.49
19.59,-19.78,58.72
13.00,-14.10,39.06
4.88,-14.10,37.96
3.85,-11.96,35.95
1.28,-8.91,30.76
-0.24,-3.42,14.47
0.06,-0.61,3.36
-2.32,0.73,0.00
-5.62,2.08,-4.21
-8.00,2.69,-5.98
-10.56,2.99,-5.62
