-,-,-
-0.43,0.61,1.22
2.38,1.46,3.11
4.88,1.10,5.55
5.25,-0.67,6.84
5.07,-2.62,6.23
4.03,-4.21,4.70
2.99,-4.64,3.05
1.65,-5.13,2.08
0.12,-5.43,1.83
-1.83,-5.92,2.14
-2.81,-6.04,2.32
-3.36,-6.41,2.62
-4.33,-7.14,2.93
-4.88,-8.18,2.87
-4.82,-8.91,2.32
-4.33,-9.09,1.71
-3.72,-8.30,1.22
-4.33,-7.57,1.89
-5.74,-7.39,2.87
-7.32,-6.90,2.08
-7.57,-6.59,1.10
-7.20,-7.26,2.69
-6.96,-9.64,5.74
-6.65,-12.57,7.39
-5.98,-14.95,7.45
-5.62,-17.64,8.30
-5.98,-20.39,10.44
-6.35,-23.44,13.12
-7.39,-27.40,15.14
-9.46,-32.23,16.72
-11.05,-36.74,17.27
-11.84,-40.16,14.53
-9.83,-39.73,6.29
-3.11,-37.11,-0.92
2.56,-35.28,-0.73
3.66,-32.35,0.55
3.48,-29.36,-0.18
2.99,-26.86,-2.32
3.60,-24.96,-3.54
5.80,-24.11,-3.60
7.63,-24.29,-3.30
8.12,-25.76,-3.17
8.06,-28.32,-3.30
7.20,-30.70,-3.23
7.39,-31.80,-3.05
8.54,-31.98,-2.81
11.11,-30.94,-2.08
15.93,-29.05,-0.61
21.55,-28.08,1.83
29.48,-31.98,7.45
35.22,-27.65,10.38
39.06,-17.76,9.28
43.33,-15.75,13.06
47.79,-23.80,19.59
52.67,-35.58,24.05
57.86,-40.10,26.18
64.33,-48.28,28.81
70.43,-39.43,31.13
75.56,-37.17,27.71
82.28,-40.65,30.03
80.51,-37.90,31.68
75.44,-34.67,31.62
65.73,-32.84,26.73
58.84,-27.65,18.43
57.19,-25.21,21.48
56.82,-19.65,27.16
56.64,-10.38,24.11
55.30,-8.30,18.86
55.66,-16.78,22.77
54.50,-18.25,21.97
51.15,-18.07,17.70
45.65,-17.40,13.79
42.72,-26.00,11.23
40.47,-27.04,11.84
39.67,-16.17,9.22
39.00,-7.02,10.62
36.99,-7.26,10.25
36.56,-13.12,11.17
33.39,-14.47,8.79
39.73,-14.04,10.01
34.18,-6.90,11.54
31.19,-8.85,9.77
29.97,-8.36,8.42
29.66,-7.93,10.01
29.42,-1.53,6.90
27.71,-2.20,6.77
28.20,-10.68,9.16
30.64,-12.21,8.67
29.66,-1.10,7.08
28.44,-5.92,10.13
31.68,-6.29,13.12
34.85,-4.88,13.67
34.36,-9.95,8.42
34.30,-5.62,8.06
31.37,1.34,8.97
29.48,-6.35,11.05
29.60,-7.45,7.69
26.79,-5.00,7.81
25.15,-10.01,7.20
23.44,-5.07,4.15
20.45,1.89,5.74
18.07,4.15,5.55
13.37,9.34,3.17
8.06,5.43,1.65
3.85,0.79,0.61
0.79,-3.11,-1.10
-0.92,-5.55,-2.01
-0.79,-6.29,-1.95
-0.37,-5.98,-1.53
0.00,-5.00,-1.28
0.73,-3.78,-0.73
1.16,-2.32,-0.24
1.28,-0.61,0.49
0.67,0.85,1.10
0.37,2.14,1.59
0.37,2.81,1.89
0.92,2.81,2.08
2.26,2.50,2.32
3.23,1.65,2.32
2.87,0.12,2.14
2.26,-1.53,1.40
1.83,-2.56,0.85
1.59,-3.17,0.37
1.53,-3.17,-0.37
1.16,-3.30,-0.67
0.79,-3.05,-0.73
0.98,-2.26,-0.12
1.28,-1.53,0.73
1.40,-0.98,1.40
1.34,-0.67,1.77
1.28,-0.55,2.08
1.10,-0.67,2.14
0.73,-0.55,2.20
0.31,-0.49,2.01
0.00,-0.31,1.77
-0.55,-0.31,1.46
-0.67,0.06,1.10
-0.73,0.24,0.79
-1.04,0.37,0.67
-1.28,0.49,0.49
-1.16,0.43,0.31
-1.22,0.43,0.06
-1.28,0.37,-0.24
-1.65,0.31,-0.37
-1.83,0.43,-0.43
-1.77,0.85,-0.43
-1.53,1.46,-0.31
-1.46,2.20,0.00
-1.10,3.17,0.73
-0.55,4.21,1.34
0.43,5.62,1.95
1.04,7.02,2.69
1.22,8.36,3.60
1.59,9.70,4.33
2.20,11.35,4.82
2.75,13.12,5.37
3.36,15.14,5.92
2.93,16.66,5.92
0.98,17.40,5.13
-2.56,18.01,4.03
-5.25,19.35,3.23
-8.30,22.28,3.66
-11.41,27.22,4.39
-14.40,34.48,4.39
-15.75,41.56,3.60
-17.70,45.84,2.62
-22.22,47.85,-1.46
-25.15,55.11,-8.00
-25.88,72.14,-16.11
-23.93,95.21,-22.77
-19.71,116.64,-25.15
-13.55,132.51,-23.50
-6.47,141.97,-20.08
-0.79,145.26,-15.56
4.03,144.23,-11.90
9.09,140.38,-10.44
13.37,134.64,-8.54
16.54,129.09,-6.23
18.86,125.31,-3.91
20.20,122.50,-1.16
















-,-,-
2.56,1.40,1.89
2.87,1.04,2.26
2.50,0.85,2.20
1.89,0.98,2.14
1.59,0.92,1.95
1.53,0.49,1.83
0.98,-0.55,2.08
0.85,0.00,2.20
1.22,0.92,1.28
1.65,-0.12,1.65
1.77,-0.92,2.26
1.65,-0.12,1.71
1.53,0.06,1.04
1.34,-0.37,1.28
1.71,0.61,0.79
2.08,2.38,-0.43
2.20,1.71,-0.24
2.08,0.37,0.73
2.08,0.73,0.79
1.89,1.40,0.43
1.71,0.55,0.43
1.53,-0.92,0.79
1.28,-0.43,0.31
1.22,0.61,-0.12
1.46,0.61,0.31
1.46,0.31,0.85
1.46,0.98,0.73
1.40,1.53,0.06
1.28,0.73,0.00
1.40,0.37,-0.12
1.71,1.40,-0.79
1.89,1.53,-0.85
2.38,0.73,0.00
2.56,1.28,-0.06
2.56,1.95,-0.24
2.26,1.10,0.12
1.89,0.31,0.43
1.40,0.61,0.18
1.34,1.10,-0.37
1.46,0.79,-0.37
1.77,0.31,0.00
2.08,0.37,0.24
2.01,1.04,0.12
2.56,0.92,-0.06
2.87,0.43,0.24
2.56,0.49,0.24
1.83,1.16,0.06
1.34,1.34,0.06
1.16,1.28,-0.12
0.98,0.98,-0.06
0.61,1.46,-0.12
0.49,2.56,0.18
0.06,2.75,0.92
-1.65,0.18,3.11
-3.42,-1.71,4.94
-4.21,-2.38,4.58
-4.46,-6.47,4.15
-4.27,-14.89,6.04
-3.85,-24.66,8.91
-5.55,-32.10,11.11
-6.77,-38.82,13.61
-6.35,-46.94,17.58
-6.65,-55.79,21.79
-7.20,-64.76,25.51
-8.06,-70.56,25.15
-9.09,-65.19,13.31
-3.78,-47.67,-4.70
5.49,-43.95,-5.86
12.08,-36.25,-2.62
22.83,-22.83,3.42
30.58,-9.64,7.02
36.07,-1.04,9.95
43.58,0.00,15.63
54.44,-14.28,24.29
62.62,-23.74,26.73
69.89,-25.45,26.18
72.69,-20.63,26.98
76.48,-28.08,27.89
80.99,-29.79,28.14
83.37,-25.09,27.28
84.11,-23.56,24.90
85.45,-23.68,21.67
92.41,-23.99,24.90
98.75,-23.50,30.58
101.07,-25.02,21.61
104.68,-32.10,13.12
103.94,-37.35,12.70
98.75,-31.43,15.32
92.83,-25.57,16.17
87.16,-22.71,18.98
83.74,-18.07,20.63
81.05,-15.75,16.85
76.90,-9.09,11.41
68.54,-16.60,11.84
60.91,-17.21,9.40
54.20,-19.78,2.87
50.17,-14.22,6.23
45.10,-18.98,3.97
42.18,-14.59,0.37
33.26,-7.08,2.01
25.82,-15.69,-0.06
20.87,-15.38,-0.92
15.32,-14.34,-0.61
10.80,-16.24,-3.42
9.16,-17.52,-5.31
7.63,-13.85,-5.00
4.03,-5.00,-3.66
-0.43,-0.98,-3.23
-3.78,-0.37,-3.36
-6.53,-0.31,-3.91
-10.31,-0.98,-4.58
-12.08,-1.40,-5.00
-11.41,-1.04,-4.88
-9.64,0.00,-4.21
-6.41,0.85,-3.30
-4.33,1.53,-2.44
-3.48,1.46,-1.53
-2.99,1.04,-0.73
-2.75,0.61,0.00
-2.44,0.24,0.73
-2.38,0.24,1.59
-2.87,0.73,1.89
-3.78,1.59,1.89
-5.25,3.17,1.89
-5.98,5.43,1.71
-5.19,8.42,1.89
-5.43,11.84,2.50
-7.14,15.26,2.93
-11.05,18.74,2.08
-16.24,22.46,0.12
-22.52,27.71,-3.23
-29.05,32.23,-10.44
-31.74,39.67,-22.40
-27.89,51.64,-29.60
-21.73,66.83,-29.54
-15.87,86.85,-28.63
-10.38,105.96,-28.99
-5.98,118.29,-30.33
-0.43,122.31,-31.37
4.33,118.59,-31.19
7.63,109.44,-29.24
10.01,97.53,-26.55
10.31,85.82,-23.56
9.40,77.45,-20.02
7.45,72.33,-16.48
4.33,69.64,-12.70
1.10,67.44,-9.03
-2.69,64.03,-5.62
-5.55,57.62,-3.60
-7.93,48.95,-1.53
-10.56,39.92,0.43
-12.94,31.19,2.14
-14.83,23.50,3.60
-16.91,16.17,5.31
-18.55,9.83,6.35
-20.57,4.82,6.84
-21.79,1.71,6.41
-23.07,-0.06,6.10
-23.86,-0.85,5.86
-23.99,-0.92,5.62
-24.66,-1.16,5.31
-24.90,-1.16,5.55
-24.54,-1.04,6.10
-23.62,-0.61,6.59
-22.40,-0.18,6.59
-21.30,0.18,6.23
-20.20,0.67,5.31
-19.10,1.53,4.03
-18.31,2.38,2.56
-17.94,3.66,1.53
-17.46,4.94,1.22
-17.46,5.92,1.59
-17.15,6.96,2.32
-16.97,7.20,2.87
-16.78,6.65,3.30
-17.03,5.49,3.66
-17.52,4.64,3.54
-18.49,4.58,3.42
-19.29,5.62,3.30
-19.84,7.26,3.36
















-,-,-
-0.24,-0.18,5.31
4.88,-0.85,-9.16
-18.74,-1.28,-11.72
2.01,-0.67,22.16
9.58,2.26,24.72
6.35,-0.98,0.55
2.99,-5.80,-13.06
3.30,-5.74,-10.25
4.76,-0.24,-4.58
4.39,5.07,0.31
4.70,6.16,4.33
4.94,5.55,3.85
2.20,5.00,0.24
-2.32,3.48,-2.44
-1.71,1.77,-3.72
1.28,1.89,-3.54
2.44,3.23,-1.89
2.81,3.72,0.55
3.54,3.23,2.01
2.99,2.62,1.16
2.62,2.20,-0.24
1.65,1.83,0.06
1.40,1.83,1.16
2.44,2.26,1.71
3.23,2.44,1.34
3.23,2.26,1.10
3.17,2.26,0.85
2.81,2.20,0.61
2.87,2.26,0.24
2.69,1.95,0.24
2.44,1.53,0.31
2.14,1.34,0.37
1.71,1.22,0.49
1.65,1.34,1.16
1.77,0.92,1.34
1.34,0.43,1.10
1.28,0.00,0.12
1.53,-0.37,-0.55
2.08,-0.24,-0.67
2.20,0.18,-0.55
2.32,0.43,-0.67
1.65,-0.12,-1.16
1.16,-1.53,-2.32
-0.18,-1.65,-3.23
-3.42,-0.98,-2.62
-5.55,-2.14,-2.08
-7.32,-7.14,-4.27
-8.91,-15.69,-8.12
-9.16,-26.00,-10.93
-11.47,-36.07,-9.77
-14.10,-45.10,-4.88
-18.07,-53.10,1.95
-21.73,-60.36,9.40
-22.71,-68.24,16.17
-21.67,-78.19,22.28
-19.71,-89.78,27.65
-18.43,-100.95,31.80
-16.42,-106.26,30.33
-9.09,-82.28,5.19
8.12,-57.56,-7.93
31.43,-41.81,-2.20
50.23,-29.11,9.16
68.54,-28.50,11.23
83.01,-28.56,10.38
93.87,-35.16,9.77
101.87,-47.49,8.79
109.74,-59.20,5.25
113.04,-56.58,1.59
112.73,-45.41,5.74
109.44,-36.68,8.73
100.89,-22.83,6.84
94.18,-16.72,10.80
81.79,-5.86,15.93
74.16,-4.39,16.30
64.27,-4.39,10.38
57.50,-2.75,7.57
51.21,-2.62,8.30
45.29,-5.00,6.10
38.02,-4.94,5.68
27.53,0.61,3.42
19.71,-1.65,0.55
15.32,-9.89,-1.59
12.51,-5.92,-0.61
9.64,-1.95,1.53
8.30,-1.77,1.95
7.87,-1.34,2.56
7.20,-0.06,3.30
6.59,1.71,3.97
6.16,3.36,4.88
6.47,4.58,5.19
7.02,5.43,5.49
6.47,5.62,5.74
5.86,5.80,5.68
6.47,6.23,5.92
7.32,6.71,6.29
7.87,7.14,6.04
7.08,6.53,5.31
5.62,5.25,4.64
4.46,4.03,3.72
3.11,2.99,3.05
2.99,2.56,2.38
4.03,2.93,2.20
4.52,2.99,2.20
4.52,2.81,2.01
4.39,2.44,1.77
4.39,1.89,1.71
4.21,1.71,1.65
3.72,1.34,1.22
3.36,1.16,0.98
3.48,1.28,1.04
4.52,1.77,1.53
5.62,2.26,2.50
6.90,1.28,3.17
8.24,-3.36,2.38
10.68,-16.17,-4.09
17.03,-20.51,-6.84
18.86,-16.60,-8.06
29.54,-21.36,-9.95
36.80,-10.01,1.10
44.43,-13.79,3.05
46.14,-14.71,-2.32
43.95,-14.89,-0.55
38.33,-13.18,2.32
29.97,-6.23,4.09
26.18,-4.76,3.72
23.80,-0.49,6.77
27.59,1.28,7.08
26.92,7.26,10.31
24.96,1.89,8.54
26.25,-8.67,4.03
26.00,-9.52,4.27
25.39,-6.10,4.21
22.58,2.99,7.32
20.63,3.60,7.93
20.51,1.59,7.26
20.69,-1.53,6.16
19.17,-5.13,4.15
18.13,-6.16,3.05
16.72,-6.65,2.20
16.78,-12.76,-2.44
19.96,-13.79,-5.00
20.51,-13.24,-3.30
20.20,-11.60,-1.59
17.03,-7.32,-1.71
13.92,-2.26,-0.61
9.89,-0.67,2.01
5.00,1.10,1.71
-1.22,1.16,1.89
-7.57,-2.26,0.55
-13.00,-5.62,-2.26
-17.88,-7.08,-3.78
-22.22,-6.47,-4.21
-25.82,-2.50,-3.85
-26.92,5.62,-1.71
-25.94,18.13,2.32
-23.99,32.47,5.74
-21.42,44.37,6.41
-19.17,57.07,7.32
-18.19,63.90,7.51
-14.95,59.81,4.39
-12.45,56.82,-1.04
-10.19,53.22,-6.23
-8.12,53.16,-11.78
-2.75,53.89,-16.60
2.20,54.32,-19.17
6.29,54.26,-17.03
7.32,52.73,-13.12
7.51,50.35,-10.44
6.23,48.03,-8.00
5.37,45.35,-5.80
4.82,41.50,-4.76
4.76,36.74,-4.39
4.09,31.13,-3.91
3.23,25.63,-2.75
2.14,20.75,-0.85
0.67,16.05,1.77
-1.22,10.99,4.03
-3.78,6.10,5.43
-6.23,2.01,6.41
-8.48,-1.28,7.39
















-,-,-
5.49,-6.65,1.22
5.07,-7.69,1.04
4.52,-8.36,0.37
3.78,-8.67,0.24
3.42,-8.67,0.31
3.36,-8.00,0.37
3.36,-7.39,0.31
3.05,-6.84,0.24
2.75,-6.59,0.12
2.50,-6.41,-0.12
2.69,-6.29,-0.18
3.11,-6.16,-0.06
3.42,-6.35,-0.12
3.36,-6.77,0.00
3.23,-7.57,0.06
3.54,-8.24,0.43
3.97,-8.73,0.92
3.97,-9.03,1.28
2.69,-9.40,0.92
1.34,-9.46,0.43
0.73,-8.85,-0.18
0.55,-8.24,-0.18
0.55,-7.32,-0.31
0.98,-6.65,-0.55
1.16,-6.04,-0.73
-0.43,-6.65,-1.59
-1.65,-7.81,-2.99
-1.89,-9.09,-3.36
-1.10,-9.70,-2.87
0.37,-10.25,-2.08
1.89,-10.56,-1.46
3.36,-10.99,-0.79
4.27,-11.72,-0.92
5.13,-11.60,-0.85
4.52,-10.62,-0.61
6.04,-9.52,0.92
8.79,-9.16,1.34
11.17,-8.30,1.71
15.44,-7.63,2.56
19.53,-7.51,4.46
24.78,-9.64,6.35
33.26,-13.37,9.46
40.59,-10.38,12.76
51.33,-15.99,17.03
57.56,-18.74,14.40
65.61,-25.63,15.14
66.16,-23.99,13.06
68.79,-27.40,10.86
67.99,-29.85,9.03
69.82,-38.64,11.11
64.09,-31.31,11.90
58.29,-25.82,5.07
56.15,-24.17,4.46
54.93,-15.81,3.54
56.58,-16.54,3.11
55.66,-16.11,7.57
54.38,-20.39,4.15
49.19,-15.75,4.58
44.25,-22.46,3.42
41.50,-23.56,0.55
35.46,-13.12,-0.24
32.78,-22.16,-2.62
34.00,-12.88,-0.12
28.32,-0.31,4.46
26.73,-15.81,-0.67
30.94,-32.47,-7.75
30.21,-26.12,-5.62
27.95,-30.33,-10.19
31.07,-23.62,-8.18
27.95,-12.08,2.75
29.11,-17.88,-1.71
26.49,-1.22,-0.55
22.16,-0.31,2.44
23.19,-18.98,-1.83
25.88,-9.89,-2.69
20.75,-5.37,2.75
24.11,-24.41,-2.99
25.33,-12.39,-6.53
20.87,-9.77,-4.46
23.07,-16.78,-5.62
22.22,-9.95,-3.66
21.18,-13.18,-2.99
21.30,-9.34,-4.21
17.94,-1.65,-0.18
17.33,-9.03,0.24
17.82,-8.61,-1.95
17.88,-6.84,-1.95
16.24,1.46,1.04
16.85,-1.83,1.53
18.07,-1.40,1.16
18.80,-3.23,1.71
20.63,-8.54,-1.04
19.47,-5.13,1.22
17.88,-7.75,0.06
19.29,-13.12,-3.11
17.58,2.08,3.11
15.26,4.52,6.29
15.20,2.69,5.31
15.01,-1.59,4.82
15.01,-7.45,2.38
15.56,-21.91,-3.54
14.40,-9.34,-2.81
12.15,-5.00,-0.31
11.11,3.05,0.98
9.46,7.14,4.58
7.51,5.98,5.07
4.82,2.50,3.97
1.10,-0.79,2.69
-1.46,-2.87,1.28
-2.99,-4.09,0.24
-3.42,-4.09,-0.49
-3.05,-3.23,-0.67
-2.32,-2.08,-0.18
-1.59,-0.61,0.55
-0.55,1.40,1.16
0.61,2.99,2.26
1.46,4.09,3.05
2.14,4.88,3.48
2.44,5.00,3.60
2.44,4.52,3.42
2.69,3.91,3.30
2.99,3.11,2.81
2.81,2.44,2.62
2.93,1.83,2.32
3.11,1.22,1.89
2.81,0.43,1.65
2.32,0.24,1.53
2.01,0.06,1.34
2.01,0.24,1.40
1.95,0.85,1.34
2.01,1.46,1.34
1.71,2.20,1.46
1.53,3.30,1.34
1.16,4.46,1.34
0.18,5.55,1.34
-1.22,6.77,1.22
-2.62,9.03,1.22
-4.46,12.02,1.53
-6.47,15.50,2.08
-7.75,20.14,2.62
-8.73,24.78,3.42
-9.03,29.66,3.78
-8.85,32.84,3.30
-9.28,34.42,2.32
-10.93,33.87,0.49
-13.67,32.10,-2.01
-15.93,29.79,-4.09
-16.42,26.18,-6.23
-15.01,19.47,-8.24
-12.94,10.93,-11.96
-11.05,8.79,-15.87
-10.38,12.63,-16.97
-10.13,20.45,-16.30
-10.07,28.56,-15.38
-9.09,32.41,-15.50
-7.69,31.98,-16.97
-6.90,30.09,-19.17
-6.23,28.44,-20.08
-5.43,27.59,-18.25
-4.76,26.79,-14.59
-3.42,25.33,-10.44
-1.83,24.41,-7.51
-0.92,22.89,-5.55
-0.67,21.00,-4.58
-0.73,19.29,-3.54
-0.67,18.07,-1.34
-0.24,16.36,1.89
-0.06,13.98,5.00
0.06,10.62,6.96
-0.49,6.23,8.36
-1.16,2.01,9.58
-2.38,-1.34,10.50
-3.23,-4.09,11.47
-3.54,-6.29,12.39
-3.72,-8.30,13.18
-4.33,-10.68,13.61
-4.64,-12.02,13.61
-4.82,-12.21,13.49
-5.19,-12.08,12.76
-5.37,-11.78,11.66
















-,-,-
-3.36,-2.56,3.05
-1.59,-2.38,2.99
0.67,-2.32,2.08
2.32,-1.95,1.34
2.26,-1.95,1.65
1.34,-2.08,2.75
0.61,-2.56,3.66
1.59,-3.23,3.85
3.11,-3.97,3.85
3.97,-5.07,4.15
4.03,-6.59,4.46
4.52,-8.36,4.39
4.94,-11.23,3.91
3.42,-14.77,3.60
0.79,-18.31,4.46
-0.79,-21.48,5.31
-1.34,-24.35,6.16
-1.77,-26.31,6.65
-2.56,-26.79,5.86
-3.11,-23.50,3.11
-2.38,-19.53,-0.55
-1.46,-18.01,-3.97
0.73,-16.11,-4.52
1.71,-12.02,-3.85
2.14,-8.18,-2.56
2.56,-4.76,-0.73
2.01,-1.53,0.37
1.83,1.71,0.79
1.89,3.60,1.59
2.08,4.09,2.32
2.81,4.21,2.75
3.36,3.85,2.87
3.30,3.17,3.05
3.17,2.50,3.11
3.23,1.83,3.23
3.17,1.46,3.23
3.17,1.22,2.87
3.23,0.79,2.75
2.93,0.31,2.93
3.23,-0.06,2.99
3.48,-0.61,2.87
3.97,-1.22,2.62
4.39,-1.95,2.62
4.33,-2.56,2.62
4.64,-2.99,2.56
4.88,-3.54,2.38
5.13,-4.03,2.26
5.31,-4.58,2.26
5.31,-5.19,1.95
5.13,-5.98,1.83
5.19,-6.71,1.46
5.55,-7.26,1.10
5.68,-7.57,0.98
6.47,-7.69,0.98
8.18,-7.32,0.85
9.77,-7.14,0.67
12.70,-6.35,0.85
16.05,-5.25,0.98
18.55,-4.82,0.79
22.40,-5.25,-1.22
27.83,-9.40,-5.98
36.56,-17.76,-10.31
45.72,-12.94,-6.53
52.92,-15.26,-2.38
57.43,-10.80,-3.30
64.64,-10.13,-3.05
70.98,-14.40,0.12
74.77,-13.67,0.73
76.84,-13.61,-0.55
77.33,-13.73,-0.92
75.62,-11.41,-2.93
74.46,-9.95,-2.20
71.53,-9.09,-6.16
70.92,-7.02,-6.04
71.41,-7.51,-2.38
65.67,-3.91,-2.08
59.57,-6.10,-4.58
56.15,-10.68,-5.80
50.05,-6.59,-7.93
44.56,-13.67,-12.33
40.77,-11.96,-13.55
39.61,-9.34,-8.36
39.92,-12.51,-4.21
37.23,-13.37,-8.12
34.36,-22.16,-11.96
34.61,-22.64,-10.74
28.69,-10.13,-2.26
29.36,-21.79,-6.47
31.13,-14.04,-5.37
29.30,-10.25,-3.05
26.67,-15.38,-8.97
28.93,-27.04,-15.01
30.58,-23.86,-11.54
29.30,-6.04,2.32
27.59,-11.90,-1.89
30.76,-16.85,-8.67
31.31,-15.75,-6.10
30.03,-14.65,-7.32
29.60,-21.79,-10.38
27.95,-21.85,-11.66
29.48,-24.29,-9.28
26.18,-17.40,-8.91
27.04,-16.72,-8.00
23.68,-12.21,-7.93
23.38,-14.71,-10.44
23.07,-18.01,-6.29
19.90,-13.12,-5.43
18.07,-17.40,-10.74
17.52,-18.01,-10.31
15.14,-13.79,-5.86
15.14,-7.26,-0.92
14.59,-4.88,1.22
13.79,-2.81,2.01
13.49,-3.48,1.22
12.39,-6.16,-3.30
10.93,-9.34,-5.13
9.22,-13.06,-7.45
8.67,-7.14,-1.53
7.08,-0.73,3.91
6.77,1.46,4.76
6.53,1.83,5.07
7.02,2.26,4.70
7.45,3.05,4.21
6.41,3.23,4.09
5.55,3.17,3.72
4.64,2.87,3.05
3.66,2.32,2.69
2.81,1.89,2.01
1.59,0.79,1.28
1.04,0.06,0.73
0.73,-0.24,0.55
0.92,-0.37,0.49
0.85,0.00,0.61
0.79,0.37,0.61
0.55,0.37,0.37
0.12,0.37,0.00
-0.67,0.12,-0.49
-0.67,0.12,-0.79
-0.49,0.12,-0.85
-0.61,0.06,-0.92
-0.79,-0.55,-1.04
-1.04,-1.28,-1.40
-1.10,-2.32,-1.53
-1.10,-2.99,-1.59
-0.79,-3.30,-1.59
-0.06,-3.11,-1.16
0.00,-2.81,-1.04
0.55,-2.26,-0.49
1.34,-1.65,0.18
1.71,-1.10,0.92
2.01,-0.67,1.65
1.89,-0.67,2.14
2.14,-0.61,2.56
2.32,-0.61,2.81
2.69,-0.61,2.99
2.93,-0.67,3.17
2.81,-0.85,3.23
2.26,-0.92,3.05
1.83,-1.04,2.93
1.65,-0.98,2.50
1.28,-0.98,1.83
0.79,-0.92,1.10
0.37,-0.98,0.37
-0.12,-0.92,-0.24
-0.61,-1.04,-0.73
-1.34,-1.28,-1.34
-2.08,-1.53,-2.08
-3.36,-1.89,-2.87
-4.52,-2.81,-3.91
-7.02,-4.46,-5.49
-10.50,-6.23,-8.12
-15.20,-7.63,-11.23
-20.39,-8.36,-14.77
-26.55,-7.32,-18.31
-33.51,-6.96,-23.86
-37.05,-5.13,-29.05
-41.69,10.50,-31.19
-43.76,28.20,-30.46
-40.59,38.45,-27.53
-37.54,42.66,-27.53
















-,-,-
1.71,0.55,1.04
1.40,0.49,0.98
1.28,0.43,0.92
1.53,0.49,0.92
1.59,0.67,0.79
1.53,0.55,0.79
1.34,0.18,0.61
1.22,0.18,0.55
1.22,0.43,0.85
1.28,0.61,0.73
1.40,0.67,0.73
1.59,0.98,0.85
1.59,0.92,0.79
1.83,1.10,0.85
1.59,0.85,0.85
1.46,0.67,0.67
1.40,0.55,0.73
1.65,0.55,0.79
1.59,0.43,0.73
1.34,0.37,0.73
1.28,0.37,0.67
1.28,0.55,0.67
1.46,0.61,0.67
1.40,0.79,0.98
1.46,0.98,1.04
1.71,0.92,1.16
1.71,0.85,1.34
1.40,0.98,1.22
1.65,0.98,1.16
1.77,0.79,0.98
1.53,0.61,0.92
1.22,0.37,0.92
1.34,0.49,0.79
1.34,0.49,0.61
1.40,0.61,0.79
1.53,0.73,0.92
1.71,0.85,0.98
1.83,0.92,1.28
1.83,0.98,1.46
2.01,0.73,1.34
1.83,0.55,1.28
2.08,0.55,1.34
2.20,0.43,1.16
2.32,0.18,1.22
2.75,-0.37,1.46
3.11,-1.10,1.53
3.48,-1.71,1.34
4.27,-2.69,1.40
4.76,-3.97,1.65
3.72,-5.31,1.59
1.89,-6.59,2.01
2.26,-7.26,2.20
4.33,-7.93,2.08
5.13,-7.93,3.11
6.29,-6.96,4.09
9.77,-7.26,4.94
13.98,-11.23,6.53
17.94,-11.72,7.75
22.22,-3.42,9.83
29.36,-11.72,13.06
33.39,-15.56,14.71
39.00,-15.75,17.70
43.46,-18.13,19.47
45.90,-21.79,15.99
49.50,-30.52,17.27
48.77,-26.67,16.91
48.65,-25.82,18.49
46.45,-20.57,16.42
47.12,-17.15,18.92
46.63,-22.77,20.14
46.94,-21.18,17.03
46.08,-17.52,17.27
46.20,-17.46,20.57
47.00,-17.64,23.44
46.39,-10.80,23.32
46.57,-10.19,18.74
43.76,-9.09,13.12
43.82,-18.86,12.94
44.13,-16.24,13.67
44.01,-14.04,12.94
44.62,-21.97,10.93
47.55,-21.48,11.72
51.09,-18.86,12.70
49.13,-16.85,13.18
48.65,-12.76,11.90
45.72,-7.51,10.31
42.18,-8.42,10.25
39.43,-8.48,10.68
36.99,-7.63,9.77
37.96,-7.81,10.19
38.45,-11.41,11.90
38.70,-6.84,13.37
37.29,0.12,11.23
33.69,1.28,10.31
31.37,-18.31,9.03
31.56,-4.58,6.16
27.04,-5.74,5.37
27.53,-21.55,7.20
26.37,4.27,6.47
24.84,0.67,5.80
23.19,-7.69,5.19
21.12,-8.06,1.53
21.85,-15.14,0.31
17.52,0.92,3.17
12.82,4.70,3.36
8.79,6.59,3.60
6.41,4.64,3.36
4.21,1.89,2.44
0.24,-0.67,1.77
-3.17,-2.01,1.22
-4.70,-1.95,0.85
-5.37,-0.79,0.85
-5.74,1.10,1.10
-5.37,3.05,1.28
-5.19,4.82,1.77
-5.19,6.65,1.83
-5.37,8.18,1.95
-6.04,9.34,1.83
-6.59,10.56,1.83
-6.59,12.15,2.08
-6.84,13.55,1.95
-7.57,14.77,1.53
-8.12,16.60,1.46
-7.69,19.10,1.71
-6.96,21.85,1.40
-8.18,24.48,0.00
-11.84,26.55,-1.28
-14.47,30.46,-2.14
-15.01,33.45,-2.56
-14.47,35.16,-3.17
-13.43,34.18,-4.03
-11.05,25.27,-6.90
-10.01,19.04,-15.08
-9.28,26.86,-23.86
-4.76,38.33,-28.44
1.04,50.72,-28.56
5.86,62.81,-27.04
11.17,71.78,-25.21
15.99,75.74,-23.32
20.39,75.07,-21.97
23.86,71.59,-20.94
25.63,67.87,-20.75
26.00,64.45,-20.02
24.17,61.77,-17.52
21.85,59.51,-14.16
20.20,58.23,-10.07
19.41,56.82,-6.16
18.74,54.44,-3.36
17.46,51.15,-0.55
15.63,47.30,1.65
13.06,43.21,3.60
10.31,39.61,5.86
8.00,36.68,8.79
6.71,34.36,11.84
5.68,32.47,14.16
4.82,31.98,15.56
4.33,32.96,16.60
4.52,34.73,18.07
4.64,36.62,19.29
4.21,37.41,20.08
3.48,37.41,20.45
2.93,36.44,20.14
3.17,31.86,20.14
2.75,22.83,20.57
0.31,12.57,20.94
-1.71,2.62,21.42
-3.48,-6.84,22.09
-5.19,-14.95,22.58
-6.59,-20.81,21.85
-6.53,-24.66,19.84
-3.85,-25.88,17.21
-6.84,-24.84,13.98
-7.14,-22.40,9.83
-7.32,-19.04,5.62
-7.93,-14.59,2.75
-8.54,-9.83,1.53
-9.22,-5.37,1.46
-9.77,-1.77,1.65
-10.13,0.73,2.01
-10.01,2.01,2.56
















-,-,-
0.98,0.31,0.61
1.04,0.61,0.49
1.53,0.67,0.49
1.65,0.67,0.12
0.85,0.55,0.18
0.67,0.43,0.24
0.49,0.37,0.43
0.85,0.37,0.49
0.98,0.37,0.67
0.73,0.49,0.85
0.79,0.79,1.16
1.10,0.79,1.16
1.46,1.04,1.16
1.65,1.16,1.40
2.08,1.10,1.40
1.83,0.92,1.28
1.53,0.55,1.22
1.46,0.49,1.34
1.40,0.37,1.40
1.46,0.43,1.28
1.53,0.37,1.28
1.46,0.61,1.22
1.40,1.10,1.16
1.40,1.28,1.46
1.28,1.28,1.65
1.16,1.28,1.34
1.10,1.04,1.16
1.16,0.79,0.98
1.28,0.67,1.04
1.59,0.37,0.85
1.95,0.12,1.04
2.69,-0.24,1.28
3.91,-1.04,1.59
4.64,-2.08,1.53
4.82,-3.36,1.59
4.64,-4.33,1.40
4.94,-5.37,1.34
4.70,-6.23,0.85
3.42,-6.47,0.61
2.75,-6.16,0.85
2.38,-4.88,0.79
2.87,-3.78,0.85
4.39,-2.75,1.10
7.57,-1.95,1.83
11.84,-1.34,3.42
19.23,-4.94,6.53
32.35,-26.73,12.45
45.72,-45.78,17.76
58.53,-42.48,24.17
72.39,-49.07,27.65
79.22,-48.95,28.87
82.70,-39.79,28.99
83.07,-36.87,27.95
78.98,-37.41,27.04
72.69,-32.96,26.43
70.74,-28.75,22.28
73.36,-25.82,24.78
75.01,-20.81,26.55
80.08,-23.01,25.02
82.28,-22.46,26.00
81.05,-24.41,20.02
82.82,-27.89,18.98
81.12,-30.46,22.89
75.87,-16.66,24.96
72.02,-18.80,22.77
64.88,-22.83,18.13
58.35,-18.49,9.22
54.75,-12.51,10.25
49.62,-11.29,13.61
48.65,-12.08,12.76
48.83,-13.55,15.08
45.53,-6.10,16.54
41.14,-6.53,11.72
38.21,-8.85,10.25
36.50,-6.59,7.32
35.40,-8.36,6.53
33.63,-12.45,6.41
28.81,-4.33,4.64
25.70,-4.58,4.15
21.00,-2.81,4.76
18.01,2.26,3.17
14.89,1.53,3.05
12.57,-0.24,3.48
11.35,-0.92,4.09
9.64,-0.06,4.21
7.51,0.49,4.03
4.82,0.12,3.36
2.50,-1.04,2.56
0.73,-1.77,1.71
-0.79,-1.95,0.92
-2.56,-2.20,0.00
-3.36,-2.20,-0.73
-3.30,-1.53,-1.10
-2.87,-0.85,-1.46
-2.99,-0.49,-1.28
-2.62,-0.06,-1.22
-2.44,0.24,-0.98
-2.26,0.61,-0.61
-2.14,0.79,-0.24
-2.26,0.98,0.06
-2.26,1.16,0.18
-2.01,1.22,0.24
-1.77,1.46,0.31
-1.83,1.77,0.31
-1.59,1.40,0.12
-1.28,1.34,-0.12
-1.16,0.98,-0.06
-1.34,0.49,-0.12
-1.34,-0.06,-0.31
-1.10,-0.37,-0.37
-0.61,-0.61,-0.43
-0.37,-0.67,-0.49
-0.31,-0.67,-0.55
-0.06,-0.61,-0.55
0.00,-0.43,-0.67
0.06,-0.61,-0.55
-0.18,-0.49,-0.61
-0.43,-0.61,-0.85
-0.43,-0.92,-0.92
-0.43,-0.98,-0.92
-0.24,-0.92,-0.92
-0.12,-0.49,-0.73
-0.18,-0.37,-0.61
-0.12,-0.31,-0.79
-0.24,0.00,-0.79
-0.31,0.18,-0.79
-0.24,0.00,-0.92
-0.37,0.18,-0.98
-0.37,0.00,-1.10
-0.37,0.00,-1.16
-0.67,-0.06,-1.28
-0.67,0.06,-1.34
-0.55,0.31,-1.40
-0.49,0.37,-1.34
-0.24,0.67,-1.10
-0.06,0.61,-0.98
0.06,0.79,-0.67
0.06,0.73,-0.31
0.31,1.04,-0.06
0.18,1.22,0.00
0.06,1.59,0.24
0.18,1.83,0.31
0.06,2.01,0.73
0.24,2.26,1.10
0.12,2.38,1.34
-0.12,2.50,1.34
-0.73,2.62,1.40
-0.92,2.87,1.16
-1.65,3.30,0.92
-3.17,4.46,0.85
-4.46,6.71,1.04
-5.55,10.01,1.53
-6.16,14.53,2.08
-6.65,19.04,2.01
-7.39,22.28,0.85
-9.22,24.78,-0.43
-9.89,26.79,-1.28
-10.25,29.11,-1.95
-10.56,30.88,-2.01
-10.19,31.68,-1.22
-7.14,28.08,0.61
0.55,30.09,-1.53
-2.56,44.25,-9.09
-0.79,61.40,-19.53
4.03,77.39,-26.67
10.56,90.88,-29.36
18.19,99.30,-28.02
24.48,104.86,-25.57
28.93,108.46,-23.13
32.04,109.86,-21.00
34.67,108.64,-18.37
35.89,105.90,-15.99
35.28,101.87,-13.49
33.81,97.35,-10.86
32.47,92.47,-8.24
31.13,87.28,-5.68
28.69,81.73,-3.60
26.12,76.35,-0.49
21.48,70.37,4.39
16.36,63.84,9.28
















-,-,-
1.22,0.61,1.34
1.46,1.04,1.34
1.53,1.46,1.22
1.77,1.59,1.16
1.53,1.53,1.22
1.46,1.65,1.22
1.71,1.53,1.22
1.77,1.34,1.22
1.59,1.34,1.22
1.65,1.46,1.28
1.83,1.59,1.59
1.95,1.46,1.53
1.77,1.46,1.77
1.95,1.53,1.89
1.83,1.65,1.71
1.65,1.65,1.59
1.46,1.77,1.65
1.59,1.77,1.59
1.77,1.71,1.46
1.46,1.53,1.16
1.34,1.22,0.92
1.46,1.10,0.79
1.34,1.10,0.98
1.16,1.10,0.92
1.40,1.28,0.98
1.40,1.22,1.10
1.28,1.34,1.22
1.40,1.59,1.22
1.40,1.71,1.28
1.53,1.53,1.16
1.34,1.40,1.04
1.28,1.22,0.98
1.16,1.34,1.16
1.16,1.34,1.16
1.04,1.16,1.10
1.16,0.85,0.79
1.28,0.73,0.73
1.40,0.67,0.92
1.71,0.92,1.04
1.83,0.92,1.22
2.14,1.04,1.46
2.44,1.04,1.71
3.05,0.92,1.95
4.03,1.04,2.38
6.23,1.83,2.69
9.83,1.95,3.23
15.26,1.34,3.85
21.36,0.00,4.03
25.33,-4.09,5.37
32.59,-16.85,7.02
41.44,-40.28,2.56
52.61,-38.27,0.18
72.33,-44.37,8.18
84.41,-52.31,13.37
93.51,-50.96,9.64
102.97,-55.60,11.78
103.58,-58.78,15.44
100.95,-56.21,17.03
92.96,-42.11,18.62
87.46,-39.73,21.42
80.08,-22.83,19.65
74.40,-13.79,21.30
68.54,-11.84,24.29
67.32,-7.14,21.00
66.22,-5.55,22.52
60.36,-9.03,16.60
53.77,-16.42,14.65
45.72,-18.07,13.12
36.68,-15.38,9.89
30.94,-10.62,6.59
24.54,1.46,8.91
20.51,1.83,10.44
19.53,-0.61,9.83
20.20,-1.89,9.28
20.87,0.92,9.64
19.71,4.33,10.19
18.98,6.84,10.13
18.62,8.48,10.44
17.88,9.83,10.31
16.60,10.74,9.89
15.63,10.99,9.95
14.65,11.23,9.70
12.88,10.74,9.34
11.35,9.95,8.79
10.07,8.79,8.00
9.46,7.69,7.20
8.61,6.41,6.41
7.69,5.00,5.25
6.16,3.72,3.97
5.07,2.87,2.75
4.39,1.89,1.34
4.21,1.65,0.37
5.00,1.59,-0.24
6.35,-3.23,-2.08
10.25,-23.80,-13.73
16.30,-37.78,-24.66
18.19,-32.17,-22.58
20.39,-28.75,-17.40
20.87,-11.54,-9.34
18.43,-2.99,-3.42
16.72,-0.92,-5.00
11.78,4.94,-0.85
6.04,0.31,-0.61
3.72,3.36,-0.18
-0.55,3.91,1.04
-3.05,-0.24,-0.67
-3.17,-3.48,-1.89
-2.81,-4.82,-2.26
-2.75,-5.19,-2.08
-1.46,-4.15,-1.65
-0.12,-2.56,-0.98
0.73,-0.92,-0.31
1.04,0.24,0.37
0.79,1.16,0.67
0.73,1.89,1.16
0.98,2.38,1.28
0.67,2.26,1.28
-0.06,1.59,1.10
-0.73,1.04,0.92
-1.10,0.55,0.61
-1.65,0.12,0.18
-2.20,-0.18,-0.06
-2.62,-0.37,-0.31
-2.75,-0.06,-0.31
-2.87,0.43,-0.61
-3.30,0.85,-0.67
-3.60,1.40,-0.79
-4.15,1.95,-0.98
-4.46,2.50,-1.22
-3.66,3.42,-1.22
-2.75,4.09,-0.92
-2.20,4.39,-0.73
-2.01,4.03,-0.55
-1.95,3.48,-0.49
-1.59,2.99,-0.24
-1.77,2.56,-0.12
-1.71,2.38,0.06
-1.65,2.26,0.18
-1.34,2.32,0.12
-0.85,2.26,0.06
-0.61,1.89,0.00
-0.55,1.89,0.00
-0.31,1.53,0.06
-0.24,1.16,-0.06
0.12,0.92,0.00
0.49,0.67,-0.18
0.67,0.18,0.06
0.67,-0.18,0.18
1.04,-0.61,0.18
1.16,-0.73,0.31
0.92,-0.92,0.24
0.98,-0.67,0.00
0.98,-0.61,0.06
0.98,-0.31,-0.12
0.98,-0.12,-0.24
1.04,0.18,-0.06
1.04,0.37,0.12
1.28,0.43,0.06
1.16,0.24,0.12
1.16,0.24,0.18
1.40,0.31,0.24
1.46,0.31,0.37
1.59,0.49,0.55
1.77,0.55,0.67
1.77,0.73,0.92
1.95,0.98,1.10
1.95,1.04,1.04
1.71,0.73,0.98
1.77,0.67,1.16
1.71,0.79,1.10
1.53,0.67,0.98
1.28,0.49,1.16
1.34,0.67,1.04
1.28,0.67,0.92
1.28,0.85,0.85
1.16,0.85,0.85
1.16,0.85,0.85
1.22,0.98,0.92
1.10,1.10,0.92
1.16,1.16,0.98
















-,-,-
1.89,0.37,0.92
2.14,0.12,0.85
2.14,-0.06,0.67
2.20,-0.31,0.55
2.01,-0.55,0.43
1.89,-0.61,0.55
1.71,-0.67,0.49
1.83,-0.49,0.49
1.77,-0.49,0.55
2.01,-0.31,0.61
2.26,-0.12,0.79
2.26,-0.18,0.98
2.26,-0.24,1.04
2.32,-0.12,0.98
2.26,-0.24,1.10
2.26,-0.61,0.92
1.89,-0.73,0.85
1.65,-0.73,0.79
1.65,-0.67,0.67
1.59,-0.61,0.61
1.59,-0.43,0.55
1.83,-0.18,0.61
1.89,-0.18,0.67
1.83,-0.31,0.61
1.83,-0.61,0.92
1.83,-0.85,0.85
1.89,-1.16,0.92
2.08,-1.04,0.98
2.20,-1.10,0.92
2.32,-1.34,0.98
2.20,-1.46,0.92
2.32,-1.71,0.73
2.32,-1.83,0.85
2.56,-2.01,0.67
2.69,-2.08,0.98
3.05,-2.01,0.92
3.48,-2.14,1.04
3.91,-2.56,0.98
4.09,-3.23,1.10
4.21,-3.78,0.79
4.52,-4.39,0.49
5.07,-5.13,0.49
7.20,-5.74,0.55
10.86,-6.53,0.43
15.20,-9.09,0.79
19.17,-15.26,-0.31
22.52,-18.19,-0.61
26.86,-26.00,-0.85
32.29,-32.84,-4.76
42.72,-34.24,-2.69
52.25,-44.74,0.37
63.60,-41.87,-1.40
70.50,-33.14,5.68
77.51,-35.58,5.25
86.18,-38.21,6.41
88.87,-39.98,5.43
91.74,-30.82,10.19
92.35,-33.75,12.70
94.24,-30.58,12.82
90.09,-29.30,5.07
83.31,-29.24,0.24
76.60,-28.08,-1.22
70.86,-19.41,6.59
60.49,-8.00,6.59
57.07,-10.07,4.33
50.48,-11.54,1.04
49.13,-1.16,5.43
42.91,-3.17,11.23
41.56,-9.09,9.95
36.87,-6.04,5.19
33.69,-5.68,0.49
32.71,-6.71,0.24
29.24,3.60,6.77
25.45,3.91,5.92
22.28,-0.43,3.66
22.03,-8.73,0.55
23.19,-5.80,2.14
23.32,3.91,5.55
23.01,3.60,5.62
25.39,6.10,4.88
22.40,13.37,9.77
20.75,3.54,7.93
21.97,-2.69,3.54
19.59,6.77,5.55
17.03,6.96,8.24
15.32,0.92,4.33
18.13,1.04,2.62
15.93,8.54,4.46
15.50,14.16,6.23
12.51,16.85,9.58
10.74,14.95,9.52
8.61,11.23,8.24
6.35,7.26,6.77
3.66,4.09,5.62
1.83,2.26,4.58
1.22,1.34,3.60
0.92,1.16,3.11
0.98,1.83,2.62
1.59,2.81,2.56
1.83,4.21,2.81
1.65,5.37,2.56
1.46,5.62,2.20
0.67,5.37,1.83
0.12,4.94,1.22
-0.43,4.09,0.67
-1.10,3.11,0.24
-2.14,1.71,-0.49
-3.36,0.24,-1.28
-4.03,-0.98,-1.89
-4.15,-1.46,-2.14
-4.03,-1.71,-1.95
-3.97,-1.71,-1.83
-3.60,-1.46,-1.65
-3.48,-1.10,-1.16
-3.11,-0.37,-0.43
-2.56,0.49,0.18
-2.38,1.65,0.98
-2.50,2.62,1.59
-2.50,3.66,1.83
-2.87,4.21,1.83
-3.30,4.39,1.59
-3.30,4.15,1.28
-3.17,3.97,1.10
-3.17,3.60,1.16
-3.66,3.05,1.28
-4.27,2.56,1.28
-4.52,2.38,1.40
-4.52,2.44,1.53
-4.21,2.81,1.89
-4.15,2.93,2.26
-4.09,3.30,2.38
-4.27,3.42,2.14
-4.52,3.54,1.83
-5.43,3.30,1.83
-5.68,3.60,1.71
-5.31,4.39,1.83
-4.88,5.19,2.14
-4.70,5.68,2.32
-5.00,5.98,2.56
-4.94,5.92,2.62
-4.70,6.16,2.69
-3.97,6.41,2.62
-3.36,6.53,2.62
-2.44,6.59,2.62
-1.89,6.35,2.75
-1.89,5.92,2.75
-1.89,5.13,2.50
-1.95,4.52,2.38
-1.71,3.78,2.20
-1.28,3.60,1.89
-1.10,3.54,1.53
-0.67,3.30,1.34
-0.12,3.42,1.34
0.18,2.99,1.46
0.43,2.50,1.34
0.61,2.08,1.04
0.67,1.77,0.55
0.79,1.22,0.12
0.79,0.92,-0.06
0.37,0.61,-0.18
0.49,0.37,-0.43
0.55,0.55,-0.73
0.18,0.49,-0.79
0.12,0.49,-0.79
0.06,0.49,-0.85
0.18,0.49,-0.98
0.12,0.43,-0.98
0.79,0.49,-1.16
0.73,0.37,-1.22
0.67,0.43,-1.28
0.73,0.18,-1.34
0.67,0.18,-1.34
0.92,0.37,-1.34
0.92,0.55,-1.46
0.92,0.49,-1.53
0.85,0.24,-1.28
0.85,0.12,-1.04
0.98,-0.18,-0.79
0.92,-0.18,-0.61
1.28,0.00,-0.79
















-,-,-
3.78,5.13,2.81
3.48,4.88,2.75
3.17,4.58,2.81
3.17,4.52,2.93
3.05,4.03,2.87
2.62,3.60,2.81
2.38,3.30,2.50
2.08,2.93,2.14
2.20,2.69,2.14
2.50,2.69,2.08
2.87,2.75,2.14
3.23,2.81,2.14
3.30,3.05,2.08
3.17,2.93,2.01
3.11,2.81,1.95
2.93,2.75,1.77
2.99,2.75,1.53
3.30,2.62,1.34
3.66,2.44,1.46
4.27,2.50,1.77
4.58,2.32,2.26
4.46,2.26,2.32
4.58,1.95,2.50
5.07,2.01,2.87
5.68,2.14,3.30
6.29,2.50,3.54
6.59,2.38,3.91
6.71,2.56,4.21
6.77,2.69,4.03
6.96,2.44,3.97
7.57,2.20,3.97
9.09,2.08,3.91
10.50,1.83,4.21
11.47,1.83,4.64
11.66,1.71,5.07
11.66,0.92,5.07
11.47,0.18,4.88
11.72,-0.12,4.76
12.02,-0.18,4.88
12.27,-0.12,4.70
12.39,-0.79,4.39
13.06,-1.65,4.21
13.67,-3.23,3.97
15.14,-8.12,1.89
18.68,-13.73,0.92
19.47,-6.16,4.21
21.00,-9.64,3.36
23.62,-16.85,-0.12
26.06,-17.76,-2.56
28.14,-20.63,-3.85
30.52,-28.08,-5.37
31.56,-27.47,-7.57
32.23,-18.07,-5.55
30.52,-18.37,-4.15
33.02,-21.18,-1.95
33.45,-14.89,1.28
33.75,-13.06,3.66
34.30,-18.92,2.38
33.87,-19.10,-4.82
31.68,-15.50,-3.97
30.52,-22.46,-2.38
32.29,-32.23,-7.02
33.39,-22.71,-6.96
31.19,-23.38,-3.97
32.47,-27.10,-4.64
32.29,-24.84,-5.74
30.76,-24.72,-4.27
30.64,-24.78,-0.98
28.38,-17.40,-2.26
29.60,-28.38,-5.86
30.94,-30.03,-8.42
26.43,-15.50,-2.26
24.96,-23.44,-4.03
25.88,-15.20,-2.32
21.97,-22.58,-6.10
24.66,-26.31,-11.47
21.24,-24.23,-10.19
20.63,-32.53,-10.01
21.85,-29.05,-5.74
20.08,-22.95,-0.92
19.84,-12.88,-0.43
18.13,-8.24,0.43
17.21,-11.35,-2.08
15.87,-15.81,-4.82
16.85,-23.86,-8.12
13.79,-21.06,-7.08
16.42,-31.62,-8.67
17.27,-21.55,-5.31
13.43,-3.66,1.28
13.61,-4.03,0.12
12.88,-0.98,2.14
10.25,-1.46,2.14
9.77,-7.20,-0.67
10.86,-9.40,-0.18
8.36,-1.04,3.72
9.16,1.04,3.60
10.38,1.34,3.85
10.31,1.46,4.09
9.52,0.43,3.30
8.97,-1.59,2.50
8.30,-6.47,0.73
8.97,-24.23,-7.20
13.18,-40.83,-18.98
11.84,-40.59,-18.13
10.93,-42.91,-17.82
12.27,-39.92,-14.77
11.84,-30.40,-9.03
10.56,-17.52,-3.60
10.07,-18.43,-4.03
9.83,-10.25,-2.38
4.76,2.87,2.14
5.25,3.11,1.22
6.10,2.14,1.77
5.55,1.04,1.10
5.49,-1.77,-0.12
5.86,-8.42,-2.44
7.14,-13.79,-5.25
8.06,-15.69,-5.74
5.80,-14.59,-6.90
9.40,-23.99,-8.00
8.48,-23.50,-2.75
7.08,-12.63,-1.53
6.10,-6.53,-2.38
6.10,-8.91,-3.78
4.76,-7.63,-4.33
4.15,-9.64,-5.55
4.39,-9.34,-3.85
5.07,-9.28,-2.62
6.96,-9.89,-2.44
6.90,-8.79,0.24
6.23,-10.07,-0.43
7.75,-17.76,-3.60
8.06,-16.36,-3.23
6.10,-10.44,-2.44
6.84,-7.63,-2.01
7.81,-6.35,-1.46
8.79,-11.05,-3.60
9.46,-18.01,-5.80
5.98,-17.40,-5.13
4.52,-24.41,-7.14
4.70,-43.95,-9.89
3.48,-51.70,-8.30
-2.93,-30.33,-5.43
-2.99,-23.07,-9.83
0.37,-44.86,-5.86
-2.56,-62.99,50.17
-24.35,-74.52,97.66
-33.08,-79.35,51.33
-25.94,-27.65,5.92
-10.74,11.66,-7.02
-1.71,20.69,-10.68
3.72,5.43,-7.08
-2.81,-1.77,-13.79
-5.92,-0.85,-25.76
-4.15,9.77,-38.33
3.78,33.39,-44.92
9.70,65.31,-43.40
21.12,55.11,-66.10
34.67,55.24,-87.71
39.00,47.97,-93.32
36.07,29.05,-94.36
32.35,13.73,-93.44
24.72,2.93,-87.10
13.92,-4.46,-76.29
4.27,-7.32,-64.64
-2.62,-5.62,-55.85
-7.32,-1.28,-53.10
-7.87,2.50,-57.74
-3.91,2.87,-67.81
2.32,0.92,-79.90
7.93,-0.73,-90.58
7.20,-1.10,-96.31
8.18,-0.73,-95.64
8.36,0.31,-86.06
5.07,0.98,-73.06
-0.06,-0.24,-63.60
-7.45,-3.78,-60.30
-8.79,-6.90,-62.07
-12.82,-6.71,-68.30
-16.54,-4.27,-75.07
