-,-,-
1.77,0.43,-0.24
1.53,0.43,-0.31
1.83,0.31,0.00
2.81,0.55,0.00
3.97,0.98,0.24
4.46,0.98,0.67
4.27,0.98,0.61
3.78,0.61,-0.06
2.38,0.00,-0.73
1.34,-0.37,-1.10
1.16,-0.24,-1.28
2.14,0.31,-1.04
3.05,0.98,-0.61
4.09,1.77,-0.06
4.52,2.50,0.73
4.39,2.87,0.79
3.85,2.56,0.49
2.87,1.77,0.06
1.59,1.10,0.06
1.77,0.31,-0.18
1.22,-0.18,-0.18
1.34,-0.06,-0.61
1.04,0.06,-0.98
0.43,0.37,-1.16
-0.98,0.24,-1.40
-2.56,0.18,-1.40
-3.42,0.55,-1.40
-4.21,0.67,-1.22
-4.27,1.04,-0.85
-3.30,1.89,-0.43
-1.89,2.56,0.49
0.18,3.54,1.28
0.49,3.91,1.83
0.73,4.03,2.14
1.16,3.91,2.87
1.53,3.23,3.54
1.65,2.38,3.72
1.40,1.59,3.48
1.34,1.10,3.17
0.37,0.61,2.93
-0.67,0.31,2.44
-1.28,0.18,2.01
-1.77,0.00,2.01
-1.71,0.00,1.95
-0.85,0.00,2.44
0.61,-0.55,5.92
5.74,-2.32,19.71
9.77,-2.93,35.03
13.61,-2.62,38.45
17.09,-2.38,39.67
17.70,-3.42,36.01
18.49,-6.10,32.71
17.21,-7.14,28.75
18.68,-8.85,30.09
23.56,-4.58,39.55
27.10,-1.34,54.63
32.78,1.22,67.69
40.89,1.40,80.69
42.18,-1.28,98.02
37.48,-0.98,104.43
34.00,-1.16,107.91
31.07,3.78,105.35
27.10,8.06,98.14
21.97,8.85,92.47
20.81,7.69,94.30
16.48,7.93,93.38
15.32,7.57,84.29
12.08,4.39,84.11
8.12,7.14,81.73
6.16,4.94,82.95
-2.08,-3.11,85.69
-0.55,-0.92,73.12
1.46,-1.04,70.31
1.22,-3.66,78.98
1.34,-1.22,76.60
3.48,-0.61,74.10
1.10,-0.49,73.36
-2.14,-4.15,66.71
-1.46,-4.39,64.82
-1.83,-5.80,70.43
-1.10,-4.94,71.78
-1.10,-5.49,65.31
0.49,-4.21,58.04
0.24,-1.16,47.24
1.10,-2.93,51.39
-0.92,-5.13,50.48
0.73,-7.93,53.10
-0.49,-9.16,50.11
-1.04,-7.57,50.29
0.98,-9.46,55.48
-1.04,-10.44,57.19
0.79,-8.67,45.29
0.00,-6.59,34.24
1.65,-2.81,21.42
1.95,2.99,8.42
5.25,6.35,0.55
6.16,6.90,0.73
5.37,5.19,1.95
3.72,2.99,1.89
2.08,1.22,1.10
0.24,0.31,1.22
-0.67,-0.98,5.49
-0.24,-2.75,19.78
-0.79,-3.60,33.63
0.43,-5.68,36.44
2.69,-2.62,30.76
2.08,-2.44,28.20
2.32,-5.62,32.41
1.40,-5.92,42.05
0.98,-15.26,61.16
0.85,-17.09,68.54
2.20,-19.84,65.19
3.54,-19.23,54.99
7.14,-15.38,37.90
7.57,-7.87,24.96
7.87,-5.31,21.79
5.92,2.50,7.93
6.71,7.45,-2.93
4.94,7.02,-3.11
2.81,4.46,-1.16
1.16,1.40,0.92
-0.67,-0.98,3.23
-1.22,-2.38,5.86
-1.89,-3.97,13.92
-3.17,-2.87,17.70
-1.59,3.23,6.23
0.00,5.80,-0.06
-0.12,6.16,-0.73
1.04,7.63,-2.01
4.33,10.38,-5.00
11.84,12.21,-14.04
7.75,24.90,-40.95
6.65,45.23,-86.00
6.47,59.27,-127.56
4.46,65.86,-152.89
-0.55,67.08,-164.06
-6.65,68.79,-167.60
-12.08,68.66,-167.24
-15.50,65.61,-164.98
-18.25,58.53,-159.91
-22.83,49.62,-151.43
-28.81,39.31,-138.67
-28.69,27.10,-118.23
-24.90,14.22,-91.25
-23.93,4.46,-67.20
-24.41,-2.14,-52.98
-23.25,-5.86,-46.33
-21.73,-9.89,-45.84
-14.59,-12.15,-45.04
-11.05,-15.93,-33.94
-11.90,-24.23,-20.14
-13.98,-31.19,-13.00
-15.99,-32.59,-11.60
-15.26,-32.47,-9.22
-13.24,-36.13,-0.92
-12.33,-46.51,11.72
-13.67,-59.14,20.02
-8.91,-46.57,3.97
-1.22,-36.38,-14.65
14.34,-35.52,-16.24
19.53,-33.94,-9.03
29.48,-26.86,-3.48
38.45,-22.95,1.22
43.95,-18.98,5.80
48.28,-13.37,8.79
47.55,-14.22,10.19
44.49,-16.66,10.62
41.75,-17.33,8.36
42.54,-28.02,2.99
50.78,-26.18,-0.24
55.24,-20.87,2.69
62.62,-30.76,-0.12
76.84,-50.17,-3.42
89.29,-46.94,0.85
91.19,-44.98,0.98
86.00,-42.91,1.77
79.28,-36.80,1.22
76.35,-27.89,9.16
71.29,-18.55,11.78















-,-,-
-1.34,-0.31,0.67
-0.98,-0.73,3.30
-1.16,-0.49,4.94
-1.59,0.31,5.25
-1.71,1.10,5.25
-2.01,1.77,5.49
-2.01,2.01,5.37
-1.89,2.08,5.19
-0.98,2.14,4.70
-0.18,2.56,4.09
0.37,2.93,3.42
0.55,3.78,2.69
1.10,3.54,2.20
1.40,2.69,1.46
1.83,1.83,0.37
1.34,1.16,-0.31
0.92,0.67,-0.55
0.49,0.61,-0.67
0.06,0.98,-0.85
-0.24,0.98,-0.92
0.37,0.92,-1.28
1.28,0.31,-1.71
1.71,-0.61,-2.87
1.65,-2.14,-4.09
0.61,-3.66,-5.13
-1.59,-5.49,-6.23
-3.54,-5.80,-7.63
-5.13,-4.76,-8.54
-5.86,-3.05,-8.54
-5.43,-1.34,-7.08
-3.97,0.18,-4.94
-2.75,1.28,-3.48
-2.81,1.89,-2.26
-3.30,2.38,-1.04
-4.21,2.14,-0.06
-5.13,1.16,0.61
-5.80,-0.43,0.92
-7.32,-2.87,0.85
-10.01,-6.59,-1.16
-8.54,-8.00,-1.59
-10.38,-9.83,0.92
-11.84,-11.54,2.14
-12.02,-14.65,4.09
-14.89,-17.40,6.71
-17.52,-12.15,-3.78
-11.66,-7.69,-10.07
-7.57,-5.80,-1.10
-4.33,-3.42,3.30
1.77,-1.95,3.48
3.42,-1.46,4.03
4.27,-0.73,4.46
5.19,-0.98,5.37
5.92,-2.62,8.30
5.74,-3.42,16.36
7.39,2.62,27.04
15.38,7.81,43.09
22.83,9.64,52.43
28.69,12.33,53.83
31.98,11.35,52.12
30.82,10.07,52.37
30.88,13.61,57.07
33.51,17.33,72.02
35.22,22.34,92.41
36.13,25.57,111.94
36.32,28.93,126.10
32.41,31.74,132.69
28.44,32.29,138.61
19.10,30.46,142.46
17.70,25.02,145.69
19.23,23.74,143.37
22.22,25.39,141.24
21.36,27.04,137.94
18.13,26.37,136.54
13.43,23.32,137.51
10.86,21.73,138.24
8.48,16.24,138.92
2.93,14.10,136.29
-1.59,14.77,127.56
-1.59,12.57,123.96
-5.49,6.96,127.32
-9.70,8.30,118.41
-5.07,3.60,111.21
-4.58,0.49,106.69
-8.48,-1.10,97.66
-8.54,-0.24,89.23
-4.52,-4.09,92.71
-4.82,-2.93,95.76
-6.59,-4.39,86.85
-4.33,-2.20,77.70
-4.46,-5.68,74.22
-1.95,-9.40,72.69
-1.53,-10.31,61.52
-1.59,-8.18,52.00
-2.62,-4.15,34.91
0.24,-0.24,20.87
0.92,2.14,12.45
1.77,5.49,2.56
0.31,7.81,-2.87
-1.65,7.26,-3.85
-2.44,5.92,-4.64
-2.75,5.07,-4.82
-1.53,4.82,-4.15
-3.48,2.87,-3.05
-2.50,4.64,-2.81
-2.14,5.13,-3.23
-2.08,6.23,-4.76
2.01,11.47,-12.88
5.68,17.52,-38.88
13.49,21.00,-76.97
20.45,25.51,-109.68
23.07,32.47,-138.37
24.23,37.54,-163.15
27.34,39.00,-181.03
19.47,37.66,-194.15
13.79,32.47,-204.59
10.13,22.89,-205.87
4.88,11.78,-194.34
1.46,1.95,-174.56
-4.39,-4.09,-152.95
-11.84,-8.12,-133.00
-16.36,-11.17,-113.71
-18.86,-15.01,-93.75
-21.67,-19.29,-75.62
-24.72,-23.62,-61.89
-28.08,-28.56,-51.57
-31.80,-32.71,-41.69
-31.49,-35.64,-30.82
-29.79,-38.45,-18.19
-26.55,-42.60,-4.88
-22.34,-48.52,7.81
-17.82,-53.16,20.14
-19.59,-58.59,29.36
-10.13,-54.44,19.90
-11.90,-39.49,2.20
-1.71,-34.30,0.67
2.08,-29.60,5.55
8.42,-21.73,5.07
11.11,-14.95,2.87
12.63,-12.94,3.66
15.38,-14.34,4.58
17.64,-18.43,6.16
18.19,-23.13,7.08
17.88,-26.79,6.47
20.63,-32.17,6.35
21.00,-37.72,7.45
21.61,-32.17,5.98
25.63,-27.34,5.19
35.10,-32.17,8.61
50.42,-47.00,13.37
65.06,-54.14,12.57
78.31,-58.90,14.28
90.58,-68.73,20.57
102.60,-67.38,18.74
114.93,-68.05,18.13
124.39,-64.09,22.28
130.37,-60.73,20.75
132.02,-57.62,15.44
125.24,-51.45,18.01
113.77,-52.00,15.14
94.91,-30.15,13.79
71.11,-15.87,14.34
54.14,-12.94,6.53
42.91,-8.24,7.51
31.01,-0.79,12.15
22.58,4.39,5.49
11.72,8.30,6.23
4.03,10.25,3.48
-0.98,4.03,0.85
-3.85,-2.87,-0.24
-6.65,-7.02,-0.79
-8.42,-8.18,-0.43
-8.48,-6.29,0.49
-7.20,-2.69,0.49
-5.49,2.14,1.16
-3.11,7.39,2.14
-1.83,11.78,2.56
-1.89,14.53,2.62
-1.59,16.66,3.11
-0.92,18.19,3.23
-0.73,19.53,2.62















-,-,-
-8.61,-15.56,2.44
-9.89,-16.72,2.20
-10.86,-16.72,2.01
-10.62,-15.38,1.83
-8.97,-13.18,1.65
-6.96,-10.50,1.83
-4.33,-7.81,1.77
-2.08,-5.62,1.53
0.12,-3.72,1.89
1.53,-2.20,2.26
2.08,-1.46,2.50
1.95,-1.10,2.50
1.77,-0.61,2.20
1.77,-0.31,1.83
1.71,-0.24,1.59
1.89,-0.49,1.16
1.34,-1.10,0.85
0.67,-1.53,0.92
0.24,-2.08,0.73
-0.12,-2.75,0.73
-0.31,-3.30,0.79
-0.18,-3.36,0.92
0.12,-3.23,1.10
0.55,-2.75,1.28
0.92,-2.20,0.92
1.53,-1.46,0.67
2.01,-0.37,0.73
2.38,0.49,0.55
2.38,1.04,0.73
1.95,0.92,1.10
1.53,0.00,1.71
1.10,-0.98,2.81
1.40,-1.59,4.94
2.75,-1.83,9.83
5.37,-0.67,20.87
8.61,0.98,28.99
11.11,5.25,31.98
13.55,5.49,37.41
16.42,5.49,45.10
21.06,8.67,49.99
25.02,10.07,59.33
26.92,16.42,59.51
31.92,15.63,70.56
31.07,17.94,80.08
33.33,17.94,89.05
33.33,15.75,104.13
33.69,18.31,114.38
37.66,19.65,117.61
40.47,22.28,120.67
40.53,21.42,122.92
38.88,23.50,115.84
39.61,23.68,106.26
40.41,19.84,102.54
37.90,18.01,103.52
39.61,19.41,108.09
40.16,19.47,118.41
47.42,20.57,125.12
31.25,18.68,123.29
20.87,7.87,120.54
18.86,4.39,109.62
18.07,2.81,102.17
16.48,4.64,105.04
18.19,5.19,117.68
15.08,7.32,135.80
13.61,10.86,146.24
14.22,3.66,153.63
11.72,1.65,151.98
13.98,1.46,141.60
15.87,1.04,131.10
14.04,-5.98,119.20
10.44,-10.74,103.39
12.88,-8.61,87.28
15.44,-12.27,89.48
12.63,-10.86,83.50
13.12,-10.56,76.48
10.56,-11.05,71.53
8.42,-12.76,61.16
2.56,-10.19,38.33
2.38,-3.66,10.25
3.42,-1.34,1.71
5.62,1.46,0.79
7.63,5.43,-0.37
10.01,10.74,-3.54
9.70,12.76,-4.70
4.33,10.01,-3.85
-0.49,7.26,-4.27
-2.44,5.62,-6.41
-1.34,6.53,-8.12
-2.20,7.02,-9.52
-1.22,8.24,-12.57
-0.92,10.62,-17.40
-0.18,13.24,-27.47
1.04,21.12,-53.41
3.66,32.35,-89.05
6.84,40.95,-124.27
13.12,44.68,-151.00
17.94,45.23,-162.66
19.53,44.49,-164.18
17.64,41.32,-161.93
16.97,37.48,-161.07
15.20,34.85,-164.73
13.12,33.81,-170.90
10.01,34.91,-176.94
6.10,36.80,-180.66
0.55,36.50,-179.32
-6.90,34.12,-171.57
-17.15,30.88,-154.72
-23.86,26.61,-127.44
-26.37,22.58,-94.12
-29.11,18.13,-61.77
-30.76,13.00,-37.90
-30.82,7.14,-24.23
-31.62,1.65,-19.17
-32.59,-2.08,-19.17
-33.87,-4.09,-19.96
-34.24,-4.58,-17.40
-31.98,-3.66,-11.05
-29.36,-3.60,-2.44
-27.47,-5.00,6.65
-24.72,-5.37,14.47
-21.36,-7.87,20.57
-18.86,-13.85,23.74
-17.09,-21.61,23.68
-16.85,-28.63,22.22
-18.01,-32.04,21.48
-17.82,-32.53,19.59
-13.67,-17.94,0.55
-13.00,-15.69,-7.75
-5.86,-11.54,-6.84
-6.16,-15.63,2.44
-4.27,-16.30,8.24
-0.67,-14.04,6.77
0.37,-13.06,5.19
0.06,-12.51,4.39
0.31,-11.84,3.85
1.46,-10.56,4.03
2.93,-8.30,3.72
6.10,-5.92,3.23
12.82,-5.92,2.81
24.48,-17.03,2.75
34.12,-20.63,1.65
45.35,-27.28,-1.10
58.23,-36.44,-1.59
71.78,-45.35,-1.40
83.56,-47.67,3.85
91.06,-49.26,4.88
104.00,-55.48,0.31
110.66,-60.36,-2.50
113.28,-61.40,1.40
113.53,-61.16,4.70
111.82,-58.65,3.72
103.76,-49.99,0.43
96.25,-41.93,-3.36
80.69,-33.02,-6.23
63.96,-28.32,-6.41
41.93,-15.93,-1.10
24.96,-8.42,-0.18
13.61,-5.19,2.87
6.84,-5.86,4.58
2.14,-8.42,2.32
-2.14,-16.72,-0.55
-6.59,-22.28,-3.30
-8.91,-23.19,-4.52
-9.16,-19.90,-4.33
-8.06,-14.22,-3.91
-6.35,-7.57,-2.62
-5.19,-1.95,-1.16
-4.21,2.62,-0.37
-3.05,6.29,0.49
-1.89,8.85,1.53
-0.06,10.07,2.01
1.04,9.95,2.56
1.59,9.46,3.36
2.56,8.24,3.78
3.05,6.23,4.03
3.66,4.88,4.46
4.52,3.97,4.33
4.03,2.32,4.64
3.23,0.73,4.64
3.85,2.26,3.36















-,-,-
-3.11,-4.70,-1.89
-2.81,-4.64,-1.71
-2.20,-4.39,-1.10
-1.40,-3.97,-0.43
-0.43,-3.97,0.31
0.49,-3.66,1.22
1.40,-3.23,1.89
2.26,-2.87,2.08
3.05,-2.56,1.89
2.75,-2.69,2.01
2.44,-2.62,2.14
2.32,-2.62,2.38
2.44,-2.20,2.50
2.62,-1.83,2.62
2.75,-1.40,2.75
3.42,-1.22,2.93
2.87,-1.40,2.87
2.14,-1.65,2.56
1.83,-2.14,1.95
1.71,-2.32,1.77
1.65,-2.44,1.53
1.65,-2.20,1.40
1.89,-2.08,1.28
1.89,-1.89,1.28
1.65,-2.08,1.16
1.28,-2.56,1.04
0.67,-3.17,0.85
-0.43,-3.91,0.73
-0.98,-4.09,0.43
-0.37,-3.85,0.31
0.98,-3.11,0.55
1.65,-2.44,0.98
1.95,-1.71,1.95
2.14,-1.10,4.09
2.69,-0.18,9.52
3.30,0.37,16.42
3.66,0.55,17.15
4.27,0.92,22.28
4.39,1.53,28.81
5.31,4.03,42.54
3.91,7.57,54.50
5.43,9.77,64.45
4.03,16.30,74.71
7.14,18.19,85.21
7.39,17.03,90.21
7.08,22.77,92.29
6.96,21.85,97.84
1.28,25.63,104.31
2.20,26.79,111.33
1.10,26.67,117.98
0.73,27.65,123.41
-0.12,29.66,126.71
-2.69,32.17,128.78
-4.33,26.98,129.64
-9.64,26.98,126.71
-15.20,29.05,120.12
-21.97,26.86,125.24
-29.05,28.63,131.65
-27.71,30.76,127.08
-21.91,26.55,119.93
-17.15,19.96,116.39
-14.65,15.75,113.22
-14.04,10.68,116.76
-14.89,10.01,114.14
-15.44,8.42,108.22
-16.05,5.74,111.45
-14.77,3.36,128.78
-13.00,3.54,134.34
-9.46,-1.59,118.16
-9.58,-4.76,99.91
-9.28,-7.63,86.30
-7.32,-12.76,82.70
-4.82,-8.06,76.11
-1.65,-8.48,67.81
-0.49,-4.76,48.71
-2.99,-3.23,39.79
-5.31,2.87,29.05
-5.92,-0.73,22.64
-5.13,-1.59,11.35
-1.28,2.01,-1.22
4.64,8.61,-4.88
5.92,14.04,-6.29
1.83,18.80,-8.91
-4.27,20.63,-12.45
-9.58,20.57,-15.20
-12.76,20.20,-18.25
-12.70,20.51,-24.11
-12.15,20.81,-27.10
-12.57,21.42,-36.74
-8.85,22.28,-51.09
-7.08,31.37,-68.48
-3.97,43.09,-91.98
3.17,53.47,-120.12
13.18,61.52,-147.22
23.01,65.98,-171.20
34.00,66.35,-189.76
35.03,62.87,-200.44
35.28,54.93,-203.25
37.48,41.99,-199.65
41.93,24.48,-189.88
42.72,5.49,-174.50
35.28,-10.25,-153.02
23.01,-20.39,-126.28
13.61,-25.70,-99.37
3.97,-27.59,-78.86
-4.94,-26.18,-66.47
-14.71,-24.35,-58.90
-21.48,-21.79,-51.82
-27.65,-22.34,-43.70
-23.62,-25.15,-35.58
-23.50,-29.85,-23.74
-24.11,-38.02,-12.45
-24.96,-41.81,-4.46
-26.00,-39.98,0.85
-25.94,-35.40,5.62
-24.48,-30.27,9.77
-21.91,-26.37,13.61
-18.98,-24.78,16.85
-17.40,-26.12,19.78
-14.53,-30.27,22.89
-10.86,-37.35,25.70
-7.81,-46.33,26.37
-6.29,-55.60,26.37
-7.26,-63.48,28.50
-2.08,-54.20,17.09
-5.37,-39.79,2.50
10.68,-35.71,1.10
13.37,-34.73,7.14
16.72,-32.35,8.85
19.96,-31.01,8.79
21.91,-34.30,9.95
19.10,-29.54,7.14
16.85,-26.43,3.97
14.47,-26.79,2.14
14.65,-26.61,0.85
15.50,-25.45,0.61
16.85,-25.33,1.89
19.59,-25.88,3.54
21.79,-29.79,4.94
24.05,-38.45,6.29
25.15,-48.65,8.00
35.28,-70.74,14.40
41.81,-67.87,16.48
53.41,-71.72,13.43
66.16,-77.51,15.01
76.97,-72.51,22.89
87.34,-62.50,25.27
95.03,-58.04,30.15
94.36,-51.82,32.84
89.72,-38.15,33.57
81.91,-31.31,30.52
75.56,-28.81,28.02
72.45,-26.79,20.87
67.81,-22.83,27.22
63.54,-24.90,21.12
56.52,-22.22,15.63
42.24,-20.20,12.39
31.92,-19.04,9.83
21.61,-15.50,7.45
15.44,-5.98,5.98
10.50,3.54,3.17
8.00,2.32,2.08
5.86,-2.38,1.65
2.01,-7.26,0.73
-2.69,-12.21,0.00
-6.71,-15.38,-0.24
-8.24,-16.54,-0.37
-8.24,-14.77,0.43
-7.51,-11.17,0.98
-6.59,-6.47,1.77
-4.33,-1.71,2.44
-2.38,2.69,2.81
-0.92,7.63,3.54
2.38,13.12,3.30
1.89,15.81,2.81
-1.59,15.99,1.53
-3.23,19.41,-0.31
-7.63,21.67,-1.16
-8.30,28.81,-2.20
-8.36,36.74,-2.01















-,-,-
-6.71,8.06,77.27
-5.86,8.00,75.32
-4.82,7.75,62.50
-4.76,7.39,59.20
-5.25,7.02,55.73
-5.80,2.62,57.43
-5.92,1.89,57.50
-5.62,4.03,57.56
-6.16,3.36,52.55
-4.09,2.99,53.47
-6.16,2.99,45.59
-2.75,2.81,35.89
-3.97,0.49,54.20
-5.00,-0.73,51.09
-4.39,0.85,40.04
-3.48,-2.20,33.57
-4.21,-0.73,39.98
-6.10,-0.12,36.44
-3.23,-1.10,36.01
-2.44,-2.69,49.07
-3.42,0.12,47.67
-0.55,-0.18,41.93
-0.55,-5.31,36.99
-0.73,-4.64,25.21
-2.20,-2.38,21.12
-4.64,-0.43,19.53
-4.64,-1.22,15.56
-3.17,-0.67,19.35
-4.15,1.65,26.06
-3.54,4.52,38.64
-5.00,1.71,44.31
-5.13,-4.15,34.61
-3.54,-5.31,18.62
-2.75,-1.28,20.20
-3.42,-1.34,34.91
-2.08,-0.06,33.33
-1.95,-0.79,19.96
-1.53,-1.71,16.72
-1.77,-2.32,31.80
-1.83,-2.20,42.72
-2.56,-3.60,39.12
-2.75,-5.49,34.73
-1.77,-8.06,38.94
-0.18,-7.51,49.93
-8.24,-7.69,33.57
-4.58,-8.18,3.78
-3.78,-3.72,10.38
-4.46,-1.34,32.35
-0.55,-0.67,52.49
-1.16,-4.03,61.46
-2.56,-5.86,37.72
-2.20,-3.54,6.65
-2.99,-2.08,2.50
-1.71,1.59,16.05
-0.31,1.46,38.27
1.77,-0.31,34.36
5.07,-4.21,23.56
4.39,-3.54,9.16
3.05,-1.89,3.72
1.77,-0.61,3.72
1.16,0.61,3.91
1.46,0.79,3.60
2.01,0.43,3.23
2.93,0.37,2.69
4.70,0.37,2.44
7.02,0.00,2.14
8.00,0.18,1.34
6.90,-0.55,0.43
4.58,-1.22,-0.43
2.75,-1.16,-1.16
1.59,-0.61,-1.04
0.79,-0.31,-0.92
0.43,0.18,-0.98
0.61,0.61,-1.04
1.04,1.04,-0.85
2.20,1.40,-0.55
3.54,1.16,0.31
4.03,0.31,0.73
3.42,-0.85,0.55
2.81,-1.10,0.37
2.01,-1.16,0.49
1.22,-0.98,0.43
1.04,-0.43,0.00
1.34,0.24,-0.67
1.53,1.04,-1.10
2.20,2.01,-1.10
6.04,4.15,-1.04
8.61,2.32,-0.43
10.01,2.20,0.00
9.83,3.11,-0.31
4.70,2.26,-1.16
0.43,-0.92,-0.92
-0.31,1.22,-0.92
-1.71,3.30,-1.77
-6.47,3.97,-3.05
-6.96,8.67,-5.19
-6.41,15.20,-7.39
-4.52,19.35,-10.13
-3.23,20.39,-14.83
-1.16,17.94,-17.27
0.37,12.21,-17.03
1.83,5.92,-11.17
1.34,0.43,-1.53
1.83,-2.56,2.38
2.44,-4.33,2.26
3.42,-4.21,1.46
4.03,-2.87,1.59
4.39,-1.65,1.22
4.76,-0.79,1.28
6.77,-1.28,2.62
8.06,-3.54,4.21
7.69,-5.86,4.52
4.33,-7.45,4.33
1.95,-6.16,4.15
0.31,-2.38,3.48
-4.70,4.46,0.67
-8.79,14.16,-3.78
-10.50,25.21,-10.31
-9.40,36.68,-29.11
-6.04,51.88,-68.48
-0.31,59.88,-106.02
1.28,66.96,-130.07
0.31,75.99,-154.36
-0.06,81.30,-183.65
1.77,81.12,-210.21
2.20,73.85,-226.87
4.64,59.75,-234.25
4.09,41.87,-227.60
0.12,22.46,-206.05
2.14,3.66,-174.32
5.13,-12.15,-140.26
6.84,-25.51,-110.66
10.62,-37.23,-89.42
12.33,-47.18,-75.87
7.02,-53.22,-66.83
-2.69,-53.59,-60.24
-15.20,-48.89,-53.28
-24.72,-43.76,-44.13
-27.10,-37.66,-34.85
-24.54,-33.81,-25.70
-20.57,-32.41,-17.15
-16.24,-31.80,-10.19
-12.33,-30.15,-7.14
-9.03,-25.63,-8.85
-6.47,-19.71,-13.18
-5.49,-14.47,-15.81
-4.88,-10.44,-13.79
-3.30,-8.06,-9.16
-1.04,-7.08,-4.94
-0.31,-7.57,-2.01
-1.16,-9.58,-0.43
-2.50,-13.79,-0.73
-3.36,-18.62,-2.56
-3.05,-16.36,-9.77
-2.26,-14.83,-14.59
3.23,-18.07,-8.54
5.25,-21.24,-1.28
10.56,-23.56,2.14
15.75,-26.43,3.66
21.00,-29.79,4.76
24.78,-35.89,7.32
27.16,-37.84,6.71
32.47,-42.66,8.30
40.04,-45.29,16.30
46.75,-39.92,22.95
56.95,-27.16,18.55
73.97,-36.19,24.17
88.81,-47.91,31.92
101.07,-51.27,29.66
109.37,-58.84,25.88
105.65,-57.13,24.96
95.21,-46.57,28.63
87.89,-43.70,31.01
81.60,-34.12,25.02
81.05,-27.16,24.90
80.32,-20.26,22.09
81.12,-23.74,21.36
79.90,-23.62,17.70
76.84,-27.34,15.69
69.64,-27.28,10.31















-,-,-
0.67,-1.10,-0.12
1.16,-1.28,0.00
1.59,-1.46,0.24
1.71,-1.71,0.18
1.22,-1.89,0.06
1.34,-1.83,0.06
1.53,-1.46,0.18
1.65,-0.73,0.12
2.20,0.06,0.24
2.75,0.79,0.37
3.17,1.40,0.49
3.30,1.28,0.73
4.03,0.79,0.73
3.91,0.00,0.98
3.30,-1.53,0.67
1.83,-2.81,0.18
0.92,-4.03,-0.37
0.43,-4.33,-0.55
0.98,-3.91,-0.24
1.59,-2.81,0.31
2.69,-1.53,0.85
3.23,0.06,1.77
3.85,1.22,2.20
3.78,1.83,2.26
2.62,1.46,2.08
1.34,0.92,1.16
0.00,0.06,0.55
-0.61,-0.37,0.06
-0.55,-0.73,-0.12
-0.43,-0.85,0.06
-0.12,-1.16,0.12
0.73,-1.22,0.55
0.98,-1.10,2.20
1.28,0.49,8.00
2.26,0.12,14.53
1.89,0.31,21.55
1.95,3.78,16.72
1.59,4.21,15.32
-0.18,4.46,22.58
-1.71,7.63,33.51
-0.49,10.74,41.14
1.46,13.61,50.48
3.05,20.02,61.58
6.23,25.39,79.16
7.75,39.18,105.83
11.60,58.23,139.10
16.97,64.03,166.99
17.76,67.87,178.53
18.98,74.71,169.86
20.51,69.89,161.50
43.64,61.71,156.19
34.00,59.69,147.03
23.13,55.54,149.23
10.38,46.69,150.82
6.47,37.17,145.51
2.44,28.20,142.21
-2.62,24.23,137.08
-6.65,20.08,126.65
-9.40,13.73,121.95
-10.74,11.84,112.12
-6.29,13.98,106.38
-6.90,12.08,111.88
-10.19,8.54,108.70
-7.63,7.57,99.85
-3.30,6.59,92.41
-2.38,2.93,80.02
1.34,0.79,67.57
2.14,-0.55,63.60
-0.12,-2.20,57.31
1.04,0.31,44.56
0.61,1.95,33.02
3.48,3.78,21.36
5.25,3.36,12.39
7.93,4.21,2.08
7.14,4.88,-1.10
3.11,5.55,-0.98
-0.49,4.64,0.06
-4.64,1.40,2.69
-5.92,2.56,6.65
-4.39,6.59,12.88
-4.52,7.57,19.23
-4.88,5.31,26.12
2.50,5.07,25.09
-0.31,3.05,18.86
-1.46,0.55,10.99
-1.65,0.18,13.49
-3.91,-0.12,25.63
-3.36,-0.12,31.74
-2.01,4.70,31.49
-1.89,5.13,33.20
-1.53,1.34,28.56
0.00,3.97,16.42
-1.65,5.55,7.26
-1.89,8.85,0.98
-3.97,8.48,-4.09
-5.43,11.54,-8.48
-8.61,15.81,-15.75
-9.77,24.35,-30.21
-7.93,33.87,-53.41
-3.42,42.18,-74.65
-0.24,48.89,-91.55
8.91,55.85,-118.84
20.51,57.98,-157.04
37.23,53.47,-197.33
41.75,44.92,-230.90
39.25,31.49,-257.45
43.09,11.29,-272.77
45.90,-12.88,-266.11
39.73,-34.30,-236.51
22.89,-46.08,-191.59
5.13,-46.51,-140.99
-9.34,-42.05,-97.05
-18.01,-35.89,-69.46
-22.09,-33.33,-56.27
-21.97,-31.25,-49.87
-25.02,-29.97,-40.53
-29.97,-31.13,-28.87
-33.20,-32.84,-19.41
-33.81,-34.30,-10.62
-31.80,-35.22,-0.31
-27.47,-33.02,14.47
-24.60,-31.74,32.47
-23.38,-36.99,48.58
-22.64,-46.94,60.30
-22.95,-59.51,68.24
-22.52,-71.17,72.69
-18.07,-71.11,60.30
-12.63,-54.14,15.75
2.50,-41.14,0.67
11.17,-42.97,8.67
14.16,-40.95,10.56
21.30,-31.37,8.12
24.54,-26.31,9.28
26.00,-25.57,11.11
29.17,-29.97,12.76
34.36,-40.16,15.26
42.79,-52.67,18.31
55.36,-55.91,18.92
72.20,-65.06,25.88
86.30,-71.41,34.97
96.37,-67.32,38.09
109.13,-72.14,40.22
120.12,-73.06,41.69
131.35,-71.84,44.80
139.71,-69.52,46.14
144.53,-67.69,47.67
142.27,-55.79,47.79
132.02,-45.59,49.01
113.65,-25.51,43.70
91.55,-15.14,44.92
67.32,-5.86,36.50
48.65,5.86,20.39
35.28,10.62,12.15
25.15,13.92,8.42
16.85,9.34,7.45
10.13,1.53,6.77
3.60,-8.73,5.13
-3.42,-17.88,3.05
-8.97,-23.38,1.28
-13.61,-25.39,-0.06
-16.36,-23.93,-1.10
-17.15,-20.02,-1.22
-15.50,-14.65,-1.16
-11.84,-8.00,-0.43
-7.93,-1.16,0.79
-4.39,6.16,1.89
-1.04,12.76,2.69
1.95,18.25,3.30
3.85,21.67,3.36
3.54,22.89,3.17
2.20,22.46,2.20
0.73,20.45,0.98
-1.10,18.25,0.31
-2.14,16.66,0.00
-2.08,16.24,-0.12
-4.88,15.01,0.92
-3.91,18.25,0.67
-1.34,24.90,-0.31
-3.05,31.37,-0.06
-4.03,40.34,-0.37















-,-,-
-4.09,-6.35,-1.22
-2.01,-5.80,-1.04
-2.08,-4.70,-0.92
-0.43,-3.85,-0.92
5.13,-2.69,-1.16
1.95,-2.14,-0.92
-0.12,-1.10,-0.12
0.85,0.00,0.73
1.53,0.43,1.04
1.77,0.24,0.98
1.77,-0.06,0.61
1.53,-0.31,0.55
2.32,0.00,0.67
5.92,0.18,0.37
1.40,0.18,0.49
1.59,0.06,0.67
1.34,-0.12,0.18
1.46,-0.43,0.24
1.10,-1.10,0.61
1.77,-1.71,0.92
5.74,-2.26,0.61
-0.06,-3.05,0.61
1.77,-3.23,1.10
6.84,-3.48,0.61
4.76,-3.66,0.31
4.70,-3.91,0.43
4.58,-4.03,0.79
3.17,-4.64,1.22
0.67,-5.49,1.71
5.37,-6.53,1.89
5.86,-8.00,1.04
-0.92,-9.28,1.04
-3.97,-9.83,1.65
-4.03,-10.01,2.08
-0.49,-8.73,4.46
8.12,-3.91,16.97
13.79,2.62,38.88
16.11,10.01,52.37
21.61,16.24,64.33
24.29,22.46,74.40
29.05,24.54,81.05
29.54,24.72,83.44
31.98,22.95,83.56
32.71,24.78,87.34
29.66,26.73,98.33
25.27,33.26,108.89
25.76,36.32,121.22
27.28,40.89,133.42
31.80,46.26,140.87
34.06,47.73,141.85
33.69,49.44,137.27
33.94,48.89,131.65
31.37,47.55,135.13
28.50,40.41,143.68
27.65,41.32,151.06
27.22,43.27,159.91
18.19,39.98,169.92
11.66,31.19,173.16
12.15,30.82,165.22
8.00,28.20,147.16
9.28,23.86,134.58
5.25,16.54,127.75
6.23,10.50,124.94
5.31,5.31,123.60
9.52,5.25,119.63
9.46,5.43,110.78
7.93,2.14,101.01
5.13,-2.20,98.51
0.85,-1.04,91.98
2.75,-0.61,93.20
1.16,0.06,93.51
3.42,-1.65,85.63
2.99,-0.98,68.05
5.49,-0.79,52.61
7.32,-5.37,54.02
4.15,-1.71,34.67
4.52,-0.06,7.39
6.47,1.10,-3.30
7.14,2.81,-2.99
7.81,3.97,-2.93
3.66,3.48,-4.15
-1.10,3.30,-4.70
-2.81,3.60,-3.05
-3.23,4.58,0.92
-2.50,6.29,10.19
-3.78,5.68,25.02
-2.87,5.19,31.62
-2.99,4.46,18.01
-0.12,7.08,-4.46
1.04,11.96,-19.41
-2.08,15.63,-31.19
-1.89,21.00,-50.66
0.18,24.11,-81.18
6.35,26.31,-115.23
9.70,27.83,-147.77
12.82,28.14,-178.22
14.22,26.49,-198.85
15.38,23.32,-206.85
12.33,18.19,-207.52
15.50,11.41,-205.14
10.99,3.72,-199.89
4.88,-3.97,-193.36
-5.25,-10.19,-183.23
-11.72,-14.95,-167.42
-15.87,-16.05,-145.75
-20.08,-13.79,-118.65
-22.16,-9.89,-88.44
-22.34,-6.35,-60.12
-20.45,-6.59,-39.06
-17.82,-9.03,-25.88
-18.07,-14.59,-18.31
-19.23,-22.09,-15.93
-20.69,-29.05,-15.87
-21.79,-33.57,-12.27
-22.16,-34.67,-3.97
-20.63,-34.67,7.45
-17.88,-36.56,19.71
-15.32,-42.05,30.03
-14.34,-49.80,36.87
-9.22,-42.18,23.93
-10.80,-37.23,12.39
2.75,-33.02,11.35
8.54,-31.80,14.89
14.71,-27.53,15.99
20.39,-22.09,15.63
23.99,-20.08,13.98
25.70,-12.33,12.21
25.76,-9.89,13.00
27.34,-14.04,12.82
31.25,-29.72,14.65
35.58,-41.69,16.91
39.00,-49.99,15.87
44.49,-46.14,11.17
53.47,-47.12,12.51
63.42,-49.26,13.37
76.84,-49.19,13.31
89.84,-52.61,17.88
96.31,-59.81,22.58
102.60,-59.20,23.32
105.53,-56.82,25.45
107.36,-49.68,23.50
107.48,-45.29,25.27
104.55,-39.12,20.32
98.57,-27.95,16.85
92.22,-18.13,21.06
83.19,-5.68,19.90
73.06,2.81,13.55
60.24,7.63,16.78
46.02,11.78,19.47
32.59,13.98,16.85
18.07,15.63,12.08
8.18,3.78,9.34
3.48,-7.87,6.77
0.49,-15.44,4.21
-0.98,-19.96,2.75
-1.95,-21.42,2.44
-1.46,-20.20,2.01
-0.85,-17.52,2.14
0.24,-13.73,2.32
1.34,-9.28,2.50
2.50,-5.37,2.56
3.11,-1.95,2.56
3.36,1.16,2.62
3.42,3.60,2.99
2.75,5.37,2.93
2.56,6.71,2.81
2.44,7.93,2.93
1.89,7.75,3.05
0.55,6.84,2.87
-1.46,4.88,2.75
-2.56,3.30,2.32
-3.11,2.32,2.01
-2.99,2.01,2.01
-3.23,2.20,1.95
-2.69,3.05,1.65
-1.89,4.09,1.34
-0.85,5.13,1.28
0.18,6.10,1.77
1.16,6.90,1.77
1.77,7.69,2.75















-,-,-
0.43,-0.06,2.81
0.92,-0.31,2.93
0.85,-0.06,2.81
0.55,0.67,2.50
0.55,1.34,2.01
0.92,1.53,1.59
1.16,1.95,1.28
1.04,1.89,1.04
1.04,2.08,0.79
1.34,1.95,0.79
1.53,1.71,0.92
1.46,1.04,0.85
1.53,0.55,0.73
1.34,0.24,0.49
1.28,0.06,0.49
1.40,-0.12,0.43
1.34,-0.43,0.61
1.34,-0.49,0.73
0.92,-0.43,0.67
0.55,0.24,0.37
0.43,0.79,-0.12
0.18,1.22,-0.12
0.85,1.53,0.00
1.40,1.46,-0.18
1.40,1.22,-0.24
1.53,1.10,-0.55
1.65,0.61,-0.85
1.71,0.18,-0.55
1.34,0.06,0.12
0.92,0.24,0.79
0.43,0.24,1.16
0.18,0.06,1.10
0.18,0.00,0.73
0.18,-0.31,0.43
0.24,-0.43,0.43
0.31,-0.92,0.73
0.49,-1.10,1.28
0.43,-1.28,2.01
0.55,-1.34,2.38
0.55,-1.40,2.38
0.49,-0.85,2.32
0.49,-0.18,2.20
0.43,0.37,2.14
0.24,0.43,2.56
0.12,0.61,3.05
0.49,0.61,3.42
0.55,0.49,3.42
0.55,0.06,3.11
0.43,-0.67,2.69
0.85,-1.95,2.26
0.98,-3.85,1.46
0.55,-5.92,0.37
0.06,-8.42,-0.31
0.37,-13.79,0.37
-1.10,-21.97,2.87
-4.64,-30.70,7.08
-7.32,-38.02,12.08
-9.95,-43.21,17.52
-11.72,-46.02,23.86
-12.33,-47.73,30.76
-11.72,-49.32,36.80
-12.51,-52.06,39.86
-17.33,-43.15,21.42
-2.56,-34.61,5.19
7.26,-33.33,12.57
0.61,-33.02,19.53
3.60,-28.81,17.94
5.31,-23.01,15.99
4.52,-18.07,20.20
6.10,-15.81,31.62
8.24,-12.88,48.10
8.06,-10.31,65.12
6.53,-4.88,81.24
5.92,-4.70,97.23
3.60,-4.39,112.12
5.37,-5.55,125.49
4.70,-4.94,130.68
5.62,-2.99,131.84
7.39,0.12,142.21
6.04,0.00,157.65
5.43,0.79,164.49
9.22,5.07,161.68
9.77,15.81,157.96
5.98,19.59,162.29
4.82,24.84,164.86
3.11,24.78,163.70
3.91,25.15,159.24
2.62,22.71,153.20
0.31,20.32,148.93
-2.99,19.47,152.16
-2.26,19.47,149.48
1.65,7.81,148.86
4.39,1.40,139.40
3.30,-0.31,119.20
3.60,-5.68,103.88
0.79,-3.66,85.45
2.56,-4.76,86.24
2.50,-5.86,91.67
3.11,-8.42,95.03
2.87,-5.55,86.18
7.02,-11.17,73.49
6.47,-12.21,56.09
6.59,-11.35,45.04
6.53,-13.00,40.04
4.21,-7.81,29.11
4.70,1.53,20.08
4.82,8.73,0.98
8.18,18.92,-20.87
10.80,27.65,-40.71
9.95,35.58,-70.62
8.85,47.55,-116.03
13.06,51.51,-156.68
14.53,47.49,-182.86
10.44,36.56,-183.65
3.36,25.27,-167.91
-3.30,21.97,-148.25
-8.36,24.11,-132.87
-9.70,28.75,-127.20
-7.69,30.21,-128.85
-3.97,26.92,-136.17
0.24,22.58,-147.95
1.89,18.98,-161.19
2.62,18.37,-173.40
3.85,19.84,-181.46
2.38,19.41,-179.99
-1.65,15.50,-163.82
-5.43,9.28,-136.11
-7.39,1.22,-104.13
-10.31,-6.53,-74.46
-14.16,-11.84,-52.12
-16.24,-15.08,-37.72
-18.07,-18.31,-30.15
-19.78,-22.77,-27.04
-19.78,-26.67,-24.17
-20.87,-31.01,-17.27
-19.17,-33.87,-1.71
-19.41,-38.51,21.73
-20.02,-45.35,42.60
-19.65,-52.55,54.44
-17.58,-54.26,55.30
-13.18,-41.50,28.32
-11.35,-33.63,10.25
1.71,-20.14,7.26
2.56,-22.83,12.76
7.39,-23.19,13.06
12.27,-24.66,9.70
17.33,-22.77,9.46
21.48,-21.97,12.76
24.78,-26.55,15.32
28.08,-35.10,15.69
28.02,-34.42,13.79
29.54,-39.37,14.89
29.60,-37.72,17.03
34.24,-38.82,14.83
42.48,-44.62,4.58
56.40,-54.93,0.00
70.31,-63.35,4.82
84.53,-69.58,8.06
101.01,-83.50,14.10
111.51,-95.03,21.85
118.59,-92.59,23.01
120.97,-90.15,20.51
122.56,-85.57,21.06
123.60,-75.07,18.55
121.34,-65.67,12.27
111.45,-51.88,14.16
95.83,-42.36,19.35
77.70,-22.89,18.62
60.73,-13.18,17.27
45.23,0.00,17.03
27.95,14.22,13.12
17.33,10.99,10.62
11.17,4.70,9.34
7.45,-1.10,7.14
5.86,-6.47,4.64
4.82,-9.83,3.54
5.43,-11.41,2.32
6.96,-10.99,1.95
9.64,-8.85,1.89
11.41,-6.04,2.44















-,-,-
13.55,-2.20,4.46
9.83,-3.23,4.33
5.68,-4.15,4.15
4.27,-5.00,4.09
4.52,-4.58,3.85
5.55,-3.85,4.03
7.14,-2.75,4.09
7.08,-2.01,4.58
6.16,-1.95,5.07
5.37,-2.20,5.13
5.31,-2.38,4.88
5.49,-2.26,4.94
6.47,-1.59,4.82
7.39,-0.85,4.46
8.00,-0.18,4.21
7.75,0.24,4.03
7.20,-0.06,3.78
5.25,-0.73,3.48
5.19,-1.34,2.87
4.94,-1.59,2.08
7.02,-1.83,2.01
8.12,-1.59,4.39
9.89,0.18,14.04
8.61,4.21,28.93
9.58,4.27,23.86
12.51,0.49,8.61
11.66,-0.73,6.65
9.46,2.08,15.14
9.40,8.30,24.60
10.62,9.34,27.77
15.81,6.35,27.95
13.37,11.17,36.38
11.23,14.95,38.57
10.07,17.33,45.10
6.29,17.15,58.41
3.48,15.56,72.27
3.48,20.26,85.82
4.03,24.90,96.07
3.11,23.74,104.92
0.67,27.53,109.19
-1.77,25.45,112.00
-6.16,23.38,114.26
-6.65,25.82,117.86
-11.35,27.83,117.31
-17.33,27.95,118.04
-20.51,24.84,121.40
-23.13,22.58,125.49
-24.84,26.12,128.54
-27.40,26.12,128.60
-29.24,24.48,129.76
-30.70,23.74,130.25
-32.17,25.94,128.66
-34.12,19.90,128.17
-31.37,12.82,123.05
-31.13,6.53,121.34
-28.75,6.90,121.09
-30.88,6.77,127.26
-28.26,12.51,129.33
-23.50,12.70,130.62
-22.52,10.80,127.56
-22.77,-0.24,120.85
-21.24,-5.92,117.13
-20.02,-9.70,105.47
-18.25,-12.15,89.78
-13.79,-7.02,69.58
-12.27,-5.86,53.10
-8.91,-5.68,48.16
-8.61,-4.52,42.30
-5.37,-0.43,38.45
-8.30,0.49,40.95
-11.05,4.52,27.59
-14.04,7.32,14.59
-15.08,9.46,8.79
-15.01,11.60,11.05
-10.44,14.77,2.81
-3.91,14.59,-10.86
3.60,17.15,-24.23
11.47,21.18,-52.86
22.89,27.16,-96.86
34.24,33.45,-142.70
38.27,37.66,-176.03
32.78,41.50,-194.89
21.79,45.17,-206.24
11.54,47.42,-212.10
7.14,47.12,-214.17
9.03,41.99,-213.99
16.36,31.49,-210.75
25.88,16.66,-202.21
38.82,0.12,-187.32
51.27,-16.36,-167.18
60.18,-29.91,-143.07
64.64,-37.60,-119.14
65.80,-41.08,-97.72
58.11,-40.53,-78.43
39.55,-33.33,-62.38
18.62,-20.69,-52.19
2.01,-8.00,-48.71
-9.22,-0.12,-49.07
-17.21,-0.49,-48.52
-24.41,-8.48,-44.86
-34.36,-19.53,-38.76
-45.35,-28.81,-33.26
-53.89,-33.39,-28.93
-60.30,-33.94,-23.62
-63.05,-32.71,-15.01
-63.05,-31.86,-3.91
-61.04,-33.57,7.93
-59.57,-38.33,17.64
-59.20,-46.57,21.24
-53.96,-56.52,19.65
-48.34,-69.40,19.04
-43.21,-82.70,20.20
-28.50,-71.04,2.01
-22.52,-59.14,-4.82
-11.66,-48.40,1.34
1.10,-44.49,10.44
9.83,-38.64,14.40
17.76,-32.78,13.92
24.05,-26.31,15.01
32.90,-28.38,18.62
38.27,-35.10,27.47
42.42,-34.97,31.74
49.68,-41.93,38.09
55.97,-47.18,42.36
68.18,-42.54,37.35
87.04,-46.81,38.33
98.08,-57.37,49.38
111.76,-66.41,56.34
124.39,-72.20,57.07
130.74,-71.59,59.75
130.07,-67.50,60.30
123.66,-58.78,57.68
114.14,-45.35,52.86
104.19,-33.20,45.90
91.98,-18.92,43.15
78.19,-7.08,39.31
66.47,-2.32,31.74
55.85,-0.49,29.85
50.11,-4.39,32.41
42.66,-3.30,29.11
30.46,-2.14,15.32
16.60,0.37,9.34
8.54,2.99,4.82
5.31,0.24,3.11
4.09,-4.15,2.87
1.95,-7.81,2.69
-0.37,-9.40,2.87
-1.71,-8.42,3.36
-1.28,-5.43,3.78
0.31,-0.73,4.33
2.20,4.52,5.07
4.03,9.83,6.10
6.65,14.83,7.02
10.56,18.92,8.00
13.92,22.09,9.34
15.81,23.32,10.13
15.32,22.83,9.46
13.00,20.69,7.93
10.07,16.85,6.35
6.29,11.41,5.00
2.56,5.25,3.66
-0.92,-0.06,2.50
-2.75,-3.23,1.65
-2.69,-4.46,1.46
-1.65,-4.21,1.46
-0.12,-2.99,1.89
1.04,-1.46,2.69
1.65,0.61,3.17
1.59,2.69,3.66
-0.37,4.39,3.48
-3.30,6.10,2.38
-6.71,8.06,1.16
-8.61,11.23,-0.55
-9.16,15.99,-3.11
-10.56,22.83,-5.74
-12.45,32.90,-9.58
-13.73,44.19,-13.18
-14.95,54.44,-21.12
-12.39,66.28,-40.89
-10.31,85.21,-62.56















-,-,-
0.85,-0.31,0.61
0.49,-0.37,0.24
0.37,-0.55,0.43
1.10,0.00,0.18
1.53,0.67,0.12
1.89,1.16,0.18
1.71,0.98,0.12
1.65,0.92,0.00
1.59,0.49,0.31
1.65,0.31,0.55
1.89,0.12,0.61
1.95,-0.06,0.73
1.71,-0.18,0.73
1.34,0.00,0.55
1.28,0.31,0.55
1.65,0.55,0.67
1.83,0.98,0.61
1.71,0.61,0.49
1.28,0.43,0.55
1.10,0.24,0.49
1.34,0.24,0.43
1.46,0.06,0.43
1.10,0.00,0.24
0.98,0.06,0.43
0.85,0.18,0.61
1.22,0.37,0.85
1.28,0.55,0.98
1.22,0.61,0.79
1.65,0.67,0.67
1.40,0.24,0.49
1.16,-0.12,0.55
0.98,-0.43,0.55
0.85,-0.43,0.55
0.06,-0.55,0.67
-0.49,-0.98,0.49
-0.98,-1.53,0.73
-0.79,-1.89,6.53
-1.83,-2.32,26.37
-5.55,9.03,46.45
-2.56,19.23,54.99
2.32,23.99,51.88
2.32,27.22,60.73
1.40,31.25,75.07
1.40,25.57,95.70
0.67,29.30,113.16
3.97,41.32,137.27
5.07,49.62,156.80
5.43,54.14,173.22
7.57,67.63,178.04
12.27,67.63,185.97
6.96,63.66,188.17
6.96,63.60,179.08
1.77,58.65,170.17
-5.31,50.72,164.12
-12.02,38.15,162.17
-15.63,32.47,162.84
-22.83,23.80,162.66
-26.98,18.13,159.91
-29.72,15.56,154.24
-30.88,8.12,147.58
-33.08,0.24,142.52
-29.60,1.65,123.78
-25.57,1.65,117.86
-23.13,-0.06,120.30
-21.97,-1.95,116.76
-18.37,-6.71,110.96
-19.41,-10.68,100.89
-20.20,-9.34,84.59
-16.54,-10.01,87.40
-8.97,-10.74,107.79
-6.90,-13.24,117.19
-4.03,-20.45,107.42
-1.10,-19.96,86.98
0.79,-17.70,67.44
-1.16,-12.27,45.78
-1.83,-8.12,35.64
-3.42,-3.30,24.60
-2.81,4.15,6.04
-0.37,13.55,-6.10
0.00,26.49,-13.61
-4.46,34.97,-24.96
-8.79,47.91,-51.70
-11.41,64.64,-93.14
-8.67,78.43,-133.79
-4.82,78.12,-154.72
-2.44,73.06,-148.99
-6.16,66.96,-121.52
-9.40,62.99,-94.48
-6.96,60.55,-85.02
0.00,57.62,-93.14
10.01,52.49,-110.29
21.79,44.74,-129.52
34.97,33.14,-150.15
49.87,17.09,-170.47
62.99,-0.49,-186.77
63.11,-15.44,-194.82
51.15,-28.38,-189.82
26.98,-36.87,-171.63
1.22,-39.43,-143.07
-11.35,-37.41,-113.77
-15.20,-34.36,-90.21
-16.30,-34.00,-74.89
-18.19,-36.74,-68.05
-21.24,-41.44,-67.38
-25.82,-45.84,-68.60
-27.34,-43.88,-66.83
-32.04,-41.93,-59.81
-32.84,-37.90,-49.19
-30.33,-35.46,-34.79
-27.04,-35.83,-16.54
-23.44,-38.45,2.38
-19.29,-43.15,21.97
-15.44,-48.52,39.37
-12.02,-40.71,32.10
-8.97,-39.18,10.86
10.68,-35.58,2.08
15.14,-32.96,4.64
19.90,-26.98,8.12
37.17,-17.76,9.58
50.35,-14.40,12.15
57.74,-23.50,16.05
60.24,-32.90,20.45
57.13,-31.19,18.13
58.72,-36.19,14.95
63.78,-44.19,10.68
70.74,-40.22,7.57
87.04,-48.89,12.63
97.23,-50.96,15.38
109.07,-59.57,18.37
120.24,-66.59,24.66
130.92,-63.66,26.92
137.33,-64.76,32.84
145.20,-59.75,31.37
157.53,-55.30,30.64
174.87,-54.38,29.72
194.15,-59.63,29.11
203.86,-69.27,31.07
194.95,-78.00,26.18
161.62,-76.48,22.52
115.36,-66.83,20.32
75.56,-57.92,16.42
48.10,-44.74,11.72
31.98,-33.08,8.18
20.08,-12.39,7.69
10.38,5.86,6.47
5.43,7.14,4.88
0.92,1.77,1.34
-4.21,-7.26,-2.56
-11.90,-14.22,-4.82
-16.54,-16.54,-6.53
-20.08,-13.67,-6.41
-19.04,-7.26,-5.55
-14.71,-0.24,-4.39
-9.46,5.74,-2.69
-4.88,12.08,-0.18
-1.65,17.58,2.08
0.37,21.91,4.58
3.17,23.93,5.43
2.08,21.79,6.77
3.54,22.22,6.29
1.89,18.98,5.80
1.10,15.32,4.46
-0.43,9.95,3.36
-1.22,5.31,2.14
-2.44,1.04,1.10
-2.87,-2.44,0.06
-1.53,-3.78,-0.98
-0.43,-3.60,-1.22
-0.92,-2.38,-0.73
-1.59,-0.92,0.12
-1.40,1.04,1.04
-1.16,2.87,1.71
-1.34,4.52,1.71
-0.98,5.43,1.53
0.31,5.55,0.92
2.14,5.74,0.61
3.30,5.98,0.49
3.91,5.62,0.55
4.52,5.43,0.73
4.64,5.31,0.92















-,-,-
-4.76,-7.45,5.00
-2.69,-8.12,5.86
-1.28,-9.03,6.84
-1.04,-9.46,6.71
-0.92,-9.83,5.25
-0.73,-9.34,3.42
0.18,-6.96,3.23
1.46,-4.33,4.27
2.56,-2.44,4.64
3.42,-1.28,3.85
4.27,-0.06,2.62
5.19,1.22,2.14
5.68,2.01,2.32
5.80,2.26,2.38
5.43,2.56,1.71
4.82,2.38,0.92
3.66,1.59,-0.12
2.08,0.31,-1.77
0.37,-0.61,-3.72
-1.89,-0.67,-4.70
-4.15,-0.12,-4.94
-5.55,0.24,-4.94
-5.00,0.06,-4.21
-3.36,-0.31,-2.81
-2.32,0.00,-0.92
-1.34,0.73,0.18
0.00,1.53,1.16
0.98,2.08,2.08
1.40,2.62,2.38
2.01,3.05,2.38
-0.06,3.78,1.77
-2.38,6.71,0.92
2.26,4.39,1.46
1.77,2.62,0.92
3.30,2.62,0.12
3.42,2.56,0.37
4.52,2.44,0.67
5.25,2.32,1.40
5.07,2.56,2.44
4.21,3.05,3.60
3.60,3.54,4.82
2.56,3.05,5.31
1.95,2.01,5.25
2.26,1.10,5.00
2.32,0.37,4.82
3.23,0.61,5.49
5.13,1.34,7.81
5.49,1.28,9.83
5.19,0.73,10.13
4.39,-0.73,8.67
4.21,-1.77,6.90
4.39,-1.59,6.04
4.52,-0.79,6.16
4.76,-0.06,6.71
5.92,0.31,7.57
5.98,0.67,8.61
5.74,2.20,9.52
6.47,3.78,10.56
7.26,3.54,11.35
6.29,3.23,10.99
5.98,4.76,10.01
6.84,5.37,10.99
7.32,4.76,13.06
7.14,3.78,14.22
7.69,3.48,14.59
7.57,3.60,15.56
6.16,4.15,17.03
4.46,4.27,18.07
2.50,2.56,17.76
1.40,-0.49,16.72
0.85,-3.60,15.81
0.37,-6.59,15.69
0.61,-9.46,15.87
0.61,-12.02,15.38
-0.55,-14.53,13.67
-2.87,-17.33,10.38
-5.74,-18.25,6.96
-8.79,-16.60,6.47
-9.89,-14.28,8.85
-10.25,-12.70,11.84
-10.80,-12.57,13.31
-11.11,-12.94,12.57
-11.84,-13.43,9.70
-13.67,-12.45,5.74
-14.40,-9.46,2.62
-15.81,-7.87,2.62
-18.43,-7.26,3.54
-20.08,-6.77,3.97
-20.69,-6.41,4.15
-20.69,-6.41,3.11
-19.10,-8.91,-0.61
-16.72,-14.10,-5.37
-15.08,-19.23,-8.73
-14.65,-22.16,-11.84
-15.26,-21.67,-15.14
-16.11,-18.98,-17.15
-15.69,-15.93,-15.75
-13.43,-13.98,-11.84
-10.74,-14.16,-8.30
-9.03,-15.93,-7.81
-5.62,-14.65,-10.01
-0.73,-8.97,-13.43
-0.18,-6.35,-17.33
-3.23,-6.41,-20.02
-7.39,-6.35,-21.91
-11.05,-6.47,-23.19
-12.82,-7.81,-24.17
-13.18,-9.03,-24.05
-9.40,-8.30,-17.82
-2.69,-8.18,-7.69
4.15,-8.12,-1.59
7.39,-9.28,-0.31
4.76,-10.93,-4.09
5.00,-13.18,-4.94
3.85,-13.67,-4.76
4.09,-11.78,-5.13
2.62,-8.91,-3.42
4.76,-4.76,3.72
8.91,-2.14,13.79
11.72,1.95,22.16
25.33,5.37,50.66
30.76,10.56,69.09
40.41,12.76,92.35
48.03,17.27,124.21
49.44,19.10,144.84
40.71,21.73,148.99
39.67,21.91,150.33
33.51,18.55,143.43
24.29,7.69,112.73
18.80,6.53,74.52
17.03,4.94,52.67
16.97,2.99,46.81
14.10,1.28,34.61
6.84,1.28,9.22
4.39,1.22,2.32
3.66,0.61,2.20
4.27,1.22,2.56
4.39,2.38,3.36
4.58,3.54,3.54
3.30,4.76,1.28
0.98,5.62,-2.62
-3.11,5.86,-9.83
-5.80,6.29,-17.82
-8.24,6.16,-29.48
-7.63,3.42,-41.56
-7.81,-0.61,-52.61
-9.89,1.65,-68.05
-12.02,12.70,-74.46
-10.99,24.72,-68.60
-8.73,30.88,-63.66
-8.79,30.94,-65.55
-9.89,27.16,-68.79
-10.44,22.03,-67.02
-10.50,16.42,-60.55
-9.28,9.64,-47.18
-8.18,2.50,-29.91
-8.91,-5.13,-15.26
-10.25,-14.89,-4.76
-12.21,-28.26,4.58
-14.65,-46.20,13.31
-17.27,-67.32,19.29
-21.85,-86.24,21.55
-28.32,-67.14,-0.31
-6.04,-50.35,-22.40
9.52,-49.01,-20.81
16.54,-32.78,-8.36
30.82,-13.67,-0.55
44.13,-2.01,7.63
58.47,-6.04,17.88
75.26,-23.99,25.63
87.28,-24.54,22.16
96.44,-26.61,18.92
104.98,-30.52,18.68
106.02,-32.35,9.83
101.26,-34.06,9.83
76.72,-27.34,9.77
53.28,-20.81,6.29
36.56,-19.10,1.71
23.93,-13.31,-1.28
















-,-,-
-5.55,-66.89,-5.80
-7.93,-71.78,-4.88
-6.96,-73.61,-0.37
-5.31,-68.91,5.00
-6.47,-57.80,9.09
-6.96,-44.86,10.74
-5.13,-32.84,9.03
-1.28,-21.12,5.55
4.64,-13.79,3.42
11.47,-12.94,4.64
12.76,-18.68,9.16
8.61,-30.15,14.34
1.46,-44.62,18.80
-6.41,-56.88,21.61
-13.31,-63.35,21.91
-14.59,-64.76,19.84
-10.19,-61.34,15.63
-6.29,-54.32,13.73
-0.98,-46.02,15.08
0.24,-36.74,14.77
0.18,-26.12,13.18
3.60,-18.80,14.77
9.28,-16.17,15.75
12.82,-16.72,11.96
13.79,-18.86,5.92
11.17,-20.51,2.93
8.30,-21.48,2.26
7.45,-20.75,3.05
6.29,-20.39,2.50
5.25,-16.60,-1.16
7.14,-13.12,-1.95
9.83,-13.43,1.71
10.31,-14.34,4.88
8.54,-13.92,2.75
5.55,-11.60,-1.46
3.11,-8.79,-4.27
2.50,-6.71,-3.60
3.36,-6.96,-1.65
6.71,-7.32,2.26
9.22,-8.85,7.63
6.29,-10.74,11.96
1.53,-11.96,13.85
-2.69,-14.65,12.27
-5.74,-18.68,8.79
-8.48,-23.07,5.55
-12.51,-24.23,2.50
-14.83,-21.48,0.43
-15.75,-16.24,0.98
-17.64,-10.31,2.50
-19.96,-6.84,1.46
-21.48,-8.54,-3.48
-22.34,-13.79,-10.44
-25.09,-18.55,-17.46
-30.46,-19.78,-19.90
-34.79,-15.93,-17.82
-36.50,-9.58,-15.01
-35.22,-3.97,-13.73
-30.64,-3.05,-14.22
-24.11,-7.32,-15.69
-18.07,-12.88,-15.75
-14.04,-17.88,-15.32
-13.37,-19.71,-15.81
-14.95,-15.38,-20.57
-15.32,-6.84,-28.69
-14.65,-1.46,-36.74
-11.78,-1.53,-42.30
-8.30,-5.49,-47.24
-12.27,-8.06,-52.98
-19.29,-5.49,-60.49
-27.95,-1.04,-70.07
-36.25,2.14,-78.06
-39.25,1.77,-80.26
-35.46,-1.04,-67.75
-25.88,-4.21,-37.35
-15.26,-9.16,-4.64
-7.39,-14.34,18.37
0.67,-9.70,20.39
12.51,-2.62,11.66
21.48,-3.66,9.64
22.03,-5.80,13.43
23.07,-6.23,17.40
23.19,-5.98,19.35
21.42,-7.69,24.17
20.14,-7.87,29.79
25.15,-7.75,49.26
19.65,-4.52,55.11
28.56,-2.26,67.57
32.35,3.30,89.72
32.53,8.54,100.22
40.53,12.39,113.89
43.27,12.02,132.51
49.01,13.61,154.66
49.50,8.91,172.49
54.08,-0.98,183.47
51.27,-10.31,178.59
48.58,-10.74,161.44
36.32,-9.22,126.53
28.87,-12.39,90.76
24.90,-10.31,66.71
17.52,-12.02,44.56
15.20,-8.12,29.91
8.97,-4.52,19.78
4.88,2.08,-1.04
4.58,3.91,-6.47
0.06,2.69,-11.17
-6.47,3.23,-20.57
-16.30,9.64,-45.65
-19.23,14.53,-75.26
-21.06,13.49,-83.13
-25.15,8.85,-79.16
-28.20,10.99,-78.61
-32.04,15.69,-83.25
-34.00,20.63,-84.84
-33.87,24.05,-82.28
-30.58,24.90,-80.75
-26.49,21.30,-80.51
-22.03,12.51,-73.24
-18.80,1.71,-54.81
-15.75,-8.61,-33.87
-12.57,-21.06,-18.07
-9.28,-37.60,-8.12
-7.93,-43.09,-4.46
-3.54,-28.08,-7.14
14.83,-27.83,-8.54
22.64,-29.66,-5.13
26.43,-31.13,-3.85
29.17,-29.30,-6.35
30.76,-20.08,-6.23
33.02,-21.18,-4.64
43.58,-32.41,-2.81
52.86,-29.05,-3.72
66.96,-40.34,-4.33
78.43,-43.09,-1.46
93.63,-41.99,2.38
106.63,-44.80,3.97
119.14,-43.58,1.89
132.14,-47.67,3.30
122.74,-41.20,6.10
98.75,-29.05,6.10
75.07,-21.12,6.23
59.20,-17.09,8.06
47.06,-9.58,13.24
36.56,-6.35,13.92
27.47,2.01,11.54
21.36,-2.20,6.71
18.37,-10.62,2.38
13.43,-19.71,-2.56
6.71,-25.63,-6.10
1.46,-26.67,-8.24
-0.67,-23.07,-8.00
-3.30,-16.30,-5.43
-6.96,-8.06,-3.66
-9.89,1.10,-0.79
-11.23,12.70,4.09
-13.18,25.51,9.16
-16.72,38.76,13.61
-19.35,50.66,17.76
-22.89,63.60,19.59
-22.52,76.42,21.97
-20.63,88.32,16.05
-12.33,104.13,3.05
4.88,123.47,-1.46
24.78,142.88,1.59
40.65,155.88,7.39
52.25,158.69,13.73
61.22,149.72,19.71
65.55,130.92,22.89
64.76,110.90,21.24
61.10,93.44,18.62
57.01,79.53,18.49
53.22,61.46,20.87
43.52,37.96,22.34
31.49,18.55,21.79
20.20,2.38,20.14
9.58,-9.83,18.62
1.77,-21.73,18.01
-4.03,-34.79,16.48
-8.06,-48.22,11.90
-11.11,-58.59,4.52
















-,-,-
1.22,0.55,0.85
1.71,0.43,0.92
1.95,0.37,1.16
1.89,0.18,1.28
1.59,-0.24,0.92
0.79,-0.67,0.31
0.24,-0.85,-0.31
0.31,-0.79,-0.85
0.43,-0.55,-0.85
0.24,-0.43,-0.73
0.49,-0.12,-0.31
0.92,0.00,0.18
1.04,-0.06,0.61
0.98,-0.12,0.37
0.61,-0.43,0.24
0.43,-0.55,0.00
0.24,-0.67,-0.12
0.24,-0.85,-0.37
0.06,-1.16,-0.37
0.18,-1.04,-0.49
0.12,-0.85,-0.31
-0.06,-0.92,-0.12
-0.31,-0.79,-0.12
-0.12,-0.67,-0.06
-0.37,-0.55,0.06
-0.06,-0.18,0.00
0.37,-0.12,-0.18
0.85,0.12,0.12
1.28,0.37,0.37
1.46,0.49,0.67
1.34,0.31,0.55
1.34,0.18,0.49
1.16,-0.24,0.24
0.98,-0.49,0.06
0.98,-0.43,0.06
1.10,-0.55,-0.12
0.92,-0.92,-0.06
0.98,-1.28,-0.49
0.67,-1.53,-0.92
0.55,-1.77,-1.34
0.18,-1.89,-1.65
-0.49,-2.01,-1.95
-1.22,-2.01,-1.83
-1.28,-1.71,-1.59
-1.40,-1.53,-1.46
-1.46,-1.46,-1.10
-1.53,-1.59,-0.49
-0.98,-1.59,0.24
-0.98,-1.34,0.92
0.06,-1.10,2.50
2.50,-1.22,6.77
6.41,0.37,16.54
5.49,2.44,18.92
8.54,-0.18,18.25
8.73,0.98,18.74
9.03,1.28,21.36
10.31,1.77,25.21
13.06,1.83,32.35
12.88,1.95,33.51
16.11,2.62,37.54
20.57,0.92,48.40
21.91,3.72,59.57
23.86,6.47,64.33
27.77,8.06,73.55
27.59,8.67,81.97
26.73,9.03,82.52
26.61,9.89,85.21
25.45,9.64,88.26
25.76,11.23,92.59
25.21,10.68,96.50
28.32,7.39,105.71
26.92,6.59,114.01
26.49,7.14,117.00
26.18,3.05,111.08
25.94,-0.06,103.82
27.40,-2.38,99.24
24.90,-9.09,96.31
25.63,-16.91,97.29
23.13,-15.44,87.59
22.46,-10.56,72.20
21.61,-10.80,66.10
18.62,-12.94,62.26
14.59,-12.45,57.80
7.51,-8.61,42.18
10.31,-5.62,32.71
14.04,-7.08,40.04
13.18,-2.44,38.57
7.02,3.23,24.23
8.73,9.64,4.46
6.59,13.37,-2.93
-0.85,15.14,-12.88
-13.00,18.43,-35.22
-20.63,23.99,-68.73
-25.33,26.86,-91.61
-30.40,27.77,-101.32
-32.53,28.99,-105.41
-31.31,32.10,-103.15
-28.87,34.73,-95.64
-27.59,35.58,-87.40
-28.69,34.36,-81.79
-30.15,31.68,-80.57
-33.33,28.50,-83.74
-34.73,24.05,-88.68
-35.46,18.07,-90.76
-33.87,11.96,-85.82
-29.30,3.78,-70.56
-23.99,-6.41,-48.03
-20.32,-17.33,-27.71
-18.55,-29.36,-15.56
-17.40,-42.48,-9.89
-16.72,-55.54,-6.84
-15.69,-58.47,-6.53
-10.74,-33.39,-14.71
10.74,-30.40,-16.66
15.69,-31.31,-9.89
18.43,-24.29,-2.87
28.69,-13.55,0.61
37.54,-13.73,3.78
46.94,-22.09,6.84
57.86,-26.31,8.91
71.47,-32.84,9.89
84.05,-34.42,14.71
95.21,-30.21,19.10
107.12,-31.31,21.48
117.98,-35.89,23.07
123.84,-35.34,20.08
124.27,-32.78,15.26
122.80,-37.84,15.93
112.06,-33.51,21.36
97.96,-24.60,20.02
81.73,-17.21,13.98
64.27,-11.72,11.72
47.49,-6.47,8.36
36.32,-10.50,9.16
23.44,-9.28,5.07
15.93,-9.09,-0.37
12.39,-12.21,-4.27
12.21,-17.40,-6.10
12.88,-22.71,-7.14
12.51,-23.50,-7.02
10.13,-20.69,-5.55
8.12,-17.40,-4.52
6.41,-14.10,-3.60
3.78,-10.44,-2.50
0.43,-6.59,-0.92
-2.50,-2.62,0.98
-6.41,2.20,2.56
-11.35,7.75,3.54
-15.26,13.79,4.46
-18.80,21.30,6.35
-22.16,30.46,9.46
-24.54,41.50,14.10
-25.94,54.02,18.74
-28.26,67.14,20.94
-29.66,77.94,23.62
-31.43,85.45,20.87
-28.99,97.29,8.85
-18.62,114.93,-2.38
-6.35,133.61,-9.16
6.77,148.13,-10.86
17.27,153.87,-8.42
23.32,147.95,-6.47
28.08,131.77,-4.58
31.01,112.12,-4.27
30.46,88.26,-4.39
27.89,57.56,-5.00
22.22,28.02,-6.23
17.15,2.69,-6.29
11.23,-16.78,-4.39
5.68,-31.37,-2.08
1.89,-40.83,-0.61
-1.77,-45.65,0.00
-3.97,-47.61,0.43
-6.59,-47.18,1.83
-9.28,-45.96,4.33
-11.90,-44.13,7.14
-14.77,-42.18,9.70
-17.64,-40.34,12.21
-18.68,-40.22,13.98
















-,-,-
-1.65,3.48,-3.78
-1.77,3.78,-3.60
-2.01,3.54,-3.54
-2.44,2.99,-3.66
-2.38,1.89,-3.30
-2.32,1.10,-2.01
-2.69,0.49,-0.85
-2.75,0.06,-0.24
-2.75,-0.37,0.00
-2.81,-1.59,0.06
-3.11,-3.17,0.31
-3.30,-5.25,0.18
-4.33,-7.32,-0.18
-5.31,-9.77,-1.10
-6.29,-11.72,-1.83
-6.53,-13.49,-1.89
-6.04,-15.26,-0.92
-5.31,-17.21,0.61
-4.76,-18.80,2.14
-4.88,-18.19,2.62
-4.64,-14.28,0.00
-3.17,-9.89,-3.11
-0.06,-8.67,-2.87
1.28,-9.22,-1.28
1.10,-8.06,-0.98
0.37,-5.86,-2.08
0.98,-5.80,-1.46
0.79,-6.77,0.31
0.43,-6.96,0.92
1.34,-6.84,0.37
1.59,-7.02,0.79
1.46,-7.20,1.40
2.08,-7.20,1.83
2.99,-7.26,2.44
3.30,-7.51,2.99
3.91,-7.45,3.42
4.76,-7.39,4.52
4.82,-7.51,5.37
3.66,-8.18,5.74
0.92,-8.67,1.34
0.18,-8.61,-1.04
-0.49,-8.06,-0.61
-0.24,-7.26,1.46
1.89,-6.04,6.71
8.48,-5.74,19.78
10.19,-6.47,27.65
7.75,-3.91,24.05
8.73,-0.98,25.45
14.47,-3.72,32.65
24.11,-5.80,53.83
28.32,-4.15,70.50
31.56,0.73,77.33
37.11,5.49,92.65
37.17,3.66,102.42
34.36,4.15,109.86
31.62,1.34,111.27
29.60,-3.11,108.34
33.02,-2.32,109.44
35.95,0.55,121.70
41.93,-5.25,129.94
41.81,-10.19,131.16
37.41,-14.16,128.36
31.62,-13.61,119.20
26.86,-20.20,118.84
21.73,-29.24,124.57
18.92,-18.55,113.46
20.94,-23.25,99.55
18.62,-25.02,83.50
18.31,-23.01,67.26
11.60,-16.36,50.05
10.25,-11.11,38.76
9.22,-7.08,36.87
3.66,-4.94,28.50
2.50,-0.73,18.43
0.24,5.31,0.92
2.20,10.19,-6.10
-4.52,13.24,-10.99
-12.33,17.21,-23.44
-18.37,26.18,-47.97
-18.43,34.36,-65.55
-20.81,39.67,-79.77
-22.71,44.62,-96.37
-23.32,47.18,-111.08
-23.56,48.65,-114.56
-23.68,49.19,-106.63
-20.45,49.50,-95.64
-17.58,48.65,-86.18
-15.08,46.33,-79.41
-13.98,40.65,-73.67
-13.79,33.63,-67.93
-13.98,25.76,-60.97
-13.73,16.11,-51.64
-11.78,5.92,-40.04
-8.42,-4.76,-28.14
-5.86,-19.29,-18.01
-5.19,-37.54,-9.64
-6.84,-55.48,-3.78
-10.13,-70.50,0.43
-12.76,-75.20,2.26
-15.44,-44.68,-4.33
-0.06,-32.96,-15.63
14.83,-31.13,-12.02
20.81,-28.08,-1.04
31.31,-14.47,3.23
42.30,-7.57,7.39
50.66,-3.48,10.07
62.56,-12.27,7.51
75.07,-19.47,4.33
88.44,-26.25,2.99
101.01,-31.62,1.16
115.17,-38.27,-1.28
126.34,-41.75,-5.62
127.81,-36.56,-10.74
123.35,-33.33,-11.17
109.37,-30.58,-10.50
93.75,-22.03,0.18
71.96,-6.41,11.54
54.93,-4.33,11.17
41.63,0.73,8.97
29.91,8.54,12.57
20.57,4.15,10.99
15.81,-1.22,5.31
11.90,-8.36,0.85
7.26,-16.97,-3.05
3.72,-23.01,-6.04
2.32,-25.15,-7.32
2.08,-23.93,-7.63
1.40,-20.69,-7.20
0.37,-15.99,-6.59
-0.67,-10.68,-5.74
-1.28,-5.43,-4.70
-1.89,-0.85,-3.36
-2.01,4.15,-1.71
-1.59,9.09,0.37
-1.77,13.55,2.14
-2.75,17.27,3.23
-2.62,20.57,4.03
-0.98,23.50,4.64
1.10,25.27,4.70
0.37,25.15,3.85
-3.78,23.44,1.40
-8.24,20.02,-2.75
-10.62,16.30,-6.41
-12.82,13.43,-9.16
-14.89,13.00,-11.78
-14.04,13.85,-10.86
-12.51,16.60,-3.42
-11.96,24.05,5.07
-14.22,40.83,4.46
-12.15,60.00,-0.85
-5.80,75.87,-3.85
0.67,87.59,-4.03
6.77,94.97,-3.05
11.29,97.29,-2.93
15.56,94.97,-3.66
18.98,89.48,-3.91
20.63,82.46,-3.30
21.55,76.17,-1.53
21.79,70.68,1.95
21.97,65.31,5.62
22.34,60.61,8.30
21.67,56.03,10.19
21.00,52.00,10.56
19.47,48.77,8.85
16.78,46.08,6.90
13.06,43.33,6.53
10.07,39.37,6.29
7.69,33.69,4.88
6.65,27.10,2.32
5.92,19.59,-0.98
4.52,13.06,-4.15
2.32,8.48,-7.26
-0.67,6.35,-10.38
-4.52,6.90,-13.12
-7.69,8.12,-16.05
-10.01,7.93,-20.94
-11.23,5.62,-27.40
-12.27,2.99,-32.35
-14.77,2.87,-36.50
















-,-,-
-6.41,-8.73,-0.37
-6.47,-7.63,-0.73
-5.25,-6.35,-0.98
-3.91,-4.88,-0.61
-3.17,-3.85,0.24
-2.08,-4.03,0.67
-1.77,-4.27,0.49
3.23,-5.86,-1.53
-1.16,-6.59,-2.50
-2.75,-6.84,-3.36
-2.99,-6.59,-2.93
-1.22,-7.02,-3.17
-1.04,-7.57,-2.20
-3.85,-7.02,-0.85
-4.03,-6.29,-0.98
-2.26,-5.92,-0.92
-2.75,-5.68,-0.18
-1.59,-4.82,0.49
-1.71,-4.33,0.43
-1.95,-4.03,0.55
-0.98,-4.03,0.24
-0.49,-4.03,0.31
-1.59,-4.09,0.98
-1.10,-4.03,1.65
-1.34,-3.66,1.77
-0.73,-2.93,1.83
-1.10,-2.56,0.24
-0.49,-2.26,-0.12
0.00,-2.14,0.12
-0.79,-2.01,0.55
-0.55,-1.95,0.85
-0.43,-1.89,0.67
0.00,-2.08,0.73
1.46,-2.20,0.24
0.73,-2.56,0.00
1.22,-3.17,-0.43
-0.37,-3.78,-0.61
0.98,-3.91,-0.55
1.10,-4.15,-0.37
-0.79,-4.15,-0.61
-1.71,-3.97,-0.61
-1.65,-3.66,-1.10
-1.89,-3.66,-0.85
-2.69,-3.42,-0.06
-3.11,-3.54,1.04
-0.92,-3.85,2.26
2.50,-3.85,4.46
10.31,-3.42,13.67
15.26,-1.46,24.23
29.60,-0.24,43.15
40.59,0.73,62.44
45.65,5.13,73.24
50.48,5.43,78.00
55.24,4.03,84.17
57.62,2.08,92.83
55.11,1.53,99.61
55.05,3.60,104.00
58.78,1.89,109.01
59.51,1.53,116.58
59.57,1.40,124.51
58.96,1.04,130.43
58.65,-0.85,137.21
57.50,-6.16,143.86
55.66,-5.68,139.16
51.45,-7.26,131.77
48.71,-10.74,124.82
41.56,-12.63,120.36
33.39,-8.36,106.93
23.07,-10.44,88.20
27.71,-11.47,77.39
22.40,-13.37,78.67
13.06,-7.08,64.03
15.20,-7.45,52.43
6.90,-7.57,38.70
9.64,-4.58,28.38
5.13,-1.95,23.80
-0.24,2.99,6.71
2.69,5.43,0.43
-0.12,7.26,-1.40
-3.42,10.13,-5.43
-9.46,15.01,-16.72
-17.82,22.03,-40.71
-19.65,28.93,-63.72
-20.87,28.50,-70.86
-20.81,26.73,-69.46
-18.62,26.06,-63.05
-16.17,31.43,-55.66
-13.85,42.05,-47.79
-10.31,50.17,-44.25
-6.16,53.04,-46.63
-2.87,51.03,-52.98
-0.61,47.30,-58.96
0.37,43.76,-61.65
0.49,40.22,-62.62
1.04,35.64,-63.23
2.81,28.93,-62.38
2.26,20.14,-58.84
-0.12,11.47,-51.70
-4.21,5.49,-42.05
-7.87,1.77,-31.49
-9.22,-1.28,-21.30
-9.70,-5.19,-14.53
-10.56,-10.93,-12.27
-11.05,-17.58,-13.06
-10.74,-24.11,-13.12
-10.56,-30.64,-11.72
-10.62,-37.23,-9.28
-8.67,-45.41,-6.04
-4.70,-56.21,-1.65
-2.20,-66.53,3.78
-7.08,-36.38,3.11
8.97,-24.29,-4.88
21.97,-26.31,-8.06
27.59,-26.92,0.67
24.29,-22.52,7.26
18.01,-16.05,4.21
13.49,-13.06,-0.98
8.85,-12.82,-2.81
7.93,-13.55,-3.30
12.27,-15.56,-3.97
17.88,-14.10,-3.48
26.37,-17.82,-2.99
38.33,-24.29,-4.39
49.50,-24.72,-4.27
60.97,-31.74,-4.21
71.66,-37.41,-7.02
80.02,-36.74,-13.00
83.68,-26.37,-13.24
89.05,-26.55,-9.52
87.71,-22.28,-11.78
88.75,-21.55,-8.06
79.90,-21.30,-4.82
70.07,-16.72,-7.02
59.45,-13.61,-2.01
47.79,-12.02,-2.75
39.49,-5.68,-1.89
33.57,-6.35,0.79
30.58,-2.81,1.65
29.54,-6.59,-2.20
28.81,-7.57,-2.56
24.29,-14.47,-2.08
19.17,-10.56,0.24
12.45,-11.11,1.53
9.09,-10.19,0.37
7.26,-9.34,1.10
6.41,-8.54,0.92
5.62,-7.75,-0.31
5.37,-7.87,-2.56
5.49,-6.29,-3.72
4.76,-2.14,-1.89
5.49,0.67,0.31
7.02,0.85,1.16
7.51,-0.67,-0.85
8.73,-4.58,-2.62
8.42,-0.24,0.06
5.13,5.49,0.06
4.76,8.79,-0.73
2.99,13.06,4.27
2.32,15.50,5.62
1.16,17.40,6.04
-0.98,18.86,7.02
-3.05,21.00,7.63
-5.37,23.13,7.08
-7.75,26.12,5.13
-9.89,28.75,2.81
-11.90,32.90,0.98
-12.51,40.53,0.31
-12.82,57.43,0.49
-11.84,78.19,0.00
-10.01,97.23,-0.79
-7.02,112.92,-1.95
-3.11,121.77,-3.05
0.43,123.96,-3.48
3.30,121.15,-2.93
7.26,114.01,-1.95
6.47,106.38,-0.98
3.97,100.59,0.18
3.66,95.76,1.89
5.00,91.80,5.62
















-,-,-
-0.31,-0.85,3.54
0.06,-0.49,3.05
0.43,0.00,2.56
0.85,0.49,2.01
1.77,1.16,1.34
2.08,1.34,1.10
2.20,1.65,1.04
2.14,1.77,1.10
2.01,1.65,0.79
1.83,1.71,0.67
1.65,2.14,0.92
1.59,2.26,1.28
1.59,2.32,1.22
1.53,2.14,0.92
1.40,1.89,0.92
1.22,1.40,0.79
1.28,1.16,0.85
1.34,0.92,0.55
1.34,1.04,0.12
1.28,1.10,0.00
1.46,1.59,0.06
1.65,2.32,0.31
1.89,2.69,0.49
2.14,2.75,0.61
2.14,2.93,0.61
2.01,3.05,0.67
2.32,2.93,0.92
2.26,2.44,0.85
1.95,1.83,0.49
1.59,1.53,0.67
1.28,2.01,0.67
1.34,3.60,0.73
2.26,7.02,0.92
4.33,10.19,1.28
6.16,12.76,0.92
7.69,15.08,0.00
9.46,17.15,-0.31
10.74,18.19,-0.18
11.96,18.49,-0.43
12.82,19.29,-0.49
13.06,19.35,0.12
13.00,17.70,0.49
11.41,15.56,0.43
9.22,13.43,0.31
6.29,12.27,-0.06
6.77,11.60,0.49
7.26,11.23,1.28
8.48,10.13,-0.43
8.97,9.52,-4.64
8.85,10.93,-10.19
9.95,13.92,-14.28
10.25,16.36,-13.73
11.60,16.48,-9.70
9.77,13.24,-6.16
5.37,9.58,-6.04
2.50,6.84,-7.93
0.55,4.64,-8.73
-0.43,4.09,-7.57
0.61,4.15,-5.07
0.79,3.72,-3.66
0.98,1.65,-4.09
1.04,-2.01,-6.16
0.00,-5.55,-9.70
-2.20,-7.75,-12.88
-5.55,-8.54,-13.37
-8.30,-7.63,-11.54
-9.70,-7.08,-8.54
-10.13,-7.87,-7.45
-11.72,-10.44,-8.91
-13.31,-13.49,-12.21
-15.75,-14.53,-14.34
-17.82,-13.55,-13.06
-18.86,-12.39,-9.58
-18.55,-12.88,-6.59
-17.46,-15.38,-5.19
-15.44,-18.19,-6.23
-12.88,-20.14,-8.36
-10.74,-20.32,-9.64
-9.89,-19.10,-10.13
-9.16,-18.01,-10.50
-9.03,-17.82,-11.29
-8.36,-18.74,-13.37
-8.12,-19.65,-16.05
-7.87,-19.78,-17.27
-7.81,-20.08,-15.44
-7.63,-22.34,-11.54
-7.87,-27.53,-7.20
-11.41,-34.91,-4.27
-17.40,-37.23,-5.31
-18.43,-34.85,-13.37
-15.20,-35.71,-17.40
-12.63,-36.50,-17.21
-6.90,-38.64,-9.09
4.03,-36.68,14.28
10.31,-31.43,41.38
16.30,-13.55,68.91
26.92,6.23,102.11
31.31,24.90,127.93
35.83,34.30,146.42
35.77,42.60,159.55
34.61,47.00,161.74
33.39,46.39,162.29
46.39,42.66,155.27
55.05,39.67,142.70
24.60,34.48,111.94
13.49,23.07,84.72
8.54,10.56,67.20
5.31,5.86,53.47
3.30,5.37,49.87
2.81,3.36,51.15
1.46,3.54,28.56
1.65,5.31,16.11
-0.49,4.09,5.49
1.83,4.88,1.89
3.60,4.94,3.72
3.72,3.60,4.33
2.20,2.56,3.42
0.43,3.36,1.59
-2.08,6.41,-0.98
-4.15,11.60,-6.10
-6.16,14.40,-16.11
-8.91,15.01,-32.17
-10.93,16.05,-46.39
-12.45,20.87,-54.02
-12.51,29.17,-61.65
-9.70,35.83,-73.49
-8.61,38.64,-85.75
-10.38,36.99,-94.97
-12.21,31.49,-99.91
-12.57,24.48,-99.79
-10.86,17.03,-95.64
-7.63,9.58,-88.87
-6.47,2.01,-77.39
-7.51,-5.68,-59.63
-9.03,-14.10,-38.88
-12.45,-24.78,-18.74
-15.81,-37.96,-2.50
-19.78,-52.73,10.13
-23.93,-68.85,20.75
-26.12,-85.33,29.05
-27.83,-98.51,31.43
-24.11,-84.17,5.19
1.83,-73.36,-20.69
25.51,-59.57,-22.64
44.49,-41.02,-8.67
56.09,-25.21,3.85
71.29,-20.94,14.59
83.01,-22.22,22.52
95.46,-22.09,23.19
109.50,-26.18,20.02
119.26,-35.83,19.90
129.15,-37.29,29.54
130.92,-39.18,26.79
121.83,-38.51,17.52
107.79,-35.22,14.22
91.80,-34.18,7.57
71.29,-26.61,3.36
57.01,-28.20,1.28
43.03,-19.23,4.27
34.42,-14.22,3.54
28.81,-9.46,1.10
26.67,-22.52,1.89
16.30,-19.23,-1.34
6.16,-19.41,-2.08
-0.37,-25.82,-4.09
-4.76,-29.66,-4.88
-8.36,-29.60,-5.25
-9.46,-27.04,-5.19
-11.54,-22.58,-4.76
-13.79,-17.09,-4.21
-14.53,-10.62,-3.54
-12.94,-4.03,-1.95
-9.46,3.42,0.85
-5.68,11.60,3.91
-2.14,19.29,7.14
-0.73,26.12,9.89
-1.04,33.02,12.33
-0.12,39.73,14.40
-0.06,47.06,16.24
















-,-,-
-1.59,-7.08,-2.26
-1.10,-6.04,-1.83
-0.18,-4.82,-1.34
0.06,-3.60,-0.79
0.18,-2.56,-0.43
0.18,-1.77,-0.31
0.67,-1.10,0.00
0.92,-0.43,0.12
1.10,0.24,0.49
1.16,0.37,0.67
1.40,0.18,0.37
1.34,-0.31,0.18
1.34,-0.67,0.31
1.22,-1.22,0.37
0.92,-1.71,0.18
0.55,-2.14,0.24
0.61,-2.08,0.24
0.61,-1.95,0.37
0.67,-1.83,0.55
0.73,-1.65,0.67
0.67,-1.40,0.92
0.55,-1.10,1.04
0.43,-0.61,0.92
0.37,-0.61,0.67
-0.06,-0.79,0.55
-0.55,-1.22,0.31
-1.04,-1.71,0.31
-1.46,-2.26,0.12
-1.77,-2.69,-0.43
-1.77,-2.99,-0.55
-1.71,-2.81,-0.31
-1.65,-2.50,-0.12
-2.26,-2.50,0.00
-3.05,-2.75,-0.12
-3.36,-2.93,-0.61
-3.97,-3.36,-0.79
-4.58,-3.78,0.00
-3.91,-3.66,3.23
-2.14,-0.67,10.13
2.38,5.13,22.77
10.56,10.13,39.49
14.59,14.04,48.65
17.64,16.36,57.13
18.01,19.96,63.11
18.92,21.55,62.99
22.71,25.88,75.13
21.06,31.07,81.30
23.93,32.41,87.89
23.32,31.43,97.41
22.89,23.74,101.62
21.06,21.79,100.34
21.61,19.96,106.81
18.86,19.23,110.96
18.01,17.58,111.08
19.17,12.45,107.85
18.49,14.16,104.13
18.86,14.89,104.06
20.08,16.05,106.14
20.08,15.14,103.94
11.84,14.77,92.04
11.23,7.32,87.59
8.42,7.14,83.31
5.68,5.80,73.43
5.68,0.12,64.21
6.35,-2.01,55.73
7.20,-3.11,49.56
5.68,-1.40,46.69
5.68,-2.44,43.15
5.31,-1.04,38.57
11.47,-2.20,47.61
4.33,0.49,41.44
3.60,5.98,22.16
2.01,7.81,6.77
0.92,9.77,0.98
-0.92,10.93,-2.20
-1.77,11.11,-5.07
-1.89,11.47,-9.09
-3.36,12.70,-15.93
-6.71,13.00,-29.24
-9.58,18.86,-56.03
-8.97,24.17,-85.14
-11.96,27.65,-108.22
-18.68,33.39,-121.83
-22.52,38.76,-128.85
-23.13,40.83,-130.80
-20.26,38.51,-130.00
-16.91,33.26,-127.75
-14.40,27.40,-122.07
-12.76,20.69,-110.60
-11.23,13.24,-93.26
-10.68,5.13,-72.20
-9.95,-3.85,-49.32
-8.97,-14.71,-27.77
-12.39,-29.42,-9.95
-14.10,-47.06,0.61
-14.16,-64.09,7.69
-16.72,-82.28,15.56
-19.78,-101.62,23.68
-24.60,-100.95,18.43
-25.02,-70.31,-6.35
2.81,-58.59,-14.95
17.70,-47.24,-6.10
22.95,-32.17,3.30
34.48,-16.30,5.00
46.14,-8.30,9.40
52.49,-2.56,15.75
67.99,-1.16,21.67
94.06,-19.29,30.21
106.63,-24.72,23.07
125.06,-34.30,18.55
137.94,-39.79,21.30
143.98,-39.12,21.48
141.24,-37.78,11.60
132.75,-37.96,9.70
112.98,-28.44,7.02
96.92,-17.88,6.35
80.63,-11.96,5.74
69.89,-11.78,6.53
60.85,-11.17,10.80
47.30,-1.53,7.93
36.68,-0.55,6.90
25.15,-2.08,6.53
20.51,-3.91,3.36
14.95,-8.06,-0.31
9.22,-13.24,-3.23
5.31,-19.78,-5.37
2.75,-25.21,-7.26
1.10,-28.02,-8.18
-0.37,-28.32,-8.42
-1.71,-26.86,-8.12
-4.03,-24.54,-7.08
-5.49,-20.87,-5.92
-5.37,-16.36,-4.94
-4.88,-11.84,-3.78
-3.60,-7.39,-1.95
-1.16,-2.87,0.37
1.10,1.53,2.38
2.08,4.94,3.91
2.44,6.90,4.58
3.11,7.51,4.21
2.62,6.84,3.36
1.28,5.13,2.08
-0.24,2.93,0.79
-1.16,1.04,-0.31
-1.40,-0.61,-0.98
-1.16,-1.40,-1.10
-0.73,-1.40,-0.49
-0.12,-0.18,0.00
0.24,1.28,0.67
0.18,3.05,1.16
0.06,5.68,1.95
-0.79,8.91,3.42
-2.20,12.82,5.68
-3.42,18.07,8.48
-4.76,24.90,12.57
-7.08,34.36,18.31
-8.91,46.81,24.78
-9.83,61.04,31.01
-8.48,75.56,35.46
-5.80,88.93,37.48
-2.99,96.68,40.71
-5.68,102.05,36.50
-9.16,100.10,18.01
-9.09,103.09,-1.95
-3.85,111.88,-14.34
3.48,120.73,-19.65
9.95,126.83,-19.71
16.24,126.95,-16.36
21.12,121.52,-11.23
22.22,113.46,-5.92
21.42,103.94,-1.65
16.91,94.85,2.99
10.86,86.67,7.39
5.31,80.51,11.66
0.31,75.38,16.36
-5.07,69.58,21.85
-9.70,62.32,27.16
-13.73,54.14,31.68
-18.74,45.23,35.34
















-,-,-
0.98,-0.31,0.67
0.92,-0.43,0.61
0.98,-0.43,0.55
0.98,-0.37,0.49
1.16,-0.55,0.37
1.34,-0.49,0.24
1.59,-0.49,0.24
1.59,-0.55,0.31
1.65,-0.49,0.31
1.59,-0.61,0.24
1.40,-0.55,0.37
1.10,-0.49,0.61
1.10,-0.61,0.55
0.92,-0.31,0.79
0.98,-0.06,0.79
0.92,0.24,0.92
0.92,0.55,1.04
0.79,0.73,1.04
0.67,0.61,0.98
0.85,0.37,1.04
1.04,0.31,0.85
0.92,0.18,0.85
0.85,0.31,0.98
0.85,0.43,0.98
1.10,0.55,0.79
1.10,0.43,0.85
0.98,0.49,0.73
0.92,0.43,0.49
0.85,0.43,0.37
0.61,0.61,0.49
0.49,0.98,0.61
0.55,1.46,1.10
1.59,3.42,4.27
3.60,7.57,12.27
7.51,14.71,27.04
8.30,15.01,30.64
10.99,11.66,33.94
12.51,9.03,39.37
12.70,13.18,43.76
15.44,16.05,51.51
13.85,18.74,51.39
14.10,13.85,47.42
15.26,17.40,56.70
17.09,18.07,67.20
15.26,15.87,65.00
14.53,11.72,58.90
12.76,11.05,52.80
9.46,10.19,49.07
8.91,11.05,42.36
7.69,13.55,47.67
5.80,14.10,49.80
6.84,12.21,57.86
5.55,16.91,62.62
7.81,17.82,74.46
3.60,21.12,81.79
4.46,22.89,85.88
0.67,22.40,83.92
2.20,18.31,81.73
0.06,13.61,75.62
1.22,12.27,70.74
3.30,12.45,77.58
2.56,9.16,83.92
1.89,7.20,83.31
3.17,8.42,77.70
5.55,6.53,77.64
2.93,6.16,73.36
5.19,0.12,67.99
1.04,-0.18,58.72
0.43,0.73,41.81
2.62,3.60,38.82
0.79,5.80,33.14
6.47,5.92,32.96
4.88,4.82,37.90
1.77,8.18,27.83
-2.20,8.54,14.10
-3.78,10.50,0.31
-2.32,13.31,-3.78
-3.23,16.66,-7.39
-6.41,19.10,-19.53
-14.28,17.94,-46.20
-21.18,19.10,-82.28
-24.05,17.64,-116.76
-26.61,18.31,-137.94
-27.71,20.26,-140.08
-26.00,21.91,-128.54
-23.74,24.48,-112.30
-19.10,25.82,-97.35
-12.08,24.23,-84.59
-6.29,20.81,-71.04
-5.62,15.26,-58.04
-4.58,8.36,-49.01
-4.21,2.32,-42.97
-5.80,-3.36,-38.82
-7.39,-10.62,-32.96
-6.47,-21.18,-24.11
-6.10,-33.51,-13.67
-6.65,-47.00,-3.72
-7.81,-61.89,6.04
-9.52,-80.08,15.69
-12.15,-92.29,20.57
-18.68,-57.62,3.78
-1.10,-53.53,-9.28
19.10,-48.89,-8.48
20.20,-37.96,0.37
24.60,-23.19,2.26
30.70,-12.15,1.34
31.49,-6.10,3.60
33.33,-4.39,5.86
39.12,0.24,5.43
47.12,2.20,7.20
60.73,-9.64,12.08
72.39,-17.64,10.44
85.75,-22.09,6.35
97.96,-27.34,5.74
108.83,-29.42,5.80
124.02,-40.59,13.00
127.93,-39.25,13.00
126.59,-31.92,8.06
128.05,-36.01,8.18
122.80,-33.33,15.63
111.33,-22.34,14.77
97.47,-15.44,9.03
82.64,-12.63,5.74
71.59,-12.76,11.90
55.48,-3.60,17.33
35.34,9.58,10.50
19.78,5.43,8.00
15.87,-1.83,5.37
9.95,-5.98,2.08
3.17,-13.73,-2.50
-2.75,-23.68,-6.90
-7.08,-30.82,-10.62
-12.08,-34.06,-12.27
-14.47,-33.39,-12.45
-14.77,-29.97,-11.78
-14.28,-24.60,-9.83
-13.43,-17.76,-6.59
-11.84,-10.19,-3.91
-8.67,-3.30,-1.16
-5.92,2.81,1.71
-3.17,7.69,4.27
-1.04,11.17,5.86
0.00,12.94,6.90
0.18,13.31,6.84
-0.55,12.39,6.04
-1.16,10.74,4.94
-1.59,8.91,3.78
-1.16,7.63,2.69
-0.61,7.02,2.38
0.67,6.59,2.50
1.77,6.47,2.20
2.14,6.35,2.50
2.32,6.35,3.05
2.38,6.53,3.42
1.89,6.84,3.30
0.92,7.02,3.17
-0.49,7.14,2.69
-1.71,7.45,2.20
-2.75,9.03,2.50
-3.36,12.27,3.72
-2.87,17.52,5.37
-3.36,23.93,6.77
-5.13,30.94,6.59
-6.10,37.84,5.68
-7.20,42.66,7.14
-10.38,48.52,7.02
-9.77,50.42,5.25
-10.62,58.53,1.71
-9.03,71.78,-3.48
-4.33,84.84,-9.77
1.77,95.21,-15.69
9.03,101.87,-18.55
16.24,104.86,-18.37
20.51,104.86,-15.44
23.38,101.56,-11.54
25.51,94.42,-8.61
25.45,84.84,-7.08
24.48,75.20,-6.41
23.44,66.41,-5.49
















-,-,-
1.22,0.18,0.43
1.04,-0.06,0.18
0.85,-0.43,0.24
0.92,-0.43,0.31
0.92,-0.49,0.24
1.16,-0.31,0.12
1.28,-0.37,0.06
1.16,-0.31,0.18
1.04,-0.37,0.12
0.98,-0.18,0.00
0.49,-0.24,0.31
0.67,-0.06,0.18
0.73,0.12,0.06
0.98,0.18,0.06
1.04,0.12,0.00
1.04,0.06,-0.06
0.92,-0.37,-0.06
0.67,-0.61,-0.06
0.61,-0.73,-0.06
0.55,-0.85,0.00
0.67,-0.67,0.31
0.85,-0.43,0.31
1.10,0.00,0.73
1.34,0.37,0.92
1.59,0.49,1.04
1.59,0.49,1.10
1.53,0.31,1.04
1.46,0.31,0.92
1.16,0.00,0.92
1.10,-0.18,0.67
1.04,-0.18,0.43
1.04,-0.31,0.06
0.98,-0.49,-0.18
0.67,-0.61,-0.24
0.00,-0.92,-0.18
-1.04,-1.59,-0.49
-1.83,-2.81,-1.16
-2.20,-3.97,-1.46
-2.01,-4.88,-1.40
-1.53,-5.55,-1.34
-1.16,-5.80,-1.16
-1.10,-5.25,-0.85
-1.10,-4.21,-0.55
-1.10,-3.05,-0.24
-1.40,-1.77,0.12
0.12,-0.31,3.05
3.85,1.71,12.76
4.58,3.05,19.53
6.10,4.52,26.37
4.15,5.07,25.94
7.93,5.00,30.88
11.47,6.59,39.86
18.55,2.69,51.51
20.75,3.66,60.18
22.22,7.45,62.38
24.41,11.54,65.00
22.64,16.48,69.15
22.40,14.40,66.10
23.56,14.10,68.79
24.84,11.66,74.04
22.46,10.99,70.07
25.76,7.75,68.36
26.43,9.58,76.54
24.72,11.90,83.56
25.63,9.46,90.64
24.17,4.09,91.80
20.26,1.53,84.72
19.10,3.72,79.77
15.56,-0.37,79.22
11.72,0.37,76.48
14.34,1.77,80.63
9.64,4.15,76.11
15.38,1.40,76.42
10.99,-0.43,73.79
9.22,1.28,65.98
7.93,2.14,53.28
12.45,-3.11,65.37
10.38,-4.09,73.43
4.15,-3.17,63.23
4.88,-4.15,53.96
4.64,-4.52,46.57
5.80,-5.37,50.35
9.70,-6.84,59.45
0.49,-8.06,56.52
6.35,-5.74,53.22
2.62,-5.86,49.32
1.10,-9.40,41.56
4.46,-5.00,35.83
2.87,-3.48,29.24
4.52,-4.58,26.49
0.73,-2.75,16.11
3.17,1.16,4.58
4.09,2.81,2.87
4.70,3.91,2.38
4.33,5.49,0.31
2.14,7.08,-2.14
-0.85,8.97,-3.85
-4.03,11.29,-5.31
-6.35,12.82,-6.35
-6.96,12.94,-6.53
-6.23,12.15,-5.80
-6.35,10.68,-4.70
-5.92,8.97,-3.97
-6.84,7.87,-3.72
-8.85,8.73,-5.49
-9.28,9.77,-7.81
-12.45,12.76,-17.88
-17.52,20.51,-43.88
-16.60,25.45,-73.12
-18.31,33.51,-92.41
-25.39,45.59,-98.94
-29.42,54.81,-100.59
-28.75,59.27,-99.49
-27.22,57.37,-95.58
-26.18,51.94,-90.52
-24.11,46.26,-86.85
-21.12,39.92,-84.05
-19.17,33.20,-80.63
-18.92,23.80,-76.84
-18.86,11.90,-71.11
-18.49,-0.73,-60.97
-18.92,-11.17,-47.55
-18.92,-19.78,-33.57
-16.72,-28.93,-20.63
-14.40,-39.73,-10.56
-12.88,-51.03,-4.15
-11.23,-62.44,0.49
-9.70,-74.65,5.31
-8.54,-86.12,10.44
-12.94,-67.44,9.83
-22.16,-35.22,-2.62
3.72,-35.16,-8.85
15.75,-31.92,-3.17
20.69,-20.75,4.64
27.16,-6.47,7.39
34.18,3.54,8.24
42.60,8.24,8.61
51.39,6.84,8.42
62.68,3.48,8.79
76.42,-7.32,10.25
90.64,-16.48,7.02
103.94,-17.15,3.85
116.76,-19.17,3.42
125.43,-20.51,1.10
128.42,-17.21,-2.20
126.71,-19.17,-9.58
119.38,-15.81,-5.80
114.38,-10.86,3.72
99.73,-9.34,4.88
90.58,-4.03,1.95
79.65,1.95,4.09
69.21,-2.44,1.40
58.04,-0.18,-2.26
53.59,-4.94,1.83
47.18,-6.96,-0.12
40.77,-2.56,-0.31
31.25,-7.26,-0.49
20.45,-4.09,-0.67
10.31,-5.25,-1.34
3.78,-9.40,-3.36
-0.61,-13.31,-4.88
-3.85,-16.11,-6.71
-6.71,-16.97,-8.06
-8.79,-16.30,-8.67
-10.62,-14.47,-8.18
-11.11,-11.35,-7.39
-9.95,-7.57,-5.74
-7.51,-3.23,-3.60
-5.25,0.85,-1.40
-4.15,4.21,0.37
-4.46,6.35,0.98
-5.74,7.14,1.04
-6.96,7.51,0.92
-7.87,7.63,0.85
-8.00,7.87,1.22
-7.45,8.61,1.89
-7.20,10.13,2.44
-7.51,12.57,2.99
-7.81,15.26,3.54
















-,-,-
-0.98,1.40,-0.55
-1.10,1.46,-0.55
-1.28,1.77,-0.49
-1.46,2.08,-0.37
-1.59,2.14,-0.18
-1.46,2.14,-0.24
-0.92,1.83,-0.37
-0.92,1.22,-0.55
-1.28,0.73,-0.55
-1.40,0.85,-0.61
-1.22,0.67,-0.43
-1.34,0.43,-0.49
-1.71,0.37,-0.61
-1.83,0.49,-0.92
-1.65,0.49,-0.73
-1.34,0.43,-0.67
-1.22,0.37,-0.49
-0.98,0.37,-0.55
-1.22,0.24,-0.49
-1.10,-0.12,-0.61
-1.04,-0.18,-0.18
-0.73,0.06,0.00
-0.67,0.24,-0.06
-0.79,0.18,-0.24
-0.73,0.00,-0.18
-0.49,0.18,-0.12
0.12,0.67,0.06
0.92,1.22,-0.06
1.22,1.22,0.12
1.16,0.92,-0.06
1.40,0.73,-0.18
0.85,0.31,-0.12
0.06,-0.43,0.00
-0.98,-0.67,-0.12
-1.59,-1.04,-0.55
-2.32,-1.22,-0.55
-2.99,-1.10,-0.31
-3.30,-0.55,-0.31
-3.85,0.00,-0.37
-4.82,0.31,-0.37
-5.43,0.18,0.67
-4.64,-0.06,4.09
-0.49,1.46,17.33
-1.89,4.64,23.07
-2.99,4.21,20.45
-3.72,3.11,20.57
2.14,3.85,30.33
7.57,4.58,45.96
10.80,4.52,49.13
13.92,4.82,50.29
14.59,5.92,51.09
19.17,7.75,59.33
22.16,11.72,67.50
27.28,12.27,76.60
29.30,11.17,80.20
30.27,10.56,78.12
35.10,13.55,84.17
35.34,10.50,89.90
41.44,13.31,99.98
41.93,18.74,113.22
43.03,13.92,117.98
45.53,7.93,124.57
30.76,7.87,118.04
30.58,5.13,111.33
25.09,2.93,104.74
25.27,-1.16,103.64
19.47,-2.56,99.85
20.45,0.24,92.29
13.06,2.44,77.76
19.23,-5.25,79.16
8.79,-6.41,71.59
10.68,-1.77,57.07
15.75,-3.91,57.07
4.03,-4.21,47.55
3.42,-2.32,29.79
4.52,-1.59,15.20
10.86,-3.48,24.05
3.23,0.31,16.97
7.20,3.91,3.91
9.16,5.98,0.37
8.06,7.51,-0.73
5.98,9.58,-6.41
2.38,12.76,-20.02
-3.54,15.44,-21.97
-17.46,22.95,-35.46
-21.12,27.04,-56.21
-25.51,30.21,-67.26
-26.73,28.81,-73.97
-25.76,24.54,-78.25
-25.88,21.73,-78.06
-26.79,21.48,-75.01
-26.73,24.41,-70.68
-25.09,27.59,-67.87
-22.71,28.87,-67.57
-19.65,26.67,-69.46
-16.17,22.77,-69.64
-13.24,19.41,-65.73
-11.96,16.60,-58.96
-9.77,12.70,-51.45
-7.20,6.47,-43.40
-4.64,-0.98,-34.97
-3.05,-6.84,-26.43
-1.83,-11.72,-18.68
-1.04,-17.03,-12.33
-0.61,-24.11,-7.81
-1.10,-33.20,-5.00
-1.40,-43.76,-3.60
-1.71,-46.51,-1.28
-10.86,-17.52,0.18
-2.26,-17.70,-0.79
4.82,-28.50,-2.38
9.70,-25.88,-2.50
13.18,-17.70,0.73
16.17,-9.58,4.39
20.75,-2.69,7.08
21.91,1.65,7.81
17.88,2.32,6.23
14.53,-0.49,3.42
8.42,-3.66,1.53
5.13,-6.10,1.16
4.64,-7.39,1.53
6.16,-7.08,1.40
7.63,-5.98,1.77
9.40,-4.46,2.81
10.56,-2.69,3.85
10.74,-1.53,4.33
8.24,-1.40,3.60
4.70,-2.32,2.08
1.65,-3.72,0.98
-0.37,-4.82,0.43
-0.12,-5.43,-0.24
0.67,-5.74,-0.73
-0.06,-5.62,-0.85
0.73,-4.88,-0.79
0.85,-3.23,-1.16
1.10,-1.46,-1.28
1.10,0.37,-1.28
1.83,1.83,-1.22
1.65,2.38,-0.73
0.85,1.89,-0.31
0.55,1.34,-0.24
0.85,0.73,-0.18
0.73,0.24,-0.06
1.28,0.31,0.18
2.56,0.98,0.79
4.15,1.83,1.77
5.80,2.62,2.99
8.00,3.11,4.03
10.56,2.93,5.31
14.34,2.50,6.47
19.10,1.65,6.65
23.50,1.22,5.55
29.97,-4.03,2.14
36.32,-5.80,-1.59
39.06,-6.77,-1.83
37.66,-17.58,-8.91
41.08,-23.07,-15.75
42.05,-25.45,-18.68
41.50,-16.17,-15.08
44.86,-14.89,-12.70
44.74,-9.77,-13.12
47.49,-6.41,-14.77
48.89,-2.87,-10.62
49.32,1.22,-5.37
46.57,0.43,-7.45
45.59,1.40,-10.13
45.17,-3.17,-8.67
42.85,-2.20,-8.73
40.28,-9.52,-11.41
33.87,-6.90,-11.60
28.08,-5.80,-10.93
27.16,-7.81,-8.12
25.09,-4.15,-7.75
26.31,-7.45,-10.74
25.02,-5.62,-8.42
20.45,-0.67,-5.13
12.33,1.22,-4.15
7.57,-0.43,-2.20
6.35,-1.40,0.24
6.16,-1.71,0.49
