-,-,-
-1.65,0.79,-4.76
-0.79,1.59,-2.99
0.12,1.71,0.00
1.22,2.44,2.99
2.56,3.66,5.25
3.54,4.39,7.26
4.03,5.25,8.73
4.21,6.41,10.56
4.58,7.32,13.18
5.13,8.00,16.05
5.98,7.14,18.25
5.68,5.55,19.53
5.37,4.39,20.45
4.88,3.36,20.94
4.15,1.83,19.90
3.36,0.18,17.33
1.95,-1.53,14.59
0.43,-2.69,11.60
-1.71,-4.21,8.00
-3.54,-5.80,4.76
-4.70,-6.71,2.99
-5.25,-7.14,1.40
-4.27,-7.32,-0.73
-2.50,-8.00,-2.93
-0.85,-8.67,-5.55
-0.61,-8.85,-9.70
-1.10,-8.48,-14.59
-1.53,-8.00,-18.62
-1.89,-7.57,-21.48
-0.24,-7.69,-23.50
3.85,-9.58,-24.11
5.49,-13.00,-24.29
7.39,-18.31,-25.27
5.80,-25.15,-22.77
1.71,-33.33,-13.31
-5.19,-40.95,-0.18
-14.04,-45.59,11.17
-19.78,-37.17,-7.08
-17.09,-29.79,-15.87
-14.59,-25.45,-5.43
-12.57,-21.06,-2.75
-7.81,-11.66,-3.11
-2.81,-9.16,-1.95
3.54,-5.31,2.26
3.85,-4.33,15.56
3.17,-5.07,28.99
5.13,-3.78,43.33
4.21,0.18,57.25
4.82,10.50,72.94
7.63,18.07,89.97
10.68,29.05,105.77
12.27,36.62,126.10
15.87,45.10,141.66
23.50,47.00,149.54
28.08,46.45,155.70
29.36,44.43,158.87
25.57,37.05,159.79
23.44,34.30,166.50
20.20,35.03,185.06
10.93,30.94,196.17
5.49,24.90,192.02
0.31,15.01,179.20
-2.38,7.14,170.96
-6.77,2.44,163.76
-3.66,-0.85,162.05
-2.20,-7.08,159.42
-1.10,-16.05,146.00
-3.48,-21.12,120.54
-2.75,-18.55,94.48
-3.72,-13.55,73.79
-7.51,-6.77,52.19
-8.73,-1.65,37.72
-8.30,4.03,8.85
-0.43,12.02,-2.38
1.22,17.70,-8.42
2.56,21.24,-35.77
4.58,24.35,-83.19
10.01,29.42,-128.23
10.50,39.31,-153.56
5.43,48.95,-168.40
-3.48,52.80,-184.08
-10.01,49.26,-201.11
-15.56,40.16,-212.10
-20.63,28.81,-214.90
-22.58,14.16,-210.39
-25.70,-0.06,-197.94
-27.77,-10.38,-174.26
-26.43,-17.70,-142.52
-22.89,-23.86,-106.87
-21.18,-35.95,-69.70
-24.23,-52.00,-36.68
-25.09,-64.39,-14.22
-22.28,-77.27,2.69
-15.50,-89.97,19.29
-12.21,-104.25,38.39
-2.81,-96.25,34.85
-6.77,-71.17,11.05
20.20,-56.03,2.20
32.17,-47.06,2.08
40.95,-41.20,4.09
57.37,-37.60,13.61
74.65,-36.19,18.68
97.41,-49.93,26.55
120.24,-63.35,34.36
131.96,-68.97,38.57
134.64,-67.75,21.73
131.59,-61.52,11.17
122.50,-54.20,13.43
109.62,-41.44,19.71
91.25,-23.38,22.22
74.22,-8.12,18.98
56.15,4.82,21.42
37.78,16.60,19.84
24.23,9.16,16.54
11.60,-2.01,11.29
1.83,-11.35,3.91
-5.37,-18.01,-0.18
-11.96,-17.21,-3.36
-18.37,-10.80,-6.71
-25.09,-3.05,-11.47
-32.84,13.49,-16.91
-46.39,42.05,-16.78
-59.69,65.25,-2.62
-69.09,84.72,14.77
-74.04,95.03,9.40
-74.95,97.96,-11.66
-76.17,97.23,-29.48
-78.61,95.34,-33.20
-79.10,92.59,-25.76
-76.60,86.12,-10.31
-71.29,74.10,12.51
-68.48,58.35,38.82
-66.35,40.04,61.40
-58.53,20.87,76.42
-49.01,1.71,86.55
-39.86,-15.93,95.46
-30.64,-33.63,101.68
-20.87,-52.37,103.27
-12.08,-72.20,100.71
1.65,-80.44,88.01
-7.08,-56.88,33.75
17.46,-37.78,-2.87
43.33,-36.25,-1.40
41.87,-21.55,10.80
47.18,-7.45,16.17
58.65,-4.09,16.66
61.10,-6.53,17.46
63.35,-20.08,13.73
65.80,-22.16,9.52
73.30,-25.70,8.00
88.93,-30.70,13.12
105.65,-30.52,19.65
130.19,-35.34,23.68
153.32,-40.41,48.83
172.06,-44.13,58.72
184.75,-49.56,56.95
180.05,-51.51,47.67
159.48,-37.60,44.49
131.65,-31.25,39.06
111.02,-18.25,35.95
80.20,3.05,28.99
48.71,23.50,21.18
31.49,23.44,21.30
17.58,19.78,18.13
8.30,3.97,10.99
0.00,-10.68,5.74
-10.50,-19.53,0.31
-17.15,-22.22,-3.97
-18.19,-18.19,-5.19
-19.04,-8.85,-5.49
-20.39,3.42,-4.70
-22.46,19.84,-0.92
-27.28,39.67,2.32
-30.88,55.42,0.49
-32.53,69.76,1.53
-27.71,75.20,3.30
-19.23,77.51,-0.73
-10.50,83.13,-16.42
-4.27,89.66,-37.05
-0.49,95.76,-51.57















-,-,-
3.11,1.65,13.67
2.99,1.65,12.02
2.81,1.22,10.25
3.17,0.49,8.67
4.15,0.37,7.57
5.19,0.24,7.14
6.41,-0.49,6.59
7.51,-2.08,5.49
8.30,-3.17,2.93
8.73,-3.66,0.55
6.96,-2.32,-1.40
4.88,0.12,-2.62
3.05,0.79,-2.81
1.77,-0.43,-2.62
1.40,-2.26,-3.17
1.28,-4.09,-3.78
1.28,-4.82,-4.15
0.85,-4.94,-4.39
0.49,-4.64,-4.58
-0.49,-4.09,-4.70
-2.56,-3.54,-4.27
-4.33,-2.50,-3.30
-5.13,-1.89,-1.89
-5.31,-1.71,-0.49
-5.19,-2.08,0.37
-4.39,-2.99,-0.12
-3.54,-3.97,-0.98
-2.69,-4.64,-1.59
-2.26,-4.52,-2.69
-1.16,-4.09,-3.91
-0.79,-3.85,-4.88
-1.28,-3.30,-4.88
-2.44,-2.99,-4.03
-3.54,-2.87,-2.99
-3.85,-2.69,-2.44
-4.09,-2.93,-1.83
-4.33,-3.36,-1.22
-4.88,-3.78,-1.40
-4.03,-4.03,-1.65
-4.21,-6.77,0.98
-4.64,-9.09,0.49
-6.04,-13.24,-2.87
-8.12,-17.03,-6.77
-9.64,-21.06,-8.36
-11.66,-27.47,-4.64
-13.31,-36.74,2.75
-14.71,-47.00,9.70
-18.01,-54.02,11.96
-23.56,-45.84,-8.79
-20.08,-35.16,-23.32
-18.55,-24.05,-12.57
-17.27,-17.33,-0.43
-14.10,-11.66,2.62
-5.55,-5.92,2.26
2.87,-2.56,7.57
5.62,-0.12,22.52
4.82,3.97,33.20
9.09,0.79,37.17
6.41,1.34,47.42
4.82,4.76,59.81
3.54,9.22,75.32
4.09,17.09,90.64
2.81,29.60,110.96
5.55,37.72,136.11
10.31,46.63,163.70
15.50,51.70,184.69
21.91,51.39,209.35
28.08,52.73,231.51
24.90,50.60,246.46
18.74,47.73,252.93
17.58,39.31,260.01
15.81,34.06,252.75
18.07,23.25,237.06
16.24,9.46,214.97
11.84,-3.05,188.66
9.28,-10.19,164.55
5.19,-10.86,151.55
1.59,-12.88,134.22
2.50,-15.87,115.30
0.18,-15.32,99.67
-3.60,-9.70,74.65
-2.44,-6.41,58.23
-5.74,-3.72,46.63
-10.38,1.28,21.55
-8.91,6.65,3.48
-6.90,10.80,-2.75
-3.72,13.31,-10.38
-0.98,15.93,-34.42
2.26,19.96,-73.18
4.64,25.39,-111.39
5.86,34.73,-144.78
5.37,43.21,-174.56
5.25,47.42,-199.10
1.53,47.18,-215.27
-6.16,40.77,-221.74
-11.05,31.68,-222.11
-13.49,19.17,-217.90
-14.22,8.36,-207.40
-16.72,-2.38,-190.73
-19.04,-11.17,-169.62
-21.79,-21.67,-143.49
-21.48,-34.79,-117.37
-32.53,-48.28,-90.27
-32.29,-61.71,-56.52
-30.58,-71.84,-18.68
-28.93,-82.34,16.72
-21.61,-90.94,40.71
-21.61,-98.27,50.11
-22.34,-84.72,26.86
-17.52,-64.45,16.66
20.08,-45.59,11.54
39.06,-43.03,8.61
56.46,-42.66,3.23
69.03,-38.15,9.22
85.39,-43.88,17.94
105.53,-59.33,21.36
127.99,-75.44,27.34
140.87,-83.07,36.99
148.68,-86.55,24.84
148.74,-88.50,7.45
137.15,-84.53,6.10
116.21,-66.04,10.50
93.93,-45.53,11.90
65.98,-22.28,5.62
39.49,-2.75,1.22
17.15,13.37,1.59
2.56,16.66,2.08
-3.97,2.75,1.10
-8.73,-8.12,-1.40
-14.47,-12.33,-4.15
-23.93,-9.70,-9.16
-36.80,4.58,-12.27
-49.68,23.68,-12.45
-60.49,41.63,-11.17
-68.97,52.86,-4.88
-76.97,61.95,7.20
-79.77,68.30,8.79
-78.12,69.64,1.40
-75.62,67.02,-5.00
-75.50,64.09,-6.77
-74.58,60.61,-2.93
-72.39,55.11,6.59
-69.89,48.22,19.90
-67.14,42.11,34.79
-64.21,31.31,47.42
-55.11,18.80,55.30
-42.79,5.31,62.99
-32.41,-11.11,73.97
-19.17,-28.26,86.55
-7.75,-45.96,97.53
4.64,-55.36,88.56
-5.31,-37.23,34.18
14.95,-20.57,2.32
38.09,-24.96,7.14
47.49,-24.48,26.12
58.96,-20.57,39.61
80.08,-15.38,39.06
96.07,-11.35,40.71
114.56,-20.26,49.62
131.77,-24.48,54.99
148.56,-32.78,53.10
163.33,-40.89,45.10
173.71,-42.54,45.04
175.72,-42.91,42.72
172.49,-42.42,43.27
164.92,-42.05,39.31
156.07,-39.00,33.45
140.26,-34.55,32.23
119.32,-29.54,26.73
95.95,-20.81,20.08
76.05,-14.34,9.34
58.47,-7.57,9.28
43.21,-2.44,11.60
28.63,-5.98,7.57
16.42,-12.70,2.87
6.90,-20.08,-1.22
-0.98,-24.96,-4.52
-9.52,-26.86,-7.26
-16.54,-26.06,-10.01
-19.17,-21.06,-10.68















-,-,-
0.31,0.12,0.06
0.37,0.24,0.37
0.18,0.31,0.55
0.12,0.37,0.55
0.31,0.43,0.49
0.24,-0.06,0.43
0.31,-0.24,0.61
0.67,-0.49,0.43
0.73,-0.73,0.37
0.37,-0.79,0.61
0.24,-0.43,0.61
0.06,-0.24,0.49
0.37,0.43,0.55
0.31,0.61,0.85
0.49,0.61,0.67
0.00,0.31,0.85
-0.85,0.43,1.28
-0.92,0.06,1.65
-0.24,-0.12,2.01
1.53,0.12,2.32
2.38,0.18,2.26
2.56,-0.24,2.20
2.62,-0.55,2.14
2.20,-0.12,2.01
1.16,0.18,1.83
0.37,1.04,1.40
0.73,1.46,1.22
1.16,1.89,1.28
1.46,1.77,1.28
1.95,1.04,1.16
2.56,-0.31,1.10
2.50,-1.83,1.04
2.20,-3.11,0.67
1.59,-4.15,0.43
0.49,-4.64,0.31
0.43,-4.46,0.31
1.04,-3.60,0.00
2.01,-2.56,-0.37
2.69,-2.08,-0.61
2.38,0.37,1.65
-2.44,10.93,19.04
-3.48,17.88,41.81
-2.87,23.93,58.65
-1.53,28.20,67.08
-5.98,34.24,77.58
-7.93,40.89,92.96
-7.87,45.84,117.25
-8.61,52.86,144.71
-1.59,60.97,170.47
1.34,69.09,195.50
3.42,73.79,210.45
3.91,68.24,215.88
-2.99,60.91,223.57
-9.70,57.62,225.77
-12.94,51.21,217.65
-13.18,46.94,201.66
-12.33,39.73,178.89
-10.31,28.26,152.83
-5.49,15.93,129.76
-6.59,8.00,110.66
-10.93,5.49,102.29
-14.77,9.09,94.60
-15.26,11.23,77.27
-10.13,5.62,61.04
-14.16,2.93,48.77
-18.62,6.41,35.58
-24.17,9.83,53.34
-25.15,14.16,80.38
-17.76,19.59,106.32
-12.15,19.17,101.38
-3.91,15.08,82.52
-1.89,9.77,55.60
-0.24,3.48,24.17
0.85,0.18,-3.11
1.34,2.81,-17.64
-0.24,4.46,-47.85
0.67,8.73,-94.42
0.55,16.42,-136.66
0.24,24.23,-157.84
-5.00,28.44,-157.47
-8.30,30.27,-154.54
-0.79,28.75,-159.73
3.05,23.68,-172.49
3.85,12.76,-188.11
10.01,2.01,-202.15
15.26,-11.29,-206.42
11.78,-29.05,-194.76
6.29,-42.30,-168.46
-0.37,-50.29,-134.64
-11.96,-60.85,-99.12
-20.81,-65.98,-64.94
-27.53,-65.98,-37.05
-29.60,-64.64,-19.35
-27.22,-67.32,-10.86
-23.19,-78.37,-8.00
-23.62,-83.56,-17.76
-23.62,-67.69,-39.43
-10.86,-59.02,-32.29
3.72,-41.56,-7.87
22.95,-21.91,-0.31
47.97,-20.08,-7.63
71.41,-41.75,-10.93
88.68,-57.68,-4.46
111.76,-71.17,9.58
128.48,-78.80,23.32
144.29,-83.68,28.02
140.62,-79.53,33.81
123.35,-60.49,31.92
104.61,-36.74,18.01
83.92,-18.86,13.18
61.46,-3.85,12.27
42.72,5.07,10.19
26.86,10.56,8.00
15.50,3.30,5.74
6.59,-12.63,4.09
-1.34,-22.95,0.49
-9.16,-24.72,-4.15
-18.49,-18.01,-9.28
-27.95,-3.85,-15.38
-38.33,20.39,-18.55
-46.33,47.61,-17.64
-50.66,67.26,-11.96
-55.18,76.84,-0.24
-57.07,78.74,4.21
-57.07,77.21,-1.53
-56.70,75.68,-7.75
-57.13,75.38,-6.77
-58.29,74.83,2.14
-61.28,73.79,14.89
-64.21,72.08,27.65
-69.09,66.47,40.28
-69.15,58.17,50.42
-62.44,44.86,55.97
-52.43,26.73,57.37
-43.82,3.60,59.51
-36.50,-18.07,63.60
-29.91,-37.90,66.89
-25.45,-54.75,69.46
-17.15,-60.24,62.68
-11.17,-43.40,21.79
-6.16,-27.34,6.84
26.18,-15.50,12.15
46.75,-9.70,22.46
64.21,-6.04,34.85
82.95,-11.05,47.12
103.52,-28.99,50.42
121.58,-40.83,50.84
137.27,-47.30,54.81
153.75,-47.36,62.01
167.72,-45.96,62.74
178.53,-38.88,61.40
180.18,-41.50,62.13
173.16,-44.07,53.77
150.70,-43.64,36.99
119.14,-35.22,16.42
86.00,-25.57,11.66
55.24,-6.53,10.19
31.92,1.65,5.74
16.36,5.13,6.23
7.26,-4.82,6.04
2.14,-20.39,4.03
-4.64,-28.75,2.56
-11.35,-29.11,0.61
-17.15,-22.77,-0.31
-20.57,-11.17,-0.85
-20.75,2.75,-1.16
-19.47,17.64,-1.28
-18.19,28.50,-2.08
-17.82,37.66,-2.14
-18.86,45.23,-2.14
-21.24,48.83,-2.87
-25.09,49.68,-4.27
-26.12,44.92,-5.25
-25.39,42.05,-10.68
-27.89,45.41,-22.16
-29.79,57.62,-35.34
-30.15,75.38,-45.65
-28.02,92.29,-51.39
-20.94,102.66,-54.63
-13.55,101.68,-57.37















-,-,-
1.77,-0.98,0.24
0.92,-1.59,0.73
0.24,-1.83,1.16
-0.06,-2.01,1.34
0.18,-1.83,1.34
0.37,-1.28,1.40
0.24,-0.37,1.04
0.00,-0.18,0.92
-0.12,0.24,0.85
0.18,0.73,1.22
0.85,1.10,1.71
1.46,1.46,2.50
1.83,1.77,3.66
2.32,2.38,4.46
1.83,1.95,5.19
1.46,1.65,5.49
0.73,0.61,5.13
0.37,-0.06,4.64
0.67,-0.55,4.09
1.10,-0.73,3.66
1.46,-0.49,3.17
1.89,-0.43,2.75
1.71,-0.67,2.44
1.89,-0.98,2.08
1.89,-1.10,1.71
1.89,-1.28,1.34
1.46,-1.28,0.98
0.92,-1.53,0.67
0.37,-1.65,0.55
-0.24,-1.53,0.61
-0.55,-1.46,0.73
-1.10,-1.59,0.73
-2.99,-0.61,2.75
-6.53,6.59,18.25
-8.12,10.01,29.05
-8.97,24.78,48.71
-11.72,34.97,77.88
-9.95,41.75,87.52
-7.57,49.01,98.02
-7.14,64.58,113.83
-5.31,68.66,130.55
-7.69,72.27,150.21
-5.98,76.29,162.90
-4.82,75.01,174.38
-2.44,71.29,183.11
-6.04,69.34,190.73
-6.10,65.49,191.83
-6.53,65.92,200.56
-4.39,60.85,204.41
-3.11,44.86,192.63
-6.47,31.25,170.96
-11.72,22.09,148.01
-14.34,16.11,139.40
-13.31,19.47,144.23
-12.08,16.54,140.14
-12.08,10.56,117.61
-9.83,5.80,94.30
-11.41,7.14,74.04
-12.63,6.47,59.69
-15.38,4.46,49.44
-19.78,5.49,33.45
-21.61,15.14,19.35
-20.94,15.69,10.31
-17.27,14.16,-8.06
-17.52,18.25,-31.62
-22.16,25.51,-53.65
-25.70,36.87,-71.29
-24.17,45.96,-84.59
-18.31,53.22,-95.83
-12.57,53.89,-107.48
-3.23,51.82,-121.58
8.42,47.18,-137.82
19.59,39.00,-155.27
30.27,27.77,-171.51
42.91,12.51,-184.57
57.86,-5.55,-190.86
54.32,-24.54,-190.37
45.47,-42.18,-184.02
31.49,-52.80,-168.09
13.67,-55.66,-140.99
-2.38,-53.65,-107.42
-13.92,-50.17,-76.42
-16.72,-50.78,-53.65
-13.31,-59.33,-38.94
-7.14,-72.75,-30.88
-6.35,-85.94,-22.83
-15.50,-98.33,-9.16
-17.64,-109.31,10.56
-20.08,-104.55,18.43
-35.28,-66.71,7.32
4.46,-47.24,10.56
33.94,-39.79,5.92
47.67,-47.97,2.56
63.35,-46.94,-1.04
87.28,-48.83,5.92
106.02,-57.37,21.24
124.33,-68.54,35.22
137.21,-73.79,35.83
136.29,-71.96,31.07
125.61,-60.00,22.16
107.73,-42.48,20.45
85.63,-25.09,23.99
63.54,-12.82,16.66
42.66,-4.33,13.18
23.32,5.98,12.02
11.41,1.95,8.48
3.91,-10.50,5.98
-1.10,-18.13,4.94
-6.04,-18.37,1.95
-11.66,-12.82,-3.05
-18.86,-2.87,-8.00
-27.34,7.51,-12.63
-37.78,21.85,-20.26
-48.83,37.23,-26.25
-57.50,46.14,-23.44
-65.80,53.04,-10.68
-70.68,58.23,-4.64
-75.44,64.21,-12.70
-78.49,73.85,-26.18
-81.60,81.54,-32.10
-80.20,86.30,-29.30
-82.46,80.02,-19.23
-80.20,69.09,-7.14
-73.49,56.21,7.08
-67.14,38.15,26.67
-57.86,23.38,45.29
-47.97,8.12,59.08
-36.44,-5.13,68.05
-26.25,-19.29,76.05
-17.09,-36.01,85.63
-11.66,-52.12,93.87
-6.10,-50.84,79.22
-17.40,-35.28,33.51
-0.06,-19.84,9.46
17.82,-15.08,8.61
22.95,-15.32,16.17
36.93,-4.76,16.97
52.67,1.77,16.97
61.40,-1.95,21.12
74.40,-20.81,30.21
82.89,-32.23,37.78
91.43,-38.57,37.60
98.21,-38.21,37.05
106.87,-40.83,32.96
117.43,-46.88,32.23
124.94,-47.97,34.79
134.52,-53.16,38.82
140.20,-49.99,33.33
145.51,-57.07,36.19
152.95,-55.60,37.11
156.49,-51.57,32.59
148.38,-50.96,29.05
129.58,-44.31,32.96
107.30,-31.37,29.60
85.63,-19.47,21.79
62.62,-8.48,18.13
45.17,5.62,14.65
31.07,12.15,18.13
22.58,9.95,16.36
15.99,1.34,14.22
11.11,-5.68,12.39
6.59,-10.68,10.74
1.40,-13.73,9.22
-2.99,-13.85,7.75
-6.41,-11.47,5.98
-9.34,-7.63,4.03
-9.64,-2.87,2.81
-6.71,2.56,2.50
-4.39,7.39,1.95
-4.03,9.83,0.73
-4.09,10.44,0.00
-5.25,9.46,-1.40
-7.57,7.20,-3.48
-9.58,4.64,-4.88
-11.29,3.23,-5.98
-13.31,3.42,-7.45
-16.05,6.04,-8.24
-18.62,11.60,-8.30
-20.32,19.47,-9.64
-19.90,25.15,-13.43















-,-,-
0.18,-0.49,-0.06
0.67,-0.43,0.12
0.24,0.00,1.89
-4.09,4.46,14.59
-8.79,11.90,35.10
-7.02,14.22,39.79
-4.64,9.83,39.37
-0.79,7.02,35.89
2.44,10.93,31.43
3.54,8.85,34.06
5.07,8.24,38.57
6.90,11.29,36.07
10.01,6.35,25.09
8.24,1.95,21.18
9.83,2.87,13.00
7.32,2.01,8.61
4.94,1.89,5.07
2.87,0.18,2.38
1.16,-0.85,1.28
1.40,-1.16,0.85
1.46,-0.98,0.55
1.22,-0.92,0.24
1.59,-0.31,0.37
2.14,0.61,0.49
2.20,0.98,0.55
1.71,0.73,0.55
1.65,0.31,0.18
1.46,-0.55,-0.49
0.55,-1.22,-0.98
0.55,-1.10,-1.40
-0.24,-1.04,-1.65
-0.49,-0.67,-2.08
-0.98,-0.24,-2.08
-2.62,-0.92,-2.26
-4.46,-0.98,-1.16
-6.53,2.26,9.64
-7.93,12.57,39.49
-6.59,22.40,72.02
-4.27,23.50,90.27
-2.32,29.54,104.74
-1.28,32.59,114.14
-2.01,35.77,123.54
-2.87,39.12,135.62
-5.80,43.70,143.37
-5.19,46.45,164.61
-8.00,50.90,200.38
-9.89,55.54,230.71
-9.70,54.20,239.93
-4.39,41.50,221.01
-2.93,26.79,189.51
-5.00,11.66,165.95
-7.39,-4.39,155.52
-8.12,-4.94,132.51
-8.24,-5.31,112.30
-10.50,-1.16,97.35
-7.32,-1.46,90.58
-8.30,-1.16,78.80
-7.63,0.37,63.17
-2.08,5.49,63.96
-2.56,9.77,68.24
-3.23,6.84,50.60
-3.48,4.09,37.66
-7.69,2.01,27.83
-7.57,5.80,19.23
-6.65,9.40,25.88
-4.27,8.73,33.02
-2.87,7.93,26.92
-1.65,7.51,21.73
-3.30,7.57,6.10
-2.14,9.34,-4.15
-2.93,13.73,-8.85
-6.04,18.80,-13.61
-9.46,20.45,-16.72
-8.85,19.35,-19.90
-6.29,19.04,-12.45
-4.33,20.02,-0.79
-2.69,18.49,0.85
-0.18,16.30,-8.48
4.15,15.81,-22.40
8.36,18.25,-37.84
11.60,20.94,-57.07
13.79,24.23,-80.51
16.85,26.86,-108.46
18.37,23.99,-141.48
23.86,18.98,-177.00
31.86,9.95,-206.42
40.41,3.30,-220.83
37.48,-5.19,-219.30
28.69,-10.13,-206.97
14.28,-13.55,-185.91
-1.16,-13.18,-161.62
-12.63,-12.70,-138.61
-19.59,-16.24,-117.68
-24.35,-24.54,-99.06
-24.54,-35.28,-82.34
-22.46,-46.39,-62.32
-18.13,-56.70,-35.89
-12.08,-66.35,-6.96
-4.64,-75.74,18.07
8.06,-80.44,37.11
13.00,-57.56,35.89
12.51,-38.21,26.67
55.24,-43.64,13.24
71.41,-53.96,8.06
86.36,-64.82,10.56
96.56,-68.79,21.48
101.26,-62.87,26.25
115.05,-66.59,13.73
122.92,-73.24,12.70
121.46,-73.24,9.16
113.22,-66.77,6.53
99.79,-57.37,6.10
83.68,-42.30,2.08
63.90,-25.15,7.87
44.37,-8.85,8.73
23.44,6.23,11.90
12.51,4.82,10.01
5.37,-4.39,8.54
-0.79,-15.14,5.74
-9.34,-21.24,0.92
-19.78,-20.81,-3.78
-29.42,-16.60,-9.77
-37.48,-9.22,-16.30
-47.91,8.67,-19.35
-55.85,23.38,-23.19
-63.29,34.42,-24.84
-69.15,41.14,-23.68
-70.68,38.82,-21.79
-69.64,33.81,-23.38
-68.60,31.86,-27.83
-67.81,33.69,-33.69
-67.38,37.60,-36.80
-66.71,42.97,-32.41
-66.71,47.67,-19.96
-62.44,53.41,-5.13
-59.14,51.51,9.22
-56.76,43.82,23.19
-52.00,32.71,35.22
-44.80,21.42,46.02
-38.45,10.93,55.48
-33.51,0.55,63.60
-27.34,-7.39,69.34
-20.57,-14.95,73.00
-12.51,-22.71,74.65
-3.97,-33.02,75.26
3.30,-44.19,72.75
18.37,-43.52,47.30
9.16,-25.63,14.53
23.74,-17.46,3.05
32.59,-21.06,6.90
39.18,-15.87,8.18
45.29,-14.47,8.18
51.15,-8.91,8.06
54.87,-6.04,10.25
65.19,-15.93,17.46
77.39,-23.44,23.68
92.53,-28.44,22.89
105.77,-33.57,23.62
115.30,-37.84,28.14
122.07,-44.98,32.84
126.71,-48.83,33.08
129.03,-44.92,31.25
131.23,-41.26,28.99
131.59,-38.45,29.30
127.50,-32.84,26.00
125.18,-31.68,26.25
111.02,-24.72,26.61
94.18,-18.25,20.51
73.67,-4.39,13.00
57.07,-1.71,10.74
34.91,10.25,13.06
20.20,6.84,10.68
10.25,2.69,9.28
6.23,-3.48,7.93
6.53,-8.12,7.14
5.37,-10.44,6.53
3.78,-11.05,5.43
1.40,-10.44,4.64
-0.79,-8.67,4.09
-2.20,-6.47,3.05















-,-,-
1.71,-0.37,1.71
1.59,-0.85,1.77
0.85,-1.04,1.65
0.37,-0.73,1.22
0.31,0.06,0.92
0.37,0.43,0.67
0.79,1.16,0.55
1.16,1.28,0.61
1.16,0.73,0.61
1.04,0.00,0.67
1.16,-0.73,0.67
1.10,-1.34,0.61
1.10,-1.46,0.43
1.04,-1.53,0.67
0.92,-1.53,0.92
0.79,-1.40,0.98
1.34,-1.22,1.10
1.71,-0.98,1.28
2.20,-0.67,1.71
3.17,-0.67,2.08
3.23,-0.73,1.95
2.75,-1.22,1.95
2.20,-1.46,1.89
2.01,-1.59,1.77
2.14,-1.71,1.71
2.50,-1.71,1.46
2.99,-1.28,1.10
2.99,-0.98,0.79
2.93,-0.79,0.73
2.81,-0.67,0.73
2.69,-1.10,0.98
2.69,-0.67,3.54
0.37,2.56,17.21
-2.62,13.92,45.90
1.65,25.15,72.57
3.91,36.13,98.94
10.50,47.36,122.25
13.92,59.20,145.57
16.60,62.13,158.02
12.02,62.01,166.08
8.79,65.67,179.87
1.71,74.58,203.12
2.50,83.92,230.71
40.10,88.87,254.15
28.08,75.81,253.23
22.52,60.73,233.89
14.65,43.82,210.88
5.07,26.31,183.59
0.00,17.09,152.65
-6.77,11.66,120.00
-7.39,2.87,92.71
-10.62,0.24,81.79
-16.24,3.17,77.82
-15.32,7.87,85.63
-15.44,9.77,96.50
-14.28,12.63,77.64
-3.60,9.40,70.19
-0.43,10.01,66.35
-0.18,11.66,52.31
-0.73,11.54,24.17
-0.43,13.43,-3.78
2.75,15.56,-14.04
1.10,16.11,-24.90
1.40,16.11,-52.49
3.72,14.95,-88.56
8.91,13.49,-122.92
8.48,12.88,-142.46
5.98,12.33,-151.61
5.55,12.70,-155.88
3.36,10.62,-155.64
3.97,9.89,-156.25
6.41,5.68,-158.45
9.52,-1.59,-164.00
8.06,-11.35,-167.97
3.91,-21.24,-163.94
-1.77,-28.26,-148.74
-7.45,-33.02,-123.35
-11.41,-37.41,-90.52
-10.44,-44.13,-56.34
-13.00,-51.45,-27.28
-15.63,-59.51,-5.80
-13.85,-68.91,11.41
-11.41,-79.10,28.38
-3.05,-76.42,26.12
-6.53,-65.12,15.44
19.17,-52.49,9.46
42.24,-47.49,8.85
59.45,-52.49,8.61
74.10,-53.16,10.99
92.29,-59.81,17.58
105.71,-61.16,23.62
116.64,-63.35,31.74
122.74,-60.97,38.15
123.17,-56.15,42.05
116.88,-44.80,36.80
109.19,-31.25,23.07
101.56,-27.22,19.65
84.47,-12.57,18.92
64.45,-2.38,17.52
43.27,6.47,14.28
27.10,9.64,4.70
14.34,8.85,5.62
5.74,3.30,5.74
-1.04,-8.73,3.78
-8.24,-17.27,2.08
-15.26,-20.39,0.00
-23.07,-19.17,-2.87
-30.33,-14.16,-5.68
-38.57,-7.63,-11.05
-47.12,1.71,-18.62
-59.57,22.77,-20.51
-67.75,42.05,-20.75
-72.63,53.10,-17.03
-77.70,59.20,-9.46
-80.38,59.33,-11.29
-83.01,57.43,-22.03
-85.57,53.96,-33.39
-87.16,51.03,-37.41
-89.29,49.74,-31.25
-88.07,48.34,-18.62
-86.36,45.78,-0.12
-83.13,41.75,22.89
-77.94,32.78,46.81
-68.18,22.03,67.75
-57.19,9.22,82.46
-45.17,-5.19,91.86
-34.06,-21.18,98.82
-16.78,-36.01,93.57
-14.10,-39.18,38.82
-2.56,-21.55,-0.55
38.15,-10.13,1.53
55.66,-18.37,24.84
75.20,-23.32,46.69
100.04,-17.33,47.73
125.12,-18.68,45.65
139.16,-22.71,48.22
152.28,-31.19,49.38
161.99,-34.12,44.19
166.81,-33.81,45.72
172.61,-32.04,47.55
171.63,-30.27,54.81
163.64,-28.75,51.15
142.76,-22.58,42.36
110.72,-18.68,37.48
79.77,-13.00,27.28
53.77,-6.53,16.91
34.30,-0.98,12.57
19.04,4.09,7.32
6.35,3.66,4.27
-1.04,-4.09,3.05
-7.57,-12.02,1.59
-14.59,-16.60,-1.28
-19.65,-15.81,-3.54
-22.64,-9.03,-3.54
-24.05,3.42,-1.46
-26.55,19.35,-2.38
-28.56,33.87,-4.76
-31.31,54.50,-5.37
-32.04,70.07,-8.18
-29.72,74.46,-9.70
-25.39,72.81,-11.60
-21.61,68.54,-21.73
-15.75,69.09,-45.47
-9.83,70.37,-74.16
-7.20,70.92,-96.31
-9.58,70.07,-108.64
-9.83,69.52,-114.01
-8.73,66.04,-114.93
-9.34,59.88,-112.92
-9.70,51.27,-110.41
-10.44,42.24,-108.64
-10.99,32.35,-108.34
-12.63,21.61,-109.37
-14.34,9.83,-112.61
-17.33,-1.77,-118.04
-20.75,-12.39,-124.45
-25.21,-20.87,-129.70
-29.36,-25.51,-131.84
-33.39,-25.39,-129.82
-36.44,-22.16,-125.43















-,-,-
2.20,0.79,0.37
2.56,0.92,-0.67
2.75,1.59,-0.98
2.44,2.20,-0.61
2.14,2.38,-0.06
2.01,2.44,0.24
1.95,1.95,0.73
1.53,1.28,1.16
0.67,0.67,1.59
-0.06,0.37,1.28
0.06,1.40,1.04
-1.77,2.44,0.73
-1.34,1.95,0.06
-0.43,2.75,-0.49
-1.71,4.39,0.12
-1.22,2.50,1.59
-1.10,0.31,2.26
-1.34,-0.43,2.01
-1.22,0.55,1.04
-1.83,1.89,-0.12
-1.77,2.69,-0.73
-1.10,2.81,-0.92
-0.67,2.62,-1.46
-0.12,1.77,-2.20
-0.24,1.77,-2.75
-1.22,1.95,-3.05
-1.77,1.83,-2.87
-2.08,1.46,-2.32
-2.26,0.67,-1.28
-1.83,-0.06,-0.18
-1.89,-0.24,0.49
-1.83,-0.06,0.37
-1.28,-0.24,0.00
-1.28,-0.55,-0.37
-0.67,-0.31,-0.79
-0.24,-0.37,-1.04
-0.43,-0.37,-1.10
-0.18,-0.55,-1.46
0.79,-0.18,-1.04
0.61,0.98,0.24
0.67,1.53,1.71
0.67,1.34,2.50
0.18,1.04,3.11
-0.43,1.04,3.78
-1.65,1.16,4.70
-3.17,1.16,5.92
-4.46,0.98,8.24
-5.43,1.22,11.84
-6.41,1.65,17.46
-5.68,1.71,23.56
-2.69,0.85,26.61
0.31,-1.59,25.76
2.14,-5.62,23.01
2.01,-8.48,19.71
0.24,-10.86,17.58
-3.05,-12.15,16.78
-5.49,-12.21,18.07
-5.25,-12.94,20.51
-1.40,-13.85,22.46
1.89,-12.57,19.59
3.60,-7.39,8.36
12.39,-6.41,8.36
17.15,-5.55,8.48
15.81,-6.96,8.24
15.69,-7.08,7.20
12.51,-6.96,6.04
8.00,-8.00,6.23
3.85,-8.42,15.32
-2.50,-3.17,43.64
-7.26,9.28,74.83
-7.20,22.64,108.40
-2.32,37.11,151.18
2.81,51.21,195.31
5.98,66.22,239.14
6.65,76.54,276.06
10.68,77.21,307.07
11.72,70.86,317.50
21.85,60.00,308.04
44.49,36.74,285.22
41.38,16.85,239.69
38.33,0.79,195.13
33.14,-8.12,158.14
21.73,-8.06,125.73
12.45,-13.24,101.50
-0.18,-11.05,82.34
-9.89,-5.98,62.13
-11.90,-2.26,44.07
-9.09,-2.50,25.88
-9.03,0.92,0.06
-4.64,7.20,-15.93
-4.09,10.99,-38.70
-2.08,6.65,-85.39
3.66,5.43,-135.13
6.41,10.80,-174.38
3.17,10.99,-193.12
-5.62,8.00,-196.41
-13.49,5.13,-194.70
-21.06,-2.20,-191.22
-23.74,-7.63,-185.36
-25.51,-15.87,-173.46
-25.82,-24.35,-156.68
-23.50,-32.10,-136.17
-17.09,-43.15,-113.10
-10.25,-57.50,-87.95
-5.43,-70.74,-60.24
-2.08,-71.84,-30.09
-18.13,-47.24,-10.13
-6.96,-34.67,-2.75
11.41,-34.97,-7.51
21.67,-44.68,-10.38
29.72,-49.13,-9.46
35.83,-40.28,-9.28
47.61,-39.31,-5.31
56.76,-36.80,3.66
71.53,-42.91,5.55
87.65,-57.07,2.62
99.91,-65.55,0.43
110.72,-71.66,-2.26
124.27,-82.09,-0.24
128.60,-91.74,19.59
121.89,-82.64,25.02
106.75,-61.10,15.32
83.31,-40.89,8.85
54.63,-15.75,7.02
31.13,6.96,7.02
12.57,23.99,0.61
5.86,15.26,-4.27
0.43,-0.49,-4.94
-5.07,-12.27,-8.06
-14.71,-20.26,-13.67
-29.66,-23.56,-21.79
-47.06,-16.66,-29.36
-66.28,6.77,-27.22
-80.51,36.62,-26.31
-88.75,62.81,-37.29
-88.93,73.73,-50.66
-87.34,70.13,-54.26
-88.44,60.36,-45.29
-86.67,51.15,-31.07
-77.82,44.62,-14.10
-70.07,35.89,8.54
-59.27,26.43,35.89
-47.85,16.17,63.17
-38.88,6.16,84.90
-31.92,-2.69,100.52
-27.10,-13.37,113.65
-12.82,-26.06,109.44
-3.85,-33.57,49.19
6.59,-21.67,8.97
44.92,-9.16,6.59
65.49,-18.80,25.63
84.96,-40.28,37.78
110.35,-42.72,30.64
130.62,-41.87,34.85
144.17,-42.42,42.30
157.23,-48.16,41.20
165.41,-57.74,52.00
161.74,-60.30,60.73
153.20,-53.89,49.93
139.53,-47.97,36.13
119.57,-36.93,29.24
102.29,-27.95,24.41
85.33,-17.40,22.77
69.95,-9.95,18.92
54.57,-9.40,19.41
39.61,-9.40,13.92
25.82,-5.80,8.12
17.58,-12.63,4.82
11.66,-20.63,4.94
6.84,-25.63,4.58
3.48,-27.47,2.56
0.49,-27.10,0.73
-1.28,-25.27,-0.61
-2.62,-22.58,-1.22
-5.31,-18.74,-1.34
-7.45,-14.47,-2.32
-8.91,-9.95,-3.42
-8.73,-6.53,-4.33
-8.06,-3.23,-5.07
-6.65,0.92,-5.31















-,-,-
2.26,-0.06,1.16
2.14,-0.24,1.10
2.01,-0.37,0.73
1.95,-0.31,0.43
1.65,-0.24,0.24
1.59,-0.12,0.24
1.95,-0.06,0.37
2.14,0.00,0.67
2.01,0.18,1.16
2.56,0.55,1.04
2.81,0.85,1.04
2.87,1.16,1.34
2.93,1.65,1.16
2.44,1.34,1.34
2.56,1.34,1.46
2.62,1.28,1.46
2.08,0.85,1.77
1.83,0.55,1.77
1.59,0.24,1.77
1.59,0.24,1.71
1.95,0.85,1.53
2.75,1.40,1.28
2.99,1.77,1.34
3.30,1.95,1.34
2.93,1.95,1.34
2.26,1.04,1.46
1.89,0.67,1.53
1.77,0.73,1.95
1.59,0.61,2.14
1.77,0.92,2.01
1.65,1.16,1.95
1.28,1.77,2.01
1.77,4.94,4.88
3.48,12.15,18.19
3.72,21.42,37.66
6.77,29.24,60.85
2.50,39.61,81.67
1.16,53.22,100.46
5.55,59.75,110.53
7.75,57.62,116.82
13.49,55.85,120.24
11.41,56.21,131.90
8.06,54.81,145.45
3.30,55.91,156.74
1.83,64.21,170.78
3.17,63.29,180.24
5.62,53.65,179.81
4.82,48.77,180.85
1.46,51.70,187.68
-4.27,48.28,192.14
-4.64,49.74,187.38
0.73,41.99,164.73
2.44,26.25,130.62
-0.85,17.09,104.74
-6.47,8.06,92.59
-15.08,2.50,83.25
-20.94,3.54,92.16
-17.70,8.61,96.07
-12.39,8.48,87.22
-6.59,8.67,73.85
-0.55,6.59,64.15
-2.20,6.77,41.26
-10.01,7.81,29.36
-14.89,0.31,27.77
-15.14,2.81,18.37
-15.87,5.07,0.49
-12.33,5.86,-16.30
-7.81,7.87,-28.20
-7.02,8.61,-59.39
-4.94,6.23,-109.86
-0.18,3.54,-159.55
8.06,7.32,-191.04
10.13,8.36,-204.71
13.18,8.36,-207.82
11.72,3.30,-202.33
4.39,-4.94,-190.92
-3.05,-13.67,-177.80
-6.16,-20.63,-164.43
-5.25,-26.37,-147.83
-2.08,-33.02,-124.21
0.31,-42.97,-95.52
2.62,-55.36,-66.96
3.85,-69.82,-38.27
4.88,-84.53,-9.64
6.53,-98.94,19.41
11.23,-99.73,37.54
-1.28,-56.03,25.63
19.47,-39.67,18.31
46.14,-33.26,8.42
54.20,-31.74,9.46
60.42,-35.46,16.91
69.58,-38.82,28.14
87.65,-44.92,27.83
106.93,-54.08,23.19
121.46,-59.75,28.93
135.19,-62.62,31.43
145.63,-63.84,17.94
145.02,-66.53,12.88
133.67,-64.33,9.22
114.50,-55.42,7.02
88.81,-37.48,7.87
65.25,-18.92,9.52
45.17,0.31,11.54
30.40,10.50,14.22
20.87,8.97,9.22
11.90,-3.54,5.86
5.31,-17.21,4.15
-0.24,-24.29,1.34
-8.00,-26.06,-3.05
-16.48,-24.11,-7.81
-27.95,-19.53,-13.49
-43.58,-10.01,-21.36
-60.00,11.11,-36.93
-74.71,34.00,-41.14
-85.27,49.26,-36.87
-88.26,56.58,-31.43
-92.04,58.84,-28.26
-95.40,59.33,-29.17
-98.69,59.20,-31.25
-100.16,59.63,-32.59
-99.18,60.30,-28.99
-96.31,58.47,-16.78
-96.80,51.70,1.95
-94.30,40.95,19.23
-87.40,26.31,31.49
-79.10,8.00,40.95
-67.81,-10.25,49.87
-53.22,-28.99,61.34
-37.78,-47.49,71.72
-3.78,-52.55,39.18
-21.91,-51.15,2.87
-6.65,-19.23,-4.94
10.07,-10.07,11.41
17.70,-14.10,17.33
30.15,-7.02,8.30
45.41,-0.73,13.18
61.34,-4.15,28.69
78.86,-19.29,42.30
94.42,-35.03,46.75
113.40,-51.33,50.54
130.13,-58.47,44.62
143.25,-57.13,45.17
153.26,-58.35,54.26
158.39,-58.53,51.45
157.41,-59.75,44.19
147.22,-62.26,49.87
137.39,-56.09,57.50
130.37,-51.88,54.93
129.52,-40.71,42.18
128.48,-35.52,32.10
125.85,-33.45,25.82
110.29,-28.69,27.22
87.89,-26.49,26.25
62.81,-18.37,18.98
40.95,-17.15,8.85
20.75,-12.82,5.62
6.04,-11.29,1.34
-2.93,-21.06,-1.28
-11.47,-29.17,-2.69
-18.19,-33.14,-3.66
-21.18,-31.68,-3.85
-21.30,-25.09,-2.50
-20.69,-14.65,-0.98
-19.90,-3.30,-1.22
-19.78,7.93,-1.28
-22.46,21.79,-1.40
-22.40,39.98,-3.60
-25.02,66.41,-5.62
-21.42,92.71,-5.00
-17.27,101.32,-4.70
-13.43,97.47,0.31
-13.85,88.26,6.77
-11.90,82.76,0.67
-9.40,79.71,-17.33
-6.04,80.51,-40.34
-4.58,84.23,-59.63
-6.04,89.29,-72.94
-8.18,93.75,-82.76
-6.10,96.44,-90.52
-0.67,96.80,-95.34















-,-,-
0.43,-0.61,0.79
0.00,-0.55,1.16
0.37,-0.61,1.59
0.79,-0.49,1.89
0.67,-0.43,2.01
0.18,-0.73,1.95
-0.12,-0.55,1.83
-0.61,-0.43,1.83
-0.67,-0.49,1.77
-0.85,-0.12,1.53
-0.98,0.31,1.34
-1.10,0.73,1.28
-0.79,1.04,1.04
-0.31,1.04,0.85
0.31,0.61,0.61
0.55,0.24,0.55
0.31,-0.12,1.22
0.24,-0.67,1.34
-0.18,-0.92,1.34
-0.67,-1.34,1.46
-0.67,-1.16,1.71
-0.73,-0.61,1.89
-0.37,-0.06,2.01
0.12,0.43,2.08
0.49,0.92,1.95
0.61,1.04,1.95
0.79,1.16,1.89
0.43,1.16,1.89
0.55,1.16,1.89
0.43,1.16,1.95
0.43,1.28,1.77
0.61,1.65,2.14
0.55,2.50,2.93
-0.06,4.94,6.16
-4.76,17.15,19.10
-4.09,29.17,40.28
-0.79,33.14,51.03
-0.85,36.56,62.44
-3.05,42.42,71.23
0.12,44.19,74.65
-0.37,49.01,85.82
-1.83,51.70,101.99
-4.15,58.53,116.46
-8.42,66.04,138.37
-10.62,75.74,158.69
-9.40,82.46,177.12
-8.54,79.59,190.92
-7.02,78.25,192.69
-7.08,71.17,195.50
-9.09,69.46,199.40
18.62,63.05,208.50
16.36,53.34,209.23
-10.44,38.21,192.14
-16.78,26.00,161.07
-17.09,21.91,139.10
-18.37,18.49,119.26
-14.40,17.52,102.05
-11.47,17.09,88.32
-9.34,7.93,69.58
-10.31,3.66,43.46
-13.85,9.77,24.41
-14.34,9.16,14.47
-15.69,8.61,-0.43
-15.08,8.12,-15.99
-14.40,6.04,-24.17
-12.21,3.97,-36.50
-9.64,-0.61,-60.79
-3.36,-2.50,-91.67
3.42,-0.12,-121.03
8.36,2.69,-147.89
11.17,3.97,-172.85
11.35,1.34,-192.02
11.90,-4.21,-203.67
15.01,-14.34,-207.82
21.18,-29.36,-206.12
24.66,-47.55,-194.34
18.55,-65.25,-171.63
6.77,-76.48,-141.30
-2.81,-77.51,-105.77
-7.57,-74.04,-68.97
-8.54,-73.79,-34.85
-7.39,-80.57,-7.02
-2.14,-92.77,14.77
3.17,-103.33,29.66
1.40,-81.48,10.25
-15.14,-65.73,7.87
23.50,-52.98,2.38
43.03,-36.93,-8.30
53.77,-27.16,-4.09
72.63,-23.86,11.66
97.35,-26.92,14.34
120.36,-36.62,11.84
137.39,-57.74,21.73
140.62,-71.72,26.79
136.96,-75.13,34.42
122.56,-61.22,34.97
108.34,-38.39,23.44
92.22,-24.78,10.99
65.73,-9.40,6.90
43.52,-0.43,6.71
27.77,-0.92,6.23
14.95,-5.37,6.29
4.70,-16.78,6.29
-6.16,-30.64,3.85
-16.66,-38.57,-0.55
-26.25,-36.99,-4.39
-36.13,-28.02,-11.41
-47.79,-9.22,-22.28
-59.75,16.24,-30.15
-73.18,49.38,-27.89
-86.30,76.48,-21.36
-91.92,87.95,-23.50
-98.14,83.07,-20.69
-101.20,72.39,-20.94
-99.18,61.10,-24.11
-95.95,53.04,-27.22
-93.51,47.67,-25.33
-92.04,44.92,-15.20
-88.56,42.11,3.11
-79.83,35.71,27.47
-64.64,22.77,52.49
-45.23,3.66,74.04
-27.89,-19.59,89.84
-15.01,-44.74,100.77
0.31,-47.12,78.98
-9.28,-37.72,26.25
11.35,-23.50,4.82
35.16,-10.93,11.72
49.93,-10.86,26.00
69.03,-22.89,37.72
85.27,-26.73,35.22
104.92,-30.46,32.17
123.29,-37.78,31.98
134.70,-45.35,31.80
145.26,-54.20,27.65
153.26,-58.29,21.36
153.63,-59.94,23.99
140.38,-57.56,26.73
122.92,-55.79,25.88
100.52,-47.24,23.74
81.42,-34.12,19.90
65.43,-17.82,23.56
55.05,-4.88,19.65
45.72,5.43,12.88
37.66,0.85,11.05
26.92,-7.08,11.05
17.03,-13.67,10.01
9.64,-18.37,8.48
4.58,-21.24,7.63
0.61,-22.09,7.14
-2.50,-18.98,6.10
-3.36,-12.82,2.99
-8.91,-11.41,0.24
-11.29,-7.26,-2.38
-11.11,-1.22,-3.42
-8.48,7.39,-2.87
-6.29,16.60,-2.44
-6.10,25.09,-2.20
-6.96,32.47,-2.69
-7.26,38.02,-3.60
-7.81,42.30,-5.74
-9.58,46.26,-8.73
-12.08,50.17,-12.15
-13.55,54.08,-16.78
-13.61,60.85,-24.84
-13.06,68.18,-37.66
-11.54,77.39,-55.18
-9.34,87.71,-73.18
-4.15,96.07,-86.91
2.01,103.15,-94.48
8.85,108.83,-95.76
14.65,112.12,-90.15
17.76,114.56,-78.86
18.07,117.92,-66.04
17.70,121.95,-55.42
16.30,126.16,-48.03
14.65,128.85,-42.66
12.27,130.19,-37.84
8.00,129.88,-32.96
2.62,126.95,-27.28















-,-,-
3.05,-6.23,-6.41
2.81,-5.43,-4.70
2.20,-4.76,-2.69
0.37,-4.94,-1.95
-0.12,-4.70,-3.30
-0.98,-4.15,-4.46
-1.04,-3.48,-5.00
-0.55,-2.87,-4.15
-0.67,-3.42,-1.53
-0.24,-4.09,1.95
-0.98,-4.82,3.17
-1.28,-4.94,1.46
0.24,-5.43,-0.49
0.06,-5.92,-1.34
-0.24,-5.62,-0.85
-0.85,-4.33,0.24
-1.04,-2.44,1.53
-0.98,-1.77,1.95
-0.73,-2.08,2.08
-0.67,-2.32,2.38
-0.98,-2.69,2.87
-1.40,-3.23,2.93
-0.24,-4.03,2.56
0.92,-4.76,2.62
1.10,-5.19,2.75
0.79,-5.49,2.62
-0.37,-5.62,2.69
-1.16,-5.43,2.99
-1.53,-4.58,2.87
-1.46,-4.27,2.69
-0.92,-4.46,2.87
0.00,-5.74,3.05
0.85,-8.00,4.09
0.49,-10.01,5.31
-1.10,-11.05,6.90
0.06,-12.21,8.00
4.33,-12.94,11.66
11.72,-11.90,19.78
6.16,-8.54,25.70
3.72,0.31,43.64
3.11,11.17,54.38
-0.55,22.22,68.42
-3.42,32.10,90.39
-8.61,41.93,112.30
-11.47,54.57,129.09
-8.79,63.60,149.48
-4.27,67.14,166.99
-5.31,76.48,184.63
-4.52,81.60,202.45
1.71,84.05,219.18
0.31,82.15,225.77
3.85,74.52,229.25
3.54,62.87,229.61
3.36,49.13,213.13
2.08,40.16,197.88
1.40,32.59,190.12
-4.39,28.75,166.14
-6.84,24.66,143.68
-8.48,18.62,129.15
-7.26,14.77,122.25
-5.68,11.54,121.77
-3.17,6.59,114.20
-4.03,1.65,94.73
0.55,1.71,70.74
3.60,3.78,52.25
-2.08,4.64,35.34
-3.48,8.12,20.26
-4.21,9.58,2.20
-2.32,7.14,-24.96
-2.93,0.12,-53.59
-6.23,-1.59,-89.36
-6.65,1.46,-126.53
-6.96,5.49,-156.49
-8.30,7.14,-180.97
-8.61,3.78,-202.21
-5.07,-4.70,-219.91
0.24,-15.81,-231.99
3.78,-29.17,-232.97
4.09,-41.32,-220.34
-2.50,-52.98,-198.12
-8.91,-63.35,-173.22
-15.50,-67.81,-148.07
-18.92,-69.58,-120.79
-19.17,-70.62,-92.53
-14.22,-71.53,-62.93
-14.95,-74.10,-34.18
-19.84,-82.76,-10.86
-17.94,-71.90,-9.16
-18.37,-59.20,-6.41
25.76,-49.13,-2.14
42.05,-39.25,1.28
57.98,-38.82,3.05
78.67,-49.87,5.74
91.80,-53.83,9.70
111.15,-57.19,11.66
125.24,-70.07,17.64
130.68,-79.16,25.51
123.96,-78.06,30.15
114.87,-70.62,27.40
104.13,-60.24,22.83
89.29,-48.58,15.75
65.73,-31.31,15.75
45.59,-17.03,6.47
25.09,0.79,-2.08
12.21,1.95,2.87
3.97,-6.35,3.54
-3.17,-19.53,2.81
-10.80,-27.59,0.31
-21.67,-31.62,-3.11
-31.62,-29.97,-8.79
-43.52,-20.63,-15.01
-52.43,-18.25,-20.57
-69.70,1.40,-28.02
-77.03,22.83,-34.67
-84.41,38.57,-37.29
-93.32,51.57,-37.78
-100.77,60.91,-37.23
-104.19,68.36,-38.15
-105.83,72.14,-36.25
-104.74,72.63,-29.72
-102.23,71.41,-18.43
-95.52,66.47,-1.59
-82.15,54.87,20.08
-63.84,36.68,43.70
-44.01,14.77,66.96
-28.32,-6.35,86.98
-18.13,-23.50,102.48
-8.36,-33.51,101.93
4.70,-33.69,41.56
-8.18,-28.75,4.15
13.67,-13.85,1.59
24.11,-8.00,16.54
33.63,-4.64,21.42
41.56,-2.69,21.67
49.07,-7.45,21.24
52.25,-10.31,16.91
57.31,-23.80,16.30
55.97,-30.46,6.59
60.61,-40.59,4.33
60.73,-41.26,4.70
72.75,-49.32,11.54
78.12,-49.74,18.68
89.36,-52.61,24.54
97.96,-57.80,27.53
107.24,-62.32,28.99
117.13,-63.29,25.70
123.17,-63.42,20.94
131.41,-61.28,26.49
140.26,-59.94,30.03
145.69,-56.58,34.36
138.73,-52.49,28.81
116.82,-44.80,24.78
87.65,-31.19,24.78
54.44,-12.27,26.43
37.54,3.72,9.64
24.90,16.85,12.02
16.85,14.04,19.65
12.76,4.82,21.73
9.40,-3.36,19.65
7.81,-6.96,17.09
5.92,-8.06,15.14
6.47,-6.96,11.90
5.37,-4.64,7.45
1.16,-2.08,4.03
-3.17,1.28,0.06
-4.39,3.91,-3.36
-5.00,6.53,-4.94
-4.15,9.09,-5.80
-2.20,11.29,-5.92
-0.61,12.57,-5.55
0.18,12.33,-4.88
-0.12,11.11,-4.03
-0.73,9.28,-2.99
0.49,8.06,-1.53
1.40,7.69,-0.31
1.53,7.26,0.92
0.73,7.08,1.28
-0.31,6.10,0.67
-0.18,5.37,0.18
1.34,5.13,0.12















-,-,-
-8.85,-9.70,-10.68
-8.12,-9.16,-7.57
-6.53,-8.18,-5.49
-4.21,-6.90,-4.82
-1.53,-5.62,-4.88
0.61,-4.27,-4.82
1.71,-2.38,-4.46
2.93,-1.22,-3.60
3.66,-1.40,-2.50
3.30,-2.20,-1.83
2.14,-2.26,-1.59
1.04,-1.65,-1.53
0.61,-0.98,-1.34
0.79,-1.22,-1.53
0.92,-1.71,-1.89
0.85,-1.83,-1.83
0.61,-1.16,-0.24
0.43,-0.67,1.04
0.67,-0.61,1.53
1.04,-1.40,1.59
0.31,-1.77,0.73
-0.18,-0.73,-1.22
0.12,1.04,-2.26
0.73,2.69,-2.20
1.10,3.30,-1.04
1.46,2.81,-0.06
1.77,1.53,0.24
2.14,-0.18,-0.49
2.20,-1.22,-1.40
2.56,-2.08,-1.10
2.81,-3.54,-0.12
2.08,-6.65,0.24
1.22,-12.15,0.31
-0.06,-19.59,0.12
-2.38,-27.83,0.12
-5.68,-36.38,1.16
-9.09,-43.21,2.62
-10.25,-41.14,-0.06
-5.07,-30.52,-4.15
1.40,-24.84,-4.52
5.13,-19.35,-2.38
8.79,-12.82,1.46
9.40,-6.90,2.75
7.45,-3.30,1.71
4.58,-2.20,0.55
2.62,-2.93,0.31
1.95,-4.58,-0.31
1.04,-6.84,-1.89
-0.73,-10.19,-2.87
-1.89,-13.92,-0.24
-2.20,-15.56,2.93
-0.12,-12.88,7.75
0.43,-9.03,11.90
1.40,-6.16,15.87
5.13,-2.81,32.35
8.00,0.61,51.57
10.86,10.38,70.98
14.10,15.20,97.84
14.04,19.23,118.47
17.27,19.04,133.67
18.19,19.78,143.55
16.05,17.03,143.86
14.04,8.61,147.89
8.97,3.30,146.36
4.52,0.98,137.08
-0.24,-1.10,121.70
-3.60,0.79,99.37
0.49,-0.43,82.15
-2.20,0.24,68.73
-3.97,1.22,39.98
-4.15,4.39,19.78
-4.46,8.00,9.58
-5.13,12.76,0.98
-2.87,17.27,-4.52
-6.47,21.55,-20.26
-8.42,19.59,-55.85
-8.36,17.58,-89.48
-7.14,19.10,-112.00
-6.41,24.66,-118.77
-5.68,30.03,-109.25
-5.62,33.94,-95.52
-6.23,35.52,-86.12
-4.70,31.49,-79.53
-1.34,22.52,-69.52
-0.12,11.84,-55.97
-2.69,0.85,-43.40
-3.48,-11.72,-31.25
-3.48,-27.95,-17.40
-4.82,-45.47,-5.86
-5.13,-62.81,1.40
-2.44,-81.36,6.96
2.26,-89.05,8.79
8.79,-55.11,-0.49
31.74,-40.41,-3.54
46.14,-45.10,2.87
58.29,-50.84,9.95
71.11,-44.07,11.60
89.29,-41.81,15.87
102.36,-36.32,22.16
112.06,-37.23,20.69
108.22,-30.58,21.12
91.80,-21.12,17.33
71.84,-11.41,14.22
49.80,-5.19,11.11
31.25,1.53,9.16
17.94,1.28,4.88
7.75,-1.65,2.01
-2.75,-5.37,-1.89
-11.29,-12.88,-6.77
-17.70,-17.94,-10.62
-22.58,-16.05,-13.06
-24.78,-8.18,-13.61
-24.84,1.53,-13.12
-26.49,16.66,-12.21
-32.23,35.83,-11.05
-37.41,49.07,-6.29
-42.66,61.52,0.55
-49.68,72.51,-3.72
-52.31,79.71,-16.05
-54.50,78.25,-26.00
-55.11,68.66,-27.53
-52.61,52.19,-21.97
-47.24,30.82,-10.80
-43.03,6.96,4.94
-41.14,-17.09,22.40
-38.82,-42.66,37.05
-35.16,-70.62,47.12
-31.98,-97.29,52.67
-26.55,-113.95,51.70
-22.64,-89.17,21.18
13.31,-50.29,-7.87
46.51,-29.97,-5.00
53.83,-15.14,16.17
68.79,-1.34,27.53
93.32,3.17,36.80
117.07,-8.79,45.29
131.71,-24.90,42.24
135.99,-29.17,31.92
131.77,-27.40,28.38
117.55,-23.19,19.90
96.44,-19.29,19.47
70.80,-10.07,18.49
51.45,-10.62,11.84
37.84,-8.97,9.89
27.53,-8.73,10.62
17.03,-10.38,6.04
8.79,-13.73,-0.12
4.27,-20.75,-2.81
0.43,-22.46,-3.48
-1.46,-18.62,-2.44
-2.69,-10.50,0.73
-4.76,-0.37,4.76
-5.98,11.84,9.22
-5.92,24.29,13.61
-4.46,35.58,18.13
-2.20,46.08,22.34
0.31,55.42,26.49
0.92,64.76,29.36
1.10,72.81,29.17
-0.24,76.84,22.58
-0.98,86.91,5.13
4.15,106.26,-4.88
14.10,124.88,-7.08
24.35,137.76,-6.90
32.59,141.78,-4.64
37.05,136.96,-1.77
39.86,124.51,0.43
40.59,107.97,1.10
38.88,86.91,1.10
36.44,59.20,0.55
30.70,32.96,-0.79
24.23,13.31,-0.37
18.68,1.89,2.56
15.69,-2.81,6.96
12.76,-3.91,11.23
8.61,-2.69,13.18
3.85,-0.12,11.23
-0.37,1.71,6.35
-3.97,0.92,1.34
-8.12,-2.32,-2.20
















-,-,-
-10.74,-10.50,-2.20
-10.31,-8.18,-3.42
-9.40,-6.59,-3.85
-7.93,-6.10,-3.60
-6.96,-5.19,-3.42
-6.41,-3.72,-3.72
-5.74,-2.81,-4.03
-4.70,-2.32,-4.27
-3.78,-2.20,-4.52
-2.99,-1.83,-4.94
-2.62,-1.53,-4.94
-2.93,-1.16,-4.52
-2.93,-1.10,-3.85
-2.81,-1.71,-2.99
-2.87,-2.99,-2.26
-2.81,-4.27,-1.95
-2.56,-5.25,-1.89
-2.44,-5.74,-1.59
-2.75,-5.25,-1.34
-2.56,-4.33,-1.34
-2.62,-3.42,-0.85
-2.08,-3.05,-0.18
-1.65,-3.23,0.43
-1.28,-3.66,0.85
-1.10,-4.09,0.92
-1.28,-4.15,0.85
-1.40,-4.03,0.37
-1.46,-4.03,-0.06
-1.22,-4.15,-0.18
-0.85,-3.97,0.00
-0.49,-3.78,0.49
0.00,-3.54,0.92
0.12,-3.11,1.53
0.06,-2.44,1.53
0.00,-1.77,1.40
0.24,-1.28,0.98
0.55,-1.22,0.37
0.92,-1.28,0.06
1.28,-1.10,0.00
1.59,-0.92,0.06
1.89,-0.37,0.00
2.01,-0.06,-0.06
1.95,0.12,-0.12
1.95,-0.06,-0.55
2.08,-0.31,-0.61
2.08,-0.73,-0.61
2.20,-1.10,-0.67
2.38,-1.59,-0.79
2.01,-2.20,-1.04
1.83,-3.30,-1.77
1.53,-4.09,-2.44
1.16,-3.54,-2.26
1.04,-2.44,-1.95
1.04,-1.59,-1.77
0.79,-1.04,-1.77
0.67,-0.92,-2.26
1.16,-1.65,-2.26
1.22,-3.17,-1.77
0.79,-6.65,-1.40
-0.55,-12.51,-0.61
-1.77,-21.36,2.01
-4.03,-31.31,6.10
-7.81,-35.16,8.97
-9.28,-24.05,2.87
-2.56,-20.08,-1.59
-1.59,-20.08,1.95
-5.00,-15.63,7.87
-1.95,-8.00,17.64
1.46,1.53,34.73
14.47,7.57,62.74
30.70,19.96,100.40
45.47,26.12,127.01
51.64,33.39,142.46
50.17,33.51,149.05
42.97,31.68,154.11
35.40,26.73,159.36
25.02,22.34,151.86
17.27,20.26,137.63
10.44,14.77,117.25
6.23,11.84,92.71
3.05,9.34,69.03
4.39,8.42,55.54
2.32,7.39,52.98
-2.44,6.90,36.74
-2.62,7.51,28.56
-4.15,8.97,27.04
-6.47,12.27,21.79
-7.32,13.37,6.10
-5.13,16.54,-9.89
-4.94,17.40,-25.45
-4.94,17.82,-52.43
-4.64,24.05,-78.80
-4.94,33.39,-98.02
-4.33,40.28,-113.22
-5.13,40.41,-124.27
-8.97,33.45,-127.38
-12.76,22.52,-120.36
-14.16,9.58,-105.71
-12.82,-3.66,-89.05
-11.11,-15.99,-71.90
-7.14,-29.48,-52.55
-3.85,-46.33,-31.74
-4.64,-63.35,-12.51
-5.98,-78.61,3.97
-7.20,-91.55,18.98
-12.33,-70.50,13.43
2.81,-52.37,-3.66
26.31,-43.40,-4.88
31.62,-24.60,4.03
45.10,-5.62,7.08
60.55,-3.05,8.91
70.68,-13.98,13.55
78.55,-20.39,16.36
93.93,-31.62,20.51
97.17,-26.73,21.24
94.18,-18.01,19.84
90.70,-15.01,16.30
79.77,-13.37,16.48
62.68,-8.54,10.68
42.30,-8.00,8.30
18.98,-3.17,1.22
-0.67,2.50,-1.10
-12.88,-1.28,-4.09
-21.00,-10.80,-7.45
-25.45,-17.09,-10.50
-28.63,-15.63,-12.27
-33.39,-7.57,-13.06
-38.94,0.79,-12.51
-46.20,13.92,-11.90
-49.32,26.98,-4.21
-51.70,41.56,9.77
-54.75,53.16,14.04
-53.41,58.53,7.20
-49.44,57.37,-0.55
-44.98,51.39,-3.05
-38.82,42.91,0.24
-33.02,31.19,7.69
-26.98,14.77,18.25
-21.06,-5.92,30.15
-14.28,-29.97,41.69
-6.47,-56.88,50.96
-3.11,-69.52,48.34
-6.77,-35.95,10.99
28.50,-23.07,-6.96
46.33,-16.42,4.94
52.61,-8.91,22.89
70.01,-1.28,26.25
87.77,-2.81,30.70
101.01,-7.51,40.34
112.73,-10.86,38.33
119.14,-8.61,32.47
115.05,-11.17,28.38
105.90,-11.47,23.07
94.48,-17.58,18.31
80.63,-15.38,10.86
67.57,-9.70,9.16
55.05,-8.85,11.78
40.95,-6.77,11.60
28.08,-4.58,7.14
18.74,-6.71,5.92
10.80,-7.32,3.72
5.62,-10.19,2.20
3.11,-14.10,1.22
1.65,-16.11,1.46
0.24,-14.71,1.89
-1.04,-11.17,2.56
-2.99,-6.65,3.72
-4.39,-1.53,4.46
-4.88,4.15,5.92
-5.37,9.77,7.20
-5.55,14.16,7.63
-6.23,17.27,7.75
-8.00,20.02,7.63
-10.44,23.56,6.71
-12.88,29.42,5.98
-12.63,37.60,5.31
-11.29,45.96,6.59
-10.80,53.96,3.30
-8.97,68.73,-1.59
-3.05,86.06,-7.02
















-,-,-
0.73,-0.06,-2.56
-0.18,-0.06,-1.77
-0.24,0.24,-1.16
0.31,-0.06,-0.49
0.49,-0.49,-0.18
0.67,-0.49,0.00
0.37,-0.55,0.18
0.67,-0.55,0.43
1.22,-1.04,0.61
1.28,-1.46,0.67
1.34,-1.77,0.67
1.16,-1.89,0.67
0.61,-1.65,0.67
0.73,-1.65,0.79
0.73,-2.50,0.92
0.31,-3.66,1.16
0.12,-4.58,1.77
-0.73,-4.70,2.32
-1.40,-3.23,1.77
-1.16,-1.28,0.49
-0.79,0.67,-1.28
-0.43,2.87,-3.17
0.55,4.70,-4.33
1.77,6.04,-4.64
2.50,6.84,-4.33
2.93,6.90,-3.72
3.17,6.59,-3.17
2.69,5.74,-2.56
2.14,4.82,-1.59
1.34,2.87,-0.06
0.18,-0.67,1.77
-0.61,-5.31,3.60
-1.40,-11.60,6.10
-0.92,-19.84,9.46
-0.55,-29.60,13.00
-1.65,-38.88,15.50
-4.33,-38.02,11.84
-3.23,-22.16,-1.04
8.79,-19.84,-1.83
5.31,-20.32,2.87
5.07,-13.12,6.04
11.54,-4.27,18.86
11.66,3.36,32.59
17.15,10.56,46.88
29.91,15.87,72.88
36.68,20.14,91.80
37.84,24.78,101.01
37.84,28.08,108.46
35.10,28.38,116.88
32.04,21.48,123.54
26.67,20.20,123.90
23.07,18.49,121.34
18.49,15.75,118.96
13.61,13.61,112.43
12.82,11.54,107.85
6.29,11.66,95.58
8.24,7.87,91.19
10.01,5.37,93.32
11.17,0.98,91.49
6.47,-0.49,77.58
7.26,1.46,60.18
3.85,2.01,49.56
2.81,3.60,42.42
0.73,6.65,33.45
-2.69,11.96,12.02
-0.37,14.10,-2.50
-0.61,14.53,-15.63
-2.75,12.94,-43.03
-4.33,11.90,-81.54
-6.65,12.70,-116.15
-12.02,15.69,-133.67
-17.09,20.14,-139.77
-21.61,23.19,-138.12
-24.54,23.07,-130.86
-25.76,20.08,-120.67
-24.96,14.34,-109.86
-24.11,5.31,-99.30
-23.86,-3.60,-87.71
-23.32,-11.35,-71.90
-18.98,-21.42,-49.26
-13.12,-34.00,-23.80
-8.42,-47.00,-3.11
-5.49,-60.61,10.74
-3.91,-73.85,17.82
-8.48,-54.50,10.07
4.33,-40.53,-0.92
30.70,-36.25,-1.16
38.21,-25.94,8.30
50.35,-10.01,12.76
66.65,-5.43,13.98
81.54,-13.24,19.59
94.67,-24.05,19.53
107.79,-32.59,13.31
107.36,-34.24,5.43
102.72,-33.81,-2.81
96.37,-26.73,-4.82
90.88,-23.32,0.00
70.13,-12.88,0.18
47.85,-6.16,2.44
26.67,-0.85,2.26
7.87,4.64,1.10
-2.50,1.77,-2.69
-14.16,-2.20,-4.27
-21.30,-14.28,-8.73
-26.55,-23.56,-13.92
-30.94,-26.98,-18.31
-37.11,-21.73,-20.75
-46.69,-4.64,-20.94
-56.58,10.25,-18.80
-62.44,21.97,-7.63
-65.00,31.25,7.14
-69.95,34.91,8.97
-68.36,35.64,1.10
-62.62,33.45,-4.09
-54.14,26.55,-2.14
-44.25,16.72,6.29
-34.97,5.19,19.23
-28.69,-6.71,35.34
-20.63,-21.42,51.64
-13.37,-36.80,61.22
-25.82,-22.83,28.32
0.18,-8.61,0.98
26.67,-12.57,11.54
36.50,-13.00,23.07
54.99,1.77,22.95
72.88,7.81,32.17
84.41,4.76,41.20
99.91,-1.71,42.42
110.96,-3.23,36.13
122.50,-13.61,29.48
126.71,-18.01,24.72
125.98,-17.03,13.79
121.09,-17.76,15.01
104.31,-19.29,11.05
78.00,-16.42,8.67
50.60,-11.11,3.11
34.79,-12.21,-0.79
21.67,-6.96,1.46
12.45,-3.23,-0.18
6.23,-7.51,-1.77
3.66,-15.99,-3.54
1.34,-21.12,-4.27
-0.79,-20.75,-4.03
-1.89,-15.14,-2.38
-3.66,-6.04,0.61
-7.51,4.03,2.93
-11.17,13.55,4.15
-13.00,22.28,4.88
-13.92,30.64,5.07
-13.06,40.77,4.64
-10.38,49.80,7.87
-9.77,58.29,8.85
-8.36,66.77,3.91
-4.64,80.02,-0.67
2.20,94.60,-3.66
8.61,108.46,-8.42
15.44,118.84,-14.53
22.95,123.78,-17.70
29.17,121.83,-16.36
34.36,115.84,-13.00
37.72,110.23,-9.89
39.00,106.63,-6.84
39.18,104.98,-4.58
39.18,104.13,-3.30
39.73,101.81,-2.44
38.09,98.21,-2.26
33.51,94.18,-1.59
26.25,90.27,0.73
17.88,84.66,4.82
10.68,75.50,10.44
5.68,60.30,16.54
2.44,39.49,22.22
-1.28,18.80,26.25
-5.25,1.95,28.75
-10.38,-7.93,30.88
-14.16,-11.84,32.90
-19.29,-11.47,34.18
-27.77,-7.14,33.75
-36.74,-2.01,31.37
-44.37,1.28,28.50
















-,-,-
-0.06,0.98,-1.46
0.61,1.04,-1.04
0.98,0.92,-0.55
1.10,0.67,0.24
1.16,0.37,0.85
0.98,-0.12,1.04
1.22,-0.61,1.10
0.79,-0.79,1.10
0.73,-0.49,0.85
1.10,0.00,1.16
1.34,0.06,1.22
1.53,-0.37,1.34
1.53,-0.98,1.77
1.53,-1.53,2.01
1.65,-2.20,2.50
1.40,-2.93,2.99
0.85,-3.30,3.42
0.06,-2.99,3.30
-0.31,-2.08,2.56
0.43,-1.28,1.89
1.22,-0.43,1.34
1.59,0.06,0.92
1.77,0.61,0.73
1.89,0.98,1.04
1.83,0.92,1.40
1.53,0.31,1.40
1.28,-0.37,0.85
0.92,-0.31,0.18
1.10,-0.73,0.24
1.28,-1.59,0.79
1.40,-2.93,1.34
1.46,-5.37,2.08
1.28,-8.61,2.93
1.10,-12.51,3.91
0.61,-16.60,5.25
0.43,-21.06,7.02
-0.06,-23.38,7.57
-1.04,-18.55,2.62
0.79,-10.07,-2.62
2.99,-9.89,-1.83
2.01,-11.23,2.56
0.67,-7.45,1.89
2.20,-5.00,1.22
2.75,-4.39,2.93
6.04,-1.95,11.05
15.08,0.98,28.26
18.80,6.77,42.11
26.25,12.39,54.38
36.74,13.31,74.95
42.72,16.36,98.21
47.67,19.53,116.15
53.47,24.60,130.74
57.07,25.76,149.41
54.69,29.91,161.99
55.18,21.73,169.49
46.33,17.70,156.92
36.13,13.61,133.54
27.53,5.68,113.16
18.49,-1.28,98.82
13.61,0.12,86.36
12.08,-3.36,78.25
11.17,-1.89,74.52
6.29,-1.28,65.80
2.99,-2.38,56.27
-1.77,-3.54,41.56
-1.53,-2.32,35.28
0.24,5.68,30.09
-1.04,10.80,20.32
-2.69,10.13,-1.71
-3.60,11.35,-19.17
-9.77,11.11,-41.44
-12.70,14.83,-70.31
-14.89,18.55,-91.67
-20.94,23.56,-105.53
-25.45,27.34,-118.90
-29.24,27.53,-130.25
-33.39,24.48,-133.48
-34.73,19.35,-126.77
-33.08,13.00,-114.62
-31.01,6.41,-100.40
-27.28,-1.10,-85.88
-22.28,-10.38,-71.66
-16.17,-24.41,-56.64
-11.90,-40.22,-39.49
-9.70,-54.20,-21.61
-6.71,-64.58,-5.80
-1.71,-63.48,5.74
-2.75,-32.47,9.09
19.71,-25.57,6.29
40.28,-20.32,5.74
50.78,-16.11,5.13
64.21,-9.03,4.39
74.95,-8.79,5.74
84.53,-9.28,9.40
92.47,-13.79,9.83
97.11,-18.86,7.39
93.32,-15.99,6.35
84.90,-14.71,-0.73
76.11,-15.93,1.34
52.98,-8.67,0.85
32.04,-0.06,-3.66
16.78,-3.23,-4.03
2.81,1.28,-5.37
-4.94,1.53,-3.66
-12.70,-5.31,-5.55
-20.08,-14.77,-9.58
-29.30,-22.09,-15.01
-37.90,-22.89,-19.53
-43.52,-14.95,-20.14
-45.84,-2.14,-16.11
-47.73,11.35,-4.46
-51.82,24.35,7.69
-54.57,34.42,8.61
-53.34,41.44,2.81
-48.83,43.52,-1.53
-43.27,41.81,-2.26
-36.32,37.72,-0.12
-29.66,30.88,5.62
-21.97,20.20,15.32
-12.27,5.98,28.50
-4.15,-9.83,44.07
2.56,-27.28,61.04
9.77,-47.24,74.65
13.92,-57.43,73.49
-2.26,-24.54,29.60
27.47,-11.78,-0.67
49.74,-13.98,5.49
59.27,-11.17,21.73
77.94,2.75,29.11
96.50,11.84,38.64
109.01,14.47,41.50
121.70,0.31,37.72
119.51,-2.81,23.56
109.92,-9.09,8.24
93.93,-19.17,-0.85
81.97,-26.31,-9.40
70.01,-24.54,-7.81
55.79,-24.41,-4.94
40.77,-16.36,-2.44
29.30,-12.15,-2.99
21.61,-6.16,-2.75
14.40,-3.91,-0.55
8.48,-9.22,-1.34
4.58,-16.66,-2.99
1.89,-20.87,-3.85
0.18,-21.91,-3.78
-1.16,-20.20,-3.30
-0.37,-17.15,-2.75
-1.22,-13.24,-2.38
-4.15,-9.58,-2.14
-6.29,-6.77,-2.93
-8.67,-4.09,-3.36
-10.19,-1.16,-3.17
-9.95,2.81,-1.89
-8.61,8.36,0.12
-8.54,14.10,1.59
-9.09,20.14,2.44
-11.17,27.83,1.65
-13.55,37.60,1.10
-13.55,47.79,3.78
-11.90,57.50,8.54
-11.66,66.04,12.21
-10.74,75.07,8.48
-6.77,83.68,-0.92
-1.46,88.99,-11.17
4.03,93.32,-19.65
8.97,98.14,-24.35
14.16,102.17,-24.78
19.04,104.68,-22.95
22.28,105.16,-19.65
24.84,102.72,-15.75
26.43,98.02,-11.96
26.06,92.77,-7.69
25.39,87.59,-3.17
25.02,83.31,1.53
25.27,80.57,6.65
25.09,77.94,11.66
24.72,75.87,15.93
25.39,73.18,18.92
27.22,68.79,20.69
















-,-,-
-1.77,-3.36,1.04
-2.26,-3.66,0.98
-2.62,-3.97,0.43
-3.78,-3.42,-0.73
-5.31,-2.32,-2.20
-7.14,-2.56,-2.62
-8.12,-2.38,-3.11
-8.97,-2.56,-2.87
-10.19,-2.93,-2.14
-10.99,-2.44,-1.83
-12.08,-1.40,-3.17
-13.12,-0.49,-5.07
-13.79,-0.24,-7.63
-14.16,-0.85,-8.85
-15.08,-1.65,-8.67
-16.11,-2.08,-7.39
-15.87,-1.77,-6.04
-15.38,-1.22,-5.86
-13.98,0.43,-6.77
-13.00,1.10,-8.06
-13.55,0.37,-8.48
-12.82,-0.61,-8.91
-10.86,-1.71,-8.97
-9.16,-3.17,-8.30
-8.61,-4.52,-6.96
-9.16,-5.92,-5.25
-9.46,-6.16,-4.39
-10.99,-5.07,-4.39
-11.66,-2.62,-4.82
-11.41,-0.43,-5.55
-10.80,0.92,-6.47
-9.46,0.92,-6.90
-9.83,-0.06,-6.90
-10.86,-1.53,-6.29
-12.08,-2.56,-5.37
-12.94,-3.17,-4.88
-13.18,-3.78,-5.43
-13.73,-3.72,-6.96
-14.04,-4.27,-8.00
-15.69,-5.31,-8.42
-18.80,-5.13,-8.54
-21.67,-4.15,-9.34
-23.07,-2.32,-11.72
-22.77,-1.53,-13.98
-21.79,-1.83,-15.44
-20.20,-3.85,-16.30
-19.35,-8.06,-17.03
-16.97,-15.50,-18.07
-15.08,-24.05,-19.35
-15.87,-31.62,-18.01
-16.11,-37.96,-13.12
-12.15,-45.96,-5.37
-6.16,-57.01,4.09
-6.23,-66.41,15.08
-17.27,-51.57,16.17
-17.46,-15.69,-1.22
-2.87,-16.91,-2.44
-3.36,-18.19,5.19
-4.76,-3.30,17.82
12.02,15.08,45.29
30.58,25.88,79.65
46.45,33.51,110.72
61.89,38.02,134.40
76.78,37.11,160.46
81.60,39.86,176.70
82.76,40.10,188.96
74.16,34.42,193.91
59.63,27.40,182.80
41.44,21.79,153.20
26.98,13.79,118.77
17.03,7.87,88.93
11.05,2.20,71.66
2.93,3.85,54.63
0.06,4.94,36.44
-1.77,4.94,21.42
-1.59,6.16,13.85
-2.14,5.13,4.52
-2.20,5.25,-5.07
-5.31,8.79,-10.86
-9.58,11.66,-23.32
-13.37,13.43,-49.19
-15.50,13.31,-76.97
-19.29,14.71,-93.14
-23.80,21.00,-99.30
-27.10,27.04,-102.48
-29.85,29.11,-105.96
-31.25,27.04,-108.70
-29.97,20.75,-108.70
-26.18,11.17,-102.84
-21.36,-0.18,-90.15
-17.88,-10.38,-72.69
-14.83,-19.35,-54.38
-12.08,-28.32,-36.68
-8.67,-38.39,-19.17
-3.66,-50.11,-3.05
-0.92,-62.74,11.05
1.65,-65.86,18.86
2.26,-25.39,8.97
19.53,-13.85,6.65
34.61,-8.42,14.71
41.81,-1.95,16.48
48.71,2.32,8.54
53.96,4.46,2.69
57.80,-5.31,3.85
59.39,-15.56,3.36
58.90,-21.97,-0.92
53.28,-21.73,-1.95
46.63,-18.86,-2.56
40.83,-15.01,-1.46
33.02,-10.01,-1.40
23.44,-7.20,-1.95
10.80,-3.60,-5.92
0.92,-2.20,-6.53
-5.43,-1.71,-4.52
-8.73,-4.70,-4.03
-12.15,-5.13,-4.70
-15.69,-0.49,-4.33
-18.43,6.23,-3.66
-19.29,13.00,-1.65
-18.31,22.03,3.66
-17.40,31.25,12.88
-19.17,39.98,14.89
-21.48,49.80,6.23
-21.36,58.41,-2.50
-20.87,62.68,-5.00
-19.23,61.95,-2.87
-17.09,55.91,1.46
-15.56,46.26,6.53
-13.24,33.87,13.00
-10.07,17.46,21.06
-6.96,-3.30,29.97
-0.85,-27.77,39.31
7.02,-54.63,48.71
13.12,-77.82,57.13
17.09,-91.92,62.81
12.39,-43.52,40.41
21.61,-10.86,16.91
53.28,-10.07,16.97
63.11,-2.44,27.40
72.81,11.78,23.86
82.52,5.80,19.41
85.08,-4.03,16.17
86.24,-14.83,5.25
87.28,-19.35,-5.98
89.11,-19.04,-10.31
81.97,-15.38,-6.77
62.87,-11.90,-2.87
41.32,-8.61,-4.15
24.11,-4.82,-5.00
14.71,-5.68,-3.05
5.49,0.31,-0.73
-0.37,-3.60,0.49
-3.91,-11.96,-2.38
-6.59,-16.42,-3.36
-8.18,-14.28,-2.75
-7.14,-8.00,-1.71
-5.98,-1.83,-0.31
-4.94,3.17,0.98
-4.70,6.23,1.04
-7.02,6.65,-0.37
-9.28,5.43,-2.08
-10.31,5.31,-2.01
-11.35,7.51,-0.98
-11.66,10.86,0.24
-12.02,14.95,0.98
-12.82,19.96,-0.98
-13.67,24.90,-3.30
-15.20,30.27,-5.98
-17.03,35.71,-15.32
-14.10,42.97,-23.01
-9.09,55.60,-22.52
-4.52,70.31,-20.94
0.31,83.07,-22.22
5.62,91.00,-25.21
9.34,93.02,-26.92
11.35,92.90,-26.55
12.57,92.22,-24.90
13.79,91.00,-23.25
14.47,89.17,-21.67
13.92,85.82,-18.86
















-,-,-
1.40,0.00,0.31
1.59,0.31,0.31
1.77,0.43,0.49
1.53,0.67,0.61
1.59,0.61,0.43
1.46,0.98,0.37
1.28,0.85,0.61
1.53,0.79,0.43
1.46,0.85,0.00
1.16,0.67,0.37
1.22,0.61,0.67
1.65,0.85,0.37
1.89,0.55,0.18
1.89,0.37,-0.06
1.77,0.55,0.00
1.83,0.61,0.31
1.95,0.79,0.18
2.14,0.98,0.24
2.20,1.22,0.37
2.56,1.16,0.49
2.99,1.10,0.43
2.87,1.34,0.49
2.93,1.28,0.24
2.44,1.16,0.12
2.38,1.22,-0.18
1.89,1.22,-0.24
1.77,1.10,-0.43
1.46,0.67,-0.79
1.04,0.31,-1.53
1.04,0.37,-2.26
0.49,0.79,-3.78
0.49,0.85,-5.49
0.00,1.77,-7.14
-0.73,2.75,-8.54
-0.85,3.66,-9.95
-0.55,4.33,-12.21
-1.10,4.94,-13.61
-2.69,5.07,-12.82
-4.64,4.09,-11.11
-7.87,0.49,-9.77
-9.28,-5.43,-7.02
-8.30,-16.78,-1.77
-9.46,-29.85,4.70
-12.51,-41.56,11.23
-14.40,-52.19,18.86
-18.86,-53.10,20.39
-21.36,-34.00,5.62
-8.36,-19.90,5.49
6.16,-12.70,29.48
16.85,-4.15,68.60
26.49,7.87,100.71
33.51,22.34,119.57
46.08,30.40,143.62
50.60,35.10,169.62
47.36,38.76,173.71
41.56,38.51,164.86
33.33,29.97,149.78
22.03,20.20,132.20
14.83,10.38,108.64
6.59,5.80,82.21
1.34,2.20,64.39
-2.87,1.53,48.77
-4.52,1.10,40.65
-6.84,3.17,35.58
-8.91,4.46,25.33
-9.89,7.14,11.47
-8.73,8.79,0.73
-7.93,11.47,-8.54
-5.62,13.98,-15.14
-6.47,18.01,-32.90
-8.85,19.59,-62.56
-10.56,20.94,-89.36
-15.50,24.48,-106.02
-21.55,27.89,-115.36
-22.64,28.44,-117.80
-19.23,26.67,-111.69
-15.26,23.62,-98.88
-10.56,18.86,-82.40
-6.23,11.96,-64.15
-3.42,3.30,-47.24
-1.59,-6.84,-33.69
0.49,-20.45,-22.89
2.38,-38.33,-12.70
2.50,-58.23,-3.05
1.89,-78.25,7.57
1.16,-95.15,18.07
-5.37,-79.77,16.05
-5.31,-51.57,-0.55
20.02,-41.02,-7.02
28.63,-31.13,0.24
38.57,-20.81,9.03
51.88,-15.20,12.88
64.15,-15.26,16.11
71.29,-16.05,20.57
84.41,-25.51,29.17
90.58,-27.40,28.75
89.97,-21.67,25.88
88.75,-18.25,22.40
83.80,-15.63,16.97
77.09,-10.80,13.31
65.86,-7.87,14.04
48.65,-6.10,15.20
29.54,-1.77,7.26
16.85,-2.75,5.55
7.69,-3.54,4.39
1.04,-3.48,-0.43
-2.56,-7.69,-3.05
-5.13,-11.29,-3.66
-7.63,-11.11,-4.03
-10.99,-8.12,-4.70
-15.14,-3.91,-6.29
-20.14,2.01,-8.24
-27.22,12.57,-12.45
-34.36,26.25,-17.33
-39.00,34.18,-13.67
-44.62,40.83,-9.03
-50.96,51.09,-11.78
-53.04,64.45,-20.81
-53.16,71.29,-27.04
-52.55,69.95,-27.16
-49.87,62.44,-22.40
-45.35,49.44,-15.01
-38.82,31.92,-6.23
-31.62,12.39,4.58
-22.95,-8.79,18.49
-14.10,-31.80,33.08
-6.29,-54.93,46.26
-0.12,-76.35,57.31
3.60,-94.30,64.70
-1.34,-79.90,48.22
-1.83,-46.45,4.64
38.15,-33.08,-8.18
46.69,-21.91,8.12
57.98,-7.39,22.71
73.12,4.58,30.21
86.36,11.35,36.74
99.06,1.40,41.69
104.68,-4.76,33.81
108.70,-10.31,27.28
106.20,-13.12,24.90
107.24,-16.42,23.38
106.08,-12.88,25.63
100.04,-9.16,24.35
87.71,-4.70,18.25
72.45,-1.95,17.40
57.74,-0.24,16.78
44.13,1.16,14.04
33.33,3.17,12.51
26.86,-6.96,8.79
18.80,-4.76,5.00
9.70,0.49,2.75
6.10,-4.58,1.71
6.16,-7.81,2.69
7.81,-7.81,3.60
7.02,-7.02,5.00
5.37,-5.25,6.23
3.36,-3.23,6.59
1.28,-1.22,6.77
-0.55,0.67,6.59
-2.32,2.44,6.04
-2.99,3.91,6.10
-3.36,5.86,6.59
-3.60,7.63,6.65
-4.70,8.91,6.35
-6.59,10.25,5.92
-8.79,11.90,5.92
-9.77,15.20,6.84
-9.46,19.96,7.93
-7.02,25.39,9.09
-4.94,30.76,9.83
-4.39,35.03,9.34
-3.85,35.77,10.50
-5.80,37.48,9.28
-6.77,36.99,4.33
-9.34,37.41,-6.29
-9.16,40.04,-11.96
-6.77,44.25,-9.83
-3.97,49.80,-6.41
-1.04,53.96,-5.19
1.83,56.03,-4.70
















-,-,-
-3.05,-5.68,-2.62
-3.05,-5.19,-2.50
-2.38,-4.46,-2.20
-1.83,-3.91,-1.95
-1.46,-2.87,-2.08
-0.85,-1.77,-2.50
-0.43,-1.28,-2.62
-0.37,-1.10,-2.75
-0.12,-0.85,-2.99
-0.37,-0.79,-2.93
-0.43,-0.98,-2.20
-0.24,-1.40,-1.22
-0.18,-1.89,-0.24
-0.43,-2.08,-0.73
-1.10,-1.95,-2.26
-1.53,-2.08,-3.85
-1.83,-1.77,-5.86
-1.59,-1.10,-7.75
-1.28,0.31,-8.24
-0.49,1.83,-7.14
0.79,3.60,-5.43
2.01,4.52,-4.09
2.62,4.88,-3.36
3.05,5.13,-3.17
2.87,5.25,-2.93
2.38,5.07,-2.26
2.08,4.27,-1.40
1.40,3.17,-0.67
0.85,1.71,-0.43
0.24,0.49,-0.49
-0.37,-0.31,-0.92
-0.85,-0.85,-1.10
-1.40,-1.46,-1.04
-2.93,-2.44,-1.04
-4.58,-5.13,-0.61
-5.80,-10.62,0.37
-7.02,-19.29,1.40
-7.69,-31.43,3.91
-8.06,-45.53,7.63
-11.05,-47.55,5.07
-13.06,-32.47,-8.12
-2.56,-29.54,-9.52
-1.28,-28.26,-1.89
-3.30,-24.54,1.65
6.65,-15.20,14.47
14.53,-4.21,43.21
19.96,4.82,69.95
31.31,11.29,92.77
41.44,22.40,112.24
50.35,28.50,137.45
50.17,33.75,164.25
44.31,36.32,179.20
36.50,36.19,182.80
23.80,31.19,169.98
17.64,21.00,149.78
7.69,13.49,120.79
6.71,3.78,98.51
4.21,-2.75,85.94
-0.98,-3.60,65.31
-3.72,0.98,37.17
-0.24,1.28,30.21
-2.56,3.17,33.63
-5.92,5.80,21.06
-7.20,7.39,3.60
-6.04,8.73,-4.39
-8.24,11.35,-8.42
-12.08,11.66,-22.28
-14.77,11.72,-44.56
-16.97,12.94,-68.30
-19.10,14.47,-89.05
-20.39,18.13,-99.91
-21.91,22.71,-102.84
-21.18,28.14,-104.49
-19.35,31.31,-105.59
-16.60,30.88,-104.68
-13.06,26.86,-101.01
-9.09,19.41,-93.14
-6.35,9.40,-82.40
-5.43,-0.24,-69.46
-3.72,-9.52,-53.59
0.43,-21.30,-34.73
4.39,-35.64,-16.11
8.12,-53.10,-2.08
10.86,-73.18,7.81
11.23,-92.71,15.26
5.98,-76.97,10.56
4.27,-49.26,-1.95
30.27,-43.03,-7.87
30.82,-37.78,-1.89
35.28,-23.74,2.01
49.50,-9.28,5.07
61.22,-4.46,11.66
78.37,-17.70,14.40
98.57,-33.63,9.83
111.33,-35.10,13.55
116.27,-29.79,21.73
118.71,-24.48,20.26
114.26,-16.97,20.02
108.28,-11.17,22.16
91.31,-2.93,17.03
68.36,-3.91,14.71
39.25,2.99,14.34
17.82,3.05,9.22
2.69,2.38,2.20
-6.71,-3.05,-0.92
-11.84,-13.79,-4.52
-16.42,-21.97,-6.77
-19.53,-23.07,-8.12
-21.85,-17.70,-8.30
-24.23,-8.12,-8.54
-27.95,0.00,-7.69
-40.34,18.49,-12.08
-52.00,33.57,-18.55
-60.30,37.11,-15.20
-64.76,38.64,-9.34
-70.25,39.12,-7.93
-73.30,42.85,-14.59
-72.33,48.77,-24.78
-70.43,50.60,-29.48
-66.04,48.34,-27.22
-59.45,43.21,-20.69
-51.45,34.30,-10.56
-44.31,20.69,2.99
-37.54,4.94,17.15
-31.56,-10.99,29.85
-23.13,-28.75,41.14
-13.55,-50.29,51.82
-7.57,-73.61,61.22
-5.86,-90.39,65.19
-20.45,-60.36,31.92
-6.84,-30.76,-4.82
31.92,-17.52,-2.75
35.58,-20.87,12.21
42.72,-8.79,13.49
59.14,5.19,15.32
67.75,11.29,24.66
77.21,7.63,31.62
89.78,1.34,27.04
96.13,-5.68,26.37
98.33,-11.84,25.09
97.35,-12.08,23.62
100.46,-19.10,21.67
98.14,-15.56,18.92
99.06,-22.28,18.80
96.44,-25.21,16.05
89.42,-17.46,15.81
79.28,-20.02,17.46
62.01,-17.70,14.04
46.81,-11.29,8.24
36.13,-7.14,5.62
29.05,-0.73,4.70
24.11,-1.89,6.41
20.26,-8.48,4.82
14.40,-14.65,2.01
7.63,-19.71,-2.01
2.20,-23.07,-4.33
-1.04,-23.56,-4.76
-2.75,-21.24,-4.52
-4.46,-17.58,-3.91
-5.55,-12.88,-2.99
-4.94,-7.39,-1.16
-4.15,-1.46,1.28
-4.09,4.21,3.78
-4.58,9.95,6.41
-5.80,15.26,8.48
-7.02,19.78,9.95
-8.00,23.93,11.35
-9.16,28.08,13.24
-10.25,32.84,15.20
-10.13,38.57,16.78
-10.13,44.43,17.40
-11.35,50.48,16.11
-9.52,54.38,16.97
-11.54,59.33,14.04
-14.71,64.15,2.99
-15.87,77.51,-4.82
-12.02,93.81,-7.26
-4.88,107.91,-9.46
3.17,117.43,-13.24
10.68,122.99,-16.85
















-,-,-
-4.70,-5.55,-6.35
-5.68,-5.25,-7.32
-6.29,-4.82,-8.48
-6.29,-4.03,-9.03
-5.98,-3.36,-8.85
-5.13,-2.75,-7.69
-4.27,-2.75,-6.41
-4.58,-2.93,-5.37
-4.64,-3.11,-4.76
-4.39,-3.85,-4.58
-3.78,-4.52,-4.46
-3.60,-5.00,-4.27
-3.91,-4.70,-4.21
-4.64,-4.03,-4.15
-4.46,-3.30,-3.91
-3.97,-3.42,-3.60
-3.48,-4.09,-3.17
-2.81,-4.76,-2.75
-2.01,-4.94,-2.44
-1.34,-5.25,-1.59
-1.10,-5.80,-0.98
-1.16,-6.41,-0.98
-1.16,-7.26,-1.53
-1.22,-7.87,-1.95
-1.77,-8.30,-2.44
-1.95,-7.75,-2.14
-1.65,-7.32,-1.53
-0.98,-7.39,-1.40
-0.73,-7.08,-1.89
-0.49,-6.84,-3.48
0.55,-6.41,-3.72
2.26,-7.26,-1.89
3.11,-7.63,-1.59
5.98,-8.79,-0.49
7.75,-8.61,1.95
7.39,-8.36,2.69
6.04,-9.83,1.77
3.11,-11.05,1.16
0.00,-10.74,4.33
3.91,-8.06,18.01
12.94,-5.19,43.52
19.96,1.16,69.21
26.79,11.29,91.31
36.93,15.87,115.23
47.36,23.68,141.54
56.46,29.30,165.83
60.85,33.39,184.51
57.19,31.80,196.90
47.00,25.51,193.60
32.04,22.16,169.13
19.29,15.32,136.90
12.15,6.29,117.07
3.54,0.49,98.51
2.75,-0.31,81.54
-0.61,0.37,65.92
-1.71,2.81,48.58
-2.32,4.21,35.95
-2.14,5.68,28.02
-2.08,7.26,17.33
-2.38,7.45,5.37
-3.48,8.61,-3.60
-5.37,10.50,-8.06
-8.91,12.08,-22.52
-13.37,11.72,-49.87
-17.40,14.77,-82.89
-20.45,17.70,-114.75
-23.68,20.14,-133.67
-26.86,23.01,-137.02
-26.31,25.94,-128.36
-23.19,27.34,-112.24
-19.04,26.61,-94.79
-14.71,22.64,-80.26
-11.29,15.87,-68.85
-8.67,6.29,-58.96
-7.87,-4.15,-49.50
-8.30,-16.36,-39.92
-7.57,-32.59,-29.60
-8.42,-50.29,-16.05
-7.32,-66.22,-0.06
-3.72,-80.26,16.48
-2.38,-77.51,22.52
-7.02,-45.90,6.41
19.23,-36.07,-1.89
34.91,-27.04,4.52
40.28,-11.41,11.60
54.14,3.30,14.10
65.00,7.39,19.17
75.87,-10.25,19.65
88.20,-24.23,12.33
99.73,-29.05,9.16
107.42,-29.60,14.65
110.90,-27.47,21.67
106.93,-20.39,19.96
98.08,-15.32,16.24
80.57,-10.68,14.40
56.21,-3.11,13.73
33.81,2.32,10.01
14.16,12.94,7.93
4.64,9.95,7.08
-0.18,0.12,4.39
-3.72,-7.81,1.16
-7.57,-12.27,-1.10
-10.50,-12.15,-2.14
-12.02,-8.06,-3.17
-16.05,-2.93,-3.85
-23.07,2.50,-5.37
-28.93,7.26,-8.00
-32.96,15.69,-10.99
-37.41,26.67,-12.76
-41.69,33.20,-10.31
-48.28,39.67,-7.02
-54.32,50.72,-6.77
-56.76,62.26,-12.70
-56.09,69.09,-19.84
-53.83,68.24,-22.83
-50.17,61.10,-20.81
-46.75,49.38,-13.18
-41.44,35.16,-2.32
-35.22,19.04,10.31
-28.99,0.37,22.09
-24.35,-18.74,32.65
-17.70,-39.49,42.24
-11.23,-62.44,49.32
-9.64,-82.28,53.96
-9.34,-85.94,51.09
-20.57,-48.03,18.62
5.55,-26.06,-2.99
29.54,-20.45,3.48
27.40,-17.88,15.14
34.36,-3.05,14.77
40.10,5.19,14.65
38.21,5.31,14.71
41.56,-1.77,12.15
45.23,-7.57,7.14
49.87,-4.70,8.54
55.85,-8.12,13.24
63.72,-20.51,7.93
71.11,-15.44,4.39
82.28,-26.61,8.73
93.44,-30.64,7.75
103.45,-30.52,10.68
107.54,-24.60,14.77
104.92,-21.79,21.18
102.23,-24.78,22.52
98.88,-22.77,16.66
96.01,-17.70,12.94
92.53,-9.89,18.74
81.54,2.75,18.62
76.66,-3.11,17.40
64.03,4.76,20.20
47.73,10.31,19.35
31.49,3.23,14.04
19.90,-3.78,7.93
11.72,-4.03,5.80
6.29,-9.22,3.05
1.46,-15.81,-0.06
-3.42,-19.71,-2.75
-7.75,-20.45,-4.03
-11.41,-18.37,-4.39
-15.01,-14.28,-3.97
-18.07,-8.42,-2.75
-20.32,-1.89,-1.28
-20.08,5.92,1.04
-19.29,14.65,3.97
-19.84,22.34,6.04
-19.71,29.30,7.75
-18.55,36.19,9.34
-17.40,42.24,10.56
-16.11,46.88,10.62
-14.47,50.54,9.16
-11.29,51.39,8.12
-7.45,48.52,10.31
-6.10,49.07,11.05
-7.32,60.36,4.76
-5.49,70.86,-4.76
-2.32,76.05,-12.76
1.40,76.78,-17.33
4.64,74.77,-17.70
6.77,72.08,-14.65
7.57,69.58,-10.19
















-,-,-
-0.37,-2.93,-0.24
-0.43,-2.14,0.18
-0.37,-1.65,0.49
-0.24,-0.92,0.85
0.31,-0.37,1.04
0.73,0.24,1.04
1.04,0.12,1.10
1.22,-0.24,1.65
1.04,-0.67,2.20
0.43,-1.10,1.89
-0.06,-1.71,1.04
-0.18,-1.95,0.85
0.12,-1.71,1.95
1.16,-1.34,4.33
4.46,0.06,10.25
9.95,2.62,21.79
11.11,5.92,25.57
10.62,5.31,18.49
13.92,5.74,24.17
13.31,6.77,28.20
11.17,5.49,20.51
11.84,4.70,18.68
9.09,4.39,14.22
10.25,5.31,15.50
16.11,6.04,28.81
20.94,7.81,46.69
23.01,10.01,52.92
26.31,11.90,60.67
31.25,15.08,77.94
33.51,16.36,92.71
34.00,18.25,101.26
36.56,20.14,112.18
34.48,21.48,116.94
34.36,19.59,114.44
34.30,19.84,120.67
28.81,19.96,120.97
23.93,11.84,109.56
23.38,5.55,102.29
18.43,5.25,91.49
16.97,10.44,77.09
21.61,6.47,80.93
9.58,0.61,70.07
8.79,0.43,49.80
11.78,3.60,50.29
8.18,5.37,56.82
8.48,5.80,56.40
5.68,6.84,47.24
-2.32,8.54,30.15
-4.88,10.07,10.13
-2.75,13.85,-1.46
2.14,16.05,-3.85
3.05,16.85,-5.25
-0.12,17.21,-13.67
-11.47,15.08,-39.18
-18.55,7.81,-76.66
-26.37,1.83,-111.69
-33.45,-4.39,-135.19
-38.70,-5.00,-140.93
-40.53,-0.61,-129.82
-38.88,5.25,-110.90
-34.12,9.89,-93.87
-27.04,10.44,-81.60
-21.42,7.69,-73.30
-17.64,3.30,-67.26
-15.63,-1.46,-62.87
-15.93,-5.86,-57.74
-15.87,-9.95,-49.74
-14.34,-14.89,-38.64
-11.84,-20.75,-25.02
-7.14,-27.59,-10.50
-2.38,-35.64,1.77
1.04,-45.59,12.76
2.75,-51.51,18.13
2.32,-29.54,8.12
10.44,-20.75,1.28
27.10,-18.55,1.83
32.96,-13.00,6.29
41.08,-4.21,9.22
47.73,-2.32,9.95
54.50,-9.09,7.69
61.04,-14.89,2.20
69.03,-24.90,-1.40
74.89,-25.51,-1.95
81.36,-25.70,1.28
85.39,-25.88,-0.92
88.38,-25.39,-0.73
89.84,-25.21,6.47
83.25,-15.56,8.00
68.48,-10.07,4.94
50.66,-2.81,9.52
32.17,4.58,9.22
17.76,13.12,6.77
9.16,11.54,6.59
4.94,3.66,5.86
2.87,-2.87,4.46
-0.43,-6.90,2.50
-4.03,-8.42,0.73
-9.28,-7.63,-1.34
-16.60,-5.80,-3.97
-23.32,-3.78,-7.32
-26.61,-1.53,-10.31
-27.53,0.73,-12.94
-28.75,2.75,-16.48
-31.31,5.25,-20.75
-33.45,8.54,-17.82
-37.54,20.08,-8.85
-43.15,37.78,-6.23
-46.26,55.30,-11.23
-46.20,64.39,-14.71
-42.36,63.35,-12.15
-37.72,54.69,-5.55
-33.33,41.14,3.72
-28.02,25.63,15.26
-22.89,10.68,27.89
-18.07,-3.42,44.07
-13.18,-16.91,63.96
-7.20,-31.62,85.02
-1.40,-50.17,100.65
0.61,-62.07,100.04
-17.09,-24.35,44.98
10.74,-13.98,4.52
36.80,-14.10,6.90
45.17,-7.51,25.70
60.18,13.73,31.01
75.74,25.33,34.24
88.87,9.83,37.17
104.00,-6.59,31.56
116.64,-5.92,20.94
121.28,-6.29,12.88
123.72,-4.33,6.35
117.49,-0.92,1.83
111.63,-1.04,0.67
104.74,-4.03,3.85
89.84,2.56,5.00
71.84,7.57,3.48
54.87,9.03,9.95
37.84,15.75,7.32
27.53,13.85,1.28
21.79,10.68,2.50
17.94,9.46,3.72
17.33,0.12,4.33
18.86,-6.41,3.36
14.28,-1.95,3.42
7.02,-1.71,2.32
2.08,-3.42,0.61
-0.31,-3.97,-0.18
-2.08,-3.66,-0.98
-2.56,-3.36,-1.22
-3.72,-2.87,-1.10
-5.49,-2.50,-1.34
-6.84,-1.77,-1.10
-7.02,-0.24,-0.18
-7.39,2.44,0.73
-9.34,4.94,0.85
-12.45,6.96,0.55
-14.65,9.28,0.31
-17.15,12.45,-0.12
-19.35,16.42,-1.04
-20.87,22.09,-3.11
-21.06,27.65,-3.85
-20.02,30.52,-3.11
-18.74,34.18,-3.23
-16.30,39.12,-6.04
-11.90,45.59,-11.35
-7.39,53.53,-16.60
-3.05,60.06,-19.41
0.79,65.61,-19.96
3.85,69.70,-18.49
5.98,71.78,-15.81
8.18,71.53,-12.70
10.80,69.64,-10.13
12.21,65.12,-6.90
13.00,59.08,-3.48
13.43,53.04,-0.06
12.45,48.52,3.11
10.38,45.96,6.65
7.45,45.90,9.89
5.19,48.16,12.51
3.60,50.66,13.67
2.08,51.70,14.04
















-,-,-
0.98,-0.49,1.16
1.04,-0.18,1.16
0.98,0.12,1.40
0.79,0.06,1.28
0.92,0.00,1.28
0.85,-0.06,1.40
0.73,-0.24,1.46
0.79,-0.49,1.04
1.04,-0.79,0.92
0.73,-0.98,0.67
0.79,-0.98,0.67
0.85,-1.04,0.73
0.67,-0.98,0.73
0.73,-0.92,0.55
0.61,-0.79,0.55
0.98,-0.55,0.55
1.16,-0.24,0.73
1.28,-0.12,0.98
0.85,-0.18,0.92
0.55,-0.24,0.61
0.31,-0.31,0.79
0.61,-0.12,0.85
0.85,0.06,1.10
1.04,-0.06,1.46
0.79,-0.43,1.46
0.92,-0.79,1.28
1.04,-0.92,1.40
1.77,-0.37,1.71
2.99,0.98,3.78
8.54,5.92,16.60
13.61,8.85,35.95
11.47,8.79,33.51
16.85,10.19,37.23
21.55,9.09,55.42
21.91,11.54,67.08
29.05,16.48,80.32
36.13,15.56,103.70
41.14,16.54,128.30
45.84,20.94,143.98
52.25,21.85,157.53
52.19,19.17,165.83
48.40,16.66,160.83
41.38,13.00,142.94
37.41,8.79,127.26
30.88,6.65,115.05
22.71,0.79,98.14
16.66,-3.11,84.29
11.47,-1.83,71.35
6.29,-2.87,57.13
4.88,0.18,46.81
0.43,3.36,36.19
-0.73,2.69,27.10
-3.78,5.19,14.89
-4.21,6.47,3.23
-5.43,8.85,-4.39
-4.88,10.31,-7.39
-4.88,10.31,-8.54
-5.86,11.05,-11.35
-6.53,10.62,-15.75
-10.99,10.74,-31.37
-12.88,11.23,-52.86
-15.14,13.00,-73.18
-18.31,20.08,-85.69
-21.42,28.14,-93.20
-24.17,34.24,-101.32
-25.94,35.34,-111.21
-25.51,32.53,-119.20
-22.34,26.86,-120.24
-17.70,20.69,-112.12
-15.20,14.40,-94.79
-13.73,7.26,-72.81
-12.21,-0.43,-53.04
-11.29,-8.48,-38.51
-9.16,-19.41,-27.47
-8.12,-32.23,-17.82
-6.23,-45.84,-7.81
-1.65,-59.81,2.26
4.03,-72.81,11.35
7.57,-69.40,16.72
2.44,-20.75,13.00
15.20,-11.78,9.16
29.97,-20.26,10.07
31.31,-14.34,11.23
34.73,-0.55,11.17
39.73,8.18,13.98
46.81,3.66,11.84
55.97,-7.02,7.51
66.83,-12.21,13.37
74.46,-16.36,14.40
82.95,-19.78,12.51
84.72,-18.25,10.86
78.80,-9.95,9.58
69.89,-7.26,9.95
55.97,-4.82,6.96
40.77,-4.58,3.66
25.09,-4.88,-1.34
13.24,-2.38,-1.04
8.00,-5.92,0.31
5.19,-7.02,-0.55
-0.24,-6.90,-1.89
-4.88,-8.12,-3.60
-7.93,-7.39,-4.21
-9.70,-3.78,-4.03
-12.39,0.73,-4.39
-16.30,3.85,-6.84
-21.18,5.00,-10.31
-26.49,5.92,-11.66
-30.15,11.47,-4.39
-32.96,19.17,9.70
-35.52,23.07,15.08
-37.84,25.82,8.79
-38.88,28.69,0.49
-39.25,31.49,-3.11
-37.78,35.34,-2.56
-35.95,40.04,0.00
-33.87,40.41,3.23
-30.40,33.33,6.96
-24.48,21.48,11.11
-18.74,7.81,15.44
-13.49,-4.58,21.18
-9.83,-14.53,28.87
-7.02,-23.86,36.62
-2.32,-33.69,42.60
1.77,-43.03,45.04
3.42,-33.69,38.39
-0.98,-7.39,22.28
8.91,-6.16,9.70
16.78,-12.70,8.97
21.61,-9.40,11.17
26.31,1.59,12.94
31.49,10.68,15.44
37.11,14.47,16.91
43.40,11.35,14.40
48.65,5.80,9.89
55.36,0.73,10.44
60.79,1.59,9.95
66.83,-3.78,1.53
75.44,-5.49,0.85
82.95,-3.85,-0.85
91.49,-8.73,-0.92
97.29,-7.87,-1.16
99.18,-7.87,-4.15
96.37,-4.46,-4.94
90.58,-1.40,-5.25
81.48,1.28,-1.59
74.77,0.37,0.43
68.05,-0.61,3.23
59.02,-1.04,1.04
47.18,-3.54,-5.31
37.41,-45.65,-14.16
54.38,-145.14,-23.86
46.75,-204.65,8.97
34.79,-231.99,53.47
9.83,-185.61,70.01
-39.98,-77.51,29.66
-18.80,-36.99,-26.37
9.16,-41.20,-20.39
-9.58,-30.76,-3.85
-13.18,-5.37,-5.13
-11.66,21.97,-4.03
-18.01,55.60,0.92
-26.18,93.93,3.48
-28.08,110.41,-1.77
-27.65,117.49,-16.54
-23.13,123.60,-35.83
-19.47,134.16,-48.46
-11.90,144.17,-50.84
-1.28,144.84,-44.19
9.03,136.05,-33.87
15.38,123.78,-25.94
17.52,112.49,-22.22
15.75,102.60,-19.23
10.86,94.12,-15.50
5.43,86.12,-12.33
1.34,76.72,-10.80
-0.85,65.25,-10.19
-1.95,53.10,-9.46
-2.81,43.82,-8.30
-3.72,38.02,-5.62
-5.00,33.69,-3.36
