-,-,-
2.20,0.43,0.18
2.50,-0.18,0.24
1.59,-1.28,0.31
0.24,-2.44,0.06
-1.34,-3.42,-0.37
-1.59,-3.23,-0.79
-0.98,-2.69,-0.43
0.37,-1.71,0.18
1.83,-0.12,0.31
2.81,0.79,0.79
3.23,0.73,0.67
3.05,0.79,0.43
2.26,0.61,0.18
1.22,-0.43,0.37
-0.06,-1.28,0.00
-0.24,-1.16,-0.37
-0.24,-1.10,-0.18
0.49,-0.67,-0.06
1.10,-0.31,0.24
1.59,0.12,0.24
2.14,0.43,0.37
2.08,0.24,0.43
1.65,-0.24,0.24
1.04,-0.85,0.06
0.37,-1.10,0.24
0.12,-0.98,0.31
0.31,-0.73,0.49
0.37,-0.37,0.67
-0.06,-0.12,1.10
0.49,1.22,3.48
0.00,7.32,14.40
1.16,13.85,24.17
3.72,19.17,35.40
5.25,25.94,41.69
4.82,37.23,61.58
10.86,47.79,83.80
19.35,58.84,113.04
33.33,74.95,143.13
42.54,90.82,167.97
38.82,95.83,184.20
35.10,94.54,190.06
25.39,87.59,189.27
21.00,77.27,179.75
16.91,67.20,171.63
10.50,54.63,169.37
5.31,48.46,168.15
5.31,46.02,169.19
3.54,45.47,158.08
5.49,42.11,144.65
5.43,33.02,145.75
0.00,25.39,121.58
-0.06,17.70,94.97
-2.87,14.22,82.89
-1.83,13.49,71.29
-0.31,16.60,51.51
2.87,21.24,43.09
2.08,23.93,30.09
1.40,19.71,10.74
0.67,13.79,-3.85
-0.31,8.61,-15.44
-0.92,3.91,-39.67
2.14,-1.16,-79.28
5.80,-5.98,-117.86
4.39,-10.13,-147.28
-0.92,-12.63,-170.10
-5.92,-13.55,-187.74
-8.12,-13.79,-197.02
-7.69,-16.66,-194.70
-3.66,-21.73,-177.12
-3.17,-24.60,-146.30
-5.31,-23.93,-110.11
-6.10,-20.69,-78.92
-5.37,-18.68,-58.96
-4.70,-19.41,-50.60
-2.50,-24.72,-49.26
1.28,-36.25,-47.00
4.33,-52.73,-36.07
10.07,-71.04,-13.61
16.17,-87.28,16.30
21.18,-99.79,45.23
34.48,-75.20,28.32
32.04,-37.66,4.82
48.95,-23.62,11.90
52.25,-29.05,21.18
57.37,-33.26,21.61
66.65,-30.82,17.64
76.54,-31.19,25.39
88.44,-31.07,26.79
101.20,-39.43,21.67
108.40,-41.99,18.01
105.90,-36.25,9.40
96.07,-24.35,3.48
80.44,-12.82,2.32
62.50,-4.82,4.88
43.95,3.05,6.16
26.00,4.64,-2.50
6.41,6.23,-5.86
-16.66,2.26,-5.07
-40.47,-4.09,-10.99
-60.42,-0.73,-9.58
-73.73,12.27,-3.60
-83.68,35.64,-2.62
-88.75,56.27,-6.59
-93.38,67.99,-11.11
-95.95,69.82,-11.23
-96.92,63.78,-6.53
-95.09,54.32,2.56
-87.16,41.81,18.55
-72.75,25.33,41.08
-58.53,3.60,67.38
-38.21,-11.05,57.74
-25.02,-11.47,8.97
9.46,1.65,8.73
32.10,-0.73,23.68
56.21,6.65,31.31
84.78,8.00,33.69
108.83,-7.45,38.45
126.22,-26.92,41.32
142.76,-41.02,37.41
152.65,-44.31,33.75
149.05,-31.37,29.24
131.41,-16.42,28.75
98.82,0.98,32.23
70.07,9.40,27.77
42.36,10.80,26.73
26.37,8.67,17.58
10.93,7.14,7.93
-0.98,11.11,1.28
-10.31,11.41,-7.02
-21.12,8.91,-24.54
-30.94,7.57,-57.50
-40.89,9.83,-87.65
-50.23,15.69,-106.63
-58.35,21.18,-124.21
-59.88,21.79,-148.68
-57.25,15.50,-174.38
-51.33,3.30,-189.76
-44.37,-13.06,-186.34
-35.10,-24.17,-167.91
-32.96,-34.91,-139.71
-28.32,-43.21,-112.73
-20.51,-50.78,-91.13
-26.06,-61.10,-66.16
-32.71,-61.83,-36.07
-44.31,-55.05,-2.26
-49.01,-41.93,27.71
-36.01,-25.63,21.79
-0.24,-26.00,-0.49
-3.11,-25.15,2.99
-5.00,-22.03,10.19
0.24,-12.94,15.20
0.31,-3.48,32.41
-1.22,-0.67,54.99
-1.46,8.00,78.80
4.27,18.74,101.26
12.39,34.85,122.80
21.55,53.04,145.57
31.25,65.98,167.72
36.32,76.35,184.39
35.95,83.13,202.58
32.59,88.93,222.23
31.01,87.77,234.01
28.14,80.81,243.84
16.78,70.74,250.79
7.39,58.59,239.38
0.00,50.42,225.46
-6.59,37.29,211.98
-7.45,29.05,194.76
-4.82,22.95,177.73
-2.44,15.99,156.37
-0.18,1.10,135.99
-2.14,-4.76,120.91
-2.87,-7.81,106.08
-1.46,-5.37,78.67
-0.79,-2.87,50.05
0.43,-2.01,41.87
-0.73,-1.83,33.81
-3.54,-1.71,8.36
-3.48,-1.71,-4.94
-3.17,-1.04,-2.20















-,-,-
4.52,-2.56,-5.43
4.88,-2.38,-2.99
4.03,-1.65,-2.08
3.42,-1.04,-2.01
1.89,-0.18,-1.53
-0.12,1.04,-0.37
-2.26,1.65,0.61
-3.60,0.92,0.67
-3.91,-0.18,-0.61
-3.42,-0.85,-2.01
-2.44,-1.71,-3.11
-0.67,-1.59,-3.78
1.65,-0.79,-3.97
3.78,0.12,-3.54
4.58,1.04,-2.56
4.09,1.46,-2.26
3.30,1.34,-2.69
1.95,0.55,-3.78
1.04,-0.12,-5.68
1.10,-0.67,-7.93
0.79,-0.73,-9.22
1.04,-1.40,-10.01
1.16,-1.53,-10.68
1.95,-1.46,-11.60
3.66,-0.92,-11.72
5.43,-0.24,-10.56
6.10,0.49,-7.81
6.10,1.22,-5.19
5.55,1.71,-3.42
4.94,1.10,-2.56
4.70,-0.73,-2.93
3.91,-2.38,-3.42
3.17,-3.54,-3.05
2.38,-4.76,-2.26
0.98,-6.53,-1.34
-0.85,-8.97,-0.55
-2.32,-12.08,0.31
-3.54,-15.87,1.59
-5.25,-19.29,3.97
-6.47,-22.83,8.24
-6.90,-26.73,14.59
-8.30,-29.54,20.45
-12.94,-22.16,8.67
-0.79,-15.69,-3.72
4.94,-16.36,2.08
-4.52,-13.49,4.39
0.31,-9.22,1.34
1.77,-6.23,1.83
-0.67,-0.98,16.60
-3.05,7.51,33.33
-5.43,13.85,53.71
-9.40,22.28,77.21
-25.45,36.07,104.49
-28.87,55.85,129.09
-18.80,70.01,153.87
-4.09,75.26,175.35
2.81,82.76,189.70
8.67,88.26,200.26
7.75,91.00,207.40
6.41,86.49,214.54
2.69,82.40,222.66
-0.31,75.01,226.07
-0.24,61.89,224.55
4.58,49.87,211.73
13.61,37.84,193.54
15.08,24.66,163.15
16.48,16.42,128.60
12.08,9.64,95.95
9.16,7.81,67.02
8.30,8.24,47.30
8.06,8.54,27.04
9.89,10.62,1.77
14.04,7.45,-12.88
9.83,-4.03,-43.03
7.75,-11.35,-93.44
6.59,-14.71,-140.50
2.32,-21.97,-174.80
-3.72,-27.22,-195.07
-9.58,-28.87,-204.04
-14.16,-30.82,-204.59
-11.96,-31.49,-199.89
-15.44,-31.49,-189.39
-14.95,-33.26,-171.14
-12.02,-37.66,-142.46
-6.90,-44.68,-105.77
-1.83,-53.41,-65.00
-3.54,-62.07,-26.73
-4.64,-70.43,1.71
-4.58,-47.30,3.54
7.63,-33.94,-0.06
27.65,-35.64,-2.93
41.99,-42.30,-5.07
50.48,-43.95,-6.10
53.65,-45.41,0.24
56.70,-44.43,16.17
69.95,-49.50,24.96
87.71,-56.09,26.37
105.77,-60.67,36.80
119.69,-60.12,46.20
130.07,-55.66,52.06
132.57,-46.88,51.45
125.98,-36.68,45.96
108.64,-18.07,33.81
86.24,-9.70,10.86
58.90,-2.69,-0.31
32.71,2.75,0.67
13.12,12.08,-2.81
-2.32,16.30,-5.31
-16.11,8.24,-4.82
-30.21,0.49,-7.02
-44.56,1.16,-13.00
-60.06,13.67,-17.88
-75.74,35.46,-12.39
-87.89,57.98,-4.70
-97.23,72.02,-5.55
-103.82,78.74,-12.94
-105.77,78.12,-18.86
-106.08,70.31,-16.97
-100.83,57.86,-7.93
-89.17,41.87,9.46
-76.66,19.10,37.72
-61.95,-5.86,68.60
-48.77,-24.35,87.04
-31.01,-27.16,34.42
-24.66,-15.81,-3.85
16.17,-1.59,4.39
35.28,0.55,24.60
56.82,5.19,34.55
81.67,7.75,44.37
100.22,-1.71,51.33
116.94,-19.65,50.90
130.31,-32.04,47.79
139.34,-36.62,39.00
142.64,-37.35,34.42
136.47,-34.12,32.84
110.17,-22.71,32.71
75.38,-4.76,29.24
44.13,10.86,23.86
19.35,29.05,17.64
7.08,31.37,14.83
-2.81,27.28,7.20
-12.08,18.92,-1.53
-20.08,15.14,-13.61
-25.09,13.12,-45.47
-28.02,13.43,-81.24
-31.19,17.94,-107.48
-33.33,23.99,-128.30
-31.92,26.43,-149.23
-25.94,23.01,-167.05
-14.71,16.48,-176.09
-3.97,7.93,-175.35
6.47,-5.68,-165.59
12.70,-20.08,-146.36
19.78,-29.30,-118.16
16.48,-36.25,-87.89
7.51,-40.28,-58.59
-0.67,-45.90,-27.95
-8.85,-53.53,3.17
-11.17,-60.91,27.47
-3.23,-45.84,14.47
13.49,-34.18,3.72
18.49,-33.02,9.64
14.77,-28.99,8.79
15.69,-23.44,3.30
11.05,-23.13,-1.95
-0.12,-17.70,10.99
-9.52,-4.15,48.16
-15.75,10.56,79.16
-10.80,24.29,104.49
-8.79,41.02,134.77
-9.70,48.77,163.45
-6.71,55.66,185.85
-2.44,60.30,209.53
-2.01,65.67,228.52
-1.53,66.65,241.76
-3.23,65.06,238.77
-5.43,52.92,232.12
-9.09,40.53,229.92
-11.23,31.49,231.75
-13.18,23.25,221.50















-,-,-
-5.49,-8.12,-2.32
-5.55,-9.09,-3.72
-6.23,-9.28,-4.82
-7.32,-7.87,-6.29
-7.69,-6.29,-7.39
-7.93,-5.49,-7.26
-7.81,-4.15,-7.02
-6.59,-3.48,-6.71
-5.68,-3.36,-7.14
-4.76,-3.78,-8.42
-3.78,-4.27,-9.83
-3.05,-3.97,-10.74
-3.60,-2.81,-10.31
-4.15,-1.28,-8.85
-4.15,-0.49,-6.16
-3.91,-1.16,-3.23
-3.78,-2.56,-0.18
-4.70,-3.42,2.38
-4.82,-3.72,2.56
-3.78,-3.36,2.38
-3.36,-2.56,3.11
-2.69,-2.14,3.30
-2.01,-2.01,2.93
-0.98,-1.46,2.08
-0.06,-0.67,0.98
0.67,0.24,-0.18
1.40,0.73,-0.85
2.20,0.67,-1.04
2.93,0.55,-0.98
3.78,0.49,-0.85
4.33,0.37,-1.22
5.00,-0.24,-2.08
5.43,-1.10,-2.93
5.92,-2.32,-3.72
5.92,-3.72,-4.33
5.80,-6.47,-3.85
5.31,-11.60,-1.77
4.39,-18.13,1.77
3.54,-24.60,6.53
3.17,-30.58,11.60
1.46,-35.71,16.97
-3.23,-37.90,21.85
-11.90,-29.66,11.84
-8.79,-21.06,-3.23
-3.17,-17.52,1.95
-3.66,-11.72,7.93
0.92,-2.20,15.69
2.50,8.42,33.75
-0.18,18.13,53.28
-4.27,25.63,75.01
-6.16,35.58,102.54
0.55,47.24,132.75
12.15,60.67,166.93
18.37,75.81,201.97
19.47,83.31,226.01
14.16,87.16,238.04
11.54,84.78,246.77
10.01,78.19,242.80
11.11,70.74,234.92
11.05,57.86,223.51
12.88,37.96,200.26
15.56,26.37,169.07
14.04,18.13,138.55
12.39,11.66,111.63
10.62,8.06,86.36
7.87,7.51,68.48
4.21,9.28,43.88
4.58,7.69,18.74
5.80,6.04,3.23
4.82,7.14,-7.57
1.89,5.37,-18.92
-0.79,-0.24,-49.01
1.46,-5.92,-91.43
6.53,-7.93,-132.93
13.98,-8.30,-168.88
17.58,-6.47,-192.63
0.98,-2.93,-203.55
-9.77,-3.60,-204.16
-16.17,-6.96,-197.81
-18.74,-13.43,-186.52
-17.46,-20.08,-173.52
-15.56,-26.79,-157.65
-15.69,-30.94,-136.96
-16.48,-32.84,-111.08
-16.30,-34.48,-81.36
-13.61,-38.57,-51.57
-7.75,-45.96,-24.78
-0.85,-57.19,-2.14
4.52,-71.35,18.31
7.32,-85.33,36.80
9.52,-71.47,32.35
8.67,-41.08,18.43
36.13,-29.91,13.49
42.42,-26.73,11.72
50.96,-27.83,13.18
57.37,-26.37,17.58
67.75,-40.34,24.66
74.95,-47.12,26.00
85.82,-51.64,25.88
92.96,-55.54,27.22
100.52,-53.28,22.46
104.68,-50.42,18.01
103.52,-50.42,10.56
95.70,-44.80,6.16
84.47,-34.73,0.55
68.66,-20.75,-0.73
49.26,-5.43,2.81
31.01,8.12,4.15
14.34,10.80,-0.98
-3.66,8.61,-5.98
-21.06,-4.27,-11.90
-39.43,-15.56,-18.25
-53.53,-16.66,-23.99
-59.39,-2.44,-25.02
-61.46,19.90,-16.11
-68.24,48.40,2.44
-73.12,71.59,13.73
-80.69,81.85,12.33
-85.21,82.70,7.08
-85.08,75.99,6.41
-83.07,65.55,14.77
-75.50,57.92,31.31
-68.79,46.26,51.70
-59.27,33.33,69.52
-51.15,18.25,81.24
-35.89,10.25,57.25
-25.88,5.19,22.83
2.32,3.23,17.76
25.33,-2.69,22.71
45.35,-3.54,31.56
73.12,0.18,38.82
96.07,-7.45,45.35
117.74,-22.34,46.45
136.47,-37.84,46.26
149.54,-42.48,47.79
156.31,-39.31,46.02
151.92,-31.37,47.67
123.35,-15.38,53.28
86.06,-0.06,48.46
53.65,10.80,34.79
32.53,18.25,23.19
22.34,21.12,17.52
15.14,19.04,8.61
4.82,12.70,-1.40
-5.43,6.16,-15.87
-16.72,1.83,-44.13
-26.49,-1.83,-82.58
-36.32,-0.12,-113.89
-44.07,5.43,-137.15
-48.83,12.08,-156.74
-48.46,18.13,-174.44
-44.31,19.96,-187.44
-38.64,11.41,-192.08
-33.26,-1.95,-183.72
-33.51,-16.78,-160.10
-35.16,-28.56,-126.53
-42.97,-35.77,-87.22
-42.72,-40.41,-50.29
-34.42,-45.84,-20.26
-24.60,-51.64,6.77
-32.10,-47.73,10.38
-22.58,-34.12,-16.91
2.38,-25.51,-14.71
-1.28,-19.71,-2.93
-2.08,-12.70,-0.85
2.38,-5.49,-1.40
5.68,-1.16,4.27
-4.52,6.90,32.35
-12.02,13.92,56.70
-14.40,13.85,79.16
-19.53,15.81,99.98
-23.32,31.68,125.43
-17.46,44.01,148.74
-11.47,54.02,173.83
0.73,65.86,187.81
9.40,72.02,187.74
10.62,69.46,189.09
4.15,60.67,186.58
-2.56,53.16,194.21
-11.41,46.94,212.40















-,-,-
1.04,-2.56,0.73
0.31,-2.99,0.55
-0.43,-3.66,1.04
-0.31,-3.60,1.40
-0.31,-3.36,1.53
-0.06,-2.93,1.71
0.92,-2.20,1.71
2.20,-1.04,1.65
2.38,-0.24,1.59
2.38,0.12,1.34
1.34,-0.12,1.04
0.98,-0.24,1.28
1.16,-0.06,1.34
1.28,-0.24,1.46
2.01,-0.18,1.34
1.40,-0.73,1.83
1.40,-0.85,1.65
1.22,-0.85,1.40
0.98,-0.73,1.40
1.22,-0.12,1.34
1.40,0.31,0.85
0.98,0.00,0.55
1.28,0.31,-0.12
0.67,0.49,-0.12
0.06,0.18,0.00
-0.55,0.24,0.24
-0.79,0.49,0.61
-0.92,0.61,1.34
-0.79,1.65,2.50
-1.04,3.54,7.51
-2.81,7.39,18.43
-4.82,12.63,27.71
-3.72,18.68,35.95
-1.95,24.66,47.42
0.79,30.27,62.38
5.37,38.45,84.72
13.43,52.37,108.46
22.03,65.31,141.85
31.37,73.12,174.74
39.73,81.05,199.95
42.91,93.44,218.57
45.23,99.79,228.03
45.35,96.25,229.92
41.50,85.94,228.88
39.12,64.51,227.66
33.45,48.28,231.26
24.17,39.92,225.16
18.31,42.36,210.63
10.44,42.18,202.88
5.62,28.56,197.88
3.85,12.82,178.28
1.53,1.22,140.38
4.03,0.43,102.84
0.12,3.23,83.37
-1.28,5.25,70.74
-1.59,4.15,57.86
-3.05,7.39,35.71
-4.27,11.47,10.74
-1.65,12.51,-10.44
4.46,16.85,-23.25
4.88,19.90,-51.51
4.58,21.73,-105.35
6.47,26.18,-160.28
8.36,24.54,-200.56
4.70,21.12,-218.93
-1.77,17.40,-220.09
-22.22,18.86,-213.75
-21.91,15.01,-207.21
-20.81,8.97,-197.51
-19.78,2.26,-185.73
-17.03,-6.96,-173.22
-16.85,-16.72,-159.67
-19.59,-23.93,-143.80
-21.97,-26.55,-125.92
-22.16,-27.34,-104.06
-21.91,-29.91,-77.39
-20.20,-34.42,-48.71
-17.70,-40.95,-22.46
-13.98,-51.45,-0.61
-6.65,-64.76,17.40
0.85,-78.49,32.41
11.96,-71.53,26.98
12.21,-42.48,19.04
41.44,-33.87,21.67
61.40,-39.06,17.15
70.25,-41.38,10.56
84.53,-52.00,11.47
92.10,-59.14,15.81
106.08,-67.99,25.45
117.61,-70.98,37.23
127.87,-76.42,43.58
131.77,-74.65,43.52
130.92,-71.78,42.48
122.68,-68.05,38.51
98.02,-49.13,28.26
70.80,-29.05,15.63
42.36,-7.81,5.92
16.42,19.53,1.22
1.59,24.96,-3.60
-10.74,9.58,-7.14
-23.25,-3.91,-10.74
-33.26,-9.89,-14.22
-41.50,-6.53,-16.72
-47.91,1.16,-17.40
-57.80,21.12,-11.23
-68.79,41.44,-3.66
-81.12,55.54,-2.32
-87.71,60.79,-6.23
-88.56,56.70,-9.70
-84.29,46.94,-8.61
-77.64,36.01,-0.79
-69.82,27.47,12.27
-64.39,22.28,27.28
-58.41,18.43,42.05
-49.87,11.54,57.68
-37.72,2.08,63.96
-26.12,1.16,29.85
-13.79,5.74,15.20
13.00,3.78,19.41
33.26,-5.62,22.95
55.42,-3.54,25.82
78.61,-3.97,38.27
99.30,-13.61,41.26
120.54,-24.96,44.62
133.48,-29.48,48.40
143.13,-39.92,46.26
143.25,-38.51,42.30
136.90,-30.52,45.65
123.47,-23.25,51.39
105.47,-16.78,50.23
74.34,-7.69,41.99
42.97,0.37,30.52
13.31,15.44,16.30
-2.32,23.86,8.73
-9.64,28.20,1.89
-16.05,21.36,-2.56
-22.58,17.70,-8.36
-31.80,21.55,-27.16
-41.75,24.72,-70.01
-50.11,26.86,-116.15
-60.18,28.87,-147.77
-68.54,28.99,-169.25
-65.98,29.72,-187.01
-59.57,23.86,-198.97
-54.02,10.80,-202.64
-47.61,-5.55,-192.44
-43.46,-21.00,-168.33
-40.71,-32.04,-137.33
-36.19,-38.51,-104.86
-29.79,-44.31,-74.83
-22.52,-50.54,-48.34
-16.72,-56.21,-22.77
-13.49,-60.00,2.93
-16.60,-57.68,25.21
-9.34,-33.94,12.51
-2.69,-23.99,7.08
2.32,-22.34,9.52
-2.99,-25.39,12.88
-4.64,-23.13,11.17
0.79,-17.82,17.70
4.39,-14.40,28.56
1.10,-6.10,43.40
0.92,4.33,62.74
-1.40,18.98,83.19
-5.92,29.36,113.40
-11.23,44.19,142.94
-10.74,57.43,172.24
-7.14,69.46,199.46
-4.46,77.33,220.21
-0.79,82.03,235.47
4.39,79.35,247.13
3.91,76.17,259.77
1.53,72.63,265.87
1.71,58.84,262.15
-2.99,47.73,247.13
-3.23,35.64,221.07
-2.14,19.84,196.53
-2.50,3.97,166.38
1.28,-0.55,138.12
0.06,-8.54,120.42















-,-,-
0.37,-0.61,-0.61
0.00,-0.55,-0.43
0.12,-0.37,-0.06
-0.18,-0.43,0.12
-0.31,-0.55,0.49
-0.12,-0.79,0.92
0.61,-1.10,1.22
1.10,-1.16,1.40
1.28,-1.53,1.83
1.71,-1.77,1.83
1.83,-2.38,1.89
1.83,-2.56,1.71
1.46,-2.75,1.16
1.46,-2.08,1.10
1.40,-1.40,0.98
1.89,-0.43,0.55
1.95,0.55,0.37
2.01,0.92,0.12
2.20,1.10,0.00
2.38,0.98,0.24
2.01,0.31,0.37
2.08,-0.37,0.55
2.08,-0.61,0.85
1.83,-1.04,1.04
1.34,-1.65,1.16
0.79,-1.89,1.40
0.73,-1.65,1.83
1.22,-0.73,2.75
1.40,-0.18,3.42
2.01,0.00,4.39
2.14,0.98,8.79
0.37,4.94,23.62
-0.24,5.92,34.30
2.81,7.75,34.91
3.30,13.92,45.53
3.78,14.59,61.34
5.86,20.39,68.66
6.23,25.27,88.62
5.55,27.89,102.60
6.59,35.46,117.00
6.59,41.14,132.26
11.54,45.53,150.15
15.93,53.41,171.57
20.94,55.11,188.35
22.46,54.50,202.15
19.84,52.00,206.48
14.89,52.92,208.92
9.58,53.34,211.18
7.69,48.58,215.76
6.23,40.47,213.26
7.69,29.17,205.26
8.42,21.55,196.35
13.00,12.94,188.11
12.63,6.04,180.79
10.99,-3.42,172.06
12.51,-10.31,141.72
9.89,-11.90,100.59
10.19,-8.79,82.58
2.75,-3.11,68.36
3.72,0.98,52.92
0.61,6.65,36.93
-2.62,12.15,7.02
1.34,19.53,-14.95
2.56,24.29,-31.62
1.77,25.15,-71.59
5.31,21.24,-123.47
7.81,16.11,-168.15
9.95,11.05,-201.48
9.70,8.18,-218.44
6.16,6.65,-225.71
3.17,2.14,-230.77
1.53,-1.83,-233.34
-2.01,-5.31,-229.92
-9.34,-7.08,-219.12
-13.55,-8.06,-202.21
-14.59,-9.89,-179.69
-16.91,-12.94,-151.73
-18.98,-18.31,-121.09
-17.88,-26.31,-90.70
-14.77,-36.80,-61.28
-8.30,-48.16,-31.74
0.85,-58.59,-3.42
8.06,-69.03,21.48
8.79,-53.65,24.78
-0.92,-34.79,15.08
35.52,-29.79,-1.95
40.34,-30.03,-5.19
36.68,-25.02,2.93
39.61,-19.29,6.47
44.98,-10.86,9.09
59.88,-20.26,11.47
75.13,-31.68,13.67
90.27,-46.88,14.28
101.56,-56.27,5.68
107.18,-60.36,-0.73
104.80,-58.47,0.55
93.99,-49.38,2.32
81.79,-37.78,4.03
61.40,-17.88,6.96
41.32,-0.18,5.37
26.00,4.46,0.98
9.46,6.96,-2.38
-3.48,5.62,-5.68
-14.53,-4.94,-9.95
-28.63,-14.89,-14.77
-42.18,-13.61,-9.28
-53.96,1.83,9.16
-62.81,24.66,19.47
-72.02,44.74,17.52
-82.09,58.90,7.57
-86.12,63.96,-1.65
-82.76,59.39,-0.06
-74.40,53.96,14.40
-65.55,48.03,36.38
-55.79,38.76,57.74
-44.13,29.72,74.10
-36.56,18.74,88.01
-27.10,8.36,100.71
-13.06,-0.92,106.63
-3.05,1.95,65.06
12.02,12.27,31.56
51.88,11.60,25.51
68.91,-8.48,41.81
78.06,-18.43,51.45
100.28,-13.98,40.10
125.61,-17.82,28.93
140.44,-20.32,25.02
149.54,-25.76,28.44
152.28,-26.49,28.56
145.39,-20.51,21.48
132.63,-13.43,23.25
110.05,-4.46,26.49
83.56,4.03,26.43
52.92,12.63,20.20
25.39,20.20,12.15
5.68,22.40,4.33
-5.43,16.48,-2.20
-16.72,11.96,-7.02
-27.22,3.85,-20.51
-38.02,1.77,-56.15
-47.12,1.59,-95.89
-57.50,9.22,-125.24
-66.28,21.67,-151.37
-66.65,31.68,-176.64
-62.01,30.21,-197.94
-58.17,18.68,-210.39
-53.41,5.68,-209.47
-48.03,-3.48,-191.71
-39.73,-9.64,-160.52
-33.14,-17.21,-125.06
-38.15,-26.43,-93.75
-39.49,-38.76,-68.85
-34.18,-53.34,-47.00
-26.67,-61.22,-22.89
-24.48,-62.81,4.21
-17.33,-37.17,0.55
-6.35,-21.36,1.77
6.59,-15.69,13.37
3.42,-15.75,17.82
0.43,-12.82,22.58
-2.75,-5.49,34.06
-2.75,0.73,53.41
-5.07,11.05,87.65
-4.88,24.29,125.06
1.04,34.18,151.61
8.97,36.80,176.94
18.19,39.25,189.70
27.83,44.80,196.17
28.02,44.74,207.46
25.09,40.53,219.67
21.67,31.25,230.90
16.60,31.43,234.68
11.72,26.31,232.48
5.62,19.41,234.86
2.26,12.63,220.46
4.88,6.71,191.35
14.59,5.55,163.45
14.83,7.08,158.08
11.23,3.85,149.78
9.77,-2.69,130.37















-,-,-
0.00,-0.92,1.46
-0.85,-1.46,1.34
-2.20,-2.44,0.49
-3.11,-3.36,-0.37
-4.21,-4.33,-0.67
-4.52,-5.07,-0.85
-5.00,-5.98,-1.40
-5.13,-6.29,-1.59
-5.07,-5.98,-1.46
-6.04,-5.25,-0.92
-4.03,-4.58,-0.31
-1.53,-4.03,-0.31
-1.16,-3.91,-0.37
-0.98,-3.85,-0.31
-2.87,-3.72,0.00
-3.48,-3.42,0.61
-0.79,-3.05,1.04
0.61,-2.26,1.04
0.98,-1.46,0.92
1.22,-0.85,1.04
1.34,-0.79,0.98
1.53,-0.85,0.85
1.59,-0.92,1.10
1.77,-1.04,1.22
2.20,-1.10,1.16
2.87,-1.10,0.73
3.05,-0.92,0.12
3.05,-0.73,-0.12
2.93,-0.06,-0.12
2.75,0.55,0.12
2.93,0.73,0.06
3.11,0.98,0.12
3.17,0.73,0.61
3.30,0.37,1.28
3.66,0.61,2.93
3.17,5.31,11.05
4.64,6.59,18.80
3.72,10.99,27.89
4.58,15.69,40.71
2.81,22.64,56.88
1.77,30.09,72.69
1.77,38.64,90.58
2.93,48.65,112.73
0.37,58.29,145.14
7.45,67.57,182.86
11.84,79.96,218.69
16.97,87.65,246.03
21.42,87.95,260.86
26.79,95.76,269.23
33.57,106.20,266.48
34.42,96.62,256.41
33.26,70.31,240.66
34.79,45.78,227.48
29.36,37.72,203.49
28.20,33.08,175.84
28.38,24.90,153.69
24.78,18.86,127.44
18.55,12.63,105.10
10.86,12.45,84.53
6.90,12.45,62.38
7.02,6.35,49.93
1.53,7.81,32.35
-3.36,12.39,7.32
-2.38,13.73,-10.19
-1.28,15.26,-23.68
-5.19,10.19,-44.43
-9.52,2.26,-78.12
-7.57,1.65,-116.64
-6.71,2.08,-144.59
-6.53,2.81,-162.29
-7.26,1.53,-175.29
-6.77,-3.36,-187.38
-2.44,-10.19,-197.88
-5.74,-16.72,-202.58
-8.12,-21.61,-199.89
-9.40,-24.29,-188.29
-10.25,-26.06,-166.81
-13.79,-26.98,-138.00
-18.49,-26.92,-108.76
-21.12,-28.50,-86.43
-20.20,-32.23,-73.91
-20.75,-39.31,-67.87
-22.22,-48.77,-64.94
-21.55,-54.99,-58.96
-23.74,-57.01,-44.74
-23.56,-58.11,-20.94
-26.25,-50.35,-1.10
-31.01,-27.59,-0.98
-2.01,-27.10,12.94
14.16,-21.97,23.25
24.60,-20.20,27.04
36.01,-17.88,26.25
50.48,-29.17,26.43
62.38,-34.30,25.51
76.97,-43.15,23.56
90.33,-54.99,22.58
101.75,-65.25,17.70
114.56,-78.98,10.93
121.22,-85.94,0.61
119.38,-85.08,5.13
109.37,-73.18,10.80
88.38,-49.19,14.04
62.68,-25.82,7.57
40.04,-4.09,4.09
22.09,11.11,5.00
11.54,10.80,0.67
2.69,-1.53,-3.78
-6.16,-11.41,-6.65
-13.00,-15.08,-10.74
-17.76,-12.94,-15.26
-21.85,-2.56,-16.24
-27.40,22.83,-1.65
-28.38,41.50,13.67
-32.47,56.76,15.38
-39.12,61.22,5.49
-44.56,64.58,-7.93
-50.23,65.67,-16.05
-53.04,67.50,-15.01
-52.98,67.32,-8.48
-51.94,61.28,0.98
-47.79,50.78,15.14
-43.52,41.63,33.94
-41.50,33.69,55.11
-37.90,25.27,75.26
-31.25,15.75,93.99
-25.88,2.44,111.57
-21.06,-10.68,114.87
-7.69,-7.57,64.33
-6.65,-1.16,26.92
28.75,-0.98,17.03
48.46,-10.62,23.50
62.01,-8.30,34.61
86.36,-11.41,42.66
110.84,-14.65,39.31
131.35,-32.47,34.91
141.54,-44.37,34.97
144.59,-50.48,34.67
136.84,-49.44,30.94
125.55,-41.69,28.26
111.76,-29.05,25.21
90.88,-18.68,30.52
60.49,-0.24,28.32
26.18,7.57,24.35
2.01,15.32,7.63
-15.14,22.64,-2.32
-27.04,18.80,-8.36
-35.16,15.08,-18.01
-42.97,16.30,-33.57
-49.87,18.43,-69.58
-53.41,26.49,-116.58
-64.21,35.89,-154.91
-71.11,47.00,-190.19
-69.58,49.13,-220.64
-67.02,38.94,-239.69
-63.54,21.67,-244.32
-53.65,0.24,-230.41
-39.98,-21.30,-200.13
-32.84,-38.64,-163.27
-37.35,-55.85,-131.59
-30.94,-64.09,-109.44
-21.30,-68.30,-82.89
-22.77,-70.19,-46.39
-25.33,-63.17,-7.26
-23.44,-46.69,27.83
-20.57,-28.14,55.36
-15.26,-16.72,72.81
-9.09,-9.52,64.82
14.22,-7.02,17.94
23.44,-7.08,11.35
20.57,0.73,34.42
18.07,9.09,63.84
20.39,19.23,89.54
22.09,27.34,114.93
23.38,31.80,143.25
24.72,33.94,180.91
27.71,46.45,214.29
32.78,60.06,236.02
38.94,59.20,245.73
39.25,55.91,244.51
38.15,46.45,241.39















-,-,-
-3.17,-5.92,6.84
-3.78,-7.08,7.39
-4.03,-8.48,7.93
-4.58,-10.31,8.61
-5.25,-11.90,8.67
-5.55,-12.82,8.12
-5.13,-13.24,6.47
-1.40,-10.62,-2.20
1.22,-8.36,-2.81
4.52,-6.65,-0.49
6.35,-5.37,1.28
8.06,-3.97,2.32
8.42,-3.48,3.30
8.18,-4.58,4.03
8.18,-7.39,4.39
7.81,-8.73,4.39
6.29,-7.14,4.27
6.10,-5.37,3.97
5.86,-4.94,3.85
4.46,-4.58,3.60
3.05,-3.72,3.42
1.71,-3.72,2.87
2.38,-2.87,2.32
2.08,-2.62,2.56
1.95,-2.20,2.62
1.71,-1.46,2.44
0.73,-0.55,2.32
0.12,-1.59,1.46
1.77,-0.24,0.61
1.10,-1.28,0.24
0.61,-2.32,-0.49
0.98,-1.28,-0.24
-0.92,-2.87,2.26
-2.75,-1.28,8.18
-7.20,5.25,18.62
-11.66,9.52,24.54
-21.42,12.57,32.78
-31.86,21.36,48.95
-38.76,30.58,72.08
-33.51,44.07,97.41
-23.99,56.70,120.36
-12.02,66.89,145.57
-1.04,77.15,176.88
4.70,89.97,211.49
6.41,100.28,240.91
4.88,104.98,262.45
2.81,101.93,267.52
3.85,89.29,256.29
1.59,70.37,235.35
-0.12,49.07,216.25
-3.60,32.96,198.43
-6.90,22.83,174.93
-2.08,14.65,155.64
-2.81,6.71,132.39
-3.30,3.54,103.58
-2.69,2.99,72.81
-2.81,6.04,44.92
-4.27,10.44,18.74
-1.46,14.47,-1.10
2.20,17.94,-15.81
1.10,18.68,-41.87
0.12,17.70,-76.29
-0.55,14.59,-103.39
-3.97,13.18,-113.04
-5.98,14.10,-117.25
-4.15,12.27,-126.89
-0.85,7.32,-144.59
3.36,-0.18,-165.65
6.59,-10.38,-183.29
5.37,-20.57,-191.53
-0.24,-31.13,-188.66
-4.09,-38.27,-179.02
-7.32,-42.91,-165.34
-10.01,-46.57,-148.50
-6.59,-48.83,-127.75
-5.07,-50.72,-100.28
-7.39,-51.88,-68.42
-14.34,-51.64,-38.51
-20.14,-51.09,-15.20
-24.84,-52.00,0.55
-25.02,-54.57,12.70
-22.03,-53.71,15.63
-18.01,-44.56,1.22
-5.37,-41.44,-4.15
7.02,-35.83,-1.53
19.71,-31.01,5.31
37.11,-22.46,7.93
57.50,-18.80,12.08
73.55,-23.93,17.33
88.20,-35.52,25.76
101.99,-55.24,35.52
108.58,-68.12,39.86
112.73,-73.55,39.67
113.77,-73.97,31.92
112.43,-69.64,27.16
103.27,-57.19,27.47
90.03,-43.21,26.18
75.81,-29.54,26.12
55.73,-13.24,21.61
36.80,-0.12,12.15
18.86,11.60,2.38
4.70,18.01,-2.14
-6.96,10.38,-6.29
-19.71,-1.04,-11.41
-34.79,1.22,-9.64
-47.30,21.12,1.53
-55.05,42.24,6.23
-65.43,63.05,0.24
-74.52,80.08,-10.31
-85.75,88.62,-23.44
-93.08,88.32,-32.84
-92.47,81.18,-34.73
-87.04,68.91,-28.56
-75.93,54.81,-15.56
-64.03,37.72,2.32
-56.95,20.75,26.43
-53.77,4.33,52.06
-48.52,-8.36,74.40
-40.77,-20.94,91.25
-13.06,-24.17,62.93
-8.67,-23.68,13.98
28.50,-16.54,-0.55
56.95,-11.11,14.28
77.51,-10.99,37.78
101.81,-8.79,54.32
121.28,-12.08,58.23
135.31,-27.77,49.50
141.78,-38.57,45.17
134.95,-38.33,46.63
108.89,-18.13,43.95
77.94,8.18,28.44
51.64,26.06,22.77
33.57,34.00,22.03
21.12,35.64,14.04
7.93,27.89,4.76
-7.14,22.34,-7.26
-19.90,16.54,-29.66
-30.58,16.48,-62.07
-39.43,24.66,-93.08
-44.62,37.96,-118.96
-45.59,47.73,-141.66
-40.89,45.41,-161.07
-31.98,30.76,-175.05
-29.72,7.26,-180.42
-27.34,-13.06,-177.61
-27.89,-32.84,-166.87
-20.32,-48.46,-149.72
-12.88,-59.02,-124.82
-16.66,-63.42,-91.67
-27.22,-62.81,-56.82
-37.96,-60.85,-23.56
-40.10,-60.61,8.48
-44.92,-67.02,36.99
-40.53,-57.19,23.56
-8.06,-38.76,2.99
11.90,-30.58,5.25
12.82,-20.63,10.07
9.03,-11.60,10.93
19.41,-5.37,9.09
21.85,4.76,33.33
12.70,16.54,65.98
7.14,27.47,96.56
1.53,45.84,127.44
-1.16,63.60,159.30
1.53,81.97,191.41
10.50,89.84,217.47
17.09,94.85,244.08
18.07,96.37,266.48
10.38,93.99,275.45
3.30,86.55,271.18
-2.14,80.81,259.03
-3.60,64.21,244.75
-7.57,48.71,223.27
-3.78,28.75,196.23
-2.81,18.43,166.93
-5.31,12.27,137.02
-6.10,6.71,113.04
-4.58,-1.28,99.85
-7.02,-2.26,86.00
-5.00,-4.27,78.37















-,-,-
5.37,0.43,2.93
5.25,0.73,3.23
5.07,0.73,3.60
4.94,0.49,3.36
4.76,0.00,3.05
4.33,-0.49,2.81
3.72,-0.73,2.81
2.93,-0.73,2.75
2.50,-0.79,2.32
2.50,-0.73,1.89
2.50,-0.67,1.83
2.50,-0.43,1.83
2.69,-0.43,1.89
2.62,-0.49,2.01
2.50,-0.06,1.89
2.56,-0.31,1.71
2.32,-0.85,1.40
1.83,-1.28,1.16
1.22,-1.83,0.67
1.22,-1.95,0.12
0.98,-2.08,0.00
0.92,-1.89,-0.12
1.22,-1.83,-0.18
1.71,-1.22,0.24
2.50,-0.92,0.73
2.93,-0.92,0.92
2.93,-1.10,0.92
2.75,-1.46,0.79
2.75,-1.89,0.31
3.36,-2.32,-0.24
3.85,-2.75,-0.55
3.97,-3.48,-1.10
3.54,-4.03,-0.92
1.04,-3.36,1.89
-5.00,-0.12,8.54
-7.32,5.13,23.93
-11.54,13.61,43.09
-10.31,19.78,64.45
-12.45,30.03,83.13
-10.86,39.98,98.57
-9.22,45.78,110.96
-11.90,54.32,122.74
-12.21,62.01,142.21
-8.61,66.53,164.61
-1.65,69.70,183.29
4.94,68.54,199.16
8.85,66.10,209.53
6.96,62.13,218.44
5.68,60.18,223.27
4.27,50.90,224.61
2.50,42.72,217.41
-0.67,35.46,203.61
-4.21,27.47,185.06
-6.23,20.39,166.08
-4.58,11.11,152.95
-5.43,6.65,140.93
-7.02,5.92,127.56
-4.09,4.03,121.09
-1.16,0.37,115.78
1.40,-5.19,105.65
4.64,-7.87,90.70
2.56,-6.84,69.82
1.53,-3.36,48.34
0.73,-2.26,32.47
-2.93,0.98,13.61
-1.22,7.39,-1.10
2.20,12.21,-12.51
2.87,13.92,-33.51
1.83,14.59,-66.10
0.31,13.43,-104.37
4.33,14.04,-141.42
8.00,16.85,-170.65
10.38,22.83,-191.53
8.06,24.54,-205.02
2.99,22.64,-211.36
-2.20,15.50,-213.13
-4.33,4.58,-211.49
-5.43,-9.03,-205.99
-5.74,-23.86,-194.70
-7.69,-37.11,-176.39
-12.45,-44.98,-149.90
-19.17,-47.49,-114.81
-22.71,-48.65,-77.64
-24.48,-49.56,-44.74
-28.14,-51.09,-20.20
-25.33,-57.43,-5.92
-25.51,-69.03,1.77
-23.80,-85.33,10.44
-20.26,-81.42,9.58
-23.38,-68.79,5.37
2.14,-57.13,-3.72
22.95,-49.80,-14.10
41.56,-49.07,-14.77
43.76,-34.36,3.11
55.66,-18.19,15.38
78.43,-24.29,19.35
99.55,-45.72,16.66
112.30,-62.44,22.46
116.70,-67.32,25.45
116.33,-66.41,16.91
108.58,-53.22,17.33
99.55,-37.29,20.94
91.98,-24.78,17.27
79.04,-15.38,17.64
57.86,-0.61,13.43
36.01,5.43,7.14
15.93,8.54,3.97
1.22,12.82,1.95
-8.00,9.70,-2.87
-18.80,-0.61,-6.04
-31.49,-7.69,-12.57
-43.27,-3.42,-21.12
-58.17,16.30,-23.32
-74.46,39.25,-11.47
-86.85,60.97,-2.32
-92.53,74.40,-4.33
-93.32,77.58,-12.39
-88.44,70.62,-16.36
-81.12,53.96,-9.83
-69.46,35.64,6.41
-56.46,17.76,31.07
-44.56,4.39,59.14
-36.32,-8.67,86.49
-24.41,-18.55,98.21
-8.48,-8.36,56.09
-1.95,-5.13,23.13
30.33,-3.97,12.94
47.12,-7.57,25.94
64.39,-4.88,38.15
88.68,-0.18,48.22
113.16,-5.19,56.27
130.31,-15.38,57.62
138.00,-25.88,54.75
134.64,-27.71,42.48
112.06,-16.36,39.55
81.97,-3.85,31.74
54.75,5.86,22.95
32.71,11.78,16.36
16.42,17.70,11.78
4.88,27.34,5.31
-0.61,28.93,1.40
-5.55,21.73,-6.84
-11.60,13.55,-35.52
-20.02,6.04,-68.24
-26.92,2.62,-94.91
-30.70,4.27,-115.11
-33.51,5.80,-132.32
-32.10,5.80,-151.61
-27.71,3.36,-169.98
-24.41,-2.14,-182.13
-26.18,-13.31,-184.57
-22.28,-26.61,-177.92
-21.79,-39.31,-162.35
-27.71,-47.85,-135.44
-37.84,-51.15,-96.62
-47.97,-50.90,-51.21
-50.48,-51.70,-8.48
-43.58,-41.63,2.38
-29.79,-30.09,-3.97
-2.81,-21.79,2.08
-2.93,-18.49,10.19
-2.62,-15.63,9.22
-0.12,-10.01,14.40
1.40,-7.45,36.99
-10.99,6.65,78.25
-10.38,25.15,119.26
-6.65,51.51,156.13
2.14,75.01,193.42
9.77,85.27,218.99
12.27,96.44,239.07
10.38,101.20,253.78
5.86,99.18,264.65
0.24,90.03,265.20
-5.43,76.78,257.39
-9.89,65.00,246.28
-13.43,47.12,238.89
-10.74,31.43,226.62
-3.78,18.07,200.87
0.00,3.66,169.49
-0.37,-4.33,138.12















-,-,-
-11.78,-15.08,-14.71
-12.76,-16.05,-16.42
-14.53,-17.64,-18.19
-16.91,-19.96,-18.80
-18.98,-22.64,-17.52
-20.51,-20.51,-15.63
-25.63,-21.18,-11.35
-24.96,-23.80,-5.55
-27.47,-23.32,-3.72
-25.94,-22.16,-4.09
-22.95,-20.02,-4.64
-18.80,-17.94,-4.70
-16.17,-16.72,-4.39
-12.33,-17.46,-3.78
-9.58,-17.64,-3.91
-8.67,-16.24,-6.16
-4.39,-12.82,-10.68
-1.77,-9.03,-13.92
-0.18,-6.90,-15.14
0.73,-5.68,-13.12
1.34,-6.41,-8.24
1.46,-5.49,-4.27
3.23,-3.42,-1.59
5.31,-1.95,0.98
5.49,-1.53,2.87
4.82,-1.65,4.76
3.78,-2.69,6.90
2.99,-5.00,9.09
2.87,-8.67,11.78
1.28,-12.82,14.34
-2.87,-11.66,3.42
0.85,-12.51,-3.48
3.42,-12.27,-0.43
-0.31,-10.68,2.99
-0.24,-7.08,6.35
3.85,-3.05,9.77
6.65,3.78,15.26
11.41,8.61,24.41
10.50,14.22,37.17
5.13,23.50,52.98
2.14,37.60,73.00
2.01,48.83,94.79
-2.81,70.25,113.16
1.53,88.50,137.08
13.18,95.76,160.71
26.00,105.10,183.53
38.39,112.18,202.88
44.25,114.50,216.98
46.69,119.81,239.87
43.15,122.38,275.33
35.10,121.46,315.31
27.71,111.69,337.46
26.25,87.89,327.09
25.09,56.46,290.71
23.13,28.69,237.79
16.85,8.97,179.38
14.04,0.12,133.54
7.93,-1.16,101.44
7.08,2.26,79.53
4.09,4.82,58.90
3.85,2.93,40.71
3.11,4.39,15.99
3.85,7.45,-7.75
5.68,8.91,-25.70
1.34,6.04,-56.70
0.18,2.14,-91.80
-3.11,-2.44,-116.46
-3.60,-1.16,-138.43
-3.11,-1.95,-157.23
-2.08,-5.43,-176.51
3.78,-13.43,-196.59
-0.92,-24.35,-210.57
-6.90,-36.56,-216.37
-9.46,-48.46,-215.15
-9.28,-58.78,-208.62
-7.32,-66.53,-196.84
-10.01,-70.56,-179.63
-16.42,-69.15,-158.81
-21.61,-62.01,-134.46
-27.28,-51.15,-106.87
-31.25,-42.97,-78.86
-32.17,-41.63,-53.10
-31.25,-44.74,-30.21
-29.60,-49.93,-8.73
-23.38,-41.75,-6.71
-11.66,-38.09,-10.74
9.64,-35.89,-9.34
26.79,-34.48,-2.08
44.07,-33.08,5.98
59.69,-32.90,10.01
72.57,-37.90,12.57
82.95,-44.74,22.83
94.79,-52.98,33.33
103.58,-53.28,46.57
113.28,-57.07,45.78
116.76,-57.68,35.46
109.07,-54.32,29.97
92.35,-42.97,27.59
73.24,-27.95,17.09
52.86,-15.32,6.59
32.59,-5.43,-3.23
16.72,-1.77,-11.72
2.87,1.71,-12.76
-10.62,2.62,-11.47
-25.21,-1.04,-16.91
-42.72,4.46,-19.41
-56.27,16.66,-20.08
-66.35,37.05,-18.25
-75.87,57.92,-19.59
-81.42,73.73,-21.12
-83.80,81.54,-16.48
-82.46,82.58,-4.82
-72.75,80.63,11.47
-62.93,71.29,31.07
-55.42,53.89,52.49
-43.88,33.63,75.38
-32.29,11.66,97.66
-10.38,1.46,67.20
-4.21,-4.09,23.50
32.65,-0.61,14.77
57.07,-0.06,30.52
69.89,-3.91,37.23
92.65,-11.05,36.44
111.51,-21.55,36.25
122.25,-32.96,46.33
128.30,-34.55,47.67
126.77,-29.72,38.45
114.99,-23.62,27.04
90.88,-11.11,22.34
62.13,-0.49,26.55
36.50,7.51,27.04
16.78,13.85,24.90
4.39,14.77,5.49
-2.14,13.73,-10.38
-10.19,13.67,-20.39
-18.62,7.08,-47.85
-28.38,-2.32,-80.02
-41.38,-8.36,-107.30
-56.34,-9.95,-131.10
-63.11,-12.15,-153.56
-64.03,-17.64,-174.07
-64.15,-25.39,-188.29
-64.09,-33.75,-190.92
-57.62,-41.02,-180.11
-52.06,-51.15,-158.81
-48.16,-62.44,-131.96
-47.30,-75.38,-98.27
-46.88,-85.02,-59.27
-55.18,-90.09,-16.36
-63.66,-73.12,-11.29
-22.03,-48.34,-24.23
-1.34,-30.21,-2.20
-8.85,-15.44,18.25
-5.31,-9.22,21.48
5.49,-3.36,19.65
7.20,6.96,37.35
2.81,21.55,63.78
0.00,38.64,93.08
9.52,59.57,127.93
23.38,83.19,167.97
44.37,101.07,201.90
55.18,111.21,226.56
56.82,117.19,245.91
52.55,119.87,259.52
46.94,116.27,270.20
40.41,108.83,281.49
31.80,97.90,285.10
21.67,85.27,283.57
10.74,72.14,277.40
10.56,54.32,266.60
10.19,38.15,247.68
10.25,23.80,217.35
8.67,7.20,183.72
0.79,-1.83,154.11
-1.04,-13.67,140.81
-2.62,-8.85,122.38
-0.55,-6.71,97.23
-0.43,-10.07,78.61
-3.30,-7.81,60.91
-2.44,-7.93,49.26















-,-,-
-9.03,-2.32,-1.83
-8.00,-1.77,-1.16
-6.71,-1.77,-1.22
-5.68,-1.65,-1.28
-5.13,-1.95,-1.34
-4.70,-1.89,-1.40
-4.88,-1.89,-1.22
-5.37,-1.89,-0.73
-6.53,-1.77,-0.67
-8.18,-1.10,-0.67
-7.45,-0.18,-1.10
-7.20,0.49,-2.01
-7.69,0.85,-2.87
-7.81,0.85,-3.30
-8.30,0.67,-3.54
-8.73,0.24,-3.23
-8.67,0.12,-2.81
-7.81,-0.24,-2.56
-6.96,-0.49,-2.56
-6.35,0.06,-2.44
-5.55,0.67,-2.44
-5.13,1.04,-2.32
-6.23,1.16,-2.20
-6.90,1.04,-2.38
-6.71,0.85,-2.75
-5.74,0.79,-2.69
-4.70,1.28,-2.38
-4.88,1.40,-2.20
-5.43,1.59,-2.20
-5.31,1.95,-1.71
-5.55,3.17,0.12
-5.43,4.64,4.64
-4.76,10.31,14.04
-4.82,19.23,22.40
-2.20,22.95,27.16
-2.93,29.72,32.29
-4.39,39.43,40.89
-2.14,43.70,51.51
2.20,50.96,70.56
9.28,58.59,90.94
13.67,69.09,107.67
21.85,80.81,123.05
33.20,90.88,140.32
43.46,95.03,154.17
51.70,101.68,167.60
56.95,102.17,178.16
60.24,104.43,190.61
63.72,108.40,193.97
69.58,106.45,196.78
63.11,99.85,195.86
57.86,88.81,195.07
53.83,83.13,194.34
49.56,74.04,195.92
45.47,70.50,193.79
44.98,57.86,195.37
34.67,47.91,184.39
29.91,39.67,162.90
25.21,31.25,144.10
19.90,24.60,130.55
15.99,24.84,131.65
14.16,20.02,133.61
14.47,11.84,127.32
10.86,11.84,106.75
9.52,12.08,83.50
9.34,9.95,67.69
8.30,6.71,55.30
6.29,3.54,40.34
4.33,2.81,27.04
3.91,2.50,12.27
4.94,3.54,0.00
6.90,5.00,-5.98
5.68,5.49,-13.12
3.17,4.09,-36.93
2.93,1.83,-72.33
-0.24,-0.24,-110.41
-3.30,-0.06,-148.62
-9.83,1.83,-177.00
-18.37,-1.89,-194.82
-28.56,-8.06,-206.79
-40.41,-17.52,-217.04
-47.42,-30.58,-229.86
-47.67,-43.21,-243.41
-50.72,-52.80,-252.87
-54.99,-59.20,-256.65
-56.95,-61.58,-251.83
-57.98,-61.40,-231.32
-55.36,-61.52,-188.23
-45.78,-62.87,-127.01
-40.16,-66.22,-62.32
-37.90,-73.00,-10.44
-26.92,-80.87,21.48
-17.58,-83.80,31.13
-17.70,-44.19,-4.39
4.03,-41.63,-14.77
31.68,-51.88,-7.08
40.71,-57.01,9.70
48.58,-57.31,23.93
65.31,-54.93,30.88
81.85,-51.94,31.49
97.72,-49.74,31.98
109.07,-51.15,36.50
112.92,-54.26,39.12
105.10,-49.32,37.17
90.94,-38.82,26.73
71.11,-26.86,17.70
47.97,-14.47,6.84
29.36,-7.32,1.28
13.98,-0.31,-3.23
3.48,-3.48,-7.93
-6.77,-7.87,-10.25
-19.35,-17.27,-13.67
-33.39,-17.82,-19.41
-44.01,-4.64,-16.24
-51.15,16.66,-2.50
-53.22,43.64,10.56
-50.11,62.93,16.91
-49.62,73.24,14.22
-48.65,75.87,9.83
-46.75,71.04,12.21
-40.53,64.82,22.58
-31.13,56.82,40.95
-22.83,44.62,63.96
-15.44,32.10,86.30
-10.74,25.82,84.90
-9.03,26.00,43.64
10.80,20.08,27.28
29.85,9.40,24.35
43.64,-2.99,26.43
64.45,-5.49,29.30
91.25,-13.12,32.17
117.00,-25.88,31.56
135.99,-39.00,25.76
146.24,-45.78,22.09
148.80,-49.68,26.25
138.31,-40.59,27.04
116.27,-30.58,26.18
80.38,-14.40,18.43
44.68,-5.19,7.51
13.92,4.33,-5.62
-3.60,11.29,-18.49
-16.97,8.48,-40.34
-32.10,-0.73,-73.61
-49.44,-7.20,-115.30
-65.31,-9.46,-157.10
-78.55,-10.25,-196.66
-89.60,-21.12,-228.52
-94.36,-41.69,-248.84
-81.18,-65.73,-251.04
-61.10,-88.32,-233.22
-46.20,-102.54,-194.89
-41.99,-111.39,-135.07
-63.66,-115.66,-55.54
-64.27,-102.42,15.20
-53.16,-41.32,0.67
-7.75,-16.66,3.48
0.00,-4.88,26.00
-18.80,0.49,47.12
-11.47,11.23,48.46
0.31,26.12,56.21
7.08,43.52,80.08
14.59,70.13,117.19
31.49,100.52,161.68
55.42,121.64,216.31
76.42,134.16,267.33
86.73,139.04,307.56
83.62,132.75,326.60
79.77,118.59,322.69
74.77,99.91,308.72
72.02,75.99,300.23
59.08,52.37,293.46
48.46,31.56,275.02
40.16,19.04,251.40
29.72,5.31,219.85
28.38,-5.80,191.10
20.26,-16.30,178.04
13.00,-20.94,169.13
13.85,-22.77,147.22
9.70,-22.64,113.53
6.84,-21.61,80.02
2.14,-17.09,57.92















-,-,-
8.06,0.24,4.39
5.80,-0.92,3.48
3.78,-2.01,2.50
2.69,-2.26,1.83
1.95,-1.89,1.59
2.32,-1.10,1.53
2.75,-0.55,1.59
3.91,-0.18,1.83
4.82,0.43,1.95
5.49,0.49,2.20
6.23,0.61,2.26
6.29,0.43,2.26
5.80,0.37,2.14
5.07,-0.18,2.08
4.52,-0.43,1.83
3.66,-0.24,1.34
3.42,-0.31,1.22
3.54,-0.49,1.16
3.72,-0.55,1.10
3.36,-0.49,1.10
2.93,-0.37,1.28
3.17,-0.49,1.59
3.42,-0.24,1.65
3.72,-0.24,1.89
3.17,-0.06,1.83
2.87,0.06,1.65
2.93,-0.37,1.40
2.87,-0.67,1.16
3.05,-1.04,0.85
2.75,-1.65,0.67
2.75,-2.44,0.18
2.75,-3.36,-0.24
2.56,-4.15,-0.79
2.01,-4.70,-1.53
1.28,-5.13,-1.89
0.12,-4.76,-1.10
-0.79,-3.66,4.09
-0.98,-1.83,9.70
5.37,2.32,28.20
10.19,4.94,46.20
18.55,11.17,62.32
25.88,16.85,83.01
31.74,20.57,97.66
36.25,24.96,116.58
40.10,32.10,129.39
43.27,29.05,143.55
37.23,27.16,143.31
35.77,19.78,133.73
33.26,17.52,121.03
23.62,13.37,97.53
18.80,8.30,77.39
16.17,4.58,74.71
9.16,8.36,58.47
8.18,7.32,49.62
3.36,9.16,35.03
2.20,13.31,29.11
-3.60,13.49,21.48
-6.35,13.98,4.64
-7.08,13.92,-0.79
-6.84,17.15,-3.72
-7.81,21.97,-15.56
-10.25,23.68,-43.82
-14.04,21.48,-74.71
-18.92,21.06,-93.08
-20.51,24.17,-100.16
-18.07,25.88,-96.68
-15.69,24.96,-86.73
-14.95,20.87,-75.32
-14.59,14.53,-64.33
-13.98,5.74,-53.47
-12.15,-3.48,-43.09
-10.62,-12.33,-35.03
-9.58,-22.95,-29.05
-7.93,-35.34,-21.85
-6.53,-48.71,-11.54
-6.47,-62.01,-1.28
-5.31,-73.91,8.00
-2.75,-55.30,3.36
6.16,-30.03,-6.71
23.50,-30.03,-2.93
30.46,-23.62,1.77
42.36,-17.33,0.37
51.70,-14.04,0.37
58.23,-11.41,5.25
64.70,-18.07,9.28
71.53,-17.82,3.42
68.60,-18.49,2.69
59.57,-14.10,-1.40
50.90,-13.00,-3.78
43.70,-10.44,-3.54
34.42,-8.42,3.17
20.32,-5.31,-0.12
5.25,0.49,-1.89
-6.53,-1.22,-0.49
-18.37,-2.38,-3.60
-28.87,-6.23,-7.32
-36.99,-2.87,-8.12
-40.71,10.01,-0.24
-40.28,24.29,14.77
-45.29,40.53,18.68
-50.23,59.20,9.77
-51.21,67.08,4.46
-49.93,60.67,5.00
-42.36,40.83,7.93
-32.29,10.13,14.71
-25.02,-23.56,27.53
-19.96,-54.57,41.99
-12.94,-64.64,40.95
-6.04,-31.07,2.14
18.92,-18.31,-7.08
32.84,-13.85,5.68
46.94,-0.92,14.83
67.08,4.03,19.90
83.25,-3.42,20.45
95.64,-16.11,15.44
101.26,-18.92,13.61
83.37,-13.67,7.32
54.26,-12.33,0.67
32.65,-11.78,-3.54
20.45,-7.14,-4.70
12.33,0.55,-2.99
4.64,4.94,0.43
-5.37,11.47,0.06
-14.04,15.14,-5.37
-22.34,18.49,-13.73
-28.75,27.04,-32.04
-29.11,40.53,-48.22
-25.51,53.34,-60.00
-22.46,58.59,-71.96
-19.96,54.63,-85.33
-17.46,42.54,-98.57
-15.20,24.90,-107.79
-14.83,5.31,-107.85
-17.33,-14.47,-96.80
-16.05,-37.35,-71.72
-4.64,-55.30,-37.72
1.59,-65.98,-4.52
-2.44,-69.15,22.22
-10.07,-71.96,42.97
-13.67,-58.59,35.28
-10.80,-35.16,-4.52
4.33,-30.21,-2.69
10.07,-23.19,25.51
27.53,-7.69,47.61
55.42,7.08,76.29
66.89,15.14,106.57
72.63,24.96,134.28
84.11,31.13,168.46
86.49,34.12,202.09
75.99,31.07,214.42
65.80,26.55,213.93
52.19,15.56,205.02
35.52,6.29,177.92
22.83,-1.65,146.91
10.31,-9.83,115.84
7.69,-12.51,96.86
4.52,-15.44,95.15
3.54,-14.53,92.22
1.77,-8.73,74.04
1.77,-2.32,56.40
6.29,-4.64,50.96
7.26,-1.59,46.88
3.91,1.16,25.70
4.82,4.03,11.41
4.88,4.03,10.50
4.58,3.97,9.22
3.72,3.97,8.18
3.66,4.03,6.96
3.36,4.27,5.86
0.55,4.52,4.58
-1.65,5.62,2.62
-3.23,7.45,0.73
-5.07,10.25,-1.28
-6.96,14.65,-3.78
-8.85,18.49,-6.96
-12.57,25.15,-15.99
-15.69,33.57,-30.70
-17.09,45.84,-40.10
-21.55,68.73,-41.32
-23.07,94.79,-44.62
















-,-,-
1.16,-0.37,1.53
1.34,-0.43,1.95
1.22,-1.10,1.53
0.92,-1.59,1.40
0.92,-2.75,2.20
0.73,-4.52,2.99
0.37,-6.16,3.48
0.37,-6.41,1.65
0.98,-6.29,-0.73
3.23,-5.13,0.31
5.00,-4.76,2.99
6.04,-4.03,3.72
6.59,-3.23,3.66
5.19,-2.75,1.89
4.82,-3.72,1.22
4.33,-4.70,0.79
3.97,-5.31,0.18
3.72,-6.10,-0.31
3.30,-6.47,-0.67
3.42,-6.29,-0.85
4.27,-5.98,-0.92
4.82,-5.80,-0.92
4.64,-5.43,-0.85
3.91,-5.13,-1.10
3.42,-5.07,-1.65
3.36,-4.39,-1.95
2.93,-3.85,-1.77
2.99,-3.11,-1.53
3.23,-2.38,-1.22
3.54,-2.08,-0.92
3.72,-2.26,-0.67
3.54,-2.44,-0.85
2.69,-3.05,-1.46
1.65,-3.66,-2.01
1.40,-3.66,-2.44
1.04,-3.60,-2.81
0.92,-3.23,-3.11
0.85,-2.62,-3.05
1.10,-2.08,-2.75
2.75,-1.71,0.24
6.04,-1.65,7.32
6.77,1.10,12.63
8.12,6.23,14.89
12.15,8.85,23.01
17.52,10.86,37.90
25.15,16.78,57.92
32.71,26.31,78.00
39.31,30.82,93.51
44.13,35.95,107.12
49.62,39.12,115.60
54.93,39.98,128.30
51.70,39.55,126.95
52.67,36.13,126.10
50.54,33.87,129.27
46.14,29.17,128.85
40.04,23.56,125.55
29.91,15.14,117.55
18.92,6.90,108.95
10.19,3.48,99.67
2.99,4.88,85.69
1.83,5.31,67.93
3.72,6.10,59.51
2.75,7.02,54.99
0.61,10.25,48.28
-2.87,10.38,35.34
-4.82,9.52,23.68
-5.98,10.56,7.69
-4.27,12.51,-2.75
-8.48,13.98,-18.98
-13.61,10.13,-51.39
-18.31,5.92,-90.64
-22.34,4.15,-122.19
-26.06,5.37,-133.54
-26.73,7.39,-127.01
-24.35,8.36,-108.64
-23.19,8.00,-86.36
-23.99,5.68,-68.48
-25.09,0.18,-57.98
-25.51,-7.75,-53.16
-23.93,-17.70,-49.68
-21.48,-30.09,-45.23
-19.78,-43.76,-38.51
-17.27,-56.34,-28.75
-11.66,-52.61,-18.68
-2.62,-25.88,-11.96
18.31,-19.71,-6.41
29.54,-21.42,-4.64
34.48,-7.14,-4.52
47.61,-4.94,1.10
56.27,-8.00,8.06
68.05,-12.39,10.50
79.77,-15.08,7.39
81.05,-14.10,6.53
72.69,-9.09,6.77
62.44,-4.64,6.47
45.90,-3.42,6.29
28.63,-4.03,2.01
13.31,-5.13,-1.89
0.98,-4.76,-3.05
-10.13,-6.59,-3.42
-21.67,-7.63,-4.03
-29.48,-3.66,1.34
-33.87,4.15,9.64
-35.03,12.94,17.70
-38.51,25.15,22.03
-44.01,39.37,19.10
-46.33,47.30,12.70
-42.91,43.15,9.22
-36.19,29.05,11.05
-26.37,9.16,16.85
-16.36,-14.10,25.94
-8.00,-37.54,37.48
-2.87,-38.70,35.34
0.31,-10.31,5.62
29.05,-7.32,0.73
42.05,-6.35,17.15
58.23,0.61,27.95
74.65,3.97,27.53
85.08,-2.20,27.83
89.11,-5.31,18.74
77.39,-6.29,10.80
51.76,-5.13,1.28
32.96,-6.53,-5.43
22.40,-6.10,-4.09
12.15,-0.24,-3.11
3.54,0.73,-3.66
-5.07,3.11,-6.04
-12.27,4.46,-9.70
-17.27,1.83,-18.80
-23.99,2.20,-33.51
-28.38,6.23,-48.28
-31.13,15.56,-60.36
-31.19,25.57,-73.00
-29.36,31.13,-86.43
-24.29,28.81,-98.51
-20.20,19.17,-105.53
-20.26,6.16,-103.45
-18.74,-6.90,-91.31
-12.57,-20.14,-70.86
-6.23,-36.01,-46.88
-2.44,-53.71,-26.73
1.89,-64.76,-10.19
-1.83,-69.70,5.00
-12.88,-44.98,6.65
-10.68,-14.53,-5.43
0.85,-20.08,-3.54
-2.56,-22.40,-0.31
-0.18,-11.41,-2.56
4.09,-3.05,-1.65
4.52,2.93,10.62
10.74,10.38,30.46
21.42,17.33,50.66
30.33,21.85,69.95
36.13,30.40,83.01
44.19,32.04,107.24
49.44,38.21,132.93
53.89,38.76,161.50
47.18,35.89,172.79
44.62,32.10,180.36
37.90,24.96,185.24
24.35,20.08,179.32
12.76,11.17,171.26
14.40,2.08,162.05
11.60,-4.76,141.78
0.73,-8.48,111.94
2.08,-12.08,96.37
-2.38,-11.35,75.01
-0.79,-10.38,61.10
-3.78,-5.92,43.40
-3.78,-3.36,23.44
-2.50,-0.61,10.74
0.85,1.77,2.44
2.32,3.97,4.52
3.23,4.21,5.98
3.17,3.72,5.37
2.56,3.78,3.48
2.08,5.13,1.77
2.38,5.62,1.77
1.46,6.10,-0.18
-0.37,6.23,-7.32
















-,-,-
-1.46,-9.40,1.28
-2.26,-10.44,0.67
-3.11,-10.80,-0.18
-3.97,-10.50,-1.04
-4.33,-9.40,-2.20
-4.09,-7.93,-2.87
-3.54,-6.35,-2.93
-2.87,-4.94,-2.99
-2.56,-3.91,-3.36
-2.38,-3.30,-4.03
-2.38,-2.20,-4.82
-1.77,-1.04,-5.80
-1.71,0.61,-6.59
-1.28,1.83,-6.96
-0.73,2.50,-7.32
-0.49,2.56,-7.02
-0.31,2.87,-6.65
-0.12,2.69,-6.29
-0.49,2.62,-6.23
-1.65,2.50,-6.29
-2.99,2.69,-6.29
-3.54,2.32,-5.92
-3.78,1.40,-4.88
-4.39,1.46,-4.27
-4.88,1.71,-3.85
-5.19,1.53,-3.78
-5.37,1.10,-3.78
-5.74,0.37,-3.72
-5.74,-0.31,-4.03
-5.55,-0.92,-4.27
-5.07,-1.53,-4.88
-4.82,-1.40,-6.16
-4.70,-0.85,-8.06
-4.64,0.18,-9.16
-5.13,0.98,-9.40
-5.43,1.04,-9.83
-6.10,0.37,-10.68
-6.65,-1.10,-12.63
-6.71,-3.23,-14.65
-7.20,-4.70,-15.87
-7.45,-6.23,-15.32
-7.69,-11.47,-13.18
-8.67,-22.71,-10.62
-11.05,-36.32,-7.20
-13.31,-49.01,-1.95
-15.20,-52.49,3.42
-17.58,-26.55,-8.18
-7.14,-22.09,-12.39
-1.16,-23.68,-4.58
-2.56,-16.85,-1.04
0.55,-5.31,-1.04
7.63,6.35,13.49
24.35,15.26,52.31
43.88,21.24,91.13
57.86,31.80,115.60
66.83,37.23,137.27
65.55,39.00,151.98
62.01,37.60,157.10
60.12,33.14,164.31
56.27,29.60,170.84
42.91,24.23,154.79
29.24,18.62,126.77
22.09,13.55,99.37
20.20,9.34,82.46
11.29,5.43,64.58
10.38,6.16,52.43
8.30,6.77,43.70
2.20,7.39,27.77
3.36,7.63,10.50
4.27,8.06,-2.50
-0.67,6.53,-16.72
-9.28,1.53,-48.52
-14.28,-1.71,-85.33
-17.88,-0.37,-112.49
-24.41,6.53,-123.17
-31.25,12.57,-122.44
-34.18,13.73,-114.81
-34.67,9.70,-105.16
-33.81,2.81,-96.50
-30.21,-5.07,-88.13
-26.49,-12.88,-79.77
-22.95,-22.95,-71.29
-17.76,-37.05,-59.51
-9.95,-52.61,-40.89
-1.28,-66.47,-17.09
3.05,-56.40,-0.85
5.07,-19.17,2.99
25.57,-16.72,5.68
27.89,-17.88,4.82
32.59,-13.31,1.16
40.89,-8.85,1.53
44.74,-10.68,1.95
53.22,-18.74,1.10
61.58,-17.76,-1.46
68.42,-18.19,3.36
67.08,-18.98,0.85
63.17,-20.51,-0.49
49.74,-16.66,-0.85
36.74,-8.00,-3.30
25.94,-5.49,-2.99
11.05,-1.10,-2.14
-4.21,4.03,-1.83
-16.17,-2.32,-3.42
-26.79,-9.64,-7.20
-33.57,-13.92,-9.03
-37.35,-7.75,-5.00
-39.43,6.84,3.23
-42.24,22.28,12.15
-47.00,36.56,17.33
-49.68,47.55,13.49
-45.78,51.39,7.69
-39.25,45.35,7.14
-31.92,31.98,11.72
-25.09,13.24,18.86
-19.29,-5.80,27.40
-12.82,-24.11,38.02
-6.71,-41.75,48.28
-6.16,-24.78,26.61
7.02,-14.28,-2.99
38.09,-12.33,-2.62
57.07,-2.93,13.00
81.12,0.43,24.72
101.81,-5.49,32.78
118.04,-15.32,30.52
127.38,-16.91,18.37
108.28,-15.44,7.20
75.32,-13.73,-3.54
49.38,-19.53,-5.62
31.92,-13.49,-6.53
17.76,-2.69,-2.44
4.03,5.86,1.59
-7.93,10.44,2.69
-16.48,9.34,-2.20
-28.44,4.94,-13.85
-39.31,6.59,-34.42
-45.78,12.45,-54.87
-48.71,23.38,-69.09
-47.12,33.02,-80.20
-41.20,32.53,-91.98
-35.83,18.43,-101.01
-32.17,-2.69,-104.06
-29.36,-22.03,-96.01
-21.30,-37.23,-74.22
-4.58,-49.07,-41.02
9.83,-60.55,-6.35
7.39,-49.19,13.55
-1.83,-9.52,7.87
5.13,-16.91,-0.18
-4.21,-24.66,-3.54
-3.85,-18.19,-2.69
6.77,-9.58,0.12
20.94,-1.28,28.81
40.71,14.95,82.03
57.98,27.53,120.30
66.71,29.85,130.80
69.64,34.67,137.27
68.91,33.63,155.40
64.70,34.55,163.64
65.73,32.10,162.78
58.84,23.01,151.79
52.12,16.17,140.20
44.43,7.14,136.23
30.40,1.53,118.96
26.37,-2.44,104.80
23.74,-7.57,101.44
20.75,-8.36,98.27
19.59,-7.81,90.03
13.73,-7.08,73.91
12.45,-7.69,60.97
6.96,-7.26,50.17
8.24,-7.75,45.35
5.74,-5.13,43.03
5.00,-6.41,42.30
-0.31,-8.00,30.09
0.37,-5.68,15.14
3.91,-2.26,6.23
4.82,-1.10,7.14
5.00,0.12,7.51
5.13,1.28,6.77
4.09,2.26,5.92
















-,-,-
1.28,0.73,-3.72
0.85,1.10,-3.97
0.73,1.46,-3.91
0.85,1.53,-3.23
0.85,0.31,-1.95
0.49,-1.28,-1.10
-0.37,-2.32,-0.85
-1.28,-2.62,-0.85
-1.53,-2.44,-1.59
-1.28,-2.08,-1.53
-0.98,-1.77,-0.79
-0.43,-2.01,-0.18
0.18,-2.87,0.43
0.37,-3.91,1.04
0.79,-4.94,1.10
0.98,-5.98,1.28
0.85,-6.90,1.77
0.55,-9.03,2.99
0.31,-12.45,4.76
-0.12,-16.36,7.20
-0.73,-20.02,8.85
-1.89,-17.88,6.16
-2.44,-11.05,-0.18
-0.24,-10.38,-0.98
-0.37,-12.02,-0.12
0.24,-10.80,-0.31
-0.18,-8.79,-0.67
-0.73,-8.48,-1.16
-0.18,-9.22,-1.77
1.10,-10.07,-2.26
0.98,-11.17,-2.44
-0.73,-12.27,-2.26
-3.11,-13.31,-2.01
-4.39,-13.06,-0.67
-3.78,-10.25,3.05
-1.53,-5.49,11.11
2.26,-1.83,19.10
10.50,-0.85,32.65
19.17,3.78,53.96
27.40,9.83,71.72
36.62,16.36,87.10
44.49,23.44,104.49
51.57,29.17,121.77
60.36,33.69,148.56
53.77,35.34,161.80
57.43,34.24,171.26
53.47,29.85,170.29
50.90,21.48,172.42
40.95,12.51,156.68
32.84,10.25,132.93
24.23,4.64,113.40
18.25,0.92,95.76
13.31,-1.28,78.86
8.06,-0.73,59.39
3.11,1.28,45.04
-1.28,3.66,26.98
-2.99,5.25,11.60
0.73,7.26,-0.49
-3.17,10.01,-10.86
-10.31,10.62,-40.65
-15.01,11.72,-78.12
-19.53,13.79,-105.77
-22.64,22.95,-120.67
-24.11,32.53,-129.03
-25.39,36.07,-131.96
-28.08,33.26,-129.70
-29.54,26.12,-124.45
-29.17,17.88,-116.27
-27.34,4.94,-104.37
-24.78,-7.63,-89.54
-19.47,-22.09,-71.17
-12.21,-41.50,-49.93
-4.82,-62.19,-29.11
3.05,-80.87,-10.19
8.67,-75.13,-0.31
7.26,-29.24,2.56
36.13,-18.62,-2.87
44.07,-19.59,-12.51
53.22,-15.20,-13.49
58.29,-5.98,-5.37
62.99,-8.61,-1.46
70.62,-17.94,-4.46
73.24,-19.29,-4.52
64.33,-18.13,-4.52
48.28,-11.90,-4.27
37.48,-10.62,-5.80
26.86,-6.65,-6.84
16.24,-3.48,-4.76
4.52,-4.70,-8.54
-6.71,-3.85,-8.30
-18.25,-6.10,-8.12
-26.86,-13.12,-11.47
-34.79,-10.68,-5.86
-41.02,2.26,6.10
-44.31,20.32,12.70
-47.97,38.15,9.89
-50.17,51.45,7.39
-48.22,56.40,9.95
-42.48,51.76,15.08
-33.94,40.04,22.22
-21.79,22.58,33.33
-7.51,0.55,49.38
4.09,-22.34,69.46
13.73,-45.23,86.98
19.35,-33.02,68.73
22.95,0.37,13.24
54.14,0.37,11.05
69.27,-13.49,33.75
84.11,-1.89,27.47
97.84,6.29,19.90
106.87,3.85,17.76
109.92,0.18,6.41
98.75,-4.94,-5.86
66.89,-10.01,-15.01
39.98,-12.21,-20.87
23.13,-9.64,-19.35
9.64,-0.06,-8.73
-3.23,6.35,-5.31
-13.37,8.36,-3.42
-21.06,6.84,-4.82
-27.95,7.63,-10.50
-33.81,11.60,-21.42
-35.77,15.93,-31.49
-35.95,20.45,-38.70
-33.87,27.28,-48.95
-30.52,31.37,-63.42
-26.43,29.42,-78.19
-21.06,22.77,-91.61
-9.89,11.66,-101.07
-10.19,-0.18,-103.94
-15.14,-9.40,-97.35
-20.32,-17.03,-80.38
-19.71,-25.94,-56.27
-24.29,-40.95,-36.50
-21.61,-48.16,-24.54
-15.08,-57.13,-8.73
-13.37,-57.74,4.76
-15.20,-26.92,2.08
-2.38,-14.95,-3.42
9.77,-17.64,-0.85
9.03,-14.83,3.42
13.06,-1.22,2.14
16.66,9.16,5.62
18.49,13.92,14.77
24.60,18.86,27.22
41.63,14.77,61.10
44.13,19.65,79.77
47.97,22.71,82.21
46.94,26.00,88.75
44.49,28.87,101.14
41.75,32.04,109.99
42.11,30.15,122.19
41.08,25.94,131.35
42.18,21.55,130.86
39.37,19.10,122.80
34.00,15.01,112.00
31.37,8.30,113.59
26.67,6.23,114.99
25.88,6.29,113.16
22.52,4.46,108.76
20.69,1.16,104.37
14.89,-2.08,101.62
11.17,-1.59,94.91
10.93,-2.81,92.96
10.86,-4.27,93.26
9.89,-4.39,88.68
7.63,-8.00,78.12
5.19,-6.35,59.20
7.14,-8.00,47.06
4.52,-7.75,41.75
1.34,-6.71,30.21
0.24,-5.92,23.32
-0.12,-5.92,17.64
0.43,-4.64,9.58
3.85,-2.81,3.66
6.41,-1.40,3.72
4.52,-0.12,3.66
2.44,1.10,2.99
2.32,2.32,3.23
1.10,2.93,3.11
















-,-,-
1.04,-0.31,0.79
0.85,-0.24,0.49
0.92,-0.18,0.61
1.10,0.00,0.55
0.98,-0.31,0.67
0.73,-0.67,0.43
0.98,-0.85,0.24
0.98,-1.34,0.24
1.10,-1.46,0.12
0.85,-1.65,0.12
0.73,-1.53,0.12
0.31,-1.22,0.06
-0.06,-0.79,-0.06
0.00,-0.24,0.18
0.18,0.06,0.37
0.37,0.37,0.61
0.73,0.49,0.92
0.92,0.43,1.10
0.49,-0.24,0.92
0.73,-0.73,0.55
0.92,-0.67,0.49
0.98,-0.55,0.61
0.79,-0.06,0.85
1.28,0.18,0.98
2.38,0.55,1.16
2.81,0.49,1.10
2.93,0.24,0.85
2.26,-0.24,0.85
1.95,-0.24,0.79
1.95,-0.18,0.92
2.08,0.06,1.10
2.14,0.55,1.28
2.14,0.67,1.34
2.38,1.04,1.65
2.32,1.22,2.26
1.95,1.71,5.00
1.71,3.05,11.78
6.90,6.16,28.32
12.76,8.24,43.09
14.95,13.12,47.61
20.26,15.26,67.50
25.45,19.23,90.58
32.84,20.94,105.29
37.84,23.99,118.65
42.97,26.25,132.08
50.48,28.32,147.52
50.48,31.31,157.41
45.47,23.93,161.32
36.99,21.18,154.17
28.87,20.02,142.40
21.12,16.17,126.95
16.42,11.47,107.54
10.13,9.09,83.44
2.44,5.98,53.77
1.95,6.29,40.16
4.70,5.19,42.24
-1.95,8.67,31.37
-5.55,11.47,4.39
-3.30,9.95,-11.90
-5.62,5.92,-18.98
-11.23,1.28,-38.88
-14.16,-0.24,-71.66
-13.92,0.18,-102.36
-13.55,0.85,-122.44
-8.79,7.26,-131.10
-14.16,17.09,-130.07
-20.63,23.44,-121.95
-22.89,23.01,-108.95
-19.29,16.42,-94.18
-15.26,6.65,-80.57
-14.47,-2.87,-69.03
-13.92,-11.11,-58.29
-13.98,-20.94,-47.18
-14.95,-33.14,-34.36
-13.92,-46.81,-19.71
-10.62,-60.91,-4.88
-7.81,-54.81,3.42
-5.80,-15.69,-0.55
12.08,-9.34,1.65
21.55,-8.54,2.50
33.14,-6.84,-1.40
45.65,-5.07,-3.48
53.10,-1.53,2.81
60.61,-8.61,0.31
64.45,-11.90,-2.87
62.38,-12.57,-2.62
54.63,-13.79,-2.44
44.25,-12.51,-3.78
34.48,-10.62,-2.75
26.98,-7.02,-3.48
18.98,-5.13,-2.44
9.46,-5.25,-4.03
-1.10,-3.48,-5.07
-9.83,-4.03,-4.21
-17.21,-8.73,-5.98
-24.05,-9.28,-8.67
-29.79,-2.93,-9.28
-33.45,5.92,-8.12
-35.03,14.16,-2.38
-34.55,20.94,9.40
-35.03,28.38,13.79
-36.25,36.13,10.07
-36.93,41.32,7.32
-35.03,42.05,8.79
-31.92,36.87,14.04
-26.25,25.76,21.91
-18.86,10.07,33.26
-10.56,-7.57,47.49
-1.83,-27.71,60.55
4.94,-46.81,66.96
9.77,-21.00,44.80
12.08,4.21,14.28
26.55,-2.08,11.35
37.96,-7.08,14.95
52.12,1.83,12.39
66.41,9.40,16.17
79.47,9.40,20.63
89.42,5.68,19.35
95.64,-2.38,5.00
95.15,-6.10,-2.75
81.48,-10.25,-4.03
63.90,-11.54,-12.70
49.26,-9.95,-16.48
36.74,-10.44,-12.21
22.40,-7.69,-11.54
7.87,-2.99,-9.28
-3.85,-2.20,-5.49
-13.55,-2.20,-4.27
-21.79,-5.98,-5.43
-27.95,-6.90,-8.18
-31.92,-2.01,-12.45
-33.63,5.25,-19.41
-35.77,11.29,-29.48
-38.82,15.14,-42.24
-39.43,21.12,-56.03
-38.70,29.05,-71.66
-37.29,34.18,-87.83
-34.73,32.84,-99.43
-28.93,24.48,-103.45
-22.58,10.38,-101.26
-21.00,-4.52,-93.75
-17.03,-16.66,-79.59
-11.96,-27.04,-60.42
-7.26,-37.17,-38.70
-3.54,-48.10,-18.49
-3.60,-57.07,-3.66
-6.65,-61.10,6.77
-10.38,-42.24,9.58
-10.86,-9.52,-0.49
4.09,-9.89,-0.73
9.03,-15.08,8.79
11.05,-5.74,10.80
18.07,5.55,13.49
26.86,12.21,30.09
39.49,15.14,62.56
48.95,14.83,85.14
58.78,18.01,103.39
69.52,20.63,123.35
76.60,20.69,146.85
76.60,24.23,165.89
75.62,27.47,180.42
74.77,23.25,188.54
70.25,16.24,190.37
58.59,9.22,190.86
42.24,3.54,187.87
26.92,-5.74,179.44
15.14,-8.85,161.19
10.13,-15.63,143.92
5.68,-14.40,121.28
2.38,-11.41,97.84
3.11,-13.24,84.23
2.20,-16.91,76.17
1.22,-10.44,59.94
1.04,-7.87,47.67
1.10,-6.53,41.20
2.99,-4.21,35.58
0.18,-1.53,22.83
0.06,3.17,6.96
-1.46,3.66,2.69
-1.95,3.54,2.01
















-,-,-
1.16,-2.81,0.06
1.16,-3.23,0.06
1.46,-3.23,0.06
1.65,-3.17,-0.24
2.08,-2.93,-0.55
2.50,-2.50,-0.49
3.36,-1.89,-0.31
4.03,-1.34,-0.06
4.27,-0.98,0.31
4.33,-0.98,0.49
4.39,-0.73,0.31
3.85,-1.10,0.24
3.30,-1.16,0.37
2.93,-1.22,0.31
2.20,-1.34,0.24
1.46,-1.46,0.49
1.28,-1.34,0.31
1.46,-1.34,-0.06
1.10,-1.46,-0.06
1.10,-1.34,-0.18
1.16,-1.10,0.12
1.10,-0.73,0.61
1.34,-0.43,0.85
1.28,-0.31,0.79
1.10,-0.18,0.61
0.61,-0.18,0.43
-0.37,-0.61,0.18
-2.01,-1.22,0.00
-2.87,-1.71,0.12
-1.89,-1.77,2.56
1.65,-1.28,10.56
2.50,-0.61,17.40
1.71,-0.31,21.12
-0.06,1.40,28.50
3.11,5.25,47.67
5.37,13.61,72.81
10.44,18.49,96.50
15.81,22.71,120.79
19.47,28.99,142.09
22.09,32.47,159.97
19.17,35.95,160.46
21.18,38.64,153.08
15.69,29.36,151.73
8.91,17.27,122.99
5.25,8.12,88.32
-0.98,2.69,66.47
-3.23,10.62,49.32
-4.27,11.23,46.26
-5.49,19.90,44.19
-5.49,20.87,29.48
-5.00,22.77,16.85
-8.06,21.06,7.14
-8.42,20.63,-3.78
-8.12,21.61,-14.34
-10.13,18.92,-37.41
-8.67,14.71,-73.67
-2.81,9.89,-102.84
0.55,7.45,-118.47
2.26,7.26,-123.66
0.61,6.84,-119.45
-1.95,5.13,-107.79
-5.13,1.71,-91.00
-8.97,-3.11,-72.57
-12.21,-10.07,-55.85
-12.70,-21.24,-42.42
-11.23,-37.78,-31.62
-9.28,-58.35,-21.18
-8.85,-78.92,-9.09
-9.40,-71.11,-3.78
-3.42,-41.93,-2.32
13.98,-34.36,-2.08
23.93,-33.33,-0.37
35.34,-27.34,-4.39
48.16,-17.03,-4.39
57.56,-19.23,-3.17
71.04,-31.56,5.55
79.96,-31.80,8.06
89.84,-32.71,7.63
85.88,-25.94,11.05
78.61,-18.62,13.43
70.07,-9.95,12.70
57.68,-4.70,10.86
36.25,1.22,11.23
13.73,3.78,8.00
-4.94,5.98,1.40
-18.55,0.31,-2.44
-32.17,-6.16,-8.36
-44.07,-10.31,-13.55
-53.83,-0.67,-12.15
-61.10,19.78,-1.10
-70.25,45.41,7.63
-77.09,66.04,4.21
-78.67,74.16,0.24
-72.27,64.88,3.36
-57.56,38.39,10.38
-40.71,2.44,18.01
-28.20,-31.49,28.63
-19.04,-58.47,42.60
-8.54,-59.88,41.14
3.78,-18.98,5.92
30.64,-2.32,3.97
51.88,-4.21,26.79
73.06,-2.87,40.47
87.59,3.23,34.97
99.61,2.62,28.02
108.22,-8.79,28.87
108.64,-8.18,27.34
87.46,-1.46,20.39
56.58,-5.62,10.07
32.10,-4.82,3.30
18.01,3.78,5.19
8.61,6.41,3.48
-2.20,9.70,3.54
-11.23,4.64,0.79
-17.76,0.61,-3.66
-23.25,3.78,-11.66
-26.86,11.72,-26.49
-28.81,18.92,-38.94
-29.85,26.92,-45.04
-27.71,37.66,-51.76
-20.45,46.81,-63.17
-10.99,47.67,-74.46
0.12,39.12,-81.05
4.82,25.63,-83.13
7.08,10.99,-81.54
9.16,-4.64,-72.14
8.97,-21.00,-52.86
9.34,-37.60,-30.33
10.62,-54.99,-11.60
7.87,-69.95,1.22
0.24,-75.99,11.35
-12.57,-41.93,4.03
-6.71,-21.12,-3.30
-0.61,-27.47,-2.81
-5.49,-29.05,-2.20
0.49,-18.07,-3.60
3.54,-8.00,2.50
6.77,-0.18,21.97
14.53,4.21,49.56
16.17,13.92,68.79
24.78,20.02,91.49
30.09,25.63,120.61
33.87,34.55,143.74
37.23,38.45,162.29
34.67,38.09,166.20
31.80,27.04,168.33
25.63,17.15,171.81
19.29,14.89,173.71
10.07,13.55,167.91
4.70,9.64,159.00
-4.27,8.91,138.67
1.28,6.59,109.56
0.24,1.95,91.37
3.72,-2.08,82.28
-0.12,-1.89,64.21
3.66,-4.52,59.02
-1.83,-7.63,50.66
1.10,-2.62,35.16
-0.43,-2.38,28.02
1.16,-0.06,8.54
3.54,2.38,5.37
4.09,3.17,7.57
4.58,3.97,7.57
4.09,4.33,6.47
3.30,4.15,5.49
0.43,4.03,3.97
-2.44,4.21,1.77
-3.91,4.27,-0.43
-4.09,5.49,-1.53
-4.21,6.84,-1.83
-4.03,8.36,-1.95
-3.97,9.77,-1.59
-3.36,11.54,-0.79
-3.72,13.98,-0.85
-4.27,15.93,-1.53
-7.39,17.58,-2.26
-10.86,21.18,-7.39
-12.70,25.57,-15.14
-12.82,28.44,-18.31
-12.33,35.10,-15.32
















-,-,-
-0.92,-2.32,-5.19
-0.92,-2.38,-6.10
-0.73,-2.32,-6.59
-0.49,-2.14,-6.35
-0.49,-2.01,-5.31
-0.92,-2.20,-4.58
-1.40,-2.32,-4.52
-1.59,-2.81,-4.70
-1.40,-3.78,-4.64
-1.16,-4.82,-4.33
-0.92,-5.25,-3.97
-1.10,-4.88,-3.91
-1.34,-4.64,-4.09
-1.04,-4.70,-3.97
-0.49,-4.21,-4.27
0.49,-3.97,-4.58
0.92,-3.91,-4.58
1.34,-2.99,-3.85
1.65,-2.62,-2.69
1.71,-2.14,-1.34
1.34,-1.95,-2.08
1.04,-2.99,-3.60
0.61,-3.91,-3.72
0.79,-4.52,-2.50
0.31,-4.52,-2.50
0.55,-4.33,-2.75
1.10,-5.43,-0.92
0.67,-5.68,0.37
0.43,-5.19,-0.49
0.37,-5.43,-0.31
-0.06,-5.31,0.00
0.49,-5.00,0.00
1.34,-5.00,-0.24
0.73,-4.88,-0.24
1.40,-4.88,-0.18
2.08,-4.64,-0.18
1.95,-4.76,-0.06
2.01,-4.70,0.06
2.08,-4.33,0.18
2.38,-4.33,0.55
1.95,-4.70,0.49
1.16,-5.37,0.24
-0.12,-6.35,0.18
-2.75,-7.02,0.55
-4.15,-6.65,4.15
-1.22,-4.03,20.75
2.81,-5.19,38.82
4.64,-1.83,54.99
3.11,3.72,61.04
5.13,9.28,71.72
9.34,12.27,93.75
12.76,17.15,113.16
17.46,19.29,130.07
20.87,20.14,144.53
17.82,22.34,153.99
15.87,25.21,152.95
11.23,22.09,154.79
5.62,16.60,151.43
0.79,11.11,140.14
-2.14,7.51,116.82
-1.83,2.56,95.03
-2.26,3.66,80.69
-4.15,4.82,67.87
-2.32,5.92,57.68
-3.17,10.50,47.61
-4.76,11.66,43.52
-11.23,10.38,26.12
-3.36,9.64,17.40
-8.00,8.61,5.49
-2.01,11.72,-11.41
-2.32,8.36,-30.40
-3.17,6.77,-64.82
-3.54,6.84,-104.98
-1.89,10.68,-132.39
-3.66,16.48,-142.33
-7.45,21.30,-138.43
-8.18,22.34,-126.40
-10.25,20.08,-111.57
-10.62,15.20,-99.18
-7.57,5.62,-88.62
-3.05,-6.71,-77.33
1.65,-20.87,-63.42
5.37,-36.80,-47.24
6.96,-53.65,-29.66
10.01,-70.31,-13.31
11.05,-77.76,-2.56
1.40,-35.16,0.18
12.21,-21.06,-0.18
22.16,-23.80,-0.79
24.41,-21.36,-0.31
36.56,-13.37,0.43
46.57,-9.16,3.97
61.04,-16.36,4.27
74.71,-18.37,5.74
85.21,-22.28,5.68
87.46,-21.24,1.89
82.95,-16.60,1.34
75.13,-8.73,3.11
63.05,-4.58,4.27
48.52,-3.66,4.21
31.13,-3.66,-1.71
12.27,-2.87,-4.76
-3.30,-0.98,-7.93
-14.34,-5.49,-5.98
-27.04,-8.54,-8.36
-38.76,-11.29,-12.45
-50.29,-6.10,-11.41
-58.11,3.85,-2.69
-65.73,18.62,6.29
-72.88,33.45,4.82
-74.89,42.54,0.24
-71.11,43.33,-0.85
-61.65,33.08,1.95
-48.65,13.55,8.00
-35.28,-10.50,19.23
-22.89,-34.61,36.01
-13.18,-55.11,53.22
-5.92,-35.71,40.77
-0.49,-4.39,2.01
29.17,-1.95,5.49
47.73,-3.91,19.65
68.97,4.33,25.27
88.81,6.29,29.05
104.13,5.00,37.60
117.68,-3.66,34.00
125.55,-5.13,25.51
117.92,-5.07,24.11
89.90,0.31,17.21
61.65,-3.30,4.58
39.31,-4.88,-0.79
23.07,-3.48,-1.89
11.96,-0.85,0.06
0.61,9.89,2.01
-8.06,9.77,0.31
-15.87,3.54,-4.58
-23.01,-0.49,-19.47
-29.54,2.26,-39.73
-34.55,10.93,-55.36
-36.01,24.72,-62.56
-34.48,39.49,-67.57
-29.79,50.35,-76.90
-23.50,50.84,-86.98
-17.15,41.63,-93.57
-6.23,26.79,-94.06
5.19,8.73,-86.30
1.34,-5.74,-70.74
1.28,-18.43,-50.96
4.21,-32.90,-31.92
8.54,-50.23,-14.47
8.79,-66.04,-0.55
1.40,-66.04,10.07
-12.51,-25.82,9.16
-5.74,-16.42,-1.04
-0.49,-25.02,-1.71
-3.97,-23.93,0.24
4.52,-10.80,4.09
8.79,-2.93,18.74
11.29,1.22,41.93
17.15,5.80,59.81
21.06,16.54,78.98
22.52,20.81,95.03
19.35,24.84,102.36
21.00,23.32,118.65
16.54,22.34,137.63
13.37,21.30,145.57
14.95,16.36,148.74
15.08,10.38,152.16
13.67,2.81,149.96
10.56,-0.12,136.41
9.77,-6.04,124.45
7.08,-6.59,114.38
3.05,-7.87,104.86
6.23,-7.51,102.66
1.53,-7.81,97.60
3.78,-8.73,93.81
0.85,-4.46,86.73
6.71,-5.00,82.70
2.38,-8.30,75.87
-2.75,-7.26,50.84
-4.15,-6.47,22.28
















-,-,-
2.14,0.18,1.53
2.20,0.12,1.10
1.77,0.06,0.85
1.04,0.24,0.73
0.61,0.06,0.79
0.85,-0.24,0.67
0.98,-0.37,0.67
1.10,-0.49,0.98
1.04,-0.37,0.85
1.04,-0.24,0.85
1.28,-0.18,0.85
1.46,0.06,0.67
1.40,0.12,0.67
1.34,0.00,0.61
1.40,0.06,0.43
1.53,0.18,0.55
1.53,0.12,0.85
1.46,0.06,0.85
1.34,0.18,0.92
1.28,0.31,1.16
1.16,0.24,1.28
1.28,0.49,1.40
1.65,0.49,1.59
1.89,0.61,1.46
2.08,0.55,1.28
2.01,0.61,1.34
2.01,0.73,1.16
1.65,0.43,0.79
1.28,0.18,0.67
1.16,0.18,0.67
1.28,0.37,0.67
1.95,0.55,0.49
2.62,0.79,0.67
2.87,0.79,0.92
3.05,0.85,0.85
3.11,0.49,0.79
3.23,0.37,1.10
2.69,0.61,1.28
2.44,0.92,1.16
2.56,1.34,0.98
3.05,1.65,0.43
3.48,1.71,0.73
3.91,1.59,2.69
6.16,2.99,10.50
7.57,6.53,22.40
11.29,9.09,33.45
13.31,11.78,43.03
18.55,15.99,59.81
22.34,14.53,76.72
22.28,20.08,81.30
28.56,21.91,91.31
31.80,26.49,114.20
34.42,31.31,129.70
33.14,33.39,136.47
31.07,29.05,142.64
28.93,26.79,154.36
22.09,22.58,152.77
14.28,19.35,133.24
10.13,12.15,116.52
5.19,4.94,97.11
4.39,8.18,81.60
-0.98,6.71,70.37
-0.79,7.93,57.98
-2.44,6.35,49.50
-8.42,6.77,33.14
-8.61,9.46,15.01
-11.11,11.90,2.99
-8.67,14.34,-3.78
-8.85,14.16,-8.24
-15.93,11.54,-28.38
-22.22,6.65,-67.57
-21.73,-0.37,-105.29
-17.09,-3.17,-131.35
-13.12,4.52,-136.60
-17.94,17.21,-124.08
-22.58,27.47,-106.32
-22.89,28.93,-91.98
-19.41,22.46,-83.62
-16.24,12.27,-79.96
-13.98,1.10,-78.06
-11.90,-8.79,-74.34
-9.09,-19.17,-63.29
-6.65,-31.13,-43.58
-4.76,-44.07,-21.42
-3.23,-58.17,-4.58
-2.44,-72.88,7.02
-0.85,-66.53,12.21
-4.15,-33.75,8.12
19.04,-22.77,5.74
36.44,-12.02,8.42
51.39,-8.48,6.96
62.26,2.32,3.48
74.71,-7.69,5.25
81.12,-16.60,1.34
88.38,-21.30,-2.93
77.51,-15.81,1.95
59.81,-13.73,2.81
41.63,-6.10,-3.66
34.00,-8.18,-4.27
22.40,-3.78,-1.71
10.50,0.18,-0.24
-2.08,0.67,0.79
-13.31,-6.29,-2.26
-22.40,-13.12,-6.77
-28.81,-16.30,-7.93
-31.13,-11.41,-6.10
-34.42,0.98,3.05
-40.47,14.77,11.96
-45.35,24.66,16.48
-53.41,28.14,16.48
-59.08,28.93,10.56
-59.81,28.02,5.13
-54.63,22.58,7.57
-43.46,10.68,18.13
-29.05,-7.51,34.12
-14.83,-28.08,49.62
-9.28,-17.82,33.45
-4.64,-4.39,4.21
20.94,-3.17,6.47
41.02,1.16,22.03
63.90,15.99,29.72
82.64,16.36,34.85
97.11,6.47,34.85
113.10,-0.37,30.27
126.83,-4.88,17.33
127.20,-5.43,15.87
105.71,-2.75,13.24
75.32,-6.65,-1.65
50.90,-12.82,-10.56
32.78,-11.47,-11.90
19.59,-9.09,-1.46
4.70,2.99,0.67
-6.35,0.67,-0.06
-13.85,-5.37,-1.28
-18.13,-8.54,-2.87
-20.87,-5.80,-3.30
-23.01,0.92,-4.03
-24.90,9.70,-8.18
-27.47,14.71,-18.92
-29.91,17.21,-38.51
-30.03,15.93,-58.17
-27.28,18.43,-71.35
-24.41,26.67,-80.63
-19.41,33.26,-90.94
-10.86,30.58,-98.88
-3.36,20.51,-101.32
2.69,6.35,-94.85
4.27,-7.39,-80.20
2.69,-18.55,-60.85
4.33,-31.74,-40.95
6.35,-47.30,-22.52
6.53,-62.56,-5.92
1.28,-72.20,7.02
-14.40,-40.71,7.14
-25.09,-14.04,-2.75
-9.40,-16.36,-7.63
-13.79,-21.18,-3.78
-9.83,-16.85,-3.42
-4.46,-9.28,-5.92
-5.37,-4.76,-6.23
-2.69,-1.77,2.20
6.04,2.93,29.42
15.26,10.38,64.09
25.39,15.87,94.67
32.71,20.87,119.02
35.28,28.69,134.64
37.48,26.43,146.67
35.40,26.86,154.54
31.19,22.34,157.47
26.79,20.81,158.94
25.82,15.75,156.13
28.75,4.21,161.99
17.52,-1.34,147.22
14.34,-1.53,120.24
13.61,-4.52,105.83
12.45,-4.88,99.30
10.13,-4.88,86.36
4.27,-7.51,61.58
5.31,-4.15,39.18
6.04,-8.24,36.32
















-,-,-
1.77,1.40,-1.89
1.40,1.59,-2.08
1.83,1.89,-2.14
2.14,1.95,-2.50
1.95,2.14,-2.32
1.95,1.89,-1.16
1.53,1.10,0.24
1.28,0.31,1.04
1.40,-0.73,1.77
1.59,-1.53,1.95
1.40,-2.14,1.89
1.65,-2.50,1.34
1.71,-2.93,1.22
1.53,-2.87,1.71
1.34,-3.17,2.44
1.34,-4.03,2.69
1.46,-5.74,2.93
2.14,-8.54,3.23
2.75,-12.82,3.85
2.50,-16.91,4.64
1.16,-18.13,4.82
-0.31,-12.94,1.10
1.46,-8.00,-1.83
3.05,-8.06,-0.37
4.76,-8.73,0.61
4.94,-5.74,0.00
5.92,-3.78,1.40
7.93,-2.87,1.10
10.56,-3.36,0.43
10.25,-3.91,0.61
5.80,-4.76,0.73
-2.01,-6.65,1.10
-10.86,-8.91,1.04
-16.11,-8.18,2.01
-14.59,-5.68,15.69
-12.33,6.16,44.98
-7.14,20.63,73.85
1.77,19.84,89.17
12.45,26.18,95.70
24.78,32.29,111.21
37.11,39.31,137.57
39.00,40.28,148.99
42.97,37.66,153.44
37.29,38.02,149.84
41.69,34.00,145.39
34.06,22.77,129.70
24.84,9.34,98.14
18.68,4.82,75.44
13.00,1.89,67.08
6.71,-3.17,56.76
2.38,-1.71,40.41
0.31,0.18,24.11
-5.37,-0.92,5.80
-4.46,-1.46,-4.82
-5.86,-0.73,-6.53
-8.18,2.08,-12.70
-10.93,4.94,-24.96
-13.24,8.67,-49.99
-10.68,11.47,-78.49
-12.57,16.17,-96.44
-15.44,22.22,-106.14
-16.48,26.37,-109.86
-16.11,26.86,-107.97
-15.50,26.43,-102.60
-12.33,21.36,-95.03
-9.40,9.70,-85.63
-7.45,-4.15,-73.06
-5.80,-16.54,-56.34
-4.39,-27.89,-38.88
-2.50,-40.22,-22.46
-0.92,-55.30,-7.81
3.30,-73.36,5.49
9.70,-90.88,18.37
9.77,-58.23,20.08
8.48,-20.87,9.70
40.22,-13.06,2.20
51.57,-12.57,2.81
63.54,-7.75,5.49
72.33,-1.04,5.80
79.16,1.53,9.70
87.46,-1.34,8.61
91.31,-7.14,4.21
81.48,-7.69,-1.10
62.81,-3.23,-4.70
47.00,-3.30,-6.10
36.74,-2.32,-3.97
27.28,2.44,-3.17
17.09,0.85,-3.78
6.29,-2.81,-5.37
-4.94,-6.23,-4.33
-18.92,-10.74,-7.75
-29.66,-18.43,-13.18
-35.95,-18.86,-12.82
-42.30,-4.88,-3.66
-49.38,15.81,8.00
-60.18,37.23,8.61
-64.64,50.17,2.01
-64.33,49.26,0.00
-60.36,36.93,4.33
-52.73,20.02,12.57
-41.26,0.18,25.82
-25.94,-23.74,45.41
-9.16,-47.85,67.20
1.59,-29.66,53.89
6.47,-4.64,6.29
37.11,2.14,5.31
53.77,-0.43,32.65
66.77,12.88,35.77
79.41,17.88,29.97
88.44,13.18,28.81
96.74,8.36,24.78
97.66,2.08,19.96
78.80,-0.79,6.47
54.20,-7.75,-3.17
35.52,-13.73,-10.01
23.44,-11.17,-11.60
11.66,-7.08,-11.54
2.26,-7.26,-12.88
-5.74,-2.69,-13.12
-11.84,2.56,-14.40
-16.91,3.72,-19.78
-21.30,6.41,-32.78
-23.74,12.88,-48.89
-27.10,24.90,-63.17
-23.19,36.87,-77.58
-13.92,41.50,-89.11
-6.35,37.90,-94.54
-3.11,28.02,-93.20
-2.01,15.08,-84.96
-4.33,3.30,-71.59
-6.47,-8.06,-53.96
-10.44,-24.96,-36.44
-13.43,-41.14,-25.76
-7.14,-52.37,-11.90
-3.72,-64.21,6.71
-3.85,-67.14,25.63
-12.94,-26.00,21.48
-13.79,-4.27,8.18
5.55,-10.07,6.77
1.53,-13.73,8.30
6.04,-4.15,18.55
16.91,13.31,43.52
22.77,26.79,76.84
26.49,34.30,98.51
34.12,36.87,113.71
40.04,34.06,129.76
43.52,34.42,143.31
46.69,36.19,159.85
48.58,35.71,170.41
56.95,26.06,176.45
47.06,18.07,170.96
40.10,11.41,160.03
34.97,6.71,147.52
29.79,-1.71,143.86
22.16,-9.09,130.43
16.24,-9.09,110.96
9.83,-7.32,86.12
10.56,-6.59,67.50
8.54,-4.15,60.91
9.70,-2.08,57.56
1.59,0.85,43.70
3.60,-0.79,30.21
0.12,-2.20,20.51
3.72,-1.83,5.31
4.58,-2.56,2.93
3.85,-3.54,4.15
3.05,-3.17,3.91
0.67,-2.56,3.05
-2.26,-2.32,1.89
-3.17,-1.65,0.61
-3.54,-0.67,0.31
-3.05,0.12,0.12
-2.93,0.79,-0.24
-2.87,1.40,-1.16
-2.26,1.77,-2.14
-2.26,2.44,-2.69
-3.30,3.66,-2.87
-3.72,4.88,-3.05
-3.85,5.19,-2.08
-4.39,5.55,-1.77
















-,-,-
1.34,-0.49,-0.24
1.22,-0.55,-0.43
1.16,-0.37,-0.24
1.53,-0.18,0.06
1.71,-0.18,0.00
1.53,-0.37,0.12
1.59,-0.55,0.06
1.71,-0.55,0.06
1.83,-0.43,0.24
1.83,-0.37,0.31
1.59,-0.49,0.31
1.53,-0.43,0.49
1.40,-0.24,0.85
1.65,0.00,0.92
1.83,0.18,0.98
1.77,0.00,0.67
1.59,-0.24,0.67
1.34,-0.49,0.67
1.40,-0.37,0.49
1.59,-0.12,0.31
1.59,-0.06,0.18
1.28,0.00,0.24
1.22,0.00,0.31
1.53,0.24,0.49
1.46,0.18,0.79
1.40,0.12,0.85
1.22,-0.12,0.85
1.28,0.31,0.98
1.65,0.61,0.98
1.59,0.73,0.98
1.40,0.67,1.16
1.40,0.85,0.98
1.16,0.73,0.79
1.16,0.67,0.61
1.46,0.79,0.55
1.71,1.04,0.79
0.73,1.53,1.22
-1.95,2.44,1.53
-5.62,4.58,2.69
-3.11,10.13,15.81
3.72,18.62,50.05
6.29,24.78,80.26
10.38,23.68,106.45
8.61,25.45,110.17
13.31,29.79,110.60
18.43,31.07,119.69
24.78,30.58,133.61
32.04,29.42,143.62
35.52,22.52,143.86
35.95,14.71,146.48
30.03,14.10,136.17
24.72,9.52,118.47
18.62,5.43,98.63
15.63,5.43,83.19
13.37,4.27,79.16
6.04,4.70,69.95
4.52,9.52,59.94
4.33,7.20,61.58
-4.52,11.35,50.78
-7.14,14.83,29.54
-7.20,13.55,19.71
-8.18,12.51,6.16
-4.33,12.33,-13.85
-11.29,7.32,-41.50
-9.64,-1.77,-82.34
-13.24,-4.76,-120.73
-15.56,-5.92,-148.80
-11.47,-1.53,-160.64
-4.09,6.53,-156.31
-6.59,16.36,-141.36
-9.03,21.24,-123.29
-9.22,17.64,-104.92
-8.12,7.81,-88.07
-5.68,-4.94,-72.39
-4.15,-18.68,-57.19
-2.93,-34.42,-41.20
0.37,-53.16,-22.16
6.65,-73.18,-2.32
7.75,-61.46,9.77
-4.64,-12.76,8.48
15.08,-8.24,1.89
25.70,-16.97,-2.20
32.53,-13.55,-5.92
42.79,-7.57,-8.12
47.42,-5.31,-4.21
50.23,-6.35,-4.09
48.95,-7.87,-7.45
44.80,-14.77,-9.89
36.38,-16.24,-11.78
27.22,-15.99,-11.05
16.85,-12.45,-7.32
6.35,-6.41,-5.13
-5.13,-2.56,-6.96
-17.88,-1.71,-6.29
-29.48,1.59,2.14
-38.45,9.70,14.59
-43.52,18.74,20.45
-45.47,29.05,18.74
-45.78,35.77,18.19
-44.62,34.42,22.52
-38.57,23.56,30.52
-28.38,5.74,43.64
-18.19,-12.51,62.32
-3.48,-12.02,71.72
4.88,17.58,50.60
20.57,13.06,33.57
37.48,4.09,24.54
57.86,5.37,23.93
73.06,4.82,23.56
88.13,2.32,19.84
99.67,-4.46,11.35
101.99,-14.83,-0.85
88.20,-14.65,-11.35
63.66,-19.96,-21.48
39.18,-20.26,-21.67
22.77,-21.79,-21.36
12.15,-20.02,-20.14
1.16,-8.06,-13.00
-5.31,0.79,-5.13
-11.23,2.75,-4.33
-17.70,-1.04,-5.31
-23.38,-2.99,-13.00
-28.50,-2.32,-30.58
-31.86,-0.37,-50.72
-32.90,4.09,-61.34
-32.41,10.50,-67.81
-27.34,13.73,-78.00
-19.65,9.34,-90.33
-11.54,-0.37,-98.82
-5.86,-10.07,-97.17
-5.19,-19.96,-82.40
-3.36,-32.47,-54.08
1.89,-46.75,-22.77
8.54,-54.26,0.67
-2.56,-13.92,9.89
-7.26,2.93,4.33
2.38,-15.08,0.49
-5.68,-21.67,0.67
-0.85,-11.96,1.40
5.31,-1.40,12.45
10.25,6.96,42.42
20.20,14.04,72.75
32.96,18.19,104.43
43.70,26.73,134.28
55.85,32.59,164.06
59.39,33.69,184.33
59.14,32.90,189.58
54.50,20.57,184.45
50.54,10.07,173.10
44.31,6.29,158.94
35.58,-1.53,153.69
28.26,-1.71,143.07
21.48,-4.03,129.33
14.65,-4.82,103.15
10.62,-8.42,83.56
9.09,-7.93,71.11
10.07,-7.14,67.99
6.53,-5.43,57.98
6.23,-0.92,43.52
8.42,-1.22,44.62
5.98,-0.18,37.35
6.23,1.28,25.51
5.98,2.56,14.04
7.32,2.56,8.42
7.39,1.65,7.20
6.65,0.37,6.16
5.43,-0.06,5.00
3.91,0.37,3.78
2.62,0.67,1.95
1.04,1.22,0.67
0.31,1.89,0.00
0.00,2.20,-0.55
-0.49,2.38,-1.22
-0.98,2.44,-1.95
-1.89,2.50,-2.26
-3.30,2.87,-3.11
-4.76,3.54,-3.78
-6.10,4.21,-4.15
-9.22,5.19,-4.52
-12.15,6.53,-5.07
