-,-,-
0.31,0.67,0.49
0.73,0.73,0.24
1.46,1.10,0.12
1.89,1.89,-0.06
-0.12,0.85,0.37
-0.67,-0.49,0.06
0.79,1.71,-0.31
-0.85,-0.31,0.31
2.08,1.22,-0.18
2.08,1.89,0.98
-0.79,-0.79,2.08
0.12,0.06,1.77
0.67,2.26,1.53
-2.14,-0.12,2.26
-2.93,-1.16,2.75
-1.22,-0.06,2.14
-0.18,1.04,1.65
-0.79,0.67,1.46
-1.04,0.55,1.59
-1.59,-0.55,1.53
-0.98,0.00,1.16
-0.49,0.00,1.10
-0.06,-0.49,0.98
0.00,1.10,0.67
-0.37,1.77,-0.18
-1.22,1.95,-1.28
-2.08,3.91,-2.20
-3.78,5.13,-1.95
-5.37,4.70,-1.46
-6.77,2.56,-0.24
-5.74,1.10,0.49
-7.69,-1.89,1.95
-8.24,-3.72,4.15
-10.68,-9.58,8.12
-8.00,-13.92,11.47
-8.36,-17.88,6.84
-9.03,-16.54,-2.20
-4.09,-13.37,1.59
-0.12,-14.65,4.52
0.12,-17.27,5.80
5.19,-13.06,7.14
13.79,-9.28,7.26
23.68,-6.84,8.24
39.92,-7.69,10.74
57.98,-15.99,11.54
74.89,-29.42,4.64
85.69,-44.25,-1.40
99.98,-57.98,6.10
109.80,-57.43,12.02
121.40,-58.72,9.28
128.85,-54.81,9.16
132.26,-55.66,18.07
126.16,-53.47,22.09
115.23,-46.63,19.23
101.93,-30.52,18.92
85.08,-16.17,15.44
69.76,-6.23,15.26
53.47,1.34,13.37
42.36,0.24,13.24
29.79,-1.95,11.05
19.71,-7.08,4.82
15.20,-9.22,3.54
18.25,-11.41,4.09
21.12,-10.99,5.31
12.76,-9.22,3.11
-2.32,-8.06,-1.34
-15.69,-5.62,-3.91
-21.61,1.34,-4.88
-22.83,13.06,-6.90
-24.90,22.40,-14.28
-31.98,27.28,-52.86
-29.42,24.54,-101.38
-35.34,25.45,-126.59
-36.99,35.16,-146.91
-41.75,43.95,-167.48
-48.77,47.61,-184.39
-52.98,43.21,-191.47
-52.00,34.55,-184.51
-52.92,21.67,-166.87
-52.12,6.96,-143.07
-46.81,-6.65,-117.61
-44.25,-16.30,-94.67
-41.69,-21.61,-80.14
-35.10,-26.67,-71.47
-37.35,-35.03,-61.52
-37.35,-39.00,-49.80
-40.59,-38.39,-33.26
-52.37,-33.20,-18.13
-54.32,-27.10,-7.57
-53.22,-25.33,0.73
-49.93,-24.05,7.75
-43.33,-24.96,13.00
-36.56,-28.69,18.49
-29.66,-32.41,25.27
-25.02,-30.82,29.24
0.18,-18.68,2.81
26.12,-13.92,-4.76
19.10,-4.21,4.33
12.70,-0.24,7.93
10.19,-0.12,5.80
9.58,-0.49,10.13
-2.50,-0.55,14.95
-4.15,1.28,21.06
0.73,1.83,34.36
3.30,7.02,44.01
2.75,10.80,51.51
3.17,15.44,60.42
2.38,16.85,66.22
1.89,20.94,79.53
7.45,26.79,92.53
12.57,27.71,102.78
18.19,34.06,112.43
30.21,31.86,121.15
30.58,28.44,127.69
33.33,26.12,140.14
33.08,29.42,153.99
37.54,34.73,169.01
38.70,32.90,190.25
36.07,31.07,212.95
33.26,32.78,213.68
35.28,39.79,187.62
36.93,41.44,171.87
32.90,38.88,171.26
25.45,36.32,170.78
22.28,33.94,164.31
20.14,27.22,163.76
13.06,21.36,152.95
12.45,17.03,137.82
8.48,12.45,126.22
11.47,7.63,123.78
4.76,4.27,116.21
4.21,-4.94,104.86
8.67,-10.86,104.25
2.38,-13.31,103.09
2.38,-9.95,87.71
4.27,-8.85,77.45
5.37,-9.89,75.26
1.59,-6.35,65.80
5.92,-6.77,64.64
6.71,-9.77,66.16
7.14,-14.34,65.25
6.84,-13.79,56.40
3.97,-10.13,51.39
3.60,-9.46,43.21
3.97,-7.51,26.31
4.94,-4.09,12.51
4.70,-0.37,5.80
3.78,3.17,6.10
3.60,5.13,6.16
2.93,5.25,4.94
1.77,4.39,2.99
1.40,3.36,1.59
1.53,3.30,0.37
2.26,3.72,-1.28
2.81,4.52,-2.62
3.36,5.25,-3.78
3.23,5.31,-5.07
1.53,3.48,-6.35
0.37,1.28,-6.84
0.00,-0.18,-5.92
0.79,-0.55,-4.76
1.22,-0.06,-3.72
1.83,0.98,-2.50
2.08,2.32,-1.10
1.71,3.17,-0.98
0.92,3.48,-2.38
0.85,4.21,-4.52
-0.49,5.86,-5.68
-3.42,8.18,-7.81
-7.02,10.62,-10.56
-11.29,12.57,-15.63
-15.32,15.38,-19.65
-17.76,20.51,-22.03
-20.08,25.02,-23.93
-19.65,25.45,-36.01
-20.39,26.55,-53.89
-18.55,35.28,-69.15
-18.68,43.88,-84.78
-19.23,48.40,-103.09
-14.77,52.73,-122.56















-,-,-
1.71,-0.92,2.14
1.59,-1.22,2.56
1.10,-1.34,3.66
0.24,-1.77,5.07
0.18,-2.69,6.29
-0.24,-3.72,7.57
-1.16,-5.31,9.34
-1.71,-6.96,9.83
-2.32,-6.90,6.16
-1.65,-4.58,-0.49
-0.37,-3.48,0.37
0.37,-2.20,1.71
1.83,-0.85,0.98
2.01,-0.73,1.34
2.75,-0.73,1.65
3.11,-1.46,1.71
2.62,-3.05,1.95
2.32,-4.76,2.26
1.22,-6.41,2.38
0.06,-6.71,1.95
-0.61,-5.74,1.59
-1.16,-5.49,1.83
-1.95,-6.35,2.44
-1.83,-6.53,2.75
-1.53,-6.47,2.44
-1.16,-6.29,2.50
-0.24,-7.08,2.08
1.46,-9.28,1.28
-2.69,-11.35,0.18
-3.42,-13.92,0.85
-4.15,-16.36,1.10
-4.82,-17.88,1.04
-4.70,-18.13,1.28
-2.62,-17.64,2.08
-1.04,-16.66,3.17
1.53,-14.95,4.64
6.71,-11.84,6.10
13.00,-8.24,7.87
20.20,-5.25,9.09
27.89,-2.99,10.68
39.00,-2.14,11.35
50.78,-11.72,10.93
65.67,-32.84,9.58
76.60,-49.56,9.77
86.79,-64.58,6.59
94.85,-72.57,4.33
99.73,-72.94,6.23
107.24,-72.63,6.53
112.98,-70.92,4.94
110.41,-69.21,7.32
96.98,-54.20,10.68
73.43,-29.05,17.33
55.54,-2.93,15.50
44.19,10.38,9.34
35.28,19.78,8.85
27.04,18.37,9.40
19.78,10.13,9.52
12.82,-0.73,7.75
9.22,-6.84,6.10
7.81,-8.18,5.62
10.19,-5.49,5.80
13.31,-0.55,6.71
9.09,4.76,5.31
-1.77,8.67,0.92
-13.12,11.90,-3.23
-18.68,17.03,-4.76
-19.23,25.57,-4.52
-18.98,33.20,-4.88
-18.19,34.91,-18.43
-14.65,28.56,-50.42
-9.64,28.20,-74.58
-7.02,34.97,-88.44
-2.32,46.94,-100.46
-3.11,48.10,-109.07
-1.71,45.53,-114.26
-5.98,39.31,-111.02
-11.29,32.53,-99.79
-17.70,27.47,-83.50
-16.97,24.41,-67.44
-10.74,22.83,-53.71
-5.43,20.14,-41.75
-2.56,16.91,-30.58
-3.05,13.43,-18.19
-8.54,9.64,-5.25
-13.79,5.55,4.94
-17.03,1.40,11.17
-19.10,-2.26,13.37
-21.61,-3.85,12.21
-23.44,-3.91,8.06
-23.74,-3.05,1.95
-25.51,-1.77,-4.15
-27.71,-0.18,-9.77
-31.43,1.83,-16.05
-35.34,3.91,-23.01
-42.54,5.68,-30.76
-49.80,8.00,-39.37
-54.93,10.19,-47.36
-60.06,11.47,-50.96
-65.19,11.54,-48.95
-69.03,8.48,-43.03
-71.23,3.11,-34.85
-72.27,-3.23,-27.77
-72.88,-9.40,-23.62
-71.72,-14.04,-21.30
-65.19,-19.90,-17.94
-55.85,-27.47,-11.78
-44.74,-34.42,-4.88
-35.40,-39.43,1.22
-29.85,-39.98,6.53
-24.66,-38.39,12.82
-16.72,-37.66,22.46
-4.82,-37.60,38.70
0.37,-39.25,63.84
-9.89,-26.61,38.33
35.95,-22.95,-5.31
27.28,-20.45,2.01
4.88,-6.59,33.87
4.82,3.05,53.59
16.72,10.93,54.99
22.95,18.01,56.40
27.95,4.64,74.40
16.48,9.46,95.21
13.24,22.83,117.31
25.21,39.00,135.74
33.63,43.09,147.89
39.73,54.81,154.17
49.74,61.77,168.27
50.05,63.84,185.97
47.85,62.81,201.23
56.03,55.48,205.26
60.79,48.40,204.77
54.93,47.00,204.53
49.56,44.07,202.27
45.65,45.84,199.89
37.66,40.77,194.15
33.57,39.25,187.32
27.89,34.85,180.30
20.87,26.73,172.42
18.25,19.96,165.95
16.11,13.61,159.18
13.37,9.16,148.56
13.18,1.83,133.91
12.57,0.49,113.10
8.48,0.00,88.75
6.35,1.71,69.27
8.00,-1.65,56.27
8.42,-2.81,53.71
7.93,-2.87,56.76
5.49,-6.71,48.65
8.00,-10.13,36.44
9.34,-9.58,37.90
3.36,-6.65,21.85
2.38,-4.33,3.97
4.58,-1.53,-0.79
4.03,1.65,0.43
4.27,3.05,1.65
4.52,2.99,1.77
4.82,1.89,2.32
4.70,0.61,3.05
4.76,-0.37,2.01
5.31,-1.10,0.67
5.62,-1.28,-0.06
5.62,-1.34,-1.22
5.49,-1.34,-2.75
5.07,-1.16,-3.48
4.64,-0.61,-3.91
4.15,0.06,-3.97
3.36,0.55,-3.54
2.44,1.16,-3.23
1.28,1.46,-3.11
1.22,1.22,-2.93
1.95,0.85,-2.93
1.95,0.06,-3.23
2.01,-0.92,-3.60
2.87,-1.77,-3.78
4.15,-1.77,-3.72
4.58,-1.53,-3.42
3.85,-0.85,-3.17
3.48,0.00,-3.05
3.17,0.73,-2.26















-,-,-
1.65,2.08,2.32
1.65,1.34,1.65
0.67,0.43,0.92
0.61,-0.37,0.61
0.98,-1.59,0.73
1.28,-2.26,0.61
1.83,-2.99,0.92
1.59,-3.60,1.04
1.59,-4.27,1.22
1.46,-4.76,1.16
1.04,-5.43,1.53
0.43,-5.43,1.83
-0.06,-5.62,1.83
-0.49,-5.68,1.71
0.18,-5.68,1.34
-1.10,-5.62,1.10
-1.71,-6.16,1.22
-1.28,-6.16,1.10
0.18,-5.86,0.85
0.31,-5.92,1.28
0.00,-5.86,1.71
-0.24,-6.16,1.53
0.00,-6.10,1.22
0.37,-6.10,0.92
0.24,-5.55,1.04
0.67,-5.00,0.98
1.28,-4.64,1.04
1.46,-4.21,1.28
1.04,-4.03,1.77
0.85,-3.66,2.32
0.98,-3.54,2.69
1.34,-3.60,3.23
1.83,-3.85,3.72
1.65,-4.03,3.91
1.71,-4.27,4.15
2.69,-3.42,4.09
3.60,-3.48,4.09
4.52,-4.03,4.27
6.90,-2.56,4.09
8.48,-2.75,4.76
12.33,-2.69,5.00
16.30,-2.93,6.35
22.28,-3.85,9.46
31.37,-7.63,14.04
42.85,-15.87,16.66
53.47,-21.06,20.02
65.98,-29.48,27.47
80.87,-47.12,31.13
88.93,-45.23,28.75
102.17,-56.40,32.35
106.20,-58.84,37.54
106.26,-57.98,36.74
97.53,-52.73,29.54
88.44,-44.43,23.38
76.66,-24.66,23.07
68.12,-10.56,24.35
64.94,-6.96,21.00
57.50,1.04,20.32
45.84,8.00,19.47
31.31,7.75,15.14
18.31,4.52,11.47
8.61,7.51,7.81
4.21,2.69,4.52
0.98,-3.42,4.52
1.95,-5.80,4.94
6.41,-5.00,6.41
9.52,-2.99,7.69
9.89,-0.92,7.75
8.42,1.59,6.71
7.45,4.21,5.37
7.14,6.96,4.03
5.68,9.70,2.50
1.46,11.29,-0.37
-4.39,12.82,-3.48
-9.34,15.26,-5.86
-11.78,17.76,-11.41
-10.01,17.40,-31.56
-5.62,20.87,-52.43
-4.46,30.64,-67.02
-4.58,42.72,-79.83
-3.11,49.74,-91.61
-2.56,50.23,-101.50
-1.77,43.27,-107.18
-4.33,32.47,-106.81
-7.87,21.24,-100.95
-13.73,8.36,-90.21
-18.31,-2.14,-76.72
-20.87,-9.89,-62.62
-25.88,-15.38,-51.09
-32.23,-17.21,-44.01
-36.01,-15.69,-40.71
-39.79,-13.98,-38.76
-41.99,-13.98,-38.02
-41.69,-15.81,-37.41
-41.81,-20.02,-35.58
-45.72,-26.43,-32.47
-48.95,-33.45,-27.95
-49.19,-37.48,-22.89
-47.91,-37.29,-17.82
-45.72,-35.34,-10.68
-44.19,-32.17,-1.95
-42.97,-30.76,7.63
-38.33,-31.37,17.33
-32.41,-33.33,27.40
-31.98,-31.74,15.87
1.46,-21.06,-20.20
19.65,-15.87,-11.29
6.71,-10.56,6.53
8.00,-6.47,13.79
22.52,-4.76,12.63
23.99,-1.59,14.10
22.34,0.79,18.37
23.25,3.60,29.48
25.82,4.09,38.09
27.34,7.14,45.72
27.53,11.78,51.57
25.82,15.44,56.70
22.34,25.21,65.12
18.37,28.20,74.83
10.07,33.81,85.82
5.98,45.23,101.26
8.30,48.46,127.38
10.01,55.60,152.28
20.81,65.12,171.33
28.38,68.18,185.49
29.24,71.35,197.20
31.01,72.45,199.95
29.42,72.14,194.21
27.47,68.73,199.52
22.22,61.04,204.65
20.32,54.99,204.04
17.27,43.58,196.11
12.33,34.42,181.88
8.18,27.04,165.16
2.87,19.29,145.94
0.98,13.73,131.71
-2.20,8.24,126.65
-2.01,5.92,120.24
-0.49,6.47,113.28
-0.98,2.75,102.29
0.98,1.89,89.97
-0.43,-3.78,73.97
-1.77,-4.94,56.34
-3.36,-5.19,40.95
-2.14,-3.30,40.89
-4.46,-2.32,49.74
-2.93,-0.67,49.62
-3.48,0.92,37.05
-1.53,2.01,22.03
1.10,3.91,21.12
3.11,2.32,14.34
6.35,0.92,5.00
7.02,0.49,0.67
6.47,0.00,1.04
5.55,-0.55,0.73
5.31,-0.85,-0.18
4.82,-0.49,-1.04
4.70,0.18,-1.95
4.70,0.79,-2.69
4.58,1.22,-3.23
4.33,1.65,-3.66
4.70,1.83,-3.66
5.19,1.65,-3.11
6.16,1.65,-2.50
6.84,0.92,-1.89
6.29,0.06,-1.83
5.68,-0.43,-1.89
4.70,-0.79,-1.59
3.97,-1.16,-1.40
3.42,-1.04,-1.65
3.05,-0.85,-2.14
2.75,-0.31,-2.44
2.62,0.00,-2.14
2.38,0.37,-1.71
2.01,0.31,-1.65
1.77,-0.24,-1.95
1.53,-0.92,-2.50
1.10,-1.53,-3.17
1.10,-1.65,-3.91
0.98,-1.40,-4.15















-,-,-
1.28,1.89,0.67
1.95,2.87,1.22
2.75,3.54,1.71
2.56,3.42,1.95
2.56,3.05,1.77
2.14,2.20,1.46
1.77,1.89,1.10
0.98,1.40,1.34
0.67,0.67,1.77
1.10,1.16,1.89
1.53,1.53,2.20
2.20,1.95,2.69
2.56,2.32,3.17
4.64,3.54,3.17
3.97,2.32,3.91
4.76,4.03,3.17
3.66,4.64,2.99
2.08,3.48,3.23
2.69,3.11,2.62
1.53,1.46,3.11
0.92,0.06,3.30
3.42,1.89,2.75
6.96,4.88,3.05
7.75,3.85,3.78
5.80,0.61,5.31
6.41,1.22,5.49
6.47,0.55,4.88
5.49,-0.49,4.15
3.97,-1.34,3.23
2.26,-1.22,2.01
2.32,0.98,1.16
2.26,2.81,1.95
5.43,5.86,2.62
9.34,8.12,3.42
12.70,8.36,4.27
14.59,6.90,5.92
16.42,3.05,9.28
18.25,-1.71,12.70
21.00,-5.98,13.73
27.34,-10.25,15.32
37.48,-11.66,19.71
50.96,-15.99,24.72
62.56,-11.90,26.31
73.73,-14.89,28.08
82.95,-25.94,33.87
84.90,-26.18,36.80
89.48,-33.51,36.01
94.54,-42.24,37.78
96.50,-41.02,41.93
101.20,-36.32,43.76
102.05,-30.94,52.25
98.02,-26.67,49.68
100.83,-33.33,33.26
97.41,-31.25,31.01
85.08,-13.67,31.19
76.17,-3.97,26.00
59.33,12.39,21.55
43.88,19.23,16.66
28.32,19.47,12.57
11.72,14.28,8.91
1.10,4.21,5.62
-6.35,-2.81,3.78
-11.41,-4.15,2.44
-15.20,-1.10,1.16
-17.88,6.29,0.18
-20.20,17.09,-0.31
-20.39,30.76,-0.61
-21.55,46.20,-2.01
-24.17,63.29,-14.59
-23.25,65.19,-53.53
-14.71,55.24,-94.06
-19.90,43.27,-123.54
-31.31,34.97,-145.26
-34.48,28.38,-160.52
-28.87,18.98,-164.92
-29.11,10.56,-156.37
-40.10,4.33,-140.20
-48.52,-2.93,-120.67
-59.33,-9.83,-98.69
-72.63,-19.41,-80.26
-83.44,-32.71,-69.64
-92.29,-51.57,-61.40
-75.50,-60.55,-55.30
-68.91,-64.70,-38.45
-67.50,-67.87,-8.00
-62.26,-63.66,26.12
-48.28,-53.10,56.88
-31.31,-34.06,36.01
42.79,-30.82,4.76
50.29,-24.96,13.37
39.92,-15.50,26.61
44.37,-5.07,28.50
61.95,-0.24,33.75
61.65,9.95,41.69
58.41,15.50,54.93
61.65,18.43,72.14
50.48,29.85,96.98
35.52,42.97,118.10
24.23,60.12,141.72
24.54,75.74,167.85
27.22,85.63,192.32
39.18,87.46,211.91
48.03,84.17,228.64
46.51,83.62,241.58
43.15,72.08,246.22
30.40,63.90,249.02
22.16,56.88,240.72
16.60,48.16,230.04
12.39,41.93,222.96
7.39,32.84,216.13
3.42,20.75,198.06
3.36,15.63,177.19
5.37,7.32,160.16
2.20,-2.50,148.32
-3.60,-7.87,133.30
-5.13,-10.62,117.61
-5.92,-7.69,98.82
-4.39,-8.18,75.26
-3.11,-9.58,51.33
-0.12,-8.42,33.14
-2.14,-4.94,22.83
-0.61,-1.83,11.96
3.17,-0.31,4.09
4.64,2.38,3.78
4.82,3.60,3.72
4.82,3.05,1.83
4.39,1.77,0.12
4.88,0.61,-0.79
5.86,-0.12,-1.22
7.20,-0.85,-1.28
8.61,-0.98,-1.10
8.97,-0.61,-1.34
8.12,-0.24,-1.77
6.23,0.43,-2.69
3.36,1.34,-3.66
1.40,2.01,-4.09
1.04,2.99,-3.91
1.34,3.23,-3.36
2.01,3.36,-3.30
1.77,2.01,-3.17
1.28,1.28,-2.62
-0.12,0.55,-2.75
-2.87,-0.12,-3.42
-6.04,1.53,-4.33
-8.42,4.58,-6.23
-11.11,8.48,-10.07
-16.17,13.67,-20.75
-18.43,21.73,-44.01
-15.08,29.79,-67.44
-15.87,38.94,-84.59
-14.77,50.90,-97.23
-11.66,62.26,-109.92
-5.62,71.78,-123.29
0.79,77.94,-132.69
6.16,79.71,-136.23
10.56,77.03,-134.46
14.77,71.41,-129.09
19.29,64.64,-121.95
25.09,57.01,-113.53
39.37,47.61,-102.42
36.62,37.84,-87.83
37.96,27.10,-72.75
38.94,16.05,-55.05
37.96,6.41,-36.07
36.01,-1.04,-17.64
34.55,-6.23,-2.08
32.90,-10.68,9.89
30.21,-15.38,17.58
25.57,-20.57,19.17
17.40,-25.57,13.55
9.58,-29.54,2.50
3.97,-30.82,-10.31
1.46,-28.50,-22.83
1.65,-24.29,-31.98
2.75,-20.02,-36.68
2.69,-16.66,-37.11
1.71,-13.24,-34.42
-0.37,-8.24,-29.11
-3.17,-2.87,-23.74
-5.62,3.42,-22.58















-,-,-
-4.39,1.40,3.05
-4.21,0.79,4.21
-3.66,0.24,4.33
-2.62,-0.24,4.15
-1.40,-0.55,3.78
-0.37,-0.43,3.72
1.10,-0.24,4.03
2.50,-0.18,4.21
3.66,-0.55,3.97
3.91,-1.22,3.48
3.54,-1.46,2.87
2.75,-1.10,2.20
2.26,-0.24,0.67
1.89,0.85,-0.92
1.77,1.71,-1.95
1.22,2.14,-2.44
0.43,2.26,-2.14
0.31,2.38,-1.40
0.06,2.81,-0.49
0.06,2.99,0.43
0.31,2.99,1.65
0.06,2.08,2.87
-0.85,1.22,3.66
-2.14,0.79,3.36
-3.17,1.04,2.26
-3.97,2.38,0.67
-5.19,4.03,-0.31
-5.80,5.00,-0.49
-6.47,5.37,0.12
-8.06,5.86,0.73
-9.09,5.86,1.22
-8.42,4.94,2.62
-7.51,2.62,6.10
-4.03,-2.08,13.43
0.49,-10.86,24.66
1.95,-23.25,37.84
0.98,-33.94,45.84
3.91,-21.24,18.92
8.54,-16.11,9.09
17.64,-12.82,12.94
19.59,-12.70,16.85
28.69,-8.97,14.77
38.70,-7.69,12.94
56.46,-13.92,12.39
75.07,-32.41,16.54
87.16,-50.60,23.13
100.16,-66.77,29.42
117.07,-78.00,31.98
133.00,-83.44,34.97
141.78,-87.52,39.55
138.85,-86.79,39.79
124.27,-80.44,34.61
107.85,-67.14,29.17
80.14,-41.50,25.02
56.64,-14.34,17.58
42.11,5.19,12.63
31.49,17.64,12.70
23.93,17.58,10.38
12.51,10.44,5.80
0.06,0.12,3.36
-9.22,-4.15,2.38
-14.16,-2.44,1.40
-18.37,2.69,-0.06
-24.60,9.46,-2.69
-34.30,20.45,-10.19
-43.27,32.10,-32.84
-49.87,31.43,-66.28
-53.34,30.46,-95.95
-57.98,28.14,-117.80
-63.54,26.12,-135.25
-65.49,22.09,-149.78
-63.84,12.57,-157.17
-55.73,-3.11,-155.82
-55.18,-22.95,-144.84
-49.44,-41.81,-126.71
-54.57,-54.50,-102.66
-67.32,-60.97,-81.60
-59.94,-56.15,-64.21
-52.67,-49.13,-39.98
-47.73,-43.33,-11.60
-41.81,-39.06,14.59
-32.71,-33.02,32.71
3.05,-14.83,6.77
32.10,-9.95,0.73
30.40,-3.36,13.92
23.86,0.31,21.55
32.59,4.88,19.47
45.90,5.62,26.86
39.92,9.28,29.11
43.09,14.71,44.43
35.10,15.69,72.08
28.14,27.34,94.79
33.75,30.94,111.15
32.41,38.88,121.28
35.95,40.41,129.27
40.65,41.81,145.51
45.84,43.27,174.19
48.52,46.94,199.34
55.73,44.92,221.19
49.87,42.48,233.03
41.20,41.26,239.87
28.93,40.16,239.81
21.30,35.71,228.27
16.66,29.66,214.11
13.73,25.63,197.51
10.80,23.32,185.30
9.34,21.85,175.84
7.75,16.30,166.08
4.52,13.12,154.79
2.87,10.19,142.09
1.71,6.65,128.54
2.69,0.79,111.94
-0.98,-2.56,93.08
0.31,-8.12,86.43
-7.02,-9.52,58.78
-2.99,-9.34,41.02
-4.39,-11.29,42.24
-5.19,-12.45,43.46
-6.23,-8.79,44.37
-2.14,-3.97,25.70
1.34,-2.20,8.36
4.15,-1.71,0.79
5.37,0.18,1.59
5.86,1.71,1.53
4.39,2.14,-0.37
1.16,1.65,-3.05
-1.10,1.65,-4.64
-1.89,2.75,-5.13
-0.98,3.91,-5.19
0.31,4.27,-4.39
1.71,3.36,-3.85
3.23,1.83,-3.23
3.91,0.18,-2.93
3.60,-1.40,-2.99
3.30,-1.65,-2.99
2.93,-1.16,-2.75
2.87,0.00,-2.56
2.87,0.55,-2.20
2.56,1.10,-1.04
2.81,2.01,0.43
3.78,2.87,1.34
3.48,2.08,1.59
3.54,1.34,1.59
3.60,0.61,1.71
4.52,0.98,1.65
4.76,1.04,1.71
5.98,2.93,1.53
6.77,3.36,0.61
4.46,1.59,1.28
5.37,2.32,1.71
8.36,4.64,1.77
9.28,6.10,0.61
5.62,3.78,-1.53
4.76,2.99,-3.97
0.12,-1.28,-3.78
0.31,-0.12,-3.42
-0.98,-1.65,-2.99
-2.14,-1.59,-2.87
0.92,1.53,-3.60
1.89,2.20,-3.23
2.69,2.93,-3.05
2.62,3.23,-3.23
2.38,3.23,-3.42
2.50,2.08,-3.05
1.46,-0.43,-1.59
0.98,-0.73,0.06
2.69,1.59,0.43
4.21,2.08,-0.31
2.08,-0.43,0.06
0.98,-1.22,-0.06
2.32,1.04,-1.22
1.59,1.46,-2.08
-0.06,2.56,-2.08
-3.36,1.95,-1.65
-5.86,3.42,-2.08
-9.46,5.07,-3.05
-13.61,8.06,-4.03
-18.25,13.98,-4.15
-20.32,15.75,-8.73
-17.82,16.17,-19.29















-,-,-
-0.98,0.31,-0.73
0.49,-0.67,0.43
1.16,-1.46,0.79
1.28,-2.44,0.73
-0.24,-2.81,0.37
-2.38,-2.20,-0.06
-3.78,-1.83,0.55
-4.82,-0.55,1.46
-5.68,1.34,1.83
-6.59,2.08,2.20
-7.63,1.95,2.44
-8.61,0.92,2.26
-8.30,-0.12,2.20
-8.85,-0.12,2.01
-9.22,0.98,1.46
-9.34,2.20,0.61
-9.03,3.72,-0.73
-8.54,3.91,-1.89
-8.61,3.54,-1.77
-9.16,3.48,-1.10
-9.34,4.09,-0.31
-9.46,4.15,0.12
-9.28,3.54,0.00
-9.22,2.14,-0.18
-9.03,1.16,-0.18
-8.91,0.43,0.61
-9.16,0.61,0.73
-9.64,1.95,0.24
-8.85,3.72,-1.16
-7.63,4.33,-2.20
-7.39,3.97,-3.05
-7.69,2.69,-3.85
-8.54,1.40,-4.52
-9.77,0.85,-5.62
-10.80,0.49,-7.39
-11.96,1.95,-8.18
-13.06,5.31,-6.96
-12.88,8.42,-4.33
-13.31,10.31,-0.85
-12.70,10.19,4.21
-11.41,9.52,13.18
-12.08,1.28,27.10
-13.73,-13.37,35.95
-13.79,-13.67,7.39
-6.47,-13.61,-4.33
0.43,-14.10,1.65
-1.59,-15.01,9.03
2.20,-10.99,10.31
13.79,-7.93,10.19
36.62,-12.21,11.47
55.73,-33.63,12.39
71.72,-59.33,12.70
82.15,-76.48,18.19
96.86,-75.87,24.29
115.11,-73.61,35.89
131.71,-78.31,41.56
146.30,-86.85,40.10
150.45,-90.52,40.83
127.20,-81.54,56.03
98.82,-59.39,55.85
80.32,-26.12,38.15
67.57,-3.05,23.86
52.73,6.29,17.40
38.70,7.93,15.87
23.56,8.42,14.28
12.88,1.22,9.22
5.00,-7.87,8.30
0.79,-10.62,9.16
-0.98,-8.48,8.30
-4.39,-4.27,5.62
-13.31,0.00,0.73
-23.07,5.37,-4.27
-33.94,14.71,-8.97
-45.59,32.35,-21.36
-51.70,47.18,-48.46
-51.15,55.54,-87.04
-46.08,53.77,-121.15
-43.33,44.07,-143.55
-39.79,33.26,-155.52
-36.19,18.74,-157.65
-34.61,2.20,-152.59
-32.65,-14.22,-141.17
-36.68,-30.52,-125.55
-41.93,-46.20,-110.41
-38.09,-54.26,-97.60
-44.07,-59.33,-84.59
-34.91,-59.63,-76.05
-35.52,-54.20,-64.27
-36.07,-45.59,-49.68
-38.02,-33.26,-35.46
-36.74,-22.22,-18.19
-28.20,-18.80,2.14
-22.71,-21.42,27.77
-22.22,-26.67,50.42
-37.90,-28.99,52.19
-26.12,-21.91,6.90
41.87,-27.22,-6.77
23.93,-13.12,3.97
4.39,-3.48,14.83
8.61,-1.71,13.24
32.47,-0.49,18.37
30.40,5.31,32.04
35.89,13.06,41.75
42.60,24.11,52.31
45.41,29.66,60.30
45.41,33.57,72.69
43.40,35.89,84.17
39.73,42.30,99.18
34.48,50.11,121.83
38.33,46.14,144.29
40.71,50.84,167.48
42.91,61.95,189.09
50.23,66.04,209.90
53.28,70.74,223.27
50.90,74.65,225.77
44.49,72.88,226.14
37.05,68.73,229.74
28.08,60.55,229.68
24.96,49.80,222.47
24.05,39.43,213.01
20.94,31.01,201.97
16.24,21.42,189.64
9.16,16.48,172.61
7.20,8.91,156.13
5.98,6.10,138.06
4.03,1.16,114.87
3.60,-2.75,94.79
2.20,-4.03,85.33
-2.99,-4.27,60.79
0.37,-5.86,42.72
2.93,-4.58,49.38
2.01,-1.65,54.57
4.27,-4.21,48.71
4.70,0.49,28.69
7.14,1.16,8.91
9.58,1.10,4.88
10.74,1.77,6.10
10.56,2.01,5.74
8.73,1.22,2.69
5.86,0.24,0.24
3.85,-0.12,-1.46
2.44,0.24,-2.62
1.46,0.98,-3.23
0.98,1.34,-3.72
1.22,1.46,-3.78
1.46,1.34,-3.23
1.59,1.28,-2.81
1.53,1.04,-2.75
1.53,0.92,-2.87
1.59,1.28,-2.87
1.22,1.95,-3.36
-0.12,2.75,-4.15
-1.71,3.66,-5.31
-2.87,4.58,-6.10
-4.27,6.16,-7.20
-5.92,6.84,-9.22
-10.50,8.61,-12.76
-12.88,13.79,-25.70
-14.04,17.09,-41.38
-12.70,28.63,-57.92
-11.41,43.33,-72.75
-11.41,54.69,-88.93
-7.75,62.50,-109.80
-2.38,64.88,-129.15
2.44,62.56,-144.53
6.84,56.03,-154.72
10.86,48.65,-158.75
23.25,38.70,-154.91
10.56,30.27,-144.71
7.63,23.07,-131.90
3.72,17.27,-117.49
0.79,13.31,-102.78
-3.36,10.56,-88.99
-4.64,8.67,-76.60
-3.91,4.88,-65.67
-5.86,0.49,-56.46
-5.55,-4.70,-49.80
-9.58,-8.30,-44.43
-12.45,-10.50,-39.25
-14.77,-11.41,-33.33















-,-,-
-3.17,2.93,-0.43
-4.27,4.70,0.43
-3.85,6.04,1.10
-3.23,4.52,2.44
-2.26,1.53,3.05
-1.16,0.43,2.62
0.00,-0.18,2.81
-0.37,-0.92,2.56
-1.95,0.00,1.34
-3.17,1.89,-0.24
-3.54,4.03,-1.89
-2.99,4.76,-2.20
-1.89,3.30,-0.98
-1.40,0.49,0.98
-1.53,-1.10,1.71
-1.53,-1.10,0.85
-1.59,-0.73,0.43
-2.56,-0.43,1.22
-3.78,0.98,1.71
-5.25,3.23,1.59
-6.23,4.82,0.92
-6.59,5.31,0.49
-6.65,5.43,0.18
-6.59,4.09,0.37
-6.47,2.26,0.43
-5.74,0.98,0.31
-4.46,0.31,0.98
-3.17,-1.04,2.32
-2.08,-2.81,3.48
-2.69,-3.97,3.97
-4.15,-3.30,4.39
-8.00,-1.95,6.04
-11.90,-0.98,8.91
-12.51,-2.50,13.37
-10.31,-8.67,17.52
-5.13,-11.78,7.45
-0.73,-18.07,1.71
2.38,-19.29,5.19
5.31,-18.80,7.93
10.44,-15.81,8.85
18.43,-11.41,9.95
26.92,-10.44,11.72
37.84,-14.40,14.28
55.11,-26.98,14.71
72.39,-35.10,11.90
91.67,-47.36,10.31
101.99,-53.22,9.52
112.30,-59.69,11.60
124.76,-68.85,9.64
133.48,-75.56,9.40
138.49,-77.94,7.14
134.34,-74.58,6.10
117.86,-59.39,9.40
101.62,-40.10,11.41
84.90,-21.67,16.24
72.51,-6.84,20.02
66.71,-9.28,19.53
50.72,-5.98,16.42
34.30,-5.19,13.18
21.42,-8.36,10.80
12.70,-5.92,8.42
10.31,-8.97,7.93
9.58,-12.45,7.08
9.77,-12.94,6.96
9.40,-11.05,6.35
2.44,-8.00,3.42
-6.77,-5.07,-1.83
-14.77,-0.61,-5.68
-21.00,6.96,-9.16
-24.60,15.93,-12.15
-25.88,23.80,-21.67
-25.21,29.11,-52.98
-24.17,29.24,-75.74
-27.59,32.41,-83.07
-31.74,41.63,-93.99
-34.36,49.26,-112.92
-36.80,51.64,-133.54
-39.61,48.03,-147.40
-46.26,37.60,-151.73
-51.15,22.16,-145.26
-40.04,5.55,-131.16
-43.03,-9.70,-113.65
-47.12,-24.96,-98.33
-43.03,-39.49,-82.95
-36.93,-41.32,-64.94
-39.00,-36.80,-41.38
-43.03,-31.74,-20.39
-42.24,-31.62,-7.81
-31.56,-33.51,1.89
-23.62,-36.07,15.44
-22.83,-37.78,29.79
-19.59,-38.33,38.33
-0.18,-30.58,14.53
11.11,-24.23,5.68
12.45,-14.10,12.57
11.47,-9.09,15.26
14.34,-6.16,9.70
18.07,-1.28,6.29
17.52,-3.30,16.24
11.54,-1.34,29.11
16.11,2.50,35.89
17.15,0.98,48.22
17.82,2.32,47.42
20.14,2.99,46.45
18.37,5.00,55.97
16.54,9.83,61.58
14.71,11.60,68.36
16.24,12.63,69.52
14.53,9.95,83.92
9.77,12.21,95.76
10.74,13.31,105.65
16.05,11.90,114.20
19.84,12.82,120.00
24.05,7.69,124.02
23.07,4.15,127.62
21.55,0.06,132.63
18.25,-1.95,135.01
25.39,-6.35,124.76
36.25,-8.36,128.42
30.15,-1.46,137.39
27.47,3.17,137.45
25.57,-0.49,123.78
28.69,-1.53,113.04
26.49,2.32,122.56
25.27,6.29,126.59
23.68,8.06,121.58
21.24,8.97,114.44
19.96,9.83,104.74
15.99,3.17,93.87
15.75,-2.14,89.78
14.04,-5.49,102.23
13.00,-4.52,102.23
13.98,-7.75,92.96
15.44,-8.42,76.42
11.35,-7.08,50.54
9.28,-6.65,38.51
8.54,-7.63,45.47
5.07,-3.05,47.61
5.07,-4.21,35.40
7.63,-3.36,30.76
8.61,-1.77,31.13
7.39,1.16,30.76
7.87,2.26,14.83
9.34,1.71,8.24
9.22,-0.31,14.65
8.18,-2.50,22.83
4.03,-0.98,12.51
3.60,-0.92,-0.37
1.83,-1.22,-2.50
0.37,-0.85,-1.04
1.83,0.37,-1.16
2.93,0.92,-1.71
3.91,0.73,-1.04
4.76,0.37,0.18
4.27,-0.31,0.79
3.11,-1.28,0.92
2.81,-2.01,3.30
4.15,-2.44,14.65
7.32,-2.62,39.49
8.24,-2.20,49.01
9.83,-3.42,33.81
12.33,-2.26,18.07
13.92,-4.33,13.31
15.26,-3.91,10.07
14.40,-0.31,0.61
13.79,7.87,-13.06
8.48,10.01,-15.32
3.48,6.47,-11.41
-0.55,1.89,-6.84
-2.75,-1.40,-2.99
-3.36,-3.48,3.17
-2.62,-4.64,11.72
-3.05,-5.25,22.83
-3.60,-0.98,22.22
-3.11,0.92,19.71
-0.55,0.79,10.86
0.98,2.08,8.00
2.38,3.91,5.68
3.78,5.43,3.36
4.76,5.37,2.87















-,-,-
-2.69,2.62,2.75
-2.81,2.93,2.01
-2.93,2.99,1.28
-2.56,2.93,0.49
-2.20,2.81,0.31
-2.50,3.05,0.92
-2.87,3.78,1.71
-4.88,4.64,2.01
-1.89,4.33,2.32
-1.65,3.66,2.99
-1.40,3.17,3.42
-0.49,2.69,3.42
0.43,2.38,3.23
1.28,1.95,3.42
1.28,1.16,3.54
0.98,0.98,3.60
0.55,1.46,3.36
0.98,2.14,2.26
1.22,2.20,1.16
1.59,1.65,0.43
2.01,1.46,0.37
2.93,1.95,1.22
3.66,3.17,3.36
3.17,0.92,4.39
2.56,-0.98,3.11
3.23,-0.12,1.10
3.72,0.85,0.49
2.50,0.92,0.98
1.65,0.43,1.71
1.59,0.18,1.22
1.46,0.12,0.24
1.53,0.79,-0.49
1.46,1.16,-0.73
1.95,1.59,-0.31
2.56,0.98,0.61
3.11,-0.24,1.04
3.36,-0.73,1.10
3.78,-0.98,0.61
3.85,-1.16,-0.12
3.66,-1.28,-0.49
3.48,-1.10,0.18
3.11,-1.34,2.08
2.87,-2.56,5.00
3.30,-5.25,8.00
3.36,-9.58,9.95
1.16,-8.85,5.43
0.49,-8.18,1.22
1.71,-11.41,2.32
-0.06,-13.12,3.78
-0.43,-12.39,4.64
2.93,-10.56,4.58
8.61,-11.84,5.62
19.17,-15.01,8.91
39.37,-29.11,17.88
62.01,-59.14,26.55
76.60,-80.63,19.71
96.62,-94.06,10.50
115.11,-94.42,9.83
134.70,-98.82,17.40
148.01,-104.25,22.22
155.70,-104.13,23.13
155.27,-102.29,25.45
145.39,-86.49,26.18
125.43,-61.71,28.50
110.78,-32.78,18.86
93.14,-8.97,6.59
67.57,7.81,2.26
39.98,18.43,6.77
18.92,24.66,10.99
6.35,16.54,8.06
-2.50,2.69,4.21
-10.19,-5.00,2.08
-15.56,-5.68,0.79
-20.51,-1.83,-0.73
-23.99,4.27,-2.56
-23.86,11.41,-2.93
-23.25,18.62,-2.56
-23.32,26.55,-3.85
-23.93,31.37,-9.70
-28.93,35.28,-29.11
-27.04,34.85,-55.18
-29.66,30.88,-77.33
-34.55,30.82,-98.75
-37.78,30.27,-120.00
-41.14,25.39,-138.37
-45.04,15.20,-148.93
-44.13,5.13,-150.88
-42.24,-3.60,-143.74
-40.41,-14.47,-131.41
-38.94,-27.40,-117.49
-42.79,-36.99,-102.36
-43.40,-40.41,-83.07
-46.02,-40.65,-59.94
-47.00,-40.28,-33.57
-46.02,-41.69,-6.23
-43.33,-44.49,20.26
-37.78,-38.88,15.63
-15.50,-31.25,-10.56
-0.92,-24.84,-3.91
-1.89,-19.41,7.63
1.16,-13.43,9.16
11.78,-5.19,2.93
17.15,-0.55,3.97
16.30,1.34,18.13
12.63,6.65,41.63
18.13,8.67,68.05
19.41,7.63,89.60
18.55,20.08,97.11
29.79,25.51,106.20
36.87,23.56,121.70
41.56,11.54,140.50
39.55,13.85,155.27
47.12,14.34,166.56
49.80,17.52,175.60
49.87,17.27,182.74
51.57,13.24,183.17
54.75,6.84,195.13
45.65,10.01,202.09
44.37,10.62,209.72
43.70,5.74,208.07
41.32,2.38,194.70
38.02,1.34,178.10
35.89,4.46,165.95
33.81,7.69,151.49
39.31,2.87,141.72
38.27,0.92,148.38
32.41,3.48,150.09
28.81,2.62,141.60
28.75,-6.23,130.92
23.07,-8.54,122.80
23.19,-12.57,110.53
21.67,-17.88,95.64
18.43,-16.72,73.67
16.30,-9.28,61.04
16.42,-9.34,60.42
16.30,-12.51,62.07
17.40,-18.37,67.44
11.66,-15.01,66.47
14.59,-20.02,57.56
11.60,-19.90,40.16
7.45,-13.06,22.71
6.47,-4.15,8.48
7.93,0.31,3.11
6.96,2.99,3.05
5.49,4.09,1.95
4.82,3.60,-0.55
3.85,2.50,-2.87
2.44,1.40,-4.82
2.14,0.92,-7.08
2.75,1.28,-9.09
2.75,1.46,-12.63
3.17,1.46,-17.70
3.85,1.28,-15.50
4.82,0.92,-14.83
5.00,0.61,-12.45
2.14,0.37,-8.42
0.18,0.31,-6.77
0.49,1.10,-6.16
-0.12,1.71,-5.92
-1.46,1.83,-5.74
-0.73,2.01,-5.31
2.26,2.08,-5.07
2.75,0.67,-4.03
6.10,2.14,-4.21
6.71,-0.79,-4.39
3.72,-4.70,-3.72
2.87,-5.62,-3.72
4.27,-3.66,-3.85
4.39,-0.49,-2.87
0.79,-0.92,-1.34
0.67,2.20,-1.40
0.73,4.70,-1.83
-1.53,3.48,-0.85
-1.71,2.99,0.12
0.18,4.88,-0.24
1.46,6.47,-1.04
-0.85,4.46,-2.26
-1.34,4.33,-4.15
-4.76,5.37,-5.25
-7.39,9.58,-6.77















-,-,-
1.83,2.56,-0.24
-1.22,1.04,-1.34
-3.48,-0.31,-1.53
-3.78,-1.16,-1.71
-3.72,-1.95,-1.53
-4.46,-3.36,-1.40
-4.58,-3.97,-1.53
-5.74,-5.55,-1.83
-5.31,-5.74,-2.56
-6.90,-7.39,-3.42
-7.08,-6.77,-4.21
-7.63,-7.39,-4.39
-10.07,-8.73,-3.30
-5.00,-4.33,-3.11
-2.44,-3.23,-2.08
-0.06,-1.59,-0.79
-0.24,-1.46,0.55
0.31,-0.85,0.73
2.38,1.16,0.24
3.36,1.16,0.24
3.30,0.73,0.67
2.99,1.16,0.55
0.12,-0.73,0.98
0.00,-2.01,0.85
2.38,0.06,0.92
2.75,-0.92,1.65
6.23,1.22,1.40
7.63,2.32,1.53
6.04,1.46,1.89
3.72,-0.18,1.95
1.71,-1.59,2.20
1.04,-1.71,2.14
2.26,-0.55,1.95
4.21,1.22,1.89
8.79,3.78,2.08
14.77,4.82,2.99
18.68,6.16,5.49
26.18,6.53,8.48
34.24,-7.87,15.01
42.48,-33.20,22.95
53.96,-43.15,28.87
71.90,-46.20,36.74
92.29,-49.68,45.96
107.18,-51.15,54.02
114.26,-51.64,57.62
123.17,-50.66,61.10
112.55,-42.42,67.08
97.29,-25.88,57.80
87.95,-6.04,42.79
73.43,6.35,34.18
61.65,15.44,24.23
52.43,16.54,20.57
41.38,9.95,23.38
26.12,12.88,19.71
15.56,6.41,12.45
8.24,-0.49,10.86
5.55,-6.77,11.29
7.51,-7.87,10.99
9.16,-5.55,10.38
10.38,-1.65,9.22
5.92,2.38,6.53
-0.49,6.41,1.77
-5.74,12.27,-0.85
-7.39,21.12,-1.04
-5.68,30.88,-1.04
-5.86,40.04,-1.04
-9.83,47.97,-1.77
-12.45,54.57,-2.81
-15.56,58.59,-6.04
-20.26,62.26,-27.10
-19.78,67.69,-65.55
-11.05,68.85,-102.11
-4.94,62.62,-126.71
-4.94,53.83,-139.83
-13.43,37.41,-146.85
-21.00,18.31,-153.56
-31.92,-4.76,-156.92
-39.06,-26.00,-155.21
-38.33,-42.11,-147.40
-33.02,-54.50,-132.14
-23.32,-64.70,-110.90
-20.81,-73.36,-84.96
-10.38,-73.79,-62.19
-6.53,-65.73,-41.69
-17.40,-57.13,-21.18
-29.17,-47.61,-9.22
-25.82,-39.06,-9.64
-14.77,-32.35,-14.65
-12.57,-29.91,-13.00
-18.86,-30.76,-5.55
-24.84,-32.23,2.26
-24.66,-32.78,8.97
-20.08,-32.17,15.20
-15.14,-28.38,19.65
-10.80,-22.77,10.56
16.05,-18.55,-5.00
24.54,-11.35,0.79
11.35,-5.37,7.75
10.13,-3.60,7.20
16.72,-3.23,5.13
18.98,-2.62,8.12
16.30,-1.53,17.09
16.85,2.26,26.86
12.76,12.02,40.34
11.41,20.20,46.88
10.74,24.17,59.39
11.41,26.61,69.15
7.87,36.13,84.41
5.37,43.46,101.14
-1.04,52.67,119.26
-1.16,64.21,137.57
4.09,78.12,163.33
12.27,87.28,180.18
17.94,91.25,195.01
24.17,90.82,204.35
24.90,89.54,205.26
25.57,83.50,204.96
24.29,81.24,200.26
25.45,71.78,194.21
21.67,66.10,182.31
18.62,56.64,167.85
13.37,47.06,157.41
7.57,35.28,148.25
2.69,22.64,139.77
0.18,12.45,131.53
-4.03,12.82,118.23
-4.94,7.02,107.30
-8.48,5.92,94.24
-7.32,4.15,74.89
-7.45,1.77,60.91
-7.75,0.31,57.25
-11.78,4.33,67.63
-14.47,4.76,73.18
-14.40,5.25,68.12
-7.93,3.48,59.08
-2.44,7.39,46.75
-3.17,4.70,35.95
-2.50,2.87,28.02
-3.30,3.78,13.31
-1.28,2.56,4.39
-1.04,0.85,2.14
-0.79,-0.06,1.83
-0.73,-0.85,2.20
-0.37,-0.49,1.83
0.79,0.43,1.53
2.14,1.77,1.53
3.42,2.62,1.59
4.82,2.99,1.40
5.62,2.62,1.28
5.92,1.83,0.43
5.62,0.49,-1.16
4.94,-0.92,-2.99
3.42,-1.77,-4.15
2.32,-2.20,-4.70
2.32,-1.59,-4.82
2.56,-0.98,-4.58
3.42,-0.67,-4.03
4.64,-0.49,-3.23
4.33,-0.67,-2.50
3.60,-1.46,-1.95
2.44,-2.20,-1.40
1.59,-2.44,-1.46
0.98,-2.50,-1.83
0.73,-2.69,-2.26
1.04,-2.62,-2.81
1.34,-2.62,-3.17
2.14,-2.50,-3.42
3.05,-2.20,-3.42
4.03,-1.77,-3.36
4.21,-1.65,-3.30
4.64,-1.46,-3.23
5.13,-0.55,-3.17
5.62,0.67,-2.75
6.23,1.53,-2.81
4.82,0.98,-3.72
3.05,0.00,-4.64
1.10,-0.24,-5.13
-1.95,1.10,-5.19
-6.29,2.44,-5.68
-9.03,7.02,-8.30















-,-,-
3.17,-10.38,6.65
1.10,-13.79,6.35
-1.65,-17.21,5.25
-4.52,-19.53,3.60
-7.87,-21.12,2.87
-9.95,-21.61,2.75
-7.57,-18.07,2.14
-7.26,-16.97,1.77
-7.51,-17.82,2.08
-8.91,-20.57,3.17
-7.20,-19.59,2.93
-8.00,-21.61,2.32
-9.16,-22.71,1.77
-9.28,-22.46,1.71
-8.67,-20.87,1.89
-6.71,-18.25,1.89
-5.86,-16.24,2.14
-4.09,-13.55,2.38
-0.49,-9.64,2.26
-0.31,-8.30,1.89
-0.85,-7.45,0.61
-2.08,-7.26,-0.49
-3.11,-6.65,-0.61
-2.93,-6.29,-0.24
-2.44,-5.86,-0.24
-0.85,-4.27,-0.43
1.04,-2.14,-0.55
1.16,-2.20,-0.61
1.46,-0.12,-1.34
-0.37,-1.22,-2.01
-0.98,0.43,-1.77
-0.67,1.83,-1.59
0.24,3.23,-1.04
-0.49,1.71,0.12
0.37,1.65,1.53
0.85,0.79,2.93
1.22,-0.73,4.52
2.14,-0.92,5.49
4.82,0.85,6.10
9.70,4.09,6.04
10.86,3.11,6.77
16.30,5.07,7.57
23.68,6.71,9.89
32.71,5.07,14.65
47.18,-10.99,26.92
59.39,-28.32,40.34
75.56,-39.79,46.94
91.37,-45.72,53.71
106.38,-53.47,60.24
121.28,-51.51,71.47
129.21,-43.58,83.19
143.01,-42.54,82.95
150.76,-42.18,82.03
152.40,-39.25,74.83
147.28,-34.91,68.73
133.42,-30.09,53.41
108.28,-17.09,39.92
78.86,-7.57,27.04
49.99,8.48,20.08
27.28,24.90,10.74
13.73,15.93,7.08
2.81,0.79,4.76
-5.55,-14.22,2.93
-13.43,-22.16,1.65
-20.08,-21.61,0.12
-25.63,-14.28,-2.44
-28.56,-1.59,-5.43
-31.37,17.64,-10.07
-35.03,44.86,-19.53
-34.55,70.92,-33.94
-33.39,81.60,-58.96
-23.56,77.45,-90.94
-16.24,59.94,-120.00
-12.15,47.67,-140.87
-14.22,40.16,-155.82
-14.28,29.97,-164.31
-12.63,21.55,-165.65
-17.27,17.76,-158.87
-27.22,16.05,-146.85
-34.12,10.99,-133.67
-40.04,-0.43,-122.50
-43.40,-17.70,-111.15
-48.34,-37.78,-99.24
-55.79,-55.54,-87.95
-65.73,-69.21,-79.22
-71.53,-81.18,-74.16
-70.31,-94.54,-67.99
-59.63,-105.41,-51.64
-49.44,-108.58,-23.07
-53.10,-96.86,1.40
-48.03,-60.36,1.28
11.72,-35.28,-2.99
43.46,-27.16,6.65
32.84,-18.92,19.53
21.67,-13.73,20.94
22.09,-15.69,12.94
30.94,-19.17,2.69
31.74,-19.10,-2.62
26.79,-14.40,3.91
15.69,-6.71,16.85
7.51,2.38,27.83
15.81,11.41,43.58
16.72,15.32,47.91
24.23,21.79,49.50
30.88,29.60,52.31
37.48,38.45,65.86
34.91,47.73,84.90
26.73,55.36,102.84
22.03,60.06,125.61
12.33,60.67,149.48
6.47,75.68,172.36
10.86,81.05,194.09
15.99,92.22,209.17
22.52,101.81,217.59
24.41,102.48,224.12
24.29,98.94,231.57
23.56,92.90,242.49
17.88,85.39,247.31
16.30,70.80,240.91
16.42,52.67,228.88
14.47,38.94,208.31
13.24,25.88,186.10
13.85,19.65,171.39
5.98,11.60,158.08
-0.18,5.74,141.17
-2.56,-1.59,124.63
-5.37,-3.30,109.50
-5.86,-5.98,100.16
-9.52,-5.19,90.15
-7.14,-3.54,72.02
-2.81,-3.78,64.15
2.32,2.56,56.88
7.51,1.77,60.49
4.64,-2.75,59.08
5.86,-3.60,38.64
3.60,-3.54,25.57
5.00,-4.58,35.10
3.23,-5.25,46.88
5.86,-8.91,35.28
3.72,-6.71,6.65
8.24,-3.60,-1.77
10.31,-0.67,0.43
12.70,1.71,0.85
10.62,2.44,-0.31
6.71,1.16,-2.93
3.42,-0.67,-4.64
1.83,-1.40,-5.68
0.18,-1.83,-5.80
-0.85,-1.28,-5.74
-0.85,-0.67,-5.19
0.43,0.37,-4.70
3.66,2.75,-3.78
5.31,3.54,-1.83
7.57,4.09,-0.85
4.27,0.24,-0.37
1.77,-1.59,-1.04
1.46,-1.34,-1.95
2.81,1.04,-2.01
2.62,2.26,-0.85
0.79,0.67,0.49
2.50,2.62,1.10
2.87,3.23,2.56
3.72,3.85,4.15
4.39,5.68,6.10
2.20,6.59,7.81
0.43,7.93,7.69
-2.20,8.18,6.16
-5.13,7.75,3.97
-6.35,6.84,1.16
-7.57,5.55,-2.62
-8.54,5.19,-7.39
-10.86,5.00,-20.63
-12.70,7.87,-45.59
-10.80,11.11,-74.46
-9.58,17.09,-93.75
-10.56,28.56,-101.68
-12.94,42.79,-99.91
-14.59,55.97,-92.53
-16.30,64.33,-84.17
-15.20,67.99,-73.36















-,-,-
-0.12,0.31,0.55
-0.24,0.73,0.12
-0.24,1.40,0.06
-0.31,1.77,0.12
-0.31,2.56,0.43
-0.43,2.81,0.61
0.12,2.26,0.55
0.73,1.04,0.43
1.40,0.06,0.18
1.40,-0.92,0.24
0.98,-1.46,0.73
0.24,-2.20,1.83
-0.55,-3.97,2.44
-1.46,-6.35,2.38
-2.44,-8.61,1.65
-3.11,-10.50,1.71
-3.42,-11.54,1.95
-2.99,-11.90,2.44
-2.50,-11.96,2.56
-2.32,-11.41,2.14
-2.26,-10.13,1.71
-1.89,-8.85,1.16
-0.85,-8.00,0.73
0.18,-7.93,0.61
1.28,-8.73,0.49
1.95,-9.89,0.18
2.14,-10.56,-0.55
1.95,-11.60,-1.77
1.22,-12.51,-4.03
1.83,-13.67,-4.82
1.34,-14.65,-5.00
0.98,-15.44,-5.25
1.28,-15.75,-5.62
1.83,-15.75,-5.43
3.72,-15.50,-4.58
9.03,-15.32,-2.56
16.30,-15.01,1.65
24.35,-12.57,5.74
33.14,-14.40,7.57
45.10,-24.96,10.62
55.91,-21.91,16.54
69.52,-20.14,22.09
85.02,-23.99,23.50
96.98,-21.67,28.93
99.85,-29.66,25.82
90.45,-36.07,19.23
65.31,-26.98,16.36
47.67,-21.36,15.81
32.65,-9.58,11.41
25.63,-9.46,10.01
18.62,-7.75,8.97
13.49,-7.32,3.78
9.09,-11.90,0.92
4.46,-13.92,-1.22
1.59,-13.55,-2.01
-0.31,-11.17,-0.98
-3.11,-6.35,0.67
-5.55,0.00,2.87
-7.45,8.00,5.55
-7.63,16.30,8.30
-6.77,23.38,10.99
-5.86,28.50,13.18
-6.04,31.13,13.67
-7.14,32.78,10.86
-9.03,32.53,2.87
-13.85,31.98,-19.04
-15.01,32.84,-46.14
-14.65,36.93,-61.10
-12.70,43.09,-66.89
-10.74,46.20,-69.70
-10.56,43.21,-69.40
-9.28,36.13,-63.60
-6.16,27.47,-52.92
-4.58,19.35,-41.87
-5.55,12.21,-35.64
-7.81,5.19,-33.87
-10.80,-2.62,-33.63
-15.26,-15.01,-33.39
-16.17,-26.49,-31.68
-13.98,-37.90,-24.84
-14.40,-49.19,-14.59
-14.95,-58.29,-4.76
-14.83,-51.03,-2.01
-7.26,-20.81,-9.58
8.73,-16.91,-4.27
1.40,-15.81,1.46
-1.71,-9.58,-1.71
-0.37,-6.29,-5.00
-2.75,-7.26,-1.53
1.83,-11.66,12.76
3.72,-11.60,22.34
6.29,-7.20,31.13
13.24,-1.95,43.09
19.47,0.12,60.36
22.03,0.06,72.02
27.40,3.78,82.58
31.62,3.72,100.40
31.80,1.16,114.44
35.58,5.86,121.95
37.05,2.99,127.20
35.34,-2.75,129.94
30.94,-5.25,130.37
25.09,-11.17,133.48
19.90,-12.76,127.38
17.09,-14.59,120.73
13.24,-13.92,109.44
13.18,-15.87,100.52
6.41,-17.58,83.19
7.87,-12.45,72.81
8.91,-13.24,77.94
5.25,-12.94,75.87
6.04,-10.62,67.69
5.00,-11.47,61.95
-2.08,-4.70,40.71
-1.04,-1.89,21.55
0.00,-1.22,19.35
1.04,0.06,16.97
3.11,1.77,12.45
4.52,1.10,12.63
2.14,1.46,7.51
2.50,2.44,2.01
2.20,2.01,0.49
1.28,1.59,0.31
1.53,2.14,0.37
2.20,2.44,0.79
1.89,2.75,1.34
1.46,2.87,1.28
1.53,2.87,1.59
2.20,3.23,2.32
1.95,3.42,2.75
1.77,2.99,1.95
1.77,2.87,1.83
2.20,3.05,2.08
2.26,3.48,2.44
2.81,4.03,2.93
2.87,5.19,3.72
2.20,6.90,4.39
0.24,9.58,3.78
-0.43,12.45,3.05
0.98,14.71,5.49
-1.40,21.36,6.29
-4.39,26.79,3.66
-8.12,39.06,-7.26
-6.84,51.82,-15.08
-4.52,62.07,-13.43
-1.22,73.49,-9.77
3.54,85.27,-8.91
8.61,94.79,-9.52
14.83,100.40,-9.77
21.67,102.84,-9.16
28.63,102.60,-8.91
35.71,97.90,-8.48
39.73,89.54,-7.63
38.33,80.08,-6.65
33.63,66.47,-6.41
25.88,47.67,-6.96
17.94,31.01,-9.70
13.85,14.95,-13.61
12.08,-1.40,-17.03
10.93,-16.54,-19.71
10.80,-29.72,-23.07
11.23,-38.27,-26.00
11.60,-42.66,-26.49
11.66,-42.48,-24.41
10.93,-36.87,-21.79
9.83,-27.77,-20.20
8.73,-16.05,-19.53
8.36,-5.31,-18.49
9.70,2.99,-17.58
10.44,8.42,-16.24
9.95,10.68,-15.08
7.75,10.68,-15.50
5.92,9.46,-17.64
4.58,6.53,-20.57
3.30,3.23,-23.68
1.65,2.14,-26.25
0.73,4.58,-27.89
-0.24,9.89,-27.89
-1.04,17.27,-25.70
-2.75,24.54,-21.67
















-,-,-
0.06,-2.99,0.43
-0.67,-3.91,0.67
-1.04,-4.27,0.92
-1.83,-4.39,1.34
-2.44,-4.15,1.46
-2.44,-4.03,1.53
-1.95,-4.15,2.01
-1.34,-4.94,2.20
-0.67,-5.92,2.01
-0.31,-6.23,1.83
-0.18,-6.47,2.01
0.12,-6.59,2.50
0.61,-6.65,2.44
0.92,-6.84,2.20
1.10,-6.96,1.83
1.40,-6.59,1.04
1.65,-6.16,0.24
1.53,-5.92,-0.31
1.28,-5.37,-1.16
1.59,-4.58,-0.98
2.38,-4.39,0.00
3.05,-4.46,0.79
3.36,-4.09,1.16
3.42,-3.36,0.92
3.85,-4.03,1.10
3.48,-4.82,1.53
3.05,-4.52,0.49
3.17,-4.39,-0.24
2.99,-4.46,-0.12
3.05,-4.27,0.18
3.17,-3.97,0.00
3.05,-3.85,-0.24
2.75,-4.15,-0.49
2.38,-4.82,-1.16
1.53,-5.98,-2.08
0.79,-7.08,-2.93
0.43,-7.75,-3.48
0.67,-7.81,-3.60
1.10,-7.32,-3.48
1.53,-6.65,-3.23
2.32,-6.29,-3.05
3.36,-6.23,-2.81
4.03,-6.84,-2.69
5.00,-7.69,-2.93
7.20,-8.67,-2.99
9.64,-9.03,-2.14
14.47,-9.52,-1.04
22.28,-8.91,1.53
32.59,-9.89,5.55
48.34,-21.55,7.14
61.58,-18.55,10.01
77.09,-16.48,13.18
92.83,-18.49,16.05
102.42,-18.86,19.78
109.92,-27.04,18.37
109.92,-29.72,13.79
98.21,-30.09,9.89
77.94,-18.25,10.50
60.42,-14.22,7.39
47.67,-13.24,9.40
32.47,-3.11,9.22
24.41,-3.11,6.10
16.42,-3.54,6.77
9.89,-3.60,5.98
4.94,-7.02,3.36
1.16,-11.35,1.16
-1.28,-12.27,-0.49
-3.78,-8.85,-0.67
-7.57,-3.11,0.18
-11.29,4.03,1.22
-12.82,11.29,2.20
-13.85,17.58,3.11
-15.26,22.22,4.03
-16.78,24.72,3.54
-17.64,26.49,0.85
-16.54,25.70,-3.05
-21.61,25.39,-18.86
-24.23,23.86,-43.76
-26.31,22.03,-60.30
-28.02,24.60,-66.96
-28.38,29.66,-70.74
-27.77,32.96,-73.91
-26.18,32.23,-73.97
-24.29,28.02,-70.62
-22.46,20.57,-65.25
-21.18,10.93,-59.20
-22.40,0.37,-51.45
-22.71,-11.29,-39.98
-19.65,-24.29,-25.57
-14.16,-35.58,-11.78
-9.77,-43.33,-1.46
-9.77,-24.11,-2.87
-0.92,-3.91,-6.35
10.07,-3.78,-1.65
6.84,-6.47,5.19
4.76,-2.26,4.03
3.78,1.40,1.46
1.04,1.53,1.59
1.04,0.37,3.11
4.33,-1.46,8.79
7.51,-2.14,15.26
14.53,-5.86,22.22
17.33,-7.02,28.32
18.55,-4.52,35.22
22.34,-2.75,42.24
27.77,-3.54,59.63
24.35,0.73,64.33
31.86,1.53,73.18
34.00,-1.28,91.06
32.04,4.46,101.20
33.63,2.99,104.43
30.70,7.02,111.39
33.39,3.36,118.59
32.29,0.67,119.20
36.07,-3.05,126.04
32.84,-7.08,129.58
29.42,-6.47,124.88
33.14,-13.12,122.13
28.02,-15.75,120.91
24.05,-17.76,113.16
20.14,-21.79,109.92
11.05,-22.71,102.97
4.39,-24.84,96.86
0.18,-27.22,84.84
-2.56,-20.94,67.44
2.81,-20.63,63.35
-0.24,-21.48,63.35
0.00,-16.17,54.87
-2.08,-12.88,46.57
-0.18,-12.94,37.48
0.49,-14.53,40.10
-2.08,-10.07,34.73
0.12,-5.25,30.46
3.60,-5.13,29.91
1.83,-5.07,22.34
3.85,0.55,5.86
5.98,1.77,2.75
6.65,1.04,3.48
5.43,0.79,2.75
4.46,0.67,0.92
2.44,0.61,-0.49
1.71,0.79,-1.40
2.08,1.46,-2.08
1.71,1.95,-1.83
2.38,2.14,-1.59
3.72,2.44,-1.10
3.85,2.69,-0.61
3.91,2.81,-1.46
1.77,2.62,-2.93
0.43,2.87,-3.60
0.06,3.72,-3.11
-0.12,4.52,-1.40
-0.98,4.64,-0.12
-2.20,4.64,-0.18
-1.77,4.94,-0.24
-2.14,5.31,0.55
-1.89,5.80,1.16
-2.26,6.53,1.40
-3.97,7.51,0.37
-4.52,8.48,-0.06
-7.57,11.96,0.00
-10.01,15.93,-1.46
-10.44,18.74,-2.38
-13.12,24.29,-7.63
-11.23,30.58,-15.56
-8.42,35.95,-18.01
-6.84,42.30,-14.10
-5.43,50.66,-10.25
-3.17,59.20,-8.91
-2.44,64.15,-9.03
0.00,66.59,-10.01
3.42,67.26,-9.83
6.47,66.35,-8.06
8.79,65.12,-6.35
13.06,62.62,-5.62
15.99,59.08,-5.19
16.48,54.57,-5.13
15.56,50.29,-5.31
13.12,46.51,-5.31
9.70,42.72,-4.58
















-,-,-
-2.50,-1.04,-1.77
-1.89,-0.85,-2.01
-0.98,-0.31,-2.01
0.00,-0.06,-1.77
0.61,0.00,-1.46
1.16,-0.06,-0.98
1.22,-0.55,-0.55
0.79,-0.92,0.00
-0.12,-0.92,-0.12
-1.10,-0.31,-0.49
-0.92,0.18,-0.85
-0.12,-0.06,-0.55
0.06,-0.61,-0.18
-0.31,-1.04,0.43
-0.61,-1.40,1.16
-1.10,-1.40,1.53
-1.34,-1.46,1.59
-1.53,-1.16,1.28
-1.28,-1.04,0.98
-1.10,-1.10,1.16
-1.10,-1.46,1.34
-1.16,-1.34,1.34
-1.46,-1.16,1.04
-2.14,-1.40,0.49
-2.32,-1.95,-0.37
-2.38,-3.85,-1.10
-2.56,-8.48,-1.34
-2.38,-16.97,-1.28
-2.38,-26.43,-0.92
-3.23,-30.64,-0.79
-5.62,-24.29,-1.77
-5.19,-18.62,-3.60
-1.59,-21.06,-3.91
-1.95,-19.78,-3.23
1.22,-16.60,-1.53
4.64,-12.33,0.37
10.74,-8.18,2.62
21.79,-6.23,7.69
36.80,-10.62,13.37
49.99,-19.29,16.54
62.13,-20.75,17.76
78.00,-22.89,20.39
92.41,-29.48,21.79
102.91,-26.55,22.71
114.50,-29.48,26.43
111.21,-27.95,27.40
98.75,-26.31,20.51
78.92,-23.38,15.99
56.70,-14.53,15.75
40.71,-9.77,11.84
29.60,-7.02,10.80
24.17,-5.55,9.09
19.71,-5.43,8.61
17.21,-8.06,7.39
18.49,-11.78,5.98
19.59,-12.39,5.49
17.64,-10.56,4.76
13.79,-7.08,3.85
9.58,-3.60,2.99
4.21,-0.67,1.40
-0.98,0.92,-0.43
-3.97,-3.60,-1.28
-5.98,-6.77,-2.75
-7.69,-3.78,-5.00
-10.86,1.71,-9.77
-10.74,6.29,-11.35
-11.90,12.27,-13.12
-14.10,19.04,-18.13
-16.36,24.17,-26.55
-18.68,29.97,-34.30
-20.94,36.62,-39.31
-22.95,42.05,-44.74
-25.27,45.41,-52.73
-26.12,47.06,-62.19
-27.04,44.86,-70.37
-26.49,37.54,-77.33
-26.73,29.05,-83.68
-26.98,20.51,-88.26
-27.71,13.18,-89.48
-27.28,5.80,-85.94
-28.50,-1.34,-78.43
-31.49,-8.67,-66.83
-32.53,-18.01,-53.28
-31.49,-28.38,-39.98
-30.33,-37.96,-27.89
-27.28,-45.96,-16.17
-22.83,-48.46,-7.02
-19.65,-23.13,-10.80
-12.21,-11.84,-11.90
-1.71,-12.33,-6.65
-1.59,-10.86,-0.12
-2.69,-3.78,7.51
-6.35,-0.73,15.75
-2.93,-2.26,7.81
9.52,-5.13,17.40
20.87,-5.86,39.79
25.02,-1.53,56.95
29.91,3.54,68.24
34.36,4.58,78.06
38.76,1.53,90.33
37.11,5.68,99.49
40.41,6.23,112.67
38.88,6.59,126.40
40.95,2.69,140.81
35.22,-0.31,142.15
30.70,1.46,133.73
29.72,-1.22,129.82
20.75,-5.43,119.38
22.16,-7.63,108.89
27.59,-10.38,106.63
29.54,-11.72,115.72
18.25,-9.83,107.54
21.48,-10.99,96.37
22.52,-18.31,97.60
17.88,-22.22,97.84
14.40,-18.13,89.23
10.31,-19.78,84.96
3.54,-19.41,70.01
6.71,-18.37,65.12
4.94,-16.48,60.55
3.05,-13.43,52.98
10.01,-14.77,52.98
2.99,-14.10,50.42
-1.04,-9.22,35.34
-3.36,-4.15,15.50
-1.46,-2.08,5.86
0.67,-0.98,8.79
3.42,-1.22,16.42
8.42,-2.32,25.51
7.39,-1.77,27.47
2.32,-1.04,13.73
3.66,1.53,2.62
1.89,1.59,1.04
0.67,1.34,1.22
0.24,1.59,0.55
0.18,1.71,-0.37
1.71,1.83,-0.31
3.66,1.89,0.18
3.78,2.50,0.24
3.05,2.62,0.00
1.89,2.44,0.06
1.77,1.95,-0.06
1.59,1.53,-0.06
1.46,1.40,0.00
1.16,1.34,0.18
1.40,1.46,0.31
0.92,1.77,0.31
2.20,2.01,0.73
3.11,2.08,1.40
3.85,2.14,1.65
2.81,1.71,1.34
0.55,1.46,0.18
-0.55,1.53,-0.92
0.18,1.89,-1.22
-0.67,3.17,-0.92
-1.71,4.82,-0.61
-2.44,6.65,-1.10
-6.16,9.46,-2.99
-7.75,11.41,-3.60
-11.41,14.34,-4.88
-15.56,20.20,-6.41
-15.81,24.48,-10.50
-17.46,32.47,-19.90
-18.19,41.75,-30.70
-15.93,48.52,-32.29
-16.05,56.27,-26.06
-15.99,65.98,-19.23
-15.44,75.50,-14.40
-14.04,83.44,-12.21
-12.45,89.36,-11.05
-10.50,92.41,-9.77
-9.40,94.06,-8.12
-8.61,94.60,-6.47
-7.51,94.48,-5.25
-5.19,93.99,-4.15
-2.87,91.61,-2.50
-0.37,87.34,-0.24
1.95,80.81,1.59
3.30,72.63,3.36
5.00,62.93,4.27
















-,-,-
0.61,2.20,1.04
0.43,2.32,1.16
0.18,2.56,0.73
0.06,2.69,-0.18
0.67,2.14,-0.61
1.16,1.53,-0.31
1.04,1.59,0.18
0.67,1.65,0.73
0.37,1.71,0.61
0.79,2.14,0.43
0.92,2.62,0.67
1.16,2.87,0.85
1.59,2.62,0.85
1.83,1.83,0.31
2.38,1.40,-0.37
2.99,1.46,-0.61
2.87,1.53,-0.31
2.56,1.28,0.31
1.89,0.85,0.61
1.46,0.92,0.67
1.34,0.67,0.49
0.98,-0.06,0.43
0.43,-0.12,0.24
0.43,-0.18,0.55
0.49,-0.61,0.92
0.67,-0.73,0.67
0.43,-0.98,0.67
0.00,-0.92,1.04
0.00,-0.79,1.28
-0.06,-1.40,1.22
-0.06,-2.14,1.16
-0.31,-3.05,1.59
-0.49,-4.39,2.08
-0.43,-7.45,2.20
-0.12,-13.98,1.53
0.49,-24.17,1.04
0.61,-36.74,1.53
-0.79,-46.26,3.48
-3.11,-43.40,3.72
-8.61,-31.19,0.37
-6.23,-25.88,-5.98
0.55,-28.56,-5.98
4.03,-24.72,-4.15
9.22,-15.63,-1.40
12.57,-7.51,2.14
16.48,-2.26,5.37
26.00,-0.92,8.30
37.84,-4.82,13.00
47.97,-6.71,15.63
57.50,-3.97,20.45
67.26,-5.98,22.71
78.19,-14.71,21.24
84.72,-17.82,14.10
91.80,-22.77,8.79
95.09,-24.11,8.06
97.11,-23.07,6.53
96.31,-20.20,8.73
93.20,-13.49,10.19
89.78,-12.82,13.43
80.08,-12.21,13.73
63.42,-1.40,11.11
51.03,-0.61,13.31
37.23,10.13,12.94
33.08,7.39,14.34
31.25,1.46,15.50
27.04,5.19,15.01
23.50,0.37,11.47
17.88,0.73,8.67
12.02,1.04,6.96
8.48,-0.55,3.91
5.00,-1.46,1.59
-1.22,-1.65,-1.28
-9.77,-1.83,-4.58
-20.02,-2.50,-8.48
-29.79,-3.91,-12.82
-36.13,-3.85,-15.69
-37.78,-1.16,-15.20
-37.66,4.88,-14.04
-36.87,10.93,-11.60
-39.61,17.88,-14.22
-44.62,27.34,-28.20
-47.18,31.49,-43.82
-48.34,31.49,-52.61
-46.69,32.96,-61.10
-42.91,35.40,-72.08
-39.31,36.44,-83.07
-37.41,35.34,-90.15
-36.25,32.65,-92.35
-33.20,26.73,-89.78
-28.93,18.25,-81.97
-26.86,9.70,-71.90
-29.30,0.67,-60.79
-31.80,-11.17,-51.88
-34.97,-27.10,-50.05
-29.17,-34.61,-46.94
-22.64,-46.02,-36.74
-19.10,-50.84,-23.25
-13.61,-51.57,-10.25
-8.91,-33.75,-5.25
-9.03,-13.37,-6.77
-1.16,-10.93,-6.41
3.42,-12.45,-1.89
5.37,-7.08,1.40
4.09,-0.06,1.34
4.46,3.97,2.56
7.26,6.16,4.27
9.52,6.96,6.65
10.25,6.35,9.03
10.44,4.21,10.80
7.51,2.01,12.21
5.37,-0.18,11.60
9.22,-2.44,10.19
10.13,-4.76,9.77
11.41,-8.12,10.38
14.71,-13.85,13.61
11.84,-12.27,14.04
15.75,-10.99,14.83
14.53,-9.64,21.79
7.51,-6.77,10.25
13.24,-9.46,9.03
12.82,-10.74,14.89
16.17,-13.73,24.05
18.07,-12.33,36.32
18.92,-7.39,43.03
23.07,-8.00,53.89
27.40,-11.72,70.43
30.58,-13.24,81.48
32.71,-13.12,84.17
33.39,-10.99,95.34
31.80,-11.05,101.44
33.08,-9.34,103.39
34.48,-11.29,112.73
29.79,-11.90,116.15
28.02,-9.95,112.61
27.34,-7.75,104.92
29.60,-16.17,106.81
27.10,-13.61,100.77
30.88,-14.04,96.19
34.97,-16.05,106.02
29.85,-22.34,112.92
22.83,-19.04,93.81
20.57,-14.53,71.41
28.87,-24.17,75.81
24.96,-25.94,79.22
23.01,-27.65,78.86
18.62,-25.02,75.74
12.39,-23.07,67.75
9.70,-18.92,53.28
8.06,-17.40,43.21
12.76,-18.68,41.32
9.28,-15.63,36.62
16.66,-16.05,43.40
8.48,-13.67,39.67
3.60,-9.46,24.29
5.00,-3.05,9.28
6.65,-0.79,4.76
6.35,-0.43,4.21
6.90,-0.18,3.60
5.68,-0.06,2.26
4.27,-0.37,0.31
6.29,-0.06,-3.85
4.88,-0.06,-4.58
4.39,0.00,-4.15
3.54,0.92,-4.15
2.75,1.16,-2.81
1.89,1.16,-2.62
2.87,0.92,-3.11
1.77,1.40,-5.00
-1.34,1.46,-3.54
-2.56,1.95,-3.36
-2.99,2.87,-3.36
-3.85,4.27,-3.17
-6.10,6.71,-3.05
-8.24,9.40,-2.99
-10.07,11.35,-2.26
-12.57,14.47,-2.20
-15.32,20.02,-3.54
-18.07,29.79,-8.18
-18.19,38.76,-11.23
-19.04,44.68,-11.23
















-,-,-
3.23,-4.94,-1.95
3.30,-4.82,-1.83
3.17,-4.39,-1.59
2.93,-3.91,-1.04
2.38,-2.99,-0.49
1.89,-2.14,-0.43
1.40,-1.71,-0.43
1.77,-1.71,-0.55
2.08,-1.89,-0.37
2.32,-2.01,-0.37
2.75,-2.01,-0.12
2.81,-1.83,0.00
3.05,-1.59,0.31
2.38,-1.46,0.18
1.89,-1.46,-0.12
2.01,-1.40,-0.18
1.77,-1.22,0.06
2.01,-0.92,0.12
2.50,-0.67,0.06
2.62,-0.73,-0.06
2.14,-0.92,-0.31
2.14,-0.85,-0.31
2.56,-0.49,0.12
3.11,0.24,1.04
3.85,1.04,1.71
5.25,2.38,2.62
7.26,4.52,4.21
10.13,6.84,6.53
13.49,8.85,9.22
19.59,9.40,11.60
31.19,2.14,12.70
43.76,-4.33,12.45
56.76,-0.98,15.08
70.56,-1.83,17.94
75.81,-5.68,8.12
79.90,-3.78,-3.91
76.54,-7.20,-4.09
61.77,-8.36,-5.07
53.41,-15.93,-8.48
44.68,-15.32,-5.68
35.95,-9.58,-4.58
34.30,-12.33,-1.10
23.56,-6.65,0.79
12.08,-1.59,0.06
5.19,-6.41,-2.20
1.34,-8.73,-1.71
-1.10,-9.89,-1.34
-2.81,-10.50,-2.50
-3.48,-9.22,-3.42
-3.78,-6.65,-3.30
-3.30,-3.78,-2.56
-4.70,-1.10,-2.44
-7.81,0.85,-3.48
-12.02,1.40,-4.15
-16.66,1.28,-5.37
-20.45,0.98,-6.96
-23.32,0.12,-8.42
-25.39,-0.31,-10.44
-28.32,1.34,-15.32
-32.41,3.23,-26.18
-36.80,5.37,-51.45
-36.99,7.75,-71.66
-36.74,14.28,-77.82
-34.48,24.05,-79.59
-29.85,31.62,-83.56
-26.25,34.79,-88.68
-22.52,33.94,-92.35
-20.26,29.72,-93.20
-19.84,24.60,-91.00
-20.51,19.59,-84.66
-22.64,14.40,-75.93
-25.94,7.93,-67.63
-30.40,1.53,-60.85
-33.69,-5.86,-53.53
-34.00,-15.32,-44.49
-34.79,-23.86,-34.36
-31.74,-31.07,-23.44
-27.95,-37.35,-11.11
-24.41,-42.48,0.61
-21.30,-47.30,11.41
-18.55,-49.44,18.92
-19.04,-21.61,5.92
-15.44,0.18,-7.69
-5.13,0.49,-2.08
-4.03,-5.43,9.16
3.17,-3.85,9.03
12.33,3.60,8.97
7.02,7.32,12.08
3.85,7.32,13.61
-2.44,5.80,21.48
-8.06,1.95,14.22
-4.64,-1.53,2.01
-3.60,-4.09,5.31
2.26,-7.45,13.67
5.31,-8.12,22.64
5.37,-5.62,24.54
7.14,-4.21,22.46
11.05,-2.93,28.63
15.50,-1.89,38.94
18.31,1.40,46.39
24.05,3.91,58.11
27.22,6.53,68.24
27.40,8.54,67.57
32.65,8.18,72.02
36.01,11.84,84.96
40.47,16.85,104.61
43.58,13.31,121.09
45.17,8.54,128.42
41.69,10.62,120.97
45.17,8.85,120.42
44.25,3.85,123.47
42.60,4.33,119.87
40.34,3.42,107.42
44.80,-0.79,106.20
44.25,-2.87,110.05
46.39,-6.90,114.07
43.88,-10.74,105.53
43.33,-10.19,99.85
42.79,-12.51,104.68
33.87,-14.34,100.83
33.57,-9.89,94.36
28.63,-14.89,90.21
25.88,-12.33,80.99
26.98,-11.23,77.70
21.73,-10.93,72.20
22.34,-12.70,64.45
18.68,-9.28,58.53
18.19,-6.41,49.32
21.85,-13.31,64.21
15.26,-10.93,56.76
20.75,-12.39,55.66
15.08,-7.20,50.78
18.01,-10.50,47.42
17.09,-12.27,50.23
12.15,-5.55,34.73
11.17,-6.96,28.08
7.32,-4.76,18.62
5.98,-0.18,5.37
6.10,0.37,1.28
6.84,-0.92,0.00
7.14,-1.71,-4.46
4.70,-1.95,-16.36
4.03,-1.46,-21.55
2.32,-0.06,-19.23
-1.53,2.99,-15.32
-8.36,6.90,-12.70
-14.95,10.56,-10.93
-20.32,14.16,-8.61
-22.40,18.49,-6.41
-29.11,24.60,-7.45
-36.19,31.98,-14.95
-37.72,36.99,-25.09
-36.87,46.08,-31.49
-38.64,61.58,-31.07
-40.77,77.70,-28.93
-40.22,91.06,-28.20
-41.50,100.40,-30.52
-40.34,105.53,-34.48
-35.58,105.35,-36.07
-31.13,102.66,-35.71
-27.89,98.33,-33.69
-25.70,93.81,-30.88
-24.23,89.17,-27.10
-21.73,83.74,-22.09
-20.57,79.65,-19.10
-18.92,75.99,-17.33
-14.83,71.47,-16.11
-11.41,65.61,-14.89
-9.03,59.33,-14.04
-3.97,48.77,-14.28
0.67,35.34,-14.59
4.58,23.56,-13.79
6.29,16.05,-12.15
7.26,14.22,-8.91
8.30,13.79,-3.48
11.60,11.84,5.00
15.20,9.22,16.36
15.63,6.59,30.03
13.37,3.78,44.13
7.87,-0.49,56.34
















-,-,-
-0.55,-0.18,-1.04
-0.49,0.06,-0.55
-0.31,0.18,-0.31
0.24,0.37,-0.18
0.43,0.37,0.31
0.24,0.31,0.31
0.06,0.37,0.12
-0.18,0.12,0.12
-0.43,0.24,0.18
-0.24,0.31,0.18
-0.06,0.24,0.18
0.18,0.37,0.12
0.24,0.31,0.12
0.31,0.24,0.18
0.55,0.12,0.12
0.55,0.00,0.00
0.67,0.24,0.00
0.98,0.43,0.18
0.98,0.61,0.67
0.98,0.67,0.85
0.79,0.61,0.73
0.79,0.37,0.73
1.10,0.37,0.67
1.53,0.61,0.79
1.77,0.92,1.22
2.20,1.10,1.59
2.26,1.16,1.71
2.75,1.22,1.71
3.54,1.22,1.83
4.09,1.46,2.26
4.52,1.59,2.69
5.37,1.89,3.48
6.65,2.26,4.39
7.87,1.71,4.76
9.77,0.49,4.39
13.98,-1.71,4.39
22.71,-11.60,4.64
34.06,-23.01,5.62
49.44,-20.20,11.29
62.26,-19.59,14.59
72.51,-12.15,17.64
76.48,-16.30,15.26
78.25,-19.59,11.84
78.43,-22.34,10.31
75.38,-17.46,15.50
75.20,-18.19,18.62
71.23,-12.63,18.55
68.73,-12.88,16.72
62.87,-8.54,16.36
60.24,-10.56,15.01
56.58,-11.17,13.24
51.21,-10.62,11.84
42.85,-12.94,7.75
37.84,-12.33,3.66
31.86,-11.90,2.99
28.32,-8.79,3.54
23.19,-3.11,5.80
16.78,-3.30,2.69
10.07,-6.23,-0.37
0.98,-5.19,-2.38
-8.54,-3.97,-4.09
-16.91,-5.19,-6.29
-24.17,-5.92,-8.61
-28.63,-3.91,-9.28
-30.94,0.37,-8.42
-32.41,7.20,-7.08
-34.42,18.74,-5.25
-35.52,30.58,-4.09
-34.48,37.90,-4.46
-31.13,38.94,-7.69
-29.97,39.98,-22.46
-26.31,39.73,-41.63
-22.34,40.28,-56.88
-19.17,43.82,-69.64
-16.17,47.36,-78.86
-13.06,46.69,-83.07
-9.22,40.71,-81.24
-7.20,31.19,-74.16
-6.47,21.00,-63.35
-6.59,12.70,-51.57
-7.02,5.74,-40.77
-6.29,-1.59,-32.10
-4.52,-9.83,-26.37
-3.91,-19.23,-21.85
-5.25,-27.59,-18.25
-8.30,-34.48,-14.65
-12.02,-39.79,-10.38
-15.08,-44.01,-5.43
-17.52,-41.75,-3.97
-18.31,-20.14,-10.62
-8.06,-13.18,-13.12
-1.34,-14.28,-10.07
-2.26,-11.17,-4.03
0.73,-3.36,-1.16
1.83,1.89,0.98
0.12,4.94,3.54
0.55,6.35,4.70
2.26,6.04,4.03
1.89,4.27,3.05
-1.04,1.53,3.23
-1.89,-1.59,7.81
0.37,-5.98,17.58
-1.46,-4.94,17.09
2.81,-6.16,21.91
4.82,-5.92,33.02
4.52,-4.27,41.44
5.13,-2.81,48.40
7.63,2.99,58.59
11.60,4.88,70.07
12.21,4.46,73.43
18.01,5.07,80.26
19.90,4.27,91.61
18.55,7.51,97.17
19.84,8.61,93.81
23.56,2.69,101.32
20.51,1.89,105.83
19.10,3.60,103.33
17.33,3.54,97.72
20.32,-1.28,96.25
13.73,-3.30,88.62
15.75,-10.19,84.66
9.64,-9.77,79.04
13.00,-8.24,78.12
10.25,-11.47,85.33
5.68,-9.46,80.32
4.09,-7.81,74.58
5.43,-7.39,67.08
5.80,-6.35,72.57
7.63,-1.83,77.27
3.85,-3.36,79.96
5.19,-3.91,73.61
4.39,-6.84,68.30
0.06,-6.84,54.50
3.78,-6.96,45.53
4.21,-9.03,49.50
0.98,-9.16,45.65
7.39,-12.88,50.05
1.28,-5.19,42.24
4.03,-2.75,43.52
4.52,-7.20,44.07
9.52,-11.96,48.34
5.80,-9.09,39.55
2.08,-8.06,31.37
-2.62,-3.30,14.47
7.26,-5.31,23.56
-3.05,-4.15,22.83
2.01,-1.77,8.42
4.21,0.73,4.15
4.64,1.65,4.46
5.07,2.26,3.85
5.55,2.38,2.69
5.37,2.14,1.53
5.92,1.83,1.28
5.80,2.08,1.34
4.70,2.08,1.16
3.97,2.50,0.73
3.85,3.85,0.73
4.15,5.49,1.10
3.91,7.81,0.79
1.40,10.80,-1.16
0.31,12.15,-0.92
-2.44,14.28,0.92
-5.25,16.78,1.65
-10.93,20.81,-1.46
-13.06,25.82,-9.58
-12.88,27.71,-10.38
-14.65,32.47,-15.69
-11.90,36.01,-20.87
-9.64,40.16,-20.08
-8.18,44.62,-15.50
-7.08,48.71,-11.96
-4.70,53.10,-12.33
-1.89,57.13,-15.01
1.71,60.36,-16.66
4.82,62.62,-15.20
7.75,64.64,-11.60
8.24,66.77,-7.69
8.79,69.40,-4.76
8.42,71.59,-3.17
7.20,73.24,-2.50
















-,-,-
8.91,30.88,-6.16
11.11,28.44,-5.25
12.82,25.94,-4.82
13.55,22.89,-4.39
13.79,19.17,-3.54
13.12,15.56,-2.01
12.33,12.82,-0.73
13.18,9.83,-0.79
14.71,5.98,-1.10
15.44,2.38,-1.28
14.04,0.55,-1.22
11.60,1.10,-0.98
9.28,3.97,-0.73
8.73,7.63,-0.55
9.40,10.25,-0.31
10.50,11.23,-0.55
11.11,11.05,-0.92
11.54,10.56,-1.04
12.08,9.83,-0.73
13.31,9.09,-0.24
14.40,8.54,0.92
15.01,7.75,2.26
13.49,6.90,3.11
10.44,6.10,2.93
7.57,5.00,2.08
5.92,3.36,1.40
4.58,1.34,1.77
3.17,0.37,3.42
2.75,-0.85,5.80
2.93,-2.56,7.45
2.69,-4.52,7.93
2.50,-5.55,7.39
1.71,-5.98,6.90
1.34,-5.74,6.59
1.53,-5.55,6.41
1.65,-5.31,6.35
1.59,-4.94,6.29
1.10,-4.03,5.80
0.85,-3.17,5.25
1.28,-2.62,4.52
1.46,-2.56,3.60
1.46,-2.32,2.38
1.46,-1.77,1.77
1.40,-1.53,1.34
0.98,-1.28,1.04
0.37,-1.34,0.79
-0.49,-1.16,0.67
-1.65,-0.98,1.04
-3.05,-0.85,1.53
-4.39,-0.55,1.10
-5.55,-0.67,0.24
-6.04,-1.46,-0.12
-7.26,-2.75,0.06
-10.19,-3.60,0.85
-14.71,-3.54,1.53
-20.45,-1.89,0.85
-25.02,0.85,-0.85
-26.86,3.85,-2.14
-27.16,5.55,-3.05
-26.31,5.74,-3.60
-25.33,4.46,-3.48
-25.39,2.93,-3.30
-26.55,4.03,-3.78
-26.79,5.98,-4.64
-27.53,6.29,-6.71
-28.50,7.02,-9.34
-29.48,7.57,-11.54
-29.05,7.45,-12.27
-27.22,5.62,-10.86
-24.54,1.83,-7.57
-21.73,-2.93,-4.76
-18.74,-8.18,-3.11
-16.36,-14.28,-1.71
-13.85,-20.69,-0.43
-11.60,-26.73,0.61
-10.31,-32.41,2.14
-9.28,-38.51,4.46
-8.54,-44.86,6.84
-8.85,-50.29,8.61
-10.19,-50.48,8.12
-12.45,-30.33,-1.46
-3.91,-21.55,-8.18
0.24,-18.49,-7.32
0.92,-15.20,-4.64
3.72,-8.67,-3.97
4.03,-5.37,-3.36
2.01,-5.37,-2.99
2.38,-7.08,-3.91
2.81,-9.03,-4.27
1.46,-10.31,-4.33
0.98,-11.05,-4.27
1.34,-10.99,-3.72
2.26,-9.77,-1.53
6.59,-8.97,2.56
13.37,-7.08,7.26
27.77,-10.80,15.50
41.56,-16.97,23.62
61.40,-25.09,23.13
81.91,-33.57,27.40
96.01,-38.02,25.09
108.34,-36.25,25.82
114.75,-38.82,30.94
110.96,-30.82,31.13
103.03,-26.73,33.69
84.05,-20.26,27.34
69.52,-15.38,25.63
52.12,-5.49,26.18
37.11,0.31,18.13
27.04,-1.65,14.40
15.44,-2.44,10.62
7.87,-3.60,3.85
1.83,-10.62,0.00
-2.56,-15.01,-2.69
-6.41,-13.43,-3.91
-10.31,-8.54,-3.97
-11.29,-1.53,-2.93
-11.47,6.35,-1.28
-13.43,12.82,-0.92
-15.50,17.40,-2.08
-16.24,21.61,-4.21
-16.78,27.22,-8.73
-18.68,34.48,-19.53
-20.08,37.72,-41.02
-18.25,35.89,-62.81
-17.27,33.81,-75.81
-16.42,36.56,-84.41
-15.50,42.05,-91.43
-13.00,44.92,-94.54
-10.86,42.05,-92.59
-11.35,33.57,-86.30
-11.05,20.75,-77.09
-8.42,5.55,-64.09
-5.31,-9.95,-49.93
-2.20,-26.37,-37.35
-0.18,-42.91,-26.98
-4.15,-56.70,-19.10
-7.69,-66.04,-12.76
-11.47,-60.06,-7.63
-11.29,-19.84,-9.22
3.23,-11.35,-3.60
7.87,-16.11,2.38
3.97,-14.28,3.23
3.72,-7.08,-0.18
-1.10,-3.85,-0.31
-5.37,-2.87,2.81
-2.93,-3.54,10.50
-0.49,-0.73,21.67
5.13,1.22,35.71
13.49,1.22,57.01
18.62,3.48,76.66
18.98,9.16,88.20
20.51,11.60,102.72
20.94,12.33,114.93
19.65,16.36,118.41
26.49,13.24,127.01
25.15,11.23,139.77
24.05,5.98,141.17
20.08,7.93,137.63
17.27,6.47,133.36
17.15,0.37,140.20
9.34,-2.87,133.79
7.26,-2.75,114.75
11.90,-8.00,112.98
7.51,-6.16,112.18
13.98,-8.00,114.93
8.79,-9.52,109.99
10.38,-7.26,98.27
6.77,-11.78,88.26
4.70,-7.81,73.36
2.69,-8.00,58.47
7.08,-10.74,56.64
0.67,-7.69,45.10
4.15,-7.32,39.49
2.20,-6.10,37.48
-1.46,-5.43,24.78
1.46,-4.33,19.59
4.27,-3.17,18.62
3.23,-1.40,13.18
7.02,0.98,5.43
6.84,1.95,3.66
















-,-,-
0.61,0.67,0.24
0.00,0.49,-0.12
-0.24,0.31,-0.43
-0.55,-0.18,-0.73
-1.22,-0.61,-0.73
-1.59,-0.98,-0.85
-1.59,-1.89,-0.43
-1.65,-3.23,-0.06
-1.95,-4.39,0.00
-2.08,-5.49,0.00
-2.62,-6.41,-0.43
-3.30,-7.14,-1.16
-4.64,-7.81,-1.59
-5.68,-8.18,-1.46
-6.77,-9.03,-1.16
-7.57,-10.07,-0.98
-8.18,-11.05,-0.37
-8.42,-10.99,0.31
-8.79,-10.25,0.79
-9.46,-9.09,0.79
-10.86,-6.96,0.06
-12.63,-4.27,-0.85
-13.67,-1.95,-1.77
-14.16,0.18,-3.17
-13.85,1.71,-3.66
-13.24,2.14,-3.42
-12.21,1.95,-2.87
-10.68,1.10,-2.50
-9.09,0.00,-1.89
-7.08,-0.98,-1.71
-5.86,-1.28,-1.83
-5.74,-0.55,-2.14
-6.47,0.85,-2.38
-7.02,2.62,-2.44
-6.90,3.97,-2.62
-5.98,4.03,-2.62
-4.76,2.87,-2.32
-3.85,1.16,-1.77
-4.03,0.12,-1.40
-4.21,0.00,-1.22
-4.33,0.24,-0.67
-4.21,0.73,-0.43
-3.78,0.79,-0.37
-3.72,0.00,-0.49
-3.78,-0.98,-0.61
-3.97,-1.77,-0.85
-3.91,-2.44,-1.16
-3.66,-3.78,-1.22
-3.60,-5.86,-1.22
-3.78,-9.22,-1.28
-3.91,-14.65,-1.95
-3.66,-22.95,-2.81
-3.17,-33.20,-3.30
-2.87,-42.30,-3.30
-4.94,-36.87,-3.66
-11.41,-23.32,-7.14
-6.53,-24.23,-9.70
-4.58,-24.90,-8.06
-0.37,-18.55,-3.97
7.39,-8.36,2.08
19.17,-0.37,9.95
38.39,-0.85,17.76
61.34,-11.11,22.09
79.65,-19.29,19.47
94.48,-29.05,13.85
108.40,-38.76,9.03
118.96,-41.08,4.09
125.79,-38.94,6.47
125.49,-38.27,6.90
116.94,-37.35,6.77
95.21,-24.11,4.64
67.69,-12.82,2.75
46.08,-11.47,5.86
25.39,-0.12,8.36
11.11,8.00,6.53
1.83,2.50,3.54
-3.17,-6.65,0.06
-5.68,-11.41,-2.75
-8.85,-12.02,-3.85
-12.39,-8.12,-3.72
-15.32,-0.61,-3.11
-19.53,9.58,-1.71
-22.83,19.35,-0.43
-26.55,31.68,-3.05
-27.65,38.27,-8.36
-30.09,42.05,-26.43
-28.99,43.52,-53.53
-26.25,44.68,-72.14
-24.72,51.15,-84.29
-21.00,59.69,-93.63
-17.64,64.09,-98.39
-15.14,61.58,-97.60
-12.76,52.49,-91.98
-10.62,38.39,-83.37
-8.73,20.26,-73.49
-6.59,-0.37,-62.62
-5.31,-20.57,-49.26
-3.11,-40.89,-33.57
-3.66,-58.72,-16.30
-4.88,-72.33,0.24
-8.67,-79.04,15.20
-20.57,-50.54,10.38
-23.80,-26.61,-6.29
-11.47,-21.30,-6.23
-6.16,-23.01,7.87
-1.46,-14.71,19.65
-1.95,-3.91,11.96
-7.20,0.24,15.56
14.28,2.75,46.75
28.38,2.81,83.13
32.53,5.62,97.78
34.73,11.90,103.21
36.87,12.33,113.04
36.62,9.40,126.89
35.16,7.32,129.82
33.08,3.36,128.11
33.69,-6.29,133.97
26.55,-7.39,133.67
25.21,-15.50,126.83
23.13,-15.93,120.30
20.32,-19.10,118.90
14.71,-19.17,115.42
14.83,-20.87,109.01
20.69,-25.76,116.70
12.15,-19.71,109.92
10.86,-16.72,92.53
18.74,-19.29,87.16
6.90,-19.84,70.19
12.39,-14.53,60.79
15.63,-17.88,66.59
5.92,-15.20,59.20
8.61,-16.85,48.77
9.89,-15.81,49.07
6.71,-14.40,47.49
2.81,-8.30,36.38
6.53,-6.16,28.87
7.32,-7.51,32.65
-0.06,-6.77,18.92
2.50,-1.65,1.95
4.21,0.61,0.24
3.85,1.40,1.77
3.91,2.44,1.16
2.93,2.62,-1.59
1.16,2.32,-3.60
-0.12,2.38,-4.52
-0.79,2.81,-4.88
-1.10,3.36,-4.46
-0.98,4.27,-4.03
-1.22,5.07,-3.54
-1.95,5.74,-2.99
-1.83,6.41,-2.38
-2.50,7.87,-2.26
-5.86,9.89,-2.08
-8.67,12.82,-2.01
-10.31,15.56,-1.34
-12.82,19.35,-0.79
-14.65,23.62,-0.79
-17.40,28.38,-6.04
-16.24,32.47,-17.58
-13.98,35.03,-27.65
-11.96,40.95,-31.98
-11.17,51.57,-29.91
-9.70,61.40,-27.34
-6.53,67.69,-27.10
-1.77,69.89,-28.75
2.81,70.37,-30.15
6.65,70.19,-29.97
8.36,69.03,-27.77
8.42,65.80,-24.17
8.73,60.55,-21.00
8.48,54.75,-19.17
6.47,49.62,-17.76
2.75,44.92,-15.56
-0.43,40.71,-12.76
-3.54,37.05,-8.97
-4.15,33.14,-5.80
-3.60,28.32,-4.09
-3.05,22.83,-3.60
-1.89,17.64,-3.85
-1.28,12.63,-4.09
















-,-,-
1.10,1.53,0.43
1.16,1.40,0.49
1.04,1.59,0.73
1.22,1.71,0.85
1.40,1.46,1.22
1.59,1.22,1.40
1.40,1.10,1.10
1.40,0.73,0.67
1.40,0.31,0.49
1.59,-0.12,0.61
1.53,-0.49,0.98
1.59,-0.61,1.04
1.77,-0.61,0.98
2.01,-0.67,0.79
1.95,-0.55,1.04
2.08,0.00,0.85
2.08,0.18,1.04
1.89,0.18,0.98
1.77,0.37,0.85
1.83,0.31,0.79
1.83,0.00,0.92
1.53,-0.37,1.04
1.46,-0.31,1.16
1.46,-0.49,1.16
1.16,-0.49,0.98
1.10,-0.24,0.92
1.10,0.06,0.79
1.22,0.37,0.67
1.28,0.55,0.61
1.53,0.31,0.49
1.40,0.37,0.06
1.10,0.37,-0.43
0.49,0.43,-0.85
-0.37,0.98,-1.59
-1.04,1.83,-2.38
-2.08,2.50,-2.87
-2.93,3.48,-3.30
-3.72,4.52,-3.54
-5.37,5.00,-3.72
-7.51,5.19,-3.78
-10.44,5.62,-3.72
-14.28,8.12,-3.05
-17.03,6.29,-2.32
-18.07,-1.28,-3.17
-16.54,-12.57,-4.03
-14.10,-29.17,-4.09
-11.35,-46.75,-2.44
-7.45,-59.27,-0.06
-6.90,-46.02,1.89
-7.69,-27.53,-5.55
6.71,-21.73,-7.87
17.58,-21.67,1.89
29.85,-6.59,14.10
44.07,10.50,25.02
61.04,15.99,33.69
83.68,8.85,34.97
110.72,-8.54,31.13
132.81,-17.76,24.35
149.54,-29.42,18.01
159.79,-32.71,12.82
159.73,-31.43,5.92
149.96,-19.47,-2.32
137.08,-26.43,-2.32
115.78,-21.61,0.98
88.32,-14.53,-3.48
57.92,-10.93,0.73
31.98,-8.48,3.78
13.85,3.60,7.32
-0.31,2.20,3.66
-8.91,-9.34,-3.17
-15.32,-18.62,-9.16
-21.97,-22.22,-13.79
-27.47,-21.30,-15.32
-29.72,-14.59,-15.08
-35.77,0.61,-14.95
-42.24,19.59,-12.57
-49.50,34.91,-9.58
-53.34,53.04,-22.16
-50.54,62.32,-38.21
-47.55,61.16,-50.48
-41.87,59.57,-60.49
-36.13,62.26,-73.61
-28.02,66.22,-88.87
-21.79,67.93,-100.95
-17.64,65.92,-106.45
-14.77,59.94,-104.31
-11.66,47.97,-95.52
-9.22,30.70,-81.12
-10.25,10.44,-63.66
-13.18,-10.38,-47.06
-12.02,-32.29,-33.81
-10.25,-55.73,-22.95
-9.40,-76.78,-11.90
-10.31,-92.96,-1.28
-13.55,-83.07,4.52
-29.91,-34.79,-2.69
-8.12,-26.00,-12.45
0.85,-32.23,-7.39
6.53,-26.73,-1.83
12.33,-9.77,0.12
7.20,0.67,7.57
6.77,4.39,19.41
0.92,6.23,29.05
6.53,5.49,43.21
13.92,0.79,54.75
28.99,-5.00,66.16
34.00,-8.24,88.50
38.94,-4.88,101.56
46.02,-7.02,107.36
48.03,-8.61,118.35
48.83,-6.04,122.19
49.56,-7.32,120.91
48.95,-15.93,122.92
44.13,-14.40,122.86
45.78,-15.20,128.60
38.33,-23.25,134.46
34.48,-19.96,122.38
33.08,-18.31,117.49
29.91,-23.32,109.92
31.98,-25.33,103.39
34.42,-29.91,100.59
30.40,-25.02,97.35
24.29,-23.01,85.02
23.32,-28.32,78.00
22.16,-23.32,70.68
22.22,-23.32,64.94
25.63,-22.95,65.43
25.21,-27.04,66.28
22.16,-31.01,65.43
20.20,-27.10,55.18
19.47,-21.18,48.40
7.32,-11.35,31.49
10.56,-8.06,19.96
8.91,-11.11,23.62
4.21,-8.67,14.10
7.87,-9.64,7.26
8.61,-7.02,6.35
4.64,-2.44,-3.48
4.03,0.55,-9.40
0.12,1.40,-9.64
-2.62,2.08,-9.28
-4.15,3.11,-9.28
-4.94,4.27,-8.79
-6.10,5.62,-8.30
-4.39,6.16,-7.63
-2.87,7.08,-6.10
-6.96,8.18,-6.29
-6.90,9.03,-5.74
-2.81,10.19,-4.46
-2.81,12.76,-3.36
-4.76,15.14,-3.23
-6.90,16.91,-3.23
-9.95,19.47,-3.66
-12.39,21.48,-6.10
-13.06,24.84,-12.15
-12.88,27.22,-17.58
-11.78,29.72,-20.87
-13.61,34.91,-19.78
-14.16,40.83,-15.87
-14.10,46.14,-13.31
-13.37,49.80,-13.43
-12.57,52.00,-14.89
-11.78,53.34,-15.50
-10.74,54.57,-14.89
-8.73,54.38,-13.37
-6.96,52.37,-11.90
-5.00,49.07,-11.23
-3.60,45.29,-10.86
-2.14,41.02,-10.25
0.37,36.01,-8.61
1.53,29.79,-6.41
0.55,23.50,-4.82
-1.34,18.80,-4.70
-1.65,14.40,-5.13
-1.71,9.46,-5.07
-1.16,4.52,-5.55
-1.04,0.55,-6.65
-1.04,-1.89,-7.57
-1.04,-3.30,-7.39
-0.67,-4.03,-5.98
















-,-,-
-10.50,-2.38,-8.12
-11.05,-0.18,-7.51
-10.19,0.85,-6.47
-10.25,-0.79,-5.98
-9.40,-3.91,-5.19
-7.93,-5.68,-4.94
-6.35,-6.23,-5.00
-5.43,-5.98,-4.82
-5.98,-5.49,-4.39
-6.35,-4.03,-4.09
-6.04,-2.38,-3.48
-6.29,-1.28,-2.69
-6.84,-0.37,-2.20
-6.53,-1.53,-1.89
-6.59,-2.81,-2.32
-6.29,-3.23,-2.69
-5.92,-3.05,-2.50
-5.98,-2.26,-1.53
-5.74,-1.77,-0.85
-5.19,-1.83,-1.04
-4.52,-2.26,-1.65
-4.33,-2.87,-1.95
-4.82,-2.44,-1.77
-5.80,-1.16,-1.34
-6.23,0.49,-1.16
-6.41,1.40,-1.59
-6.53,2.01,-2.44
-5.55,2.38,-2.81
-5.00,2.32,-1.95
-4.94,2.56,-0.98
-5.19,2.75,0.12
-5.00,2.14,0.31
-4.94,0.43,0.55
-5.43,-0.18,0.37
-5.62,0.06,0.18
-5.98,0.67,0.12
-6.29,1.40,0.06
-6.35,2.38,0.12
-5.49,2.50,0.37
-4.33,-0.06,0.98
-3.97,-2.08,0.85
-3.72,-2.14,0.67
-3.60,-1.04,0.37
-3.97,0.67,-0.12
-4.70,2.75,-0.92
-5.43,4.15,-1.95
-5.49,4.15,-2.56
-4.58,2.50,-2.50
-3.05,0.92,-1.71
-1.83,-0.79,-0.37
-2.20,-1.59,0.31
-2.87,-0.85,0.12
-3.60,-0.49,-0.24
-3.60,-1.40,0.06
-3.60,-3.23,0.92
-5.68,-3.05,1.40
-4.52,-7.63,3.42
-2.38,-21.79,5.62
-2.38,-38.15,6.90
-4.58,-49.56,6.71
-11.05,-38.51,5.55
-16.30,-17.46,3.23
-13.79,-17.82,1.71
-14.40,-17.33,0.67
-6.71,-7.20,5.00
4.88,3.85,12.76
21.97,5.37,20.87
39.98,2.20,23.68
60.67,-8.06,20.75
72.75,-15.44,15.32
83.80,-25.88,7.57
88.07,-30.15,-2.20
92.10,-33.26,-11.66
96.19,-38.15,-22.22
84.78,-37.90,-15.99
61.71,-29.11,-10.68
47.30,-26.00,-3.23
37.84,-14.16,-5.37
30.58,-4.58,1.04
17.58,-4.03,3.66
9.09,-6.53,-0.37
4.03,-9.28,-1.53
1.71,-11.23,-1.34
1.16,-11.47,-0.92
-0.06,-8.79,0.06
-1.10,-4.94,0.31
-3.54,-1.77,-0.79
-6.65,0.31,-2.69
-9.52,0.79,-4.58
-12.63,-0.61,-7.63
-18.68,-3.42,-12.27
-25.82,-6.84,-18.19
-29.42,-8.54,-25.09
-31.56,-5.19,-35.64
-33.20,5.43,-57.98
-32.84,19.23,-81.24
-33.02,34.79,-88.13
-31.92,49.56,-86.91
-28.14,58.11,-87.04
-24.29,57.07,-89.60
-21.79,48.71,-93.87
-19.59,35.34,-96.50
-11.90,18.98,-92.53
-6.23,2.69,-82.89
-1.53,-12.39,-68.48
2.08,-28.50,-53.10
2.87,-44.68,-40.10
1.16,-59.33,-29.30
-1.46,-71.23,-19.17
-6.77,-65.61,-9.22
-14.65,-18.98,-8.61
-15.63,-3.54,-10.62
-10.07,-10.07,-7.14
-4.09,-18.01,-1.65
1.65,-15.99,-1.89
-0.49,-7.39,4.39
-27.34,-1.40,21.67
-13.73,2.87,42.24
-8.18,5.00,58.17
-3.72,5.07,68.97
22.40,7.87,89.72
34.24,7.81,131.16
37.54,10.99,159.67
43.33,19.65,163.51
56.70,17.40,168.03
59.81,13.79,175.42
58.78,8.42,179.93
54.26,1.46,180.60
51.51,-6.35,178.71
47.61,-11.05,177.25
42.72,-12.33,168.15
38.27,-16.11,155.15
33.02,-14.77,137.21
27.28,-14.04,116.64
29.11,-18.13,103.82
24.05,-21.79,94.48
17.27,-19.47,75.38
21.06,-18.31,65.49
14.10,-16.05,59.81
14.10,-14.77,51.64
10.25,-9.83,44.68
7.87,-4.76,36.44
4.33,-3.54,24.60
3.23,-0.06,14.22
5.07,0.67,11.78
2.56,0.98,9.22
1.95,2.81,3.78
0.85,3.30,1.89
-1.89,2.99,1.28
-5.00,2.69,-0.55
-7.45,2.56,-2.50
-9.09,2.69,-3.54
-10.19,3.30,-3.85
-10.80,4.33,-4.27
-11.72,5.19,-4.76
-12.57,6.53,-6.23
-14.59,8.67,-9.52
-14.65,9.70,-10.50
-17.33,13.98,-11.17
-22.46,20.02,-13.85
-28.20,34.18,-23.50
-30.82,50.23,-32.10
-32.84,64.09,-35.71
-33.08,76.84,-38.21
-31.07,87.40,-41.50
-27.10,93.44,-43.82
-24.11,97.84,-44.13
-23.38,105.47,-42.42
-17.76,111.02,-38.33
-14.40,109.37,-31.98
-16.60,105.22,-24.78
-18.55,102.11,-18.62
-20.08,100.89,-13.73
-24.17,100.52,-10.68
-28.81,99.79,-9.40
-32.59,98.82,-11.17
-35.34,96.56,-14.34
-38.70,90.33,-15.01
-37.66,80.99,-11.47
-34.73,69.40,-4.39
