-,-,-
1.89,-0.31,1.77
2.08,0.67,2.87
2.08,1.59,3.42
2.81,2.20,3.48
3.17,2.14,2.75
3.60,2.38,0.98
4.39,4.21,-1.04
5.55,5.98,-2.50
6.35,7.45,-3.36
6.23,7.93,-3.60
6.23,7.57,-3.30
6.41,6.29,-1.89
6.04,3.60,0.49
4.82,1.04,3.11
2.56,-0.49,4.46
0.92,0.00,4.21
-1.04,0.06,2.81
-1.46,0.79,0.92
-2.50,0.79,-0.85
-3.48,0.79,-1.95
-2.75,2.26,-2.87
-3.23,2.69,-3.11
-4.39,2.99,-2.20
-5.49,3.36,-0.79
-5.86,3.36,0.12
-6.23,2.75,0.98
-5.43,1.34,0.85
-5.37,0.06,0.24
-6.04,0.24,0.73
-6.90,0.92,2.62
-7.39,0.85,4.39
-6.35,-1.83,6.35
-4.76,-9.22,8.91
-5.13,-20.63,12.02
-5.37,-15.50,-0.18
-1.53,-11.96,-4.03
4.82,-12.82,0.18
9.83,-12.70,2.93
14.95,-7.45,4.39
30.52,-0.79,5.55
45.59,-1.83,8.67
58.11,-13.92,9.40
71.47,-30.76,7.39
82.95,-43.76,6.71
99.00,-54.32,6.96
115.17,-57.01,7.39
127.20,-57.56,15.26
137.33,-56.03,19.90
137.02,-52.67,18.98
125.31,-47.85,17.70
108.22,-38.64,15.14
81.97,-25.57,11.78
52.61,-5.98,17.46
27.77,6.04,14.77
10.93,9.09,6.65
-0.49,-0.67,2.87
-10.07,-5.00,0.67
-17.76,-2.56,-1.53
-21.12,4.64,-2.87
-22.28,13.49,-3.48
-23.25,23.25,-4.46
-26.98,34.73,-8.97
-32.65,38.57,-26.67
-36.19,36.07,-56.88
-39.73,33.51,-83.01
-40.41,36.01,-99.67
-29.85,39.92,-108.22
-15.75,33.39,-107.79
-8.97,16.66,-97.84
-3.66,-1.71,-81.30
-2.01,-20.69,-57.25
-2.38,-36.07,-28.81
-2.69,-49.01,-2.44
-4.82,-58.04,15.08
-9.09,-40.89,-1.53
-0.98,-23.44,-15.50
5.55,-22.83,-5.37
-6.53,-21.61,0.24
-9.52,-14.89,0.61
-1.53,-9.46,4.64
4.21,-6.35,20.39
5.98,-5.19,44.01
10.93,-0.61,57.01
21.00,8.42,91.00
29.85,16.97,121.03
39.86,21.48,139.22
45.41,23.07,155.03
51.21,26.00,166.75
55.66,26.92,184.51
56.27,18.37,202.82
55.79,8.97,217.22
54.69,-1.65,210.45
48.22,-11.60,195.62
42.72,-11.78,165.47
33.81,-6.35,134.83
23.13,-1.65,110.29
13.79,1.40,88.87
5.13,3.54,68.42
0.92,7.87,41.44
1.46,13.37,13.61
1.10,18.92,0.85
-9.89,24.48,-22.83
-13.55,31.80,-78.12
-7.20,38.57,-137.70
-10.62,50.35,-184.88
-15.87,60.61,-219.12
-20.32,62.81,-245.48
-23.50,53.77,-266.60
-30.15,41.20,-278.99
-36.13,27.71,-276.98
-42.36,12.45,-251.34
-41.81,-2.99,-206.85
-46.45,-19.35,-159.97
-61.95,-37.35,-122.99
-67.32,-50.84,-97.53
-67.44,-60.79,-76.90
-64.03,-68.60,-57.86
-64.45,-71.84,-37.41
-61.77,-71.17,-14.59
-52.06,-51.33,-12.82
-19.35,-31.01,-30.88
6.47,-24.48,-18.68
13.24,-17.88,-2.01
16.30,-14.40,5.31
17.88,-10.62,3.36
22.95,-14.71,4.09
23.56,-21.24,16.78
18.55,-21.12,41.56
23.19,-25.15,70.56
22.40,-16.36,96.80
31.49,-14.34,115.42
35.83,-10.68,134.22
42.91,-3.17,144.04
53.22,0.37,150.82
60.30,4.76,157.65
62.32,7.93,168.09
61.71,3.42,172.61
57.25,2.50,177.55
48.03,0.92,174.74
40.22,1.22,170.17
34.61,2.56,170.47
30.21,-1.53,169.56
27.40,-6.90,160.64
27.28,-13.79,143.01
26.25,-12.63,120.36
26.61,-10.93,107.85
24.23,-13.98,103.76
18.98,-16.05,96.44
18.25,-17.21,90.45
15.87,-20.39,92.29
11.17,-22.58,84.59
9.46,-25.94,74.10
11.60,-24.78,65.67
11.60,-21.79,59.69
10.07,-22.16,49.68
10.74,-18.07,36.87
11.84,-9.89,33.51
11.17,-12.21,39.25
9.46,-10.50,31.37
10.62,-7.63,19.41
8.24,-6.65,18.62
5.07,-4.52,7.02
4.94,-1.71,-0.55
5.62,0.00,-0.43
5.07,1.65,2.56
4.03,2.87,4.15
4.21,3.72,4.52
4.76,3.54,4.82
4.15,2.69,4.82
2.99,1.34,3.60
2.69,0.24,2.32
2.50,-0.67,1.71
2.14,-0.85,0.43
2.26,-0.67,-0.37
2.14,-0.18,-0.55
1.28,0.55,-0.98
0.92,1.34,-1.22
0.73,1.46,-0.43
0.92,1.40,0.06
1.53,1.22,0.49















-,-,-
2.01,-1.83,0.92
2.14,-1.89,0.92
2.44,-2.08,1.16
3.42,-2.26,1.59
4.88,-2.50,1.59
6.23,-3.11,1.83
7.87,-3.78,1.95
8.54,-4.27,2.62
7.20,-4.70,2.69
5.07,-4.82,1.59
3.60,-4.33,0.49
2.87,-3.23,0.31
2.99,-2.32,0.37
1.77,-1.59,0.67
2.44,-1.46,0.85
2.93,-1.53,0.31
3.05,-1.83,0.43
3.54,-2.38,1.10
3.42,-2.81,1.34
3.05,-3.05,1.10
2.75,-3.60,0.92
2.32,-4.21,0.92
2.44,-4.15,0.92
1.59,-4.03,1.28
1.89,-3.42,1.40
3.48,-2.69,1.16
5.49,-1.95,1.46
8.36,-1.28,2.14
12.33,-0.73,2.99
15.63,-0.73,4.15
17.33,-2.62,5.19
19.04,-5.49,5.74
19.65,-14.89,6.71
19.47,-12.39,5.62
21.48,-14.89,6.84
26.12,-16.05,7.51
34.12,-23.13,13.06
41.87,-28.26,19.47
53.71,-30.88,26.73
70.19,-38.15,32.96
86.79,-47.06,31.13
99.06,-53.47,26.31
104.31,-57.68,16.05
96.31,-54.87,10.38
75.56,-41.38,12.27
54.38,-32.04,13.73
35.10,-12.82,10.44
21.42,-1.40,11.35
7.75,3.30,7.32
-3.54,1.34,1.95
-10.93,-0.67,-0.73
-14.53,3.60,-1.10
-17.88,15.50,-1.28
-20.87,35.58,-6.41
-21.73,49.68,-12.21
-21.91,52.19,-30.40
-17.15,47.97,-55.11
-15.32,39.43,-76.42
-15.87,39.00,-93.63
-15.01,39.98,-105.65
-13.37,38.76,-114.32
-12.21,30.94,-118.23
-12.02,17.82,-115.72
-10.13,2.69,-107.18
-4.52,-12.82,-94.42
-1.28,-28.14,-78.25
-0.37,-44.37,-58.29
2.93,-62.50,-38.09
-3.54,-73.91,-21.73
-11.41,-67.26,-6.65
-14.71,-39.18,-11.29
-3.66,-22.34,-10.50
10.74,-18.86,-2.20
6.23,-20.87,1.28
8.61,-15.99,6.59
12.94,-12.88,23.07
9.46,-10.01,41.50
7.93,-9.34,68.05
6.10,-0.12,104.37
10.62,8.91,143.74
14.10,17.09,181.03
16.78,20.57,202.88
22.71,21.91,218.75
25.45,24.41,233.83
30.21,20.51,246.77
38.64,13.92,264.47
39.55,2.75,280.70
37.90,-10.25,275.51
38.27,-17.21,250.12
32.29,-25.76,210.14
23.99,-28.08,164.67
18.74,-26.49,127.20
9.03,-20.63,94.30
11.54,-21.42,76.11
-0.49,-9.52,49.32
-0.92,6.29,21.18
4.09,16.36,8.79
1.53,22.89,-6.10
-1.71,29.66,-38.45
-0.98,45.53,-86.00
4.46,68.36,-131.59
5.86,84.53,-164.86
4.88,90.70,-188.90
6.53,89.17,-206.48
9.40,82.58,-217.96
13.12,72.45,-223.63
20.94,58.11,-224.61
31.80,39.86,-221.01
30.03,20.45,-213.68
32.23,0.18,-203.31
21.30,-17.70,-185.24
-3.30,-28.14,-159.12
-27.10,-30.21,-131.59
-45.72,-28.20,-109.19
-52.55,-33.94,-96.80
-42.72,-35.83,-91.13
-33.63,-41.32,-83.62
-20.26,-50.66,-77.27
-12.76,-59.63,-67.93
-9.83,-68.42,-52.31
-17.15,-68.36,-34.30
-35.71,-42.60,-33.08
-27.28,-23.80,-35.64
-2.62,-19.41,-23.93
3.05,-21.42,-10.07
-1.46,-23.74,-3.72
0.00,-20.08,-2.08
7.63,-17.76,14.04
2.62,-20.81,41.81
2.62,-16.54,75.56
3.23,-9.70,113.40
18.07,-3.48,147.89
29.66,3.78,181.03
35.28,6.96,208.19
35.03,12.15,225.59
39.92,11.47,239.50
42.24,8.42,254.76
41.38,1.10,265.20
41.81,-7.57,272.46
47.49,-17.76,269.10
43.52,-25.70,252.99
49.32,-37.78,225.89
43.27,-44.68,185.91
30.76,-47.24,141.42
42.79,-45.72,112.00
30.70,-55.30,96.25
13.43,-58.35,93.02
4.76,-50.84,90.33
2.14,-38.27,82.21
5.68,-34.36,74.28
3.60,-29.48,56.88
-1.40,-20.75,31.07
0.98,-12.02,11.41
3.17,-7.45,2.81
5.92,-4.52,-2.81
6.96,-4.39,-4.09
7.45,-3.54,-6.65
1.34,-1.04,-7.08
1.34,1.59,-6.16
2.20,3.17,-4.15
2.01,3.91,-1.65
1.77,4.03,-0.61
2.20,2.20,-0.79
1.65,0.43,0.61
3.72,1.34,-0.12
3.48,-1.10,-1.95
3.05,-2.75,-2.69
4.70,-2.20,-2.01
4.94,-2.20,-0.06
4.27,-1.71,1.28
4.03,-0.31,0.31
5.49,1.16,-1.34
5.13,0.31,-1.53
3.48,-1.65,-0.67
4.27,-0.49,0.18
4.88,0.37,1.22
6.53,2.44,0.98
5.74,1.46,2.01
7.02,1.71,2.69
7.63,3.30,4.39















-,-,-
0.12,1.83,2.75
-0.31,1.34,3.60
-1.40,0.06,4.58
-2.99,-0.49,5.00
-4.09,-0.06,4.88
-5.25,0.67,4.94
-5.92,1.22,4.94
-6.29,1.40,5.43
-7.14,1.59,6.04
-8.91,1.59,6.47
-10.25,2.14,6.41
-10.68,3.11,5.25
-10.31,4.21,3.60
-9.64,5.43,2.20
-8.48,5.00,2.01
-7.08,4.21,2.20
-5.13,3.42,2.81
-4.09,2.44,3.66
-2.81,3.05,4.27
-1.65,4.15,4.58
-0.43,5.07,4.21
0.85,5.19,3.72
1.40,4.88,3.66
1.40,4.27,3.54
0.67,4.21,3.30
-0.43,4.33,2.81
-1.83,4.21,2.32
-2.99,4.21,2.56
-3.48,4.09,3.11
-3.60,3.85,3.48
-3.66,3.60,3.78
-3.48,3.42,3.91
-3.85,2.99,3.23
-4.09,4.15,0.49
-1.16,5.25,-0.12
-1.71,1.10,1.65
-4.58,0.73,3.91
-5.37,2.01,5.68
-6.96,2.50,5.86
-9.16,1.89,4.88
-9.28,-0.43,4.64
-9.58,-3.54,6.35
-10.19,-6.71,9.83
-9.89,-11.41,14.89
-9.16,-17.94,20.87
-8.24,-25.76,26.73
-6.23,-26.73,23.80
-11.60,-11.17,3.91
-2.50,-9.52,-1.71
5.74,-9.46,0.85
9.58,-6.77,6.04
18.31,-4.58,10.62
35.34,-11.66,8.61
46.75,-14.16,6.65
57.98,-22.40,10.31
65.25,-27.89,11.90
75.81,-26.92,15.20
92.59,-30.52,16.54
106.81,-37.41,19.35
115.05,-44.43,19.84
118.53,-50.78,17.40
113.59,-50.29,10.13
104.06,-41.44,5.07
89.48,-30.46,11.29
69.89,-17.03,11.05
49.44,-9.03,8.48
26.86,-2.44,8.97
9.09,-0.85,1.77
-2.93,-5.43,-2.56
-12.08,-11.66,-4.70
-17.94,-12.94,-5.98
-19.71,-7.87,-5.98
-18.92,1.10,-5.07
-18.68,10.99,-4.21
-19.84,19.41,-5.49
-22.03,24.11,-11.41
-25.70,25.57,-24.48
-27.77,28.14,-50.60
-28.02,35.89,-73.67
-29.24,42.72,-88.50
-26.92,47.55,-99.79
-21.67,41.56,-108.34
-13.73,28.93,-111.94
-8.00,13.12,-107.54
-5.62,-4.64,-97.66
-1.59,-18.86,-82.95
-0.06,-32.41,-61.89
-4.21,-43.64,-37.35
-11.66,-51.21,-11.78
-14.53,-56.76,12.02
-17.64,-55.66,26.98
-28.99,-27.71,5.74
-18.13,-21.36,-2.87
-9.52,-14.95,-1.59
-11.66,-12.63,5.43
-6.04,-8.54,12.21
1.89,0.49,26.67
6.29,5.07,47.97
10.13,4.94,70.62
11.78,9.28,96.37
17.64,16.36,120.42
25.82,22.22,145.26
30.27,31.01,176.15
30.33,33.87,209.35
27.22,32.65,233.52
25.45,29.17,245.73
23.01,19.59,245.97
19.96,9.58,237.00
26.86,3.48,225.89
42.18,-1.71,212.28
29.91,-9.28,182.80
20.20,-9.70,141.78
12.76,-8.67,102.17
7.75,-3.72,66.35
11.23,-0.06,44.37
5.98,5.98,23.19
17.88,4.82,12.57
18.07,6.47,-0.85
12.27,9.70,-35.77
12.94,20.57,-84.11
8.85,31.37,-124.76
6.96,38.82,-154.42
4.21,44.98,-178.47
-0.85,44.98,-201.97
-4.46,42.36,-223.45
-8.06,39.37,-239.26
-12.57,33.81,-242.55
-10.19,24.11,-232.91
-6.71,12.57,-213.32
-5.43,0.24,-188.29
-11.96,-11.23,-162.11
-14.34,-23.01,-136.11
-15.50,-31.13,-113.83
-17.70,-35.89,-95.58
-23.07,-44.25,-80.69
-22.77,-53.83,-65.31
-21.36,-61.16,-42.42
-17.70,-67.50,-15.20
-11.60,-68.66,12.15
-9.34,-54.81,26.92
-13.79,-30.64,9.22
1.53,-25.09,-0.18
0.24,-23.68,4.52
-2.87,-26.00,27.83
4.21,-24.29,58.41
14.71,-12.27,87.40
30.64,-5.31,119.51
40.53,-1.83,147.71
51.70,2.32,177.55
59.88,1.95,202.03
59.57,2.56,219.42
55.85,0.49,233.64
50.29,0.49,241.21
45.10,2.32,233.28
42.72,0.61,212.40
44.68,-3.23,191.28
36.38,-8.67,167.42
28.93,-14.89,146.00
20.69,-16.97,126.46
13.73,-17.64,105.71
9.28,-21.48,85.63
7.39,-19.41,69.95
4.58,-14.28,54.08
7.87,-14.04,46.88
5.55,-9.52,35.28
38.88,-11.05,39.31
20.45,-14.16,46.26
9.34,-6.41,32.90
10.86,-4.27,23.19
8.48,-4.70,13.24
6.23,-3.91,2.75
5.74,-2.75,1.04
6.77,-1.65,1.77
7.26,-1.04,2.93
8.00,-0.49,2.93
7.87,-0.43,2.75
6.71,0.37,2.50
5.00,1.16,1.40
3.54,1.65,0.06
2.87,2.14,-0.12















-,-,-
-0.61,-2.62,8.36
-1.28,-2.14,8.67
-1.71,-2.32,8.67
-1.40,-2.81,8.42
-0.92,-3.54,8.24
-0.37,-3.97,7.39
0.12,-2.81,5.86
1.16,-0.92,3.66
2.75,1.40,1.04
4.27,3.42,-1.65
5.19,5.55,-3.36
4.82,7.57,-4.46
4.46,8.85,-5.62
5.19,9.64,-7.45
5.80,9.46,-8.61
5.74,8.54,-8.06
6.10,7.45,-6.96
6.41,6.47,-5.62
6.84,5.74,-4.70
6.04,4.52,-3.85
4.64,3.11,-2.87
2.99,3.30,-2.20
1.16,3.60,-1.71
0.06,3.11,-1.28
-0.79,2.01,-0.73
-0.79,0.98,0.00
-0.79,0.12,0.98
-1.22,-0.18,1.89
-1.95,0.79,2.32
-2.62,1.89,2.62
-3.66,2.56,2.93
-5.25,2.69,4.21
-5.55,1.04,6.65
-4.70,-3.36,9.77
-3.97,-10.74,14.22
-5.07,-20.14,20.87
-7.08,-28.99,28.87
-10.19,-29.36,24.05
-15.01,-20.75,-0.24
-4.15,-23.93,1.83
-3.11,-24.05,9.89
1.83,-16.05,9.70
19.29,-6.16,7.45
43.27,0.43,9.83
70.86,-5.74,18.80
93.69,-18.62,32.47
112.12,-37.78,37.72
122.68,-47.49,40.65
139.28,-48.34,54.32
174.99,-44.01,69.34
163.33,-36.93,70.56
162.23,-37.90,65.06
137.57,-35.95,54.50
102.54,-25.51,46.39
71.66,-12.82,30.94
44.43,2.08,18.55
27.28,9.46,12.94
15.69,5.37,10.80
8.48,-6.59,7.93
1.83,-13.98,7.20
-4.09,-13.55,6.16
-8.97,-6.35,3.97
-11.90,4.03,0.67
-15.44,15.69,-3.91
-19.35,28.63,-12.15
-21.18,38.21,-19.41
-21.12,36.56,-26.92
-20.02,28.20,-42.66
-20.87,25.57,-60.42
-20.87,28.93,-80.57
-20.81,29.72,-100.10
-21.67,25.94,-116.82
-19.29,21.30,-126.46
-19.04,13.79,-125.00
-19.17,6.41,-114.69
-18.98,-2.01,-101.01
-17.46,-15.08,-88.68
-15.14,-29.17,-80.63
-2.62,-40.28,-71.72
-11.54,-47.18,-55.24
-29.60,-46.88,-31.01
-36.87,-46.94,-1.59
-38.09,-48.52,25.82
-35.46,-48.83,39.37
-22.89,-28.32,-1.10
-9.16,-29.60,-11.66
-5.43,-18.01,3.48
-11.23,-11.84,11.29
-11.60,-5.55,7.26
-9.40,2.14,14.77
-13.06,13.49,42.36
-9.03,23.25,74.83
2.99,32.65,109.50
14.47,38.70,140.81
31.31,47.00,164.98
49.13,62.26,186.40
60.85,67.99,208.50
62.50,71.96,234.01
61.65,71.11,255.13
61.89,62.38,264.47
51.94,55.60,256.04
44.92,47.24,231.45
39.55,35.58,195.31
26.67,23.93,148.99
19.53,6.59,104.37
13.18,-0.18,74.58
1.34,4.46,52.49
-1.10,5.92,32.04
-2.93,10.99,12.57
-2.56,16.36,4.15
-3.72,17.15,-5.43
-8.42,10.50,-46.14
-6.65,4.15,-109.31
-5.68,6.53,-163.51
-9.70,13.06,-196.84
-13.61,14.53,-218.02
-18.80,6.59,-234.19
-15.26,-3.54,-247.31
-8.06,-20.08,-252.99
2.56,-36.93,-250.06
16.05,-49.87,-237.98
9.16,-58.78,-218.02
6.16,-69.15,-199.77
0.18,-71.47,-182.98
-8.67,-73.18,-161.44
-19.23,-69.58,-138.61
-29.79,-60.73,-112.61
-32.23,-53.34,-79.90
-31.37,-50.42,-42.11
-28.14,-52.86,-10.01
-20.02,-58.47,13.98
-9.28,-63.11,34.73
-3.72,-66.59,51.88
2.44,-52.25,21.79
12.63,-40.28,-5.31
14.65,-24.96,1.22
3.23,-23.68,8.24
-10.80,-26.43,24.96
-14.71,-21.30,54.38
-19.04,-5.49,89.90
-22.52,9.95,120.61
-15.08,25.70,142.40
1.53,36.93,161.62
18.01,38.02,182.50
31.31,46.57,197.14
50.05,49.80,204.22
60.91,50.23,214.97
57.74,53.53,218.93
54.14,57.68,218.57
49.26,60.73,218.26
35.89,59.02,207.52
29.05,50.90,189.27
22.89,39.00,168.82
14.71,23.19,141.54
9.58,10.25,112.73
6.71,4.21,81.67
6.77,2.99,57.37
6.04,-2.26,40.16
2.08,-5.19,25.39
0.55,-3.36,23.50
-2.50,-3.36,19.41
-0.67,-4.21,8.12
0.18,-3.30,7.63
0.67,-1.28,10.93
1.28,0.55,12.15
3.42,2.14,11.23
4.21,3.60,10.19
2.87,4.76,8.67
1.34,5.25,5.98
0.79,4.64,3.42
1.65,4.27,1.40
2.75,3.54,0.00
3.30,2.08,-1.28
4.03,0.67,-2.32
4.46,-0.37,-3.48
3.97,-1.22,-3.91
3.36,-1.71,-3.97
3.23,-1.59,-3.66
3.42,-1.10,-2.75
2.99,-1.28,-2.01















-,-,-
-1.04,2.01,0.00
-1.22,3.72,-0.55
-1.22,2.62,-0.24
-1.04,1.59,-0.85
-1.28,2.32,-1.89
-0.79,1.34,-1.34
-0.24,0.18,-0.55
-0.31,-0.31,-0.18
-0.37,-0.31,-0.31
-0.06,-0.49,-0.98
0.73,-0.18,-2.26
0.85,0.67,-3.48
0.49,1.46,-4.46
0.37,2.62,-5.25
-0.18,3.78,-5.92
-0.73,4.58,-5.98
-0.79,5.00,-5.13
-0.24,4.76,-4.39
0.00,3.91,-3.66
0.06,3.36,-2.56
1.22,2.50,-1.04
-1.28,2.69,0.37
-3.42,3.97,-0.18
-3.85,6.29,-1.83
-4.88,5.98,-2.01
-6.23,4.46,-1.59
-9.09,3.78,-1.53
-12.82,3.72,-0.73
-16.24,3.72,0.49
-17.33,4.27,2.20
-13.98,5.00,4.88
-16.85,2.38,10.01
-14.83,-5.37,15.44
-9.77,-14.89,21.30
-12.70,-25.51,26.98
-11.17,-40.71,33.75
-10.31,-52.61,36.38
-7.39,-39.18,10.62
-4.15,-33.45,5.19
-1.89,-28.20,11.66
0.18,-24.35,13.37
2.81,-17.33,9.89
8.12,-9.09,8.30
18.13,-2.14,8.61
34.73,-3.54,13.98
54.93,-21.48,25.51
68.54,-34.97,36.74
83.74,-42.48,40.77
98.33,-45.72,41.75
111.33,-50.17,35.40
120.30,-51.57,36.01
120.73,-49.50,42.42
114.14,-42.91,44.62
101.93,-31.19,39.92
87.77,-20.51,35.89
68.24,-7.02,35.89
53.04,5.62,30.03
40.34,9.46,22.52
25.94,11.47,16.36
13.12,6.90,12.02
4.03,-1.10,8.00
-3.42,-5.55,5.86
-10.07,-4.58,5.00
-16.72,1.40,3.23
-21.97,12.21,0.06
-26.49,29.24,-7.02
-29.60,49.93,-18.43
-32.59,63.90,-26.37
-31.19,65.92,-46.26
-24.84,59.33,-76.60
-20.32,51.94,-103.15
-18.55,47.24,-119.38
-15.38,40.28,-125.37
-4.46,31.56,-122.86
9.89,15.87,-112.98
15.69,-10.62,-94.42
9.89,-36.99,-70.13
-3.66,-53.16,-47.00
-11.96,-60.49,-29.42
-13.37,-63.66,-15.01
-12.02,-65.80,-1.04
-9.64,-73.43,17.88
-14.95,-70.62,36.13
-15.26,-56.52,33.39
-3.48,-43.21,8.30
0.55,-38.39,9.89
-0.37,-31.49,9.58
3.60,-19.10,1.65
2.62,-6.84,6.10
-7.08,9.09,41.14
-6.77,28.14,78.80
7.87,40.34,113.89
22.03,50.35,146.55
37.96,64.94,176.39
48.71,75.99,199.52
49.62,81.12,217.83
44.74,85.82,237.49
40.65,80.20,251.77
37.23,77.21,241.64
32.84,63.48,220.15
32.71,47.85,195.31
25.57,32.04,164.37
16.54,19.41,127.93
9.46,10.99,94.91
3.23,7.57,69.82
-4.46,12.57,44.19
-5.19,13.06,28.99
-7.39,19.17,23.01
-6.04,23.44,9.64
-3.85,25.45,-9.03
-2.56,24.90,-56.95
5.37,19.23,-114.20
9.34,17.21,-162.66
6.65,16.78,-200.56
3.60,12.02,-230.29
4.39,3.72,-251.22
8.18,-5.49,-259.58
9.22,-19.59,-250.43
12.21,-37.60,-226.14
15.50,-51.94,-191.77
5.55,-60.18,-160.28
0.06,-65.00,-139.53
-5.43,-68.91,-126.89
-6.16,-73.55,-116.03
-7.87,-79.77,-97.47
-16.72,-85.82,-61.77
-26.55,-87.46,-17.94
-35.95,-91.74,21.36
-21.79,-75.20,20.26
-0.85,-53.89,-3.60
4.21,-48.65,2.20
-0.43,-43.76,6.65
5.55,-35.40,3.91
7.57,-30.70,32.53
-7.87,-16.17,78.43
-2.93,-2.50,111.51
3.54,16.36,142.94
13.18,36.87,172.85
22.03,53.96,197.81
29.11,67.93,218.75
35.64,70.43,238.53
38.21,69.58,252.20
38.09,65.67,251.89
36.62,55.97,236.21
30.52,45.23,212.04
22.77,32.59,190.61
13.85,24.84,176.76
6.16,15.99,163.94
2.56,9.16,138.00
7.32,5.74,119.20
5.62,1.28,103.39
0.67,1.77,83.74
-2.62,-1.04,70.37
-5.55,-4.46,65.00
-5.55,-8.85,66.04
-9.70,-10.38,70.07
-11.41,-11.35,49.62
-10.13,-5.74,20.69
-5.37,0.06,5.98
-3.91,5.68,7.69
-1.95,8.85,8.85
-0.61,9.03,8.12
-0.55,7.51,7.39
-0.55,4.70,4.88
-1.53,2.56,1.89
-2.14,1.83,-0.18
-1.59,2.50,-1.53
-0.18,3.91,-2.50
1.53,5.19,-3.36
3.91,6.47,-3.72
5.68,6.77,-3.91
6.04,5.49,-4.09
6.04,3.72,-4.15
5.43,2.26,-4.03
4.82,1.34,-3.72
3.91,1.28,-3.30
2.87,1.65,-2.44
2.01,2.62,-1.28
1.22,4.03,-0.06
0.73,5.00,0.85















-,-,-
-1.95,4.70,-4.27
-1.71,4.39,-4.09
-1.89,4.94,-3.36
-1.77,5.86,-2.44
-1.77,6.10,-1.10
-0.92,5.74,0.55
-0.06,4.03,2.14
0.55,1.71,3.42
1.10,-0.06,4.33
1.10,-1.46,5.37
0.92,-1.77,6.10
0.73,-1.40,6.10
0.92,-0.67,5.49
0.98,-0.18,4.03
0.79,0.67,2.38
0.24,1.77,1.04
0.18,2.93,0.61
0.18,3.66,0.92
0.06,3.91,1.71
0.00,3.54,3.23
0.06,2.01,5.86
0.24,0.00,8.85
0.18,-2.08,12.02
0.37,-4.03,14.71
0.18,-5.43,16.17
0.12,-5.55,14.34
0.37,-2.08,5.43
1.46,-1.40,1.40
3.17,-3.97,5.00
2.01,-5.62,6.65
2.01,-5.43,6.16
1.65,-5.62,5.92
4.52,-4.03,5.86
5.13,-4.15,7.26
8.42,-2.69,8.36
11.35,-3.48,11.35
20.26,-6.10,18.86
27.77,-10.31,30.46
43.64,-17.82,34.85
60.30,-31.86,35.77
71.41,-43.58,39.73
83.86,-52.98,43.33
97.35,-55.79,48.03
112.30,-56.88,55.79
122.92,-56.15,65.92
126.59,-52.61,63.54
118.77,-42.85,53.83
100.40,-36.50,39.79
70.25,-25.39,23.44
40.71,-8.97,15.32
19.17,3.66,10.68
8.48,5.74,8.36
2.01,4.82,2.62
-2.87,0.24,0.92
-8.48,-0.43,1.10
-13.55,3.05,-0.37
-16.60,9.70,-2.44
-17.46,19.10,-5.49
-16.60,27.04,-18.43
-12.15,23.25,-52.67
-4.58,19.10,-84.84
-2.44,21.36,-104.13
-1.95,26.25,-116.46
2.87,30.52,-127.26
4.94,26.55,-131.47
6.23,20.87,-127.99
0.79,7.93,-115.05
-10.62,-4.27,-94.06
-22.40,-18.74,-71.35
-33.69,-34.12,-51.76
-41.08,-47.91,-38.27
-42.11,-57.31,-26.43
-37.11,-64.33,-14.83
-30.76,-67.38,-1.22
-34.30,-58.17,5.31
-27.89,-29.11,-22.22
-1.34,-23.74,-10.86
-9.22,-17.09,4.64
-2.99,-6.59,8.73
9.40,2.62,11.60
18.31,10.38,25.94
22.89,18.74,52.55
28.08,32.47,91.98
35.40,45.78,138.18
35.71,68.85,180.79
43.64,86.61,217.71
44.07,98.02,250.18
38.82,101.44,270.57
33.94,95.70,288.51
27.53,87.34,288.45
22.34,73.85,278.38
18.49,58.04,256.47
24.54,40.16,228.33
26.79,23.01,195.86
27.83,12.70,158.33
17.21,6.90,110.23
9.89,0.79,81.24
1.40,3.60,65.25
-2.69,3.05,53.47
-5.92,8.24,31.68
-3.60,12.63,9.03
-2.26,17.70,-9.64
-3.23,11.35,-45.29
-2.38,11.29,-105.83
-1.83,9.52,-166.20
-1.04,12.27,-211.12
-5.37,11.11,-241.27
-4.21,2.26,-262.70
2.99,-12.63,-275.33
11.05,-31.19,-272.52
13.00,-48.28,-254.76
7.63,-58.29,-229.06
5.80,-67.02,-204.16
2.99,-78.31,-183.17
-11.05,-85.39,-166.20
-17.21,-93.87,-145.87
-28.69,-95.95,-117.61
-41.14,-90.21,-85.33
-49.01,-84.59,-53.71
-37.35,-80.02,-26.79
-21.79,-56.70,-17.03
-4.52,-29.66,-12.63
10.93,-23.93,4.39
5.00,-18.01,13.98
12.02,-8.12,24.11
14.10,-2.32,39.25
13.12,5.43,54.57
11.78,14.77,82.95
17.64,29.05,112.61
28.20,42.42,146.18
32.41,57.56,183.59
38.51,73.91,222.29
40.28,83.80,255.19
42.05,86.55,278.75
37.41,82.46,298.52
35.77,71.11,297.61
32.84,50.17,279.11
28.44,29.30,249.76
23.93,9.95,208.86
19.35,-3.05,165.22
20.87,-5.19,128.91
19.71,-10.25,104.25
14.83,-12.51,84.17
12.82,-10.93,74.22
3.30,-6.47,64.64
2.01,-8.00,61.83
0.67,-7.75,66.16
-2.26,-1.16,62.56
-2.14,3.05,45.72
2.93,-2.99,36.56
1.83,-2.81,22.09
3.48,0.06,9.40
4.70,1.83,6.29
5.86,2.99,8.00
7.93,2.69,7.81
8.79,1.77,5.19
7.02,0.61,1.40
3.91,-0.31,-2.26
2.20,0.67,-4.21
1.10,2.14,-5.19
0.37,3.11,-5.92
0.67,4.64,-6.65
0.67,5.98,-6.96
-1.10,6.71,-8.06
-4.27,6.96,-13.98
-10.07,6.04,-28.02
-10.13,9.58,-40.89
-10.99,15.20,-48.10
-14.22,22.58,-57.31
-10.50,34.42,-69.21
-10.13,48.28,-76.05
-7.45,65.86,-86.61
-4.09,84.90,-103.45
0.18,105.59,-123.11
5.37,124.02,-140.56
11.41,137.21,-153.63
16.05,145.45,-163.09
18.68,147.58,-169.92
19.90,142.33,-171.87
19.65,132.45,-167.72















-,-,-
-4.03,3.23,1.22
-3.42,2.99,1.95
-3.72,3.78,2.38
-4.39,4.27,2.81
-4.58,3.60,2.99
-4.88,3.11,2.50
-5.07,2.99,2.01
-4.94,2.32,1.65
-5.00,1.65,1.83
-5.13,0.79,2.32
-4.46,0.37,2.14
-2.99,0.61,1.95
-1.04,0.85,1.65
0.61,0.49,1.71
2.38,0.92,1.83
3.36,1.34,1.46
4.15,1.40,1.34
4.88,1.40,1.28
5.07,1.59,1.04
5.62,1.89,0.98
6.59,2.44,0.79
6.47,3.30,0.00
6.90,3.60,-0.67
7.20,4.27,-1.10
9.40,7.93,-0.31
7.08,8.54,1.40
6.41,4.52,2.01
2.62,3.11,0.92
0.55,2.62,0.85
-2.08,2.38,3.30
-5.92,5.00,6.71
-11.84,8.54,10.99
-15.38,8.42,14.28
-17.76,6.65,15.93
-16.60,2.69,18.49
-12.94,-5.62,24.17
-9.34,-17.40,32.53
-7.45,-29.48,38.94
-13.43,-23.68,14.95
-10.44,-15.81,-2.87
-0.92,-13.85,3.78
-0.67,-15.20,11.54
8.48,-7.08,10.68
18.19,-0.73,9.09
30.46,0.92,9.95
43.95,-6.59,17.15
59.27,-18.07,24.29
75.13,-27.83,25.94
91.74,-33.51,25.39
105.22,-33.69,30.03
119.20,-37.60,41.02
126.16,-40.77,38.27
126.46,-43.33,32.65
119.14,-43.70,32.41
107.30,-38.09,30.58
91.43,-26.79,29.24
70.19,-13.79,22.46
50.11,-2.93,16.30
31.80,2.62,11.35
16.66,3.91,9.40
2.44,-0.24,7.63
-7.51,-7.14,2.87
-14.40,-9.34,-0.73
-17.88,-4.94,-3.42
-20.32,3.30,-8.36
-26.67,15.63,-21.18
-32.78,26.18,-34.73
-36.38,27.77,-51.03
-39.06,27.22,-73.12
-39.92,27.47,-94.42
-40.59,32.29,-112.43
-35.89,36.93,-123.05
-29.05,35.95,-122.13
-15.14,24.29,-109.50
-8.18,1.65,-84.47
-3.17,-22.28,-53.77
-3.85,-41.69,-24.60
-1.22,-55.73,-3.42
5.00,-61.34,15.50
5.13,-67.57,34.67
1.95,-71.11,52.25
-12.08,-61.40,47.12
-6.84,-37.41,9.28
4.21,-28.20,10.80
1.04,-21.91,21.00
4.94,-7.87,31.68
16.97,6.16,33.26
20.08,21.48,45.96
19.59,40.41,86.43
21.06,57.62,129.15
24.48,72.63,160.89
31.25,83.56,178.71
34.42,86.98,201.23
33.87,83.98,223.21
29.91,79.83,247.31
28.87,72.63,267.09
26.73,63.42,277.89
23.38,46.81,267.82
17.64,30.40,233.83
11.41,16.30,185.00
3.48,4.39,133.30
-1.95,-2.99,98.57
-9.34,0.92,74.10
-11.78,6.77,55.30
-12.57,10.07,38.15
-13.67,12.63,25.51
-13.12,16.66,0.31
-8.06,19.23,-20.39
-3.85,17.70,-57.13
7.51,13.73,-109.80
16.66,15.44,-159.36
19.17,16.42,-198.30
23.86,7.63,-225.59
30.03,-3.54,-243.65
31.74,-18.13,-252.75
31.31,-39.25,-250.67
24.78,-56.76,-240.17
14.59,-73.85,-223.21
10.99,-84.78,-201.48
7.75,-91.06,-173.52
-0.67,-94.24,-140.50
-11.66,-96.80,-101.87
-23.01,-95.89,-60.00
-30.09,-93.08,-22.22
-35.46,-76.05,-9.95
-34.61,-50.96,-20.94
-6.84,-37.29,-11.47
-9.34,-31.13,6.53
-5.98,-28.32,10.50
10.93,-19.29,16.78
24.72,-5.98,40.47
29.97,7.57,72.02
31.43,20.45,110.23
32.90,33.81,145.75
37.54,44.25,170.53
39.67,59.94,189.51
41.14,71.72,210.02
37.96,77.58,231.51
35.64,75.99,245.06
33.87,58.84,248.78
28.14,46.14,242.68
25.70,33.75,230.35
21.61,20.08,219.85
11.11,5.80,206.36
2.81,-11.47,190.92
1.77,-20.69,161.19
0.55,-25.76,129.94
-3.30,-23.13,103.45
-7.63,-18.31,86.43
-8.85,-14.10,71.72
-12.51,-6.35,60.12
-10.50,-4.52,56.76
-9.83,-3.66,52.19
-6.65,-0.98,46.14
-6.41,2.50,37.48
-3.97,7.02,27.04
-1.89,7.02,27.34
-1.77,0.67,24.60
-1.16,0.43,19.84
-2.26,-1.04,14.10
0.06,-0.92,10.74
-1.53,-0.06,10.25
-0.24,-0.18,7.32
0.00,0.73,6.04
0.67,1.83,-0.18
0.92,3.36,-4.33
2.20,4.39,-5.07
2.81,5.13,-5.07
2.44,4.46,-6.53
1.46,2.69,-7.63
1.28,1.53,-7.69
0.18,0.92,-8.06
-1.53,0.24,-8.79
0.49,2.08,-10.50
-5.80,1.59,-12.70
-9.09,4.27,-19.35
-10.56,7.57,-38.51
-9.03,13.85,-59.14
-6.90,21.61,-80.08
-4.64,27.71,-97.11















-,-,-
4.46,0.61,0.67
3.91,1.10,1.22
2.26,-0.18,2.20
2.56,-1.28,2.44
5.49,0.31,1.77
5.25,0.31,2.01
3.36,-2.75,2.20
3.60,-3.66,1.65
5.74,-1.40,0.55
5.68,0.00,0.12
4.09,0.49,-0.06
3.17,3.05,0.24
-0.31,1.40,1.28
-2.62,-0.73,1.46
-1.95,0.06,0.92
-2.93,0.18,0.92
-3.97,0.31,0.85
-2.93,2.44,-0.06
-5.62,1.95,-0.06
-10.31,-0.31,-0.24
-11.96,1.71,-1.65
-13.55,3.11,-2.81
-14.59,3.91,-3.78
-15.20,7.14,-5.13
-15.50,10.31,-6.04
-15.50,9.77,-5.43
-14.95,6.71,-4.58
-13.92,2.62,-4.09
-11.90,-0.43,-3.66
-10.68,-1.77,-2.93
-10.38,-2.56,-2.20
-8.36,-3.36,-1.10
-5.49,-4.94,0.00
-3.91,-5.86,1.04
-2.44,-7.20,2.62
-1.10,-8.30,4.03
-0.18,-8.18,5.25
0.49,-7.02,6.59
1.04,-6.47,7.57
0.79,-6.41,7.51
-1.10,-6.35,6.35
-2.69,-5.98,4.64
-4.03,-4.46,2.99
-5.31,-2.56,1.04
-5.86,-1.40,-1.10
-7.51,-0.24,-3.36
-7.81,0.61,-4.27
-7.45,0.98,-4.03
-6.65,-0.06,-3.05
-7.45,-1.83,-1.95
-8.42,-4.09,-0.92
-10.07,-6.77,1.46
-12.39,-9.89,6.10
-13.61,-14.83,14.65
-13.18,-23.68,26.92
-13.61,-35.03,40.22
-13.31,-38.27,32.35
-17.82,-33.51,1.34
-13.24,-21.55,1.10
-9.52,-19.47,10.80
-0.79,-18.74,14.65
7.45,-9.58,15.44
24.05,-0.67,16.54
45.41,4.52,21.24
72.14,-6.29,29.60
89.84,-21.30,35.22
101.56,-31.92,37.84
116.58,-41.75,37.35
127.93,-47.61,40.53
131.10,-47.36,42.05
132.57,-44.25,50.23
132.81,-38.94,54.38
128.54,-28.81,61.34
118.59,-20.20,61.34
99.55,-12.82,49.01
75.07,-7.81,34.42
48.77,-2.32,25.63
25.94,7.14,16.42
11.23,5.25,7.93
1.71,-6.59,6.71
-6.65,-14.10,6.59
-11.05,-12.76,3.48
-14.16,-3.85,-1.89
-17.88,12.33,-11.11
-21.06,29.30,-19.96
-23.13,37.84,-28.50
-25.76,41.14,-45.47
-22.34,37.23,-67.08
-23.13,32.23,-86.30
-24.78,30.46,-101.01
-25.02,31.62,-110.23
-18.13,35.46,-111.82
-10.50,31.86,-102.17
-8.36,16.97,-81.05
-5.43,1.04,-52.80
-5.55,-17.03,-21.42
-5.13,-33.02,6.53
-3.97,-44.74,30.21
-0.98,-53.41,48.16
-1.53,-57.25,56.64
9.34,-42.97,19.29
4.03,-35.83,5.07
6.23,-28.38,12.21
0.79,-23.86,13.12
-2.14,-9.70,17.27
-4.70,13.37,40.77
-5.31,37.84,74.71
3.54,59.63,110.53
22.64,71.23,133.12
44.56,75.81,158.87
57.98,78.55,185.79
58.17,83.68,205.87
57.25,80.32,228.15
47.06,78.00,240.11
39.31,66.53,234.44
27.83,50.48,213.44
17.27,36.07,179.26
9.52,22.58,145.51
4.58,12.15,117.49
0.61,10.62,95.95
-2.50,6.47,73.55
-5.49,8.91,56.15
-7.93,12.39,47.67
-10.44,22.40,40.65
-13.61,28.20,30.03
-13.79,29.36,1.04
-8.85,26.25,-37.11
-2.81,17.58,-90.64
8.97,10.44,-150.94
12.76,6.10,-200.93
9.83,0.31,-239.56
8.00,-10.80,-266.60
19.10,-28.93,-279.91
23.01,-55.24,-275.51
15.08,-75.01,-255.25
7.75,-87.59,-222.47
0.73,-92.71,-181.40
-6.04,-95.89,-139.40
-1.22,-94.48,-103.39
-12.27,-95.64,-72.75
-21.18,-96.98,-48.16
-31.74,-99.79,-26.00
-41.26,-93.63,-15.08
-54.20,-62.68,-32.23
-33.20,-47.18,-31.98
-15.99,-32.23,-13.79
-3.42,-25.02,4.15
12.82,-16.30,7.20
22.77,-3.66,3.78
32.59,3.66,12.21
39.00,8.42,48.83
29.79,17.15,93.75
24.17,34.91,125.49
23.38,55.11,152.89
32.10,68.66,175.54
39.43,76.35,188.11
44.01,77.64,197.20
43.95,77.27,208.92
36.99,70.31,218.51
27.71,62.13,228.33
21.06,55.97,237.30
14.89,55.24,235.53
12.76,47.67,221.50
9.40,30.27,196.04
4.88,10.01,160.22
0.18,-2.81,124.39
-6.29,-2.75,100.59
-13.79,-1.10,88.93
-13.12,-0.37,85.45
-12.57,2.01,89.60
-11.72,0.37,90.03
-13.00,-1.59,82.58
-8.97,-4.09,75.50
-8.42,-4.21,60.42
-7.57,-3.60,45.72
-6.96,-2.44,32.59
-7.02,-1.04,21.79
-3.66,-3.60,20.51
2.69,-3.11,19.71
-2.20,-0.73,17.27















-,-,-
-0.73,1.65,-0.55
0.06,1.34,-0.73
-0.06,1.22,-0.31
-1.04,1.53,0.31
-1.77,2.08,0.37
-1.16,2.32,0.43
-0.79,1.77,0.98
-0.37,1.22,1.22
0.12,1.10,1.04
0.18,1.16,0.55
-0.06,1.34,0.55
-0.12,1.46,0.73
-0.31,0.98,0.79
0.00,0.67,0.79
0.18,0.55,0.67
0.12,0.55,0.67
-0.24,0.92,0.55
-0.67,1.83,0.43
-0.85,2.32,0.06
-0.79,2.44,0.37
-0.85,2.08,0.85
-0.61,1.53,1.65
-0.31,0.98,2.26
-0.06,0.06,2.44
-0.06,-0.73,2.56
-0.61,-0.98,2.69
-0.73,-0.98,2.62
-1.10,-0.85,2.38
-1.77,-0.67,1.71
-2.26,-0.55,0.55
-2.20,-0.18,-0.61
-1.89,0.18,-0.92
-1.77,0.43,-0.98
-1.59,0.73,-1.22
-1.10,0.85,-0.92
-0.73,1.10,-0.12
-0.98,1.34,0.85
-0.79,2.01,0.79
-0.85,1.95,0.12
-0.43,1.89,-0.43
-0.06,1.77,-0.67
-0.06,1.65,-0.92
-0.67,1.59,-1.65
-1.71,2.38,-2.62
-3.11,3.72,-3.60
-4.88,5.31,-4.39
-6.77,6.23,-5.07
-9.34,7.81,-5.92
-11.47,9.70,-6.04
-13.55,9.83,-4.46
-15.56,8.61,-1.59
-17.21,6.47,2.32
-16.85,3.23,7.45
-13.92,-2.75,15.75
-8.48,-13.92,27.95
-3.30,-29.30,42.36
0.49,-40.83,51.33
4.52,-27.95,24.48
18.37,-19.23,16.17
38.76,-18.98,19.10
61.28,-35.16,21.61
80.69,-55.24,22.46
98.94,-66.89,30.09
106.08,-62.32,35.22
116.70,-57.25,39.25
123.23,-50.84,46.20
122.19,-44.25,46.26
112.73,-38.33,40.28
90.21,-26.61,32.59
64.21,-10.74,27.28
41.32,2.69,21.61
24.35,8.36,9.40
11.84,7.63,-1.77
2.08,-0.61,0.18
-4.76,-7.39,2.75
-10.68,-5.98,-1.77
-16.78,1.16,-8.42
-24.66,8.85,-22.03
-28.38,9.83,-44.80
-30.58,7.57,-62.07
-33.14,9.09,-73.79
-33.14,10.80,-86.30
-31.07,13.06,-101.93
-25.09,13.24,-116.03
-21.79,8.79,-121.09
-23.74,1.04,-114.50
-20.20,-9.28,-97.47
-15.56,-20.57,-69.95
-12.70,-30.40,-38.27
-5.80,-39.49,-8.48
4.70,-51.03,18.86
6.84,-60.61,39.43
0.06,-49.07,22.16
-6.23,-37.05,-7.14
0.67,-28.63,1.22
-5.25,-19.65,11.66
-3.48,-17.03,10.56
4.27,-8.42,15.56
1.71,5.55,43.15
9.58,21.97,67.14
20.14,38.15,91.80
27.65,58.41,122.07
40.41,74.16,147.03
43.64,94.24,169.86
49.26,107.18,196.17
50.72,106.57,213.50
45.78,101.75,221.37
38.45,86.12,223.82
33.26,70.25,213.32
29.66,52.19,189.76
23.99,37.17,159.06
22.16,27.22,131.41
15.32,20.39,107.79
8.85,14.28,88.81
3.78,11.23,72.88
-1.34,12.45,60.79
-5.68,12.15,43.21
-5.62,11.17,27.89
-8.00,12.63,11.72
-4.64,19.29,-1.10
-2.32,21.85,-12.57
-0.49,9.58,-51.03
3.05,-7.81,-113.10
5.62,-16.36,-171.45
-0.37,-20.87,-209.17
-6.04,-24.05,-229.74
-8.30,-30.94,-240.42
-8.67,-40.89,-242.86
-8.00,-49.80,-236.76
-0.06,-58.59,-221.80
-3.72,-65.31,-198.06
-17.58,-71.78,-171.81
-26.37,-78.61,-145.32
-25.33,-84.23,-124.21
-25.02,-84.66,-105.90
-38.39,-88.38,-87.16
-41.20,-89.90,-69.21
-42.72,-88.13,-45.04
-43.46,-84.59,-17.88
-38.21,-62.13,-24.90
-21.91,-49.68,-21.67
10.50,-36.01,-5.49
2.50,-26.79,10.50
15.08,-21.36,11.78
34.91,-11.11,21.06
34.06,3.17,46.20
33.51,9.70,76.23
24.96,18.55,108.22
10.86,37.84,136.35
14.95,51.57,161.07
26.79,66.47,180.79
45.10,74.65,200.44
59.20,73.06,219.48
66.22,73.24,232.91
70.19,70.92,247.25
63.90,65.80,254.64
53.83,61.83,244.26
50.17,51.94,228.15
43.52,44.37,210.75
37.48,37.96,194.15
28.50,28.20,169.62
22.34,17.15,139.95
13.98,7.87,107.67
11.84,-3.42,83.98
4.39,-3.36,69.40
3.05,-2.99,62.99
0.00,-5.31,61.58
-2.69,-3.48,51.39
-1.34,-2.08,42.36
1.10,-1.83,33.69
-0.43,-1.16,24.11
0.37,3.54,6.65
4.03,6.10,2.62
5.25,5.86,3.23
3.60,4.27,1.83
2.75,2.32,-0.61
1.83,1.28,-0.55
1.04,1.40,0.06
0.55,1.77,-0.37
0.18,2.38,-0.98















-,-,-
-3.54,0.67,4.39
-3.23,0.55,4.33
-2.87,0.61,4.27
-2.69,0.73,4.33
-3.05,0.49,4.64
-3.23,0.24,5.13
-4.09,0.67,5.25
-4.58,1.77,4.76
-4.21,1.77,4.46
-3.54,1.10,4.52
-2.99,0.67,5.31
-2.99,0.24,6.41
-2.87,-0.24,7.81
-2.62,-1.10,8.97
-2.62,-2.38,9.03
-1.83,-4.15,8.48
-1.59,-6.53,8.54
-1.83,-7.57,9.03
-2.38,-8.18,9.64
-3.11,-7.93,10.01
-4.03,-6.96,10.68
-4.21,-5.00,10.99
-3.36,-2.81,9.77
-1.95,-1.95,8.85
0.67,-2.50,9.40
1.65,-1.53,6.96
2.99,-0.31,3.66
4.70,1.16,3.17
4.88,2.38,3.36
4.94,2.50,2.99
4.46,2.32,2.44
3.11,1.46,2.93
2.08,0.00,3.72
2.81,-2.26,4.76
3.48,-4.09,5.98
2.69,-6.96,7.69
2.93,-9.22,8.61
4.15,-10.56,9.03
7.69,-9.77,9.52
15.63,-10.25,9.22
32.84,-16.11,5.98
54.38,-34.48,10.13
76.29,-55.30,18.37
94.36,-69.76,24.11
109.50,-68.30,27.28
118.41,-55.54,29.97
128.30,-52.80,36.87
125.43,-51.21,43.21
112.43,-39.43,51.88
91.55,-23.62,43.64
68.30,-20.20,22.95
36.19,-11.54,11.72
13.06,-2.87,5.49
0.55,-8.36,2.44
-9.46,-18.49,2.26
-17.64,-20.32,1.89
-22.83,-12.21,-2.50
-25.33,3.36,-10.19
-25.27,13.12,-13.00
-26.49,15.50,-18.19
-28.75,15.38,-38.76
-27.04,7.57,-61.89
-27.65,-0.49,-79.16
-27.28,-2.38,-91.86
-27.10,-1.65,-103.94
-26.31,-2.50,-114.87
-21.18,-4.94,-120.12
-20.08,-9.46,-115.78
-19.78,-15.63,-103.52
-20.75,-21.67,-88.32
-23.44,-26.49,-68.05
-24.35,-31.19,-45.41
-24.90,-36.87,-22.64
-22.09,-45.10,-0.85
-17.70,-53.22,19.35
-20.81,-52.73,28.14
-12.76,-30.33,-6.71
-17.46,-23.50,-15.87
-7.39,-17.94,-4.27
-2.87,-14.53,5.68
3.30,-7.51,5.43
8.30,0.37,3.30
11.54,10.13,10.56
12.45,22.22,34.42
19.84,31.62,59.27
21.42,44.31,86.79
34.79,61.10,114.32
40.41,82.09,148.99
42.11,102.72,189.70
48.28,111.82,225.95
58.47,109.92,248.47
61.95,104.92,269.78
57.56,96.68,284.79
52.49,75.68,284.67
43.09,56.34,261.47
39.92,37.23,218.02
33.14,18.19,169.07
20.51,6.47,124.15
8.61,-0.73,93.57
-1.95,-1.04,69.82
-6.77,0.79,57.50
-11.66,3.17,47.67
-13.67,2.93,27.22
-10.13,5.00,3.30
-6.41,12.27,-10.19
-4.70,14.83,-37.23
-2.56,11.72,-88.26
3.78,5.86,-148.01
4.64,0.00,-192.50
0.92,-6.04,-222.90
1.65,-15.14,-244.26
3.42,-29.60,-252.99
10.74,-43.15,-246.89
1.46,-56.40,-229.19
-6.59,-64.76,-210.02
-14.40,-74.04,-191.96
-21.06,-86.67,-176.94
-21.73,-92.22,-162.90
-30.40,-91.37,-145.20
-45.41,-87.52,-126.04
-53.71,-84.84,-102.66
-52.12,-83.68,-72.20
-44.01,-83.01,-34.42
-34.55,-76.90,-0.12
-17.09,-51.88,-3.60
12.21,-35.83,2.01
30.15,-11.84,18.19
25.70,-7.26,22.64
47.42,-7.26,31.98
43.58,3.78,63.90
29.91,23.99,98.57
27.16,48.03,140.20
32.47,72.08,181.40
48.40,96.25,218.32
65.12,113.22,257.51
67.26,120.18,292.11
66.71,113.40,310.73
64.27,96.56,305.97
59.39,73.24,284.91
49.56,48.95,259.83
36.68,27.47,230.04
23.74,11.90,200.13
14.53,1.89,164.98
9.46,-4.39,134.28
7.26,-9.83,106.08
7.20,-17.21,87.89
5.07,-14.04,69.52
4.09,-9.58,57.13
9.40,-5.68,43.70
7.81,-5.31,30.70
4.09,-3.97,14.22
1.95,0.92,5.43
1.95,4.15,2.69
3.54,4.46,2.32
4.70,2.99,2.26
5.00,1.04,1.40
4.09,-0.61,-0.92
2.20,-1.22,-3.66
0.85,-0.85,-5.68
0.37,0.12,-7.39
-1.10,0.73,-8.97
-1.95,0.43,-11.23
-1.71,0.61,-12.88
-1.46,1.65,-13.37
-2.14,3.11,-15.01
-3.85,6.77,-18.74
-6.77,9.22,-24.72
-8.06,11.60,-34.42
-8.61,11.29,-40.95
-10.01,18.86,-39.98
-15.50,26.61,-38.33
-18.62,34.06,-43.27
-18.55,41.38,-53.04
-17.70,50.42,-60.18
-21.61,53.65,-70.07
-22.09,53.28,-86.12
-23.32,51.27,-102.48
-28.14,49.32,-118.23
-33.26,47.79,-131.35
-36.80,45.96,-140.26















-,-,-
0.37,0.49,0.00
-0.18,0.18,-0.18
-0.55,-0.06,-0.55
-0.79,-0.37,-0.67
-0.43,-0.18,-0.49
-0.06,-0.06,-0.12
0.37,0.00,0.06
0.55,0.18,0.55
1.04,0.00,0.61
0.43,-0.37,0.85
-0.12,-0.85,0.43
-0.24,-0.98,0.06
0.31,-0.85,0.24
0.73,-0.61,0.67
1.65,-0.31,1.10
2.32,-0.06,1.46
2.75,0.00,1.59
2.56,-0.18,1.53
1.77,-0.49,1.10
1.22,-0.85,0.73
0.98,-0.61,0.43
1.59,0.12,0.37
2.08,0.85,0.79
2.50,1.28,1.59
3.11,1.22,1.77
3.54,0.67,1.77
3.85,0.31,1.83
4.27,0.06,2.08
4.88,-0.18,2.20
5.31,-0.37,2.32
5.00,-0.85,2.38
4.70,-1.04,1.89
5.55,-0.79,1.46
9.16,-1.22,1.53
15.75,-5.43,2.01
27.53,-14.34,4.21
42.85,-19.78,9.09
56.09,-12.63,15.08
76.97,-22.28,20.57
89.42,-18.98,22.40
99.67,-17.40,20.63
104.19,-23.38,21.42
89.97,-17.64,20.39
73.61,-13.67,21.06
51.33,-9.64,18.49
32.29,-8.30,14.65
13.98,-2.50,11.90
1.34,-2.08,6.29
-5.68,-6.84,2.08
-9.22,-11.11,0.43
-10.62,-10.99,0.61
-11.11,-5.86,1.95
-10.56,1.71,4.39
-9.64,10.74,6.41
-9.28,18.55,7.75
-10.44,24.35,8.73
-11.60,27.89,8.91
-12.57,30.03,8.73
-14.16,33.57,5.62
-14.47,37.48,1.28
-16.11,39.61,-16.42
-15.14,38.51,-39.00
-12.94,34.36,-53.65
-12.15,29.91,-59.63
-10.25,24.84,-59.63
-8.67,18.37,-56.15
-8.12,10.25,-50.66
-7.63,0.67,-43.40
-8.30,-8.48,-34.06
-6.53,-17.52,-23.99
-1.89,-26.61,-16.11
2.62,-36.25,-9.95
5.37,-47.85,-4.64
2.87,-57.74,0.18
-6.71,-60.06,5.55
-17.76,-37.35,-5.25
-1.59,-18.55,-14.65
9.70,-20.02,-10.99
-1.71,-16.85,-6.10
-6.10,-9.22,-4.03
-3.60,-2.26,-3.36
2.56,1.22,8.79
6.41,8.06,32.29
19.29,15.63,63.42
34.24,23.32,87.16
48.52,31.07,108.15
52.49,33.57,125.61
49.07,38.27,139.16
45.29,38.51,145.69
42.48,30.27,145.51
37.96,21.79,142.70
33.08,16.24,133.91
26.92,12.51,117.80
19.04,8.36,94.06
10.01,6.84,62.74
8.24,1.59,55.73
1.71,2.93,48.71
0.61,6.35,41.32
0.67,10.38,37.96
-5.19,11.96,21.61
-4.46,12.57,7.75
-5.25,14.71,3.97
-10.44,15.38,-16.66
-11.96,13.73,-56.21
-14.59,13.79,-91.86
-21.36,13.43,-112.55
-27.47,14.34,-117.55
-26.61,13.00,-107.36
-21.42,10.68,-90.03
-17.46,9.52,-76.72
-11.60,6.65,-71.35
-3.91,-0.37,-70.98
2.44,-9.28,-72.51
7.57,-19.41,-74.95
12.21,-30.76,-75.20
12.63,-42.97,-67.57
6.84,-53.28,-48.58
2.08,-57.68,-26.37
1.10,-54.08,-8.24
2.14,-27.22,-1.77
11.78,-14.83,-2.01
13.92,-18.55,-4.33
9.40,-16.48,-2.38
11.60,-12.70,-1.65
10.25,-9.83,-2.20
10.86,-7.51,2.56
16.91,-4.88,18.74
23.74,-0.49,40.28
29.24,4.88,61.58
33.39,9.16,81.18
37.72,11.84,100.89
39.67,15.56,110.41
43.88,17.70,122.74
41.56,17.21,127.44
34.73,14.47,123.29
27.53,10.80,115.36
21.85,2.26,116.70
15.56,-3.78,115.97
6.65,-6.23,109.31
6.10,-5.92,102.11
4.70,-11.90,97.11
4.27,-12.21,80.38
6.41,-10.07,58.11
7.87,-10.19,44.19
8.91,-7.32,37.54
9.46,-7.20,36.01
5.31,-5.68,28.32
2.56,-2.20,10.62
1.95,-1.28,6.47
0.55,-0.67,6.65
0.55,0.43,5.86
1.34,1.04,5.55
1.34,1.59,5.49
1.89,1.95,4.88
2.87,1.89,3.54
2.99,1.34,2.69
2.93,0.85,1.89
2.32,0.37,0.92
1.22,-0.06,-0.37
0.12,-0.06,-1.40
-0.43,0.73,-1.89
-0.79,1.77,-1.89
-0.24,2.87,-1.40
0.85,3.36,-0.67
1.83,2.99,0.06
2.56,2.08,1.04
2.81,0.98,1.40
2.56,0.43,1.71
1.71,0.00,1.34
0.43,0.37,0.67
-0.79,1.22,0.24
-1.46,2.44,0.00
-2.20,3.54,-0.49
-3.23,4.70,-1.04
-4.15,5.92,-0.92
-5.74,7.69,-0.67
-6.90,10.50,-1.10
-7.26,11.96,0.98
-10.25,15.87,1.34
-11.96,19.78,-0.79
















-,-,-
7.20,-5.55,-1.16
6.10,-6.29,-1.40
3.78,-7.26,-2.20
2.01,-7.93,-2.75
1.34,-7.69,-2.62
1.28,-6.84,-2.01
1.71,-5.55,-1.59
2.20,-4.27,-1.22
2.50,-3.23,-1.22
3.48,-2.62,-1.40
4.15,-3.05,-2.01
4.15,-4.58,-2.69
4.27,-6.90,-3.60
2.99,-9.52,-4.09
0.85,-12.15,-4.58
-1.53,-13.67,-5.13
-2.87,-14.40,-5.98
-3.42,-13.98,-6.41
-2.99,-12.63,-6.53
-2.56,-10.99,-5.98
-1.95,-9.03,-5.25
-1.28,-7.45,-4.58
-0.12,-6.23,-4.03
1.34,-4.76,-2.87
2.50,-3.17,-1.53
3.97,-1.59,-0.24
5.37,0.24,0.85
6.47,2.20,1.77
8.00,4.21,2.87
10.56,5.74,4.58
14.59,6.29,6.04
19.35,6.10,7.81
25.45,5.86,10.50
32.78,7.81,14.34
40.71,2.50,17.76
47.55,3.60,15.01
57.43,3.91,17.88
70.74,-5.74,25.63
85.63,-5.86,29.91
99.91,-15.14,33.51
107.06,-10.31,34.42
108.95,-2.32,31.43
100.16,-6.23,31.80
78.43,-2.62,24.90
58.59,-5.86,21.24
39.43,-5.55,12.27
24.29,-3.36,10.31
10.68,2.14,9.22
-0.98,2.56,6.10
-7.51,-3.36,3.72
-11.66,-8.18,2.01
-14.34,-8.24,1.22
-16.91,-3.72,2.50
-21.61,3.72,4.39
-26.18,12.63,5.19
-30.03,22.95,4.64
-31.49,32.90,2.87
-30.88,42.66,0.61
-31.01,45.72,-7.14
-31.56,40.71,-31.43
-28.50,33.87,-58.17
-24.90,30.27,-75.32
-21.36,30.88,-81.97
-16.85,30.46,-78.86
-12.08,27.04,-68.36
-8.91,19.78,-55.24
-5.80,8.36,-42.79
-2.20,-7.14,-32.65
4.09,-27.59,-24.35
10.44,-49.99,-15.75
12.33,-68.30,-6.29
6.53,-53.65,1.16
-4.82,-16.30,2.56
7.69,-15.01,-1.34
6.90,-20.02,-0.79
2.56,-12.82,1.16
4.64,-3.05,0.18
4.70,2.32,1.59
6.77,4.82,7.63
14.83,5.74,25.94
25.51,5.49,57.56
35.64,8.73,85.39
41.44,12.51,106.45
42.97,17.58,119.87
44.07,14.04,133.97
43.09,11.72,135.99
43.03,8.79,136.05
39.92,7.26,130.19
37.17,0.85,118.96
31.43,-3.91,100.40
25.51,-6.59,83.50
13.43,-7.20,57.13
10.31,-12.94,50.23
2.14,-10.93,36.74
0.67,-6.65,25.33
-0.06,-4.82,27.22
-2.93,3.42,13.12
-2.38,8.12,5.49
-4.27,10.86,6.10
-6.16,13.61,6.23
-7.45,17.03,3.72
-14.28,21.61,-6.35
-25.02,28.02,-33.81
-27.22,32.53,-72.81
-25.94,31.49,-100.65
-26.06,31.49,-112.61
-27.40,37.41,-113.34
-25.82,43.21,-111.08
-22.83,44.74,-109.68
-15.44,39.98,-108.76
-7.02,29.30,-106.38
0.06,16.05,-99.98
5.07,2.69,-93.08
10.50,-10.25,-86.12
15.56,-25.51,-76.35
19.10,-40.65,-63.90
19.47,-53.59,-48.95
16.78,-63.66,-32.96
14.77,-70.80,-18.62
12.27,-66.16,-8.42
5.13,-30.70,-4.33
11.84,-26.37,-6.35
13.79,-27.83,-11.78
12.15,-23.74,-10.31
9.89,-14.40,-8.42
9.22,-7.45,-4.09
10.86,-1.04,8.06
18.74,0.92,35.03
24.60,-0.92,68.18
28.20,2.87,100.95
32.23,4.46,123.29
34.97,7.26,134.46
39.79,10.25,148.80
37.05,9.40,155.64
35.77,2.99,161.19
30.09,-3.05,157.65
32.47,-9.64,151.92
29.05,-18.98,143.92
20.57,-23.99,127.62
16.91,-26.18,110.11
14.71,-20.57,90.88
19.59,-25.57,90.03
14.10,-27.59,81.05
17.03,-26.55,78.49
8.42,-19.53,60.00
8.91,-18.37,45.90
9.83,-12.39,33.02
7.08,-4.82,25.70
-1.46,-3.91,14.83
0.49,-0.43,6.77
1.46,1.59,6.71
0.67,2.44,7.93
0.85,3.11,7.57
1.04,3.17,6.35
0.79,2.81,5.25
0.43,2.32,4.15
0.24,2.08,3.48
0.12,1.95,3.36
0.24,2.32,2.87
0.37,2.20,2.38
0.61,2.69,2.01
0.79,3.48,1.89
0.85,3.72,1.83
0.67,3.60,1.71
0.79,3.72,1.53
1.46,3.66,1.89
2.50,3.72,2.38
3.72,4.03,2.93
4.15,3.78,3.48
3.85,3.23,3.42
2.87,2.62,2.56
2.01,2.32,1.59
1.53,2.38,1.28
1.22,2.56,1.22
0.79,2.62,1.16
0.12,3.05,1.04
0.61,3.48,0.43
1.28,3.91,-0.37
1.53,3.91,-1.10
0.55,3.30,-1.95
















-,-,-
3.60,0.55,1.59
4.94,1.89,1.95
5.00,2.44,2.08
3.85,1.83,1.59
3.11,0.55,0.85
2.81,-0.67,0.73
2.99,-1.34,0.85
3.30,-1.53,1.04
3.72,-1.28,0.92
4.03,-0.85,0.85
3.11,-0.98,0.24
1.77,-1.59,-0.43
1.28,-1.95,-0.79
1.28,-2.08,-0.31
1.77,-1.77,0.24
2.20,-1.28,0.79
2.50,-0.67,1.28
2.32,-0.18,1.53
1.83,-0.12,1.40
1.10,-0.24,0.92
0.55,-0.73,0.43
0.24,-0.98,0.43
0.61,-0.61,0.55
1.28,-0.18,0.73
1.83,0.31,1.04
3.11,0.85,1.53
4.46,1.28,2.08
5.37,1.83,2.81
6.53,2.08,3.23
7.75,2.62,3.78
9.22,3.72,4.46
12.63,4.39,6.47
19.96,1.46,10.44
33.94,-10.44,16.30
47.42,-8.18,20.20
60.73,-8.54,21.55
74.04,-15.08,24.54
78.86,-8.85,21.91
88.13,-11.84,25.27
83.68,-16.91,28.44
67.99,-16.05,19.41
54.99,-15.99,10.38
39.73,-12.51,9.89
27.04,-6.59,4.88
22.89,-7.57,5.98
16.60,-10.13,7.51
7.39,-5.49,2.69
0.73,-7.81,-1.10
-2.08,-10.86,-2.26
-1.83,-10.38,-2.08
-1.53,-7.39,-1.28
-2.44,-3.97,-0.79
-3.42,-0.24,-0.67
-7.45,2.87,-1.46
-13.61,4.52,-3.78
-19.17,5.19,-6.04
-22.16,6.77,-7.02
-22.58,9.64,-6.84
-21.30,13.24,-6.04
-18.86,16.91,-6.35
-16.42,18.62,-9.22
-18.80,17.82,-24.05
-20.45,17.09,-53.53
-20.63,17.82,-76.05
-21.36,20.81,-85.33
-19.35,24.72,-87.28
-16.42,26.25,-83.37
-13.79,23.93,-73.55
-11.66,18.68,-60.49
-10.25,10.74,-46.57
-8.85,0.61,-34.91
-5.55,-10.80,-25.82
-0.24,-24.60,-17.52
4.64,-39.37,-8.91
8.36,-50.60,-0.98
5.25,-27.59,5.25
2.81,-4.39,6.96
16.54,-7.14,6.35
7.08,-11.84,5.43
0.49,-7.57,0.31
-1.04,-3.91,-3.17
-1.77,-4.27,0.18
6.65,-8.06,21.55
16.78,-4.70,47.91
27.04,-0.61,75.01
34.06,10.25,94.85
42.54,15.69,111.94
52.31,12.94,138.67
52.61,11.84,154.72
52.12,13.67,164.61
39.92,10.07,153.75
30.76,0.49,128.48
24.84,-2.75,97.23
22.22,-5.49,74.34
17.52,-6.23,64.76
6.59,-2.99,46.26
6.90,-3.36,37.96
5.07,1.59,31.01
-1.40,2.81,20.94
-2.75,5.55,4.94
-2.50,8.00,1.59
-6.96,10.31,-0.85
-14.77,14.65,-12.15
-21.73,18.01,-35.58
-26.00,24.11,-65.61
-25.45,26.79,-89.05
-24.05,30.15,-97.17
-22.40,34.91,-95.15
-19.47,38.94,-90.94
-14.89,39.79,-89.54
-7.32,36.80,-92.16
0.43,29.79,-95.83
8.91,19.29,-97.05
17.21,7.26,-95.70
22.83,-5.07,-91.61
27.59,-18.98,-83.50
28.14,-33.08,-71.29
25.02,-44.43,-54.50
17.94,-51.27,-36.68
10.07,-53.89,-20.94
3.48,-51.88,-7.75
-6.84,-28.38,-1.77
-3.85,-20.02,-3.54
7.75,-23.99,-4.94
7.63,-22.58,-2.32
9.83,-12.76,-1.95
9.70,-6.23,0.55
9.83,-2.87,8.24
14.22,-0.73,24.72
20.75,-2.32,45.23
22.95,0.79,65.25
25.94,5.37,80.93
29.17,6.16,95.89
31.37,2.32,104.19
32.84,3.91,109.31
32.29,3.17,116.46
29.85,-5.25,123.90
28.63,-7.87,124.69
27.47,-9.09,126.83
20.32,-9.34,114.93
21.12,-13.55,104.80
23.13,-14.16,101.38
17.33,-12.02,89.48
17.70,-18.74,83.56
17.64,-17.82,73.97
16.66,-16.36,66.77
13.79,-14.59,60.36
14.53,-12.08,51.94
12.15,-12.21,49.19
6.96,-7.87,37.29
10.99,-8.42,35.52
3.30,-7.02,21.12
4.39,-1.89,7.32
4.03,-1.28,5.07
5.31,-0.79,3.30
6.65,-0.24,2.44
5.80,-0.61,2.50
4.46,-0.49,2.20
3.17,-0.24,0.98
2.26,-0.31,0.18
1.34,-0.24,-0.79
0.85,0.12,-2.32
0.73,0.18,-3.48
0.31,0.12,-3.85
-0.18,0.43,-3.97
0.06,0.79,-3.85
-0.24,1.28,-3.60
0.00,1.65,-3.72
1.28,1.89,-3.78
2.20,1.89,-3.48
2.14,1.53,-3.30
2.08,0.73,-3.42
1.16,0.12,-3.30
0.49,-0.12,-2.99
0.24,-0.37,-2.75
0.49,-0.49,-2.50
0.43,-0.67,-2.14
0.43,-0.73,-1.89
0.79,-0.55,-1.71
1.16,-0.37,-1.10
















-,-,-
-2.26,10.50,-5.80
-1.53,12.39,-6.29
-0.43,13.37,-6.35
0.67,13.61,-6.29
0.98,13.24,-6.35
0.85,12.08,-6.04
0.67,9.83,-5.00
0.92,6.77,-4.27
1.22,3.72,-3.97
0.92,0.24,-2.87
0.49,-2.69,-0.55
-0.06,-5.43,1.89
-1.04,-8.67,3.97
-1.46,-12.82,4.88
-0.98,-17.76,5.13
-0.37,-22.40,5.00
0.37,-25.76,5.31
1.34,-28.50,6.10
3.78,-32.35,6.96
6.71,-37.48,7.39
9.09,-41.93,7.39
8.18,-36.19,6.35
1.34,-18.80,2.50
4.70,-15.69,-1.16
10.25,-20.32,-1.65
10.31,-15.93,-0.37
16.60,-8.36,1.71
26.37,-2.38,5.25
40.53,-0.12,11.17
56.76,-8.30,15.14
71.04,-16.11,15.56
82.58,-17.09,15.32
96.62,-18.62,11.66
109.13,-20.45,6.23
117.98,-16.36,7.39
120.36,-19.04,8.24
109.99,-12.15,3.78
93.81,-8.97,6.90
72.94,-5.74,3.17
52.92,-5.92,4.46
32.84,0.67,4.94
20.39,-1.22,5.37
9.64,0.00,4.21
2.62,-6.10,3.36
-2.14,-10.99,0.00
-7.26,-10.56,-1.89
-13.00,-5.98,-2.32
-18.68,0.67,-2.75
-22.64,8.73,-3.60
-26.18,16.36,-4.94
-29.72,22.58,-9.16
-32.47,24.84,-20.57
-34.85,26.67,-46.63
-35.03,30.33,-63.90
-38.33,40.59,-65.37
-38.88,52.49,-64.27
-34.79,57.86,-68.12
-27.40,51.76,-74.16
-20.08,36.01,-77.64
-13.79,16.66,-75.38
-9.28,-1.77,-65.00
-6.53,-18.07,-48.28
-2.81,-34.24,-29.60
1.77,-50.23,-11.90
3.85,-65.98,3.11
1.16,-79.47,15.50
-6.10,-65.49,16.54
-25.94,-33.02,5.86
-3.17,-26.98,-1.28
6.90,-28.99,1.89
9.52,-15.14,15.87
22.16,1.04,27.89
39.61,10.86,65.43
54.02,13.67,104.98
60.00,19.90,128.91
65.31,17.21,147.22
63.66,16.85,157.47
62.32,12.57,161.25
73.06,0.06,167.36
60.30,-7.14,154.66
49.50,-12.76,128.60
40.47,-18.07,102.84
25.63,-16.48,73.00
28.20,-15.38,60.36
11.05,-13.37,44.37
11.41,-11.17,37.72
-4.21,-6.53,23.68
-8.73,2.75,4.03
-11.90,9.89,-2.08
-14.16,16.48,-4.33
-12.88,22.03,-12.27
-21.36,30.40,-35.10
-25.15,38.21,-62.62
-30.09,53.34,-83.31
-34.18,69.40,-95.46
-37.48,79.41,-102.17
-32.47,79.16,-102.54
-25.39,71.78,-101.32
-18.92,60.24,-99.30
-12.33,45.41,-96.01
-4.46,29.85,-91.67
2.44,15.56,-87.28
7.63,2.87,-81.79
9.77,-9.83,-76.05
6.16,-22.77,-69.21
0.37,-33.14,-60.97
-4.27,-39.55,-52.86
-4.33,-49.13,-44.62
-2.75,-62.38,-38.45
-1.95,-80.69,-34.06
-0.55,-93.38,-31.13
-0.85,-74.28,-22.34
-17.64,-35.22,-7.63
0.73,-22.28,-7.57
10.93,-22.58,-6.29
8.18,-14.65,-2.26
11.84,-2.62,-1.89
9.03,4.33,-1.16
10.50,5.43,2.14
18.86,0.98,12.21
24.05,-5.00,23.50
26.00,-5.62,28.44
27.16,-7.20,41.32
28.63,-11.29,50.48
28.02,-8.48,56.21
32.59,-10.13,68.12
33.69,-8.48,77.88
40.71,-6.10,93.51
43.82,-5.55,109.50
49.74,-10.80,123.47
53.04,-9.64,136.90
54.32,-9.40,145.87
49.32,-12.70,139.95
47.36,-13.98,122.86
53.89,-20.81,117.25
60.97,-26.55,129.64
54.75,-36.62,131.65
46.75,-36.01,118.47
43.82,-30.09,99.61
46.14,-39.06,94.60
33.33,-41.50,86.79
30.76,-39.55,79.77
25.94,-38.39,74.65
15.20,-33.26,59.39
9.09,-24.84,42.48
10.68,-21.85,34.91
5.62,-15.93,23.19
6.04,-9.83,15.14
5.49,-5.86,10.38
4.52,-3.85,8.36
3.48,-2.99,6.29
2.32,-2.01,3.54
1.53,-1.16,1.59
0.98,-0.43,0.79
0.67,-0.31,0.79
1.10,-0.55,0.49
1.22,-0.67,0.00
0.85,-0.79,-0.31
0.55,-0.92,-0.73
0.55,-0.73,-1.28
0.85,-0.18,-1.71
0.61,0.67,-1.95
0.61,1.16,-2.01
0.61,1.46,-1.65
0.98,1.53,-0.67
1.28,1.22,0.61
1.46,0.31,1.53
1.65,-0.31,1.89
1.34,-0.92,1.53
1.77,-1.10,0.49
1.65,-0.73,-0.55
0.06,-0.24,-0.06
-0.85,0.85,-0.49
-1.40,1.95,-1.22
-1.65,3.66,-1.04
-1.65,5.19,-0.43
-2.38,6.23,-0.43
-3.60,7.20,-0.98
-4.70,7.57,-1.65
-7.20,7.81,-2.26
















-,-,-
-4.03,-0.98,-2.99
-5.25,0.61,-2.87
-6.41,1.89,-2.69
-6.84,2.75,-2.38
-7.02,2.01,-2.32
-5.98,0.43,-2.62
-4.94,-1.10,-3.17
-4.27,-1.65,-3.36
-4.09,-1.04,-2.93
-3.91,-0.12,-1.95
-3.42,0.24,-0.92
-3.23,-0.18,-0.55
-3.85,-0.49,-0.55
-5.25,-0.31,-0.67
-6.47,0.43,-1.04
-6.84,0.85,-1.40
-6.90,0.67,-1.53
-6.71,0.37,-1.22
-6.16,0.06,-0.43
-5.55,-0.31,0.37
-4.64,-0.61,1.16
-3.72,-0.67,1.89
-3.17,-0.85,2.93
-3.36,-1.16,3.54
-3.91,-1.22,3.17
-4.46,-1.04,2.44
-5.31,-1.10,2.26
-5.43,-1.77,2.87
-4.94,-4.15,3.97
-4.09,-8.67,5.07
-3.17,-15.44,6.16
0.12,-24.72,7.20
4.33,-36.07,8.54
6.16,-43.33,10.99
-3.54,-29.42,12.57
-13.12,-10.38,5.62
-6.77,-8.36,0.00
-4.46,-12.63,-1.65
-2.44,-9.40,0.00
4.21,-1.04,3.78
14.47,10.38,7.93
29.66,17.82,13.49
47.24,18.43,18.86
65.55,13.55,19.17
77.82,7.93,15.44
86.67,4.27,7.57
92.16,-2.50,1.16
88.81,-7.08,-6.65
83.25,-7.32,-11.17
75.93,-8.30,-13.67
60.12,-2.99,-12.57
44.74,-4.15,-8.12
30.58,-4.03,-3.05
16.48,1.10,0.37
8.30,0.85,3.78
3.36,-2.62,5.19
2.99,-6.47,4.33
2.32,-8.12,2.08
0.37,-7.81,-0.06
-3.05,-6.29,-0.98
-6.65,-4.09,-1.16
-10.93,-2.87,-2.62
-16.42,-3.30,-5.25
-22.34,-4.64,-8.30
-26.25,-5.19,-10.80
-29.66,-5.43,-13.85
-32.65,-6.96,-26.06
-32.65,-8.36,-44.19
-33.51,-4.46,-57.01
-37.23,8.24,-59.08
-38.64,25.88,-57.86
-36.74,39.67,-59.63
-31.07,43.88,-62.56
-22.83,37.66,-64.09
-16.60,24.90,-63.23
-12.63,8.67,-59.27
-9.09,-5.68,-51.94
-7.08,-16.72,-41.56
-4.15,-27.04,-31.37
-1.59,-38.76,-21.91
-0.37,-50.11,-13.37
-2.08,-58.04,-5.37
-3.36,-57.80,3.66
-13.79,-25.15,10.56
-16.17,0.06,5.68
-0.79,4.76,1.40
4.88,-8.91,10.93
3.97,-7.08,15.50
7.32,5.19,12.88
9.34,14.10,9.34
12.57,18.01,14.95
17.76,18.01,30.64
24.17,20.87,54.44
26.92,21.91,77.82
30.46,21.48,93.57
33.75,23.44,104.98
38.57,21.67,115.84
45.84,17.27,127.38
51.76,14.95,125.43
52.80,10.80,112.49
52.92,7.45,100.28
47.12,-1.16,84.35
39.55,-7.08,63.54
37.54,-6.16,47.79
28.87,-10.25,44.07
16.78,-11.23,34.42
6.23,-7.75,22.40
-2.87,-5.92,8.42
-6.53,-4.64,-0.61
-10.07,-4.33,-1.40
-9.95,-3.54,-2.01
-10.68,-1.65,-4.82
-16.36,0.98,-11.60
-25.51,4.39,-33.81
-30.82,8.00,-62.87
-31.49,8.61,-85.88
-32.10,16.48,-99.67
-32.35,29.91,-108.58
-32.04,43.76,-116.39
-30.33,51.15,-119.93
-24.60,49.38,-118.41
-18.43,39.12,-113.34
-13.24,23.38,-105.53
-8.73,5.37,-96.19
-3.60,-12.63,-85.33
3.42,-32.65,-70.62
10.56,-53.22,-51.27
13.85,-70.19,-29.17
10.74,-78.80,-9.16
5.68,-73.24,5.92
-9.09,-28.93,8.67
-9.22,-3.11,1.65
9.03,-2.50,5.62
10.44,-11.17,11.23
14.22,-2.93,12.21
24.48,8.61,33.02
31.86,17.58,71.66
39.37,22.09,103.94
49.50,23.56,124.63
57.50,21.18,140.75
63.11,20.39,149.17
65.43,15.99,153.99
66.59,7.08,152.16
61.40,3.60,133.67
61.40,-4.82,117.00
53.71,-12.15,99.79
50.11,-10.86,83.50
48.28,-14.89,76.90
34.91,-14.71,64.70
34.73,-11.47,60.79
31.37,-8.67,63.29
21.67,-8.00,50.78
27.34,-4.82,49.56
20.08,-2.99,43.15
22.46,-4.82,37.05
25.88,-8.48,43.27
14.65,-1.89,26.31
14.59,0.98,16.60
13.61,0.00,15.20
9.34,0.49,6.96
8.00,-0.06,2.69
8.67,-0.92,1.28
7.81,-1.04,-0.37
5.74,-1.10,-1.53
4.21,-0.67,-2.87
2.08,-0.18,-4.52
-2.01,0.24,-7.26
-6.29,0.61,-9.77
-11.84,1.59,-11.41
-16.24,4.03,-13.79
-15.81,5.62,-13.85
-19.04,9.22,-13.49
-24.84,15.14,-14.71
-28.93,22.89,-18.98
-33.69,33.14,-21.73
-36.56,42.05,-18.92
-38.27,52.12,-14.83
-36.99,61.65,-14.71
-34.00,67.63,-17.64
-30.27,70.19,-19.53
















-,-,-
7.63,2.56,2.62
6.65,2.20,1.95
5.74,1.28,1.46
5.07,0.06,0.85
2.20,2.01,0.43
0.67,2.50,-0.55
-0.37,1.28,-1.04
-0.55,-0.12,-1.16
0.61,-1.71,-0.37
4.46,-5.31,2.93
6.90,-7.20,5.31
8.54,-1.59,3.85
11.78,-0.98,5.92
12.02,-0.24,6.16
13.00,-3.54,5.74
11.35,-4.82,4.09
8.91,0.98,2.26
7.63,0.43,2.81
7.08,1.95,2.93
8.18,2.50,3.60
9.83,2.20,4.09
11.11,0.37,4.15
12.27,-1.71,4.03
15.99,-0.61,6.04
25.33,-3.97,10.68
34.24,-3.11,14.28
45.17,-3.30,12.82
56.34,-14.28,17.94
56.64,-5.19,18.25
58.23,-2.69,12.70
58.47,-1.83,11.96
58.29,-3.97,11.47
55.30,-2.75,5.80
53.71,-0.98,7.08
46.08,-2.08,9.95
35.89,-3.17,12.82
20.08,0.79,6.16
9.34,0.55,3.30
1.83,-2.32,2.20
-1.34,-6.04,0.67
-4.03,-6.77,0.00
-7.87,-4.88,0.12
-11.90,-0.18,0.98
-14.59,6.77,2.81
-15.93,15.14,4.82
-17.70,23.38,6.04
-18.13,30.76,6.10
-16.91,36.38,3.54
-14.89,37.54,-3.54
-16.24,37.48,-23.86
-17.15,42.36,-49.26
-17.09,49.32,-65.19
-16.66,55.91,-71.96
-14.34,58.23,-73.43
-10.80,54.44,-72.75
-9.03,46.81,-70.68
-8.42,35.83,-67.02
-8.36,21.79,-62.13
-7.63,6.10,-56.70
-6.90,-8.91,-49.80
-5.19,-23.74,-40.10
-3.23,-38.21,-27.83
-2.32,-50.48,-15.38
-3.66,-60.00,-4.70
-6.77,-66.71,4.94
-8.85,-71.84,13.67
-14.40,-60.12,12.15
-14.34,-30.27,-5.62
-6.77,-20.57,-15.44
-0.37,-20.87,-15.50
-14.89,-19.65,-10.50
-20.02,-9.64,-9.09
-15.93,-0.67,-6.84
-10.56,4.76,9.52
1.10,6.10,40.65
10.19,9.40,62.87
19.96,12.76,84.47
24.41,12.88,103.15
26.31,13.06,117.55
30.40,10.13,131.84
32.23,6.65,141.78
32.65,5.00,148.93
27.83,6.77,142.46
27.83,6.71,136.11
27.65,1.22,133.42
20.26,-4.15,110.35
19.10,-3.11,82.58
20.14,-6.84,66.83
12.94,-4.39,48.65
10.44,0.00,33.51
10.31,-1.22,37.11
7.81,-1.53,35.34
5.49,3.05,25.33
6.77,7.08,12.45
9.34,8.42,9.34
6.04,9.58,7.69
-2.38,12.63,-2.14
-12.02,17.82,-27.65
-13.67,22.16,-61.71
-14.89,26.25,-89.54
-16.30,31.37,-110.11
-17.64,37.29,-120.85
-19.23,44.01,-121.77
-18.55,48.89,-116.52
-15.50,49.07,-108.58
-8.67,44.62,-99.79
-0.61,36.07,-91.67
6.16,25.33,-85.33
11.41,13.06,-82.03
14.04,-0.06,-79.90
15.81,-13.98,-74.95
15.14,-29.60,-65.80
11.72,-44.86,-52.86
9.89,-58.84,-37.78
8.79,-70.31,-22.89
8.91,-79.10,-10.13
6.23,-65.67,-3.48
-4.58,-26.00,-2.01
6.04,-20.14,-5.31
9.34,-23.38,-8.30
3.42,-22.95,-7.75
-0.79,-17.27,-9.77
-4.94,-13.61,-9.09
-5.55,-11.60,-4.09
0.43,-9.64,10.86
1.34,-8.12,21.36
9.70,-7.08,40.83
14.10,-6.65,68.36
16.72,-1.22,87.16
23.62,0.49,105.77
26.00,0.85,122.62
26.18,5.19,124.51
30.94,5.37,123.90
35.22,4.82,134.03
36.01,0.98,145.32
36.93,-3.54,146.42
36.44,-9.83,138.12
31.31,-11.78,125.73
29.97,-16.42,117.55
27.10,-22.58,108.70
24.35,-21.24,93.69
29.72,-23.44,81.67
31.13,-27.95,81.48
28.75,-30.82,72.08
14.34,-14.59,50.23
26.67,-17.46,49.50
18.74,-22.03,57.62
13.55,-14.16,43.76
16.17,-14.22,43.52
8.54,-9.03,30.27
9.64,-6.29,21.97
6.77,-2.50,13.49
8.24,0.67,4.94
10.56,1.65,4.09
9.58,1.10,3.72
6.71,0.31,2.14
4.76,-0.61,-0.73
3.66,-0.79,-3.05
2.69,-0.67,-3.97
1.71,-0.24,-4.15
1.34,0.43,-4.09
1.40,1.71,-3.97
1.65,2.69,-3.48
1.53,3.36,-2.87
1.10,3.78,-2.14
0.18,3.91,-1.65
-0.67,3.78,-1.46
-0.85,3.72,-1.16
-0.79,3.66,-0.61
-0.31,3.48,0.31
0.18,3.48,1.28
0.06,3.36,1.71
0.06,3.48,1.40
-0.24,4.15,1.77
-0.98,5.19,2.56
-1.59,6.23,2.56
-2.56,7.39,1.83
-4.33,8.79,1.65
-6.65,10.56,1.53
-7.87,12.39,1.40
















-,-,-
2.50,-2.69,0.55
1.89,-2.62,0.12
1.16,-3.17,-0.06
0.85,-3.66,-0.31
0.55,-3.97,-0.12
0.55,-3.91,0.31
-0.12,-3.60,0.31
1.22,-3.11,0.49
1.59,-2.44,1.16
2.14,-2.01,0.98
2.50,-1.83,0.85
2.32,-1.71,0.43
2.26,-2.14,0.12
2.44,-2.44,-0.12
2.75,-2.44,-0.06
3.36,-2.38,0.06
4.15,-2.32,0.49
5.00,-1.95,1.04
6.41,-1.46,1.53
8.42,-0.55,2.26
11.41,1.16,4.15
14.40,4.15,7.02
18.37,7.87,10.13
20.69,11.23,12.51
19.71,12.27,13.12
15.93,10.68,10.93
11.66,7.26,7.39
8.54,3.78,5.25
7.08,1.77,4.82
8.18,1.71,5.25
10.68,2.99,6.84
14.77,4.64,8.85
21.79,5.55,11.90
31.37,1.95,14.89
42.11,-4.39,17.09
55.18,-15.26,18.55
66.53,-9.46,21.61
76.84,-4.76,29.48
85.82,-7.14,32.47
85.08,-3.11,29.48
87.04,-0.85,26.43
87.04,-3.54,26.67
79.83,-7.20,20.39
67.99,-7.39,13.79
54.20,-7.02,9.34
42.24,-8.73,8.24
33.94,-8.00,8.91
25.63,-1.59,9.95
19.59,-0.67,9.70
9.46,1.40,5.13
2.14,-1.83,2.44
-3.17,-4.15,0.31
-7.57,-3.42,-1.28
-12.57,-0.43,-1.83
-18.37,3.54,-2.62
-23.25,8.42,-4.15
-28.08,13.67,-8.06
-31.31,17.21,-12.70
-37.72,22.40,-26.06
-39.49,28.93,-49.80
-41.38,38.15,-66.35
-40.89,48.28,-72.14
-35.77,59.14,-76.78
-27.47,65.49,-81.91
-18.31,64.94,-84.59
-11.47,57.56,-81.91
-7.69,43.76,-74.95
-5.19,24.29,-64.21
-3.85,2.99,-51.88
-2.62,-15.63,-39.79
2.26,-34.18,-27.40
8.18,-51.82,-16.36
11.35,-66.77,-6.35
11.96,-78.12,2.62
10.50,-82.89,11.05
-4.09,-45.29,12.82
-11.84,-19.84,4.58
-2.87,-19.65,-5.37
-2.56,-25.63,-3.72
-3.23,-15.14,-1.28
1.53,-1.89,7.45
8.54,5.55,32.71
18.31,10.19,66.77
27.89,11.72,97.11
34.36,13.18,122.99
38.70,14.16,144.17
42.48,11.05,162.78
42.48,6.77,170.59
39.49,1.77,165.47
37.60,-5.86,151.73
38.64,-16.36,135.07
31.19,-17.94,115.17
26.86,-20.32,97.29
12.57,-17.33,76.72
10.93,-17.52,62.87
2.62,-11.35,47.97
6.04,-5.13,37.23
-3.11,6.23,17.64
-7.39,10.62,6.77
-7.08,13.79,6.59
-4.88,17.27,4.33
-9.52,21.42,-3.97
-14.95,24.84,-26.43
-23.13,31.01,-62.62
-21.55,38.76,-102.36
-17.09,51.03,-130.31
-13.31,62.56,-144.04
-10.07,69.64,-147.52
-5.62,70.19,-143.74
1.28,64.03,-134.77
10.38,51.21,-123.05
21.06,32.65,-109.25
30.70,11.60,-94.24
35.16,-9.09,-78.25
35.03,-28.14,-62.87
29.72,-43.46,-49.38
23.93,-55.24,-36.99
20.87,-65.31,-24.84
19.17,-74.58,-13.85
16.36,-75.13,-3.11
-6.41,-38.09,4.88
-14.34,-22.89,-1.53
-1.89,-24.54,-8.67
-0.73,-27.77,-8.73
0.06,-17.82,-4.94
2.20,-6.84,2.81
9.16,-1.40,27.04
17.40,-3.17,64.88
22.83,-1.65,94.42
33.02,0.12,116.33
41.32,-0.37,133.85
46.69,-2.50,144.71
48.65,-1.71,150.27
46.69,-3.97,148.86
43.70,-11.17,141.91
36.93,-17.94,127.50
32.10,-18.86,110.41
32.29,-28.38,101.62
33.75,-34.97,100.04
21.91,-28.26,84.11
20.45,-28.20,74.65
19.35,-26.67,65.92
14.83,-24.17,51.94
19.04,-19.04,49.74
22.95,-17.70,59.39
19.59,-21.24,61.34
11.41,-12.51,47.36
9.77,-7.69,28.75
16.85,-10.62,31.56
15.87,-14.34,36.32
9.70,-8.06,29.79
4.09,-3.30,13.61
4.94,-1.77,4.94
4.88,-1.34,3.36
4.27,-0.73,3.30
4.15,-0.37,2.62
4.82,-0.06,1.65
4.76,0.43,0.92
3.72,0.67,0.24
3.60,1.10,-1.10
3.72,1.59,-2.38
2.93,1.77,-2.50
2.44,1.95,-2.93
2.38,1.95,-2.87
2.32,1.95,-2.56
2.08,1.95,-2.81
2.01,2.20,-2.26
2.87,2.44,-2.01
3.78,2.56,-1.65
3.30,2.56,-0.61
1.89,2.14,0.12
1.16,1.59,0.00
0.73,1.53,0.06
0.67,1.53,0.49
0.43,1.89,1.04
1.10,2.26,0.61
1.71,2.69,-0.61
1.28,2.56,0.79
0.55,2.38,1.10
1.34,2.08,0.67
















-,-,-
-26.25,-11.35,1.77
-30.76,-11.35,1.22
-34.97,-10.01,-0.18
-37.17,-7.87,-1.77
-36.74,-6.29,-3.11
-33.75,-5.55,-3.85
-29.48,-5.86,-3.66
-24.54,-6.53,-2.87
-19.96,-7.26,-2.08
-16.42,-8.00,-1.83
-14.47,-7.93,-1.71
-13.67,-6.41,-1.89
-13.67,-3.72,-1.95
-13.37,-0.49,-2.32
-12.51,2.62,-2.87
-10.99,4.52,-3.05
-8.61,5.13,-2.99
-5.49,4.09,-2.99
-2.08,2.20,-3.17
0.49,-0.06,-3.23
1.77,-0.98,-2.87
2.75,-0.61,-1.89
3.17,-0.49,-0.67
2.93,-0.98,0.31
2.50,-1.59,0.67
1.89,-2.14,0.18
1.16,-3.17,-0.37
0.37,-4.09,-0.73
0.06,-5.37,-0.85
-0.37,-7.08,-1.16
-0.85,-8.67,-0.98
-0.67,-11.29,-0.92
-0.12,-15.81,-0.67
0.79,-22.64,-0.73
1.34,-31.49,-0.18
1.40,-40.65,0.98
1.53,-49.44,2.87
1.89,-59.02,4.94
2.38,-68.91,7.02
1.46,-58.78,9.09
-11.84,-32.04,5.74
-8.67,-22.52,-3.30
0.00,-23.62,-6.96
-0.79,-20.63,-6.41
2.20,-8.42,-2.81
10.56,2.69,2.20
21.42,7.51,10.86
37.05,1.53,21.85
53.59,-2.50,28.14
72.20,-4.39,28.63
88.99,-6.96,27.16
104.61,-11.90,28.08
114.20,-14.59,24.29
120.48,-19.10,22.09
111.51,-19.65,19.04
95.64,-12.51,12.45
77.76,-8.91,4.76
58.78,-6.35,0.67
38.09,-8.36,-0.12
21.06,-9.58,-2.93
5.74,-6.59,-3.48
-4.33,-9.64,-3.11
-12.21,-16.30,-4.21
-18.01,-19.59,-6.23
-23.25,-17.70,-8.06
-28.44,-10.25,-8.00
-32.53,4.15,-8.85
-33.39,16.48,-9.09
-36.62,24.48,-10.68
-38.70,29.60,-21.67
-36.62,31.25,-37.05
-35.10,32.84,-48.89
-33.81,39.61,-56.95
-29.79,47.42,-65.55
-22.83,51.76,-74.28
-13.79,49.19,-80.02
-5.68,39.86,-79.59
-0.31,25.70,-72.88
1.89,10.25,-62.68
2.26,-5.31,-51.09
5.31,-22.58,-39.18
9.52,-41.32,-26.37
12.51,-58.65,-12.70
11.60,-71.47,0.92
1.65,-44.62,13.73
-22.52,-21.12,12.70
-10.56,-19.10,0.37
-1.40,-21.73,2.32
0.55,-13.73,14.28
6.96,-1.89,35.58
17.64,3.30,66.65
26.67,4.52,93.87
45.41,3.66,131.35
54.26,5.62,166.26
60.42,4.52,182.92
58.59,2.56,184.33
51.15,0.24,168.33
45.72,-3.36,146.00
36.93,-10.19,125.43
27.34,-12.76,98.14
21.97,-15.93,79.10
10.93,-14.28,54.99
9.89,-15.01,43.95
5.31,-10.62,38.88
1.89,-6.35,35.40
-3.48,0.12,20.14
-3.54,7.02,5.25
-2.08,11.72,1.22
3.97,15.93,-4.27
-0.49,19.04,-22.40
-13.61,22.34,-40.22
-22.83,30.46,-73.49
-21.79,35.77,-109.74
-17.70,40.89,-133.61
-13.55,47.97,-141.66
-10.50,53.71,-139.10
-5.07,55.36,-131.35
2.93,50.66,-122.50
10.99,40.71,-114.32
16.54,27.83,-107.73
19.10,14.47,-102.11
21.85,1.65,-96.92
24.78,-11.11,-89.72
25.15,-24.90,-79.53
25.76,-39.73,-65.43
25.09,-54.69,-48.40
20.51,-61.10,-29.54
1.89,-29.54,-9.03
-0.37,-20.02,2.32
7.14,-23.99,-2.99
8.18,-26.00,-5.43
7.69,-18.37,-1.28
8.79,-10.07,16.78
3.23,-8.54,55.36
13.79,-7.57,88.62
25.76,-4.82,113.34
37.84,-5.00,134.40
47.18,-3.60,149.96
53.16,-4.82,157.84
57.50,-9.28,162.72
59.14,-15.50,159.61
54.02,-21.48,147.28
50.48,-23.99,134.03
41.56,-29.54,120.00
34.42,-33.26,101.50
25.45,-35.22,82.95
23.99,-39.67,75.87
19.41,-33.02,64.82
22.71,-29.72,68.12
15.81,-28.44,61.40
19.29,-27.28,57.13
10.74,-21.18,43.82
8.61,-8.85,26.43
16.24,-14.22,35.83
6.96,-12.76,31.07
3.11,-4.58,16.11
1.71,-0.85,6.23
1.71,0.12,4.94
2.87,0.79,4.88
3.78,1.16,4.58
3.78,0.67,3.85
4.33,0.31,1.83
4.58,0.24,-1.77
3.17,0.12,-2.20
1.77,0.37,-1.65
1.22,1.10,-2.20
1.10,1.89,-1.89
1.16,2.20,-2.01
2.20,2.69,-2.69
3.17,2.99,-2.69
3.85,2.87,-1.95
4.09,2.20,-2.01
3.60,1.34,-2.14
2.38,0.85,-1.89
0.61,0.43,-1.89
-0.43,0.31,-2.20
0.85,0.67,-2.44
0.92,1.16,-2.20
0.24,1.77,-1.28
0.73,2.14,-1.46
















-,-,-
-10.62,-2.69,1.53
-10.38,-3.42,1.34
-10.07,-3.78,1.71
-9.83,-3.85,1.89
-9.22,-4.39,1.83
-8.73,-5.86,1.77
-8.48,-7.02,1.53
-8.18,-8.42,1.34
-7.20,-10.01,1.65
-6.10,-10.80,1.71
-5.13,-10.19,2.14
-4.52,-7.08,2.99
-4.21,-3.36,3.48
-3.54,-1.22,2.87
-2.38,-1.16,3.48
-2.44,-1.16,2.50
-0.98,-0.98,1.16
-0.31,-1.53,0.37
0.49,-1.59,-0.24
0.79,-1.34,-0.37
0.73,-1.16,0.00
0.85,-1.46,0.37
1.40,-2.32,1.04
2.81,-3.91,1.46
4.15,-5.31,1.83
4.33,-6.29,2.26
3.48,-6.47,1.77
2.81,-6.47,0.92
2.87,-6.47,1.10
2.93,-6.10,2.08
2.87,-5.31,2.38
4.46,-5.62,2.26
5.00,-6.53,2.50
5.07,-6.65,1.10
5.49,-6.71,-0.31
6.47,-6.77,-1.16
6.84,-6.10,-0.92
7.87,-4.52,0.24
10.07,-2.50,1.77
15.20,0.98,3.85
22.89,4.27,7.57
33.45,4.70,13.73
43.95,6.71,19.96
58.65,6.96,23.38
75.74,1.34,27.65
88.44,6.47,26.61
105.41,3.66,25.88
111.57,1.89,17.27
116.46,3.72,9.46
120.61,-3.72,7.45
109.92,-3.60,2.08
90.94,-5.86,-6.77
70.86,-13.92,-10.93
47.61,-11.96,-13.43
29.24,-5.62,-13.61
15.99,-6.04,-6.47
4.39,-4.27,-3.78
-5.62,-4.15,-3.23
-14.10,-6.41,-3.60
-20.20,-11.66,-5.00
-25.15,-12.76,-7.08
-30.03,-8.18,-9.95
-35.46,-0.12,-11.54
-42.36,13.85,-17.76
-48.34,25.82,-30.88
-49.01,31.80,-46.39
-43.58,33.63,-55.05
-40.53,39.49,-58.29
-37.41,48.52,-64.33
-35.03,57.19,-73.06
-30.21,60.55,-79.83
-21.18,55.42,-80.02
-13.06,44.25,-74.10
-6.96,28.26,-64.21
-3.17,9.28,-52.86
0.00,-9.95,-41.63
4.52,-31.25,-31.37
10.44,-54.44,-20.32
12.02,-73.73,-8.30
10.07,-85.51,3.91
8.12,-66.16,18.55
-19.65,-25.51,21.18
-13.73,-18.31,3.11
2.01,-22.83,-3.42
3.66,-20.63,1.34
4.94,-4.70,8.91
9.03,9.03,26.61
17.15,10.07,66.35
30.46,12.88,104.06
56.21,12.15,139.34
68.66,8.12,172.30
74.58,1.95,190.73
73.24,0.79,190.37
68.24,0.79,173.83
58.23,-5.19,148.25
43.88,-10.80,115.54
34.12,-12.57,84.66
23.80,-16.24,63.78
17.52,-19.65,50.84
9.89,-14.71,41.63
0.49,-6.47,28.08
-4.94,-1.71,16.30
-6.23,3.78,2.20
-7.51,9.46,-3.97
-9.77,12.70,-13.61
-5.25,15.69,-30.94
-18.49,23.19,-51.03
-21.00,38.27,-81.97
-24.05,54.14,-104.98
-26.31,63.90,-119.75
-25.21,67.63,-129.76
-21.73,65.80,-137.45
-16.42,60.06,-143.37
-11.29,49.87,-146.00
-5.80,35.77,-142.40
-1.40,21.55,-132.39
0.85,9.22,-118.47
2.20,-1.89,-102.48
3.48,-13.98,-87.16
7.39,-28.81,-72.94
11.29,-44.74,-58.29
12.70,-59.33,-45.04
11.90,-71.90,-34.85
7.57,-62.44,-23.93
-12.82,-26.61,-8.06
-4.15,-25.94,-12.82
5.37,-30.27,-18.55
5.07,-32.90,-17.40
0.12,-24.41,-14.22
3.72,-12.76,-6.23
0.73,-3.23,4.76
3.85,-1.77,24.29
13.37,-5.43,52.86
22.28,0.06,78.06
39.49,-1.22,103.58
48.89,-1.16,125.92
60.12,-0.55,142.70
67.20,2.38,153.87
72.69,0.98,158.14
69.95,4.21,151.00
69.76,-1.71,140.44
66.47,-8.67,129.21
60.61,-8.12,112.67
68.18,-18.92,108.83
68.30,-26.12,111.02
56.88,-23.01,98.88
49.93,-26.12,84.78
48.46,-30.88,77.76
37.90,-27.83,65.73
35.58,-23.19,52.92
24.35,-21.24,39.73
17.64,-16.60,25.76
22.64,-17.09,23.32
18.19,-19.71,24.60
10.74,-14.34,17.76
5.07,-6.90,6.35
5.80,-4.52,3.36
5.98,-4.33,5.31
10.50,-6.71,12.21
5.37,-5.92,13.43
4.76,-2.87,7.39
6.77,-4.15,6.16
6.29,-3.48,4.33
4.94,-0.98,0.85
4.33,0.43,-1.59
4.33,0.49,-2.32
3.91,0.12,-2.62
3.17,-0.37,-3.60
3.17,-0.92,-4.33
3.30,-1.04,-4.82
3.42,-1.04,-4.82
2.75,-0.49,-4.64
1.89,-0.12,-4.46
1.46,0.49,-4.39
0.73,0.92,-3.91
0.37,1.46,-3.60
-0.31,2.01,-3.72
-0.67,2.50,-3.97
-1.65,2.32,-4.15
-2.69,1.95,-4.27
















-,-,-
2.93,0.00,1.83
4.21,-0.49,1.89
3.36,-1.16,1.77
1.77,-1.59,1.77
2.14,-1.83,1.40
3.17,-2.20,0.92
3.11,-2.01,0.67
3.23,-1.71,0.79
2.99,-1.34,0.92
2.69,-1.16,1.10
2.50,-0.61,1.28
2.32,-0.24,1.28
2.32,0.00,1.53
2.56,-0.06,1.46
2.75,-0.18,1.04
3.42,-0.24,0.92
3.85,-0.31,0.79
4.27,-0.18,1.22
4.52,0.12,1.46
4.70,0.24,1.22
4.52,0.06,1.22
4.09,-0.18,0.73
3.36,-0.43,0.49
2.87,-0.79,0.18
3.36,-0.61,0.12
4.03,-0.12,0.18
4.58,0.24,0.49
5.68,1.04,0.85
7.32,2.08,1.71
10.25,3.91,2.50
14.16,6.10,3.66
17.52,7.57,4.33
22.34,7.45,5.31
28.38,5.25,7.45
36.93,0.85,10.56
45.84,-3.36,12.70
58.23,-3.05,11.41
67.63,-3.91,12.33
76.17,-0.67,7.45
86.18,0.85,7.93
85.57,-1.89,2.14
87.77,-4.70,-2.26
82.52,-2.38,-6.29
71.78,-2.99,-4.03
56.09,0.79,-6.41
41.93,-1.89,-5.49
27.59,-6.10,-7.51
14.59,-10.56,-5.98
4.76,-6.23,-5.92
-5.55,-5.31,-3.11
-15.20,-11.29,-3.36
-22.16,-16.85,-4.46
-27.53,-18.74,-5.74
-31.56,-17.40,-7.14
-33.33,-12.94,-7.20
-33.94,-6.04,-5.80
-34.55,2.44,-5.07
-33.69,7.51,-6.16
-32.04,10.56,-10.25
-31.37,13.98,-21.18
-29.05,16.54,-35.77
-25.45,18.19,-44.13
-23.74,22.28,-46.75
-19.78,28.99,-48.95
-14.89,33.57,-52.25
-8.24,33.63,-56.09
-1.65,29.48,-59.20
3.60,23.19,-60.30
8.12,15.20,-58.84
11.23,6.04,-55.60
13.49,-2.87,-51.51
15.01,-12.70,-47.18
12.63,-24.60,-42.60
6.29,-36.99,-36.44
-0.37,-47.79,-29.91
-4.70,-57.13,-23.13
-4.76,-58.29,-14.77
-7.26,-29.36,-3.42
-19.65,-7.57,-0.61
-16.97,-3.54,-2.32
-13.00,-12.21,-2.75
-12.33,-14.40,-1.89
-12.39,-4.03,2.87
-6.04,4.82,17.09
8.61,8.85,41.14
17.27,12.94,72.39
24.41,12.27,101.14
40.41,11.05,125.92
54.08,7.93,147.95
60.49,4.82,161.38
62.74,3.30,165.59
59.02,-1.83,156.25
56.58,-3.97,139.89
50.78,-8.79,120.06
40.95,-10.38,97.11
32.71,-7.39,74.46
26.06,-9.52,60.12
17.09,-10.80,50.84
7.63,-11.11,38.45
1.40,-7.39,23.38
-2.14,-5.00,11.23
-2.87,-3.48,0.98
-4.33,-2.38,-4.27
-7.08,-2.01,-12.76
-13.06,-1.28,-26.86
-17.09,5.62,-47.97
-21.55,10.56,-67.14
-25.63,13.49,-82.21
-29.17,21.30,-90.88
-33.39,33.51,-94.18
-32.59,44.74,-97.23
-30.27,50.11,-100.34
-27.34,48.58,-102.05
-23.38,42.66,-103.33
-19.71,34.00,-104.68
-15.99,24.60,-104.49
-11.90,16.78,-102.66
-8.85,10.19,-98.21
-4.03,2.87,-88.87
2.01,-5.62,-74.95
6.59,-14.95,-59.57
10.99,-25.33,-47.18
14.59,-36.56,-39.25
17.03,-48.10,-33.94
19.65,-59.57,-29.72
22.46,-65.06,-25.15
22.95,-33.87,-12.94
9.58,-9.77,1.71
6.23,-7.45,-1.59
13.73,-12.15,-4.33
17.46,-10.25,-3.30
15.38,-4.88,-1.53
12.51,-2.62,4.76
14.53,-2.20,13.12
17.09,-5.31,32.10
25.02,-6.59,56.27
28.14,-8.79,87.22
32.84,-9.22,110.96
43.88,-12.02,132.51
52.55,-11.66,143.55
60.67,-11.47,147.22
63.48,-10.25,143.25
64.76,-13.67,141.30
60.85,-15.01,136.11
60.85,-19.17,137.33
57.50,-23.68,136.11
54.57,-29.66,134.83
50.60,-30.64,129.09
42.91,-27.22,117.92
34.73,-26.25,105.41
31.07,-27.04,96.01
30.64,-27.34,89.72
28.14,-24.84,80.14
23.25,-21.91,68.79
22.34,-22.03,62.50
19.35,-20.39,58.17
18.31,-24.48,57.07
15.01,-22.09,50.05
13.55,-19.41,42.36
13.98,-14.95,34.00
11.47,-11.96,24.72
11.72,-2.75,12.76
12.70,0.12,5.80
12.76,0.85,1.16
12.51,1.16,-1.71
10.38,1.46,-2.38
7.39,1.46,-1.34
3.42,1.46,-0.37
1.22,1.65,-0.12
0.55,1.95,0.12
-1.10,2.32,0.00
-3.23,2.81,-1.10
-5.19,3.17,-2.62
-6.23,2.81,-2.99
-6.71,3.60,-3.48
-8.54,5.37,-3.42
-12.08,7.51,-3.23
-16.66,9.52,-3.85
-24.96,11.60,-5.86
-30.88,15.63,-10.80
