-,-,-
-0.12,2.56,0.55
0.00,2.62,0.43
0.00,2.87,0.37
0.24,3.11,0.37
0.61,2.62,0.43
1.04,2.26,0.55
1.59,1.95,0.79
1.59,2.08,0.98
0.79,3.23,1.16
-0.92,5.31,1.83
-0.37,8.18,2.26
-1.10,10.80,1.71
-0.61,12.33,0.06
-1.10,12.51,-1.34
-1.40,12.02,-2.38
-1.04,10.93,-2.75
-0.43,8.91,-1.89
-0.18,6.23,-0.73
-0.43,3.36,-0.06
-1.22,1.40,-0.06
-2.01,0.79,-0.31
-2.14,1.16,-0.06
-2.62,2.26,0.12
-1.77,2.75,0.18
-1.71,1.83,0.79
-1.59,0.85,1.22
-1.46,0.12,1.53
-0.61,-0.12,1.89
-0.85,-0.67,2.69
-2.01,-0.73,3.42
-2.26,-0.67,3.54
-2.14,-2.75,4.46
-3.11,-8.12,6.53
-4.27,-17.64,10.31
-7.81,-30.27,16.60
-12.02,-42.42,23.25
-12.76,-44.25,19.84
-11.96,-33.02,-6.77
-10.80,-20.75,-10.62
-0.61,-19.29,-4.03
4.88,-18.43,0.31
10.44,-7.08,3.17
27.16,3.36,6.96
46.88,7.81,10.99
62.93,-6.96,11.47
78.31,-16.66,8.36
88.93,-26.25,8.30
94.30,-39.12,7.08
99.12,-45.72,1.10
103.45,-49.44,-1.10
106.26,-50.17,-0.31
102.91,-46.14,-3.72
93.20,-43.70,-1.40
72.81,-31.31,-1.77
50.35,-18.80,-1.34
29.42,-8.67,1.10
13.43,-1.10,0.67
4.27,4.94,0.67
-0.73,2.87,-0.31
-6.41,-2.50,-2.75
-14.53,-6.53,-5.80
-21.55,-8.06,-9.09
-28.93,-7.02,-11.54
-37.78,-3.05,-14.65
-45.90,8.73,-12.45
-54.63,25.09,4.88
-65.43,40.83,21.79
-72.20,57.43,15.44
-74.10,71.53,0.24
-71.29,80.63,-6.47
-63.78,81.48,0.43
-56.15,72.02,17.76
-47.06,54.38,35.95
-36.93,32.35,50.48
-27.04,7.69,64.64
-16.66,-17.40,79.83
-9.52,-36.44,85.75
1.89,-25.27,28.38
17.33,-16.48,-3.85
55.18,-8.06,6.65
71.90,-12.33,24.96
82.40,-22.77,30.82
102.60,-33.14,21.97
121.77,-41.08,11.72
130.68,-51.09,-0.31
135.19,-52.49,-4.88
119.14,-46.69,-5.13
89.48,-37.23,5.31
62.93,-24.41,3.91
46.81,-10.99,6.47
35.46,-2.87,9.83
20.20,8.97,10.13
7.51,10.44,6.35
-2.44,11.23,2.87
-10.99,12.45,-1.65
-19.23,9.03,-5.68
-30.46,11.23,-14.77
-40.77,16.42,-45.65
-46.57,17.64,-74.04
-50.48,23.62,-91.06
-51.15,34.97,-105.29
-50.60,43.88,-119.08
-47.06,42.48,-131.59
-39.55,30.64,-136.72
-33.69,12.76,-127.14
-22.22,-7.20,-103.03
-16.24,-25.21,-69.89
-21.61,-37.41,-35.34
-29.05,-43.64,-5.80
-32.78,-44.86,14.83
-21.97,-31.07,-5.25
-17.76,-18.68,-8.79
1.46,-18.19,-3.36
-7.63,-21.67,4.15
-7.39,-17.70,12.70
-1.77,-10.38,25.15
6.29,-1.59,40.59
8.48,1.59,81.36
16.30,7.81,123.60
28.20,12.15,148.19
39.55,14.83,170.65
44.19,15.14,191.16
45.23,18.68,199.46
41.87,19.47,209.53
35.03,25.51,216.49
33.26,23.68,220.58
28.26,17.82,222.41
24.60,14.89,218.81
18.74,12.21,201.84
15.26,7.14,176.27
10.99,4.27,141.30
5.19,2.44,106.93
2.69,5.55,73.61
-1.53,9.16,50.72
-4.58,14.28,30.03
-4.82,20.69,11.90
-6.53,28.14,-10.86
-8.67,37.11,-53.83
-2.26,43.76,-109.99
-1.34,46.94,-157.41
-3.42,49.74,-198.36
-12.27,43.58,-231.99
-19.78,38.76,-261.60
-30.52,31.98,-286.01
-44.19,26.31,-302.61
-58.53,22.28,-311.52
-62.56,16.24,-305.54
-58.78,6.41,-283.39
-58.96,-6.41,-246.95
-65.67,-21.48,-201.78
-73.61,-36.07,-158.33
-72.57,-45.29,-124.88
-79.71,-52.92,-100.89
-88.07,-57.13,-83.68
-81.05,-54.02,-62.32
-70.37,-53.53,-36.25
-57.68,-53.83,-9.52
-40.10,-55.18,17.46
-20.20,-54.81,40.83
4.09,-39.79,23.13
34.61,-24.41,5.31
41.75,-20.02,11.96
36.01,-27.34,34.48
30.15,-27.40,68.12
33.14,-18.49,94.36
38.64,-5.31,116.82
48.28,0.79,137.63
61.83,-5.49,163.57
68.54,-9.95,193.66
70.19,1.22,217.35
73.85,8.18,222.05
75.20,3.85,228.82
61.16,3.60,237.43
59.14,3.42,242.19
57.50,3.78,237.49
43.88,-1.95,236.51
33.94,-3.05,229.37
27.04,-0.61,209.41
26.79,0.98,194.21
22.52,4.03,177.98















-,-,-
2.44,-0.43,0.37
2.38,-0.55,0.37
2.44,-0.55,0.24
2.56,0.06,0.37
3.11,1.10,0.85
3.42,1.71,1.22
3.17,1.89,1.34
2.62,1.65,1.16
2.32,1.16,1.34
2.62,0.85,1.28
2.87,0.49,1.40
2.50,0.18,1.40
2.14,0.00,1.10
1.71,-0.31,0.73
1.22,-0.79,0.43
1.28,-0.49,0.37
1.71,0.18,0.37
2.26,0.79,0.73
2.50,1.04,1.10
2.99,1.34,1.53
2.56,1.10,1.71
2.14,0.18,1.04
1.46,-0.43,0.55
1.40,-1.10,0.31
1.16,-1.22,0.24
1.34,-0.98,-0.06
1.28,-0.79,-0.24
0.79,-0.43,0.18
1.59,0.61,0.73
2.26,1.65,1.46
3.30,2.26,2.20
4.21,2.01,2.56
4.46,1.65,2.87
4.58,0.73,2.87
5.25,0.31,2.38
5.62,0.55,2.38
8.48,2.38,3.78
15.63,6.35,6.53
25.21,7.69,10.50
36.68,4.15,12.27
49.80,-11.17,9.89
60.85,-23.13,7.32
70.56,-27.47,7.20
82.52,-35.34,-1.65
89.42,-42.97,-1.65
92.10,-49.87,-3.54
93.81,-51.51,-5.68
89.90,-52.00,-12.21
85.69,-51.09,-16.36
65.92,-39.18,-2.26
45.96,-19.78,3.17
33.81,-7.93,3.36
23.01,0.06,4.82
13.43,19.90,8.12
11.90,17.76,7.75
6.71,8.24,5.00
-0.98,0.55,1.34
-6.41,-3.42,-2.08
-10.74,-4.46,-4.46
-15.32,-3.30,-5.43
-19.53,-0.92,-6.16
-22.95,3.23,-7.02
-27.10,8.85,-7.32
-35.28,14.71,-8.67
-41.32,25.82,-7.45
-51.57,34.97,5.62
-60.73,47.55,13.55
-62.74,59.57,5.80
-59.69,68.30,-4.94
-54.14,69.82,-8.36
-51.33,63.78,-1.65
-50.78,54.32,10.38
-49.74,45.10,22.46
-45.41,37.23,33.45
-39.98,29.85,44.19
-33.57,21.18,55.24
-25.88,11.23,65.80
-17.64,-1.22,74.95
-8.54,-16.30,81.18
2.87,-21.12,63.96
9.22,-12.63,11.66
35.03,-3.60,1.46
59.94,1.16,12.82
73.36,-13.24,23.56
87.95,-24.54,18.80
110.60,-31.98,6.96
129.39,-39.12,-1.22
134.22,-48.40,-8.73
135.93,-56.46,-12.57
121.83,-50.66,-1.77
88.93,-28.02,11.72
66.22,-9.03,14.16
47.24,1.22,13.06
35.71,13.37,14.04
29.30,15.26,17.64
24.96,11.84,9.89
19.78,6.47,2.14
5.37,5.92,-0.12
-9.34,6.16,-7.45
-21.73,4.70,-23.25
-35.58,2.93,-50.66
-44.07,8.91,-79.83
-50.35,24.29,-106.51
-54.08,45.78,-130.25
-53.59,62.99,-150.09
-48.65,68.85,-162.60
-45.47,61.34,-163.76
-41.75,44.49,-152.40
-38.45,23.25,-132.08
-36.38,1.22,-108.64
-33.08,-16.91,-84.59
-31.80,-32.17,-60.49
-39.31,-40.53,-36.19
-52.92,-39.55,-10.99
-57.31,-34.48,14.65
-53.53,-31.13,37.96
-47.61,-33.14,55.85
-41.87,-39.49,65.61
-15.63,-29.30,22.16
-1.22,-27.04,-13.43
5.00,-11.78,-6.29
-1.28,-2.50,15.56
0.55,0.18,29.85
3.78,10.07,38.94
11.96,16.91,53.53
15.99,20.08,70.98
13.73,21.79,90.39
14.28,25.51,114.50
21.18,24.29,140.75
27.47,24.54,170.84
31.68,30.33,198.24
39.18,36.74,216.98
43.40,42.60,226.32
39.67,37.23,236.45
31.43,28.14,249.02
22.71,20.14,255.37
27.89,11.23,258.42
20.32,4.58,243.77
27.10,0.31,216.19
32.71,-4.15,182.74
21.67,-6.77,142.52
14.28,-4.64,109.68
8.48,-3.42,87.40
1.71,2.81,69.27
-2.44,6.16,49.62
-2.20,13.12,30.58
-5.07,22.34,5.07
-3.48,29.30,-31.98
-2.81,34.18,-84.41
4.09,46.02,-139.34
6.90,55.11,-187.13
1.04,55.42,-220.76
-11.23,53.34,-246.52
-24.54,45.78,-267.58
-22.09,35.46,-282.65
-34.97,26.55,-290.89
-45.84,19.17,-293.52
-49.74,10.44,-291.08
-50.66,0.79,-280.76
-53.47,-11.17,-259.64
-54.50,-31.80,-233.89
-50.23,-52.19,-200.99
-40.77,-67.02,-159.24
-34.55,-74.34,-117.13
-46.33,-74.89,-81.42
-52.86,-70.68,-58.29
-48.83,-64.64,-45.65
-38.82,-61.28,-36.07
-29.48,-61.89,-24.54
-24.78,-64.64,-7.20
-18.07,-67.08,17.33
-9.89,-56.76,25.02
16.30,-29.11,1.10
33.63,-17.03,5.98
30.82,-12.21,20.57
27.77,-16.54,41.93
29.97,-15.93,62.32
27.34,-5.74,80.63
28.93,2.93,104.00
33.02,8.73,133.06















-,-,-
2.20,-6.90,2.87
2.62,-4.46,3.78
2.69,-1.95,4.03
1.83,0.55,3.11
1.28,2.32,1.10
1.53,3.36,-1.46
2.26,3.72,-3.36
3.78,3.91,-3.91
4.64,3.60,-3.42
4.82,3.30,-1.65
4.64,2.32,0.92
4.58,0.98,3.54
4.39,-0.37,6.10
4.27,-1.95,8.00
3.91,-3.78,9.40
4.52,-7.39,9.89
2.81,-12.88,10.74
-0.92,-18.37,11.35
-4.94,-23.56,10.56
-8.48,-28.08,9.70
-10.74,-26.06,1.77
-8.61,-18.55,-11.78
-2.26,-16.48,-8.79
-3.05,-17.27,-0.67
-1.65,-15.14,0.24
3.17,-9.40,-1.59
7.32,-5.98,-0.67
11.29,-4.52,0.92
15.44,-4.94,2.93
20.63,-7.02,5.19
29.42,-12.39,8.18
45.59,-24.72,14.34
62.13,-31.07,24.54
82.76,-42.24,27.65
107.48,-52.67,27.10
119.57,-53.53,31.68
131.29,-58.84,29.66
134.34,-59.27,45.65
125.06,-46.81,49.44
118.04,-33.39,36.44
106.26,-26.79,28.81
87.10,-13.43,24.72
65.92,0.00,25.15
47.00,4.64,18.80
31.86,8.85,11.35
23.38,4.21,6.84
15.08,-1.10,4.88
0.61,2.26,0.55
-12.08,0.67,-5.62
-27.16,-4.52,-9.09
-39.86,-5.80,-12.51
-48.10,-0.18,-16.42
-54.38,15.63,-21.24
-65.06,37.35,-17.09
-77.27,63.11,-10.68
-83.19,85.94,-15.87
-83.62,102.17,-26.00
-82.15,106.26,-30.58
-77.64,99.18,-28.32
-73.43,82.89,-19.10
-69.15,61.10,-3.66
-64.33,38.09,15.81
-59.75,15.75,37.35
-53.16,-3.78,59.33
-45.10,-22.40,78.92
-38.27,-42.72,93.99
-29.54,-49.56,69.52
-16.30,-42.79,-4.46
20.75,-23.68,-10.93
51.15,-13.12,6.84
65.98,-13.73,29.36
84.66,-16.48,43.40
102.72,-12.70,39.43
123.11,-17.88,35.28
135.38,-29.05,38.57
137.63,-34.30,37.66
133.79,-29.42,35.46
125.92,-18.37,33.87
108.03,-5.68,32.90
82.28,7.69,29.17
57.37,13.92,23.93
33.33,18.49,17.82
15.69,20.32,14.71
3.72,19.78,8.91
-2.50,22.95,4.03
-13.18,23.56,-1.89
-21.48,25.76,-20.51
-29.91,32.04,-49.74
-36.80,37.11,-77.09
-36.25,42.85,-97.35
-30.09,43.33,-111.15
-25.27,35.28,-122.19
-25.39,21.00,-129.58
-22.28,2.81,-129.76
-18.92,-15.01,-121.70
-18.25,-30.58,-106.45
-21.18,-42.72,-86.85
-29.11,-50.23,-62.19
-38.45,-51.82,-31.56
-44.01,-52.73,-1.10
-37.84,-46.20,14.95
-21.97,-27.77,-5.55
-9.58,-25.15,-9.52
-6.59,-25.39,-5.19
-17.76,-22.40,-3.72
-17.82,-11.90,-3.85
-15.38,-2.14,11.72
-12.76,10.31,39.00
3.42,24.35,79.41
21.24,39.55,124.39
37.23,51.82,165.34
45.47,63.11,197.27
45.96,72.45,218.32
48.03,71.35,235.23
42.72,66.89,252.38
39.79,58.11,262.57
34.42,45.23,263.24
36.44,33.08,244.08
34.55,19.35,208.07
26.55,9.40,162.78
17.82,6.90,121.64
8.42,0.67,92.96
-0.67,-2.14,63.72
-3.60,0.67,31.68
-3.30,6.47,3.72
-1.53,14.34,-10.44
-6.59,20.45,-31.62
-8.36,25.27,-79.53
-2.32,28.38,-132.87
3.05,37.17,-176.64
3.66,44.74,-208.25
11.35,44.62,-232.24
10.80,38.64,-248.23
13.85,25.39,-257.26
6.59,8.48,-259.03
-10.62,-8.06,-254.09
-29.85,-23.80,-243.65
-40.22,-43.88,-220.34
-50.78,-62.68,-184.69
-68.97,-74.89,-146.36
-84.96,-77.27,-108.89
-83.80,-72.69,-80.26
-77.88,-69.46,-58.29
-67.44,-74.52,-38.21
-49.32,-75.99,-23.93
-44.56,-69.27,-29.24
-13.92,-51.45,-48.40
3.36,-49.93,-33.51
-4.33,-37.84,-8.85
-4.58,-25.15,5.37
19.65,-26.18,12.57
21.61,-23.74,27.95
21.06,-17.88,48.46
20.32,-11.41,79.16
15.32,-5.43,111.57
19.47,8.67,141.05
34.85,20.26,170.90
46.02,35.22,199.83
56.15,47.18,227.97
58.59,55.60,246.09
51.64,62.93,255.74
45.90,62.26,262.57
38.21,61.46,259.03
35.22,55.24,249.69
34.42,48.58,235.53
31.68,39.12,216.92
22.34,22.77,190.00
15.69,4.94,152.40
10.80,-6.71,118.16
7.63,-17.94,98.39
1.46,-16.36,82.95
-0.67,-17.09,83.13
-5.86,-16.36,74.71
-5.80,-15.44,60.24
-5.13,-10.93,48.22
-3.11,-8.79,45.35
-1.89,-8.48,42.48
-2.93,-6.84,34.18
-2.44,-4.09,12.21
5.31,-2.20,-1.71















-,-,-
2.50,-5.07,-2.01
2.20,-5.25,-1.59
1.71,-4.94,-0.85
0.85,-5.07,-0.43
-1.04,-5.13,-0.55
-0.55,-4.58,-0.67
-0.67,-4.03,0.00
-0.24,-3.54,0.18
0.43,-2.81,0.43
0.18,-2.38,0.37
-0.06,-2.01,0.31
0.43,-1.53,0.12
0.61,-1.22,0.12
0.85,-1.28,0.12
1.59,-1.59,0.37
2.01,-1.89,0.61
1.77,-2.14,0.61
1.53,-2.50,0.43
1.34,-2.62,0.37
1.22,-3.30,0.12
1.10,-4.09,-0.18
0.37,-4.39,-0.37
-0.06,-4.15,-0.67
0.92,-3.72,-0.49
1.34,-3.42,-0.18
1.71,-3.23,-0.12
1.83,-3.17,-0.24
2.32,-2.62,-0.61
3.11,-1.83,-0.61
5.31,-0.98,0.43
11.66,-0.61,2.99
23.01,-4.58,7.20
33.20,-16.42,12.21
46.94,-20.45,15.99
63.60,-32.65,20.39
76.78,-33.69,23.07
92.53,-42.66,28.26
98.33,-46.94,28.38
104.61,-47.79,28.81
101.75,-42.79,28.75
97.41,-36.50,24.96
90.09,-31.62,19.59
79.83,-27.95,16.54
59.94,-14.22,21.18
44.25,0.00,19.47
29.42,12.21,11.47
20.51,24.84,6.59
14.47,26.73,6.41
8.97,28.20,6.16
5.25,25.09,5.80
3.36,24.72,4.94
-0.37,22.83,3.60
-7.87,20.94,2.14
-14.10,22.89,-1.89
-18.92,25.70,-3.85
-27.89,32.29,3.11
-38.27,42.66,7.75
-44.68,55.24,-1.83
-47.36,67.57,-16.05
-50.78,77.51,-24.90
-54.38,82.28,-24.11
-57.13,80.93,-17.64
-58.23,73.79,-10.31
-57.98,62.44,-3.54
-58.90,49.50,5.43
-59.94,38.09,17.46
-61.10,28.26,31.01
-58.53,18.86,43.33
-53.28,10.31,52.92
-47.55,-0.06,59.94
-41.69,-12.82,62.44
-36.07,-26.86,58.41
-22.16,-31.07,17.52
-12.02,-23.19,-11.54
14.65,-10.07,-3.23
34.73,-10.19,10.86
54.20,-9.40,17.94
73.97,-3.66,24.96
93.32,-10.56,31.19
108.52,-21.36,35.34
123.29,-32.29,30.70
128.85,-38.76,29.66
128.85,-41.44,29.30
120.18,-34.18,28.32
105.71,-24.48,24.96
87.52,-10.62,20.14
63.96,3.11,19.35
44.31,12.94,15.50
26.12,15.63,15.75
11.41,23.93,11.78
3.48,25.82,6.35
-4.52,21.85,1.16
-12.08,18.68,-6.29
-20.02,16.54,-26.18
-25.39,18.07,-52.92
-29.30,23.86,-75.87
-31.62,28.87,-93.02
-32.41,32.17,-106.20
-34.00,33.26,-115.78
-37.35,32.35,-120.30
-34.73,27.77,-118.04
-28.93,18.98,-108.09
-27.65,7.32,-92.83
-25.88,-4.21,-74.40
-25.63,-14.47,-55.60
-27.34,-24.54,-37.05
-23.93,-31.68,-19.90
-25.21,-40.16,-2.50
-26.06,-50.66,11.96
-25.09,-59.14,17.64
-22.52,-49.38,-0.12
-6.96,-31.49,-26.18
1.95,-21.97,-16.72
-3.78,-18.86,-0.06
-7.57,-11.11,2.08
-1.10,-3.72,-2.08
2.69,-0.55,9.70
1.65,1.28,34.36
5.98,8.48,63.17
12.70,22.09,99.85
22.77,38.15,141.60
33.45,53.65,180.73
44.25,65.19,212.16
46.75,79.83,233.70
53.59,81.54,253.97
46.33,78.92,279.72
43.64,71.47,293.33
40.28,61.40,280.88
37.78,45.17,252.14
24.41,26.00,209.41
16.78,12.39,165.47
8.73,1.22,125.61
4.88,-2.99,93.57
0.85,-0.92,63.05
-1.34,2.44,39.98
-0.73,5.98,11.23
3.05,14.28,-3.54
0.24,20.63,-13.73
0.79,25.15,-54.44
7.02,23.38,-107.42
14.34,26.86,-155.70
12.88,31.74,-189.21
3.60,30.21,-213.26
4.76,22.89,-236.76
0.92,12.15,-257.81
-12.82,0.00,-276.18
-25.39,-13.85,-287.54
-41.08,-29.17,-284.55
-54.57,-43.40,-265.69
-63.17,-57.19,-234.31
-73.06,-67.44,-194.95
-83.07,-73.18,-154.91
-86.24,-75.93,-124.57
-83.80,-79.22,-105.41
-75.20,-87.10,-91.19
-54.93,-82.34,-80.81
-54.32,-74.77,-59.51
-58.04,-69.15,-25.51
-56.88,-62.68,5.37
-13.24,-39.49,-11.29
23.99,-25.45,-7.87
27.22,-20.20,9.77
26.67,-16.24,34.61
43.27,-8.18,55.11
59.33,0.85,83.44
65.12,13.43,118.96
70.68,21.36,156.80
77.82,39.67,200.38
82.70,57.74,232.42
99.67,58.29,254.39
94.30,64.88,270.20
86.30,63.78,281.68
74.77,62.32,280.40
64.76,56.82,276.55
44.19,50.48,267.40
33.75,40.47,250.24
25.21,28.02,228.03
17.76,11.35,197.57
12.33,5.68,173.77
5.74,-5.43,149.17















-,-,-
-5.25,1.28,-0.43
-5.55,0.18,0.31
-5.98,-0.06,0.55
-5.92,0.18,0.67
-5.07,0.24,0.43
-3.54,-0.18,0.24
-2.93,-0.73,0.55
-3.36,-0.61,1.10
-4.27,0.00,1.46
-3.97,1.10,0.73
-3.72,1.22,0.00
-3.48,0.43,-0.37
-3.42,-0.61,-0.18
-3.54,-1.46,0.24
-4.21,-1.71,1.28
-5.13,-1.53,1.65
-5.92,-1.16,1.40
-5.74,-0.67,0.49
-4.82,0.06,-0.06
-4.39,0.06,0.24
-4.03,-0.06,0.73
-4.09,-0.31,1.16
-3.85,0.06,1.40
-3.23,0.43,1.16
-2.38,0.85,1.16
-1.95,0.73,1.04
-2.44,0.98,1.10
-3.36,1.46,0.55
-4.27,2.56,-0.31
-4.58,3.48,-0.85
-4.76,4.27,-1.46
-5.98,4.76,-2.20
-8.18,5.07,-3.17
-9.70,6.41,-4.52
-11.35,7.51,-5.19
-12.51,8.24,-5.31
-13.00,7.45,-4.64
-13.37,5.49,-3.30
-14.65,2.50,-0.73
-16.24,-0.67,1.89
-16.36,-6.53,5.74
-16.05,-17.15,11.78
-16.91,-30.88,20.32
-16.72,-37.48,21.30
-14.65,-26.06,-3.05
-0.79,-18.86,-6.71
14.53,-14.10,4.94
26.00,-8.36,11.84
51.21,-4.21,13.00
75.44,-15.26,14.34
93.26,-24.17,15.99
107.18,-41.81,24.60
114.87,-54.63,29.36
119.20,-55.60,30.82
122.38,-50.35,32.23
116.94,-45.04,32.17
103.88,-36.19,23.32
88.20,-28.87,16.54
64.27,-19.53,10.93
39.18,-6.59,5.98
21.36,-0.43,2.99
5.49,6.59,0.37
-3.72,6.47,-3.05
-11.35,-2.20,-3.91
-22.22,-8.54,-5.00
-34.97,-9.64,-9.16
-50.60,0.79,-14.95
-64.94,19.23,-15.75
-79.16,37.54,-1.65
-89.23,55.91,12.76
-92.96,69.27,9.03
-89.42,76.05,-2.56
-81.42,77.94,-9.34
-74.28,71.11,-4.94
-59.88,57.74,7.32
-46.88,38.76,28.32
-35.83,16.78,52.06
-26.92,-5.37,72.14
-16.24,-20.14,70.92
-11.35,-15.38,15.81
11.60,-10.50,-2.99
34.00,-6.35,7.57
50.23,-5.92,25.51
70.07,-9.64,33.87
92.83,-15.50,36.19
114.01,-31.19,28.44
127.08,-44.37,21.79
137.94,-50.29,25.02
140.01,-47.42,29.11
126.46,-38.02,27.95
97.96,-24.29,25.39
69.64,-12.82,25.02
46.02,-1.28,14.89
28.50,10.31,13.49
15.69,17.52,10.99
5.00,21.30,4.15
-2.56,19.17,-2.44
-10.19,12.02,-8.00
-18.74,8.67,-24.72
-27.83,8.48,-48.52
-31.92,14.95,-72.45
-37.23,20.63,-91.67
-36.38,24.54,-109.92
-32.04,24.35,-125.73
-28.63,20.08,-136.17
-26.86,11.60,-139.10
-25.33,0.61,-132.75
-26.00,-17.27,-116.94
-28.63,-34.61,-91.86
-35.58,-44.37,-55.97
-35.40,-52.55,-19.04
-37.48,-50.90,8.97
-32.90,-27.71,-4.58
-14.22,-21.00,-7.08
2.38,-17.33,-1.10
-12.70,-18.07,4.33
-11.47,-9.83,15.56
-0.92,3.54,39.79
8.00,15.14,75.81
8.91,28.93,110.72
16.97,38.82,145.45
27.47,48.83,176.45
32.04,51.33,203.25
31.62,55.73,218.38
30.15,57.98,232.73
24.66,57.31,243.96
21.48,51.33,238.04
21.91,40.95,217.04
20.08,28.56,188.05
16.97,17.94,164.18
17.33,6.41,136.47
12.33,6.23,100.83
5.86,5.07,65.61
1.04,3.97,39.67
-1.46,8.30,25.76
-4.15,13.73,11.11
-4.39,21.18,-8.48
-7.26,25.94,-47.42
-4.27,27.77,-110.05
-0.85,32.78,-165.83
-0.79,38.21,-206.12
0.18,39.00,-234.74
10.25,33.20,-255.00
6.71,22.28,-267.58
12.70,5.80,-271.97
10.99,-12.33,-263.55
1.46,-30.27,-243.23
-22.40,-41.56,-212.34
-47.79,-44.43,-175.42
-64.94,-47.06,-134.89
-75.74,-58.72,-104.74
-76.66,-66.89,-86.24
-68.97,-78.00,-71.53
-55.54,-87.04,-58.59
-44.49,-94.24,-40.10
-37.66,-102.29,-17.70
-11.05,-67.20,-31.13
9.83,-40.04,-21.18
15.44,-17.58,8.42
14.16,-16.30,29.48
14.59,-8.61,56.40
21.30,4.58,84.96
22.77,20.81,119.08
29.79,32.23,156.56
40.53,34.61,195.62
42.30,40.77,227.23
40.41,48.22,249.27
44.43,50.29,255.07
46.39,52.25,250.12
43.82,52.12,253.17
44.98,43.70,261.96
28.50,37.96,266.11
23.93,30.88,260.19
25.57,17.82,232.67
21.06,6.23,195.37
13.55,-0.12,150.45
10.86,-8.61,108.58
-1.46,-6.10,72.45
-0.98,-8.36,66.16
-5.31,-8.06,76.84















-,-,-
1.59,0.61,0.37
1.22,0.00,0.37
0.18,-0.06,1.10
0.00,0.18,1.71
0.55,-0.24,1.71
4.09,3.17,1.10
5.74,5.49,1.40
6.10,5.80,1.65
4.94,4.70,1.16
4.39,3.97,0.37
3.23,1.89,-0.37
0.98,-0.67,0.24
0.61,-0.24,1.22
0.73,-0.37,1.89
0.79,-0.73,2.44
1.22,-0.85,2.32
1.46,-0.79,2.14
0.73,-0.73,2.32
3.30,2.44,1.40
3.54,1.89,1.10
1.83,0.55,2.14
2.38,1.77,2.32
4.82,4.09,1.59
3.17,1.95,1.10
3.97,2.56,0.37
2.20,-0.31,0.55
0.98,-1.77,1.04
2.32,-0.31,0.24
-0.18,-2.32,0.31
3.30,-0.49,0.61
9.46,-7.75,4.58
17.58,-13.61,10.62
32.59,-14.53,17.21
46.33,-21.55,15.32
61.04,-23.50,15.50
74.10,-31.92,21.42
87.28,-37.11,26.67
95.64,-31.13,28.87
102.42,-27.28,25.15
106.87,-33.02,25.51
102.36,-38.76,26.55
92.96,-36.99,22.71
81.54,-30.58,20.69
58.59,-24.48,21.30
35.34,-11.96,12.15
17.82,-2.08,8.48
1.89,10.01,2.01
-4.03,8.54,-2.56
-8.42,0.67,-3.23
-11.72,-3.97,-3.42
-13.06,-4.82,-3.78
-16.85,-4.03,-4.58
-23.86,-1.04,-7.08
-33.45,6.53,-13.43
-44.31,20.57,-20.08
-48.71,39.79,-18.49
-55.54,58.17,-6.90
-59.27,71.72,-3.05
-54.93,77.03,-9.40
-49.19,74.40,-15.75
-52.37,62.26,-12.45
-53.28,52.25,-4.64
-53.65,45.10,5.25
-52.61,40.10,15.99
-47.97,36.13,27.53
-41.87,30.70,41.38
-34.18,21.18,57.74
-27.53,7.81,73.61
-16.48,1.53,39.67
-13.49,7.93,5.43
18.13,13.79,13.73
34.91,0.55,30.03
48.10,2.14,37.54
67.81,2.32,35.64
88.87,-10.01,33.87
107.79,-29.36,31.56
122.50,-43.21,28.87
132.45,-52.00,25.45
136.66,-52.43,24.90
115.97,-34.55,33.69
83.25,-15.63,31.56
54.50,-2.56,21.24
27.59,8.54,12.45
13.31,18.25,10.68
5.13,26.92,6.04
0.61,24.60,-4.09
-7.14,18.55,-15.69
-17.15,11.66,-31.92
-24.41,10.68,-56.95
-27.59,15.50,-81.91
-27.04,21.18,-103.94
-24.96,20.14,-122.99
-25.27,13.67,-136.90
-28.93,6.41,-141.24
-31.13,-1.16,-133.18
-29.60,-12.94,-115.97
-34.36,-22.77,-98.21
-35.77,-29.05,-80.26
-41.14,-32.17,-57.86
-46.08,-36.07,-31.92
-39.06,-39.06,-8.36
-37.60,-44.74,13.67
-22.34,-32.84,1.71
-9.89,-21.00,-10.74
1.16,-10.38,0.18
-5.86,-13.67,8.06
-7.32,-7.26,3.05
-4.58,0.12,0.31
-2.50,3.91,15.26
-6.29,17.88,43.33
-1.53,28.99,75.26
-2.75,40.04,101.68
2.14,52.00,112.61
9.89,63.42,136.47
16.91,71.29,163.09
28.69,79.28,186.83
43.95,84.23,204.22
50.60,81.12,223.57
42.54,78.43,243.41
36.93,69.89,251.40
29.66,57.07,240.60
26.31,44.07,215.82
17.94,33.94,186.95
10.93,24.60,159.42
3.66,18.43,123.23
1.59,14.10,95.95
-4.15,13.79,78.31
-6.71,14.47,63.90
-7.93,19.17,49.74
-6.35,21.61,36.25
-3.85,27.34,10.07
1.89,29.97,-27.59
9.58,31.13,-91.80
19.96,34.55,-159.12
23.38,32.96,-213.13
24.05,23.38,-252.32
35.40,6.16,-279.30
23.56,-19.78,-292.60
4.94,-40.47,-295.59
-26.43,-55.24,-286.68
-54.57,-61.10,-268.13
-70.80,-61.71,-243.16
-75.32,-60.61,-212.59
-80.14,-62.26,-181.82
-81.79,-69.40,-156.74
-79.22,-80.32,-136.72
-74.65,-92.65,-119.02
-77.82,-103.64,-98.69
-62.81,-107.91,-77.39
-44.01,-103.94,-48.10
-36.07,-92.10,-8.73
-34.24,-68.60,21.30
-11.84,-32.78,7.57
15.93,-15.50,9.40
14.34,-1.10,31.43
15.50,10.19,59.81
23.07,25.27,82.76
28.02,37.35,107.48
36.56,45.90,131.16
47.42,54.26,161.99
56.15,64.45,193.30
62.19,74.58,222.60
62.32,85.21,243.35
61.89,92.53,253.85
59.88,94.24,252.08
51.33,86.91,249.08
43.64,73.79,240.17
33.39,55.91,223.51
26.18,40.10,198.55
20.20,29.72,170.72
17.82,21.85,156.13
10.68,16.97,152.83
1.46,12.39,142.64
-4.27,5.86,127.08
-8.54,-2.32,115.72
-8.54,-7.26,118.71
-11.96,-14.71,119.63
-9.58,-22.77,102.72
-6.53,-21.42,82.46
-2.56,-5.86,64.45















-,-,-
-4.52,0.61,-1.71
-4.46,0.61,-0.85
-4.33,0.92,0.00
-4.09,1.53,0.49
-3.42,1.89,0.98
-2.44,1.34,1.16
-0.98,1.04,0.73
0.12,1.16,0.43
1.34,0.85,0.31
1.83,-0.06,1.04
2.44,-0.67,1.53
2.38,-0.98,2.44
2.69,-0.85,2.93
2.99,0.18,2.99
2.81,0.98,2.75
1.95,1.34,2.56
1.46,2.01,2.75
0.55,2.01,3.60
0.79,1.53,3.78
0.73,0.61,3.91
1.40,-0.18,3.60
1.59,-0.37,3.66
1.10,-0.43,3.05
0.55,0.85,1.71
0.79,1.83,0.24
0.79,2.08,-0.61
0.24,2.08,0.24
0.37,3.11,1.95
0.06,2.69,2.99
0.18,1.77,2.62
0.37,0.92,1.59
0.67,0.61,0.73
0.37,1.16,0.92
0.06,2.50,2.01
0.00,3.36,3.36
0.00,2.26,4.70
-0.73,1.65,6.41
-1.83,2.14,8.42
-2.50,1.34,10.86
-2.56,-2.56,13.98
-3.36,-9.46,18.01
-3.36,-17.94,22.95
-3.23,-27.83,28.99
-5.62,-37.05,32.47
-10.31,-30.88,16.78
-11.23,-22.95,3.48
0.18,-22.77,7.14
6.41,-20.75,12.08
23.62,-19.41,12.21
46.02,-24.11,8.36
66.65,-40.83,4.82
78.00,-54.57,0.12
86.55,-59.08,19.10
87.46,-50.96,31.62
90.21,-46.81,21.06
89.36,-45.17,9.28
80.20,-38.21,5.80
63.11,-29.30,8.06
39.43,-20.26,13.12
17.88,-9.52,8.61
4.39,-3.48,-0.06
-5.00,-1.65,-5.80
-14.59,-6.90,-8.06
-25.88,-13.37,-11.23
-36.99,-14.53,-14.77
-48.58,-1.10,-9.89
-57.13,22.22,3.91
-61.52,42.91,11.05
-65.55,56.64,4.76
-66.96,66.59,-3.23
-62.19,74.10,-4.64
-50.90,75.56,2.32
-46.14,67.63,15.69
-35.71,57.50,27.22
-27.47,42.66,42.24
-19.10,26.92,60.73
-10.19,11.90,80.99
-2.38,2.14,82.21
1.83,1.65,33.63
19.10,-0.06,10.99
38.94,0.98,14.77
50.66,-3.23,26.98
67.57,-14.16,30.40
88.44,-23.80,24.78
107.85,-39.92,24.66
120.61,-52.61,29.48
127.87,-58.23,29.72
125.12,-54.63,36.07
104.68,-40.59,36.87
75.93,-26.86,32.04
47.73,-12.45,18.43
33.14,-3.42,3.30
21.61,5.31,0.92
10.50,11.35,-2.26
0.12,11.60,-9.70
-9.77,5.37,-16.54
-21.42,0.12,-32.10
-31.31,-0.98,-53.89
-39.61,4.76,-76.42
-46.63,13.06,-97.47
-51.33,15.44,-119.69
-50.48,7.45,-140.81
-43.09,-4.33,-156.25
-43.27,-20.63,-160.34
-45.17,-29.17,-154.05
-42.66,-32.29,-133.42
-38.09,-37.41,-103.03
-27.89,-47.00,-68.42
-31.49,-56.88,-33.14
-38.15,-61.58,-3.05
-41.38,-47.49,-1.71
-29.72,-28.63,-10.25
-19.71,-14.89,-0.92
-18.13,-19.29,6.23
-7.75,-22.89,6.53
-5.98,-14.22,8.24
-8.18,1.34,28.26
-3.78,17.82,61.71
2.93,29.36,101.01
10.86,38.21,133.12
26.55,53.41,161.44
39.55,68.79,183.41
48.10,77.88,200.32
51.33,80.51,219.42
50.05,76.72,233.28
46.57,68.97,244.20
40.47,58.35,249.08
34.67,49.80,240.42
29.60,40.41,214.29
24.11,30.82,179.44
17.09,22.83,144.71
9.70,20.69,113.95
6.47,16.66,84.53
2.44,12.39,56.52
1.65,13.55,31.07
-1.77,16.11,2.44
-0.06,18.68,-23.19
0.43,16.72,-64.27
7.81,15.69,-118.84
11.11,16.66,-163.39
15.38,13.98,-198.67
13.31,6.16,-226.56
7.08,-7.32,-249.08
0.18,-24.48,-264.47
-5.68,-38.57,-273.56
-16.36,-52.12,-277.34
-30.40,-61.89,-276.86
-43.88,-69.15,-271.06
-53.65,-77.70,-258.79
-57.74,-85.21,-232.12
-57.80,-86.12,-180.05
-69.70,-82.70,-110.05
-80.38,-76.54,-41.63
-72.33,-72.27,4.27
-44.25,-68.54,26.06
-19.35,-62.07,40.10
-9.09,-47.36,20.87
9.16,-29.91,7.20
14.47,-14.40,26.49
6.41,-2.87,71.11
16.11,10.13,113.83
28.69,31.49,144.59
40.10,53.28,176.57
48.28,69.27,209.53
55.30,75.32,239.01
53.41,81.91,265.62
55.05,91.31,287.35
57.86,76.54,297.12
47.91,71.35,274.90
48.46,62.74,250.85
41.81,52.55,234.37
31.31,41.44,217.90
26.06,25.88,201.54
18.86,6.96,184.88
10.44,7.14,172.85
4.15,9.64,146.24
0.92,5.37,110.35
-0.18,1.77,84.59
-1.65,-4.76,71.72
-0.37,-15.32,72.08















-,-,-
-0.18,-7.14,3.54
-0.18,-6.84,3.30
-0.73,-6.65,3.11
-0.85,-6.47,2.99
-1.28,-6.35,2.56
-2.50,-6.29,2.26
-3.30,-6.23,2.01
-2.87,-5.80,2.26
-0.67,-5.62,2.87
-0.55,-5.43,3.72
1.04,-4.82,3.60
1.34,-5.13,2.50
-0.18,-5.62,1.40
-1.40,-5.68,1.46
-1.53,-5.13,1.53
-0.73,-4.21,1.28
0.18,-4.03,1.16
0.12,-4.21,0.92
0.49,-3.97,0.98
0.73,-4.15,1.40
1.59,-3.66,1.53
1.10,-3.23,1.46
2.87,-3.17,1.83
2.87,-2.93,2.26
2.69,-2.62,3.05
2.93,-1.22,3.54
4.94,1.16,4.82
7.57,3.36,7.14
15.38,4.52,8.79
30.52,-6.47,9.03
44.92,-16.48,5.68
59.08,-31.86,6.29
69.40,-41.44,8.79
81.97,-49.62,13.37
95.58,-59.88,15.99
106.08,-65.49,19.23
113.71,-70.43,23.86
112.49,-69.70,24.35
102.84,-60.91,23.01
89.72,-48.10,21.36
68.91,-27.83,21.12
47.49,-10.25,13.37
30.09,0.55,8.48
13.49,8.91,4.27
2.32,10.50,-0.73
-5.00,4.64,-5.13
-14.71,-0.73,-6.84
-23.44,-0.67,-9.16
-30.64,6.53,-10.99
-39.79,22.40,-9.52
-49.07,43.27,-4.58
-54.69,59.20,-1.10
-56.03,66.04,-3.30
-56.21,65.61,-11.11
-56.82,65.25,-20.32
-53.53,69.46,-23.38
-54.44,71.78,-21.06
-51.64,74.22,-16.72
-49.44,70.25,-9.22
-46.39,62.81,1.95
-41.32,53.53,18.62
-34.18,42.60,38.15
-26.73,31.13,57.92
-20.08,19.23,74.71
-13.37,7.63,86.30
-3.48,-3.42,96.44
0.00,-11.84,84.84
-1.28,-14.47,32.71
10.74,-13.92,8.85
27.77,-4.39,11.66
36.44,1.53,22.34
54.38,5.31,23.80
77.64,-4.76,22.83
97.66,-19.17,21.61
116.52,-37.17,20.39
130.00,-52.49,16.30
129.94,-57.43,19.90
113.65,-52.37,28.20
84.96,-36.25,30.82
61.95,-21.42,22.52
44.13,-9.89,12.63
27.71,0.98,3.72
14.04,8.61,-4.27
2.44,6.90,-11.96
-8.18,3.54,-23.01
-17.40,0.37,-37.78
-25.63,0.67,-60.49
-34.79,6.47,-86.49
-41.75,13.98,-109.62
-47.61,17.15,-127.56
-49.74,13.24,-141.48
-50.29,3.72,-148.32
-47.67,-2.81,-147.28
-47.55,-8.79,-138.73
-50.60,-15.38,-127.75
-46.88,-20.32,-114.32
-34.18,-27.10,-97.35
-30.88,-36.99,-77.45
-36.07,-46.63,-53.96
-38.57,-53.47,-30.94
-31.19,-52.92,-9.58
-37.66,-53.16,12.82
-32.65,-55.11,19.35
-15.69,-38.27,-4.82
-10.56,-23.01,-1.28
-10.13,-13.92,9.16
-10.86,-12.08,13.73
-5.07,-6.59,19.23
-3.11,7.32,33.81
-0.18,24.05,62.38
3.91,43.76,96.80
19.04,50.96,142.21
26.25,56.82,179.32
33.94,68.18,206.42
44.92,82.64,231.99
51.39,94.60,261.66
47.61,92.77,283.02
44.07,84.78,292.60
40.59,73.24,289.49
34.67,65.19,280.03
31.98,50.66,262.94
28.81,36.32,239.69
27.47,18.55,208.31
22.22,6.65,166.02
16.97,-0.18,130.43
8.12,-1.95,101.56
4.15,-4.03,76.23
-1.28,1.83,56.27
-6.47,10.56,34.36
-7.39,15.20,12.70
-5.00,18.19,-7.02
-3.48,20.51,-35.16
0.73,22.40,-81.36
8.61,28.20,-126.95
14.34,35.46,-167.11
18.49,36.25,-205.08
22.40,28.32,-241.33
32.41,16.91,-270.02
55.30,-2.08,-278.56
39.37,-14.22,-276.98
9.28,-27.65,-276.00
-12.33,-41.81,-277.59
-31.43,-54.93,-281.92
-53.47,-60.79,-281.43
-56.27,-66.28,-267.52
-55.73,-72.33,-236.27
-57.13,-79.28,-193.85
-56.64,-86.85,-151.12
-58.96,-92.53,-112.00
-65.00,-98.88,-76.60
-53.83,-99.55,-40.41
-41.75,-88.93,2.01
-45.78,-77.15,42.36
-32.29,-48.34,28.69
-4.09,-33.63,3.60
-3.17,-8.79,23.19
-14.28,13.18,73.12
6.23,21.24,114.87
23.62,31.01,148.50
30.70,52.43,180.97
54.57,74.71,212.95
71.84,90.45,258.42
68.05,102.60,308.72
67.57,101.07,341.98
63.72,80.87,352.54
63.48,71.29,326.66
67.75,54.75,294.37
58.59,37.78,265.08
47.06,17.58,235.47
36.38,-2.81,202.39
26.12,-6.71,177.49
13.55,-2.01,153.20
5.13,-3.30,121.83
1.28,-7.32,83.31
3.97,-13.37,65.43
2.14,-15.20,63.42
1.34,-16.66,74.16
-1.95,-13.31,72.45
0.61,-14.47,64.39
0.18,-17.21,51.39















-,-,-
31.62,10.99,-1.22
28.63,10.25,-1.89
25.57,9.64,-2.01
22.95,9.77,-1.83
19.17,10.62,-1.28
13.92,11.17,-0.18
8.42,12.15,0.92
1.77,12.39,2.01
-5.55,12.63,3.36
-12.33,12.02,5.55
-17.33,10.25,8.36
-21.42,5.86,11.54
-25.27,-0.49,14.10
-25.76,-4.09,14.22
-29.91,-12.02,13.73
-33.63,-15.93,12.82
-36.68,-17.64,11.41
-37.29,-15.44,9.28
-37.54,-11.84,5.98
-42.05,-11.60,3.48
-41.26,-6.96,0.00
-40.22,-5.49,-2.38
-41.93,-7.14,-2.08
-37.11,-5.43,-3.48
-32.29,-8.18,-5.31
-27.83,-10.74,-6.90
-19.96,-9.89,-9.58
-15.81,-10.13,-10.86
-14.53,-10.13,-10.44
-9.09,-5.55,-10.25
-5.68,-3.97,-9.83
-6.84,-3.91,-8.24
-5.74,-2.44,-8.06
-3.54,-0.18,-9.09
-2.50,1.65,-10.25
-4.82,0.67,-10.44
-5.98,2.81,-10.99
-8.18,4.70,-11.41
-9.58,5.92,-12.21
-12.63,8.42,-13.67
-19.78,11.05,-15.69
-26.73,15.99,-18.25
-35.28,19.96,-18.98
-39.61,21.85,-17.40
-40.34,17.76,-10.50
-37.54,5.31,0.73
-33.33,-13.31,15.75
-29.36,-37.41,31.56
-25.45,-61.71,45.10
-23.99,-60.91,23.01
-0.31,-44.80,0.18
17.76,-24.48,9.34
18.92,-21.79,18.92
32.53,-17.88,18.37
49.44,-13.85,15.20
63.66,-20.75,18.80
75.38,-28.50,28.56
98.02,-44.37,40.22
110.66,-54.87,49.62
118.16,-55.79,51.27
124.57,-56.88,54.63
119.51,-52.25,52.12
111.88,-43.15,43.21
100.89,-34.67,32.23
86.55,-24.54,27.40
69.64,-11.41,26.43
50.84,-0.55,21.85
32.23,8.67,15.44
15.20,14.47,6.59
3.48,15.14,-2.08
-9.40,10.38,-6.53
-22.09,1.77,-10.31
-39.79,-2.75,-14.95
-62.93,9.16,-13.24
-82.64,34.06,-10.01
-101.20,64.33,-17.21
-117.19,93.14,-31.98
-127.26,115.78,-45.17
-128.48,125.06,-46.45
-123.29,121.70,-33.20
-109.50,105.29,-10.38
-89.54,75.32,16.17
-67.81,39.86,44.19
-49.68,2.62,72.02
-39.06,-35.95,98.75
-30.15,-67.08,116.70
-8.36,-57.92,51.88
-6.23,-30.76,-1.46
48.52,0.31,-0.92
69.52,2.08,28.69
80.93,-13.24,58.41
96.80,-10.13,58.72
119.63,-8.67,53.16
136.41,-15.08,50.35
151.55,-26.61,53.83
154.24,-32.84,57.25
143.19,-32.04,64.58
117.19,-22.95,60.97
86.79,-7.39,52.49
59.14,7.51,37.29
36.07,22.09,21.79
20.39,31.62,14.89
8.61,33.57,8.91
0.55,27.47,3.42
-8.36,16.30,-7.08
-19.35,7.20,-40.59
-28.75,4.94,-82.82
-37.60,8.97,-113.40
-45.90,16.85,-132.02
-45.96,22.71,-147.52
-37.29,22.95,-161.32
-27.83,12.70,-165.53
-17.15,-3.05,-160.34
-7.02,-27.10,-140.50
0.00,-48.46,-106.20
0.24,-65.61,-61.89
-4.76,-74.71,-18.62
-8.12,-80.57,15.56
-15.50,-64.58,23.44
-16.66,-20.63,0.61
10.56,-12.57,4.94
8.85,-19.59,9.70
-0.55,-19.41,13.24
-0.73,-9.46,22.58
-4.82,3.23,50.17
-0.43,14.10,80.44
7.39,27.34,115.97
11.23,47.55,156.01
16.66,65.98,195.07
18.19,78.06,231.51
15.56,87.16,260.56
12.57,89.84,276.92
12.82,81.97,290.53
8.79,64.27,277.89
13.18,42.05,236.76
14.40,23.80,184.39
8.30,8.06,134.70
0.37,1.59,95.70
-7.20,3.48,64.70
-11.11,6.10,43.95
-10.99,10.38,25.21
-8.85,20.75,9.22
-6.10,32.53,-0.67
-2.69,37.54,-36.07
9.52,36.56,-96.98
24.54,39.67,-159.12
35.46,43.52,-210.88
39.00,40.34,-249.39
39.00,29.17,-275.33
36.68,8.12,-288.02
40.47,-13.98,-289.92
34.42,-41.44,-278.63
24.90,-67.20,-256.96
9.64,-88.01,-227.23
-13.73,-98.69,-194.03
-39.86,-99.00,-164.98
-62.74,-92.04,-139.28
-67.26,-85.51,-108.58
-59.02,-80.02,-74.10
-63.90,-84.29,-31.92
-62.26,-79.65,-0.98
-37.60,-57.01,-14.40
-12.70,-43.88,-12.08
5.37,-31.07,1.34
11.23,-26.61,13.18
17.52,-26.06,32.59
8.06,-17.40,64.09
0.79,-0.31,94.24
5.19,15.20,123.17
5.86,38.76,158.94
11.84,61.65,200.87
14.16,76.84,238.04
13.98,85.27,273.68
11.11,91.92,295.47
11.23,89.42,301.82
9.16,81.18,290.71
4.64,68.30,266.42
1.10,48.10,241.21
-3.17,30.82,210.45
-11.17,14.04,185.18















-,-,-
5.25,-2.87,3.05
6.65,-2.26,3.54
7.81,-1.77,3.48
8.42,-1.59,2.99
8.67,-1.71,1.40
7.26,-2.20,-0.49
6.47,-2.75,-2.38
3.66,-4.64,-3.36
3.48,-3.60,-4.33
1.04,-6.10,-4.76
-2.14,-8.54,-5.07
-4.76,-10.62,-4.88
-4.58,-11.17,-4.76
-3.42,-10.44,-4.64
-1.77,-9.09,-4.03
-1.59,-9.34,-3.36
-1.46,-9.09,-3.23
0.06,-7.93,-3.36
-1.46,-7.87,-3.66
-0.67,-7.45,-4.03
-1.59,-7.26,-4.09
-1.71,-6.71,-3.66
-0.24,-5.86,-3.17
1.53,-5.43,-2.01
2.81,-4.70,-1.10
2.93,-5.00,-0.73
1.22,-6.16,-1.16
-0.37,-7.63,-1.77
-1.16,-8.79,-1.59
-0.49,-8.79,-1.10
2.26,-7.63,-0.49
4.52,-5.68,0.18
6.16,-4.70,1.46
10.50,-2.93,3.23
23.86,-1.59,7.39
33.02,-13.61,18.37
36.01,-23.56,22.83
46.14,-14.59,26.31
64.94,-16.30,34.79
78.55,-18.13,40.89
96.44,-21.30,42.66
109.99,-29.97,46.14
113.34,-39.12,45.35
104.98,-37.41,44.31
90.76,-32.29,42.54
76.84,-26.31,34.06
60.79,-13.92,27.28
46.33,0.61,19.71
32.17,16.42,15.38
20.39,30.58,9.16
11.96,32.53,2.50
2.26,23.38,0.73
-8.97,14.89,-1.16
-19.04,10.31,-4.70
-28.26,8.24,-8.36
-35.40,13.37,-14.34
-38.09,22.64,-25.21
-42.60,38.33,-27.77
-47.97,50.23,-23.25
-53.65,62.81,-18.19
-56.46,72.69,-16.48
-59.75,77.64,-19.41
-64.64,79.04,-23.99
-69.46,77.94,-26.12
-73.85,75.13,-23.56
-75.56,70.80,-15.26
-73.79,63.66,-2.26
-66.28,52.31,14.47
-53.53,36.19,34.42
-40.16,16.54,57.01
-30.03,-5.13,80.08
-22.34,-28.93,99.98
-14.71,-50.42,109.44
3.30,-40.16,48.28
-2.81,-28.75,4.15
31.86,-4.21,1.83
54.87,4.46,21.00
69.58,-6.96,36.50
83.50,-10.56,42.48
99.49,-7.26,41.20
116.58,-12.27,45.10
129.09,-18.98,53.16
133.54,-20.75,52.80
127.50,-22.34,53.59
108.28,-20.45,53.28
83.44,-11.11,51.27
56.58,2.87,38.82
33.63,15.38,20.45
11.72,32.29,7.02
0.43,41.32,-0.67
-8.24,40.65,-5.74
-18.37,32.59,-17.40
-28.44,24.29,-53.04
-36.74,20.32,-93.02
-44.07,23.56,-122.86
-45.65,32.41,-140.81
-40.59,35.77,-150.33
-31.62,31.80,-155.33
-33.02,17.15,-155.40
-28.93,-1.28,-148.80
-23.50,-20.45,-131.41
-17.21,-41.93,-104.49
-12.70,-58.78,-67.38
-13.43,-67.32,-26.12
-16.60,-69.89,10.07
-17.76,-68.60,34.91
-17.40,-53.89,30.21
-6.59,-31.01,-4.46
7.93,-24.29,-8.54
5.92,-21.85,0.67
12.70,-17.88,5.00
20.32,-9.58,1.65
25.70,-5.37,9.83
23.38,5.62,37.48
26.37,22.58,67.75
31.37,35.83,104.37
27.28,43.64,141.48
18.98,57.01,169.68
24.29,65.43,196.17
23.56,72.20,223.39
24.23,77.64,238.77
27.65,76.66,252.38
22.22,68.91,272.46
20.14,54.99,286.99
17.21,35.58,292.85
11.41,13.12,282.23
4.09,3.72,242.68
5.86,-4.76,188.35
5.00,-10.62,141.72
4.58,-19.29,111.45
1.59,-21.79,88.07
-3.11,-12.57,68.79
-5.25,-5.49,58.23
-14.65,-0.49,31.74
-11.41,7.32,3.23
-7.69,19.04,-6.10
-2.99,27.77,-15.69
3.23,36.87,-53.96
12.70,44.19,-117.68
19.41,50.72,-176.09
17.40,57.86,-221.25
16.11,60.67,-256.65
20.51,55.91,-283.14
27.71,42.85,-300.17
42.24,17.88,-306.40
23.80,-5.68,-304.93
-1.71,-30.70,-294.07
-17.40,-52.55,-272.77
-37.72,-69.21,-244.38
-56.03,-83.25,-214.84
-63.84,-95.58,-185.97
-63.05,-101.75,-155.76
-64.70,-107.91,-120.48
-59.88,-108.46,-85.45
-47.67,-98.63,-55.66
-45.96,-90.52,-23.07
-40.59,-70.74,-21.36
-15.44,-56.03,-29.36
0.73,-42.60,-17.58
7.08,-31.98,0.18
11.60,-22.77,7.26
19.90,-13.43,7.57
21.79,-4.94,25.02
19.41,2.38,52.25
7.57,12.08,88.99
1.59,26.61,136.96
6.47,48.10,186.28
17.15,73.73,228.21
28.02,105.04,267.58
41.63,115.78,307.13
37.35,114.69,326.84
36.74,100.46,324.16
31.31,76.17,305.36
26.31,50.35,275.82
28.81,21.79,254.27
26.73,4.09,239.56
23.56,-3.48,215.58
25.63,-10.44,188.90
17.64,-18.92,150.39
13.00,-20.45,115.97















-,-,-
5.00,8.61,-4.64
5.37,9.52,-4.52
5.00,9.89,-4.82
4.27,10.19,-5.13
3.36,10.25,-5.74
2.44,9.34,-5.92
1.53,6.96,-5.80
-0.06,3.54,-5.19
-1.46,0.55,-4.70
-2.62,-0.49,-3.60
-3.11,-0.31,-1.59
-3.30,-0.61,0.92
-4.15,-0.98,1.83
-4.46,-1.16,1.34
-3.85,-0.92,0.67
-2.75,-0.79,1.34
-2.26,-0.98,1.89
-2.14,-0.92,2.01
-1.95,-1.04,1.71
-1.71,-1.22,1.04
-0.98,-0.85,0.37
0.12,0.00,-0.06
1.34,1.34,-0.18
1.95,2.44,-0.24
1.59,3.66,-0.73
0.79,5.00,-0.73
0.37,5.43,-0.61
-0.43,5.00,0.06
-1.83,3.91,1.16
-3.36,2.38,2.93
-5.43,-0.55,5.86
-7.26,-7.20,11.23
-8.00,-19.84,18.80
-9.28,-36.32,26.37
-11.05,-53.16,34.30
-13.12,-69.76,43.64
-15.38,-83.62,48.46
-14.34,-73.91,24.60
10.38,-50.23,-0.43
36.07,-31.92,4.39
56.52,-21.12,20.87
81.91,-14.04,33.08
101.26,-12.94,39.00
110.84,-23.99,40.89
111.76,-24.60,37.11
108.70,-19.17,34.24
105.04,-17.09,34.73
97.23,-10.99,34.12
83.07,-6.77,26.49
65.55,-5.07,18.31
53.83,-5.37,16.91
39.79,-7.69,15.20
21.85,-8.91,10.19
3.48,-3.48,-0.98
-8.42,-3.85,-6.71
-18.07,-7.26,-9.83
-25.94,-10.50,-13.67
-32.84,-8.54,-17.40
-37.54,-1.65,-19.10
-40.16,10.31,-19.65
-40.53,25.39,-11.84
-45.78,40.34,-2.56
-53.65,56.58,-6.04
-56.09,68.79,-16.54
-55.24,72.33,-21.48
-51.15,67.32,-19.10
-48.22,56.09,-12.88
-46.51,40.22,-5.00
-43.52,21.73,4.94
-41.26,2.50,16.97
-39.00,-15.50,28.50
-34.18,-37.29,39.55
-30.70,-59.69,47.55
-26.25,-66.77,37.11
-6.16,-46.63,5.19
29.48,-28.75,-1.10
45.17,-16.36,13.31
57.43,-8.06,25.51
74.46,-0.98,26.43
95.64,-19.23,36.44
107.30,-21.73,41.69
112.24,-20.75,38.27
109.50,-10.99,33.87
88.13,-2.69,30.33
64.51,-4.64,19.41
46.39,-4.03,17.03
30.64,-3.66,9.77
19.29,-5.25,9.22
7.75,0.06,5.92
-4.03,3.05,-1.83
-10.01,-2.75,-3.97
-14.22,-4.76,-4.64
-15.38,-0.73,-4.94
-14.47,7.26,-4.27
-14.40,16.97,-6.71
-17.33,23.68,-20.81
-23.32,22.71,-46.69
-27.40,19.53,-64.94
-32.10,24.84,-77.94
-31.43,32.47,-94.73
-26.98,33.87,-111.57
-20.51,27.59,-117.92
-15.20,17.15,-104.74
-10.50,5.13,-73.00
-7.32,-6.35,-38.64
-4.88,-19.23,-14.65
-3.36,-35.03,-2.14
-2.50,-52.73,5.74
-0.67,-67.38,13.43
-0.43,-64.09,13.79
10.68,-33.75,6.23
27.83,-17.64,10.44
21.61,-9.58,16.42
6.90,-4.15,13.18
-0.12,-3.91,6.65
0.49,-2.14,11.29
5.07,0.31,25.76
18.31,2.44,61.10
30.70,11.72,87.95
38.82,25.94,110.90
47.61,34.06,132.20
47.12,33.69,167.11
31.37,34.61,175.35
25.33,34.55,164.00
20.94,28.50,143.25
20.94,18.19,129.94
13.31,13.61,114.87
7.93,8.97,90.52
3.85,6.90,74.95
-2.08,4.39,55.24
-2.87,6.41,29.30
-1.22,9.58,23.68
-3.05,11.05,21.42
-1.53,13.18,4.58
-0.67,16.85,-2.32
-3.60,21.55,-9.64
-4.21,22.40,-40.04
-0.79,20.51,-82.82
-1.77,20.87,-120.06
-4.33,23.07,-137.88
-4.94,27.53,-137.39
-1.65,31.56,-126.77
1.65,33.20,-112.92
4.27,30.70,-100.16
6.41,23.99,-91.74
9.52,13.12,-86.98
11.29,-0.37,-86.73
12.21,-15.87,-91.00
12.57,-30.88,-97.29
10.62,-41.75,-98.45
5.49,-47.30,-84.96
1.53,-48.89,-55.79
-4.94,-45.53,-21.42
-13.67,-41.99,5.86
-17.70,-44.07,22.09
-20.32,-53.83,28.93
-21.55,-51.82,15.14
-9.46,-39.31,-4.27
3.36,-37.84,-8.12
3.30,-32.23,-0.85
5.62,-24.35,10.50
14.28,-21.30,28.81
19.47,-14.53,44.68
25.70,-5.43,62.62
35.64,2.56,88.81
40.34,10.62,112.43
40.47,17.33,127.62
37.23,27.95,140.20
27.59,30.94,153.50
17.03,27.83,155.70
7.87,20.51,153.81
1.16,8.42,151.06
-2.44,1.34,153.63
-1.59,-4.88,145.94
-4.76,-10.99,128.42
-9.03,-16.42,103.09
-9.09,-15.38,82.89
-11.41,-16.05,71.66
-10.74,-10.01,61.77
-11.47,-6.53,50.29
















-,-,-
-10.38,2.99,-3.97
-9.64,2.87,-4.76
-8.85,2.44,-5.55
-7.87,1.95,-6.04
-7.45,1.89,-5.74
-6.47,2.08,-4.58
-5.62,2.01,-3.72
-4.94,1.53,-3.11
-4.39,0.73,-2.62
-4.39,0.73,-2.01
-4.15,0.61,-1.71
-3.42,0.06,-1.59
-2.20,-0.73,-1.77
-1.77,-1.34,-1.71
-1.95,-1.59,-1.16
-1.65,-1.53,-1.10
-1.16,-1.34,-1.65
-0.55,-1.46,-1.83
0.37,-1.59,-1.40
1.10,-1.83,-0.12
2.08,-1.95,1.22
1.34,-2.81,2.44
-0.67,-4.58,3.54
-2.99,-7.93,4.76
-5.13,-12.76,5.37
-6.77,-18.07,6.16
-8.36,-22.71,7.87
-8.91,-26.73,9.89
-8.73,-31.01,11.90
-7.63,-36.50,13.85
-4.46,-44.13,15.75
-0.79,-55.18,19.41
2.56,-67.02,25.33
8.18,-61.22,21.79
25.21,-38.33,6.47
53.04,-28.50,5.25
67.20,-24.84,16.91
75.44,-15.63,26.37
85.51,-10.74,30.40
90.09,-11.23,33.33
94.54,-15.50,31.86
99.12,-17.03,28.14
97.29,-17.46,25.15
91.06,-15.87,24.78
83.62,-15.08,20.63
70.92,-8.91,19.78
55.97,-3.72,18.19
38.39,-5.37,9.40
20.32,-3.30,2.81
4.27,-0.67,-2.99
-6.84,-4.82,-6.35
-16.24,-7.63,-10.50
-23.38,-12.45,-15.08
-29.54,-16.72,-18.25
-35.03,-17.33,-20.51
-37.78,-13.43,-21.30
-42.36,-2.20,-19.41
-46.20,14.65,-11.90
-49.01,31.01,1.46
-57.25,48.22,5.31
-62.74,59.81,-2.14
-62.38,63.96,-9.64
-59.33,59.75,-11.54
-54.69,49.13,-7.63
-48.83,33.94,-0.18
-43.40,15.81,11.47
-37.54,-3.60,25.76
-29.97,-24.23,40.77
-20.75,-49.01,54.81
-17.09,-63.11,47.73
-6.84,-46.33,3.36
36.68,-27.59,-8.42
53.22,-13.85,9.22
61.83,-6.35,26.86
81.12,2.01,29.42
97.72,0.31,35.71
109.56,-10.80,36.44
117.98,-13.06,38.45
116.33,-10.31,40.59
98.88,1.04,38.45
71.66,4.94,27.40
50.96,5.13,18.92
35.28,4.09,10.44
23.68,-2.26,1.89
11.17,-0.12,1.22
1.34,6.84,-1.95
-5.37,4.58,-4.64
-12.70,2.56,-7.57
-19.71,3.60,-13.67
-25.76,5.74,-30.52
-30.88,9.58,-54.50
-33.81,13.43,-69.64
-35.58,18.98,-76.97
-34.36,26.79,-84.66
-32.35,33.51,-98.14
-30.27,33.14,-108.58
-28.32,26.12,-105.71
-23.25,15.32,-88.38
-17.03,2.62,-62.44
-11.90,-11.41,-36.68
-7.87,-24.66,-15.20
-7.57,-38.09,0.85
-8.67,-53.28,13.00
-10.13,-47.42,14.16
-0.18,-23.56,2.99
15.50,-20.51,0.37
5.86,-18.74,4.09
0.85,-10.80,8.06
7.20,-2.81,22.52
17.76,4.76,47.85
33.45,15.81,87.16
48.40,23.80,124.33
52.31,34.18,149.11
51.39,36.50,169.56
43.15,35.95,173.77
35.83,33.45,161.56
26.73,27.65,147.34
20.39,23.80,122.62
13.79,16.85,99.06
10.19,11.90,85.21
3.05,7.81,69.46
-0.49,7.87,48.77
-1.40,4.94,28.38
-2.44,6.35,16.30
-3.05,11.54,7.32
-2.75,16.24,-1.53
-2.81,19.41,-15.14
-2.08,17.46,-46.33
1.22,12.57,-87.10
2.99,13.79,-121.70
1.59,19.90,-142.82
-1.10,23.74,-154.17
-3.42,20.94,-158.81
-5.19,11.54,-158.08
-8.48,-1.83,-150.94
-8.97,-16.48,-136.05
-4.58,-31.92,-111.02
0.00,-47.73,-78.86
-1.59,-59.69,-47.30
-2.99,-71.53,-21.18
-5.19,-67.81,-2.75
-2.32,-34.79,4.33
14.83,-32.17,1.16
13.43,-34.12,-1.89
7.32,-29.11,0.67
6.23,-24.17,1.65
11.72,-19.90,21.30
22.52,-17.03,63.78
34.48,-7.75,105.71
43.70,7.20,138.67
45.29,18.92,156.56
42.66,22.09,166.08
38.39,22.03,165.95
31.80,24.17,158.94
24.35,15.99,154.30
13.73,10.07,136.90
7.45,5.31,119.38
-0.55,1.40,110.29
-5.07,0.18,94.24
-6.04,-2.87,71.11
-0.31,-4.21,62.01
1.71,-4.82,60.73
1.16,-4.27,54.57
-0.24,-6.35,41.44
-0.31,-4.33,21.18
1.77,-3.17,17.64
-0.37,-1.59,13.49
2.32,0.00,-0.49
3.23,0.79,-2.75
1.46,0.67,-1.95
-0.43,0.79,-3.05
-1.95,0.67,-4.15
-3.30,1.04,-5.07
-5.68,2.08,-5.98
-7.51,3.85,-7.69
-8.30,5.31,-7.39
-9.46,7.08,-6.59
-9.77,9.83,-6.65
-10.01,14.04,-6.90
-9.95,16.91,-8.36
















-,-,-
1.59,0.61,1.83
1.16,0.73,1.59
1.22,1.04,1.28
1.83,1.16,1.16
2.26,1.16,1.04
2.20,1.04,1.10
2.26,1.16,1.22
2.50,1.04,1.40
2.08,0.67,1.46
1.83,0.49,1.16
1.65,0.43,0.73
1.40,0.67,0.06
1.28,0.98,-0.18
1.59,1.16,-0.12
1.40,1.40,0.18
1.46,1.71,0.18
1.59,1.89,0.12
1.77,1.77,0.12
1.71,1.46,0.18
1.59,1.28,-0.06
1.71,1.04,-0.06
1.40,0.73,-0.24
1.28,0.43,-0.61
1.04,0.12,-0.67
0.98,0.06,-0.98
0.73,0.24,-1.16
0.67,0.31,-1.40
0.49,0.24,-1.89
0.31,0.49,-2.20
-0.12,1.10,-2.26
-0.43,1.59,-2.50
-1.46,2.56,-2.93
-2.44,3.91,-3.48
-2.81,5.19,-3.78
-3.72,6.59,-4.33
-3.91,8.73,-4.88
-4.88,10.68,-5.07
-7.02,13.49,-5.68
-9.64,16.97,-6.35
-11.05,19.29,-7.08
-12.76,19.84,-7.08
-14.89,18.07,-5.19
-15.63,13.55,-2.44
-15.81,5.25,1.16
-15.75,-7.87,5.07
-17.46,-25.51,10.31
-17.76,-45.65,16.97
-18.13,-64.27,23.99
-18.80,-76.17,30.76
-16.11,-82.70,37.35
-11.60,-67.69,28.69
6.65,-36.87,2.62
45.35,-22.77,2.93
59.94,-4.94,24.96
73.97,11.78,37.60
91.49,14.83,36.93
103.45,-0.24,35.40
104.06,-7.93,26.25
104.06,-15.93,19.29
101.93,-14.04,18.68
96.68,-11.84,16.60
85.57,-9.70,9.70
73.24,-11.17,0.92
63.23,-17.52,-2.75
49.13,-18.92,-6.90
33.20,-19.96,-11.90
19.71,-20.51,-14.40
4.94,-17.70,-14.83
-8.30,-14.83,-14.10
-22.09,-12.94,-15.93
-35.89,-15.08,-20.26
-46.75,-14.59,-16.24
-61.16,-5.25,-5.62
-74.22,9.64,1.40
-84.96,29.91,-2.56
-88.56,47.18,-11.66
-85.45,57.43,-16.11
-80.14,58.53,-11.41
-69.27,51.15,-1.22
-60.55,36.38,9.89
-52.31,13.79,20.51
-42.18,-13.12,30.82
-32.10,-41.32,41.99
-24.11,-62.26,46.33
-19.71,-40.65,15.08
27.04,-22.03,-6.96
56.76,-5.86,3.91
64.88,3.36,26.25
85.88,7.87,33.69
107.73,-0.06,38.88
120.00,-10.01,40.95
127.81,-23.56,37.66
126.71,-24.48,28.50
124.39,-23.19,20.63
106.14,-15.87,15.93
76.78,-11.29,10.80
52.00,-9.46,5.92
30.46,-7.93,2.44
14.34,-1.89,-1.77
3.54,0.18,-0.79
-9.34,3.85,-2.93
-18.55,1.71,-5.98
-23.44,-2.56,-8.48
-26.79,-1.28,-10.93
-29.97,6.10,-17.03
-36.25,15.44,-37.54
-44.19,21.12,-63.96
-51.70,25.45,-82.58
-55.73,28.93,-94.73
-56.82,29.48,-108.28
-54.38,23.44,-121.28
-47.85,8.42,-124.69
-39.43,-9.95,-112.12
-31.74,-26.06,-85.14
-21.12,-39.73,-49.44
-11.29,-50.72,-15.01
-8.00,-45.96,3.91
-2.14,-16.48,4.76
10.31,-15.14,4.58
3.48,-17.40,0.18
-3.17,-13.98,-0.43
3.72,-6.71,9.58
22.58,3.54,55.30
41.75,14.89,110.66
63.54,24.54,152.04
75.32,34.85,181.34
72.02,32.47,202.21
57.86,31.13,194.82
47.73,31.56,176.39
33.51,27.83,156.25
20.32,21.36,123.84
13.49,16.91,99.79
8.00,12.08,87.46
0.43,10.19,66.41
-0.67,11.72,42.79
-2.26,14.04,18.13
-4.27,13.43,1.10
-4.88,13.43,-16.72
-4.39,11.60,-48.89
-2.01,15.56,-89.66
-1.34,23.25,-121.77
-3.17,29.11,-144.29
-5.74,31.07,-163.27
-6.96,26.86,-179.87
-10.99,15.32,-191.47
-18.37,-1.83,-192.50
-24.60,-20.57,-179.20
-24.54,-38.39,-150.63
-16.66,-54.75,-108.28
-9.64,-66.71,-59.20
-6.35,-73.18,-14.04
-8.06,-67.38,15.44
-7.45,-33.20,10.44
3.42,-35.10,-4.52
0.73,-42.05,-10.13
-1.77,-35.58,-0.92
10.50,-21.42,20.02
27.77,-7.08,63.54
40.28,3.78,107.79
55.60,15.20,147.28
65.92,18.07,177.73
67.87,22.64,190.31
63.60,20.94,196.53
55.05,23.01,196.90
41.56,17.03,185.61
30.27,13.55,156.19
23.99,4.09,134.34
11.66,-3.05,110.90
6.96,-4.70,86.49
3.42,-10.25,77.51
-2.44,-12.39,68.97
-5.25,-11.54,52.37
-4.58,-9.58,39.61
-3.42,-6.59,33.51
-2.26,-5.37,31.74
-1.28,-2.75,14.59
3.72,-0.55,-1.83
6.47,0.18,-4.21
5.92,-1.10,-2.08
5.74,-2.69,-1.71
















-,-,-
1.16,4.88,-0.06
1.34,5.07,0.31
1.59,4.76,0.79
2.08,3.91,1.53
2.32,2.99,1.65
1.83,2.44,1.34
1.16,2.26,1.16
0.98,2.26,0.98
0.67,2.56,0.92
0.85,2.14,0.98
1.04,2.08,1.22
1.22,1.89,1.71
1.10,1.22,2.50
0.98,0.67,3.11
0.73,0.67,3.11
0.24,0.67,2.44
0.37,0.85,1.65
0.00,1.22,1.22
-0.31,1.46,0.98
-0.49,1.71,0.79
-0.43,1.89,0.92
-0.12,1.59,1.34
0.37,1.16,1.95
0.24,0.79,2.50
-0.31,0.67,2.50
-0.49,1.10,2.08
-0.49,1.22,1.65
-0.24,0.92,1.77
-0.12,-0.31,2.38
-0.49,-2.44,3.05
-0.73,-7.08,4.03
-1.34,-17.70,5.25
-3.66,-32.35,8.00
-5.86,-46.69,13.55
-7.14,-60.30,22.40
-5.74,-73.24,32.90
1.65,-85.02,43.33
9.77,-75.44,41.87
29.48,-29.79,19.04
80.02,-13.00,15.81
95.15,-17.27,25.76
103.39,-19.29,30.09
114.44,-14.04,29.24
117.68,-20.87,26.25
111.94,-23.50,22.46
106.51,-22.46,16.78
97.96,-22.58,9.58
80.57,-15.87,2.69
64.58,-13.79,-2.69
46.57,-14.77,-4.09
27.77,-9.28,-3.97
15.20,-9.28,-5.98
2.26,-6.04,-8.00
-7.93,-7.51,-11.60
-15.93,-13.37,-15.50
-23.01,-20.94,-19.71
-30.21,-28.14,-24.29
-38.39,-32.17,-28.32
-47.55,-28.69,-30.33
-55.42,-15.20,-25.02
-60.79,3.42,-8.42
-64.64,25.63,5.55
-68.66,44.43,4.39
-66.71,56.27,-2.01
-64.82,57.37,-3.05
-60.06,49.68,2.99
-54.50,38.39,12.82
-47.55,23.38,23.38
-37.05,4.39,35.28
-24.78,-17.58,50.29
-12.15,-42.05,66.65
-7.08,-45.17,57.80
5.13,-15.32,8.42
60.49,2.26,0.00
74.28,-0.55,27.40
88.32,-4.39,40.22
107.36,1.83,34.91
116.76,-4.76,30.52
118.59,-14.04,25.63
115.91,-16.17,15.32
95.21,-10.25,6.23
63.29,-0.73,0.98
37.90,-0.18,-1.59
19.90,0.79,-4.15
10.01,5.19,-3.54
1.77,7.75,0.73
-6.65,11.47,-0.55
-12.88,7.14,-7.87
-19.10,4.03,-21.00
-23.68,4.09,-31.86
-30.46,10.86,-42.85
-37.84,18.43,-58.17
-42.97,28.99,-73.55
-43.76,39.12,-90.33
-44.74,43.52,-108.40
-45.10,41.93,-122.92
-44.01,34.48,-127.62
-41.50,19.96,-118.29
-37.29,0.92,-93.26
-33.26,-17.21,-57.62
-27.10,-34.73,-21.55
-18.68,-51.15,7.45
-10.62,-66.96,30.58
-9.95,-54.81,31.13
-4.27,-22.77,7.32
16.30,-26.31,-3.97
7.32,-27.22,5.19
14.95,-12.63,27.40
40.71,3.60,67.20
59.39,13.61,114.99
75.50,25.27,157.96
83.19,32.41,182.80
78.37,32.04,194.82
62.68,25.76,186.40
50.90,24.11,164.92
40.04,16.30,145.02
27.83,8.18,116.82
20.63,9.83,90.27
15.93,8.12,80.14
5.68,7.39,64.27
5.31,5.62,43.82
0.43,5.68,32.96
-3.05,5.98,18.25
-4.46,8.36,6.16
-5.68,11.35,-5.49
-8.12,11.05,-16.66
-8.30,8.30,-46.88
-8.48,8.97,-89.42
-10.99,14.22,-122.80
-13.98,21.97,-142.15
-14.28,28.56,-154.17
-15.81,30.58,-162.96
-19.78,26.37,-169.07
-29.85,18.86,-168.95
-41.02,8.18,-157.78
-42.97,-4.27,-133.42
-34.85,-18.07,-98.33
-23.80,-34.79,-60.30
-14.22,-51.03,-29.24
-5.86,-63.72,-8.12
-3.48,-62.62,2.62
-0.61,-17.27,2.38
16.17,-10.80,6.47
15.99,-15.99,8.12
9.77,-18.07,7.08
13.43,-14.16,0.18
12.45,-15.08,3.36
11.54,-16.66,17.03
23.62,-20.81,46.20
37.72,-21.61,90.33
44.62,-11.29,121.58
51.51,-0.98,148.99
51.82,8.00,163.76
52.25,11.72,176.57
49.13,13.00,176.15
49.38,18.37,178.22
37.35,14.22,169.92
27.40,4.70,144.71
20.57,-4.09,121.95
14.34,-4.15,111.21
7.26,-3.23,105.29
3.78,-3.23,89.84
7.93,0.61,79.10
5.00,-5.25,73.00
8.06,-5.49,70.37
3.91,-5.00,60.49
5.74,-3.30,51.64
-2.44,-3.36,25.94
0.00,-3.48,12.02
-2.08,-3.23,2.14
0.31,-2.38,-4.03
1.65,-3.05,-3.05
-0.85,-4.03,-2.81
-2.81,-4.46,-4.46
-4.70,-3.60,-6.90
-7.75,-2.08,-8.73
-11.41,-1.10,-8.61
-15.63,4.03,-9.89
-18.37,9.34,-11.41
-19.53,15.50,-13.24
















-,-,-
-6.47,-30.82,9.95
-6.90,-29.11,9.77
-7.20,-26.79,9.58
-6.84,-24.05,8.61
-5.80,-21.00,7.32
-4.46,-17.52,5.80
-2.99,-13.37,4.15
-1.22,-8.73,2.26
-0.67,-4.39,2.69
1.16,-0.67,1.10
2.99,3.17,-1.10
3.91,5.49,-2.56
3.23,6.47,-2.99
2.81,6.41,-3.36
3.36,5.86,-3.30
3.42,4.64,-2.50
2.87,2.99,-1.22
2.26,1.83,-0.73
1.16,1.10,-0.67
0.06,0.73,-0.67
-0.31,0.73,-0.79
-0.12,0.98,-1.04
0.49,1.40,-1.10
1.28,2.08,-1.34
1.77,2.87,-1.34
2.08,3.54,-1.40
1.89,3.91,-1.53
1.34,4.88,-1.46
1.16,5.62,-1.34
1.16,6.16,-1.46
0.92,6.29,-1.46
0.00,6.29,-0.67
-1.04,6.16,0.24
-2.26,5.49,1.34
-2.81,2.44,2.62
-3.23,-3.42,4.33
-3.11,-12.21,7.81
-2.87,-23.01,13.49
-0.92,-34.42,20.45
0.79,-45.53,26.25
1.46,-56.09,29.72
4.09,-66.89,30.82
7.20,-67.14,26.67
12.94,-34.97,13.61
45.17,-16.60,6.65
64.88,-17.15,8.24
74.89,-12.88,10.74
90.21,1.28,13.98
98.27,7.39,16.91
97.72,5.49,11.47
95.15,4.82,5.98
86.49,-1.22,0.79
70.74,-8.54,-5.31
52.86,-6.71,-8.06
39.55,-8.36,-10.80
25.94,-6.04,-9.40
16.91,-8.79,-10.13
8.30,-7.63,-8.85
0.31,-6.35,-7.51
-4.52,-6.16,-9.03
-7.57,-8.67,-10.31
-11.11,-11.29,-11.41
-16.30,-13.12,-13.85
-24.05,-13.92,-16.66
-29.42,-14.53,-18.13
-32.04,-12.76,-11.60
-35.83,-4.82,1.04
-42.48,5.13,9.52
-51.57,19.90,7.45
-55.11,35.95,-0.73
-53.10,47.49,-4.64
-48.28,49.93,-1.40
-41.20,43.82,7.81
-33.26,30.58,19.41
-22.34,11.41,32.35
-10.86,-10.68,46.57
-1.53,-32.78,60.49
6.96,-52.86,72.20
14.34,-67.26,77.51
11.66,-35.71,57.43
29.17,-8.30,14.77
60.18,-10.19,3.17
62.19,-17.46,21.30
75.44,-11.72,28.75
87.59,0.85,22.46
95.28,13.67,17.46
100.34,12.33,13.06
89.54,9.95,5.13
66.71,4.82,-4.33
46.02,-4.33,-18.19
32.29,-9.52,-17.70
19.41,-4.88,-12.57
9.46,-2.99,-11.72
0.85,0.55,-9.83
-9.70,4.94,-8.54
-19.47,4.21,-11.17
-25.45,0.61,-13.85
-29.85,-2.62,-17.40
-32.10,-1.40,-20.81
-37.48,4.21,-32.71
-41.50,7.32,-50.54
-46.20,11.47,-63.96
-50.66,20.02,-75.20
-52.55,28.32,-89.05
-52.37,32.29,-103.88
-48.77,28.75,-114.32
-42.97,19.23,-115.36
-36.44,4.70,-104.06
-30.58,-10.56,-82.09
-22.34,-24.54,-52.98
-12.51,-37.90,-24.90
-4.52,-51.45,-4.15
0.24,-60.49,10.68
-2.08,-29.24,13.18
9.09,-5.13,6.41
24.72,-14.10,5.86
10.74,-21.00,13.18
8.06,-16.85,10.80
11.17,-11.47,8.24
17.40,-9.77,16.30
29.60,-6.04,40.10
52.25,-4.52,89.23
69.64,0.92,141.11
77.03,11.05,180.66
74.04,6.96,194.82
66.65,4.94,191.10
58.29,7.69,177.31
51.94,4.64,157.96
42.60,3.60,134.16
37.05,6.10,112.55
28.44,6.84,99.73
17.82,5.68,85.82
7.57,6.29,66.04
-0.37,2.38,46.63
-5.07,2.69,37.41
-12.21,2.20,25.02
-14.04,6.96,-1.77
-13.24,9.52,-14.77
-17.64,13.18,-27.40
-22.40,18.19,-56.03
-26.61,22.77,-95.40
-31.13,24.11,-129.88
-37.66,28.81,-152.53
-44.56,39.86,-166.63
-46.14,48.28,-177.31
-44.62,50.05,-183.78
-43.76,44.92,-181.46
-43.70,34.91,-167.36
-44.01,22.46,-144.71
-43.40,9.77,-119.93
-42.11,-0.73,-98.88
-39.12,-10.44,-83.86
-35.10,-23.68,-72.33
-30.52,-40.04,-61.40
-26.31,-56.03,-48.83
-20.32,-70.01,-30.76
-13.00,-77.82,-7.75
-8.73,-42.85,1.71
16.05,-21.67,-0.73
25.39,-25.39,0.37
22.03,-25.57,9.83
17.88,-17.88,11.72
18.19,-12.15,8.36
26.12,-10.19,16.17
33.63,-14.34,36.32
52.31,-15.56,75.81
64.70,-9.89,117.98
75.56,-11.47,147.64
81.30,-4.88,162.11
84.72,0.92,185.42
80.69,6.90,201.90
76.97,7.51,198.12
72.51,3.30,186.16
62.56,5.07,172.49
54.26,6.10,157.78
41.50,3.05,140.01
31.80,2.62,109.50
25.21,0.98,88.93
19.23,-0.67,71.90
15.87,-3.91,65.86
















-,-,-
2.50,3.72,0.12
2.44,3.97,0.49
2.14,4.21,0.61
2.50,3.97,0.37
2.20,2.99,0.43
2.08,2.01,0.61
1.65,1.65,0.55
1.16,0.98,0.67
0.98,0.49,0.92
0.85,0.18,1.10
1.22,0.00,1.10
1.53,0.31,1.04
1.10,0.61,1.04
-0.06,1.53,1.04
-0.06,2.32,0.98
0.12,2.75,0.61
0.49,2.62,0.43
0.73,2.69,0.37
1.16,2.50,0.43
2.01,2.08,0.79
2.08,1.16,1.34
1.77,0.92,1.22
1.40,1.22,0.85
1.16,1.16,0.79
2.01,0.73,0.85
1.77,0.61,0.92
1.04,0.73,1.10
1.28,0.55,0.98
1.46,-0.24,0.73
1.65,-1.16,0.92
1.28,-1.83,1.59
0.73,-3.91,2.62
0.67,-9.52,3.30
0.98,-19.35,3.48
0.37,-30.64,3.78
-1.28,-42.60,5.19
-0.92,-54.75,8.91
2.38,-68.05,14.71
8.36,-78.74,16.97
13.37,-56.15,4.33
39.00,-32.10,1.95
61.52,-28.08,9.58
77.03,-39.49,20.87
86.00,-40.10,26.79
90.52,-36.62,27.22
95.76,-33.33,33.87
98.27,-28.93,36.74
100.95,-24.41,30.58
102.84,-18.19,36.99
95.70,-8.18,45.90
85.14,1.83,37.29
77.45,-1.22,29.42
62.32,3.54,25.94
51.57,-1.59,25.45
36.13,-2.44,16.11
21.61,0.55,3.11
13.06,-9.28,-2.87
4.76,-11.66,-6.16
-6.71,-9.16,-8.48
-19.78,-9.52,-14.59
-31.68,-13.37,-20.63
-42.36,-12.70,-25.57
-51.51,-2.01,-26.12
-59.81,12.45,-17.94
-71.23,30.27,-8.67
-82.15,47.36,-11.90
-87.95,60.61,-21.55
-90.82,64.45,-27.89
-87.40,57.92,-27.59
-78.00,42.36,-20.08
-64.21,19.17,-7.39
-48.10,-7.57,8.30
-33.57,-34.55,26.00
-20.39,-61.40,41.81
-9.03,-81.18,47.97
-2.01,-59.81,17.70
35.95,-26.37,-5.43
69.52,-16.97,8.67
80.63,-28.69,30.09
94.24,-28.26,31.37
106.32,-20.20,33.87
112.06,-13.61,44.62
114.56,-3.72,46.26
110.66,10.13,41.02
95.34,12.27,39.98
69.27,14.83,33.45
46.26,8.36,22.16
22.77,12.70,12.08
10.38,11.66,6.16
0.31,11.66,1.16
-8.30,12.76,-2.01
-17.64,15.08,-7.20
-24.66,13.24,-13.79
-33.14,15.20,-29.36
-40.71,21.42,-55.73
-44.92,28.38,-74.58
-46.20,36.62,-82.58
-41.99,40.65,-90.03
-36.38,36.38,-99.85
-32.96,24.90,-108.52
-30.64,8.73,-109.74
-23.80,-7.93,-97.47
-14.71,-24.29,-69.15
0.31,-38.94,-31.31
13.43,-47.79,3.17
15.08,-30.46,21.30
15.32,-3.60,18.55
24.66,-1.77,10.19
16.97,-6.04,13.85
18.68,-10.13,38.94
26.12,-9.03,70.07
37.48,-3.54,98.88
50.78,3.30,138.73
55.24,10.86,175.17
47.42,16.91,195.62
41.44,12.33,196.11
31.98,5.43,173.58
24.11,3.72,139.65
23.07,2.26,124.33
18.19,4.21,104.31
16.11,7.39,81.24
10.99,10.38,58.96
5.80,9.03,37.05
4.33,10.31,24.29
0.67,8.61,10.99
0.43,14.22,-3.60
0.98,16.17,-10.07
-0.18,14.40,-25.33
-0.85,13.61,-60.00
-0.67,18.62,-99.55
-3.91,25.63,-126.53
-10.86,33.75,-138.55
-15.44,38.70,-144.71
-15.75,37.48,-149.54
-14.16,29.36,-150.82
-13.00,16.17,-145.32
-12.45,1.34,-132.51
-11.11,-11.90,-113.40
-8.73,-25.21,-89.23
-5.19,-39.00,-64.15
-1.59,-51.70,-40.83
2.08,-48.22,-20.02
4.58,-28.08,-5.92
14.59,-19.10,-0.18
20.69,-20.63,6.29
17.70,-21.18,7.08
15.99,-20.39,4.15
14.59,-21.30,4.39
17.09,-27.59,25.39
23.01,-29.54,63.11
32.90,-22.71,99.55
41.69,-14.04,135.86
41.93,-2.38,154.48
41.02,0.79,166.20
34.12,2.44,170.72
30.58,6.84,167.05
21.55,1.53,165.10
12.82,-3.11,151.79
5.37,-6.59,138.92
0.24,-9.34,118.84
0.85,-10.31,94.67
1.53,-10.19,66.47
4.82,-10.86,62.87
-3.72,-14.53,55.60
-5.00,-12.27,41.69
-2.14,-12.94,40.65
-2.75,-7.75,37.96
-6.71,-4.09,21.48
-3.36,-0.18,-0.06
-0.55,3.17,-2.01
-1.77,5.37,1.71
-2.62,7.39,3.17
-2.87,8.97,2.38
-4.15,10.50,0.67
-7.20,12.33,-1.77
-10.13,13.43,-2.56
-13.67,17.58,-4.15
-16.48,20.26,-5.86
-18.55,25.45,-10.74
-19.59,34.00,-16.72
















-,-,-
0.49,0.73,0.31
0.67,0.12,0.67
0.67,-1.10,1.10
0.55,-2.56,1.59
-0.06,-4.27,1.95
-0.49,-6.04,2.50
0.18,-9.22,2.56
0.06,-14.22,2.44
-0.12,-19.17,2.01
0.55,-26.98,2.08
-0.12,-38.09,2.69
-2.01,-50.11,3.91
-5.00,-60.55,6.16
-7.39,-66.71,8.73
-11.17,-53.47,5.37
-10.25,-38.33,-5.25
0.31,-27.59,-12.70
6.65,-20.20,-10.68
8.42,-19.10,0.73
5.43,-13.79,4.58
8.48,-8.06,1.16
11.35,-4.82,-0.18
8.85,-3.72,-0.49
6.65,-4.58,-0.79
5.31,-6.47,-1.77
3.54,-9.28,-2.87
2.14,-12.08,-3.54
2.01,-14.04,-3.60
3.23,-15.20,-3.54
4.64,-15.81,-3.42
7.20,-16.17,-2.93
13.31,-14.71,-1.46
22.71,-12.51,0.79
35.71,-10.68,4.09
55.85,-21.06,10.25
74.16,-30.88,16.17
87.71,-27.53,20.63
96.74,-24.05,24.48
100.59,-24.54,20.94
98.21,-16.54,21.97
95.64,-13.24,24.29
89.23,-13.49,24.72
78.49,-7.02,22.16
62.93,-5.68,22.40
43.58,-5.43,16.78
19.59,6.41,6.41
3.66,9.03,1.28
-8.67,5.49,-2.01
-15.63,-3.23,-5.07
-23.07,-8.18,-10.56
-30.82,-12.88,-16.85
-38.64,-14.95,-20.39
-44.19,-8.24,-19.90
-49.44,8.79,-11.84
-52.92,28.08,2.75
-58.65,47.24,12.15
-64.21,60.55,7.45
-65.19,68.12,-3.36
-62.68,65.73,-10.74
-57.80,54.02,-11.41
-50.48,36.19,-7.08
-39.06,14.22,-0.37
-26.79,-11.17,10.38
-17.21,-35.58,24.11
-9.40,-57.92,38.88
-2.69,-73.61,48.52
0.37,-45.59,21.06
31.98,-19.41,-4.70
62.62,-11.84,2.01
70.92,-24.29,26.12
75.26,-15.08,31.68
88.93,-5.74,33.94
94.60,-8.06,28.75
96.50,-9.83,23.62
94.79,-6.90,24.54
84.96,1.46,25.27
66.65,3.85,20.75
51.09,0.85,14.77
32.96,14.04,14.04
23.50,8.85,10.93
13.37,2.44,2.93
2.08,7.63,-2.01
-6.71,6.10,-3.78
-16.24,8.97,-5.68
-22.46,11.84,-9.34
-28.26,14.95,-17.70
-35.22,24.05,-38.70
-40.47,31.62,-60.61
-43.15,34.30,-70.50
-44.01,35.10,-75.01
-42.79,33.20,-82.28
-39.92,24.05,-92.53
-36.62,8.97,-100.40
-31.25,-6.04,-102.17
-24.54,-18.49,-95.95
-18.80,-28.69,-81.67
-9.46,-38.45,-60.30
-1.89,-46.45,-32.71
2.01,-33.87,-5.49
3.91,-1.40,10.25
21.91,6.96,11.66
20.26,7.14,12.21
11.66,9.83,14.04
9.83,12.02,16.24
12.63,9.22,26.06
22.89,0.85,50.35
31.31,2.08,82.40
43.27,6.90,116.58
46.14,11.47,136.66
46.75,11.60,151.06
40.77,9.09,154.11
31.56,8.73,135.93
28.02,9.28,123.60
20.14,6.47,114.14
18.98,8.97,101.14
14.89,11.17,80.63
17.33,8.61,81.42
11.29,5.86,75.07
2.81,8.06,52.12
0.67,7.45,30.70
0.12,7.14,27.40
-0.18,10.25,26.18
-2.75,14.59,21.36
-1.22,24.05,4.09
1.59,31.80,-5.62
0.67,34.97,-27.40
1.89,36.44,-70.31
3.17,42.79,-113.77
-2.62,50.48,-142.09
-7.45,54.57,-157.47
-9.40,52.43,-161.68
-10.38,44.19,-157.04
-8.00,31.62,-146.67
0.67,18.62,-132.02
3.91,6.77,-114.14
4.64,-6.04,-95.46
6.10,-20.63,-79.71
7.02,-36.74,-65.31
5.62,-52.73,-49.07
3.85,-67.02,-29.36
0.37,-76.05,-7.45
-7.87,-57.43,5.07
-5.31,-36.44,2.87
8.00,-38.45,-4.82
4.27,-38.09,-2.93
0.79,-31.68,1.77
4.03,-26.06,3.60
11.29,-21.61,22.52
19.53,-19.84,57.86
23.99,-15.56,82.46
33.33,-10.44,98.88
44.19,-11.29,130.49
41.93,-7.51,149.60
38.33,-4.21,152.59
32.17,-4.27,150.21
25.76,1.16,149.29
19.29,0.49,143.31
13.73,-4.94,136.66
7.93,-6.90,122.01
6.16,-14.65,114.69
0.61,-17.46,112.12
-6.53,-12.63,93.81
-4.82,-14.40,80.02
0.37,-15.93,79.16
-5.00,-14.16,60.67
-7.39,-5.25,32.41
-4.27,-2.44,31.56
-11.17,-3.42,28.32
-12.57,-3.11,20.87
-14.40,-2.01,24.29
-17.70,-0.31,7.87
-13.31,2.08,-4.39
-9.58,4.27,-8.36
-8.48,5.92,-7.39
-8.00,7.08,-6.29
-7.32,7.87,-5.80
-6.77,8.12,-5.55
-5.86,8.42,-5.25
-6.04,9.34,-6.41
-6.10,9.34,-6.59
















-,-,-
4.21,-1.65,1.28
1.83,-3.23,0.49
1.34,-4.82,-0.12
0.85,-5.25,-0.37
0.00,-5.00,-0.49
0.37,-4.46,-0.67
0.37,-3.48,-0.73
0.37,-2.26,-0.43
0.43,-0.98,-0.12
0.61,-0.18,0.55
1.46,0.61,1.10
1.59,1.10,1.16
1.46,1.10,1.10
1.34,0.79,1.10
1.53,0.43,0.98
1.65,-0.06,0.98
1.10,-0.55,0.73
0.37,-0.79,0.37
0.12,-0.92,0.18
0.18,-0.55,0.55
0.24,0.18,0.73
0.43,0.61,1.16
1.04,0.67,1.16
1.71,0.73,0.85
1.71,0.31,0.79
1.77,0.06,0.92
1.83,-0.37,1.04
1.77,-0.79,1.22
1.40,-0.79,1.22
1.65,-0.79,0.92
2.08,-1.16,0.73
2.62,-1.65,0.67
3.05,-2.87,0.43
2.50,-4.70,0.06
2.26,-6.23,-0.73
3.11,-6.84,-1.34
4.52,-6.47,-1.16
7.08,-4.94,-0.31
12.63,-1.16,1.34
20.94,3.85,4.82
33.39,3.05,9.77
48.03,-9.40,14.16
56.95,-13.61,11.41
72.27,-16.60,8.06
91.19,-24.66,10.62
105.71,-25.02,17.88
117.07,-25.88,24.66
121.28,-25.88,23.56
116.27,-23.86,16.48
107.18,-21.42,11.96
84.96,-13.79,20.57
58.72,-3.36,16.60
38.51,-3.60,6.84
19.59,1.10,2.93
13.18,-4.70,0.43
5.49,-2.62,0.00
-1.59,-6.90,-2.99
-8.00,-13.00,-6.77
-13.85,-16.05,-9.77
-17.82,-15.08,-11.05
-20.75,-10.31,-11.05
-23.93,-4.27,-11.41
-26.92,2.26,-11.96
-31.62,10.86,-12.08
-39.92,24.72,-12.08
-44.07,29.36,-10.13
-46.81,30.82,-5.92
-48.03,34.97,-1.77
-49.26,39.06,-4.58
-47.91,42.91,-11.90
-46.94,45.10,-17.33
-45.41,44.80,-18.37
-44.37,42.97,-15.56
-41.50,39.79,-10.68
-38.51,35.16,-4.88
-34.67,29.42,1.16
-32.10,23.07,7.75
-29.48,16.36,13.67
-27.83,8.97,18.31
-26.98,2.26,21.24
-26.98,-3.05,22.34
-26.06,-6.90,22.71
-24.66,-10.44,23.13
-22.71,-15.63,23.74
-19.84,-23.38,25.33
-17.21,-33.20,27.40
-13.61,-46.75,29.36
-6.96,-65.25,32.35
-2.81,-73.06,29.60
-17.52,-43.58,8.54
15.38,-29.54,-3.23
35.95,-20.57,1.71
36.38,-11.05,13.85
47.12,6.96,19.17
67.08,21.67,24.84
84.78,18.01,30.03
102.66,3.05,31.31
113.71,-5.13,26.25
117.68,-15.63,11.41
116.46,-28.38,6.35
101.07,-24.29,10.80
91.86,-18.07,11.66
83.19,-13.73,14.47
66.16,-1.46,15.01
52.25,3.91,20.69
30.21,7.51,16.54
14.34,3.60,11.11
-1.28,3.54,7.75
-10.25,1.40,2.14
-15.81,-3.48,-1.34
-18.80,-5.68,-3.36
-22.58,-4.21,-4.09
-24.78,1.95,-5.00
-27.59,13.37,-8.85
-31.31,26.55,-17.21
-40.22,34.48,-40.59
-46.57,36.32,-71.04
-49.38,35.28,-90.64
-50.23,35.28,-100.89
-46.08,35.83,-109.31
-39.06,33.51,-117.25
-30.94,26.37,-119.93
-22.22,15.81,-113.59
-16.24,3.97,-98.94
-10.31,-7.75,-77.76
-3.91,-19.17,-53.59
0.49,-30.09,-31.37
2.01,-40.65,-11.60
1.53,-40.10,4.58
-10.50,-6.84,12.51
-0.49,-0.12,4.76
1.10,-6.59,0.37
-8.85,-9.03,3.66
-5.25,-5.55,5.25
1.89,-3.11,12.70
12.15,-2.87,38.21
23.44,-0.55,66.41
34.48,3.42,90.09
45.10,8.36,118.96
47.97,10.62,142.46
48.34,12.57,153.50
47.12,12.45,158.51
45.23,10.01,167.11
41.08,9.64,172.91
36.87,6.84,168.21
29.54,4.94,156.86
18.98,-0.24,129.82
16.60,-4.76,108.09
15.87,-6.90,92.77
2.69,-6.77,68.24
4.88,-8.30,50.84
2.08,-7.08,47.00
-6.04,-0.37,27.53
-5.86,5.62,15.20
-6.41,12.21,6.77
-7.75,17.82,0.31
-7.51,24.66,-8.00
-8.54,29.79,-30.76
-9.95,36.68,-69.34
-8.36,40.71,-108.52
-9.16,43.46,-136.05
-12.02,48.10,-150.09
-15.01,52.61,-158.75
-17.82,52.31,-164.25
-18.49,46.33,-163.94
-17.88,37.66,-156.86
-15.26,27.77,-143.37
-9.58,16.72,-125.67
-4.03,5.13,-106.45
-0.73,-8.79,-87.52
-0.92,-27.47,-69.82
-3.48,-46.69,-53.28
-6.65,-62.81,-36.74
-9.52,-74.22,-19.65
-17.09,-58.17,-6.71
-14.83,-36.62,-3.17
7.20,-43.03,-5.07
6.23,-42.60,-3.91
2.87,-35.71,-2.14
2.08,-27.77,-4.15
















-,-,-
0.43,1.46,0.06
0.18,1.46,0.31
0.00,1.40,0.37
-0.24,1.53,0.73
-0.37,1.59,0.73
-0.24,1.71,0.67
-0.43,1.53,0.61
-0.98,1.10,0.98
-1.46,1.10,0.49
-2.26,1.16,0.00
-2.56,1.10,-0.55
-2.56,0.79,-0.43
-2.56,1.04,-0.12
-2.56,1.59,0.43
-2.44,1.65,0.55
-2.38,1.53,-0.06
-2.14,1.53,-1.71
-1.71,1.65,-3.11
-1.04,1.59,-3.23
-0.67,1.46,-2.32
-0.67,1.28,-1.10
-1.65,0.92,-0.18
-2.93,1.04,0.18
-3.05,1.16,-0.24
-3.78,0.12,-0.43
-5.49,-1.22,-0.24
-5.98,-3.36,0.18
-5.49,-6.77,0.92
-5.19,-11.23,2.44
-4.39,-17.40,4.52
-3.78,-25.76,6.23
-3.66,-36.68,8.06
-3.48,-49.87,10.31
-3.78,-64.21,13.73
-4.09,-79.10,18.43
-4.52,-75.93,17.27
-4.82,-48.71,3.78
24.54,-39.61,-3.36
50.11,-25.33,4.58
61.22,-9.89,15.56
80.26,1.71,14.89
93.63,4.64,17.58
101.20,-3.36,20.75
107.24,-13.31,17.64
111.39,-13.55,15.50
108.40,-8.12,13.12
103.64,-6.16,9.34
94.36,-3.85,8.36
82.76,-3.54,8.00
61.65,-1.89,4.76
37.29,6.53,-2.26
20.87,-2.20,-2.01
3.48,-4.76,-3.78
-8.24,-7.02,-8.91
-16.66,-12.82,-14.65
-25.15,-20.45,-18.98
-34.12,-28.20,-24.05
-43.33,-30.09,-27.83
-52.67,-26.00,-28.08
-66.28,-13.61,-26.79
-74.10,4.15,-12.27
-77.70,14.65,7.45
-80.26,22.22,16.85
-79.16,31.43,13.98
-73.61,37.78,8.73
-65.00,36.56,6.71
-51.51,27.34,9.34
-34.85,9.89,16.11
-19.78,-13.49,26.37
-5.98,-34.91,35.64
-5.07,-27.59,19.29
20.08,-11.72,-1.10
54.38,0.12,8.91
65.61,-2.81,32.78
77.03,0.92,42.79
92.53,1.53,39.55
102.91,-1.89,36.01
110.90,-7.08,30.76
111.39,-7.45,12.27
95.09,-8.79,5.68
66.53,-5.74,4.03
47.30,-3.85,0.24
32.65,-4.09,-2.81
20.20,2.50,-2.08
10.44,5.31,-3.48
2.20,5.80,-4.46
-5.74,7.26,-4.94
-12.82,6.41,-7.69
-20.87,7.08,-14.47
-28.20,6.71,-24.54
-36.80,12.02,-38.39
-42.11,19.84,-54.02
-47.85,29.79,-65.37
-49.38,39.18,-75.44
-46.45,44.49,-87.40
-40.95,41.63,-98.27
-34.24,32.17,-103.58
-21.55,19.59,-99.98
-16.78,5.07,-83.98
-15.38,-8.73,-57.80
-10.25,-24.41,-28.56
-8.73,-40.59,-4.33
-10.44,-53.96,13.00
-17.82,-36.07,19.96
-24.54,-10.93,10.44
2.08,-8.61,-2.93
1.89,-18.37,-0.55
-7.08,-19.65,4.58
-4.15,-11.84,5.37
1.77,-6.04,11.54
16.24,-1.10,39.12
39.79,-1.40,85.45
62.62,-1.28,135.56
63.11,10.68,157.35
65.92,13.43,162.96
63.23,11.11,164.43
53.89,11.90,163.33
47.61,11.17,147.77
42.85,5.62,129.82
34.24,7.32,99.67
26.31,8.36,75.87
17.88,3.23,64.27
8.00,0.61,55.24
2.38,0.92,41.63
-3.11,2.50,20.51
-4.46,5.37,6.65
-5.86,8.48,3.11
-7.02,12.88,-1.40
-7.87,16.11,-5.68
-11.35,18.55,-15.32
-16.17,19.53,-40.65
-18.86,20.57,-80.99
-27.89,22.16,-122.80
-36.56,29.60,-154.48
-38.27,37.29,-173.28
-35.28,40.89,-179.93
-31.80,38.27,-177.19
-29.36,30.58,-165.65
-26.73,21.12,-146.55
-23.86,11.84,-123.23
-20.26,1.95,-98.21
-15.56,-10.07,-74.40
-9.52,-28.20,-53.65
-8.30,-49.01,-35.58
-15.75,-66.77,-19.65
-23.13,-76.42,-7.63
-21.85,-68.54,2.99
-23.25,-30.46,2.20
2.14,-29.85,-0.98
12.21,-34.18,-0.92
7.93,-32.35,4.88
8.30,-23.62,7.39
15.93,-16.66,12.39
27.95,-11.78,33.81
42.97,-8.85,74.95
51.15,-5.86,103.09
60.24,-1.16,121.34
65.80,1.77,138.67
64.88,4.82,150.51
67.87,8.30,160.71
66.16,13.31,166.81
68.73,8.48,179.02
64.58,7.75,186.58
57.50,8.85,184.94
45.96,7.08,175.05
36.32,1.34,158.45
30.03,0.49,129.46
32.04,-0.79,106.45
24.60,-6.04,86.36
17.03,-10.50,70.74
8.48,-10.13,54.08
2.14,-9.46,39.25
-0.49,-14.65,27.83
-5.37,-13.06,15.01
-1.22,-6.71,-4.21
1.95,-5.43,-6.53
0.85,-4.76,-4.03
-0.31,-3.17,-3.30
-1.16,-1.34,-3.60
-3.05,0.43,-3.05
















-,-,-
0.98,-0.92,1.53
1.22,-1.10,1.83
1.16,-1.10,1.89
0.79,-0.79,2.01
0.55,-0.85,1.89
0.18,-0.92,1.46
-0.12,-1.10,0.98
-1.04,-1.53,0.98
-2.01,-1.83,1.46
-2.62,-2.20,2.08
-2.50,-2.93,2.99
-2.20,-4.15,3.97
-2.56,-5.86,3.97
-3.54,-7.14,3.48
-4.94,-7.75,2.99
-6.65,-8.24,3.11
-7.02,-9.34,3.78
-6.96,-10.01,4.52
-5.55,-10.80,5.19
-4.27,-10.44,5.55
-2.56,-8.30,5.31
-1.28,-6.10,4.46
-0.49,-4.58,3.36
0.24,-3.11,2.32
0.79,-1.34,1.16
1.28,0.49,-0.06
2.14,1.89,-1.04
2.99,2.20,-1.28
2.93,1.83,-1.16
2.32,0.92,-0.37
1.53,-0.18,0.18
1.28,-1.95,0.67
1.71,-4.21,0.73
2.93,-9.16,0.24
5.07,-19.47,-1.40
5.00,-33.63,-2.20
1.71,-50.35,0.31
-1.34,-67.63,6.04
-4.39,-84.29,13.24
-9.34,-80.63,16.54
-17.52,-41.56,8.00
11.66,-34.36,-3.91
23.80,-31.13,-1.77
19.84,-19.17,5.49
24.05,-1.89,8.54
32.90,7.39,9.09
43.76,4.88,5.31
55.97,1.89,1.28
64.88,-7.08,-1.71
68.12,-16.42,-4.33
63.29,-16.48,-6.59
62.38,-16.97,-6.16
63.23,-23.32,-8.79
59.63,-18.25,-11.84
52.86,-14.83,-9.77
41.99,-15.56,-8.06
21.73,-8.36,-11.35
8.12,-8.30,-12.51
-6.47,2.81,-8.12
-15.26,3.17,-5.68
-22.71,0.24,-7.87
-28.69,-4.33,-10.50
-32.78,-6.29,-10.31
-33.63,-8.73,-4.27
-38.88,-2.01,-0.55
-40.16,7.63,4.82
-43.95,14.10,11.11
-47.97,23.44,10.62
-49.19,32.10,7.75
-49.26,37.05,7.20
-45.10,33.81,10.25
-37.35,22.71,16.24
-27.40,4.64,24.84
-17.03,-16.97,35.64
-6.10,-40.04,47.49
3.11,-53.47,55.11
-3.60,-18.19,39.73
24.35,-1.46,14.47
52.19,1.16,10.93
62.68,-1.10,23.38
81.42,-0.79,33.39
98.33,-0.79,34.24
107.97,5.07,28.44
113.71,5.74,19.29
105.96,-1.53,2.87
76.35,-4.88,-13.73
55.24,-9.03,-22.22
37.54,-10.50,-21.79
23.50,-4.33,-15.69
13.92,0.49,-11.66
4.09,5.98,-7.45
-6.47,11.41,-6.35
-15.63,9.64,-8.79
-24.41,4.58,-11.05
-30.88,-0.06,-15.14
-36.32,-0.85,-22.64
-43.21,3.17,-34.12
-50.35,9.52,-51.09
-56.40,17.46,-67.14
-60.00,28.63,-78.00
-58.84,38.09,-87.59
-55.79,40.22,-98.08
-52.12,35.95,-107.79
-45.78,28.75,-113.34
-36.87,14.89,-109.01
-30.03,-3.48,-92.16
-23.93,-21.48,-63.23
-13.79,-38.21,-31.01
-3.78,-53.47,-5.31
4.09,-65.37,12.27
4.70,-39.06,18.01
10.62,-13.37,12.33
25.39,-16.17,6.04
10.13,-25.82,7.63
4.64,-27.10,7.14
11.35,-19.84,11.90
26.55,-11.96,33.26
41.02,-4.82,65.12
67.26,-1.53,112.73
82.46,3.36,157.90
88.99,5.80,187.26
88.38,1.10,198.49
81.12,-4.70,201.23
69.27,-5.80,192.50
57.13,-3.54,164.67
47.97,-3.85,135.44
34.18,-1.10,108.34
28.56,-4.52,91.49
15.63,-5.92,71.53
7.75,-2.08,44.98
1.40,-1.40,31.56
-4.76,-2.08,22.52
-7.69,2.56,9.40
-9.70,6.23,-3.97
-10.56,9.22,-9.52
-13.67,13.79,-16.72
-18.49,21.12,-42.66
-22.71,29.05,-80.57
-27.22,29.72,-117.68
-35.10,30.03,-152.65
-45.53,36.38,-179.08
-52.61,42.66,-194.58
-58.29,44.62,-202.09
-62.68,41.38,-201.66
-63.23,32.47,-190.55
-61.10,19.96,-168.76
-55.91,5.13,-140.75
-47.73,-9.77,-111.21
-39.49,-27.22,-82.76
-31.56,-46.02,-57.80
-24.66,-62.62,-36.01
-20.75,-66.35,-15.93
-17.33,-27.10,-4.39
8.24,-23.93,0.49
16.66,-25.33,0.06
17.82,-27.10,6.10
14.89,-21.30,6.16
16.78,-14.95,5.07
24.90,-13.12,16.97
32.17,-11.78,34.48
52.73,-17.09,71.41
69.58,-17.58,113.34
85.08,-16.66,155.40
88.99,-8.24,174.26
98.82,-9.16,189.82
102.23,-3.36,205.87
100.10,-2.56,210.02
97.53,-0.37,198.85
84.29,-0.12,169.25
66.59,-4.82,139.65
49.62,-4.46,122.31
30.09,-8.42,106.38
21.06,-8.54,90.27
15.26,-8.97,80.75
10.31,-10.86,73.49
4.33,-8.67,55.30
5.98,-11.05,47.55
-0.06,-6.84,36.25
-2.14,-3.91,20.87
-3.48,-3.30,17.09
