-,-,-
0.79,-3.97,0.37
0.24,-4.76,0.67
0.37,-4.39,1.28
0.73,-3.17,1.34
1.34,-2.26,0.43
2.08,-2.01,-0.98
2.26,-2.87,-2.14
2.01,-3.66,-3.36
1.65,-4.33,-3.97
1.28,-5.37,-3.30
1.40,-5.86,-2.26
2.26,-5.19,-0.79
2.44,-4.46,0.79
1.65,-4.15,1.71
1.04,-3.97,1.65
0.06,-4.21,1.40
-1.59,-4.15,0.18
-2.62,-3.72,-1.71
-2.93,-2.99,-3.78
-3.11,-2.44,-6.35
-3.05,-2.01,-9.52
-2.56,-1.16,-10.31
-1.10,0.31,-9.09
-0.67,1.16,-8.00
-0.67,1.59,-8.42
-0.92,1.77,-8.85
-0.79,1.59,-8.30
-0.61,0.43,-6.53
-0.61,-1.71,-4.52
-0.85,-4.21,-1.53
-1.77,-7.08,2.87
-2.93,-10.56,7.39
-4.33,-15.44,11.78
-5.74,-22.89,16.48
-7.51,-31.25,21.12
-9.70,-37.96,25.57
-10.74,-43.76,32.10
-13.18,-47.00,35.16
-9.46,-38.64,9.70
0.12,-31.68,-4.64
2.08,-29.36,1.71
1.34,-21.79,8.79
2.62,-11.23,14.59
6.84,-3.54,25.21
8.73,2.14,38.39
14.10,13.92,52.49
22.64,24.78,71.35
31.37,32.35,88.75
39.98,41.99,112.06
44.56,48.10,127.14
46.02,48.89,131.41
41.63,50.11,124.82
36.56,42.97,111.63
31.19,37.11,93.87
23.01,28.44,72.08
16.11,21.00,57.25
9.09,14.40,42.79
7.20,10.86,30.46
3.17,6.59,13.49
0.06,3.48,4.88
-2.87,0.79,3.54
-5.00,-0.49,3.17
-7.75,0.06,0.92
-9.89,1.04,-1.22
-11.72,1.71,-3.66
-14.53,1.71,-8.73
-19.53,1.22,-18.86
-25.51,3.85,-30.03
-29.11,4.82,-39.67
-30.46,6.47,-48.95
-32.96,11.90,-55.30
-34.00,22.46,-59.75
-34.79,30.46,-63.05
-33.69,33.08,-63.42
-30.09,30.15,-56.58
-28.99,22.95,-41.20
-28.87,12.08,-21.67
-29.79,-1.04,-3.60
-31.01,-15.26,12.39
-31.19,-32.53,27.34
-31.80,-51.09,39.92
-31.92,-65.43,39.37
-17.09,-56.09,0.12
0.37,-40.34,-20.26
13.85,-34.61,-7.57
29.66,-29.42,5.92
48.22,-12.57,6.04
74.77,-1.65,13.00
100.10,-0.18,31.19
120.12,2.14,40.53
131.47,-4.94,44.98
140.32,-16.30,48.71
147.16,-20.51,45.53
148.56,-31.80,42.48
151.43,-32.35,40.22
150.51,-26.00,39.92
143.37,-31.68,39.18
137.21,-29.48,45.53
128.23,-21.67,46.63
116.94,-16.36,36.25
103.15,-20.51,33.69
88.87,-18.86,29.42
76.35,-16.17,24.11
64.39,-4.58,19.29
54.63,-1.77,17.82
48.52,-7.26,15.56
42.66,-13.43,9.58
35.40,-18.74,6.47
25.51,-10.56,3.05
15.32,-10.86,1.34
9.34,-12.33,1.16
7.69,-12.70,1.16
7.81,-11.05,1.89
8.12,-8.48,3.05
8.67,-5.92,3.30
5.07,-3.91,3.60
2.50,-2.44,3.66
1.59,-1.28,2.99
-0.12,-0.61,1.77
-2.20,-0.06,0.73
-3.85,0.37,-0.12
-4.82,-0.06,-1.04
-5.37,-0.67,-1.95
-5.80,-1.71,-3.05
-5.62,-3.05,-3.48
-4.64,-4.27,-3.30
-2.38,-5.13,-2.87
-1.22,-6.59,-1.83
-0.79,-8.91,-0.73
-2.20,-11.90,-0.61
-4.15,-15.01,-1.95
-6.65,-18.19,-3.54
-7.14,-19.90,-4.21
-4.39,-19.96,-4.46
-1.71,-19.29,-3.66
0.79,-17.94,-2.62
3.05,-16.11,-1.22
5.68,-13.79,0.31
6.59,-11.72,1.71
2.62,-10.01,2.32
4.33,-10.13,1.77
5.13,-10.80,2.01
3.85,-12.02,1.95
2.87,-12.27,0.67
0.55,-10.80,-0.67
-1.28,-8.61,-1.71
-2.01,-6.04,-1.89
-1.59,-3.72,-1.89
-0.18,-1.89,-1.71
0.98,-0.79,-1.34
1.04,0.00,-1.04
-0.12,0.85,-0.85
-1.53,1.10,-0.92
-2.20,1.10,-0.67
-1.46,1.53,-0.49
-0.12,1.65,-0.12
0.12,1.53,0.00
-0.24,1.10,0.00
-0.37,0.73,0.43
0.12,0.12,1.10
0.37,0.31,1.34
0.06,0.49,1.22
-0.18,0.73,1.28
-0.49,0.98,1.46
-1.28,1.34,1.65
-1.53,1.53,1.89
-0.61,2.32,2.20
0.61,2.99,2.44
1.28,3.91,2.81
1.59,5.37,3.48
1.77,7.02,4.46
1.65,8.97,5.37
0.55,11.41,5.55
-1.59,14.47,5.68
-1.71,18.07,5.86
-0.06,21.97,6.84
0.73,26.86,7.87
1.53,32.65,8.91
2.93,38.02,9.70
2.20,43.95,10.13
















-,-,-
-1.10,-2.69,-0.79
-1.89,-4.46,-0.61
-3.30,-6.53,-0.73
-4.58,-8.48,-0.37
-5.55,-10.50,0.37
-6.53,-12.63,0.73
-7.63,-15.01,0.67
-8.42,-17.15,0.85
-8.79,-18.92,1.89
-9.09,-20.08,3.60
-9.52,-20.94,5.13
-9.64,-21.24,6.47
-9.34,-21.36,5.80
-8.97,-19.78,0.79
-6.96,-16.48,-5.00
-4.09,-13.06,-5.62
-1.59,-10.86,-2.87
0.31,-9.28,-0.92
1.89,-5.74,-1.40
4.03,-3.42,-0.24
4.70,-2.56,1.34
5.62,-2.87,1.22
6.96,-4.15,0.43
6.59,-5.98,-0.06
5.37,-7.87,-0.43
3.97,-9.34,-0.61
2.75,-10.25,-1.04
1.71,-10.38,-1.22
1.28,-9.89,-1.59
1.53,-8.73,-1.53
2.69,-6.90,-1.34
4.15,-4.76,-0.55
6.41,-2.62,0.24
7.87,-1.34,1.10
9.09,-0.61,1.71
9.40,-0.67,2.14
10.13,-1.22,2.62
9.95,-2.01,3.85
10.01,-2.99,6.10
11.47,-3.91,10.86
16.97,-2.93,21.48
26.18,2.50,43.58
27.89,9.16,49.93
33.57,14.16,60.42
37.23,22.22,79.16
41.44,33.75,98.08
44.07,33.26,108.95
45.17,31.25,120.18
41.26,36.56,122.99
34.24,34.18,118.23
29.05,34.06,106.99
25.09,29.66,96.25
20.81,24.84,85.75
15.44,19.17,68.79
12.02,12.02,49.87
10.56,9.58,50.72
3.78,9.70,48.28
0.67,5.19,26.31
-0.31,-1.40,19.71
-3.78,-3.78,8.24
-3.11,-4.76,-2.56
-5.92,-5.00,-3.85
-7.51,-5.07,-5.98
-10.50,-5.86,-8.24
-12.94,-6.84,-10.93
-14.16,-7.20,-13.24
-16.11,-6.65,-16.72
-19.23,-4.76,-22.64
-23.50,0.79,-28.56
-28.56,3.97,-34.42
-34.42,8.18,-43.15
-38.70,6.41,-48.52
-43.46,7.32,-50.78
-46.39,13.00,-52.86
-47.18,19.04,-54.93
-46.57,21.91,-55.97
-43.64,20.87,-54.38
-41.14,17.40,-49.07
-40.22,12.51,-39.92
-39.43,7.45,-27.47
-38.15,3.36,-13.31
-37.66,-0.24,-0.12
-37.11,-3.72,11.35
-36.13,-9.34,20.69
-36.01,-17.70,27.53
-36.62,-28.20,32.59
-37.11,-39.73,35.03
-36.99,-42.24,18.68
-29.85,-30.82,-11.05
-12.76,-14.47,-14.71
8.61,-24.60,-1.95
12.27,-31.13,3.11
20.08,-20.75,2.08
28.38,-10.62,4.03
38.39,-4.64,8.54
56.34,-1.95,13.31
69.09,-0.06,17.33
78.67,-9.09,26.00
83.50,-19.41,32.65
92.83,-16.42,33.75
99.61,-23.07,32.04
103.82,-27.77,30.15
110.41,-24.35,34.73
111.15,-31.74,33.57
113.89,-38.45,30.52
119.14,-30.58,29.66
119.87,-34.97,25.21
125.85,-36.56,18.62
130.13,-31.98,21.85
121.83,-45.53,18.19
115.66,-48.03,10.44
110.17,-50.29,7.81
100.28,-47.91,8.67
98.27,-48.16,7.39
90.76,-37.29,12.39
80.20,-23.56,9.70
70.98,-16.97,1.59
62.01,-19.53,7.75
51.57,1.28,12.76
48.16,9.28,14.83
44.80,2.14,14.34
39.55,7.20,18.13
32.10,13.31,16.78
24.72,5.98,11.29
17.70,2.44,8.12
11.90,-0.49,5.68
6.71,-5.19,3.66
3.23,-8.97,1.40
0.67,-11.35,-0.37
-2.44,-12.57,-1.28
-4.39,-12.51,-1.89
-5.07,-11.29,-1.89
-5.00,-9.09,-1.46
-4.58,-6.29,-1.53
-3.17,-3.36,-0.92
-1.77,-0.49,-0.06
-0.37,2.56,0.55
0.79,5.13,0.85
1.28,6.71,1.22
1.53,7.87,1.65
1.95,8.18,1.77
2.38,7.69,1.89
2.62,6.90,2.01
2.20,5.86,2.26
1.53,4.76,2.44
0.98,3.78,2.50
0.73,3.23,2.56
0.79,3.42,2.62
0.61,4.03,3.05
1.22,5.86,3.85
1.34,8.36,5.07
0.67,11.90,6.29
-0.55,16.60,7.69
-2.75,22.71,9.46
-4.64,30.09,11.41
-6.04,38.70,13.55
-3.60,48.65,16.85
-2.14,59.75,20.02
-1.65,70.80,21.85
-0.61,77.88,25.63
1.46,80.20,24.11
5.55,84.05,17.15
9.28,95.34,8.30
13.79,105.96,0.12
18.62,114.87,-5.68
23.44,121.34,-9.58
26.86,124.39,-9.64
30.21,123.23,-5.68
32.10,118.35,-1.28
32.41,111.33,2.44
32.35,103.21,4.39
31.07,94.97,4.94
29.17,87.95,4.15
26.67,82.46,2.62
24.72,77.51,1.28
23.01,71.84,0.37
21.36,65.80,0.18
19.84,59.45,0.24
18.25,52.61,0.55
16.24,45.59,1.46
















-,-,-
-0.85,-1.28,-1.89
-0.43,-1.04,-1.10
-0.24,-1.22,-0.67
-0.31,-1.34,-0.43
-0.43,-1.77,-0.67
-0.92,-1.95,-1.10
-1.22,-2.01,-1.40
-1.22,-1.89,-1.53
-1.46,-1.95,-1.53
-1.65,-2.14,-1.34
-2.14,-1.77,-1.46
-2.38,-0.98,-1.77
-2.01,-0.12,-1.95
-1.40,0.49,-2.20
-1.59,0.85,-2.62
-1.28,1.40,-2.81
-0.43,1.40,-2.99
-0.43,1.40,-2.81
-0.55,1.83,-2.93
-0.43,2.14,-2.81
-0.18,2.01,-2.87
0.55,1.53,-3.17
1.04,0.92,-3.42
0.55,0.37,-3.72
-0.24,-0.06,-4.09
-0.67,-0.73,-4.64
-0.79,-0.98,-5.43
-1.04,-1.04,-6.35
-0.98,-0.61,-7.63
-0.92,-0.24,-8.85
-0.79,-0.49,-9.46
-0.37,-1.46,-8.67
0.24,-3.97,-6.65
-0.12,-7.81,-4.39
-1.53,-12.70,-2.26
-3.78,-18.01,0.61
-6.59,-23.74,4.27
-9.40,-30.33,8.73
-12.02,-37.23,13.61
-14.47,-44.49,18.80
-15.69,-51.51,24.35
-14.95,-57.01,31.07
-15.38,-55.79,31.62
-6.23,-36.68,6.29
8.79,-26.98,2.01
14.34,-10.68,27.95
29.66,7.02,56.76
47.18,21.18,76.84
63.42,32.10,98.63
72.94,43.09,122.07
80.69,44.31,137.70
80.69,43.03,136.29
74.28,36.32,122.50
58.84,27.71,99.67
43.76,19.35,81.97
29.79,13.61,64.09
19.35,6.71,47.00
11.35,4.15,35.64
4.21,2.56,22.83
-0.98,-1.22,9.95
-3.48,-4.46,3.23
-4.21,-4.52,-0.06
-3.91,-3.66,-1.71
-4.64,-2.56,-2.20
-6.16,-1.59,-3.05
-8.73,-0.79,-4.39
-12.21,-0.31,-7.26
-16.42,0.12,-13.67
-21.30,4.27,-22.28
-26.00,6.71,-29.60
-33.26,7.93,-39.49
-40.41,6.77,-49.07
-46.81,9.64,-57.43
-51.03,16.85,-62.32
-50.54,24.23,-61.10
-45.96,27.65,-53.41
-42.72,26.06,-42.54
-39.79,19.10,-31.62
-38.45,8.30,-20.81
-36.38,-2.50,-10.07
-34.06,-11.47,0.79
-30.76,-20.08,13.73
-27.28,-31.37,26.79
-26.73,-45.35,36.19
-26.12,-44.49,19.71
-12.45,-30.15,-10.19
2.87,-20.94,-10.62
14.53,-22.03,4.70
23.07,-18.19,10.01
36.25,-7.81,6.96
46.57,-2.26,10.50
55.85,-6.90,18.86
69.03,-8.97,22.58
78.12,-5.00,20.69
84.66,-15.01,20.14
90.88,-21.48,17.21
99.37,-30.15,18.25
106.51,-34.79,18.86
115.42,-41.69,21.85
122.86,-42.60,20.87
130.55,-42.97,19.71
134.52,-38.45,22.52
139.04,-36.01,27.22
144.84,-37.23,29.79
140.69,-33.57,28.32
134.16,-29.05,22.77
130.55,-31.68,26.55
121.83,-21.55,24.84
115.48,-21.97,20.32
103.52,-18.80,18.68
85.21,-8.48,16.97
71.11,-12.08,11.84
54.81,-7.39,8.30
39.79,7.08,12.88
27.47,8.06,17.03
18.37,5.13,9.89
10.68,-3.30,4.70
5.43,-13.00,0.37
1.40,-20.02,-2.26
-1.10,-23.19,-3.60
-3.91,-23.56,-4.27
-8.00,-21.85,-4.76
-10.07,-18.49,-5.31
-11.60,-14.04,-5.43
-11.35,-8.97,-4.64
-9.77,-3.72,-3.91
-8.00,1.34,-2.44
-5.55,6.29,-0.24
-2.87,10.56,1.77
-0.85,13.61,3.60
-1.04,15.01,4.33
-2.14,15.08,4.15
-3.60,14.59,3.85
-5.07,14.10,3.48
-6.71,14.53,3.17
-8.00,16.78,4.70
-9.46,22.22,7.39
-9.70,30.70,10.25
-8.36,40.89,12.63
-4.39,51.45,14.34
-1.16,58.47,17.15
-3.36,62.99,11.90
-4.46,62.38,-2.50
-2.20,67.14,-12.08
1.89,75.50,-13.61
6.47,84.05,-11.96
12.76,89.97,-11.41
18.07,91.43,-11.05
21.24,89.23,-8.61
21.97,85.51,-5.25
22.09,81.42,-2.20
21.85,76.54,0.73
20.26,70.92,2.14
18.01,64.39,3.48
15.26,57.01,3.91
12.70,49.19,3.91
10.74,41.50,4.46
8.79,34.30,5.55
7.26,27.59,6.84
6.16,21.12,7.63
5.37,15.56,7.93
4.64,10.62,7.75
3.97,6.29,7.63
3.54,2.87,7.69
2.81,0.55,9.03
1.83,-0.85,10.99
0.79,-1.10,12.57
-0.31,0.06,14.10
-0.43,1.95,15.56
0.00,3.85,16.54
0.37,6.16,16.66
-0.18,8.48,16.36
-0.79,10.74,16.17
-1.95,12.21,16.60
-3.91,12.57,17.76
-7.57,12.63,19.10
-12.70,12.51,20.14
-20.69,12.21,22.40
-28.08,12.15,26.55
-38.76,15.93,31.62
















-,-,-
2.38,-0.98,0.73
2.32,-0.67,0.79
2.44,-0.49,0.92
2.81,-0.31,0.98
2.93,-0.18,0.73
2.62,-0.37,0.55
2.20,-0.79,0.67
2.26,-0.92,0.18
2.26,-1.53,0.06
2.01,-1.71,-0.18
1.89,-1.83,0.12
0.85,-1.53,0.55
0.73,-1.22,0.98
1.77,-1.22,1.04
2.08,-1.10,0.98
2.87,-0.79,1.04
3.60,-0.92,0.92
3.66,-1.22,0.92
3.05,-1.53,0.92
2.44,-2.20,0.73
1.77,-2.69,0.24
0.67,-2.99,-0.06
-0.06,-2.99,-0.37
-0.06,-2.69,-0.43
0.06,-2.32,-0.31
0.49,-1.77,-0.12
0.85,-1.22,0.24
1.22,-0.79,0.79
1.34,-0.61,0.85
1.34,-0.55,0.67
0.55,-0.85,0.49
0.79,-1.10,0.31
3.42,-1.28,4.46
10.62,-0.92,18.68
16.54,4.52,31.13
20.32,3.42,36.62
23.50,4.46,44.31
33.81,9.03,68.48
42.30,13.73,88.68
49.32,19.41,104.86
53.53,22.40,109.62
53.16,19.47,109.07
48.46,17.82,91.74
45.35,18.01,83.98
38.39,17.94,74.16
32.78,13.12,60.67
25.88,8.67,49.26
19.59,3.85,44.37
11.96,1.83,32.78
6.90,5.25,26.73
0.61,3.66,18.98
-3.42,3.36,7.26
-5.37,2.50,0.24
-6.23,2.87,-2.14
-6.65,3.97,-3.11
-7.75,4.88,-2.99
-10.93,6.90,-3.66
-14.40,9.09,-5.37
-18.92,11.05,-8.18
-26.25,14.16,-14.10
-30.15,19.59,-20.26
-32.84,25.70,-18.86
-39.37,24.66,-21.55
-44.07,26.67,-31.49
-46.33,32.53,-41.81
-50.48,39.43,-46.57
-49.99,45.96,-45.72
-48.03,48.40,-40.16
-44.68,45.10,-32.23
-39.73,36.44,-22.34
-33.63,24.29,-10.99
-30.76,10.50,0.61
-31.74,-2.08,12.76
-34.36,-11.54,24.72
-33.69,-22.09,33.94
-33.08,-34.79,39.43
-33.57,-47.73,42.60
-34.97,-53.83,38.15
-29.42,-35.95,8.97
-19.90,-17.88,-11.72
-5.00,-7.51,-5.07
3.11,-18.25,8.73
16.42,-17.70,6.16
28.63,-9.40,5.74
35.71,-1.34,11.11
46.51,4.15,16.24
55.11,6.16,17.94
53.65,5.55,18.13
48.34,2.99,16.17
45.65,-7.32,13.00
44.43,-18.80,10.99
44.80,-14.53,8.48
51.03,-13.67,8.91
63.66,-22.28,7.87
78.49,-20.87,9.64
92.41,-36.87,5.13
104.13,-39.73,-1.34
112.12,-41.99,-3.30
120.06,-49.19,-3.48
125.12,-45.72,-7.51
129.70,-47.42,-7.32
130.13,-41.56,-6.84
128.23,-35.46,-0.49
124.69,-33.33,3.97
117.80,-25.45,5.74
108.28,-17.09,11.17
95.89,-4.94,10.86
86.61,-10.07,2.26
75.93,-2.32,8.73
65.00,1.53,12.15
53.96,-1.46,11.60
38.21,1.89,9.70
22.40,13.49,10.93
13.67,0.85,6.77
9.83,-5.74,3.54
5.62,-10.01,1.59
2.38,-13.79,-0.79
0.00,-15.44,-2.01
-2.01,-14.53,-2.20
-4.33,-12.21,-2.44
-6.53,-8.91,-2.38
-7.02,-5.31,-2.14
-6.35,-1.16,-1.16
-5.92,3.23,-0.12
-4.70,6.96,0.67
-2.62,9.77,1.53
-1.46,11.35,2.38
-1.04,12.33,2.87
-0.98,12.27,3.11
-1.22,11.60,3.36
-1.53,10.62,3.48
-1.71,9.89,3.60
-1.77,9.16,3.97
-1.10,8.97,4.15
-0.12,8.91,4.58
0.31,9.09,4.82
0.12,8.97,5.13
-0.06,9.09,5.13
-0.79,9.16,5.13
-1.59,9.83,5.25
-2.44,10.99,5.19
-4.15,12.21,4.46
-6.59,14.10,4.15
-8.67,17.09,4.64
-9.28,21.06,5.37
-9.16,25.33,5.74
-10.01,29.79,5.00
-11.47,34.12,3.42
-12.51,36.56,4.52
-15.01,39.98,3.60
-16.85,41.50,-0.55
-18.31,45.84,-7.57
-16.78,52.43,-11.47
-14.04,60.61,-11.54
-10.19,67.93,-10.99
-5.25,72.20,-11.17
-1.71,73.18,-12.08
0.98,72.63,-12.88
3.17,70.19,-12.63
5.55,63.90,-12.02
6.29,54.08,-10.93
6.90,42.24,-9.95
7.02,29.91,-10.62
4.82,17.70,-12.39
2.50,6.10,-14.10
0.24,-1.83,-14.53
-1.16,-6.29,-13.92
-1.34,-8.18,-13.49
-0.61,-8.48,-12.94
1.65,-7.87,-12.45
4.52,-6.41,-12.27
6.04,-3.85,-12.51
5.68,-0.55,-12.82
4.94,3.11,-13.55
4.15,6.04,-14.95
2.93,8.36,-16.48
2.62,9.40,-17.40
2.38,9.34,-17.76
1.65,8.24,-17.40
1.28,7.02,-16.72
















-,-,-
0.73,0.98,0.85
0.98,0.92,0.73
1.28,0.85,0.92
1.40,0.73,1.16
1.28,0.73,1.16
1.46,0.73,1.04
1.16,0.49,0.92
1.28,0.12,0.79
1.28,0.24,0.61
1.34,0.18,0.49
1.28,0.31,0.43
1.16,0.61,0.49
0.61,0.79,0.24
0.24,0.92,-0.12
0.43,1.04,-0.31
0.73,0.85,-0.12
1.34,0.61,0.55
1.46,0.67,0.92
1.22,0.43,1.04
1.10,0.24,0.79
1.10,0.00,0.98
1.22,-0.06,1.04
1.34,-0.06,1.16
1.04,0.18,0.98
0.55,0.79,0.73
0.85,1.10,0.55
0.92,1.10,0.43
0.98,1.16,0.24
0.85,0.85,0.37
1.34,0.61,0.61
1.65,0.67,1.10
1.59,0.49,1.46
1.28,0.49,1.34
1.40,0.73,1.16
1.22,0.85,1.10
1.28,1.04,1.22
1.40,0.92,0.98
1.40,0.92,0.61
1.34,1.04,0.31
1.40,1.34,0.12
1.53,1.46,0.49
1.53,1.40,0.73
1.40,1.22,0.73
1.16,0.85,0.67
1.10,0.92,0.49
1.16,0.98,0.67
1.04,1.16,0.73
1.16,1.10,0.55
1.28,1.22,0.43
0.98,1.28,0.49
0.49,1.40,0.55
0.18,1.53,0.37
0.06,1.10,0.37
-0.31,0.61,0.43
-0.12,0.55,0.55
-0.55,0.98,0.18
-1.77,1.59,-0.12
-3.54,2.08,-0.73
-6.29,3.60,-1.71
-8.61,6.84,-2.32
-10.68,7.81,-1.40
-12.51,4.94,-0.18
-14.28,0.37,-0.24
-15.93,-4.39,-1.16
-17.76,-9.40,-2.81
-18.80,-13.73,-5.62
-21.00,-16.78,-8.85
-22.40,-19.90,-10.62
-21.85,-27.89,-10.01
-22.83,-41.20,-7.02
-23.93,-57.56,-3.36
-28.99,-72.27,1.89
-34.36,-83.62,8.61
-39.79,-91.80,14.10
-44.86,-96.13,15.87
-47.06,-94.97,13.12
-33.51,-60.61,-4.03
-2.26,-40.83,-10.80
6.04,-36.50,0.31
14.28,-24.35,13.98
34.61,-7.51,21.24
43.03,5.80,28.26
54.57,9.09,50.60
80.38,7.63,83.01
99.55,7.20,107.30
98.08,12.76,122.25
90.09,17.64,123.41
82.82,22.34,124.15
73.12,17.33,116.82
61.77,11.47,99.06
50.66,10.80,73.18
42.54,7.08,61.28
28.93,2.56,50.96
19.35,2.26,31.98
12.45,2.69,31.07
3.97,-1.59,30.21
-1.28,-0.49,14.59
-4.27,0.18,0.18
-7.32,-0.31,-3.97
-9.22,-0.43,-3.91
-10.25,-0.37,-4.46
-13.55,-0.61,-5.80
-19.10,-1.59,-8.85
-26.49,-3.72,-14.28
-35.77,-5.92,-24.72
-46.20,-8.18,-38.02
-55.60,-8.00,-48.52
-61.71,-2.62,-53.28
-64.94,8.73,-48.89
-63.48,22.64,-37.48
-60.12,34.06,-26.25
-58.78,37.17,-19.04
-55.30,29.91,-14.77
-49.13,13.79,-9.64
-42.30,-6.10,-1.65
-36.38,-25.45,10.38
-29.66,-43.21,24.35
-25.76,-58.84,36.99
-23.86,-70.37,45.90
-25.51,-53.28,34.24
-13.18,-23.93,4.27
21.97,-25.27,-5.25
30.88,-23.25,4.94
38.39,-17.40,10.93
52.43,-2.75,9.83
62.87,7.20,13.00
73.12,6.71,12.15
88.93,-5.07,10.38
98.21,-8.18,10.80
102.60,-13.31,9.46
106.51,-19.84,-2.62
110.47,-19.59,-5.19
111.94,-18.55,-10.31
114.26,-14.65,-11.96
117.13,-14.83,-8.85
115.05,-13.18,-10.25
113.22,-9.95,-9.16
109.44,-12.88,-8.30
105.90,-11.23,-10.93
100.28,-11.54,-10.74
92.41,-10.44,-13.00
79.83,-3.91,-8.24
67.81,-11.60,-8.12
56.34,-10.74,-9.70
40.95,-8.00,-12.45
28.69,-12.57,-8.54
19.90,-9.09,-3.85
13.49,-9.46,-0.61
10.56,-7.32,-0.12
9.52,-10.50,-0.37
8.48,-13.55,-1.04
7.51,-15.20,-1.46
6.71,-15.50,-1.71
6.35,-13.85,-1.46
6.16,-11.23,-1.16
5.98,-8.06,-0.85
5.62,-5.25,-0.12
5.25,-2.50,0.31
4.09,-0.43,0.55
2.81,1.28,0.61
1.65,2.44,0.37
1.40,3.11,0.24
1.40,3.66,0.31
1.46,3.66,0.00
0.98,3.36,-0.12
0.37,2.81,-0.49
-0.67,2.14,-0.98
-1.71,1.28,-1.40
-2.20,0.73,-1.46
-1.95,0.67,-1.34
-0.79,1.34,-0.73
0.43,2.01,-0.06
1.10,2.69,0.67
1.40,3.23,1.04
1.65,3.78,1.53
1.83,4.21,1.71
1.83,4.39,1.71
1.59,4.09,1.34
1.22,3.72,0.85
1.16,3.11,0.49
















-,-,-
1.10,-0.24,-0.92
1.34,0.49,-1.04
1.53,1.16,-1.22
1.46,1.53,-1.04
1.16,1.53,-0.73
1.04,1.40,-0.43
1.10,1.04,-0.18
0.73,0.79,0.31
0.79,0.18,1.16
0.79,-0.49,1.89
0.92,-0.98,3.11
0.67,-1.65,3.97
0.67,-2.62,3.78
0.37,-3.72,3.17
0.00,-4.21,2.99
0.37,-4.52,3.11
0.92,-5.19,3.60
1.04,-5.98,4.21
1.40,-6.77,5.00
1.65,-7.81,5.80
1.34,-9.03,5.98
0.73,-10.01,6.10
0.31,-10.80,6.41
-0.12,-11.66,7.02
-0.61,-12.39,7.81
-0.85,-14.22,9.46
-0.98,-16.91,11.29
-0.79,-20.45,13.00
-0.73,-24.72,15.50
-0.18,-30.27,19.17
0.43,-36.93,23.99
0.12,-39.18,23.07
4.82,-27.53,7.51
13.37,-20.63,0.61
15.87,-17.09,12.51
20.63,-10.25,32.04
27.53,-3.23,46.69
36.13,4.76,63.96
45.59,13.98,90.88
54.02,19.71,109.86
59.39,26.06,123.66
61.46,30.27,130.07
54.63,32.53,128.17
46.81,34.24,125.00
39.55,28.63,113.77
32.17,25.09,98.57
22.03,18.37,75.81
14.16,12.70,45.47
9.34,5.43,37.29
2.32,4.52,33.87
-1.59,4.15,23.50
-5.07,0.12,11.66
-6.10,-1.28,0.73
-6.96,-1.77,-3.54
-7.14,-1.71,-4.70
-8.67,-1.22,-5.68
-11.29,-1.04,-8.67
-14.59,0.00,-15.50
-20.39,4.94,-25.57
-28.44,8.36,-36.50
-38.33,6.04,-47.30
-49.07,2.38,-54.63
-58.78,4.03,-59.81
-64.64,13.67,-63.78
-66.35,27.34,-66.35
-64.76,38.09,-65.55
-62.56,41.81,-61.46
-60.42,39.55,-54.14
-57.43,31.98,-43.46
-52.31,19.90,-31.01
-48.40,5.74,-18.55
-44.07,-6.41,-6.84
-38.70,-16.72,4.46
-35.58,-27.40,16.42
-34.06,-38.51,26.37
-34.61,-50.17,31.98
-32.84,-53.53,19.53
-24.54,-41.32,-13.12
-17.52,-25.39,-21.67
-3.60,-15.63,-8.48
5.86,-25.21,3.72
10.86,-23.32,2.01
15.63,-13.98,0.49
24.29,-6.71,3.30
33.63,-3.05,8.61
43.88,-4.70,14.77
52.12,-7.81,17.03
56.46,-8.79,17.52
62.19,-13.18,15.75
67.08,-13.98,13.31
75.13,-24.17,16.78
82.34,-31.74,16.78
90.58,-36.93,16.24
104.61,-40.04,28.20
112.00,-33.08,32.78
121.89,-35.40,26.18
131.77,-39.49,29.17
134.95,-37.05,31.49
137.08,-29.91,28.50
137.27,-33.14,31.43
129.46,-21.97,35.10
119.81,-14.22,31.37
112.30,-16.05,31.80
104.61,-13.61,32.78
96.13,-14.04,34.12
85.45,-18.01,26.67
76.78,-20.75,19.41
69.03,-24.78,16.85
62.62,-20.69,9.95
55.60,-18.19,7.87
47.55,-17.64,9.64
39.25,-12.39,6.90
34.30,-5.86,4.15
30.40,-6.71,4.39
26.18,0.37,3.78
23.50,-11.17,4.21
20.08,-13.24,2.62
15.50,-10.62,1.46
12.02,-7.14,1.65
8.97,-5.19,2.14
7.20,-4.82,1.46
5.13,-4.88,1.22
2.87,-4.52,0.92
-0.18,-4.03,0.37
-1.95,-3.17,-0.31
-1.89,-1.34,-0.49
-1.71,0.79,-0.43
-2.01,2.56,-0.67
-2.38,3.17,-0.85
-2.01,3.30,-0.92
-2.08,2.99,-0.79
-2.44,2.26,-1.04
-2.50,1.46,-1.40
-2.32,0.92,-1.22
-1.10,0.79,-0.55
-0.85,0.73,-0.06
-0.85,0.67,0.12
-0.55,0.73,0.12
0.31,0.98,0.55
1.53,1.53,1.28
1.89,2.01,1.83
1.77,2.20,2.14
0.98,2.26,1.89
0.92,2.38,1.71
1.04,2.99,1.83
1.22,3.66,2.08
1.46,4.52,2.50
1.28,5.55,3.11
0.67,6.96,3.60
-0.37,8.91,4.52
-2.26,11.72,5.80
-4.33,15.81,7.14
-6.23,21.55,8.97
-8.24,29.36,11.72
-10.93,38.88,14.89
-13.61,49.74,17.88
-14.53,61.77,19.78
-14.83,75.26,19.65
-12.70,85.82,21.97
-10.31,97.17,19.29
-6.04,110.23,11.72
2.62,121.52,1.83
12.70,129.03,-7.57
21.61,132.20,-14.10
28.75,131.41,-15.50
32.90,126.71,-12.51
34.06,119.51,-7.32
31.80,109.86,-3.23
27.59,98.08,-0.31
22.03,86.30,0.98
16.30,76.66,1.34
11.84,68.85,2.50
8.30,60.06,4.52
5.68,50.11,7.02
4.58,39.12,9.64
3.23,29.42,11.35
1.22,21.48,12.63
-1.04,15.14,14.47
-2.75,9.70,16.97
-4.39,5.25,19.90
















-,-,-
2.32,-7.20,-0.79
2.75,-7.20,0.06
2.69,-7.14,0.49
2.14,-6.65,0.49
1.59,-6.35,0.49
1.04,-5.74,0.49
1.10,-4.76,0.24
1.46,-3.91,0.12
1.77,-3.42,0.18
1.95,-2.87,0.06
1.89,-2.56,-0.06
1.83,-2.38,-0.06
1.59,-2.20,-0.06
1.71,-2.08,-0.18
1.77,-2.20,-0.12
1.40,-2.44,-0.24
0.92,-2.81,-0.37
0.55,-2.87,-0.37
0.49,-2.69,-0.55
0.67,-2.38,-0.55
0.98,-1.89,-0.67
1.16,-1.53,-0.79
1.16,-1.46,-0.61
1.34,-1.46,-0.31
1.40,-1.34,-0.31
1.40,-1.46,-0.49
0.85,-1.40,-0.55
-0.12,-1.46,-0.79
-0.92,-1.28,-0.98
-1.46,-1.10,-1.16
-1.34,-0.73,-1.22
-0.85,-0.24,-0.49
-0.24,0.31,1.22
1.95,0.49,5.31
5.80,1.83,15.56
10.38,5.74,27.40
16.48,9.46,33.81
23.01,14.40,51.94
29.79,19.41,68.18
37.60,27.59,88.62
42.05,29.85,100.40
47.55,30.09,112.24
47.49,34.73,118.47
47.30,35.22,119.20
44.68,40.65,120.67
41.44,34.36,121.46
32.96,29.24,107.54
27.22,24.35,89.84
22.71,18.37,80.14
20.45,14.28,73.36
14.71,10.56,59.33
9.77,6.77,42.66
8.67,4.15,38.88
5.43,6.96,36.93
3.60,7.26,25.70
0.06,4.27,8.91
0.55,3.60,0.85
0.43,4.39,1.28
1.10,4.64,1.04
1.10,4.70,0.00
-0.31,4.46,-1.59
-3.85,3.72,-3.72
-7.93,2.62,-6.29
-12.21,1.28,-9.46
-15.44,0.67,-12.02
-19.59,1.16,-16.97
-24.90,3.54,-22.46
-31.01,4.15,-29.36
-38.70,7.87,-40.95
-43.76,9.22,-48.58
-47.91,11.11,-50.23
-51.15,16.54,-48.83
-51.70,23.07,-46.51
-50.29,27.77,-43.70
-48.65,28.75,-40.65
-46.26,26.06,-37.72
-44.01,20.32,-34.48
-43.09,13.06,-29.66
-42.24,6.47,-23.07
-40.16,2.08,-14.95
-38.51,-1.10,-6.35
-36.62,-4.64,1.95
-34.36,-10.07,10.44
-32.65,-17.46,16.97
-31.49,-26.12,21.18
-29.79,-34.85,24.11
-26.67,-40.65,23.50
-20.20,-26.25,7.51
-10.19,-16.48,-8.30
4.46,-14.16,-7.45
21.79,-19.10,2.56
22.95,-13.06,7.45
25.45,-5.55,8.12
31.31,-2.44,10.44
35.64,-2.14,12.27
34.97,-3.60,11.84
28.99,-7.87,9.03
21.36,-10.31,4.64
17.09,-12.45,2.08
15.32,-12.88,1.46
14.34,-13.61,1.95
17.09,-16.36,2.62
24.48,-25.70,3.30
30.52,-30.88,6.04
36.68,-28.14,8.48
47.12,-21.85,11.78
59.57,-30.03,12.08
74.83,-29.54,13.06
87.95,-28.14,17.94
99.73,-28.26,21.18
101.93,-30.58,17.58
103.27,-31.62,11.54
102.60,-32.10,18.74
99.67,-29.24,18.80
101.87,-30.88,14.53
104.61,-31.19,12.27
105.16,-26.92,12.39
107.79,-23.62,13.37
106.57,-20.51,16.17
103.33,-21.12,16.05
98.94,-14.65,14.34
94.97,-11.29,15.26
88.50,-6.04,16.36
83.25,1.04,21.79
78.06,-2.87,20.69
73.91,3.17,20.75
68.97,2.44,19.10
66.53,6.59,15.14
61.77,6.65,19.71
59.33,-0.31,21.91
54.75,-1.59,18.25
49.13,-4.76,10.50
44.86,-1.46,8.00
40.53,-1.46,10.01
38.70,-8.06,11.17
34.36,-1.04,9.89
29.97,-0.98,11.84
23.56,1.10,10.31
21.06,4.88,9.40
19.78,6.53,9.34
19.59,3.78,8.91
19.10,0.67,7.39
17.70,-2.32,5.49
16.60,-4.64,4.52
14.10,1.10,4.70
10.01,4.33,5.13
5.49,4.82,4.64
2.26,3.66,2.99
-0.98,2.01,1.16
-3.97,0.12,-0.49
-5.98,-0.85,-2.26
-6.29,-1.28,-2.93
-5.55,-0.67,-2.93
-4.39,0.18,-2.62
-3.72,1.04,-1.95
-4.64,1.89,-1.40
-5.55,2.62,-0.61
-5.86,4.33,0.85
-6.65,6.96,2.69
-8.67,10.50,4.76
-11.41,14.89,6.71
-15.44,19.90,8.36
-20.20,25.76,10.07
-24.05,32.90,11.84
-26.49,41.69,11.47
-26.25,49.93,13.24
-23.56,59.08,12.33
-18.37,66.65,2.93
-11.54,78.55,-5.86
-2.38,93.26,-11.54
7.87,107.18,-16.85
16.97,116.27,-21.55
23.93,118.96,-23.44
28.26,116.03,-20.87
30.09,109.50,-15.20
29.97,101.81,-8.91
28.75,92.65,-4.82
27.95,82.34,-3.91
28.02,71.41,-4.94
26.86,61.77,-7.08
















-,-,-
-2.14,-8.67,3.85
-2.38,-9.46,4.15
-2.50,-10.25,4.03
-2.99,-10.99,3.85
-3.17,-11.54,3.85
-3.48,-11.78,4.21
-3.60,-11.96,4.33
-3.85,-12.21,4.52
-3.78,-12.15,4.94
-4.21,-12.39,5.19
-4.27,-12.94,4.70
-4.46,-13.37,4.03
-4.46,-12.57,3.85
-3.97,-11.47,3.30
-2.75,-10.25,2.44
-1.71,-8.85,1.40
-0.79,-7.39,-0.37
-0.37,-5.92,-2.20
1.04,-5.92,-1.71
0.73,-6.10,-1.22
0.79,-4.39,-1.28
2.26,-3.54,0.00
3.05,-3.78,0.85
2.81,-3.72,-0.85
3.17,-4.03,-2.08
2.81,-4.76,-1.53
1.77,-5.80,-0.79
0.85,-6.77,-0.92
-0.37,-7.45,-1.59
-2.50,-7.87,-2.14
-4.09,-7.75,-3.05
-4.64,-8.12,-3.60
-5.31,-8.12,-2.44
-3.97,-8.18,4.82
-1.16,-6.10,15.50
5.62,-2.99,27.34
14.04,2.93,40.59
24.48,8.18,55.73
35.28,13.06,75.74
45.90,15.75,93.44
55.18,17.64,107.42
57.56,25.09,118.10
54.63,27.59,116.88
50.54,28.87,114.38
46.45,24.60,111.33
40.34,25.27,101.01
41.93,23.80,97.05
35.52,23.44,92.90
27.16,18.80,78.67
25.09,9.89,64.76
21.42,3.17,57.19
17.94,2.20,54.14
18.07,2.69,52.92
13.73,1.89,48.52
9.03,-0.18,29.66
7.57,-0.06,22.34
7.51,1.04,19.17
13.00,2.08,36.56
6.77,3.17,27.47
8.24,3.66,13.31
4.46,3.17,8.97
2.32,1.59,2.14
0.43,0.73,-1.34
-3.05,-0.67,-4.03
-8.85,-2.56,-7.02
-13.85,-3.91,-11.47
-18.98,-4.58,-16.66
-25.27,-2.32,-27.10
-35.22,2.50,-46.02
-46.63,9.03,-62.01
-55.79,8.54,-68.30
-61.10,8.67,-69.40
-63.05,13.18,-65.92
-62.81,22.64,-61.58
-60.91,32.84,-57.86
-56.15,37.54,-53.53
-50.23,35.22,-48.46
-43.40,27.47,-41.87
-38.09,16.72,-31.74
-35.10,5.49,-18.68
-32.65,-3.54,-5.43
-30.58,-9.95,5.98
-27.71,-16.78,16.42
-24.35,-26.12,25.15
-22.83,-38.64,32.65
-22.16,-48.58,32.47
-21.06,-33.63,8.73
-13.06,-15.14,-9.83
8.36,-17.27,-4.88
15.87,-24.84,5.55
22.71,-18.43,5.74
33.69,-9.40,5.00
42.72,-5.00,9.34
53.83,-3.11,13.98
65.12,-5.98,17.03
72.57,-21.12,18.37
74.58,-21.97,12.70
78.92,-30.27,8.73
83.25,-36.68,6.84
88.56,-35.64,10.80
94.30,-40.71,8.67
100.34,-44.01,5.00
105.29,-44.13,7.81
108.34,-44.86,12.21
114.32,-46.75,10.99
115.72,-38.94,10.56
119.14,-41.20,12.21
123.17,-44.98,8.54
123.66,-37.72,10.86
125.43,-37.96,9.70
121.89,-38.57,5.13
114.62,-33.87,2.93
102.48,-31.37,7.26
88.13,-18.07,9.16
78.19,-13.43,13.61
68.24,-7.08,9.09
59.57,-7.63,8.61
51.03,-4.94,4.39
41.81,6.16,9.46
33.26,13.12,12.94
29.05,3.05,8.85
26.43,0.24,6.35
20.69,-2.50,7.93
17.82,-12.02,4.82
13.12,-5.55,3.48
11.29,-5.55,3.23
11.96,-5.25,3.11
13.06,-4.03,3.91
13.61,-2.26,4.82
12.70,-1.10,5.55
11.11,0.12,5.92
9.46,1.65,6.10
7.69,3.11,6.16
4.94,3.91,5.49
2.20,4.15,3.97
0.98,4.46,2.99
0.85,5.49,2.75
0.49,6.04,2.75
-0.37,5.98,2.32
-1.65,5.07,1.59
-3.30,3.72,0.49
-4.70,2.20,-0.49
-5.62,0.85,-0.85
-6.29,0.18,-1.16
-6.65,0.00,-1.34
-7.39,0.12,-1.16
-8.12,1.04,-0.49
-8.42,2.56,0.73
-9.03,5.80,2.69
-10.56,10.07,5.00
-11.29,15.44,6.84
-11.84,21.79,9.22
-14.47,29.17,11.78
-18.13,37.72,13.43
-19.96,48.28,13.37
-19.59,58.78,15.63
-18.25,67.99,16.24
-17.52,74.52,10.56
-15.26,78.67,1.77
-11.11,82.52,-1.46
-4.70,89.84,-2.81
2.38,97.53,-5.37
8.42,103.15,-9.09
12.76,105.53,-10.44
15.32,103.88,-6.96
16.48,100.16,-1.04
16.30,96.74,4.58
15.14,93.63,8.73
15.01,88.75,10.38
15.38,82.40,10.38
14.59,75.93,10.19
13.18,70.07,10.38
12.02,64.27,11.41
11.41,57.68,11.41
9.95,49.68,10.13
8.06,41.75,9.77
5.49,35.95,9.52
2.69,32.53,9.70
0.79,30.46,10.25
0.12,28.44,11.60
















-,-,-
13.37,-1.71,14.65
11.54,1.28,12.45
12.82,2.69,11.11
11.47,2.38,11.11
8.30,3.05,7.02
7.75,2.87,3.97
7.93,2.50,5.37
9.03,2.44,9.34
8.79,2.01,10.01
7.32,1.65,5.74
6.47,1.34,3.60
5.92,1.10,3.30
5.19,0.98,3.60
4.52,0.73,3.78
4.15,0.43,3.36
4.46,0.24,3.78
5.62,0.43,6.29
5.74,0.67,8.36
4.82,0.55,5.49
3.78,0.31,2.81
3.78,0.43,2.81
4.33,0.67,3.17
4.64,0.92,3.54
4.58,1.16,3.78
5.00,1.34,4.27
7.14,2.08,8.73
13.43,5.19,22.64
16.17,6.53,28.32
18.01,6.90,29.54
20.81,7.87,35.46
25.94,6.35,50.90
29.36,13.18,59.63
35.10,14.59,70.92
37.17,17.76,85.88
39.49,19.41,90.39
43.15,17.70,99.00
45.96,16.48,109.62
44.56,11.54,115.78
43.46,10.31,107.18
41.02,7.14,95.58
36.19,6.96,88.93
34.30,8.97,88.07
28.32,10.25,87.89
21.00,10.50,70.62
20.14,6.10,58.53
13.67,4.09,48.16
11.96,1.10,39.18
7.39,0.67,30.52
6.04,3.23,23.07
3.17,3.36,20.14
2.01,2.14,9.58
2.69,1.34,4.21
2.14,1.28,3.36
1.77,1.40,2.38
1.65,1.46,1.10
0.24,1.46,0.79
-0.79,1.83,-0.49
-1.83,2.32,-1.53
-3.30,3.60,-2.32
-4.94,4.94,-2.99
-6.47,6.41,-3.85
-8.48,7.87,-4.82
-10.38,9.77,-7.45
-10.68,10.56,-9.77
-13.18,10.99,-12.76
-16.36,12.57,-20.02
-19.59,12.88,-28.99
-23.44,10.50,-33.63
-27.16,6.90,-33.08
-29.17,5.86,-29.30
-30.15,9.34,-24.48
-30.70,17.27,-20.94
-31.92,27.65,-19.78
-32.78,35.64,-20.26
-32.84,37.78,-21.36
-33.33,35.83,-21.42
-33.51,31.01,-19.78
-32.65,24.96,-17.76
-31.92,17.88,-15.20
-33.20,11.17,-12.02
-33.87,5.13,-7.39
-34.06,0.31,-1.77
-33.63,-4.15,5.62
-32.17,-10.50,12.63
-31.25,-19.35,17.64
-30.27,-30.70,21.00
-28.75,-41.81,23.32
-25.76,-53.28,25.39
-22.83,-52.37,21.12
-24.90,-27.22,3.97
-15.50,-8.54,-10.07
2.14,-11.66,-5.43
9.46,-18.07,6.29
18.80,-10.68,8.18
27.95,-3.23,9.70
35.28,1.10,12.94
43.40,2.44,14.47
47.91,5.25,14.10
51.64,1.71,16.54
54.14,-2.56,15.20
60.36,-6.35,12.76
64.76,-18.92,5.49
72.45,-23.19,2.69
83.56,-21.79,8.36
91.86,-22.77,9.46
99.12,-25.45,3.91
110.66,-29.85,4.33
117.37,-27.95,2.50
122.25,-29.11,-3.72
129.09,-34.55,-9.03
127.50,-23.80,-0.73
131.23,-28.99,3.05
131.29,-24.41,1.28
129.64,-18.37,2.87
123.54,-13.18,-0.92
115.30,-14.95,-0.06
100.71,-11.66,-3.97
85.27,-7.20,-1.77
74.58,-6.29,2.81
61.52,-0.73,2.50
52.31,1.28,2.81
40.22,7.02,7.93
33.51,3.60,10.74
27.40,4.15,7.45
21.30,-1.04,5.37
15.14,-1.46,3.72
9.34,-3.36,2.08
5.86,-6.47,0.43
3.36,-8.54,-0.73
1.16,-9.64,-1.71
-1.77,-9.46,-2.38
-4.21,-8.18,-2.75
-6.29,-6.23,-2.50
-8.12,-3.60,-2.38
-9.28,-1.04,-1.95
-9.40,1.95,-1.40
-8.97,4.88,-0.73
-8.79,6.90,-0.61
-8.12,8.61,-0.37
-7.69,9.95,0.00
-7.51,10.68,0.24
-7.87,10.56,0.18
-8.97,9.89,-0.12
-9.40,9.16,-0.06
-9.16,8.79,0.61
-8.30,9.03,1.10
-8.00,9.28,1.34
-7.87,10.07,1.71
-7.69,11.78,2.56
-8.85,13.85,3.60
-11.84,16.17,4.33
-14.22,18.68,4.03
-17.40,21.06,3.48
-20.14,23.86,2.93
-24.17,28.75,2.08
-28.69,34.42,-0.67
-32.23,35.16,-0.43
-36.13,30.27,0.92
-39.79,26.73,-0.37
-43.88,26.18,-7.08
-47.61,27.89,-18.19
-48.22,30.64,-29.11
-46.57,32.41,-36.50
-42.91,32.96,-39.31
-37.11,30.03,-37.84
-31.62,24.84,-33.51
-27.22,19.47,-28.63
-21.73,14.22,-25.45
-17.40,10.01,-24.66
-14.53,7.93,-23.99
-13.85,7.45,-22.77
-13.43,7.87,-21.79
-13.18,8.91,-21.36
-14.16,9.52,-21.73
-13.85,8.97,-22.40
-12.57,8.00,-24.05
-10.44,6.47,-26.25
-8.06,5.07,-28.81
-4.94,3.54,-32.10
-1.89,1.10,-34.61
















-,-,-
2.14,-5.43,-4.46
0.92,-7.14,-6.10
-0.85,-8.91,-8.54
-2.62,-10.50,-11.84
-4.03,-11.90,-14.40
-4.39,-12.82,-15.93
-4.94,-13.79,-16.85
-5.62,-14.04,-16.48
-6.23,-13.43,-14.95
-6.90,-12.21,-13.49
-7.45,-10.99,-12.33
-7.26,-10.68,-11.29
-6.96,-10.68,-9.70
-6.65,-10.86,-7.51
-6.10,-11.23,-5.68
-5.98,-11.66,-4.09
-5.74,-12.02,-2.20
-5.80,-12.21,-0.31
-7.26,-12.76,1.10
-8.00,-13.31,1.95
-8.48,-13.00,2.32
-8.12,-12.70,3.11
-7.69,-12.45,4.03
-7.51,-13.06,5.19
-8.06,-15.14,6.04
-8.79,-17.70,6.16
-9.22,-18.55,4.64
-8.73,-16.42,-0.43
-4.58,-14.53,-3.23
-2.69,-16.17,-3.30
-1.77,-18.74,-2.14
-1.89,-20.32,-1.65
-2.99,-20.32,-3.30
-2.75,-21.12,-3.60
-3.05,-21.67,-2.32
-2.20,-22.46,-0.79
-0.37,-22.58,3.48
2.32,-21.48,10.31
3.30,-21.24,13.85
12.82,-20.32,22.71
23.80,-15.38,36.44
34.42,-9.95,52.61
47.42,-3.42,68.12
58.17,-3.05,82.70
64.64,0.55,91.37
72.08,8.12,103.39
75.13,9.03,113.16
73.00,4.27,115.11
70.92,0.98,110.96
65.25,1.95,106.45
55.97,2.08,96.50
50.72,4.03,91.31
42.48,2.08,78.37
38.57,2.20,73.55
32.59,4.39,64.21
32.41,0.00,66.16
25.51,-2.56,68.36
20.20,1.77,51.15
20.26,0.73,44.19
11.60,-1.40,33.39
8.61,-2.50,16.72
6.41,-2.99,11.84
3.11,-2.69,8.24
2.20,-2.99,1.71
0.73,-4.21,-2.20
-2.87,-5.74,-3.72
-6.65,-8.30,-6.77
-10.68,-11.54,-11.05
-16.11,-14.83,-16.91
-23.68,-16.54,-27.83
-32.78,-15.87,-43.70
-39.55,-15.01,-53.10
-47.55,-9.89,-53.96
-54.57,-2.08,-50.84
-58.90,5.00,-46.51
-60.61,11.60,-41.44
-59.45,17.88,-37.72
-57.25,21.48,-34.79
-54.81,20.63,-31.80
-54.08,16.97,-27.95
-52.25,12.15,-22.09
-48.40,6.90,-12.82
-43.33,1.22,-0.92
-38.51,-4.15,12.51
-34.61,-10.13,23.62
-31.43,-18.25,31.07
-28.56,-28.75,36.13
-25.51,-40.89,39.37
-25.70,-38.33,25.70
-27.83,-18.80,-1.89
0.61,-10.80,-12.27
16.17,-17.09,0.37
23.25,-21.85,10.62
33.87,-11.72,9.03
42.66,-4.82,9.95
47.24,-3.23,13.00
51.15,-4.15,13.73
49.74,-2.62,10.01
45.17,-2.20,7.32
40.22,-11.35,5.07
35.71,-15.69,2.93
33.08,-13.31,0.98
32.71,-13.18,1.77
35.40,-20.02,2.14
36.62,-18.86,-2.44
41.50,-16.36,-0.67
46.69,-17.46,2.14
54.81,-21.67,-2.69
62.26,-17.15,-3.42
70.13,-24.35,-5.74
84.17,-37.84,-10.07
95.34,-36.62,-10.68
103.94,-35.89,-14.04
108.95,-42.24,-26.61
112.30,-49.56,-37.54
117.86,-54.50,-45.78
120.61,-53.89,-36.87
119.63,-45.23,-28.02
117.49,-40.41,-17.88
113.53,-31.80,-14.22
106.02,-29.48,-9.52
94.85,-23.62,-4.76
75.20,-12.21,2.50
58.65,4.03,8.73
45.59,10.19,11.29
34.79,13.43,14.89
24.84,18.25,14.22
18.68,14.89,10.74
15.44,7.63,7.75
14.28,1.53,5.62
14.65,-3.11,3.66
14.83,-6.29,2.62
13.00,-9.22,1.46
11.78,-11.54,-0.18
11.84,-12.39,-0.61
11.90,-11.54,0.00
12.45,-9.70,1.16
13.31,-6.96,2.62
13.98,-4.09,4.39
14.04,-1.22,5.19
14.04,1.46,5.80
14.22,4.33,6.04
13.79,6.65,6.53
13.55,8.24,6.65
13.49,9.40,6.35
12.57,9.83,5.74
9.95,9.28,4.82
6.35,7.69,2.87
2.99,5.86,1.04
0.24,4.46,-0.06
-1.71,3.11,-0.79
-2.32,1.83,-1.65
-2.93,1.16,-2.32
-3.11,0.73,-2.62
-4.58,-0.06,-2.99
-7.45,-0.98,-3.48
-9.70,-1.71,-3.97
-12.02,-2.50,-4.33
-13.61,-2.81,-4.82
-13.43,-2.62,-5.19
-13.49,-2.01,-5.07
-13.67,-0.49,-4.58
-14.04,1.83,-4.15
-15.26,4.15,-4.52
-18.25,5.86,-5.92
-21.79,7.08,-7.63
-26.06,8.24,-9.09
-32.04,9.95,-11.66
-38.88,15.63,-16.60
-45.17,21.48,-17.27
-58.59,31.31,-23.62
-73.91,40.47,-41.20
-85.63,47.55,-65.55
-93.81,50.29,-86.30
-104.68,48.65,-101.99
-120.91,46.39,-115.78
-130.31,41.63,-129.21
-137.51,32.59,-140.32
-145.81,21.67,-147.22
-150.82,11.96,-149.23
