-,-,-
0.55,-2.69,-3.72
0.55,-4.27,-4.21
0.49,-5.68,-5.13
0.31,-6.10,-5.55
0.06,-5.55,-4.46
1.53,-4.76,-3.05
1.28,-4.15,-0.61
1.46,-3.66,0.85
1.40,-2.99,1.53
1.59,-2.20,1.22
1.53,-2.14,0.67
1.89,-2.01,0.73
2.56,-2.32,1.16
2.93,-2.69,1.28
3.05,-2.69,0.00
2.62,-2.38,-1.22
3.23,-0.43,-1.83
3.72,0.55,-1.71
4.39,1.10,-0.85
5.55,1.04,0.67
5.55,0.31,2.14
5.49,0.61,3.23
5.07,0.61,2.93
4.88,0.49,2.01
5.43,1.22,1.04
7.14,1.65,0.24
8.73,0.98,-0.49
8.42,0.79,-1.40
6.90,0.98,-1.53
5.49,1.59,-1.22
3.78,-0.31,-0.43
2.44,-5.62,0.61
-0.31,-13.43,3.23
-4.39,-20.45,7.45
-8.48,-25.45,13.79
-10.31,-28.08,20.63
-10.31,-31.62,26.92
-10.56,-37.29,32.41
-7.32,-38.64,28.32
-2.93,-31.80,5.92
3.48,-24.11,8.54
6.41,-16.17,20.57
7.75,-8.12,30.82
10.01,3.36,49.01
15.75,15.26,72.57
23.68,26.31,104.86
30.76,34.42,133.85
33.57,39.25,148.93
31.07,41.20,149.17
25.82,35.89,135.68
16.42,32.17,114.44
11.96,31.13,94.18
5.31,25.82,68.48
3.54,18.68,46.75
0.49,14.40,27.04
-2.62,12.88,9.52
-3.85,8.54,2.99
-8.54,3.05,-4.33
-16.11,-1.65,-11.54
-22.89,-1.65,-24.66
-31.80,3.91,-47.12
-38.57,10.86,-63.84
-44.98,12.63,-68.24
-51.09,16.05,-66.59
-53.47,22.89,-64.15
-52.19,31.56,-63.17
-49.62,41.20,-62.01
-47.67,45.78,-57.19
-47.36,43.46,-47.36
-47.79,36.56,-33.69
-46.26,28.56,-16.24
-44.86,19.23,3.97
-43.82,7.63,22.95
-41.81,-6.65,36.50
-39.73,-22.16,46.45
-30.27,-30.70,43.46
-25.57,-26.61,13.18
-8.30,-5.55,7.08
11.23,1.04,18.49
18.31,0.00,28.81
23.93,-0.06,21.00
35.22,1.89,17.82
48.28,-7.51,27.22
64.27,-24.05,32.47
81.60,-39.25,41.81
98.57,-49.80,46.69
113.53,-55.05,43.40
124.94,-52.19,50.90
130.98,-49.19,60.97
142.58,-46.69,63.29
150.51,-44.25,61.83
156.62,-41.69,58.53
157.41,-37.72,52.55
152.65,-31.19,39.00
140.87,-27.40,22.34
129.33,-32.47,7.14
116.09,-27.34,-2.26
91.49,-21.24,-5.86
70.56,-19.10,-13.73
43.76,-9.89,-12.21
20.32,4.09,-9.46
4.21,21.06,-6.84
-6.41,33.81,0.37
-17.40,43.58,-0.12
-22.77,43.40,-3.72
-27.10,41.99,-1.65
-29.36,44.07,-4.94
-31.25,49.74,-23.74
-34.30,61.04,-57.68
-34.91,71.41,-93.87
-33.94,75.44,-122.13
-30.52,72.63,-143.74
-25.51,64.27,-163.45
-20.57,52.98,-181.82
-18.68,41.08,-195.74
-19.65,28.81,-198.12
-26.31,16.05,-185.12
-29.36,3.97,-165.83
-32.96,-13.67,-146.61
-35.71,-31.68,-131.04
-40.28,-49.99,-116.09
-46.02,-65.55,-96.13
-54.14,-76.48,-71.84
-61.40,-81.54,-47.00
-64.76,-82.34,-22.22
-67.44,-79.22,1.59
-72.75,-75.26,24.35
-66.22,-60.55,38.64
-60.36,-47.30,46.08
-37.17,-39.49,21.73
5.07,-44.31,-2.87
-0.43,-29.36,0.85
-4.39,-14.28,18.92
-3.54,3.42,37.48
5.55,19.10,60.36
5.92,35.03,86.55
6.90,52.80,109.37
16.11,64.76,139.47
24.17,75.99,171.81
31.07,81.42,196.59
37.17,84.96,201.42
40.95,77.27,207.34
28.69,64.09,218.75
16.36,53.22,223.14
8.61,50.72,218.02
10.50,48.46,207.64
14.59,41.44,194.21
13.55,32.53,178.22
10.68,25.15,155.46
7.20,14.28,135.01
5.37,9.95,113.95
3.30,6.65,88.75
5.07,4.52,72.81
1.46,6.65,61.71
0.24,7.39,47.97
-1.89,4.70,28.44
-2.20,3.30,5.86
-1.10,5.49,-9.52
-0.37,12.15,-17.15
-2.93,23.99,-27.83
-7.26,37.84,-62.81
-3.42,41.02,-116.52
-2.87,35.34,-159.97
-8.12,29.66,-182.13
-18.19,23.07,-183.96
-28.08,17.21,-174.99
-34.67,15.01,-163.15
-36.56,15.81,-149.66
-36.56,17.46,-133.12
-35.28,16.54,-115.54
-29.91,11.96,-98.08
-21.42,0.12,-78.92
-18.92,-12.76,-57.37
-18.43,-29.54,-31.56
-16.11,-47.42,-2.99
-10.93,-62.93,23.25
-4.15,-76.54,42.42
8.42,-79.22,43.27
23.32,-55.42,18.43
38.51,-41.75,10.56















-,-,-
-4.64,-2.50,1.71
-5.13,-3.42,2.50
-5.43,-5.07,2.99
-4.52,-6.53,2.38
-3.72,-8.36,1.16
-3.23,-9.22,0.61
-2.81,-9.22,1.16
-3.17,-9.58,2.99
-3.42,-10.38,3.85
-4.21,-11.78,4.15
-5.13,-12.21,3.42
-4.52,-10.07,-1.34
-2.75,-9.70,-3.72
-2.50,-8.61,-1.65
-0.67,-6.29,1.28
0.67,-5.92,1.71
1.53,-6.23,0.06
4.39,-2.93,-0.73
5.31,-2.14,-0.18
4.27,-3.72,0.37
3.60,-3.72,0.37
2.75,-3.11,0.24
-0.12,-4.94,0.73
-1.40,-6.53,1.10
1.71,-2.93,0.61
3.91,-1.53,1.16
3.72,-1.46,2.14
2.50,-3.23,2.93
5.49,-1.40,2.50
4.27,-3.17,3.30
4.21,-4.52,4.52
5.13,-4.52,8.79
5.68,-2.14,20.87
5.92,6.59,39.31
6.47,9.89,50.66
8.12,21.36,63.66
11.17,25.63,77.39
11.84,31.01,95.03
13.37,38.94,120.12
14.95,45.96,137.33
18.92,54.20,138.31
24.05,51.94,133.91
24.90,48.83,115.91
25.27,42.60,95.70
21.67,30.94,81.91
15.32,24.78,72.57
10.86,19.78,50.66
10.38,15.50,29.11
7.87,9.03,14.53
0.12,1.83,2.93
-4.70,-4.94,-8.79
-10.93,-9.77,-13.79
-19.53,-12.21,-22.09
-32.71,-9.09,-40.28
-41.32,-3.85,-59.51
-50.29,-1.95,-69.70
-60.06,2.32,-75.07
-64.88,7.39,-79.53
-64.64,14.65,-82.58
-62.87,24.54,-80.99
-57.37,35.16,-74.40
-52.98,42.91,-65.98
-51.27,43.40,-55.66
-43.88,43.76,-43.88
-39.25,34.85,-28.14
-35.28,21.48,-10.31
-35.16,3.72,9.77
-35.10,-15.69,30.27
-36.07,-36.25,47.97
-33.33,-52.25,53.28
-8.06,-44.43,18.80
-5.68,-23.86,14.65
25.15,1.53,21.12
42.24,11.47,25.70
57.62,8.18,23.25
71.23,3.72,22.77
82.70,-11.66,22.71
93.20,-29.11,28.87
95.64,-38.64,38.39
102.97,-42.79,40.04
110.41,-41.87,41.69
119.87,-43.09,48.34
126.04,-40.34,57.25
129.27,-37.72,68.18
125.73,-33.94,70.98
119.20,-26.18,67.93
113.28,-24.23,64.76
109.50,-23.86,59.20
110.53,-22.58,54.69
112.79,-30.52,50.05
116.09,-35.22,25.45
114.26,-29.79,10.25
101.32,-22.71,12.21
83.86,-15.93,13.73
60.06,-2.81,8.18
40.53,2.08,1.83
18.43,14.28,6.84
-0.73,27.83,0.61
-18.55,34.24,-5.68
-28.20,29.72,-11.72
-32.04,27.22,-15.87
-34.61,32.59,-21.73
-32.10,41.56,-31.13
-31.56,46.26,-49.13
-32.47,45.35,-81.91
-36.19,42.11,-117.13
-39.61,37.72,-149.17
-40.04,31.43,-174.44
-40.28,24.29,-189.03
-39.00,14.59,-193.24
-37.66,2.93,-187.38
-43.70,-10.19,-171.45
-47.49,-21.12,-150.70
-50.48,-34.06,-131.65
-58.17,-45.35,-118.23
-54.81,-57.50,-109.62
-48.95,-65.00,-104.49
-51.64,-68.85,-97.17
-49.87,-65.06,-79.04
-51.21,-49.74,-54.75
-57.37,-36.62,-30.70
-62.13,-32.29,-8.79
-63.23,-33.08,6.04
-47.97,-29.36,17.94
-25.82,-21.55,11.96
10.07,-17.03,3.78
17.27,-9.03,14.04
16.48,-4.64,27.71
16.36,0.43,45.65
23.25,6.23,68.42
22.58,15.69,88.62
19.10,28.75,111.57
15.75,50.60,132.14
16.78,66.41,153.26
15.99,72.20,177.00
12.21,79.16,188.90
14.47,78.61,193.54
16.17,78.67,195.86
19.59,86.00,205.02
23.62,86.24,222.66
24.72,79.22,240.05
23.13,66.89,240.48
19.96,50.96,234.13
13.98,37.35,211.18
12.45,24.90,177.98
14.59,12.39,147.64
11.47,6.35,121.77
10.74,4.09,93.14
11.47,3.36,77.03
3.30,2.75,42.11
3.42,3.85,13.37
-1.71,4.52,1.89
-4.64,5.49,-8.00
-6.77,9.58,-13.98
-8.79,20.26,-22.09
-12.08,34.42,-43.58
-11.17,43.27,-87.34
-3.91,41.02,-140.93
1.83,29.91,-189.88
-0.43,16.48,-218.08
-10.38,6.04,-221.74
-24.78,-1.65,-206.54
-32.23,-7.93,-179.93
-36.44,-14.28,-147.28
-34.18,-15.20,-118.04
-31.92,-19.41,-94.67
-29.85,-25.09,-75.13
-29.30,-35.16,-54.14
-27.47,-46.20,-32.90
-27.53,-55.79,-12.21
-26.61,-59.20,-0.55
-14.71,-47.55,-5.62
3.17,-37.66,-2.99
20.87,-30.82,-0.37
35.58,-20.02,4.76
46.14,-9.40,13.12
59.27,-13.55,19.29
71.11,-27.28,23.50
79.96,-36.74,24.84
88.50,-38.76,30.03















-,-,-
0.92,-5.98,3.30
0.00,-6.23,4.03
-1.65,-7.02,5.19
-0.37,-4.82,4.82
0.12,-3.54,0.37
2.50,-2.69,-2.81
3.36,-1.65,-0.79
3.60,-1.83,-1.77
3.48,-0.55,-3.54
1.04,-2.87,-2.93
-0.12,-2.44,-1.53
-0.61,-1.40,-0.12
-0.67,-1.28,0.61
-0.06,-1.04,0.98
0.61,-0.79,1.28
0.43,-1.77,1.95
1.10,-2.81,2.50
1.22,-3.54,2.20
2.08,-3.48,1.04
2.87,-3.23,1.34
3.30,-3.30,1.95
3.72,-3.11,2.20
3.72,-3.42,2.69
4.58,-2.62,2.69
4.82,-1.95,3.11
4.82,-1.34,3.54
5.68,-0.18,4.03
6.96,0.00,4.58
7.45,-1.04,5.19
8.06,-1.95,5.19
7.87,-3.42,5.25
7.39,-4.88,5.00
7.32,-5.68,4.88
6.29,-6.71,4.88
5.07,-6.53,6.41
5.07,-4.76,13.12
4.52,0.73,31.19
4.03,6.90,53.41
5.49,12.82,71.41
8.00,16.85,92.22
7.81,25.76,115.54
9.52,29.48,125.61
11.78,30.46,124.94
12.70,33.02,118.29
14.47,29.91,107.24
14.10,31.74,93.87
13.12,31.43,81.97
11.05,25.09,71.90
8.42,18.74,52.00
5.98,13.61,30.15
4.94,7.32,19.47
-0.55,3.17,14.10
-4.21,-3.72,-0.55
-11.11,-10.80,-14.71
-20.14,-15.87,-24.29
-34.18,-14.40,-38.45
-48.95,-4.03,-54.87
-60.12,4.70,-67.63
-66.10,11.78,-75.56
-69.21,17.27,-78.55
-69.03,23.38,-78.92
-71.04,26.49,-76.48
-72.94,29.85,-71.35
-68.48,36.01,-62.26
-63.96,39.73,-47.06
-57.68,39.61,-29.17
-52.12,32.41,-10.13
-46.33,18.31,10.80
-41.93,0.73,33.57
-37.23,-21.55,52.98
-20.39,-37.78,38.88
-17.82,-41.87,11.11
-0.49,-22.58,11.41
17.70,-5.86,23.50
31.31,6.53,29.11
46.14,13.43,29.91
61.22,15.26,35.28
82.21,-6.23,43.95
96.92,-31.86,46.14
107.12,-50.11,38.57
117.25,-62.01,35.83
124.45,-67.08,41.44
130.43,-63.60,51.70
134.34,-57.31,56.64
140.26,-53.04,57.43
145.57,-47.91,55.24
150.15,-43.88,54.99
149.23,-33.75,50.35
145.20,-33.45,39.49
131.29,-29.79,25.51
113.53,-20.51,14.40
94.36,-14.22,6.53
76.60,-14.77,2.62
55.05,-3.60,1.53
33.14,1.59,-4.09
13.12,13.55,-8.36
-2.32,27.59,-10.38
-14.40,35.77,-10.25
-26.06,36.99,-13.98
-37.84,37.11,-22.64
-51.76,41.44,-52.61
-55.73,43.70,-88.32
-59.57,44.37,-116.15
-62.62,43.58,-140.87
-61.52,37.29,-163.09
-60.49,27.95,-181.40
-59.14,20.02,-193.60
-58.59,12.39,-196.90
-58.53,5.13,-190.31
-58.23,-4.58,-176.94
-54.93,-15.56,-157.47
-57.62,-26.98,-132.26
-73.55,-36.19,-105.22
-73.30,-47.18,-81.12
-66.16,-59.33,-62.87
-62.26,-71.35,-49.38
-60.73,-79.53,-37.60
-54.57,-80.38,-25.27
-46.14,-73.36,-12.45
-26.12,-53.41,-19.59
-2.81,-35.83,-12.63
6.10,-15.69,7.57
7.20,-7.14,22.28
9.70,-4.82,32.78
11.23,-1.59,53.04
9.40,6.53,83.68
11.05,21.55,111.15
21.85,37.96,146.00
32.84,54.81,180.36
39.55,71.96,208.37
45.35,83.86,226.44
48.28,92.35,239.87
47.85,92.96,250.98
43.15,91.67,251.95
39.37,76.23,242.25
30.46,66.28,224.18
27.16,49.13,210.94
23.32,39.49,196.66
22.22,29.60,179.38
21.24,19.47,157.23
19.35,6.23,134.64
17.64,-0.49,105.65
14.04,0.49,78.98
8.30,8.18,57.98
4.58,5.74,40.95
3.11,4.88,21.73
-0.61,10.13,8.06
-1.89,10.86,-13.98
2.08,19.65,-30.40
-3.66,33.63,-58.59
-2.75,40.41,-122.44
0.61,34.36,-181.52
-0.37,24.54,-223.82
-8.18,12.51,-236.39
-21.24,4.27,-221.13
-37.11,2.01,-190.92
-46.69,3.60,-160.77
-48.40,4.09,-137.70
-41.44,4.88,-121.28
-35.95,-3.54,-104.13
-29.05,-12.39,-85.88
-21.36,-21.36,-66.59
-15.50,-30.58,-42.72
-15.44,-41.26,-15.87
-14.34,-47.36,7.69
-10.01,-49.01,24.35
2.81,-41.56,13.92
10.31,-31.19,12.76
32.53,-23.50,14.47
44.37,-25.94,16.48
54.26,-25.02,13.79
67.57,-19.04,14.83
86.36,-32.65,21.67
96.07,-46.88,27.71
103.64,-58.04,25.51
115.17,-69.82,21.73
123.72,-76.35,11.90
129.09,-74.28,10.01
125.12,-66.41,10.13
109.31,-49.26,9.46















-,-,-
3.36,-1.34,2.26
4.21,-1.16,2.26
4.58,-2.01,2.32
5.43,-1.53,2.26
4.46,-2.81,2.20
4.76,-2.26,1.59
3.66,-3.23,0.79
3.05,-3.66,0.12
2.44,-2.44,0.37
1.04,-2.14,0.61
0.37,-1.28,0.73
0.00,-1.22,1.22
-0.37,-1.10,1.28
-1.04,-1.46,1.10
-1.89,-2.50,1.16
-1.59,-2.56,0.92
-2.01,-3.11,0.92
-1.95,-2.81,0.85
-1.46,-2.14,0.85
-1.46,-1.83,1.16
-0.55,-1.04,1.46
0.43,-0.18,1.46
0.85,0.31,1.53
2.56,2.20,1.16
0.98,0.73,1.28
0.92,1.22,1.22
0.00,1.46,1.95
-0.43,2.26,5.07
-1.34,5.13,13.12
-1.89,10.44,26.86
-1.89,16.78,54.44
-0.37,21.79,84.72
3.42,32.78,112.06
11.17,42.97,127.87
17.58,50.78,134.22
22.40,60.79,134.03
25.45,54.44,126.53
19.29,47.91,104.55
13.12,39.31,80.87
6.90,26.92,54.93
3.23,18.68,39.98
-3.54,10.50,14.89
-2.62,3.91,-0.18
-7.69,0.85,-4.52
-11.29,-3.17,-10.86
-16.11,-5.25,-18.55
-25.70,-1.46,-30.21
-34.48,5.25,-47.55
-40.47,6.59,-60.18
-48.28,9.95,-68.91
-54.50,14.59,-72.45
-58.90,24.54,-72.75
-58.78,36.99,-72.14
-55.42,45.41,-69.15
-48.22,53.34,-64.94
-41.81,57.86,-57.25
-37.78,53.34,-42.60
-34.55,44.25,-22.16
-35.34,28.93,0.55
-38.15,11.54,21.97
-38.57,-5.00,40.59
-34.97,-21.73,57.07
-30.88,-36.80,68.48
-11.60,-40.59,41.02
-5.98,-38.09,10.68
11.05,-13.24,12.70
27.28,-1.89,25.27
40.28,2.62,31.43
51.27,4.76,29.79
67.02,-4.46,22.83
83.07,-23.25,22.22
96.25,-42.91,29.11
105.53,-52.37,33.39
117.37,-58.90,33.26
131.16,-61.83,33.14
145.08,-62.74,37.60
155.40,-62.99,45.29
163.57,-60.73,45.96
171.75,-61.40,45.04
169.68,-58.04,42.91
150.88,-42.66,40.04
124.39,-28.63,38.70
93.51,-12.27,29.66
67.08,2.38,20.51
43.03,12.82,16.60
25.88,22.64,7.39
13.73,33.26,0.79
6.96,38.45,-3.60
-2.08,46.51,-8.06
-5.49,36.32,-18.07
-13.24,27.10,-36.68
-20.57,17.52,-64.09
-24.29,12.02,-97.17
-27.77,11.66,-127.93
-30.70,15.26,-152.40
-33.39,20.08,-168.03
-36.25,23.32,-173.83
-40.41,23.07,-171.63
-47.30,20.69,-164.92
-57.01,12.39,-155.64
-58.47,4.88,-145.51
-49.62,-4.52,-132.02
-63.05,-14.40,-115.91
-65.19,-27.95,-98.45
-59.45,-45.90,-84.66
-58.23,-62.81,-75.99
-59.94,-74.40,-65.73
-53.77,-80.20,-51.27
-46.14,-77.76,-32.10
-38.51,-71.47,-7.93
-35.28,-61.28,14.28
-31.31,-35.03,12.63
6.90,-9.64,3.97
25.94,-1.59,19.29
17.82,1.53,42.97
10.19,8.18,68.73
17.46,20.57,97.78
22.58,32.47,126.04
28.08,40.89,146.42
31.07,51.51,161.87
36.74,59.39,177.37
36.44,72.33,201.48
36.56,86.06,225.59
39.12,90.45,242.61
42.24,89.42,249.39
44.19,77.39,253.17
38.51,73.18,253.11
33.26,56.64,251.95
26.37,44.49,244.02
22.09,29.24,221.98
22.64,9.83,190.25
19.35,-1.95,150.33
16.60,1.89,113.34
12.70,1.46,77.82
8.91,-0.06,40.77
7.69,1.71,29.60
2.26,8.73,22.40
-0.43,11.60,4.21
3.17,14.34,-23.50
0.24,21.85,-47.79
-4.64,28.50,-106.08
-3.05,30.64,-169.56
-2.20,26.98,-221.01
-7.75,21.06,-246.22
-19.53,12.82,-238.53
-34.55,5.13,-206.42
-47.24,3.42,-168.33
-54.08,4.52,-137.70
-52.80,5.55,-119.69
-49.26,0.73,-110.53
-47.42,-7.69,-103.15
-46.39,-21.12,-93.32
-41.44,-34.36,-78.43
-34.12,-46.57,-51.27
-30.27,-54.44,-11.35
-26.49,-54.14,22.03
-11.47,-43.09,18.49
7.57,-33.45,14.40
30.03,-21.06,16.72
41.08,-10.74,21.85
57.13,-4.70,20.14
71.84,-9.95,13.67
85.69,-26.18,16.78
93.75,-30.52,23.44
109.13,-38.57,29.72
129.70,-52.43,38.21
140.01,-59.27,40.89
147.83,-65.92,34.97
143.62,-67.32,25.27
128.78,-66.04,15.08
111.15,-56.82,9.34
95.70,-54.50,5.62
79.53,-50.23,3.05
61.83,-40.34,-0.67
48.83,-32.23,-4.21
40.89,-26.31,-5.49
28.56,-14.65,-1.95
20.63,-8.00,-2.50
10.19,-3.66,-1.34
0.61,-5.55,-3.66















-,-,-
1.53,-0.79,2.99
1.65,0.49,2.20
1.28,1.59,1.59
0.61,1.22,0.55
2.20,3.11,-1.77
1.40,1.95,-3.36
2.44,1.28,-5.37
4.21,1.28,-7.57
4.52,0.43,-9.03
5.31,0.43,-10.68
5.07,-0.61,-12.76
6.10,-2.62,-14.04
6.77,-5.07,-13.49
8.06,-7.93,-11.60
9.34,-9.22,-8.97
7.51,-10.68,-5.74
6.77,-9.58,-3.60
2.93,-12.33,-0.37
2.44,-14.40,2.20
1.83,-15.08,3.42
3.36,-14.28,3.17
2.75,-14.83,2.69
-0.24,-13.49,-1.95
-2.75,-12.51,-4.09
0.18,-7.75,-3.17
-2.14,-7.69,-1.04
-4.39,-7.57,0.12
-5.07,-9.34,1.59
-3.85,-11.66,1.34
-2.93,-10.56,0.55
-4.03,-14.53,1.40
-2.56,-15.32,1.59
-4.27,-17.70,2.69
-4.94,-17.33,4.82
-6.10,-14.10,14.89
-8.48,-6.53,37.60
-6.23,3.72,69.95
2.50,13.61,107.54
8.24,23.32,134.64
13.98,32.59,144.04
16.11,34.61,133.91
16.78,32.10,114.38
17.64,21.91,93.26
14.71,20.02,77.82
11.54,16.60,54.26
9.83,12.76,39.73
4.88,9.95,31.74
1.10,5.92,18.86
-2.56,1.40,2.93
-5.92,-2.14,-7.08
-9.40,-2.81,-11.66
-12.88,-1.77,-17.76
-16.66,1.04,-29.54
-22.95,9.28,-42.91
-27.89,11.17,-52.80
-34.79,12.76,-58.90
-39.49,18.13,-58.84
-40.16,24.35,-55.85
-40.71,29.91,-54.57
-42.36,33.81,-51.57
-43.03,36.93,-45.17
-42.97,40.83,-35.16
-41.38,43.76,-22.95
-38.76,42.85,-11.23
-32.78,36.32,-1.34
-29.30,18.86,10.50
-24.17,3.54,22.22
-24.29,-12.82,34.36
-20.14,-23.56,44.43
-10.80,-25.33,43.27
-2.38,-17.70,18.80
4.21,-6.35,10.80
19.65,-3.91,14.10
18.68,-2.32,17.82
22.89,1.59,19.17
34.61,-0.92,18.62
39.43,-5.19,17.70
50.54,-18.74,17.58
63.96,-32.59,18.62
76.72,-35.89,25.09
94.73,-42.79,31.62
116.64,-51.21,31.13
137.88,-57.80,29.17
161.80,-67.02,31.01
177.73,-73.24,30.33
187.26,-72.39,31.43
188.84,-65.55,31.43
185.00,-62.62,27.53
170.29,-51.88,17.33
148.74,-39.67,17.94
117.92,-30.21,14.40
85.75,-17.58,6.65
52.80,-10.74,-1.95
31.13,0.43,-9.03
18.37,10.13,-7.08
6.96,19.84,-5.92
-2.69,24.60,-10.62
-15.81,25.15,-18.25
-29.91,22.58,-32.78
-41.93,22.71,-55.54
-50.78,32.84,-79.53
-55.66,50.17,-105.35
-52.43,64.15,-133.54
-44.07,62.19,-160.10
-38.15,46.81,-178.59
-40.47,27.77,-186.89
-43.88,12.33,-187.01
-47.12,0.61,-179.69
-43.33,-7.45,-166.81
-35.03,-14.59,-146.73
-28.20,-23.44,-120.30
-32.84,-29.17,-89.42
-32.71,-32.47,-60.42
-46.39,-43.33,-40.53
-53.59,-58.47,-31.49
-43.95,-64.21,-19.96
-38.57,-62.74,-1.16
-35.16,-54.20,19.71
-25.94,-40.53,23.19
-3.66,-28.38,4.88
-0.49,-18.49,7.69
-10.93,-10.80,16.97
-16.78,-3.97,31.13
-13.12,7.75,52.61
-5.62,15.32,74.77
-4.46,22.40,99.73
-6.04,33.39,135.19
2.87,43.64,162.11
18.25,41.08,186.83
28.32,42.30,208.13
40.04,42.36,221.86
47.61,43.03,222.78
54.99,40.53,215.94
56.40,35.40,214.54
53.47,31.68,210.82
44.01,28.63,199.83
35.22,23.50,179.20
24.17,18.25,152.71
15.56,15.20,117.74
10.19,10.13,88.87
8.91,7.81,62.68
8.79,7.63,44.01
6.47,6.65,34.30
4.64,4.88,23.62
-1.04,5.62,4.39
-2.14,5.98,-15.14
-1.77,8.36,-26.92
-1.04,16.36,-37.41
-2.81,19.53,-54.93
-6.23,18.13,-93.08
-11.47,11.47,-132.69
-18.13,3.11,-160.46
-25.88,-1.04,-173.77
-30.33,-0.37,-175.54
-30.40,1.34,-171.33
-27.53,1.46,-163.51
-24.05,-1.34,-150.21
-21.18,-5.25,-130.19
-21.00,-10.38,-104.68
-21.00,-14.83,-75.87
-19.41,-20.81,-46.33
-20.94,-32.65,-18.92
-13.55,-40.22,-0.12
-14.28,-47.73,11.72
-8.06,-38.33,1.10
-2.99,-27.77,-6.53
16.78,-23.13,-2.01
21.48,-23.80,6.71
29.85,-19.29,7.69
40.59,-10.80,10.44
57.43,-11.90,11.96
77.03,-29.85,9.83
93.20,-49.56,8.12
109.62,-63.72,10.80
123.54,-74.46,6.84
130.43,-78.74,2.81
124.27,-77.45,7.14
108.40,-63.35,11.05
89.84,-46.63,5.74
71.41,-26.06,6.04















-,-,-
0.67,-7.02,0.49
0.24,-8.18,2.01
-1.34,-9.34,3.78
-3.97,-10.19,4.21
-4.76,-10.93,5.25
-6.96,-12.51,5.86
-8.79,-10.44,2.44
-6.65,-8.67,-2.08
-3.91,-6.41,-1.89
-3.30,-4.58,-0.18
-3.48,-3.42,1.28
-2.32,-3.48,2.01
-1.10,-3.42,2.14
-0.73,-3.48,1.65
0.00,-2.99,0.92
0.37,-3.11,1.28
0.24,-3.85,1.59
0.18,-4.46,1.77
0.55,-4.52,1.71
1.22,-4.27,1.40
1.04,-4.33,1.40
1.22,-3.85,1.34
1.16,-3.78,1.65
2.20,-3.30,1.95
2.87,-2.20,2.44
2.81,-1.83,3.05
3.05,-1.65,2.62
1.77,-2.32,2.62
1.04,-2.93,2.69
0.73,-2.99,2.50
0.98,-2.87,2.01
-0.43,-2.50,1.77
-1.10,-2.38,1.65
-2.87,-2.99,2.44
-1.10,1.28,8.97
-0.37,8.97,32.84
1.77,17.70,72.08
5.19,24.11,112.49
10.99,24.54,141.42
11.29,28.26,157.04
16.97,27.28,159.36
20.02,25.02,148.13
19.47,30.82,130.00
20.69,27.59,105.65
14.95,20.39,72.20
9.03,13.31,50.90
3.48,4.64,25.76
0.43,-0.61,10.19
-4.21,-1.53,6.53
-8.24,-1.34,-0.37
-11.35,-4.52,-10.31
-19.59,-5.00,-21.42
-28.69,4.33,-38.51
-33.33,15.87,-54.14
-34.61,22.03,-63.29
-37.72,29.42,-68.48
-41.26,38.21,-69.89
-43.03,46.63,-69.89
-42.91,54.93,-70.74
-38.21,61.89,-69.34
-33.69,63.60,-63.78
-32.35,56.52,-50.96
-31.49,44.86,-30.64
-31.19,30.15,-5.25
-28.56,13.92,20.69
-23.07,-0.31,43.21
-16.24,-16.17,60.61
-14.77,-26.18,65.19
-4.76,-25.88,27.04
7.32,-24.78,14.40
20.57,-10.19,17.64
21.18,-6.53,23.25
30.58,-8.97,27.34
45.47,-20.14,26.43
58.72,-33.75,23.19
70.74,-48.16,19.23
83.44,-62.07,19.96
93.99,-71.78,20.26
104.68,-78.92,23.93
116.15,-79.41,26.00
128.85,-77.94,35.95
137.51,-73.85,36.87
146.61,-69.03,36.25
154.66,-65.98,32.17
158.14,-64.88,26.31
153.32,-60.55,26.98
141.72,-50.17,28.08
130.07,-40.53,18.80
119.02,-32.59,8.67
100.16,-23.25,5.00
74.22,-18.01,4.33
40.28,-9.16,-1.40
15.93,-3.60,-6.77
-6.16,13.61,-5.25
-16.72,26.06,-3.97
-22.71,24.78,-9.34
-30.82,26.79,-20.94
-39.86,32.96,-43.64
-46.33,43.33,-68.54
-50.35,51.88,-95.95
-51.15,56.70,-127.32
-46.33,53.16,-159.48
-43.21,43.82,-187.50
-42.85,32.47,-205.99
-51.94,20.32,-210.39
-53.28,9.95,-203.06
-55.05,-1.40,-184.81
-68.54,-9.77,-162.54
-71.35,-18.68,-142.33
-66.28,-24.72,-119.14
-51.82,-26.49,-96.19
-56.70,-31.80,-74.28
-62.62,-43.15,-57.19
-53.65,-53.47,-44.25
-39.37,-61.65,-30.46
-26.37,-69.15,-12.27
-24.35,-72.69,7.75
-50.60,-53.16,7.93
-39.86,-29.11,-0.18
-17.46,-19.90,-1.04
-2.69,-18.37,-1.65
-5.98,-20.51,2.81
-13.55,-13.92,5.49
-4.09,-3.78,12.70
19.04,4.39,30.15
37.29,9.22,52.37
38.33,14.83,75.87
30.33,24.66,101.32
25.15,36.25,129.09
27.16,42.48,151.37
28.93,49.44,184.20
32.65,54.32,209.59
38.09,61.71,225.16
47.42,67.02,237.61
57.01,65.43,254.88
62.07,57.13,262.88
59.33,50.17,260.07
50.66,37.96,255.55
40.65,16.97,238.77
33.63,10.99,206.18
30.70,6.90,175.54
24.05,14.59,148.01
19.04,17.09,119.02
17.46,14.59,82.28
12.76,9.95,43.76
8.54,5.92,20.87
2.08,6.16,13.92
-3.23,7.39,2.01
-6.10,8.79,-17.15
-3.72,13.37,-31.56
-8.54,19.84,-54.57
-10.50,24.60,-101.81
-12.08,23.01,-145.39
-18.74,17.94,-173.46
-29.05,15.01,-191.10
-36.44,13.31,-201.66
-42.72,15.20,-206.18
-47.30,16.97,-204.77
-43.64,13.98,-191.53
-35.64,5.74,-161.32
-28.14,-4.76,-123.17
-25.27,-15.44,-86.24
-27.53,-30.21,-54.50
-25.57,-39.31,-30.03
-17.33,-39.00,-8.12
-23.44,-41.26,13.24
-27.95,-48.22,26.73
-14.47,-40.59,8.00
-0.55,-41.50,-5.37
20.69,-34.91,-4.15
35.10,-35.28,2.08
50.96,-44.62,1.04
64.27,-41.99,-2.56
78.80,-45.35,0.61
95.34,-52.12,5.07
108.70,-64.70,8.79
120.36,-75.87,9.03
127.26,-81.73,9.58
122.74,-75.32,10.07
113.22,-67.50,7.69















-,-,-
0.37,-3.85,6.84
0.55,-5.68,5.98
0.49,-6.84,5.37
-1.34,-8.00,6.23
-3.36,-7.75,6.84
-5.19,-7.93,7.45
-7.02,-7.63,6.04
-7.75,-6.84,-0.79
-4.64,-7.02,-2.01
-1.46,-6.10,1.53
-1.71,-6.84,5.86
-1.40,-5.00,3.54
1.89,-1.83,1.22
2.81,-2.62,1.46
2.50,-2.62,2.75
6.96,0.31,2.38
5.98,-1.65,3.30
6.59,-1.04,3.05
5.37,-2.38,2.87
4.27,-3.85,2.69
3.36,-4.58,2.32
2.20,-5.25,1.95
1.40,-5.07,1.95
1.40,-5.00,2.01
1.46,-4.15,2.32
0.43,-3.54,2.32
-0.73,-2.81,2.44
-2.44,-1.95,4.39
-2.44,0.61,13.49
-2.93,7.63,35.34
-1.95,14.47,64.64
-0.98,24.17,92.22
2.44,30.21,113.59
2.56,36.74,122.44
3.78,41.99,123.05
3.30,44.37,116.15
2.93,42.91,109.68
1.10,37.96,95.21
3.11,30.82,73.18
3.48,16.72,49.93
-1.65,12.57,28.69
-5.43,10.25,23.93
-11.54,3.54,14.89
-13.31,-2.87,-7.81
-14.89,-6.84,-14.59
-22.22,-9.46,-15.81
-30.82,-12.45,-21.79
-41.14,-9.70,-32.04
-54.14,3.23,-41.44
-63.42,11.96,-45.78
-71.90,17.70,-48.77
-76.60,22.46,-54.08
-78.06,26.86,-60.85
-75.68,28.20,-64.70
-73.67,26.43,-63.42
-67.93,24.41,-57.86
-62.44,16.54,-45.72
-62.56,10.38,-30.09
-59.81,1.65,-13.73
-52.73,-8.54,0.98
-47.61,-20.20,11.60
-37.60,-27.34,-5.43
-28.63,-21.24,-12.08
-9.03,-12.88,-3.17
2.14,-12.27,6.71
18.37,-3.42,8.85
32.41,4.70,13.55
47.67,0.43,22.28
62.56,-11.47,29.66
78.31,-23.99,31.98
95.64,-33.81,37.23
111.02,-39.00,43.33
126.28,-39.79,50.96
141.36,-39.67,61.95
156.13,-44.19,68.73
171.02,-49.99,68.73
184.02,-55.54,70.07
192.44,-60.12,70.25
190.55,-59.81,69.21
177.31,-54.20,63.60
155.76,-43.95,48.10
131.41,-30.82,36.99
103.52,-14.28,35.40
81.18,-3.48,29.72
63.23,3.85,19.53
44.80,9.89,16.91
25.27,18.98,10.31
11.17,24.96,4.70
-1.10,29.79,8.48
-12.57,35.83,5.43
-17.94,34.06,-1.83
-24.60,37.48,-10.13
-31.74,40.04,-31.56
-31.49,41.32,-61.46
-32.23,41.87,-86.61
-31.86,43.15,-108.95
-29.91,43.15,-131.29
-28.50,41.56,-153.75
-29.54,38.45,-172.00
-31.43,33.69,-182.74
-34.85,22.28,-182.86
-39.37,4.94,-174.62
-45.04,-15.93,-162.96
-47.30,-36.01,-148.38
-49.38,-54.14,-126.28
-55.54,-70.37,-93.69
-57.98,-83.19,-54.87
-59.02,-90.45,-14.83
-59.27,-90.64,19.47
-57.13,-63.29,5.92
-16.11,-37.72,-15.75
3.30,-22.34,-9.34
2.87,-18.49,3.97
-4.09,-10.38,10.38
2.69,-3.66,5.43
7.75,-2.62,9.64
4.58,1.16,29.11
1.77,10.38,53.41
2.87,23.80,84.11
1.04,44.43,121.77
6.16,62.81,157.04
11.29,76.35,185.00
20.51,87.59,207.95
30.64,91.55,226.99
36.44,84.72,238.34
38.33,78.12,245.30
36.93,62.38,249.51
29.30,50.05,246.46
22.52,41.99,231.75
17.82,31.43,213.87
11.90,21.79,186.46
11.23,13.31,154.24
8.00,6.84,119.08
8.48,4.33,91.74
8.24,2.01,75.56
5.49,3.91,61.46
2.38,6.10,45.10
0.49,2.01,26.86
-0.24,1.53,12.21
0.12,5.07,-2.75
-2.01,11.72,-14.10
-7.45,22.64,-50.42
-8.36,30.88,-99.55
-7.02,31.19,-146.36
-5.68,27.40,-180.85
-9.52,23.62,-195.19
-16.85,21.30,-189.39
-23.86,19.53,-168.88
-27.34,17.52,-143.31
-25.45,12.63,-120.91
-20.87,3.97,-104.61
-19.53,-7.39,-93.63
-19.78,-16.66,-85.57
-20.75,-30.64,-78.49
-18.68,-47.00,-69.82
-11.96,-60.97,-56.27
-10.68,-72.14,-30.70
-8.12,-73.67,-0.61
-2.81,-49.38,5.98
10.74,-33.14,7.14
42.79,-31.37,4.39
50.35,-30.58,4.88
58.17,-37.35,7.69
61.58,-36.56,6.96
69.89,-32.84,11.23
84.96,-36.62,14.53
101.87,-43.88,16.85
117.37,-51.33,25.21
128.72,-56.58,29.36
138.73,-61.16,30.88
140.20,-62.93,27.89
130.74,-59.75,20.32
111.39,-47.06,14.16
87.22,-36.13,13.18
63.66,-17.27,6.77
44.92,-4.76,4.46
30.27,0.79,7.26
16.60,10.86,6.71
9.64,19.10,4.64
6.04,13.55,5.80















-,-,-
-0.49,-7.02,0.61
-0.79,-6.10,0.43
-1.77,-5.55,0.31
-3.11,-6.04,0.06
-3.23,-5.00,-0.18
-3.42,-3.91,-0.43
-2.56,-3.30,-0.67
-0.12,-0.73,-1.34
0.98,-0.85,-2.01
-2.01,-2.93,-1.10
-1.10,-0.98,-1.16
1.22,0.24,-1.65
-0.12,-1.53,-0.92
-1.40,-2.08,0.24
1.59,0.31,-0.12
2.44,2.20,0.06
1.53,1.10,0.61
1.40,0.79,1.04
1.28,0.43,0.98
1.22,-0.06,0.92
1.46,-0.18,0.85
1.77,0.49,0.73
2.44,1.16,0.37
2.93,1.53,-0.18
2.14,1.22,-0.31
0.85,0.55,-0.24
1.95,0.55,-0.31
3.60,0.67,-0.67
2.81,-1.46,-0.31
0.67,-3.42,1.04
0.79,-3.60,3.97
3.48,-0.37,19.17
6.16,9.46,52.12
17.58,20.81,91.67
25.88,33.81,128.11
26.86,46.63,161.99
20.57,68.97,184.39
22.40,90.39,180.30
30.46,88.75,162.66
28.93,75.81,136.66
24.54,48.10,108.58
10.31,27.22,60.00
6.16,11.23,27.71
-3.91,4.70,9.58
-9.46,2.20,-5.98
-14.53,-1.40,-13.24
-24.48,-4.82,-24.17
-36.87,-6.59,-45.53
-45.90,-8.48,-69.21
-57.19,-4.94,-86.98
-68.12,-0.61,-96.44
-72.08,10.25,-98.88
-73.61,21.24,-96.56
-69.52,32.23,-92.04
-64.76,37.66,-85.75
-62.44,39.86,-78.43
-59.14,40.59,-67.75
-54.69,37.84,-51.82
-49.68,31.25,-29.91
-44.80,20.51,-4.52
-40.65,7.45,20.20
-38.21,-6.84,43.09
-36.38,-22.16,58.23
-26.06,-23.56,21.67
-19.65,-21.06,2.81
1.04,-5.19,9.22
17.58,-0.49,21.48
32.47,2.99,27.71
44.68,9.77,28.50
50.35,13.61,31.37
66.35,2.99,41.75
82.21,-15.08,54.75
99.06,-38.15,54.14
114.26,-52.73,50.23
125.92,-54.87,57.07
134.52,-49.68,69.34
146.06,-47.97,75.44
157.90,-47.61,74.52
165.04,-46.88,75.13
170.84,-50.17,71.23
172.36,-50.54,68.30
171.02,-47.97,64.21
164.61,-45.84,50.72
156.62,-43.15,36.62
141.85,-35.16,36.68
122.50,-24.78,34.85
99.55,-14.34,25.63
69.40,3.30,18.98
36.25,24.29,16.72
10.68,41.87,12.57
-7.08,52.43,3.54
-18.13,49.32,-3.23
-25.21,41.81,-5.62
-29.11,37.72,-14.95
-28.08,38.02,-32.17
-26.37,39.31,-66.28
-24.23,38.39,-104.61
-23.38,34.55,-135.07
-23.32,26.92,-155.58
-24.48,18.25,-167.85
-28.44,10.13,-171.94
-32.41,6.53,-169.98
-47.24,1.34,-163.51
-59.57,-6.77,-156.43
-56.03,-17.52,-148.38
-58.59,-30.64,-136.90
-55.18,-46.33,-121.09
-47.36,-57.98,-100.40
-42.30,-63.48,-76.66
-41.02,-67.02,-50.48
-38.94,-71.17,-23.86
-35.71,-75.81,-0.43
-34.61,-73.43,10.31
-16.78,-45.23,-19.65
3.54,-31.62,-24.05
5.07,-13.67,-10.13
-0.55,-9.83,4.39
-1.89,-6.47,5.55
4.70,-0.12,1.34
3.11,9.64,6.35
6.47,13.73,24.90
4.52,19.59,50.72
-0.43,31.80,80.81
-5.86,47.12,114.99
-4.46,67.50,145.26
-1.34,85.82,178.53
8.79,101.99,211.12
20.81,113.95,247.74
30.52,105.41,275.94
29.72,100.04,287.11
31.56,86.85,282.35
25.39,71.17,261.17
20.08,55.48,233.52
14.28,40.04,205.38
9.22,22.71,184.14
4.27,13.06,158.33
3.48,7.45,134.16
2.50,1.46,112.12
4.03,0.43,92.29
3.78,0.24,73.18
3.54,-2.38,57.19
-1.28,-1.95,37.96
-3.17,2.56,17.52
-5.25,7.02,4.70
-4.52,12.70,-8.79
-7.45,17.88,-27.47
-7.81,21.18,-70.80
-4.52,24.11,-121.34
-0.92,29.54,-163.33
-1.22,35.10,-192.87
-3.78,38.64,-208.68
-9.70,38.70,-212.59
-13.06,34.48,-207.34
-11.90,27.10,-192.87
-13.79,14.83,-170.90
-12.88,3.60,-147.83
-7.93,-4.58,-124.27
-16.91,-12.39,-96.37
-20.94,-24.90,-66.16
-20.75,-35.77,-36.87
-21.36,-51.45,-9.22
-18.74,-67.20,12.76
-17.27,-80.44,30.15
-17.64,-95.34,43.27
-6.71,-83.25,27.28
0.37,-64.70,10.01
26.92,-48.40,8.73
45.47,-33.81,13.06
51.57,-22.46,17.27
67.02,-24.48,14.95
79.53,-27.71,14.28
100.59,-39.06,16.11
118.47,-53.16,17.94
131.41,-61.22,18.62
139.89,-65.49,25.63
140.32,-63.84,28.02
136.60,-59.39,22.09
122.80,-53.96,15.20
103.27,-43.15,10.80
82.52,-31.62,13.92















-,-,-
-7.14,-7.08,-2.93
-5.25,-7.45,-3.54
-5.62,-8.24,-1.95
-4.70,-6.53,-0.61
-0.92,-2.87,-0.55
2.20,-0.37,-0.31
1.59,-0.61,0.49
1.04,-1.34,1.34
1.40,-2.75,2.62
1.46,-4.21,2.44
0.24,-5.98,2.75
0.73,-5.62,2.75
1.77,-4.58,2.50
3.23,-2.75,2.20
3.78,-1.10,2.38
4.52,-2.08,2.08
5.37,-1.59,2.08
5.00,-1.77,2.14
3.85,-3.97,1.95
4.64,-3.91,1.71
4.70,-3.23,1.10
3.78,-3.17,0.79
4.46,-2.75,0.55
5.13,-0.98,0.37
4.88,-0.79,0.37
4.33,-1.22,0.24
3.72,-2.38,0.31
0.79,-4.15,2.20
-1.40,-3.17,6.47
-0.49,1.40,13.49
2.26,5.43,32.35
2.75,7.81,50.48
1.16,18.25,66.83
6.90,29.66,92.71
12.51,35.28,105.90
18.37,43.09,130.55
20.08,47.36,146.67
22.34,52.25,154.24
26.79,50.72,152.16
27.59,47.79,142.70
25.39,45.04,123.41
21.00,41.26,99.49
14.16,35.83,74.58
7.39,28.20,50.42
0.37,19.23,34.55
-10.13,8.67,13.61
-17.33,0.37,-3.91
-25.15,-6.35,-12.82
-32.41,-9.64,-20.14
-42.60,-5.98,-29.72
-52.00,1.65,-41.26
-60.12,9.40,-53.65
-66.16,16.72,-66.35
-69.09,25.33,-75.01
-68.60,33.20,-78.00
-67.20,34.97,-75.26
-59.02,34.48,-70.25
-52.25,26.92,-60.85
-44.86,17.88,-44.92
-37.84,9.09,-23.25
-34.30,-2.81,-0.06
-29.30,-12.45,18.74
-19.59,-14.16,4.52
-17.82,-11.11,-5.49
-2.81,2.93,2.99
5.55,6.16,16.24
12.39,2.93,18.74
18.98,2.56,15.63
20.08,4.46,17.46
29.97,3.78,23.01
41.50,-1.22,26.86
54.20,-16.17,29.60
66.28,-31.86,31.07
82.46,-42.24,37.17
98.39,-47.18,42.85
116.46,-57.68,48.03
127.87,-64.45,49.44
140.50,-72.02,54.75
150.15,-74.58,54.32
162.17,-77.82,53.89
168.33,-75.87,52.31
167.48,-74.28,45.23
162.60,-65.98,33.08
155.15,-57.19,26.92
145.14,-47.24,22.28
129.82,-37.90,17.03
108.34,-28.20,12.70
77.88,-12.45,10.19
48.16,3.66,5.80
22.40,19.10,8.00
3.72,36.74,7.93
-5.31,40.22,5.49
-16.48,41.20,0.24
-25.57,32.65,-3.66
-38.15,30.88,-12.27
-51.33,35.16,-31.13
-57.98,41.56,-61.71
-62.87,46.81,-92.47
-66.53,48.58,-120.36
-65.92,43.76,-145.63
-64.70,32.90,-166.69
-67.38,19.29,-181.88
-69.52,8.97,-190.12
-72.75,-1.83,-186.40
-80.20,-14.47,-170.65
-77.09,-29.24,-147.89
-80.63,-42.91,-122.80
-78.92,-55.66,-100.83
-79.83,-72.81,-78.61
-72.27,-86.24,-57.74
-61.28,-89.48,-36.80
-61.16,-76.54,-25.15
-46.14,-50.05,-34.67
-24.17,-33.69,-22.95
-12.45,-18.74,-4.33
-5.31,-13.18,9.83
3.36,-9.52,10.93
8.79,-3.36,5.19
16.36,-1.46,5.92
23.07,1.71,19.35
20.45,9.83,39.00
22.28,20.51,68.18
25.94,24.96,102.84
27.28,37.17,136.84
37.35,49.13,162.05
56.64,62.13,187.93
74.40,71.17,210.82
94.73,69.76,221.56
105.10,64.70,234.99
103.76,57.92,239.50
97.23,52.98,243.29
83.68,50.84,241.21
73.12,44.80,231.14
58.90,37.41,210.21
45.41,35.03,177.55
36.38,30.03,142.52
27.83,21.12,115.48
19.59,16.42,94.48
12.94,13.12,76.54
6.59,10.19,54.20
2.14,8.36,35.83
-0.06,5.49,18.92
-2.38,6.53,3.72
-3.66,9.52,-12.15
-9.89,14.95,-36.07
-15.87,20.81,-84.41
-20.32,22.34,-134.64
-26.00,16.72,-171.51
-35.34,12.33,-188.84
-45.53,11.66,-191.04
-56.95,9.83,-184.20
-63.35,9.58,-172.42
-64.03,9.95,-158.02
-67.63,6.29,-141.11
-69.40,0.85,-125.18
-68.97,-4.94,-110.41
-67.14,-11.84,-97.17
-62.74,-20.08,-84.59
-49.80,-28.69,-68.73
-40.47,-37.66,-46.39
-35.28,-52.43,-14.95
-22.52,-65.98,15.44
-2.69,-58.47,25.70
11.05,-32.29,18.37
41.93,-13.12,18.31
78.80,-13.06,16.72
96.13,-33.45,14.83
100.52,-42.79,16.30
110.47,-47.91,17.09
123.60,-48.77,21.67
134.46,-55.73,19.53
141.91,-63.17,18.37
136.17,-65.43,16.48
124.88,-63.48,12.15
107.18,-51.82,12.88
89.05,-36.44,10.62
72.08,-19.35,13.18
53.16,-4.76,14.53
36.87,8.67,8.54
27.59,4.70,3.17















-,-,-
1.71,0.37,1.71
2.01,0.49,1.95
1.89,0.85,2.32
1.89,1.04,2.44
1.89,1.28,2.14
1.95,1.34,1.77
1.83,1.46,1.77
1.59,1.04,1.71
0.92,0.85,1.40
0.61,0.24,0.79
0.37,0.00,0.67
0.24,-0.12,0.85
0.18,-0.31,1.04
0.37,-0.24,0.79
0.49,-0.43,0.79
0.49,-0.24,0.92
0.85,-0.06,0.92
1.04,0.43,1.04
1.28,0.73,1.46
1.89,1.22,1.59
2.38,1.46,2.01
2.01,1.16,2.01
2.01,1.04,1.89
2.26,0.98,1.83
2.08,1.04,1.95
2.14,0.79,1.71
1.95,0.55,1.22
1.53,0.31,1.04
1.04,0.24,1.16
1.04,0.49,1.16
1.10,0.73,1.04
1.46,0.85,0.79
1.59,0.73,0.92
1.53,0.79,1.10
1.28,0.73,1.10
1.22,0.73,0.92
0.92,0.73,0.92
0.49,0.73,0.73
0.55,0.67,0.85
0.49,0.85,0.98
0.61,1.28,1.28
0.49,1.04,1.10
-0.18,0.73,0.98
-1.46,0.67,0.98
-4.15,1.34,1.71
-5.92,3.42,5.62
-4.52,8.54,18.92
-5.07,16.78,48.22
-0.67,20.87,70.68
2.20,25.57,95.15
5.80,30.94,107.42
12.76,31.31,111.15
20.87,35.34,120.30
23.74,40.71,123.60
22.95,53.28,122.68
23.44,50.66,109.50
21.18,42.72,90.21
13.37,34.61,70.68
4.70,25.94,51.64
-1.10,18.98,34.24
-5.00,12.57,24.90
-9.46,9.28,14.47
-14.53,4.58,3.30
-22.34,-0.67,-8.54
-28.93,-5.62,-19.84
-37.48,-3.78,-32.04
-44.98,5.31,-46.51
-48.22,11.72,-56.82
-53.77,21.30,-63.78
-57.43,34.36,-66.10
-59.27,48.71,-65.86
-54.75,62.50,-66.41
-48.16,73.18,-65.49
-42.97,74.71,-58.59
-33.20,68.66,-46.33
-25.02,55.30,-27.59
-15.93,35.95,-4.58
-16.72,14.22,19.84
-21.18,-5.31,41.87
-23.44,-22.28,59.27
-26.06,-32.10,65.43
-12.27,-24.84,22.64
-17.21,-9.95,4.09
4.64,5.19,7.20
11.78,3.54,17.70
17.09,1.04,21.91
25.21,2.44,19.04
31.19,5.68,18.49
44.07,-4.52,20.69
59.57,-20.57,20.87
72.88,-36.38,16.11
92.41,-50.78,12.15
114.38,-65.19,13.43
132.02,-77.51,15.63
145.14,-84.96,21.67
151.86,-91.61,28.99
153.87,-89.72,38.15
153.93,-82.70,43.40
154.66,-70.80,46.75
149.23,-58.90,42.36
143.49,-49.68,33.51
131.90,-36.25,25.76
117.86,-25.39,18.86
95.03,-15.38,20.08
68.73,-3.91,17.58
44.86,-0.98,11.11
20.94,6.35,5.86
1.22,15.75,3.66
-12.21,25.39,1.22
-19.78,27.04,-2.20
-29.79,31.37,-11.35
-39.55,36.80,-30.09
-42.60,41.63,-60.49
-43.21,44.86,-96.37
-47.97,47.91,-131.35
-54.50,48.89,-163.39
-65.06,41.08,-190.61
-69.27,26.43,-212.40
-74.89,4.58,-224.30
-80.57,-20.57,-223.63
-87.10,-42.18,-208.25
-93.69,-50.66,-179.08
-95.64,-48.10,-146.30
-101.07,-41.50,-117.98
-102.91,-38.70,-95.58
-91.86,-42.42,-82.28
-82.76,-55.42,-75.44
-76.17,-71.59,-69.40
-72.69,-86.43,-61.10
-69.95,-95.28,-50.29
-65.55,-95.95,-32.59
-58.17,-92.04,-7.39
-51.94,-86.12,17.52
-47.85,-79.28,34.36
-66.22,-57.98,23.44
-39.67,-30.27,5.43
-9.52,-10.07,6.96
-10.31,0.00,21.12
-24.78,1.28,39.31
-22.03,-2.50,33.57
30.27,-7.63,24.72
84.41,-3.78,33.20
82.76,4.76,47.79
87.22,21.12,70.19
97.66,40.53,97.05
98.69,58.90,122.86
91.61,73.73,154.66
86.67,89.05,187.07
85.57,98.75,216.13
85.14,107.67,239.93
87.34,106.14,259.28
85.75,104.06,279.36
90.09,91.31,285.34
87.40,84.66,282.78
79.59,84.59,266.48
70.01,82.58,252.87
55.24,75.07,240.84
45.41,59.57,219.73
40.10,39.92,190.37
30.09,28.20,148.93
24.17,18.80,106.87
17.88,14.22,74.89
12.82,9.83,56.70
7.75,7.75,45.41
2.62,6.59,30.52
0.00,4.94,7.08
-0.18,3.72,-5.62
-3.05,6.04,-10.86
-6.71,11.05,-11.11
-13.79,16.85,-21.67
-18.43,22.83,-48.28
-22.28,24.72,-82.58
-23.07,23.62,-117.07
-26.25,22.34,-144.59
-30.70,22.09,-167.24
-34.48,21.30,-186.77
-34.42,20.51,-203.25
-40.04,14.34,-210.75
-38.76,5.19,-205.32
-39.25,-3.60,-187.38















-,-,-
1.59,-2.26,0.85
1.83,-3.78,1.40
1.40,-4.94,1.89
1.22,-5.80,2.20
1.40,-7.69,3.05
1.65,-11.05,4.15
1.46,-15.01,5.80
0.06,-17.58,6.71
-1.59,-16.42,4.27
-2.14,-11.96,-1.34
-1.46,-10.31,-3.91
-1.53,-9.03,-2.87
-1.83,-5.55,-2.01
-0.73,-1.71,-1.83
0.24,1.28,-0.79
0.98,3.72,0.24
0.92,4.88,0.73
0.61,4.70,0.67
0.12,4.15,0.12
-0.37,4.39,-0.79
-1.28,5.37,-1.16
-0.49,7.63,-2.26
-0.12,10.56,-4.33
1.46,12.70,-6.90
2.75,14.53,-9.28
4.94,16.42,-9.46
7.02,16.97,-7.81
7.51,15.44,-5.43
7.39,11.17,-2.99
6.65,4.52,0.73
4.82,-2.93,5.43
3.30,-9.89,10.01
1.53,-18.74,14.34
-0.92,-29.91,17.76
-5.68,-39.55,18.86
-9.22,-33.02,6.16
-0.98,-21.48,-2.20
7.81,-17.70,12.33
14.10,-13.55,38.02
20.20,-3.11,54.93
27.59,3.11,64.70
36.44,6.90,84.59
40.34,18.49,103.15
41.75,27.47,117.74
34.91,27.47,117.07
29.60,24.17,98.57
22.71,22.95,80.81
15.20,17.76,62.74
10.07,11.29,47.24
4.09,9.52,38.02
-1.83,8.54,23.56
-9.28,3.48,5.86
-13.73,0.24,-3.78
-17.27,-0.67,-5.07
-18.98,0.67,-7.20
-22.22,4.88,-13.12
-28.14,15.08,-26.25
-35.16,25.33,-38.27
-41.56,28.69,-49.38
-46.75,31.56,-54.99
-49.93,35.95,-53.96
-47.67,37.90,-46.57
-42.05,33.94,-36.38
-35.71,21.48,-26.06
-31.37,1.53,-13.67
-28.20,-20.14,1.40
-23.68,-42.05,18.19
-20.69,-63.42,30.46
-19.23,-60.18,16.97
0.98,-32.29,-8.79
25.09,-23.44,-6.53
37.35,-17.40,8.18
53.22,-9.64,17.15
73.24,-1.04,20.94
95.28,-10.68,33.26
109.99,-18.19,35.83
119.75,-21.06,33.20
126.10,-26.25,28.56
123.60,-16.54,29.17
117.19,-10.80,26.67
110.29,-12.21,24.72
86.98,-9.40,23.50
59.02,-7.32,19.04
35.28,-4.46,9.28
18.49,-5.37,5.80
7.14,-4.46,0.55
-2.44,-1.89,0.18
-8.30,-1.95,-1.10
-11.90,-4.33,-2.81
-15.56,-2.44,-4.21
-19.53,5.19,-8.67
-22.77,15.01,-17.70
-26.49,20.94,-33.87
-29.54,21.06,-48.10
-31.92,23.01,-57.31
-32.65,30.82,-67.57
-31.13,39.55,-79.28
-28.08,40.71,-87.04
-23.99,32.04,-86.85
-20.94,15.69,-77.27
-18.13,-5.31,-60.73
-13.98,-24.60,-41.26
-7.69,-39.67,-21.55
-1.34,-53.28,-5.43
3.66,-64.27,6.65
3.48,-49.99,9.34
6.16,-21.12,-1.22
9.52,-20.51,-3.54
-0.24,-21.85,-2.26
-3.78,-15.01,3.72
1.77,-6.04,22.40
14.34,1.46,54.57
27.47,8.24,82.34
35.40,18.62,100.52
36.80,25.33,113.89
34.91,24.96,118.04
31.56,24.72,122.13
27.04,24.35,126.53
19.04,25.82,119.75
14.65,18.86,114.62
8.91,11.47,102.29
6.65,3.11,85.39
9.40,3.78,58.47
8.36,2.93,61.22
3.23,5.19,45.96
2.14,8.30,15.50
0.18,8.85,14.16
-1.89,10.13,7.69
-2.56,11.11,-0.37
-3.11,13.73,-4.15
-6.96,18.37,-19.17
-12.51,21.73,-55.24
-19.17,23.99,-88.81
-26.18,27.77,-107.18
-29.85,34.73,-104.98
-26.49,41.93,-86.98
-22.28,47.36,-67.87
-20.08,46.57,-55.24
-19.47,36.44,-46.02
-16.54,18.92,-37.29
-13.37,0.31,-30.40
-10.50,-13.73,-23.50
-7.32,-26.73,-11.66
-3.97,-41.56,2.93
-3.60,-57.80,14.65
-5.37,-74.52,19.90
-7.14,-85.45,17.70
-6.71,-60.85,-0.67
10.93,-46.57,-11.35
27.71,-38.64,-8.91
35.89,-24.54,2.62
44.13,-6.23,9.46
54.81,7.69,14.34
64.64,5.13,18.07
73.36,-12.94,12.45
82.70,-12.15,5.62
89.36,-14.28,3.11
96.68,-24.72,-5.00
99.85,-25.57,-8.61
99.43,-29.11,-6.47
91.43,-21.67,-3.85
82.46,-20.57,-0.06
67.81,-7.75,10.86
50.66,0.79,8.24
32.10,8.30,8.91
16.54,6.65,8.24
6.90,-3.17,2.81
0.61,-12.02,-1.83
-2.81,-20.08,-4.64
-5.13,-24.96,-6.59
-7.57,-25.70,-7.69
-8.79,-23.38,-7.81
-8.36,-18.49,-6.23
-6.90,-11.47,-3.85
-4.82,-4.09,-0.61
-3.54,2.44,2.56
-2.50,8.12,5.07
-1.71,12.63,7.45
-0.55,16.36,9.83
0.98,19.29,11.35
















-,-,-
2.50,-0.24,1.34
2.20,-0.67,1.10
1.83,-0.92,0.92
1.28,-0.98,0.73
1.22,-0.79,0.73
1.40,-0.61,0.73
1.28,-0.49,0.85
1.40,-0.06,0.92
1.71,0.00,0.85
1.71,-0.06,0.92
1.89,0.06,0.92
2.14,0.06,0.85
2.50,-0.24,0.92
2.50,-0.49,0.85
2.81,-0.73,0.79
2.99,-0.85,0.67
2.69,-1.16,0.49
1.89,-1.77,-0.37
1.28,-2.50,-0.92
1.10,-2.93,-1.10
0.98,-3.17,-1.10
1.16,-3.05,-1.10
1.46,-2.81,-0.73
1.59,-2.26,-0.43
1.59,-1.77,-0.12
1.95,-1.34,-0.18
2.08,-1.10,0.43
1.95,-1.10,0.98
1.95,-1.10,1.28
3.11,-0.79,3.72
4.21,0.18,9.09
7.08,2.26,16.17
13.12,5.13,30.03
19.65,6.59,41.14
26.00,9.70,55.48
32.65,13.79,70.80
39.31,15.08,86.91
39.25,22.89,94.48
40.41,24.35,95.52
39.18,19.71,96.50
36.38,20.02,93.26
31.19,15.75,84.78
22.89,15.38,59.57
17.88,13.98,47.79
9.83,9.22,36.93
7.93,4.33,31.25
2.20,3.11,20.63
1.53,3.85,12.76
-1.77,5.00,15.56
-5.98,5.74,10.68
-10.44,4.39,1.16
-16.30,2.87,-2.93
-20.75,1.16,-6.90
-24.96,3.11,-15.32
-31.19,8.73,-31.07
-40.89,12.94,-50.72
-49.50,8.85,-59.08
-56.21,9.64,-54.99
-57.56,19.35,-45.65
-53.83,30.33,-35.71
-47.97,35.34,-27.59
-42.18,31.19,-21.48
-38.02,19.47,-15.50
-34.73,3.54,-7.39
-31.80,-12.08,3.17
-27.71,-27.28,15.87
-22.83,-43.03,26.79
-19.53,-41.32,18.68
-7.63,-21.61,-5.37
18.25,-17.82,-7.08
32.90,-13.00,6.04
48.58,-2.87,14.59
67.99,1.16,18.19
83.13,-3.17,25.09
95.21,-16.60,23.99
109.80,-23.68,19.10
120.00,-20.75,19.71
124.33,-22.16,18.80
126.10,-22.58,20.57
123.47,-14.59,19.41
119.51,-13.00,20.14
103.03,-10.25,15.75
77.51,-8.97,14.65
52.00,-7.45,10.86
27.95,3.36,8.42
12.94,1.34,4.21
2.69,3.72,2.99
-5.31,3.85,2.14
-13.06,0.67,-0.37
-20.14,-4.46,-3.66
-24.66,-6.29,-7.08
-28.81,-1.95,-12.88
-33.45,5.13,-26.31
-39.86,11.90,-46.02
-48.58,15.38,-61.28
-54.20,19.53,-72.88
-54.69,25.76,-85.51
-51.27,30.52,-99.85
-46.88,29.48,-109.99
-40.65,20.81,-110.96
-33.26,6.71,-100.89
-23.93,-9.22,-81.54
-18.86,-23.56,-56.46
-13.67,-36.01,-29.66
-6.90,-48.83,-5.43
-2.81,-60.97,13.92
-3.17,-45.35,12.51
1.59,-18.07,-1.34
8.67,-19.29,-2.56
-2.08,-26.67,-2.62
-3.11,-21.36,-3.23
4.88,-10.31,5.98
12.02,-2.69,33.26
22.52,7.26,66.65
40.41,15.44,97.05
53.65,24.11,126.46
57.07,32.35,148.68
55.36,35.03,154.60
50.72,37.72,156.49
42.91,33.26,153.26
32.71,28.08,131.90
26.98,21.12,105.22
19.78,16.48,88.13
13.18,16.17,73.30
9.28,10.56,66.04
4.94,11.66,53.16
2.20,9.77,41.99
-0.12,10.13,28.32
-1.83,10.68,12.39
-2.87,11.47,-0.18
-5.13,12.33,-5.92
-10.56,12.94,-25.70
-17.03,11.84,-60.67
-23.01,10.86,-95.03
-26.06,13.55,-113.28
-28.26,20.39,-115.36
-28.87,25.27,-105.59
-27.04,25.76,-85.57
-23.56,24.17,-61.83
-19.23,18.55,-41.75
-15.69,6.47,-28.14
-12.15,-9.09,-19.23
-7.57,-24.72,-10.50
-1.28,-41.14,0.67
2.75,-57.01,13.37
1.65,-60.18,17.15
-0.31,-34.91,-1.59
19.10,-29.17,-9.64
33.69,-25.33,-1.83
48.10,-15.32,9.09
69.15,-2.75,17.03
84.72,-4.88,23.62
93.81,-7.93,23.07
103.94,-8.18,21.42
109.56,-10.80,19.53
111.88,-13.31,20.32
104.13,-7.75,16.54
96.19,-6.16,11.96
89.84,-5.00,13.06
79.83,-2.69,14.59
63.23,-0.92,11.72
41.02,3.54,9.64
23.99,-0.31,8.48
14.34,0.06,6.16
6.84,-0.37,3.72
3.66,-8.06,-0.31
1.46,-14.77,-3.11
-1.34,-17.64,-4.58
-4.39,-16.48,-4.82
-6.29,-12.08,-4.64
-7.75,-6.65,-3.97
-8.00,-1.34,-2.75
-7.81,5.07,-0.12
-6.77,11.60,2.87
-5.68,16.91,5.43
-4.64,20.75,7.32
-4.88,23.07,8.67
-6.84,24.54,9.16
-8.48,26.55,9.34
-10.07,30.09,8.30
















-,-,-
-0.73,-3.66,0.37
-0.55,-4.33,0.49
-0.18,-5.43,0.55
-0.67,-6.53,0.67
-1.34,-7.63,0.85
-2.44,-8.79,1.04
-3.11,-9.83,1.46
-3.36,-10.25,1.71
-3.66,-9.89,1.59
-3.66,-8.97,1.16
-3.11,-7.69,0.43
-1.89,-6.41,-0.06
-1.34,-4.46,-0.73
-1.10,-2.14,-1.59
-0.67,0.12,-1.83
-0.18,1.89,-1.65
0.49,3.17,-1.34
0.85,3.97,-1.10
1.16,4.15,-0.92
1.10,3.91,-0.92
0.92,3.85,-1.53
0.49,4.33,-1.77
0.43,4.39,-1.65
0.37,4.15,-1.83
-0.12,3.54,-1.71
-0.55,2.75,-0.98
-0.49,2.14,0.00
0.00,1.65,0.49
0.43,0.55,0.85
1.16,-1.46,1.53
2.26,-4.94,2.81
4.21,-10.31,4.15
5.43,-18.86,5.07
4.09,-23.74,4.03
2.44,-18.43,-1.77
6.23,-13.85,-4.52
11.23,-14.77,1.16
11.05,-10.80,4.82
13.12,-4.15,9.03
18.55,0.98,24.96
27.89,7.02,52.92
37.05,16.54,72.51
49.19,21.73,87.71
53.59,22.40,94.67
51.94,26.00,96.01
45.59,28.93,95.34
33.63,30.52,80.99
26.55,26.61,70.68
17.33,20.51,58.96
7.08,14.77,38.33
0.18,9.64,21.12
-6.47,4.64,9.58
-10.25,0.92,6.47
-15.20,-1.40,-4.88
-19.29,-2.62,-15.50
-24.35,0.06,-20.63
-31.25,3.60,-26.67
-39.49,5.68,-37.29
-44.01,8.00,-47.06
-47.00,11.29,-50.35
-45.23,13.85,-46.02
-39.37,13.49,-37.23
-32.71,8.61,-26.37
-27.28,0.24,-13.37
-22.34,-9.58,0.61
-16.42,-22.03,14.71
-11.41,-34.24,21.36
-8.30,-20.87,2.87
5.00,-12.08,-7.39
16.78,-11.84,0.73
21.85,-6.16,5.86
33.63,2.81,8.06
45.65,6.10,14.95
58.53,5.92,24.90
74.46,-0.92,27.83
86.00,-5.13,26.00
92.35,-10.31,22.89
95.70,-9.16,22.16
98.88,-15.50,18.80
101.99,-22.89,12.33
103.03,-23.62,12.45
99.73,-22.16,8.12
96.07,-24.96,4.64
85.33,-25.39,3.05
68.30,-10.01,1.46
51.03,-10.13,2.75
34.12,-7.51,6.35
16.17,-1.89,4.88
2.99,0.79,1.10
-6.96,-2.08,-0.73
-12.82,-5.25,-2.26
-15.63,-7.14,-3.11
-18.13,-6.10,-3.23
-20.45,-3.17,-3.42
-22.46,0.61,-3.78
-26.00,5.86,-6.41
-30.88,10.93,-17.82
-38.76,13.12,-41.08
-45.23,11.41,-62.26
-49.32,7.69,-76.60
-51.94,9.70,-86.61
-51.33,14.71,-94.91
-47.85,16.30,-100.34
-41.75,11.35,-100.10
-35.64,0.79,-93.51
-29.97,-14.16,-76.90
-21.30,-31.43,-51.09
-13.12,-45.90,-25.21
-7.39,-55.66,-5.31
-5.74,-35.16,-4.21
-0.43,-7.45,-8.85
10.25,-9.09,-3.17
3.78,-15.63,4.46
1.59,-12.33,0.79
2.81,-8.42,-2.01
3.54,-7.26,6.41
10.25,-5.74,23.13
22.95,2.38,48.34
37.17,8.61,73.06
47.73,15.63,92.65
58.96,21.06,112.43
62.01,29.24,134.58
61.28,36.93,145.69
57.74,30.27,146.24
50.17,27.22,133.79
41.99,16.72,118.29
30.88,15.81,90.94
27.16,13.37,75.07
19.71,10.25,70.19
13.49,8.48,54.02
9.28,6.41,42.54
4.88,4.03,35.95
1.46,4.82,31.31
-3.42,4.46,17.58
-4.76,5.25,2.20
-6.16,6.10,-1.89
-7.93,7.51,-3.60
-7.87,10.50,-6.23
-10.13,16.66,-14.16
-15.69,22.52,-31.31
-21.91,25.39,-59.20
-25.76,23.19,-84.78
-33.14,21.79,-95.34
-35.46,23.13,-92.83
-34.55,26.43,-83.07
-31.19,28.75,-70.74
-26.55,27.10,-58.29
-21.85,18.68,-47.55
-17.76,4.70,-38.94
-14.83,-10.86,-29.97
-11.11,-26.92,-18.13
-6.65,-43.70,-4.09
-3.42,-60.55,9.77
-0.61,-74.40,20.39
-0.55,-53.34,10.01
7.20,-32.04,-8.00
33.02,-28.32,-9.83
36.44,-23.44,-3.23
45.72,-10.19,2.69
58.23,0.06,12.15
67.81,-0.49,15.08
81.30,-10.93,9.46
92.04,-11.78,2.62
100.83,-19.65,-0.92
103.33,-17.94,1.40
108.52,-19.65,1.65
111.27,-18.13,4.58
108.52,-18.49,3.23
103.52,-18.43,2.44
90.88,-12.94,0.85
76.05,-5.19,4.64
64.45,-5.31,5.74
50.05,4.03,5.19
37.90,5.37,9.40
26.43,4.39,4.27
18.80,3.66,6.77
14.95,-2.38,5.98
12.51,-7.93,3.60
9.22,-11.96,1.83
4.58,-14.77,-0.37
















-,-,-
0.92,2.87,-0.31
1.46,3.36,-0.31
2.01,3.42,-0.12
2.38,3.48,0.12
2.44,3.48,0.43
2.50,3.42,0.61
2.50,3.23,0.79
2.38,2.62,0.61
1.89,2.14,0.31
1.53,2.08,0.06
1.65,1.71,0.31
1.28,1.22,0.61
1.22,1.04,0.61
1.28,1.28,0.49
1.40,1.16,0.79
1.53,1.04,1.16
1.71,0.67,1.40
1.71,-0.06,1.34
1.83,-1.22,1.04
1.22,-2.01,1.10
0.85,-1.89,1.28
0.61,-1.10,1.53
0.73,-0.18,1.53
1.22,0.31,1.59
1.89,0.24,1.28
2.14,-0.73,1.10
2.20,-1.95,0.98
2.56,-3.66,1.53
3.05,-6.53,2.26
2.81,-11.23,3.30
2.56,-16.72,4.58
3.11,-24.35,6.59
2.75,-31.74,8.61
3.36,-32.29,6.47
4.70,-22.95,-1.53
6.47,-18.92,-3.23
6.71,-18.62,1.89
9.28,-15.01,11.78
17.40,-7.51,26.31
28.93,0.24,48.58
46.69,3.54,75.38
60.30,9.40,96.68
67.26,17.15,109.62
61.83,18.74,105.29
53.59,16.24,98.27
44.01,12.27,83.74
35.40,10.19,69.58
24.78,12.15,55.30
17.21,10.99,48.10
10.07,8.12,43.76
3.48,7.20,32.90
-1.65,4.64,15.99
-5.25,2.81,13.73
-10.19,1.16,3.36
-12.51,-1.59,-5.19
-15.75,-3.42,-8.36
-18.80,-2.38,-13.12
-23.50,3.60,-23.74
-30.27,8.67,-38.82
-36.19,6.53,-50.96
-42.36,7.69,-58.65
-45.84,14.83,-56.70
-43.88,25.94,-47.06
-37.90,35.83,-36.44
-30.15,36.74,-27.71
-24.41,27.34,-20.51
-21.85,11.78,-12.39
-20.81,-3.78,-2.32
-19.29,-17.03,10.07
-15.63,-29.91,21.91
-12.08,-41.20,27.59
-10.68,-24.23,10.25
0.85,-16.17,-5.13
13.98,-17.46,-1.59
20.57,-13.73,6.10
33.39,-2.20,9.46
49.80,1.77,15.99
67.93,-2.87,22.09
84.84,-6.65,22.03
99.91,-14.28,17.88
107.79,-21.97,14.53
110.41,-27.59,12.02
112.49,-36.99,4.03
110.29,-30.40,4.27
105.65,-27.83,2.20
98.14,-26.31,3.11
80.63,-18.49,6.35
54.93,-14.77,-6.29
35.03,-9.70,-3.48
15.69,-0.31,1.40
1.77,4.46,1.77
-6.47,-1.40,-0.49
-12.94,-6.23,-3.48
-17.09,-9.40,-5.31
-19.90,-8.36,-5.92
-23.62,-3.78,-6.04
-23.86,2.69,-6.84
-26.18,9.70,-11.05
-31.56,14.89,-25.76
-39.25,15.08,-50.42
-45.35,12.70,-71.66
-48.03,16.05,-84.29
-49.44,24.90,-92.22
-49.26,32.96,-97.66
-48.46,33.81,-98.63
-46.57,26.67,-93.38
-41.14,14.10,-80.81
-33.87,-0.98,-62.81
-28.81,-16.30,-43.95
-25.70,-31.98,-26.37
-22.03,-46.57,-10.25
-17.09,-59.45,2.99
-12.51,-67.69,11.35
-6.16,-36.68,-3.78
1.83,-22.71,-6.77
11.41,-24.48,-0.31
7.69,-23.25,3.30
9.22,-15.44,-0.49
10.44,-12.15,2.32
11.17,-9.46,17.94
24.23,-3.17,40.59
44.31,3.85,71.84
57.37,12.70,97.78
64.51,18.92,109.25
69.46,23.86,125.24
67.75,25.70,136.11
63.11,23.80,135.31
56.58,24.35,130.07
49.13,24.29,127.75
36.74,21.73,107.36
29.36,16.91,87.22
20.63,5.25,78.19
12.82,4.52,59.57
8.24,5.49,46.26
2.26,9.70,38.21
-0.67,6.77,37.60
-4.39,9.46,25.76
-6.77,9.83,6.41
-7.32,10.31,-3.36
-8.67,11.84,-4.58
-11.17,16.11,-13.06
-13.61,19.35,-35.77
-19.41,20.57,-67.81
-26.98,20.14,-91.43
-33.69,23.25,-99.18
-35.83,28.99,-95.21
-33.81,33.08,-85.94
-30.64,33.87,-75.32
-26.18,29.48,-63.29
-21.00,20.08,-51.03
-16.78,7.45,-38.27
-12.57,-6.04,-24.54
-8.54,-19.96,-10.86
-2.56,-37.60,2.20
2.44,-58.23,13.73
5.07,-78.37,22.52
8.85,-77.58,20.75
14.10,-44.74,1.65
41.38,-35.95,-1.83
58.11,-28.14,8.73
66.77,-15.01,17.21
78.55,-4.15,17.76
84.59,-14.10,10.99
91.61,-22.64,1.83
100.89,-28.32,-1.53
105.77,-30.82,-3.85
106.93,-36.32,-6.47
104.00,-22.52,-3.66
107.30,-19.84,3.48
103.27,-14.65,6.90
89.23,-12.45,3.60
69.82,-9.89,5.55
49.07,-7.57,2.93
32.04,5.86,5.43
20.94,10.13,9.34
17.33,-3.97,5.25
9.77,0.18,5.25
4.52,-7.51,1.77
2.01,-14.53,-1.65
0.43,-17.15,-3.30
















-,-,-
2.08,-0.37,0.37
2.50,-0.79,0.24
1.89,-1.34,0.37
1.77,-1.71,0.37
1.59,-2.01,0.43
1.59,-2.14,0.37
1.83,-2.14,0.00
1.59,-2.08,-0.06
1.22,-2.08,-0.06
0.98,-2.14,-0.06
1.04,-1.95,0.00
1.40,-1.71,0.24
1.46,-1.59,0.24
2.01,-1.28,0.18
2.62,-0.98,0.31
3.17,-0.67,0.49
3.66,-0.24,0.73
3.60,-0.12,0.98
3.30,0.00,0.92
2.87,-0.06,0.79
2.14,-0.24,0.37
1.59,-0.67,-0.06
1.10,-1.16,-0.67
1.04,-1.46,-0.79
1.34,-1.46,-0.61
1.34,-1.59,-0.79
1.40,-1.65,-0.79
1.28,-1.71,-0.85
0.79,-1.71,-1.22
0.49,-1.71,-1.28
0.12,-1.77,-1.46
-0.37,-1.83,-1.28
-1.04,-1.46,0.49
-0.73,-0.73,4.70
2.99,1.46,15.63
11.29,4.21,35.46
21.24,8.67,50.72
32.65,10.01,62.50
39.25,8.79,72.33
43.76,9.89,81.36
46.57,13.24,86.30
50.42,12.15,99.30
47.67,8.73,102.60
42.54,4.03,86.79
38.57,2.44,74.04
28.44,6.59,60.91
20.02,5.00,48.89
15.20,3.72,39.12
10.31,2.56,36.01
4.76,0.79,23.19
1.46,1.28,7.57
-1.65,2.75,3.72
-4.76,2.69,2.75
-7.14,2.01,1.22
-10.07,0.98,-0.85
-12.39,-0.06,-4.70
-15.93,-1.16,-13.24
-23.50,-3.05,-25.57
-31.68,-5.49,-34.42
-39.49,-4.64,-39.37
-44.80,-0.73,-39.00
-46.02,5.43,-31.92
-44.31,13.67,-19.84
-40.53,21.42,-8.30
-35.52,24.23,-0.43
-28.38,18.25,4.82
-21.61,4.21,8.85
-18.74,-13.43,12.57
-16.85,-26.67,14.40
-11.90,-12.02,8.06
3.60,-5.49,-0.31
17.94,-6.47,-1.65
27.28,-3.05,5.13
39.92,5.31,10.19
58.35,12.57,16.17
74.40,12.57,24.23
90.15,9.83,22.95
105.04,5.68,18.31
111.15,6.65,14.34
113.59,2.44,7.14
114.75,2.08,1.71
111.88,2.62,-0.79
108.28,-1.10,-2.44
97.66,-0.06,-5.62
76.78,-7.20,-10.93
50.90,-6.84,-15.01
26.73,-5.31,-15.14
10.86,-9.16,-14.77
1.95,-7.02,-13.37
-6.23,-3.36,-8.97
-13.18,-5.55,-6.10
-21.24,-12.21,-8.54
-28.69,-17.40,-12.70
-35.22,-17.15,-16.54
-41.38,-9.40,-25.39
-44.80,0.43,-36.99
-47.73,7.69,-45.17
-52.12,12.08,-52.19
-56.46,16.66,-61.04
-58.84,22.58,-71.35
-58.29,28.14,-82.82
-55.24,29.17,-92.96
-50.11,22.34,-97.29
-45.41,9.46,-92.71
-38.94,-5.55,-79.10
-28.93,-20.87,-58.59
-17.82,-35.10,-36.93
-8.42,-46.14,-18.25
-0.67,-50.60,-3.97
5.37,-14.40,-2.20
18.37,3.11,-3.36
29.36,-4.03,-0.43
22.89,-11.47,3.05
16.24,-6.53,2.20
11.23,-5.62,-0.98
6.35,-7.51,0.31
11.47,-9.34,11.11
23.19,-8.24,30.03
40.41,-5.92,60.61
56.95,1.53,94.36
65.19,10.44,116.21
68.85,14.22,124.33
68.36,17.64,128.05
66.35,15.50,130.68
61.16,13.61,122.74
57.50,14.83,114.14
49.26,10.38,107.54
41.63,5.43,94.48
30.09,4.21,76.23
22.28,2.20,59.39
13.55,3.42,46.63
7.87,0.31,38.64
1.77,-1.22,26.86
-0.18,-2.50,22.34
-4.58,-0.98,11.78
-5.55,-0.37,2.44
-7.26,-0.43,1.53
-9.16,-0.49,-0.49
-10.68,0.24,-3.17
-14.53,1.83,-6.41
-19.35,5.13,-18.13
-25.51,9.46,-41.44
-33.57,12.94,-69.76
-41.99,15.75,-89.60
-48.52,22.09,-98.02
-49.50,29.97,-95.46
-44.80,34.18,-82.28
-36.62,33.94,-63.17
-27.16,29.17,-45.35
-19.23,19.53,-32.47
-13.98,5.49,-24.11
-7.87,-10.01,-16.78
1.04,-28.38,-7.51
10.44,-49.80,4.39
16.60,-72.63,17.94
23.99,-62.13,23.68
27.10,-11.66,12.51
56.03,1.59,4.76
67.93,-4.09,7.14
80.75,0.24,11.05
92.47,6.47,12.88
97.72,10.44,10.80
106.51,7.02,8.12
112.37,3.48,5.98
115.42,-3.72,0.79
108.83,-0.06,-5.80
104.43,-1.77,-9.03
96.92,-2.01,-8.36
83.80,-1.04,-3.23
67.20,-1.77,-4.03
51.21,-1.16,-6.35
32.96,0.85,-7.14
21.55,-0.67,-7.08
14.22,0.18,-2.14
10.13,-2.01,-1.40
8.61,-5.62,-2.20
7.93,-10.07,-2.75
7.81,-12.02,-2.81
6.96,-11.23,-2.01
5.19,-8.61,-0.85
















-,-,-
2.69,2.26,-2.75
2.62,1.95,-2.44
2.62,1.53,-1.46
2.62,0.67,-0.49
2.26,-0.24,0.61
1.77,-1.04,0.92
1.28,-1.65,0.98
0.98,-1.71,0.85
0.61,-1.40,0.49
0.73,-0.55,-0.06
0.85,0.37,-0.55
1.22,0.79,-0.49
1.65,0.67,0.00
1.83,0.85,0.31
1.77,1.22,0.43
1.89,1.16,0.67
1.71,0.79,1.28
1.40,0.49,1.22
0.61,0.18,0.92
0.31,0.00,1.04
0.00,0.00,1.04
-0.31,-0.12,1.04
-0.06,-0.18,1.46
0.43,-0.55,1.53
0.85,-0.79,1.28
0.79,-0.37,0.85
1.16,0.18,0.00
1.34,0.31,-0.98
1.46,0.61,-1.77
1.22,0.92,-2.69
0.73,1.28,-4.15
0.92,1.28,-5.68
1.89,1.10,-7.08
2.44,1.22,-7.26
2.08,1.53,-7.32
1.40,0.92,-7.81
-0.61,-0.61,-8.97
-1.34,-2.50,-8.36
-0.12,-6.59,-5.55
0.67,-14.10,-0.85
1.34,-24.05,6.77
-0.79,-27.89,13.18
-5.86,-18.55,12.76
-2.75,-12.27,12.70
8.85,-14.47,34.79
24.54,-10.07,73.91
38.57,3.91,105.90
55.48,18.68,128.78
67.87,24.66,144.84
67.81,26.92,149.90
57.92,24.72,141.36
41.63,25.88,120.30
27.59,23.68,96.44
17.03,20.32,71.04
10.07,15.08,50.23
2.20,10.80,34.67
-4.39,11.23,22.09
-9.58,8.36,12.63
-14.10,4.82,-1.16
-15.44,2.14,-12.76
-19.10,2.75,-21.12
-25.57,5.00,-33.08
-31.98,5.98,-49.19
-38.45,4.33,-63.17
-47.30,4.27,-74.28
-57.74,7.39,-80.63
-63.29,13.24,-80.02
-60.79,18.98,-71.72
-53.77,21.42,-58.72
-45.17,16.36,-42.60
-37.72,4.09,-22.64
-30.15,-12.57,-0.55
-20.57,-34.61,21.06
-18.43,-50.78,26.79
-9.28,-33.75,1.53
14.53,-16.11,-6.41
41.63,-11.84,8.30
58.65,-16.24,28.08
76.05,-12.39,34.42
95.89,-15.75,35.46
111.39,-27.28,36.19
122.62,-36.13,34.06
127.87,-35.16,24.60
132.26,-39.06,21.61
126.16,-36.99,21.85
110.23,-30.09,21.55
81.97,-17.40,18.31
53.65,-11.60,17.64
27.40,-5.07,13.31
12.21,-2.50,10.80
2.26,1.89,7.81
-6.90,5.55,0.24
-12.70,2.69,-4.21
-18.13,-1.77,-5.19
-22.40,-0.37,-8.36
-27.53,7.69,-18.86
-34.30,15.69,-44.07
-39.79,15.75,-73.00
-45.41,16.24,-91.98
-48.10,23.19,-104.86
-45.04,31.56,-116.82
-38.70,32.71,-125.06
-31.98,23.68,-124.63
-26.49,7.32,-111.33
-17.03,-11.72,-81.54
-2.56,-28.99,-41.14
8.54,-43.82,-3.91
13.55,-58.53,23.07
7.45,-67.93,39.06
-2.81,-39.25,20.75
-2.08,-25.33,0.00
2.50,-25.33,14.77
10.93,-24.78,55.97
21.55,-10.68,76.05
37.23,5.74,86.98
53.28,15.38,115.72
59.39,19.65,137.33
64.45,23.19,159.30
62.68,27.83,168.33
53.04,25.70,158.08
41.44,21.55,140.56
29.79,20.26,112.12
23.80,13.79,91.55
16.36,15.20,79.83
10.25,10.80,65.06
4.64,10.31,44.19
0.67,8.06,32.71
-1.65,7.39,24.78
-5.74,6.90,13.43
-8.48,7.63,-1.65
-10.25,8.42,-7.93
-12.82,10.74,-17.64
-16.60,13.43,-41.63
-21.30,15.69,-72.51
-30.09,17.82,-98.94
-39.25,19.65,-114.50
-43.76,21.24,-112.12
-40.10,22.09,-95.70
-32.84,21.30,-75.68
-25.27,16.54,-57.56
-19.53,5.37,-41.26
-13.31,-12.27,-26.25
-5.68,-34.67,-11.72
0.55,-57.92,2.87
3.66,-61.95,9.40
7.02,-34.61,-0.61
32.23,-25.02,-1.53
49.80,-28.26,3.72
63.90,-34.06,8.36
77.94,-32.47,7.14
88.44,-16.72,13.43
106.57,-25.63,22.22
117.68,-25.27,26.06
125.31,-26.25,27.28
123.84,-23.93,23.56
118.90,-23.80,15.38
107.06,-17.52,12.27
93.20,-12.08,13.92
76.05,-5.49,18.01
59.02,1.16,13.43
43.03,5.74,8.36
30.94,3.97,6.35
22.71,1.22,7.45
15.32,-0.92,4.88
10.25,-6.47,1.83
5.74,-11.29,0.12
1.46,-14.77,-1.53
-2.56,-15.44,-2.32
-5.25,-11.96,-2.20
-5.68,-6.77,-0.92
-4.76,-1.10,1.16
-4.39,4.76,3.17
-3.97,10.38,4.94
-3.36,15.50,7.08
-2.32,20.14,9.16
-1.22,24.41,11.17
-0.98,27.89,12.45
-2.14,31.07,12.51
-4.52,35.10,10.19
-5.68,37.78,10.13
















-,-,-
5.86,3.30,2.08
4.58,2.08,1.89
2.99,0.73,1.59
2.08,-0.55,1.22
1.89,-1.65,0.73
2.01,-2.20,0.18
2.14,-2.38,0.24
2.50,-2.14,0.49
2.87,-2.08,0.98
3.48,-2.14,1.46
3.72,-2.38,1.53
3.60,-2.56,1.28
2.75,-2.69,1.16
2.44,-2.50,1.04
2.50,-2.26,0.98
2.69,-1.83,0.98
2.50,-1.28,1.04
2.50,-0.92,0.92
2.69,-0.67,0.79
2.69,-0.73,0.67
2.44,-0.92,0.49
2.14,-1.04,0.24
1.77,-1.10,0.37
1.65,-0.98,0.43
1.65,-1.04,0.55
1.71,-0.73,0.67
2.01,-0.67,0.61
2.38,-0.67,0.79
2.56,-0.92,1.04
2.81,-1.16,1.16
3.05,-1.28,1.16
3.17,-1.34,1.34
3.11,-1.34,1.40
2.69,-1.40,1.34
1.71,-1.65,1.16
0.79,-2.14,0.61
-0.67,-2.81,-0.18
-2.38,-3.48,-1.04
-4.82,-3.97,-2.26
-7.45,-4.27,-3.48
-7.08,-3.78,-0.18
2.69,-0.73,17.88
16.66,5.43,47.79
28.99,12.76,72.57
41.44,18.92,90.64
50.66,23.38,104.25
53.65,27.22,113.10
52.86,33.45,113.59
52.86,33.33,115.48
45.23,33.45,108.40
36.50,30.33,94.85
26.06,24.41,70.13
14.65,17.03,41.56
9.34,11.54,31.01
5.13,11.35,36.62
2.26,12.57,36.80
-3.48,8.67,18.55
-7.45,6.10,3.91
-11.35,2.62,-3.54
-13.73,0.12,-6.71
-16.91,-2.08,-13.49
-24.35,-3.11,-30.21
-31.74,-3.78,-49.07
-39.55,-3.17,-62.81
-46.69,0.06,-70.19
-49.68,9.09,-68.12
-47.67,24.72,-61.40
-40.77,41.14,-52.00
-31.37,51.03,-40.41
-22.77,50.96,-29.54
-16.60,41.81,-20.75
-12.70,26.37,-13.18
-11.23,9.40,-4.52
-10.80,-5.62,6.71
-11.05,-17.76,19.84
-10.13,-28.99,33.02
-8.30,-41.02,44.56
-6.90,-53.53,53.10
-7.32,-47.91,37.29
-2.08,-25.21,-1.95
14.28,-20.39,-6.23
23.13,-20.39,5.00
34.91,-8.24,11.78
54.14,6.35,15.81
66.47,11.96,23.86
78.00,4.21,31.01
93.26,-8.36,26.55
106.63,-19.23,24.66
110.53,-24.17,21.73
112.00,-32.78,13.61
108.09,-29.54,11.41
104.86,-30.09,13.85
98.57,-28.32,10.93
89.17,-20.51,9.89
77.82,-17.52,13.98
61.58,-16.91,10.99
46.39,-10.56,4.39
35.64,-9.22,5.25
22.71,-6.65,5.98
12.39,-7.51,0.98
2.75,-5.98,-0.24
-5.19,-5.43,-1.28
-11.84,-7.20,-2.50
-16.42,-8.24,-3.97
-20.63,-6.96,-4.52
-24.35,-3.85,-5.13
-26.25,0.55,-6.10
-27.71,7.51,-8.79
-31.13,15.14,-17.76
-37.78,17.88,-34.67
-46.45,16.05,-53.28
-53.28,15.50,-68.30
-57.43,19.17,-80.93
-58.29,23.32,-93.75
-55.60,24.54,-104.49
-50.78,21.12,-109.50
-46.14,12.70,-107.06
-42.11,1.40,-96.80
-39.00,-9.58,-80.26
-34.55,-20.57,-59.39
-27.59,-32.90,-36.44
-19.53,-45.04,-14.10
-12.88,-55.48,6.41
-8.79,-39.06,5.43
2.69,-10.31,-5.37
6.16,-11.60,0.31
-4.82,-17.27,3.72
-10.86,-15.38,0.98
-13.31,-11.05,-5.74
-14.04,-7.39,2.20
-2.75,-2.44,30.76
17.21,3.66,60.91
34.12,15.01,80.69
48.22,25.76,95.46
59.14,32.59,114.01
62.81,38.76,129.27
62.26,40.83,134.58
58.29,39.92,137.08
52.43,38.70,136.54
46.51,36.87,133.12
37.23,36.38,118.59
32.47,22.34,110.96
22.22,13.55,94.60
15.20,12.21,70.80
11.84,12.02,57.01
7.26,13.31,57.25
5.19,10.38,53.10
-0.24,8.73,39.98
-1.16,10.86,26.12
-3.30,11.72,21.97
-2.38,11.29,13.73
-2.14,9.89,3.23
-4.58,10.50,-3.54
-10.86,13.37,-20.94
-16.78,14.16,-48.89
-23.25,8.06,-75.13
-31.37,1.77,-90.94
-37.48,1.16,-95.46
-39.92,5.37,-93.20
-39.18,9.64,-87.65
-36.07,11.17,-80.26
-31.74,9.28,-71.47
-26.31,3.66,-61.65
-19.96,-4.15,-50.60
-14.95,-14.04,-38.27
-10.80,-25.94,-25.15
-6.71,-38.70,-11.90
-2.44,-51.21,-0.61
0.31,-50.66,4.94
0.12,-26.67,-2.87
11.66,-24.48,-6.47
14.83,-27.40,-3.60
15.93,-22.16,-0.49
22.71,-13.43,-0.43
26.79,-6.16,2.87
31.13,-1.53,7.93
41.50,-3.11,11.72
48.65,-4.52,10.19
56.27,-4.88,10.19
67.99,-12.45,12.88
















-,-,-
-1.95,5.25,-20.81
-2.26,2.99,-16.97
-2.26,0.67,-12.82
-1.83,-1.22,-8.42
-1.28,-2.99,-4.15
-1.34,-4.58,-0.55
-1.71,-6.29,2.50
-2.08,-8.67,4.27
-3.23,-11.23,5.37
-3.54,-12.82,5.74
-3.78,-12.94,6.90
-3.85,-12.63,8.24
-3.42,-11.78,8.36
-3.05,-9.95,7.39
-2.56,-7.51,6.04
-1.65,-4.94,4.27
-0.18,-2.32,2.93
1.28,-0.31,1.77
2.50,1.53,0.85
2.69,3.11,-0.06
2.62,4.33,-0.67
2.81,5.37,-1.34
3.30,5.92,-1.59
3.42,5.37,-1.53
2.99,4.21,-0.92
2.32,2.56,0.00
1.77,0.61,1.40
1.34,-1.77,2.69
1.22,-4.88,3.97
0.92,-8.61,5.43
0.67,-14.53,7.45
-0.55,-22.77,9.89
-2.20,-32.47,13.49
-3.85,-41.56,18.74
-4.21,-50.42,26.25
-3.91,-54.50,33.02
-3.42,-36.07,16.42
7.57,-22.52,0.67
22.40,-17.46,18.80
30.09,-10.80,48.95
37.60,4.76,64.03
50.78,15.01,79.71
55.18,18.55,97.72
56.82,21.24,106.81
55.05,21.73,104.74
46.57,22.77,94.67
35.28,21.91,83.07
26.06,19.53,71.04
15.99,15.08,58.90
7.93,11.41,43.76
1.46,7.63,35.95
-3.85,7.20,29.17
-8.67,8.24,22.34
-13.55,7.08,17.46
-20.75,3.36,6.47
-25.27,1.28,-4.03
-29.97,3.36,-12.57
-35.40,5.74,-21.00
-39.12,7.93,-32.04
-40.83,9.28,-42.91
-42.42,9.46,-49.07
-41.99,8.73,-48.71
-38.76,6.53,-41.56
-33.94,2.08,-29.54
-27.89,-5.49,-15.38
-23.01,-17.03,-2.01
-18.68,-25.45,3.60
-15.32,-16.11,-6.16
-5.00,-11.84,-10.19
6.04,-12.39,-4.33
13.61,-10.31,0.55
24.84,-2.69,3.54
36.07,2.01,8.97
50.90,6.29,16.30
68.97,1.95,22.58
82.28,-5.07,21.61
90.09,-12.15,13.00
97.29,-24.72,3.48
108.52,-28.87,7.87
117.13,-26.67,17.27
125.98,-26.06,16.36
126.65,-26.55,13.79
121.77,-26.00,4.03
111.82,-29.30,1.10
91.74,-16.05,-1.22
74.71,-12.88,7.51
51.39,1.22,8.36
34.00,3.54,7.14
19.29,0.00,1.10
7.93,-0.18,-0.49
-0.12,-3.05,1.16
-7.45,-3.72,-1.53
-12.57,-5.74,-3.60
-17.03,-7.02,-4.64
-21.00,-5.00,-6.53
-27.10,-0.06,-14.22
-33.94,5.13,-32.96
-42.30,4.70,-60.49
-52.00,2.32,-82.09
-58.72,0.31,-93.75
-62.19,3.60,-99.73
-61.77,7.93,-102.29
-57.01,10.01,-101.26
-48.77,7.45,-95.34
-40.16,0.61,-84.78
-33.39,-8.97,-69.40
-25.70,-22.95,-49.68
-17.70,-38.45,-28.75
-12.27,-39.92,-14.04
-5.49,-11.05,-12.94
8.73,-5.49,-9.16
14.83,-10.31,-2.99
11.90,-11.78,2.08
8.42,-8.00,-0.31
0.43,-7.87,-3.05
-2.69,-8.79,0.92
8.61,-9.22,17.15
23.50,-4.39,39.55
35.58,3.78,61.52
49.50,8.18,90.64
55.91,18.74,110.23
63.66,27.59,131.47
64.51,31.86,149.84
61.10,31.43,155.82
53.83,34.30,149.17
46.94,31.86,139.59
36.74,22.95,135.38
26.18,12.45,110.29
18.92,9.52,81.42
10.80,8.18,67.87
7.32,5.92,62.38
2.38,5.92,52.43
0.85,2.32,46.75
-3.11,3.54,42.85
-7.32,3.85,25.51
-9.28,7.08,15.87
-10.62,6.77,8.00
-10.50,8.48,5.25
-11.47,10.56,0.85
-12.51,13.31,-3.78
-15.20,17.64,-13.73
-20.02,21.67,-35.71
-25.51,24.60,-66.53
-31.56,25.45,-90.39
-36.80,29.11,-98.94
-36.93,33.81,-95.89
-32.84,38.57,-85.88
-27.83,41.63,-73.06
-24.96,39.55,-61.22
-22.71,31.19,-53.28
-20.69,18.55,-48.46
-18.19,2.93,-44.13
-15.63,-10.86,-37.54
-10.86,-25.02,-25.76
-4.39,-41.20,-10.62
0.31,-57.80,4.21
3.30,-73.49,17.40
5.43,-85.88,25.33
7.32,-59.57,12.39
18.92,-35.46,-2.38
49.01,-25.21,-1.22
61.65,-17.64,6.65
75.07,-6.96,8.79
85.94,-2.20,10.68
92.77,-1.65,6.96
100.40,-2.56,5.43
111.57,-14.95,5.07
114.62,-16.05,5.37
117.74,-19.59,3.11
114.56,-14.65,0.55
110.29,-15.87,-0.73
95.40,-6.04,-0.79
81.73,-0.79,3.05
69.34,0.43,2.81
57.50,1.34,5.43
45.04,4.88,7.39
33.81,6.35,5.07
26.98,-2.01,3.54
19.53,-2.87,4.70
12.82,-6.10,2.56
















-,-,-
-0.12,0.37,-2.69
0.06,0.37,-2.56
0.24,0.31,-2.87
0.18,-0.24,-3.36
0.06,-0.06,-3.78
-0.12,0.31,-3.85
-0.06,0.67,-3.54
0.06,0.85,-3.66
0.24,1.16,-3.85
0.67,1.10,-3.97
0.85,0.85,-4.03
1.16,0.61,-3.91
1.34,0.43,-3.60
1.59,0.43,-3.48
1.89,0.43,-3.17
2.44,0.49,-2.81
1.95,0.37,-2.62
1.53,0.67,-2.99
1.16,0.85,-3.78
0.79,0.98,-5.07
0.61,1.16,-5.68
0.92,1.53,-5.13
1.28,1.77,-4.21
1.59,2.01,-3.11
1.46,1.40,-1.59
1.53,0.24,-1.10
0.85,-0.98,-1.28
0.00,-1.77,-2.08
-0.49,-2.32,-2.38
-0.24,-3.48,-1.34
0.24,-6.47,1.04
1.71,-13.37,3.30
1.34,-23.74,5.37
0.31,-36.99,7.81
-4.21,-44.01,8.61
-5.43,-33.51,0.12
-0.12,-23.80,-5.55
2.14,-23.07,-0.49
1.83,-17.82,8.12
9.22,-8.42,23.80
20.45,-2.81,41.93
37.05,1.34,67.87
57.43,7.02,94.91
70.07,17.40,115.66
71.11,23.80,119.93
64.39,21.00,113.89
50.78,15.20,97.11
36.62,14.22,76.35
25.82,16.54,59.20
18.80,12.63,55.85
9.58,10.93,46.75
0.67,11.78,29.42
-5.74,10.80,15.14
-8.97,7.51,16.66
-12.27,6.04,11.47
-14.89,3.97,-0.49
-17.58,1.95,-8.85
-21.73,3.11,-16.05
-25.39,4.21,-25.45
-29.36,5.00,-38.45
-33.26,8.36,-48.34
-36.80,13.98,-48.40
-35.28,19.78,-40.34
-30.46,21.79,-29.30
-25.51,15.99,-18.07
-20.57,1.16,-6.10
-17.46,-18.49,6.59
-15.50,-36.07,15.63
-15.63,-23.99,4.94
-10.68,-12.39,-6.29
2.01,-11.72,-3.66
9.28,-13.55,2.87
19.04,-6.77,4.76
31.80,0.31,8.12
47.49,1.34,14.89
67.75,-4.64,20.63
84.66,-8.36,21.55
97.72,-17.70,17.70
105.59,-27.16,13.24
107.97,-38.51,2.87
108.58,-40.28,-5.68
107.30,-39.79,-10.19
103.82,-38.09,-8.61
89.17,-32.96,-5.13
62.68,-26.37,-7.87
40.34,-18.13,-5.92
19.17,-4.70,-4.39
7.14,-2.93,-3.91
-2.75,4.03,-1.89
-10.86,2.38,-1.71
-18.43,-1.22,-4.39
-23.80,-6.04,-6.47
-27.65,-6.71,-9.03
-31.43,-2.62,-16.11
-38.88,1.16,-36.56
-46.57,2.08,-64.51
-52.73,-0.43,-82.21
-54.38,3.48,-90.70
-53.41,12.27,-95.40
-49.80,18.86,-97.11
-43.27,17.58,-94.12
-36.50,8.24,-85.63
-32.84,-5.31,-72.88
-28.14,-22.09,-56.46
-20.87,-40.47,-37.11
-13.12,-53.16,-16.72
-1.65,-24.66,-11.90
9.28,-9.09,-6.96
17.21,-12.45,5.31
8.97,-14.77,8.67
5.31,-12.39,1.65
3.66,-11.05,-0.12
8.18,-11.96,15.93
23.01,-7.08,43.76
43.52,0.85,76.11
64.45,9.34,112.79
75.38,21.42,136.35
84.05,28.32,158.45
83.01,35.28,175.60
75.68,36.13,167.91
65.73,34.24,152.65
51.21,26.73,129.52
38.09,19.23,108.95
26.67,14.16,86.98
18.98,8.00,74.10
11.29,8.79,62.19
3.48,12.88,57.13
-2.93,13.79,45.84
-6.71,12.82,35.77
-11.35,10.80,12.57
-12.39,11.90,-6.04
-13.49,11.96,-14.16
-17.15,11.72,-31.13
-22.58,11.11,-63.66
-31.80,12.27,-96.92
-40.59,18.31,-119.32
-46.39,25.76,-129.82
-48.52,30.15,-128.72
-45.90,28.50,-114.07
-39.92,20.57,-89.29
-29.91,6.16,-60.61
-19.29,-10.99,-35.03
-10.13,-30.52,-15.32
-4.09,-50.17,-1.59
0.67,-68.18,9.64
5.86,-70.62,14.34
9.58,-31.25,3.30
37.54,-21.06,3.11
56.70,-18.43,9.03
69.21,-18.43,9.34
80.63,-13.85,0.12
84.72,-9.03,4.52
86.79,-13.92,7.02
91.92,-23.74,1.22
94.30,-22.03,-0.43
95.34,-22.89,-0.85
92.16,-16.97,-2.08
85.88,-9.83,-0.98
78.92,-7.69,0.24
66.59,0.67,3.72
49.56,6.23,6.96
32.29,7.57,4.09
18.98,10.25,2.62
10.86,10.01,7.51
5.19,6.47,7.08
1.59,-1.95,3.23
-2.01,-8.42,-0.43
-5.62,-11.96,-3.23
-7.93,-11.78,-4.39
-9.95,-8.79,-4.39
-12.39,-4.27,-3.91
-14.04,0.92,-3.54
-15.38,6.41,-2.99
-17.40,11.90,-2.69
-20.14,17.33,-2.26
-21.00,23.99,-2.81
-21.00,31.68,-3.36
-19.84,37.96,-3.54
-18.98,41.87,-8.97
-14.10,43.70,-16.11
















-,-,-
0.61,-0.79,-1.77
0.85,-0.85,-1.34
0.92,-1.28,-0.73
0.92,-1.83,-0.18
0.55,-2.26,0.24
0.49,-3.05,0.18
0.55,-4.39,0.24
0.67,-6.10,0.67
0.67,-8.00,1.34
0.79,-10.68,2.08
1.22,-13.92,3.17
2.14,-17.46,4.46
3.48,-21.97,5.43
5.43,-27.22,6.16
9.03,-34.12,6.35
9.89,-43.21,7.26
8.91,-52.37,8.73
4.82,-49.74,7.45
-0.55,-20.02,-3.97
0.06,-14.40,-11.41
-4.39,-20.32,-9.22
-7.81,-20.45,-5.19
-1.10,-13.55,-3.91
1.46,-6.41,-3.54
1.71,-3.36,-1.53
2.14,-2.93,-0.55
3.30,-2.38,-0.55
4.15,-1.65,-0.43
3.72,-1.46,-0.18
2.44,-1.71,-0.67
1.59,-2.08,-0.79
0.79,-2.50,0.37
0.92,-3.17,4.39
8.06,-4.03,19.29
19.41,-1.89,43.58
30.94,2.14,65.67
44.13,10.62,80.75
57.62,16.97,100.46
62.13,21.79,110.72
62.13,18.92,111.63
49.87,19.78,99.85
39.92,15.87,85.08
28.69,10.25,69.46
19.96,4.64,54.14
10.25,1.65,35.58
6.84,2.69,30.88
1.53,1.83,32.96
-4.03,3.36,19.90
-7.20,3.30,10.31
-12.70,0.55,2.56
-15.99,-1.71,-4.88
-21.18,-1.83,-11.54
-26.98,0.98,-18.31
-32.17,3.30,-24.78
-39.86,5.00,-30.21
-45.59,9.40,-30.82
-46.57,16.60,-25.45
-43.21,23.50,-16.85
-34.67,23.19,-7.14
-27.71,5.92,2.44
-24.66,-19.71,7.81
-19.47,-35.22,7.02
-9.95,-13.98,-3.60
3.85,-3.05,-8.42
15.32,-4.09,-1.28
23.56,-0.73,4.94
35.46,4.27,7.02
50.78,4.82,12.33
67.69,3.78,15.01
81.42,9.22,16.17
93.93,-1.04,13.55
99.18,-1.34,10.01
104.86,-3.23,10.99
105.29,-8.30,6.29
101.20,-12.70,-5.07
96.62,-18.01,-12.27
83.19,-14.71,-10.56
67.20,-16.48,-10.80
47.97,-14.53,-13.00
32.78,-14.65,-10.50
18.98,-11.66,-10.19
8.36,-10.38,-13.55
-0.06,-5.31,-13.73
-8.00,2.62,-5.49
-16.05,1.04,-3.23
-23.25,-0.37,-6.04
-28.56,-2.87,-7.93
-33.26,-3.42,-12.21
-37.23,-1.40,-22.71
-42.24,1.71,-41.50
-45.35,3.11,-58.59
-45.72,6.59,-66.65
-45.47,13.00,-70.62
-44.19,19.71,-73.79
-41.81,23.80,-76.84
-37.35,20.94,-76.23
-30.94,9.09,-69.70
-25.15,-8.73,-58.17
-21.42,-27.47,-44.80
-16.48,-42.79,-30.76
-8.61,-50.48,-16.97
-0.92,-19.17,-14.77
15.14,1.40,-12.27
24.41,-4.33,0.31
12.82,-8.79,4.88
4.64,-9.09,-0.85
0.79,-9.28,-3.72
2.26,-9.58,5.31
12.57,-7.14,25.57
33.45,-2.50,59.81
51.82,4.21,96.37
64.15,11.90,119.20
69.15,21.73,127.38
75.87,19.29,142.03
73.36,20.81,151.43
67.63,26.92,152.83
56.03,26.18,135.31
48.89,18.68,116.27
36.99,18.07,100.65
27.59,13.18,81.18
19.78,10.01,68.91
13.67,5.86,56.76
7.20,5.13,38.57
3.23,1.28,25.57
0.31,-0.49,23.32
-3.36,-0.92,13.61
-5.19,-0.98,-0.73
-4.94,-1.71,-3.72
-5.92,-1.22,-8.00
-13.85,3.17,-28.69
-25.39,5.55,-58.65
-36.99,2.20,-84.66
-47.91,-0.85,-101.75
-56.46,-0.73,-108.15
-61.95,5.62,-100.83
-60.30,17.58,-84.90
-54.14,31.49,-67.81
-45.65,38.94,-54.02
-36.93,36.62,-44.19
-28.93,23.74,-36.80
-20.75,2.69,-29.42
-11.11,-22.34,-19.65
-0.12,-47.67,-6.47
10.62,-65.06,7.26
24.29,-42.42,13.49
38.82,-0.55,13.49
68.30,8.91,12.08
88.81,1.83,15.44
107.36,-2.01,21.61
119.69,0.49,20.87
124.51,4.15,20.57
124.88,8.06,11.35
129.33,3.85,7.57
130.19,-2.20,4.64
122.50,-4.52,1.95
108.22,-4.21,-4.33
90.33,1.77,-9.03
67.63,2.01,-12.02
46.69,-1.83,-20.26
31.01,-3.85,-20.81
16.97,-0.24,-11.78
9.77,-0.18,-4.15
5.68,-1.77,-1.95
3.91,-1.89,-3.11
1.89,-6.53,-3.66
-2.38,-10.25,-4.64
-7.08,-12.51,-6.29
-11.11,-12.51,-6.71
-12.94,-10.68,-6.23
-13.18,-8.18,-5.68
-13.79,-6.23,-5.13
-14.16,-3.91,-4.76
-13.31,-1.22,-3.97
-12.08,2.01,-2.38
-12.15,4.82,-1.34
-13.00,6.71,-1.83
-15.44,7.26,-3.23
-20.51,7.93,-5.43
-21.61,6.47,-6.41
-21.85,6.35,-8.30
