-,-,-
4.39,0.61,3.42
4.27,0.79,3.78
3.97,0.73,4.58
3.23,0.85,4.94
2.87,0.49,3.97
1.83,0.61,2.56
1.53,0.92,1.40
2.01,1.28,0.67
2.08,1.22,0.31
2.20,0.79,-0.18
2.20,0.79,-0.43
1.71,1.10,0.18
1.22,1.28,1.34
0.31,1.10,2.14
-0.92,0.73,1.95
-1.04,0.31,1.59
-0.85,-0.43,2.08
-0.98,-1.59,3.17
-0.73,-2.75,3.91
-0.24,-3.42,4.27
-0.24,-3.91,5.00
-0.24,-3.97,5.62
-0.06,-4.46,6.47
-0.12,-6.16,7.51
-1.16,-8.91,9.77
-2.14,-12.45,12.63
-3.60,-17.03,16.17
-5.25,-22.03,19.53
-5.80,-24.78,16.11
-0.73,-21.48,-1.83
2.93,-16.91,-0.92
4.94,-12.21,4.03
8.85,-6.65,3.72
8.42,-2.38,2.62
8.73,0.73,2.26
7.57,2.81,2.14
6.59,3.23,1.95
7.26,2.44,2.20
6.35,0.18,2.44
4.52,-2.50,2.14
2.56,-4.82,1.53
0.79,-6.16,0.92
-0.85,-6.90,0.37
-1.71,-6.47,-0.43
-1.65,-4.88,-0.79
-1.10,-2.81,-0.55
0.49,-1.22,0.00
2.32,0.55,0.67
2.87,1.28,1.46
3.36,1.34,1.71
3.36,0.79,1.89
2.81,-0.43,1.59
0.92,-1.89,0.98
-0.61,-3.11,0.06
-1.65,-3.72,-0.18
-2.50,-4.33,-0.55
-3.54,-4.94,-0.24
-4.94,-4.52,1.16
-6.04,-3.05,4.88
-6.53,1.71,13.85
-5.07,9.16,30.09
-1.83,16.11,42.36
4.64,28.50,56.76
10.74,38.57,80.44
21.00,50.54,102.72
36.07,65.31,120.48
53.41,69.64,136.17
64.88,72.20,144.96
67.20,76.48,146.18
64.45,69.58,142.58
52.25,63.11,135.31
43.64,53.34,122.68
36.19,46.57,109.37
29.17,40.89,82.70
25.88,33.57,62.01
20.39,30.82,47.79
16.48,28.26,38.33
9.64,21.18,26.55
4.46,17.21,7.45
1.46,13.43,-3.91
-2.01,9.58,-12.57
-5.68,1.34,-35.40
-6.77,-15.81,-77.51
-6.47,-25.02,-124.15
-8.12,-28.50,-161.32
-8.54,-28.44,-185.73
-8.30,-30.21,-195.43
-7.51,-35.40,-188.72
-2.56,-41.50,-168.40
0.92,-47.06,-138.37
10.31,-54.63,-102.72
13.79,-65.67,-64.76
12.57,-79.77,-28.75
8.73,-94.06,0.43
4.27,-107.91,22.77
-4.33,-114.99,39.06
-13.06,-87.46,20.75
-8.24,-44.80,-5.19
7.14,-36.44,9.89
-2.81,-36.93,22.16
-6.84,-28.14,20.87
-1.89,-12.33,43.03
8.24,3.91,80.44
26.25,22.95,109.92
43.58,43.64,137.88
55.18,52.37,161.99
56.82,67.50,169.13
56.88,82.89,165.34
51.70,83.50,155.64
42.66,79.59,134.28
30.58,59.45,101.93
18.01,43.82,73.43
8.48,31.31,48.95
1.28,25.27,42.36
-3.85,20.08,36.56
-10.01,12.88,15.20
-17.15,5.19,-4.46
-24.72,-1.34,-14.59
-35.10,-3.36,-21.73
-47.42,1.40,-37.48
-60.06,7.08,-53.89
-74.52,4.03,-58.96
-90.27,2.50,-66.16
-97.66,5.00,-76.11
-95.76,11.47,-83.92
-93.44,19.10,-85.33
-90.94,28.75,-80.69
-92.16,37.35,-71.47
-95.09,47.06,-60.61
-90.15,51.27,-51.45
-83.25,47.30,-38.21
-74.65,39.61,-16.42
-71.78,24.84,5.13
-68.73,7.81,19.23
-62.74,-6.53,26.31
-55.11,-19.84,32.90
-45.72,-29.72,43.33
-33.81,-36.99,56.21
-9.46,-42.60,40.53
1.16,-35.28,11.66
32.59,-8.85,12.39
57.37,0.73,24.60
76.23,-18.55,33.63
88.32,-31.74,35.16
100.95,-34.06,24.48
111.76,-39.25,21.30
113.83,-45.96,23.74
118.04,-47.67,33.81
121.58,-44.49,44.43
125.00,-45.96,46.14
126.71,-49.19,40.71
126.46,-50.05,35.16
124.94,-40.41,27.83
128.60,-32.90,28.75
129.76,-23.62,38.09
130.43,-18.43,38.45
127.81,-11.90,31.62
123.05,-10.99,29.66
113.59,-9.34,25.21
104.13,-7.93,15.69
89.60,-6.35,11.96
72.75,-2.32,7.87
52.25,1.71,7.69
34.42,4.21,8.00
18.80,10.13,7.51
9.70,9.22,4.76
2.99,11.05,3.54
0.67,3.42,2.44
-1.04,-7.32,1.34
-4.58,-15.69,0.24
-6.96,-20.81,0.31
-7.69,-22.34,0.85
-6.65,-20.32,2.01
-3.05,-15.99,3.17
-0.85,-10.62,4.03
-1.89,-5.68,3.97
-2.38,-0.92,3.36
-1.46,4.46,3.11
-0.92,10.25,2.99
-1.22,15.56,3.66















-,-,-
-1.22,1.89,-4.88
-0.31,3.91,-4.27
0.31,4.64,-3.60
0.12,3.85,-2.62
0.18,2.81,-1.89
0.85,1.71,-1.77
1.22,0.79,-1.83
1.04,0.24,-2.01
1.59,-0.43,-2.08
1.83,-0.98,-2.08
2.38,-0.98,-1.65
2.62,-0.79,-0.85
2.56,-0.79,-0.12
2.01,-0.67,0.31
1.22,-0.37,0.73
0.24,0.12,0.61
0.00,0.31,-0.06
0.12,0.43,-0.49
0.24,0.55,-0.37
0.55,0.73,-0.24
1.16,0.67,-0.49
1.77,0.79,-0.98
2.14,0.79,-1.46
2.32,1.59,-1.77
2.44,2.26,-1.71
2.81,2.69,-1.65
2.81,2.44,-1.40
2.26,2.14,-1.16
1.10,1.95,-0.67
-0.43,1.71,-0.24
-2.69,1.28,0.06
-4.27,-0.37,-0.12
-5.92,-2.99,-0.18
-6.71,-7.87,0.49
-8.06,-15.63,2.75
-11.90,-22.71,6.35
-15.56,-26.98,10.74
-15.38,-30.88,16.11
-14.22,-35.71,23.13
-12.21,-41.08,31.74
-12.45,-44.19,36.99
-11.72,-37.23,18.68
2.62,-32.59,2.32
6.96,-29.91,10.62
-6.41,-21.97,22.89
-11.47,-7.39,38.76
-3.54,10.01,56.88
-1.46,31.07,81.18
9.40,49.01,109.25
29.48,63.54,132.63
48.28,73.61,146.79
59.33,81.85,157.65
64.64,84.96,170.59
64.64,83.31,174.50
60.06,75.68,160.52
54.14,63.96,140.32
44.80,50.29,115.54
36.38,39.31,92.53
27.28,29.42,69.27
18.13,23.44,52.73
11.66,19.23,47.18
5.92,15.56,32.71
1.16,11.72,22.71
-1.89,7.45,5.25
-1.53,7.20,-8.85
0.31,6.71,-20.45
0.43,-2.14,-44.80
2.81,-16.66,-90.58
3.42,-25.63,-140.56
1.46,-27.59,-180.18
-1.83,-24.54,-202.15
-2.62,-23.32,-205.38
0.49,-26.61,-194.89
7.63,-35.28,-175.23
15.01,-48.10,-152.28
20.26,-61.16,-128.05
22.77,-72.57,-101.01
21.12,-80.87,-71.78
14.04,-85.51,-43.76
8.12,-86.12,-19.84
5.74,-81.97,-1.16
2.75,-74.89,15.38
0.79,-66.10,32.78
-2.08,-56.15,48.65
-8.18,-51.88,58.23
3.48,-46.45,19.53
4.52,-48.71,0.06
1.34,-43.64,10.93
-6.04,-31.80,35.71
-2.08,-14.65,58.59
14.47,-3.48,79.71
21.55,9.03,105.47
36.25,24.96,124.76
50.35,36.74,151.92
56.70,50.17,176.33
58.96,63.17,190.37
60.06,61.16,192.32
51.33,59.63,179.44
41.20,52.98,147.52
28.08,43.46,113.77
15.56,34.67,82.15
10.50,30.27,64.45
5.80,20.69,38.02
3.54,19.84,24.48
-4.46,16.17,11.11
-11.84,8.61,-5.43
-21.61,1.40,-17.09
-31.43,-4.94,-25.88
-44.43,-4.21,-39.55
-56.58,6.59,-61.71
-69.70,10.07,-74.95
-82.03,6.96,-81.24
-98.08,1.10,-82.89
-111.45,2.69,-81.97
-118.59,11.47,-82.58
-123.41,19.29,-81.91
-119.26,27.77,-78.12
-114.20,34.67,-69.34
-109.99,41.93,-57.92
-103.09,45.17,-46.51
-95.15,44.13,-36.25
-87.52,39.49,-27.59
-76.90,31.80,-19.53
-65.92,23.44,-9.95
-56.82,16.17,2.38
-50.48,9.22,17.82
-44.98,2.32,32.78
-37.78,-5.00,43.27
-27.59,-12.21,44.37
-8.97,-16.72,11.78
-6.96,-8.24,-0.73
18.80,-5.80,9.52
25.33,-8.48,26.61
38.33,-7.39,33.63
57.43,-9.83,35.83
70.68,-14.83,33.39
80.57,-27.77,23.56
86.43,-32.35,18.13
88.81,-44.56,18.13
86.98,-45.35,23.44
91.00,-44.98,34.18
101.93,-45.53,40.34
115.36,-50.17,40.83
128.42,-55.79,37.05
141.60,-59.39,47.12
147.64,-55.66,55.73
154.30,-52.61,42.05
156.92,-50.72,27.28
153.20,-44.98,15.69
149.05,-45.72,12.76
138.85,-34.48,15.87
125.61,-19.35,20.87
113.53,-13.24,20.63
101.32,-8.79,19.17
91.00,-3.42,17.46
80.44,-2.93,12.45
71.90,-2.62,10.99
65.43,-2.38,10.80
60.00,-3.78,2.62
53.59,-5.07,-1.77
46.45,-4.33,0.92
36.87,-1.28,0.73
28.93,-5.13,3.97
21.18,1.83,2.62
14.04,12.70,4.82
11.78,4.70,4.15
7.81,3.91,5.55
5.74,2.75,5.80
2.93,-2.50,5.00
-0.92,-6.53,4.64
-2.26,-9.22,3.85
-2.44,-10.50,3.42
-2.81,-9.83,3.42
-2.75,-7.75,3.48
-1.83,-4.76,3.11
-0.85,-1.53,2.99
0.18,2.20,2.81
0.43,6.04,2.38
0.55,10.38,1.59
1.28,14.65,1.46















-,-,-
-8.97,-3.91,-23.99
-8.91,-4.03,-18.62
-9.95,-3.54,-13.12
-10.13,-2.62,-8.73
-11.17,-1.59,-5.68
-10.99,-1.10,-4.21
-10.31,-1.28,-3.11
-9.28,-1.46,-0.79
-8.61,-1.16,2.62
-8.00,-0.79,6.96
-7.32,-0.43,11.54
-7.02,-0.49,16.30
-6.53,-0.61,19.90
-5.92,-0.85,21.30
-4.88,-1.22,21.42
-4.33,-1.71,20.87
-4.03,-1.95,19.59
-3.60,-2.44,17.09
-2.81,-3.23,13.49
-2.08,-3.66,10.07
-1.28,-3.54,6.96
-0.61,-3.36,4.64
-0.12,-2.81,2.44
-0.12,-2.56,0.24
0.37,-2.69,-1.83
0.92,-3.11,-3.85
1.46,-3.23,-5.43
1.16,-2.93,-7.02
0.24,-2.87,-9.09
-0.85,-3.66,-11.78
-2.01,-4.76,-14.40
-3.17,-5.55,-16.24
-4.09,-5.49,-18.07
-4.52,-6.04,-19.53
-5.74,-7.32,-20.08
-7.57,-9.89,-19.59
-9.70,-13.18,-17.33
-12.76,-17.27,-12.39
-15.01,-21.67,-6.04
-17.27,-26.86,1.65
-17.33,-32.29,12.15
-16.30,-38.09,23.44
-15.08,-42.05,30.15
-5.68,-34.91,5.80
5.13,-33.14,-6.59
6.53,-25.15,5.13
1.59,-19.29,12.88
4.33,-14.40,10.86
6.65,-8.06,16.78
7.32,1.40,34.42
6.90,13.18,59.45
16.85,26.55,85.45
34.67,39.12,110.84
50.23,52.37,142.94
64.76,68.42,163.64
77.15,73.49,174.62
77.58,77.15,176.27
74.40,73.67,161.87
68.12,64.76,142.15
58.84,49.07,116.21
48.71,34.67,91.74
37.29,30.88,71.96
27.65,25.39,56.76
19.04,23.01,46.20
12.27,17.70,40.83
4.82,14.95,26.37
0.31,11.60,7.32
-2.87,9.64,-3.36
-3.72,6.90,-11.72
-4.27,1.71,-25.09
-5.25,-14.04,-56.46
-4.70,-29.85,-104.80
-5.80,-40.53,-150.39
-7.81,-40.59,-181.46
-14.34,-38.70,-193.60
-15.69,-35.89,-187.13
-11.96,-36.01,-166.32
-8.48,-39.98,-136.72
-1.22,-50.78,-105.47
5.92,-67.81,-77.21
11.23,-85.69,-52.67
13.37,-100.16,-28.14
9.22,-108.28,0.12
1.28,-104.31,22.46
-2.26,-61.16,-2.01
10.56,-41.93,-5.07
13.31,-27.16,12.02
7.75,-24.48,21.97
8.06,-22.77,29.97
5.49,-14.16,56.21
12.33,4.52,88.81
30.82,25.82,120.48
49.99,45.78,150.88
60.55,60.06,180.48
63.11,65.12,190.49
63.35,68.97,184.39
56.34,66.65,167.91
44.92,59.75,136.05
31.98,45.47,98.57
19.65,35.64,65.25
10.62,25.15,51.70
3.11,15.87,41.08
-3.36,7.14,6.59
-8.30,2.32,-13.00
-15.69,-2.87,-13.24
-21.91,-7.08,-18.68
-32.10,-7.14,-33.20
-45.53,-2.87,-57.56
-57.01,-6.71,-75.68
-70.31,-7.81,-79.41
-76.05,0.24,-70.98
-76.17,9.83,-57.74
-75.74,19.84,-50.42
-76.42,30.33,-50.35
-72.51,41.87,-51.88
-70.07,52.80,-45.47
-64.15,64.45,-30.09
-62.56,64.27,-6.35
-66.16,51.51,19.59
-64.45,34.30,40.28
-59.51,18.31,56.27
-60.00,-0.43,70.74
-59.81,-16.30,82.64
-52.98,-26.37,91.86
-43.76,-39.43,99.49
-32.84,-56.46,102.78
-6.65,-59.88,63.66
-10.25,-31.86,20.75
44.43,-2.56,9.03
69.34,-11.41,27.53
76.90,-31.49,40.34
90.21,-48.65,29.72
102.23,-55.60,16.48
107.48,-59.45,10.25
111.94,-55.60,4.94
115.30,-47.73,9.22
118.77,-37.41,12.21
122.50,-31.01,9.22
126.34,-28.99,3.23
129.27,-26.73,0.49
130.86,-26.43,4.52
131.23,-28.38,1.46
130.49,-30.88,2.38
127.81,-35.95,-0.61
126.53,-37.72,0.31
118.04,-36.01,-6.35
114.14,-35.89,-16.72
104.37,-33.87,-19.29
98.88,-27.71,-21.36
83.37,-22.16,-21.42
66.83,-14.83,-16.85
50.17,-4.09,-11.78
40.04,2.81,-9.22
34.24,8.00,-0.92
29.91,12.63,4.21
29.72,4.39,-1.34
25.82,4.76,1.28
19.10,5.74,2.14
12.08,8.06,0.06
5.49,4.33,1.77
3.42,-3.42,0.92
1.83,-9.34,0.31
0.61,-13.92,0.43
0.67,-16.24,1.34
1.95,-15.56,2.87
3.42,-13.37,4.39
3.78,-9.95,4.70
2.38,-7.02,3.85
0.98,-3.60,2.69
-1.22,0.49,1.59
-2.87,5.55,0.43
-1.83,11.60,0.37
0.24,18.62,0.73
0.18,24.90,0.61
-1.95,29.72,-1.22
-5.13,33.57,-4.27
-7.87,37.60,-8.67
-10.38,44.74,-16.17
-12.88,53.34,-19.29
-16.42,58.04,-22.71















-,-,-
-2.01,-3.85,1.83
-2.56,-3.36,3.36
-1.65,-3.42,4.64
-0.61,-4.09,6.04
-0.06,-4.94,7.26
0.12,-5.25,8.36
-0.31,-4.76,9.28
-0.37,-3.85,9.34
-0.37,-2.44,8.24
0.55,-1.16,6.41
1.83,0.06,4.70
2.38,0.79,3.30
2.56,1.53,2.56
2.81,1.83,2.26
2.14,1.59,2.14
1.59,1.22,1.59
1.04,1.22,0.06
1.10,1.22,-1.53
1.53,1.16,-2.32
1.16,1.53,-2.56
1.04,1.34,-2.50
1.34,1.28,-2.62
1.34,0.79,-2.99
1.16,0.73,-2.99
0.55,0.24,-3.23
0.37,-0.12,-3.72
-0.18,-0.37,-4.88
0.00,-0.43,-6.29
-0.61,-0.49,-7.75
-2.69,-0.67,-9.52
-4.03,-0.67,-11.84
-4.76,-1.22,-13.49
-5.25,-2.81,-13.49
-4.82,-7.26,-10.93
-6.10,-14.71,-5.31
-9.58,-21.67,2.56
-13.55,-25.27,11.41
-16.48,-25.57,18.01
-17.03,-26.61,21.24
-16.54,-24.41,14.95
-9.46,-19.17,-2.93
-2.93,-16.85,-1.77
-2.38,-11.96,4.09
1.83,-1.59,9.58
-1.46,9.09,24.48
2.44,18.92,53.41
8.00,27.10,80.57
18.62,33.81,101.81
30.70,43.88,122.86
45.84,44.13,139.28
55.91,51.94,151.31
63.35,64.45,150.45
69.58,59.63,134.64
60.36,52.49,113.83
52.19,44.62,94.73
42.42,34.91,75.50
33.51,23.93,59.88
27.04,20.45,58.11
20.02,23.93,50.78
19.71,23.44,41.26
19.10,20.45,36.68
17.27,18.01,29.66
16.36,13.92,26.00
13.43,6.71,14.10
14.47,0.43,-17.52
19.90,-11.84,-49.50
22.77,-21.73,-89.11
18.92,-27.59,-129.39
13.67,-26.79,-160.52
16.17,-24.78,-177.25
18.86,-23.13,-175.48
13.55,-25.39,-158.26
15.38,-34.61,-133.54
16.60,-47.00,-105.90
17.40,-59.20,-80.20
18.86,-71.35,-58.59
15.20,-80.63,-39.86
8.85,-84.41,-22.09
0.98,-82.34,-2.56
-6.84,-77.15,18.92
-13.79,-70.31,35.64
-7.57,-50.48,3.85
-1.34,-44.19,-8.67
2.93,-40.53,5.74
-4.82,-38.76,15.08
-9.64,-27.89,16.48
-6.71,-10.93,18.62
-3.17,4.88,43.40
10.13,5.00,74.34
21.30,14.83,110.17
41.02,30.46,144.53
59.75,40.47,169.49
65.12,45.10,176.82
62.32,52.86,168.82
59.45,58.59,161.32
51.51,58.90,151.73
39.37,55.85,132.08
28.56,39.92,103.39
17.64,33.51,75.99
9.89,30.46,56.34
0.00,24.17,35.83
-5.74,21.42,29.79
-11.90,18.86,25.33
-21.79,11.29,9.89
-31.25,-0.79,-17.94
-44.31,-0.49,-41.14
-60.85,-2.20,-55.85
-74.40,0.31,-72.88
-87.71,2.50,-82.89
-94.73,12.82,-79.47
-102.91,27.83,-67.44
-106.38,45.10,-56.58
-107.24,60.49,-50.84
-105.41,69.40,-46.02
-99.18,68.85,-37.72
-93.02,60.55,-25.27
-87.89,47.67,-9.28
-79.35,34.12,9.64
-70.56,21.97,32.47
-63.11,9.77,56.09
-54.08,-3.11,76.48
-42.42,-17.15,94.60
-30.03,-35.77,108.58
-0.55,-46.57,73.79
-9.58,-32.53,31.31
33.57,2.44,16.11
61.71,-3.66,28.87
58.90,-23.13,43.03
64.27,-41.20,34.97
72.57,-50.66,26.06
78.74,-53.77,18.55
86.24,-51.09,17.88
95.28,-43.95,21.79
105.29,-39.00,22.89
112.30,-33.57,19.96
119.08,-31.49,15.75
127.26,-34.55,11.41
132.39,-34.24,4.15
138.92,-35.95,-0.85
141.30,-37.66,2.32
139.65,-39.61,6.90
136.84,-45.41,-5.74
131.77,-44.25,-9.77
122.50,-42.11,-17.09
113.77,-35.16,-22.03
99.00,-26.73,-12.39
81.73,-18.19,-0.73
72.33,-8.36,-8.18
56.58,-3.36,-13.24
49.44,6.59,-16.24
39.55,9.95,-10.62
35.28,9.77,-11.29
23.13,15.63,-3.85
14.40,14.59,-0.92
7.02,12.88,-2.32
3.91,-2.08,-2.50
2.62,-5.25,-2.56
1.16,-7.26,-1.34
0.55,-12.76,-0.31
0.06,-17.21,0.85
0.37,-19.59,1.10
-0.85,-20.69,1.28
-2.87,-20.32,2.01
-4.03,-18.07,2.93
-4.09,-13.85,3.78
-4.39,-8.91,4.33
-3.97,-3.48,4.88
-2.14,2.69,5.37
-0.18,9.40,5.19
1.28,15.63,4.09
1.53,21.48,1.89
-0.85,26.31,-1.34
-2.99,31.19,-5.68
-6.04,35.77,-11.11
-9.95,41.63,-16.42
-13.31,49.62,-21.36
-19.78,56.52,-22.16
-24.78,62.87,-24.48
-26.37,64.09,-36.01
-25.63,70.50,-53.16















-,-,-
1.22,-1.16,1.46
1.46,0.18,2.01
1.34,1.16,2.50
1.53,1.65,2.38
1.77,1.65,2.44
1.77,1.46,2.75
1.10,0.98,3.42
0.67,0.55,3.91
0.18,-0.18,3.91
-0.31,-0.49,3.36
-0.67,-0.31,2.62
-0.67,-0.12,1.83
-0.67,-0.55,1.34
-0.98,-0.79,0.92
-1.22,-0.67,0.49
-3.23,-0.73,-0.92
-1.95,-1.71,-2.44
-0.06,-1.77,-1.53
-0.92,0.00,0.24
-0.79,0.85,1.28
0.37,0.92,1.46
0.55,1.16,1.40
0.98,1.28,1.28
1.28,1.40,1.46
1.34,1.16,1.83
1.22,0.92,2.44
1.10,0.18,2.75
1.59,-0.73,2.44
2.32,-1.22,1.59
2.32,-1.10,1.16
1.83,-0.24,0.98
1.89,0.79,0.55
2.44,1.71,0.37
2.62,1.77,0.85
2.87,1.65,1.10
2.81,1.22,1.89
2.14,1.10,2.81
0.98,1.77,3.36
0.12,2.50,3.23
0.24,2.87,2.99
0.61,2.20,3.05
0.06,1.40,3.05
-0.55,0.67,2.99
-0.31,0.73,2.56
0.73,0.61,2.01
1.34,0.43,2.20
1.28,0.00,2.62
0.55,0.12,2.62
-0.37,0.31,2.32
-1.16,0.61,2.14
-1.95,0.37,2.93
-2.26,-0.67,3.85
-2.38,-2.50,4.52
-1.71,-4.76,3.78
-1.04,-6.29,1.65
-1.71,-6.77,-0.43
-4.39,-7.02,-3.36
-3.72,-9.22,-5.98
-3.78,-13.31,-7.45
-3.60,-18.25,-5.13
-2.44,-22.77,0.67
-3.72,-26.61,6.96
-3.91,-31.43,12.33
-4.46,-37.05,18.07
-6.47,-41.50,25.02
-9.83,-45.90,33.57
-12.70,-51.27,43.03
-21.91,-53.89,51.45
-29.79,-42.72,28.56
-13.49,-42.79,8.18
-18.31,-20.51,34.12
-17.70,1.46,77.09
5.80,14.71,102.42
31.19,22.95,116.33
52.25,25.45,131.23
62.44,30.27,149.72
63.42,35.64,157.84
60.00,36.68,151.31
55.60,34.73,138.98
47.36,33.51,117.98
34.85,27.47,99.30
26.12,21.36,71.35
19.78,17.21,46.39
13.43,16.72,40.89
5.00,21.30,31.86
-2.75,17.94,5.92
-4.21,12.70,-9.89
-3.85,9.70,-15.32
-5.74,0.98,-35.40
-7.02,-15.44,-78.74
-9.03,-27.65,-127.01
-11.17,-29.60,-162.78
-8.67,-26.98,-182.98
-4.76,-26.37,-186.77
-2.14,-31.01,-174.50
-0.43,-39.00,-148.99
-2.99,-46.69,-112.37
0.55,-54.14,-70.19
10.99,-62.62,-29.24
11.60,-69.82,5.00
13.12,-76.54,31.25
2.01,-59.14,26.31
3.48,-32.47,8.91
14.10,-26.18,22.71
6.16,-19.71,45.96
10.19,-6.90,76.60
26.43,6.59,100.52
37.05,13.61,121.77
44.86,15.38,129.09
45.04,23.56,129.39
41.32,33.81,123.05
35.58,40.28,113.16
28.63,38.02,93.14
17.76,30.40,72.45
11.78,17.88,57.19
3.78,17.94,44.98
-2.81,10.62,46.14
-9.03,7.02,30.15
-19.78,2.08,8.61
-30.94,-1.22,-2.99
-41.56,-4.15,-10.74
-49.44,-7.45,-23.19
-55.30,-6.16,-42.05
-61.95,2.08,-62.81
-66.22,19.41,-74.52
-75.07,34.73,-69.70
-79.22,48.95,-50.60
-80.99,56.21,-25.39
-79.83,54.32,-5.13
-73.61,47.30,8.24
-65.37,35.83,19.23
-60.18,25.21,29.91
-58.35,12.51,41.93
-54.50,-1.46,54.26
-49.07,-12.21,64.70
-43.15,-17.88,70.25
-35.83,-18.62,62.81
-26.25,-8.12,24.72
-19.65,15.87,1.89
18.25,17.27,3.91
29.60,4.70,19.78
37.84,5.55,29.48
61.34,6.16,25.82
84.72,-3.11,20.81
108.40,-11.54,23.44
130.55,-21.61,21.42
146.06,-30.15,16.66
154.42,-39.12,11.84
157.65,-44.01,11.96
158.14,-45.65,11.29
161.99,-47.49,2.99
164.79,-54.38,-7.93
175.05,-63.29,-22.77
177.06,-61.95,-28.44
178.65,-64.64,-31.98
176.33,-65.12,-29.42
166.20,-60.06,-24.17
149.41,-61.22,-22.03
131.84,-55.85,-21.85
110.53,-46.81,-24.11
90.64,-36.93,-21.36
76.66,-26.43,-14.34
63.54,-9.83,-4.27
57.74,0.79,3.91
51.27,7.20,4.15
46.45,1.95,2.81
34.36,-1.16,0.31
21.73,-4.15,-3.17
11.23,-7.63,-2.56
4.76,-11.11,-2.93
1.28,-15.26,-3.60
-1.53,-18.07,-4.03
-4.27,-17.94,-4.21
-5.86,-14.71,-3.97
-4.46,-8.97,-3.05
-2.69,-1.40,-1.40
-2.08,7.14,0.67
-2.81,14.89,1.95
-3.66,20.14,1.77
-3.66,24.96,2.14















-,-,-
2.50,-2.01,1.28
2.32,-3.66,1.28
0.18,-4.46,1.53
-1.34,-4.21,1.89
-1.95,-3.97,2.93
-2.99,-4.58,4.09
-3.85,-5.92,5.25
-4.58,-7.51,5.92
-5.00,-8.97,6.96
-6.41,-10.13,7.93
-8.42,-10.62,8.24
-9.46,-10.25,7.63
-9.58,-9.77,6.53
-9.09,-9.46,6.04
-7.81,-8.73,6.16
-6.96,-7.87,5.98
-5.37,-6.59,5.25
-3.66,-5.13,4.21
-1.28,-3.72,2.44
0.98,-2.38,1.16
1.10,-1.10,0.98
1.16,-0.06,0.73
1.59,0.85,0.31
1.71,1.77,0.18
1.65,2.38,0.67
1.71,2.26,1.46
1.59,1.53,1.77
1.77,0.55,2.20
1.71,-0.67,2.44
1.53,-1.71,2.99
0.79,-3.48,3.85
-0.85,-5.43,3.97
-2.81,-5.07,1.65
-1.89,-5.19,-1.40
-2.56,-5.74,0.37
-4.21,-5.49,1.16
-6.23,-4.82,0.43
-8.73,-3.60,-0.55
-10.19,-2.20,0.85
-14.83,0.43,8.91
-18.19,3.66,25.63
-22.28,9.16,53.47
-14.89,15.81,85.57
12.39,20.26,113.65
33.57,24.17,135.44
46.88,26.31,153.44
59.45,26.55,167.18
66.96,32.71,171.26
65.98,37.48,165.83
64.21,33.75,147.71
56.58,39.00,134.89
47.73,36.74,114.62
33.33,31.37,79.83
22.71,23.86,50.17
17.52,14.95,34.30
10.19,15.26,24.35
8.06,13.24,12.08
2.62,10.25,4.33
-0.67,8.12,-10.07
-4.58,-1.77,-35.89
-4.64,-15.20,-79.41
-2.75,-25.94,-121.77
-4.46,-29.79,-152.40
-2.99,-21.18,-174.93
-3.97,-12.15,-187.26
-5.98,-8.18,-187.81
-4.46,-10.56,-174.50
-0.73,-18.68,-149.96
3.66,-28.75,-119.38
7.63,-37.41,-87.34
17.76,-49.44,-57.80
23.07,-64.03,-32.65
24.78,-76.72,-13.73
20.20,-83.98,1.34
7.51,-81.12,16.24
-5.00,-68.79,32.04
-11.05,-44.74,32.29
-2.56,-31.92,7.63
6.90,-29.42,11.05
-2.87,-22.77,23.86
-7.63,-13.06,37.48
0.00,4.46,57.43
12.94,16.91,93.08
24.60,27.95,129.70
36.99,31.37,153.14
44.31,32.78,168.33
46.08,32.17,164.25
45.04,28.26,146.30
39.43,20.32,116.21
29.60,17.40,83.50
15.14,19.35,64.03
1.22,13.55,51.21
-4.70,9.09,30.33
-7.69,7.57,19.47
-9.77,4.46,10.68
-13.18,-1.28,0.73
-17.15,-11.47,-13.73
-23.32,-20.81,-20.75
-30.76,-24.48,-27.83
-40.47,-20.81,-31.62
-51.09,-11.60,-28.56
-60.73,2.38,-28.26
-66.47,16.72,-30.76
-67.93,23.99,-33.14
-66.28,26.25,-33.39
-65.31,30.64,-31.80
-59.45,34.61,-28.26
-56.95,31.49,-20.14
-62.74,28.32,-12.39
-66.10,28.02,-5.13
-68.42,27.59,5.25
-70.01,24.17,17.94
-68.48,18.62,31.43
-63.60,11.23,43.70
-57.98,1.53,53.71
-49.68,-9.95,61.58
-37.11,-24.23,68.91
-24.05,-38.94,73.12
-5.80,-40.59,49.93
-10.25,-19.84,14.40
20.39,13.73,2.01
40.41,8.00,12.33
35.28,-5.13,28.32
44.62,-17.82,29.54
67.44,-26.73,24.35
89.84,-34.18,21.30
110.60,-38.27,18.68
128.30,-40.41,18.80
139.77,-39.73,15.26
145.69,-43.33,11.35
148.99,-45.53,6.47
154.30,-47.36,-0.12
159.55,-52.73,-2.56
166.32,-51.64,-1.28
169.49,-49.56,-1.95
171.57,-60.12,-9.95
170.10,-74.04,-28.63
161.01,-73.73,-33.39
136.90,-69.82,-27.95
114.81,-60.24,-34.36
92.77,-54.44,-43.15
75.01,-47.91,-40.10
58.35,-32.90,-32.10
47.91,-14.04,-26.18
36.50,3.05,-7.63
31.74,12.39,1.04
24.90,18.68,5.49
18.25,21.36,7.08
11.54,18.74,5.25
8.61,10.13,3.42
9.64,4.52,2.14
12.15,1.59,1.53
13.31,0.31,2.56
11.29,-0.61,3.72
8.85,-1.77,3.91
7.51,-2.62,4.15
5.13,-2.69,4.21
3.42,-2.20,3.54
2.62,-0.73,3.42
2.44,1.34,3.11
3.17,3.85,2.93
4.15,7.02,2.81
4.21,10.13,2.20
3.78,12.51,1.22
3.36,14.34,0.67
1.40,15.63,-0.24
-0.85,15.93,-1.77
-2.26,15.20,-3.05
-2.38,13.73,-3.36
-2.69,11.54,-3.72
-3.30,9.28,-4.52
-2.75,7.32,-5.00
-1.83,6.16,-4.46
-1.28,6.84,-3.72
1.22,9.77,-2.99
2.26,10.86,-1.04
2.38,13.00,1.16
3.72,17.09,0.73
-0.12,14.59,-0.79
-3.97,9.09,-2.56















-,-,-
-0.31,0.73,2.56
0.00,0.37,2.99
-0.06,0.43,3.05
-0.49,0.73,3.05
-0.92,0.79,2.01
-1.28,0.49,0.73
-1.65,0.12,0.37
-1.34,0.55,0.24
-1.59,1.89,-0.61
-0.85,2.69,-1.95
-0.61,2.01,-2.50
-0.85,1.40,-2.81
-1.71,0.49,-2.32
-2.20,-0.24,-1.59
-2.50,-0.43,-1.22
-2.69,-0.43,-1.40
-2.20,-0.61,-1.95
-1.28,-0.79,-2.14
-0.73,-1.40,-2.01
0.06,-1.95,-1.28
0.61,-1.83,0.61
1.10,-1.77,2.69
1.10,-1.59,4.33
0.61,-0.98,5.55
0.31,-0.18,6.29
0.43,0.55,6.96
0.37,0.85,6.96
0.18,1.16,6.47
-0.12,1.53,5.37
0.31,1.65,4.03
0.55,1.46,2.93
0.43,0.49,1.59
0.43,-0.37,0.00
0.55,-0.67,-1.89
0.61,-1.22,-3.85
0.49,-1.89,-5.74
-0.49,-2.75,-8.48
-3.17,-3.30,-12.33
-5.80,-3.48,-17.27
-8.18,-5.43,-19.78
-10.07,-7.81,-20.02
-10.25,-10.68,-19.23
-9.58,-14.22,-17.27
-7.81,-17.46,-13.85
-5.92,-20.87,-8.48
-4.94,-24.11,-1.89
-6.23,-26.12,5.37
-4.82,-19.41,-1.22
-1.34,-13.55,-4.64
3.30,-11.23,3.91
2.69,-11.78,8.97
2.81,-7.69,10.50
-0.92,1.83,23.32
-4.39,13.12,52.49
2.50,28.63,91.19
19.10,46.75,129.58
44.80,57.19,157.90
58.90,63.29,175.78
67.26,64.45,179.44
67.63,59.81,168.46
61.46,53.22,141.72
51.39,42.18,113.53
41.26,30.94,87.34
31.68,22.95,66.41
24.11,14.28,46.51
14.59,8.61,29.60
6.04,5.80,9.89
0.18,0.61,0.18
-3.54,-2.14,-4.88
-3.05,-3.85,-16.78
-1.65,-13.18,-39.79
2.87,-25.51,-76.78
1.77,-35.52,-110.23
0.73,-34.18,-136.96
-0.85,-32.17,-156.74
-0.06,-31.31,-165.71
6.41,-33.87,-161.80
11.05,-39.00,-144.23
16.24,-47.06,-114.32
21.42,-59.69,-77.27
23.13,-73.18,-41.99
18.62,-87.77,-15.20
15.44,-95.89,2.20
7.02,-85.82,9.46
-1.95,-40.22,-7.57
11.47,-19.47,-1.89
15.26,-18.49,10.13
11.66,-20.69,14.22
11.17,-13.06,16.30
11.54,-8.42,30.58
11.54,-3.17,60.36
16.78,9.70,94.12
31.74,20.39,127.32
41.69,31.86,155.46
46.81,40.04,170.35
47.24,49.93,166.81
45.10,50.78,146.55
37.90,49.93,119.81
27.47,48.28,95.15
15.38,37.35,71.90
3.91,28.75,47.18
-5.98,20.32,31.19
-19.71,16.24,24.60
-36.07,14.89,11.05
-54.38,14.16,-0.31
-75.13,13.49,-18.74
-94.79,12.94,-38.39
-114.99,12.94,-63.84
-128.23,17.46,-93.99
-134.03,22.28,-115.91
-136.11,24.60,-121.83
-134.95,26.86,-113.83
-135.25,28.75,-96.01
-137.88,31.68,-74.40
-133.91,36.50,-53.47
-126.83,34.12,-31.74
-112.12,27.77,-11.54
-99.67,18.19,6.84
-87.40,6.23,24.84
-79.96,-11.11,38.51
-70.19,-25.82,44.80
-60.73,-31.86,47.61
-40.28,-25.70,21.97
-36.01,-4.46,-11.84
-4.58,17.70,-10.07
11.66,10.13,11.05
13.00,5.19,20.69
19.59,14.40,17.82
33.26,11.41,15.01
45.35,-1.16,11.66
50.23,-11.54,9.09
56.88,-23.25,14.10
61.40,-31.13,21.79
68.24,-36.38,28.50
78.86,-43.21,27.59
90.58,-46.57,29.11
107.18,-49.32,35.34
125.37,-52.31,42.54
139.16,-52.19,45.04
151.06,-49.19,46.94
160.58,-49.32,49.19
169.01,-46.94,48.03
178.10,-44.86,45.35
191.77,-48.40,38.15
199.40,-52.73,28.50
200.32,-51.57,24.72
194.82,-47.18,27.47
183.90,-43.76,31.98
168.95,-38.70,29.97
151.12,-32.84,26.31
126.71,-24.66,26.92
100.77,-14.34,22.03
81.85,-5.80,17.21
65.61,0.18,14.34
50.84,3.48,10.31
38.76,10.86,8.91
28.87,17.58,5.43
20.14,17.40,3.17
13.79,10.38,2.38
9.46,1.89,1.59
5.68,-6.35,0.79
2.20,-12.63,0.06
-1.10,-17.09,-0.12
-2.93,-18.92,-0.67
-3.97,-18.80,-0.79
-4.58,-16.60,-0.61
-4.46,-12.88,-0.18
-3.85,-8.06,0.73
-0.92,-3.05,2.01
1.77,2.50,3.54
3.30,8.30,5.00
4.82,13.37,5.80
6.77,17.58,6.10
8.36,20.14,5.68
8.97,21.06,4.88
9.58,21.36,4.21
9.77,20.08,3.66
7.51,17.09,3.05
3.66,13.61,1.46
0.37,9.58,0.12















-,-,-
0.79,0.06,0.37
0.85,0.61,0.31
1.28,0.98,0.43
1.46,1.34,0.79
2.08,1.40,1.16
2.56,1.28,1.16
3.05,0.67,0.79
3.66,0.00,0.00
4.27,-0.79,-1.34
3.48,-1.34,-1.83
2.08,-0.49,-0.31
1.46,-0.31,0.85
1.34,-0.49,0.79
1.28,-0.85,0.00
0.79,-1.16,0.18
0.92,-0.98,0.61
1.59,-0.55,0.92
2.08,-0.12,1.04
2.56,0.18,1.16
2.56,0.24,1.16
2.50,0.06,0.98
2.69,0.06,0.67
2.44,0.06,0.61
2.50,0.12,0.85
2.93,0.67,1.22
3.72,0.85,1.40
4.21,1.10,1.77
4.76,1.28,2.14
5.55,0.98,2.62
6.23,0.85,3.30
6.53,0.85,5.86
5.74,2.20,12.08
6.10,5.07,19.84
5.68,10.50,30.76
2.08,18.92,47.67
-4.88,29.72,70.31
-8.24,42.85,101.68
1.10,53.04,129.21
14.10,58.78,149.60
30.88,67.44,164.73
40.53,65.67,172.61
41.63,59.08,169.92
40.71,54.57,151.73
37.60,45.23,131.47
31.80,34.00,112.73
25.70,26.06,94.06
17.64,22.09,81.24
11.35,20.26,66.35
6.65,15.75,52.49
4.76,14.16,38.33
5.80,9.58,28.93
4.46,7.26,16.17
6.84,7.02,1.71
6.90,6.47,-18.07
8.24,-1.89,-43.64
9.34,-11.72,-80.87
11.35,-19.53,-120.12
11.17,-23.50,-151.67
8.61,-28.56,-171.20
9.52,-35.22,-176.09
12.76,-43.21,-167.97
17.52,-51.88,-151.86
17.94,-59.57,-131.41
23.74,-68.60,-109.13
29.54,-75.26,-86.12
25.51,-77.70,-65.55
26.12,-79.47,-49.01
22.89,-80.69,-31.25
16.72,-76.35,-10.31
0.49,-66.35,15.93
-14.83,-41.99,17.76
-8.48,-26.79,0.31
-8.30,-18.86,2.38
-6.23,-20.32,9.03
-3.85,-18.49,9.83
-9.58,-10.07,25.02
-12.57,-1.95,48.22
-3.60,6.90,74.22
6.84,25.33,110.35
28.75,40.65,147.34
43.21,52.98,173.40
43.58,61.16,187.87
44.25,65.49,192.50
40.53,68.05,188.66
34.61,62.93,165.28
26.61,50.60,119.14
17.70,42.60,81.67
9.46,26.86,61.58
1.04,11.35,39.12
-6.23,5.74,13.85
-18.62,2.69,2.69
-29.42,-1.04,-12.57
-41.81,-3.23,-24.90
-57.74,2.08,-45.35
-71.11,4.76,-71.41
-85.21,-0.98,-95.52
-99.24,-3.66,-114.20
-112.79,-1.22,-120.36
-125.06,7.14,-113.10
-135.80,19.78,-98.27
-138.98,31.74,-84.11
-135.74,39.00,-73.97
-128.42,43.40,-64.64
-121.09,42.42,-51.21
-107.97,44.19,-37.41
-99.18,36.01,-21.85
-89.54,22.95,-4.70
-77.15,10.86,13.43
-68.79,-1.77,35.22
-59.94,-14.47,59.88
-49.87,-27.16,73.97
-16.17,-26.37,23.38
-12.63,-0.31,-4.94
21.18,15.01,9.52
28.38,0.92,25.45
37.60,-3.17,23.80
57.31,-7.87,23.74
75.26,-8.54,26.61
94.24,-13.49,31.43
109.31,-19.47,32.29
119.45,-28.99,39.86
128.48,-38.39,44.80
138.31,-43.76,51.03
148.25,-49.68,60.42
158.39,-51.88,64.70
171.57,-54.32,66.41
182.68,-53.59,64.94
188.96,-49.74,59.51
187.68,-44.62,51.21
180.30,-40.04,40.71
173.10,-39.12,30.03
166.75,-35.89,20.57
165.65,-38.57,12.94
163.21,-37.17,7.57
156.80,-38.27,14.28
142.64,-34.00,22.83
122.56,-25.09,21.61
103.58,-22.03,18.62
85.75,-15.81,15.26
67.08,-3.72,13.12
54.38,1.16,11.41
44.01,4.70,7.45
37.29,4.70,5.55
30.21,15.99,8.00
25.09,15.44,7.20
20.81,10.31,6.35
17.40,5.37,5.80
14.04,-0.24,4.70
9.34,-5.49,4.33
5.68,-9.34,4.21
2.87,-11.96,4.09
-0.61,-12.82,3.78
-3.91,-11.96,3.23
-5.98,-10.07,2.87
-6.16,-7.26,2.81
-5.62,-2.93,2.75
-4.64,2.20,3.05
-4.15,8.61,3.36
-4.39,15.69,2.93
-4.70,22.58,2.32
-5.19,29.24,2.32
-5.55,35.10,2.62
-6.53,39.37,2.75
-5.86,42.30,1.46
-4.27,42.85,-1.40
-3.42,42.54,-3.97
-4.39,42.05,-4.09
-5.19,38.51,-6.59
-8.61,35.22,-19.29
-11.78,44.01,-39.86
-12.15,60.61,-60.79
-17.33,74.46,-75.26
-18.62,89.05,-82.89
-20.51,98.88,-83.31
-16.91,103.15,-81.30
-7.93,96.31,-76.35
0.85,82.28,-69.27
6.04,65.98,-61.10
6.29,49.50,-54.08
3.11,36.25,-50.23















-,-,-
2.38,-1.34,-9.95
2.20,-2.08,-13.06
1.04,-2.01,-15.63
-0.43,-1.46,-17.82
-1.65,-0.67,-20.08
-2.81,-0.12,-23.01
-2.93,-0.37,-25.45
-2.14,-1.10,-26.86
-1.95,-1.46,-26.12
-2.26,-1.22,-23.74
-2.99,-0.55,-20.39
-3.42,-0.12,-17.15
-2.93,-1.04,-13.49
-2.44,-2.81,-9.09
-1.83,-4.76,-4.52
-2.14,-6.10,-0.43
-3.36,-6.23,2.26
-3.60,-6.77,3.23
-4.39,-8.06,3.78
-6.65,-8.30,3.97
-7.75,-6.65,3.42
-6.90,-4.09,3.17
-5.25,-1.77,3.17
-4.64,-0.67,2.93
-2.93,-0.61,1.53
0.18,0.37,-0.31
2.62,2.26,-1.10
4.52,3.48,-1.22
6.47,3.85,-1.10
7.69,3.66,-0.98
8.30,3.54,-0.85
8.61,2.75,-0.55
8.30,1.46,-0.12
7.02,0.85,0.37
5.43,1.04,0.43
4.09,2.08,0.67
3.72,2.87,1.46
3.11,1.71,2.69
2.56,-0.92,3.97
2.56,-4.76,6.04
3.11,-8.85,9.95
3.66,-14.59,17.21
2.08,-20.08,26.92
-0.18,-22.95,35.83
0.79,-26.18,45.78
5.19,-29.79,62.01
4.88,-31.01,82.40
6.04,-16.24,59.02
15.99,-7.63,37.29
29.66,11.54,79.65
38.21,29.24,128.11
53.96,38.76,153.87
67.44,40.34,162.60
72.81,51.09,168.88
73.85,62.87,176.39
74.89,64.82,178.28
67.75,58.78,164.31
57.31,52.43,134.09
47.55,40.65,106.63
35.40,24.05,81.18
25.33,17.33,56.95
17.21,13.00,43.03
10.13,10.86,26.79
9.52,11.05,20.45
4.39,6.10,2.26
2.20,2.32,-14.16
-1.89,-4.52,-31.92
-4.09,-17.40,-67.14
-6.41,-28.87,-102.11
-9.83,-38.82,-128.91
-14.04,-42.54,-146.67
-17.15,-41.20,-157.41
-17.40,-41.63,-161.62
-17.70,-41.56,-156.86
-10.93,-43.15,-142.64
-6.04,-47.61,-120.48
0.55,-55.66,-93.44
7.93,-66.47,-65.06
13.55,-77.76,-38.39
10.86,-80.75,-14.04
-1.59,-55.48,-17.64
11.23,-34.00,-14.95
11.66,-17.82,5.55
6.96,-12.82,19.10
9.77,-14.53,26.25
5.00,-13.37,47.49
5.43,-6.59,69.82
19.47,2.08,92.77
33.87,11.47,120.61
39.73,23.93,139.71
46.75,35.28,155.15
49.93,48.65,168.27
50.54,54.44,167.66
45.47,60.97,153.63
35.03,46.26,125.18
24.96,35.83,85.82
14.40,30.88,61.16
3.42,31.37,51.03
-6.16,22.77,33.75
-13.43,12.88,13.00
-24.35,3.30,1.16
-37.11,-3.11,-11.47
-50.42,-5.49,-28.20
-63.78,-6.16,-51.39
-72.63,-9.09,-74.34
-84.53,-10.74,-94.85
-93.75,-5.25,-107.54
-97.60,4.88,-105.53
-99.00,18.49,-91.00
-96.74,32.10,-74.65
-91.49,40.77,-60.79
-87.10,46.94,-47.36
-83.31,48.03,-31.19
-79.90,45.84,-10.62
-80.44,38.15,7.93
-69.03,24.41,19.23
-60.85,10.74,28.93
-58.90,0.12,39.73
-54.32,-7.02,48.71
-46.26,-14.77,58.17
-28.63,-22.16,50.48
-18.19,-16.91,14.53
7.81,-3.42,7.69
32.29,-8.06,23.13
41.69,-12.76,39.12
56.34,-19.23,43.46
75.13,-26.31,42.42
94.18,-33.45,34.12
107.60,-38.02,32.53
114.07,-46.33,34.85
117.98,-49.26,38.88
124.45,-57.01,37.78
135.50,-60.55,33.39
146.79,-65.37,27.59
161.87,-65.86,17.94
169.92,-64.64,11.05
177.67,-64.51,7.08
177.73,-60.24,4.21
174.62,-52.67,5.00
170.10,-47.24,0.12
169.56,-48.34,-3.78
162.11,-45.29,0.79
154.60,-45.10,2.01
138.85,-40.65,7.26
117.61,-38.70,14.53
94.60,-36.50,12.45
70.31,-26.98,5.92
51.64,-15.32,0.12
37.23,-7.87,-3.54
26.25,3.60,-0.31
17.21,21.24,3.60
11.90,18.31,2.62
3.48,15.44,3.05
-1.71,5.13,0.85
-5.07,-5.07,-0.79
-8.00,-12.33,-1.16
-8.91,-16.60,-1.83
-9.28,-18.13,-2.38
-10.01,-17.70,-2.87
-10.38,-15.26,-3.60
-9.09,-11.60,-3.91
-5.68,-7.08,-2.99
-1.65,-1.59,-0.73
2.32,4.76,1.40
4.33,10.19,2.99
5.00,14.34,3.48
5.25,17.21,3.72
5.13,19.78,4.39
4.39,21.48,4.39
2.87,22.28,3.72
1.83,22.71,2.93
2.14,22.83,2.56
2.38,22.89,2.44
2.38,22.95,2.38
1.34,22.95,2.08
-2.50,21.36,1.34
-3.60,23.50,-0.24
-6.65,23.62,-1.89
-10.01,29.42,-5.55
-13.85,36.07,-6.41















-,-,-
1.10,-0.12,-0.73
1.04,-0.06,-0.37
0.61,-0.06,0.00
0.00,-0.12,0.67
-0.55,-0.06,1.28
-0.67,0.18,1.34
-0.73,0.49,1.46
-0.73,0.73,1.59
-0.79,0.67,1.71
-0.43,0.37,1.46
0.24,0.31,1.16
0.67,0.06,0.92
0.98,-0.24,0.98
0.79,-0.61,0.73
0.79,-1.16,0.43
-0.06,-1.95,0.43
0.31,-3.11,0.85
-0.43,-4.46,1.83
-1.28,-5.43,3.42
-2.08,-5.98,5.25
-3.11,-6.53,6.35
-3.91,-6.96,6.77
-4.64,-7.45,6.16
-4.82,-6.71,5.13
-3.91,-5.00,4.15
-2.62,-3.42,3.11
-1.04,-1.71,2.14
0.18,0.06,1.53
0.18,1.04,0.79
0.55,1.16,-0.06
0.85,1.40,-0.61
1.10,1.89,-1.28
0.92,2.26,-1.46
0.61,2.44,-1.34
-0.31,2.26,-1.04
-1.34,1.46,-1.16
-2.14,0.98,-1.65
-2.38,0.67,-2.20
-2.14,0.31,-2.62
-1.28,0.18,-2.62
-0.67,0.12,-2.26
-0.37,-0.67,-2.99
0.24,-1.83,-4.58
0.06,-3.17,-6.53
-0.43,-4.03,-7.57
-0.92,-5.25,-7.02
-2.01,-8.30,-4.64
0.31,-16.11,-0.98
0.92,-26.61,4.58
-3.54,-34.85,11.35
-14.22,-37.23,18.80
-27.04,-35.16,26.00
-39.31,-32.65,29.54
-39.25,-19.35,9.70
-19.65,-13.31,8.12
-16.66,-4.39,26.31
-27.10,14.77,50.84
-15.08,30.70,64.21
5.25,38.27,80.69
26.31,37.54,97.29
37.23,35.16,114.50
42.66,37.11,127.26
55.66,38.88,137.76
65.00,37.66,142.40
61.95,37.35,139.40
59.88,31.19,126.46
48.65,27.89,107.42
34.42,33.26,88.87
29.11,32.53,72.33
21.61,20.57,54.08
11.54,13.12,35.10
5.13,13.37,22.64
5.92,12.82,12.76
8.85,12.21,1.34
8.61,2.75,-14.40
12.15,-9.34,-36.44
23.56,-29.48,-70.92
24.60,-40.22,-107.12
20.94,-42.60,-134.89
15.93,-37.48,-153.93
13.43,-35.77,-162.90
16.72,-39.92,-162.60
22.64,-49.19,-152.71
28.44,-61.52,-133.18
30.76,-74.46,-103.39
29.36,-84.23,-63.72
22.40,-86.18,-23.25
13.49,-79.10,7.87
-1.10,-67.93,25.94
-4.15,-55.36,27.34
-1.40,-31.13,3.78
3.48,-21.48,-4.88
5.43,-23.13,4.03
1.10,-28.20,9.89
-0.73,-25.33,11.17
-5.07,-14.83,20.08
-6.29,-4.88,41.26
-3.42,1.46,73.61
8.18,13.67,103.76
28.08,32.84,132.08
44.62,48.52,153.14
53.83,53.22,162.84
55.24,54.26,155.46
54.57,50.17,139.77
44.13,45.90,121.64
30.94,37.72,99.18
19.53,28.56,72.57
10.38,23.56,58.53
1.28,20.63,45.72
-5.98,16.36,33.20
-15.08,8.73,10.93
-23.50,5.98,3.72
-31.31,5.19,0.18
-39.55,3.17,-10.07
-49.44,-0.92,-27.59
-59.63,-5.55,-44.80
-73.06,-4.09,-62.07
-89.36,1.65,-80.14
-99.18,17.03,-95.34
-99.61,37.54,-101.14
-97.72,54.93,-95.34
-93.63,70.13,-82.15
-87.71,82.28,-65.92
-81.91,90.88,-49.80
-71.53,92.04,-34.61
-67.81,84.23,-19.29
-64.45,66.59,-7.57
-51.76,45.10,4.94
-44.86,23.07,24.78
-45.59,3.60,46.02
-41.63,-13.79,62.38
-29.48,-32.59,73.36
-17.82,-51.21,81.97
-1.77,-46.02,59.88
-4.39,-20.81,28.69
28.69,-1.16,31.13
57.86,-23.07,30.21
64.45,-46.57,24.96
66.53,-51.64,21.18
68.12,-41.20,20.32
81.24,-36.25,21.06
87.95,-31.13,23.44
97.96,-32.71,28.99
109.44,-40.22,32.53
121.09,-46.88,29.30
135.56,-56.64,23.80
147.28,-63.05,20.08
153.87,-59.14,18.37
160.40,-57.80,13.61
160.16,-55.18,7.63
157.47,-50.35,2.87
152.47,-45.59,3.05
144.35,-40.16,8.12
135.86,-32.53,9.70
131.47,-32.84,9.58
129.52,-38.27,-1.83
124.57,-32.65,-6.96
115.84,-32.84,-12.88
98.69,-34.18,-12.02
75.81,-28.08,-5.86
56.76,-15.08,0.92
44.68,-11.84,2.38
37.96,-0.37,0.92
35.83,0.37,2.38
36.44,2.44,1.46
34.91,3.91,1.04
33.08,-1.34,1.65
27.22,-0.67,2.14
20.32,-1.40,2.99
14.04,-2.62,3.17
7.75,-5.31,3.85
3.17,-8.36,3.78
-0.85,-9.89,3.66
-3.23,-10.31,3.48
-3.97,-8.42,3.42
-3.60,-5.19,3.72
-1.59,-0.79,3.85
1.16,4.82,4.09
3.17,10.31,4.64
3.48,14.10,4.33















-,-,-
1.83,-1.77,3.11
1.77,-1.71,3.05
1.71,-1.53,2.50
1.77,-1.53,1.59
2.08,-1.22,0.55
1.95,-1.04,-0.06
2.01,-0.85,-1.10
1.89,-0.79,-2.32
2.14,-1.16,-3.36
2.20,-1.46,-3.78
1.65,-1.53,-3.60
1.16,-1.22,-3.36
0.79,-0.79,-3.60
0.18,-0.61,-4.09
0.12,-0.61,-4.76
0.12,-0.24,-5.74
-0.12,0.49,-6.35
-0.43,1.28,-6.35
-0.55,1.28,-5.62
0.00,0.79,-4.09
0.49,-0.24,-2.20
0.92,-1.59,-0.98
1.34,-2.99,-0.85
1.16,-3.97,-2.01
0.73,-3.85,-3.42
0.31,-3.23,-4.52
-0.06,-2.81,-5.74
-0.31,-2.32,-7.32
0.00,-2.01,-9.52
0.06,-2.14,-11.47
-0.98,-1.59,-12.45
-2.56,-0.85,-12.94
-3.72,-0.43,-13.61
-4.27,-1.22,-14.47
-3.66,-2.99,-14.71
-3.72,-6.41,-12.76
-4.27,-11.72,-9.46
-5.43,-17.76,-5.31
-5.25,-24.54,0.12
-4.70,-32.29,7.51
-5.25,-38.70,12.94
-5.25,-27.83,6.04
-0.61,-12.02,-2.87
3.48,-10.62,1.65
2.75,-9.52,7.14
5.31,-2.26,15.01
11.41,4.15,35.58
15.50,7.51,63.29
24.66,8.06,90.21
28.08,7.39,112.61
22.22,7.51,123.05
13.79,6.90,119.45
8.73,5.31,108.52
5.62,9.28,96.50
2.99,5.80,80.93
4.52,5.92,60.24
4.58,5.19,45.17
1.89,2.14,31.49
-1.77,0.55,18.62
-2.56,1.53,3.17
-2.32,2.75,-1.95
-1.28,4.88,-4.15
-2.38,6.59,-20.69
-4.03,5.00,-52.19
-4.70,-1.46,-83.86
-5.37,-2.01,-106.63
-6.59,5.13,-116.64
-5.68,12.88,-110.84
-2.56,15.99,-93.02
3.85,12.63,-71.04
11.23,4.27,-51.82
17.40,-8.06,-36.99
22.64,-26.55,-23.44
26.73,-49.26,-6.04
27.22,-72.02,13.98
22.64,-82.21,27.83
7.81,-37.29,12.57
10.07,-14.71,3.60
13.31,-22.16,28.44
6.84,-19.29,41.38
12.27,-7.57,51.21
14.47,0.73,76.97
10.19,7.14,92.71
11.05,11.78,103.33
8.97,17.15,104.49
1.53,18.13,93.32
-4.64,17.21,74.89
-9.34,15.20,55.42
-12.08,10.86,40.41
-14.95,7.32,32.17
-21.12,5.62,21.79
-28.63,4.39,9.22
-35.95,2.38,-1.40
-43.52,7.75,-16.24
-54.63,16.72,-32.17
-67.63,23.99,-51.09
-77.21,26.12,-69.03
-81.60,30.03,-79.77
-82.15,34.97,-79.53
-79.22,36.93,-70.43
-75.38,35.40,-57.19
-70.31,29.72,-44.25
-62.19,18.13,-31.80
-50.66,0.43,-17.88
-38.57,-22.64,-2.01
-28.08,-48.71,13.61
-21.61,-72.39,24.84
-18.01,-62.62,11.35
-10.68,-26.18,-8.12
10.01,-15.75,-5.07
23.86,-16.48,2.93
31.74,-7.69,11.05
47.00,-4.58,16.17
61.71,1.53,24.35
77.58,-1.65,32.04
93.75,-15.99,36.74
102.42,-22.64,31.86
110.11,-31.07,28.08
120.30,-38.15,28.08
128.78,-30.27,32.84
137.51,-29.72,34.36
146.79,-33.81,34.18
156.86,-31.07,34.00
158.57,-31.62,27.28
147.03,-28.20,24.60
134.16,-22.95,20.75
122.31,-25.15,18.80
104.74,-18.01,11.78
82.34,-16.42,8.79
68.73,-12.82,5.43
52.67,-10.56,8.97
38.57,-4.27,3.11
25.09,-4.33,-0.24
15.99,-6.35,-0.61
8.30,-10.56,-1.34
2.38,-15.87,-2.99
-1.77,-18.25,-2.69
-4.76,-16.97,-1.46
-8.18,-13.92,-0.06
-11.66,-10.56,0.85
-12.63,-7.02,1.65
-11.47,-3.11,2.75
-10.50,0.43,3.30
-10.07,3.30,3.60
-9.70,5.92,3.91
-7.57,8.54,4.21
-4.82,11.11,4.82
-3.78,12.70,4.94
-4.46,13.55,3.72
-7.93,13.98,1.46
-12.21,14.65,-1.22
-14.53,18.55,-2.93
-15.99,28.99,-3.42
-15.08,37.54,-2.87
-12.02,38.94,0.12
-10.13,36.99,1.89
-8.91,39.86,0.98
-9.46,49.87,-4.09
-8.24,64.39,-9.52
-5.43,76.11,-12.94
-1.83,81.97,-14.77
1.65,82.21,-16.42
5.13,77.27,-16.97
5.68,69.34,-15.38
6.35,61.83,-13.12
4.52,55.66,-10.13
2.75,49.99,-6.96
1.89,43.64,-4.27
1.59,36.44,-1.83
1.28,29.42,-0.37
0.79,23.44,-0.37
-0.55,18.13,-1.04
-1.59,14.59,-1.22
-2.75,11.90,-0.37
-3.23,10.38,1.10
-3.42,9.95,2.14
-2.56,10.62,2.01
-1.53,11.78,1.40
-0.92,13.06,1.83
-1.28,14.95,2.99
















-,-,-
1.71,-0.31,1.34
1.59,-0.31,1.10
1.59,-0.37,1.10
1.59,-0.49,1.16
1.40,-0.79,1.16
1.22,-0.73,1.10
1.04,-0.61,1.10
1.16,-0.49,1.22
1.46,-0.06,1.04
1.40,0.00,0.79
1.46,0.00,0.85
1.83,-0.12,1.04
1.83,-0.18,1.04
1.71,0.24,1.04
1.65,0.37,1.04
1.53,0.43,1.16
1.40,0.18,1.16
1.28,0.12,1.28
1.40,0.00,1.16
1.65,-0.43,0.98
1.40,-0.79,0.98
1.28,-1.04,0.85
0.92,-0.85,1.04
1.04,-1.04,1.16
1.28,-0.79,1.22
1.40,-0.67,1.22
1.40,-0.55,1.10
1.46,-0.49,0.85
1.22,-0.31,0.43
0.73,-0.12,-0.24
0.73,0.12,-1.04
0.61,0.85,-2.20
0.31,1.34,-3.60
0.31,1.89,-4.76
0.55,2.50,-6.29
0.55,3.11,-8.36
1.22,3.97,-11.23
1.28,4.64,-13.55
1.10,5.43,-16.24
0.18,5.13,-19.47
-1.34,4.09,-21.91
-1.34,2.38,-21.06
-1.46,-0.61,-17.64
-1.53,-4.76,-13.00
-1.34,-11.84,-8.61
-1.28,-22.64,-5.37
-2.62,-36.74,-3.30
-4.27,-52.12,-0.12
-5.86,-64.82,4.27
-8.54,-61.22,3.54
-10.56,-35.34,-12.57
-7.75,-27.34,-12.27
-7.14,-23.25,0.73
-1.40,-13.61,21.79
4.94,1.28,43.46
18.43,11.17,72.14
34.85,13.37,101.93
45.47,19.59,114.20
44.92,23.50,113.04
39.73,23.32,108.34
32.04,23.80,94.48
24.11,17.70,82.52
16.17,13.98,68.36
8.36,9.16,53.22
2.32,5.49,42.11
0.06,5.00,33.57
-1.59,5.31,24.29
-1.40,5.19,12.15
0.24,4.52,1.83
1.83,6.71,-5.00
1.53,6.10,-19.90
1.04,4.27,-45.59
0.00,0.98,-74.83
-1.59,0.49,-97.41
-4.21,2.93,-110.35
-6.35,5.19,-112.00
-5.19,5.92,-102.97
0.43,2.69,-87.22
8.06,-5.19,-70.92
15.56,-18.49,-57.25
20.14,-36.93,-45.72
22.52,-57.68,-32.96
22.95,-76.78,-18.37
17.94,-73.79,-6.96
7.14,-27.22,-3.54
5.55,-18.55,-0.49
-1.22,-23.99,0.06
-2.93,-26.31,10.99
1.89,-17.33,30.33
10.25,-9.64,60.79
20.81,1.59,92.04
25.63,14.89,112.85
25.82,19.90,115.97
19.23,22.52,110.29
9.70,20.63,91.67
3.97,17.52,75.26
-2.87,15.63,60.73
-7.20,15.81,47.00
-11.60,13.92,41.50
-19.71,8.12,26.98
-28.14,3.72,10.86
-38.76,1.04,0.43
-47.73,4.15,-6.10
-55.73,10.38,-19.04
-63.54,11.90,-34.67
-71.29,11.66,-49.68
-79.22,13.31,-61.58
-82.64,16.97,-65.86
-81.97,19.90,-59.14
-75.20,18.43,-45.23
-65.25,11.90,-28.81
-53.89,0.92,-13.49
-42.30,-13.55,-0.61
-29.79,-32.78,11.78
-20.57,-49.99,18.68
-17.82,-30.94,0.43
-13.37,-13.79,-11.05
3.91,-12.94,-7.81
20.20,-9.58,2.75
35.34,1.04,13.24
52.00,7.93,18.80
72.39,2.08,22.71
92.04,-7.08,23.99
113.83,-17.15,20.26
130.31,-18.37,20.75
140.62,-15.93,21.42
147.83,-19.04,19.71
151.73,-18.25,22.77
149.29,-16.11,22.16
146.61,-20.94,17.33
141.97,-13.61,13.98
139.28,-17.94,14.65
126.46,-15.50,17.15
110.05,-13.18,13.61
93.57,-11.17,15.08
76.05,-8.73,17.70
61.34,-4.39,14.04
49.26,-6.53,9.34
40.10,-5.55,10.07
31.37,-3.60,10.50
22.28,-2.01,10.25
14.77,-6.96,8.06
10.68,-11.66,5.74
8.67,-12.76,4.27
7.02,-11.23,4.33
4.39,-8.24,4.27
1.71,-5.19,3.66
-1.53,-2.38,2.75
-4.15,0.12,1.83
-6.47,2.20,0.73
-7.63,3.42,-0.18
-7.51,4.46,-0.37
-6.29,5.62,0.31
-4.76,6.59,1.46
-3.42,7.39,2.50
-1.95,8.00,3.85
-1.34,8.36,4.88
-2.26,8.42,5.13
-4.33,7.93,4.52
-6.16,7.87,3.78
-6.65,8.24,4.09
-5.13,9.52,5.13
-3.54,10.93,5.92
-2.87,11.84,6.47
-3.17,12.02,6.47
-4.52,11.60,5.92
-6.04,11.17,4.64
-6.77,11.05,4.09
-6.47,11.84,3.78
-5.86,12.39,3.85
-6.96,11.78,4.33
-8.85,11.35,3.72
-9.64,11.72,2.93
-9.77,13.18,2.01
-8.12,14.10,1.71
-9.28,14.53,0.85
-10.19,16.48,-2.14
-10.93,19.59,-4.82
-9.40,22.28,-5.07
-7.32,24.72,-3.23
















-,-,-
1.95,-0.55,0.49
2.08,-0.55,0.67
2.14,-0.79,0.61
2.20,-0.98,0.24
1.89,-1.28,0.00
1.77,-1.71,-0.37
1.28,-2.01,-0.98
1.04,-2.20,-1.59
1.04,-2.26,-1.89
1.04,-2.56,-2.14
1.16,-2.93,-2.26
1.16,-2.99,-2.26
1.22,-2.93,-2.20
1.28,-2.69,-1.83
1.28,-2.32,-1.65
1.28,-2.14,-1.65
1.28,-1.89,-1.59
1.28,-1.83,-1.46
1.46,-1.77,-1.10
1.22,-1.71,-0.98
0.85,-1.89,-0.79
0.79,-1.83,-0.85
1.04,-1.83,-0.79
1.22,-1.65,-0.61
1.28,-1.71,-0.79
1.65,-1.65,-1.10
1.40,-1.71,-1.65
0.79,-2.14,-2.20
0.37,-2.69,-2.38
0.00,-3.11,-0.49
2.38,-2.75,10.19
4.15,0.37,21.97
11.60,2.38,42.11
19.10,1.77,62.32
25.63,10.31,80.69
30.03,17.33,91.13
34.36,16.36,98.75
33.87,15.81,103.21
34.42,14.83,101.14
29.24,13.61,96.19
24.78,12.15,82.46
19.96,10.13,67.81
13.18,4.39,50.23
9.64,4.15,37.35
4.21,1.77,31.56
0.31,2.69,19.53
-3.11,4.52,4.82
-3.91,4.82,-0.12
-5.13,5.07,-0.06
-6.41,6.41,-2.01
-10.56,7.93,-7.75
-13.31,10.44,-23.62
-13.98,11.29,-46.02
-14.95,7.08,-66.41
-15.32,1.89,-80.20
-15.93,0.92,-85.57
-15.26,5.62,-82.21
-11.78,10.19,-74.16
-6.65,12.21,-65.92
-2.32,10.99,-60.18
0.55,6.53,-57.98
2.20,0.55,-58.53
4.27,-6.90,-58.84
8.00,-17.70,-54.50
13.06,-31.19,-44.07
16.72,-45.23,-28.99
19.47,-58.04,-13.43
19.53,-59.33,-4.52
13.43,-26.00,-10.07
15.93,-13.73,-7.45
12.33,-17.40,0.49
2.75,-18.43,-0.18
-3.91,-15.87,0.85
-3.66,-14.47,12.27
4.15,-13.37,31.25
15.01,-4.88,56.15
23.93,6.04,75.38
32.78,13.85,97.96
36.80,13.55,111.15
38.02,19.41,111.88
34.06,21.36,110.78
25.02,22.52,99.00
20.75,18.07,86.61
13.43,13.37,70.07
10.13,12.21,49.50
6.47,7.63,44.56
2.93,8.67,32.29
0.61,4.82,24.29
-1.10,1.59,21.48
-2.56,1.83,12.82
-6.10,2.20,2.32
-9.46,2.44,-2.75
-12.45,2.62,-6.29
-17.27,3.17,-11.54
-25.70,8.85,-22.64
-35.83,20.08,-36.32
-43.64,20.39,-39.61
-51.21,17.40,-37.48
-57.43,18.92,-34.97
-62.13,25.39,-32.84
-62.07,34.97,-32.35
-59.20,42.60,-31.25
-57.62,43.09,-28.20
-56.09,37.48,-25.02
-53.96,31.31,-22.64
-48.16,25.39,-16.30
-39.49,16.78,-6.71
-32.47,3.97,3.05
-27.53,-9.95,12.02
-22.64,-25.02,18.62
-18.25,-40.41,23.44
-15.75,-53.47,26.67
-16.97,-41.69,13.67
-19.59,-13.49,-7.57
-4.33,-12.39,-7.32
5.68,-19.10,-3.23
12.88,-13.49,1.53
22.40,-2.75,7.14
33.87,3.72,12.15
41.99,5.07,15.20
46.33,0.00,15.32
44.43,-3.23,12.21
42.85,-7.20,11.11
40.22,-3.72,10.56
43.27,-8.18,14.47
52.19,-13.31,14.83
64.09,-16.48,15.44
74.16,-11.72,17.94
87.65,-17.88,23.07
104.43,-16.30,28.75
114.32,-17.27,28.02
121.77,-16.17,21.79
126.95,-17.03,20.02
126.46,-18.62,18.37
127.62,-20.20,21.00
120.06,-18.98,23.07
110.47,-14.65,14.53
107.30,-17.58,13.98
101.93,-11.84,18.13
90.45,-15.99,12.39
81.24,-12.70,11.35
63.78,-10.86,11.78
51.64,-7.26,10.62
41.50,-13.31,9.58
31.68,-5.31,7.32
20.32,-4.58,4.21
10.86,-5.74,2.87
6.90,-9.64,0.49
3.97,-12.76,-1.71
0.49,-14.34,-3.42
-2.26,-13.67,-4.27
-4.82,-10.56,-4.33
-7.93,-5.86,-3.78
-11.78,-0.79,-3.36
-15.63,4.82,-2.81
-18.13,10.44,-1.95
-18.62,15.99,-0.49
-19.04,20.87,1.71
-19.96,24.35,3.78
-20.63,26.37,4.76
-22.22,26.86,4.39
-23.56,26.18,3.23
-23.74,25.45,1.16
-22.28,24.66,0.43
-21.18,22.89,2.08
-20.14,23.19,1.22
-18.43,22.89,-2.14
-16.05,27.04,-6.65
-12.27,33.57,-9.40
-7.08,39.37,-9.83
-2.14,44.37,-9.28
2.14,48.34,-9.03
6.65,50.84,-8.79
12.57,51.15,-9.03
16.48,50.60,-8.67
26.49,49.56,-10.13
36.50,48.46,-12.08
43.21,49.80,-15.08
51.39,51.82,-18.80
58.72,53.22,-22.09
















-,-,-
0.98,2.20,0.98
0.85,1.83,0.92
0.98,1.77,0.98
1.10,1.71,1.10
0.92,1.89,0.92
0.73,2.01,0.49
0.85,2.20,0.18
1.22,2.50,0.12
1.28,2.50,0.61
1.40,2.14,0.79
1.59,1.77,0.98
1.95,1.28,1.10
2.01,0.85,1.83
2.14,0.55,2.32
2.01,0.31,2.56
1.83,0.18,2.75
1.34,0.31,2.87
1.34,0.61,2.93
1.59,0.79,3.05
1.53,0.67,3.23
1.65,0.61,3.17
1.71,0.79,2.87
1.83,0.73,2.75
2.14,0.92,2.44
2.38,0.85,2.20
2.69,0.55,2.08
3.05,-0.12,2.14
3.42,-0.92,2.38
3.60,-1.65,2.38
3.48,-2.26,2.44
3.42,-3.30,2.87
4.09,-4.94,3.30
5.19,-8.06,3.66
6.96,-13.67,4.21
8.42,-22.34,4.88
8.97,-32.65,5.92
9.77,-43.52,8.61
10.56,-54.87,12.76
9.16,-64.94,17.03
3.05,-61.89,17.33
-4.64,-34.55,2.87
-5.49,-23.44,-5.92
-2.87,-20.08,3.42
-3.23,-17.03,15.14
-4.03,-7.45,20.39
10.56,0.43,36.74
23.74,2.44,54.38
31.80,1.04,65.43
36.56,3.23,78.06
39.18,5.49,85.88
44.62,7.75,86.36
43.21,9.16,87.10
35.89,9.34,82.40
27.34,8.18,69.82
23.56,2.75,61.40
18.43,0.92,52.12
13.31,0.85,43.95
5.92,-0.06,35.28
1.10,-1.53,27.83
-2.87,1.28,22.16
-5.80,0.85,17.09
-7.45,2.56,9.16
-7.57,3.30,0.00
-4.70,5.13,-2.32
-2.81,8.30,-4.03
-5.49,10.86,-14.04
-6.84,11.23,-34.73
-7.39,9.52,-59.39
-7.69,8.42,-78.06
-8.54,8.67,-86.12
-8.48,9.64,-85.51
-6.90,10.13,-80.32
-4.03,8.00,-73.12
-1.16,3.60,-64.51
3.91,-2.93,-55.97
11.72,-13.24,-47.61
21.00,-29.36,-40.41
28.14,-49.07,-32.47
32.47,-69.03,-21.85
32.29,-60.06,-15.44
17.21,-20.81,-16.17
17.58,-17.88,-10.01
7.75,-22.64,-1.65
-4.76,-24.23,-0.37
-14.83,-21.97,-2.38
-5.68,-20.81,14.95
12.21,-14.65,48.10
27.40,-6.47,82.70
33.75,-0.37,102.05
34.91,10.68,107.54
31.86,13.43,103.33
27.59,13.43,100.77
19.96,17.70,92.04
10.68,16.91,74.28
6.47,14.22,57.07
1.22,11.72,46.57
-4.58,8.30,32.35
-8.67,6.71,21.79
-12.21,3.66,19.23
-16.66,0.49,12.82
-25.09,0.31,-3.36
-30.76,1.46,-13.67
-38.94,5.07,-25.21
-46.08,8.30,-38.70
-50.29,7.87,-51.21
-53.10,7.51,-60.97
-57.86,11.84,-65.73
-60.91,20.02,-64.33
-62.32,27.10,-55.91
-59.94,30.70,-42.79
-51.88,29.60,-28.75
-41.44,22.77,-16.36
-33.45,11.17,-6.90
-27.89,-3.30,0.37
-23.38,-19.53,8.67
-18.01,-37.60,17.52
-15.20,-33.20,10.99
-19.90,-13.12,-6.71
-2.87,-6.04,-9.03
11.78,-10.19,-0.67
14.65,-7.75,7.02
30.88,0.06,11.29
54.99,3.60,16.72
69.70,4.94,25.21
78.86,0.79,27.71
82.15,-6.96,21.36
83.68,-15.69,10.44
83.19,-24.17,5.74
88.01,-32.84,5.00
94.54,-33.57,6.53
101.68,-32.29,6.90
109.31,-26.18,8.36
113.16,-17.70,11.35
118.16,-22.89,12.57
117.74,-11.11,11.41
115.23,-10.13,10.62
115.78,-17.88,8.73
117.31,-17.52,2.26
119.57,-20.08,0.92
116.52,-17.82,0.31
111.69,-19.23,-0.49
101.81,-10.62,5.13
92.16,-6.77,9.16
83.68,-2.93,10.99
75.62,0.06,12.27
65.86,1.65,10.13
55.54,2.26,5.07
45.41,1.83,0.55
36.87,1.53,6.04
26.92,3.91,7.69
18.80,7.75,6.47
9.64,2.93,4.94
5.25,-3.91,1.22
3.17,-9.40,-1.71
0.67,-12.82,-3.72
-2.99,-14.04,-5.00
-5.98,-13.43,-6.53
-7.26,-11.60,-7.26
-8.18,-8.67,-6.29
-8.12,-5.62,-5.07
-7.45,-2.81,-4.03
-6.47,-0.49,-2.75
-5.86,1.59,-1.22
-6.41,2.81,-0.61
-6.96,3.36,-0.43
-6.59,3.72,0.12
-5.80,4.33,0.98
-5.00,5.07,1.40
-5.31,5.55,1.65
-6.10,6.23,1.65
-7.02,7.02,2.26
-7.81,8.79,3.30
-8.67,11.05,4.76
-10.19,13.43,5.86
-12.39,16.05,6.04
-13.73,17.82,5.37
-13.24,18.74,4.27
-14.10,19.41,2.38
-14.47,19.35,1.34
-15.20,17.70,0.85
















-,-,-
-0.18,1.95,-0.55
0.37,1.53,0.00
0.61,1.04,0.55
0.49,0.73,0.73
0.31,0.98,0.49
0.31,1.16,0.12
-0.61,1.34,-0.43
-1.04,1.95,-1.65
-0.85,1.59,-1.04
-0.37,0.55,0.18
0.18,0.24,0.85
0.24,-0.12,0.37
0.06,-0.24,-0.24
-0.24,-0.06,-0.06
-0.37,-0.31,0.31
-0.79,-0.12,0.24
-0.98,0.31,-0.31
-1.16,0.98,-0.79
-1.16,1.40,-0.92
-0.98,1.46,-0.92
-0.92,1.40,-1.04
-0.61,1.04,-1.16
-0.37,0.73,-0.85
-0.06,0.61,-0.49
0.24,0.61,-0.61
0.49,0.55,-1.22
0.31,0.43,-1.89
0.18,0.73,-2.08
0.37,0.79,-2.08
0.73,0.61,-1.95
1.28,-0.24,-2.01
1.95,-1.59,-1.77
2.62,-2.93,-1.22
3.91,-4.70,-0.79
4.88,-6.77,0.00
5.68,-8.91,0.73
7.75,-12.45,1.77
11.17,-18.13,3.30
15.99,-26.06,6.53
19.71,-36.32,12.57
22.89,-49.19,23.62
24.60,-62.93,42.18
20.14,-73.73,70.86
12.08,-73.49,95.34
7.51,-43.58,92.41
11.72,-11.72,68.36
48.46,-14.59,92.16
70.86,-13.61,118.47
63.23,-9.83,116.09
57.01,-2.93,97.47
39.79,0.85,70.50
35.46,0.00,55.79
20.08,-1.95,43.58
19.10,-0.61,34.73
23.07,1.04,34.00
14.40,2.38,29.60
6.59,3.05,19.17
2.20,0.79,9.34
-2.93,-0.49,-1.95
-3.66,-1.95,-6.29
-5.00,-3.05,-9.40
-5.55,-3.42,-17.46
-6.29,-4.09,-29.24
-6.71,-3.97,-38.76
-7.87,-2.44,-46.26
-8.79,-0.67,-53.16
-9.70,3.05,-61.22
-9.95,6.96,-66.22
-10.86,9.40,-62.38
-10.99,9.34,-59.63
-10.56,6.65,-59.94
-9.89,2.44,-59.33
-8.48,-2.81,-56.88
-1.40,-11.17,-50.72
0.43,-21.85,-44.37
-2.26,-34.73,-41.63
-5.19,-42.72,-46.57
-4.82,-20.20,-48.95
2.87,-17.03,-42.85
8.06,-21.06,-34.06
5.13,-22.64,-24.48
-0.73,-18.43,-12.51
-5.74,-11.72,-1.22
-6.10,-13.55,12.39
-4.15,-18.13,23.99
-8.24,-17.82,16.24
-1.46,-15.87,28.32
13.12,-10.07,65.12
25.15,2.32,93.02
33.75,10.93,104.19
40.10,12.63,106.45
41.02,16.17,111.15
36.44,21.67,110.47
32.04,19.04,100.83
25.57,15.38,82.76
18.13,9.89,59.45
8.97,8.42,42.11
3.05,2.26,29.48
-1.10,-0.06,30.52
-5.92,2.93,21.06
-9.64,0.79,10.62
-10.74,-3.36,8.24
-15.93,-7.08,-2.99
-21.06,-11.60,-14.04
-26.00,-9.52,-22.95
-33.02,-5.55,-37.17
-41.02,-4.15,-47.06
-49.32,1.89,-51.27
-58.04,14.83,-51.03
-62.50,30.33,-47.06
-62.13,44.01,-41.81
-58.84,50.72,-35.95
-54.32,48.22,-28.99
-49.74,40.65,-21.18
-43.27,34.91,-12.63
-36.38,31.74,-4.21
-28.75,16.17,5.55
-25.45,-7.75,13.85
-25.39,-29.17,19.04
-23.32,-46.33,24.17
-23.32,-57.68,31.01
-17.70,-60.42,37.72
-11.29,-23.32,23.56
-11.78,3.30,6.04
2.56,-12.39,2.93
8.18,-15.56,2.38
16.36,-6.47,4.64
33.45,1.53,9.16
47.06,4.94,11.47
57.43,3.23,13.43
64.88,-6.35,12.02
71.72,-12.02,8.12
81.30,-16.42,10.13
86.73,-18.55,4.76
96.13,-25.02,0.37
104.25,-21.67,-1.46
113.10,-19.78,-3.30
121.52,-22.95,-4.58
126.46,-18.55,-3.17
130.62,-17.94,-2.08
135.80,-13.79,5.86
136.96,-4.88,6.59
138.31,-8.73,5.43
134.40,-10.50,-0.06
122.86,-2.62,-1.77
115.30,-10.68,-5.37
103.33,-10.93,-13.73
89.17,-11.66,-18.01
73.97,-15.08,-17.21
53.83,-13.24,-16.85
36.32,-14.65,-13.12
21.06,-5.98,-2.62
8.73,-1.46,0.98
1.46,-3.85,0.85
-1.22,-8.48,-1.46
-3.85,-11.96,-3.48
-6.84,-13.31,-4.39
-8.79,-12.76,-4.58
-10.31,-10.31,-4.09
-11.17,-7.02,-3.17
-12.02,-3.30,-1.77
-12.33,0.49,0.24
-13.37,4.33,1.89
-15.14,7.69,2.99
-16.97,10.01,3.91
-16.54,11.72,4.94
-15.26,13.00,5.62
-15.01,13.85,5.55
-15.69,13.79,3.91
-16.78,14.28,-0.31
-17.58,13.37,-2.93
-20.63,14.95,-8.24
-23.86,20.57,-18.31
-25.02,29.17,-26.25
-24.23,38.82,-27.59
-22.16,47.06,-25.21
-20.08,50.84,-22.03
-17.88,50.29,-19.65
-15.69,47.00,-17.46
-13.67,41.56,-15.01
















-,-,-
-5.19,-1.10,-6.04
-4.39,-0.06,-5.74
-3.91,0.61,-4.88
-3.66,0.55,-4.46
-3.42,0.24,-4.39
-3.23,-0.18,-4.52
-3.54,-0.43,-4.58
-3.72,-0.31,-4.58
-3.97,-0.43,-4.52
-4.03,-0.55,-4.46
-4.46,-0.55,-4.33
-4.64,0.00,-4.15
-4.03,0.98,-4.03
-2.75,1.40,-3.30
-2.14,1.53,-2.08
-1.10,1.34,-1.46
-0.79,0.98,-1.53
-1.04,0.49,-1.46
-0.92,0.18,-1.10
-0.67,-0.06,-0.73
-0.67,-0.31,-0.43
-0.31,-0.55,-0.24
0.00,-0.67,0.06
0.12,-0.92,0.24
0.67,-1.10,0.61
1.40,-1.22,1.46
1.53,-1.46,2.26
1.65,-1.71,2.56
1.40,-2.56,2.62
1.22,-3.72,2.81
0.67,-4.94,3.11
0.73,-5.80,3.72
0.79,-6.77,4.52
0.61,-7.69,5.07
0.49,-9.83,5.86
0.37,-13.37,6.77
0.18,-19.17,8.06
-0.61,-27.16,10.31
-2.50,-36.19,13.31
-5.25,-45.23,17.46
-8.61,-53.34,25.76
-10.50,-58.96,41.93
-19.84,-52.98,52.06
-28.69,-31.13,16.78
-9.89,-21.73,2.26
5.49,-13.92,28.20
14.53,-6.10,60.85
18.25,4.70,75.99
24.96,8.85,82.70
31.98,14.53,89.42
41.08,15.26,96.74
43.52,17.15,99.00
46.33,14.53,104.74
40.34,19.47,106.99
37.23,26.61,99.79
29.30,20.39,83.25
15.26,13.37,62.32
8.67,5.37,46.14
2.32,1.22,34.55
-2.62,4.64,24.17
-3.54,8.42,22.28
-2.87,11.78,18.13
0.85,13.00,8.91
5.86,13.79,0.12
10.01,17.94,-6.10
12.33,17.27,-20.26
11.47,15.26,-44.25
8.73,11.11,-70.07
7.26,9.28,-91.67
7.57,8.97,-104.98
8.91,6.53,-107.60
8.18,0.98,-101.56
6.90,-9.58,-89.29
6.84,-25.94,-72.08
4.88,-47.73,-52.49
8.54,-64.64,-25.94
7.69,-78.31,5.98
0.67,-88.01,33.69
-20.57,-47.73,19.23
-17.64,-24.60,-2.93
-10.86,-23.07,17.94
-10.07,-19.59,56.46
-3.11,-6.23,70.01
11.05,10.93,80.08
19.90,17.58,96.56
25.27,24.35,113.71
29.85,30.33,120.12
29.24,37.41,112.67
23.25,37.84,91.25
16.11,28.99,76.48
5.92,22.89,59.57
-1.83,18.92,40.83
-4.58,12.27,25.76
-6.77,8.24,22.58
-16.36,6.04,8.36
-21.18,3.91,-8.48
-30.15,8.73,-23.99
-41.56,14.53,-38.51
-54.26,24.17,-56.82
-65.31,33.69,-75.56
-73.36,40.34,-90.09
-76.84,43.64,-97.90
-76.42,42.18,-96.13
-74.71,34.48,-82.03
-69.95,21.73,-55.36
-60.30,7.51,-23.44
-47.36,-8.48,4.15
-37.54,-29.66,24.29
-34.73,-51.57,31.31
-39.37,-51.82,12.63
-29.48,-33.63,-14.95
-11.35,-26.49,-12.63
-1.04,-16.85,-1.71
7.51,-6.04,7.75
20.51,7.32,12.76
38.02,10.38,22.16
61.16,-4.52,36.99
82.21,-20.81,45.65
101.93,-30.82,49.26
117.98,-30.64,45.53
134.89,-34.61,45.47
143.19,-34.91,40.47
150.15,-36.99,36.19
153.75,-39.25,37.96
151.00,-34.61,39.55
138.00,-31.43,34.36
118.84,-30.09,22.83
105.96,-26.12,15.93
92.22,-14.89,18.80
70.50,-12.76,11.35
53.22,-10.44,6.04
36.99,-13.85,4.33
20.39,-14.04,0.24
9.52,-15.32,-2.26
3.11,-14.22,-1.59
-0.18,-16.24,-1.59
-3.36,-15.50,-2.32
-6.53,-11.35,-2.44
-8.24,-5.98,-1.89
-8.97,-0.06,-1.28
-9.28,5.92,-0.37
-10.93,10.93,0.24
-12.08,14.40,-0.12
-11.66,16.97,-0.55
-10.19,19.59,-0.43
-8.61,21.61,-0.37
-8.06,22.46,-0.24
-8.18,23.93,-0.18
-9.46,29.54,-1.04
-9.40,38.51,-2.20
-5.68,37.90,-0.49
-4.58,34.79,-2.01
-3.30,31.37,-7.02
-2.32,30.94,-13.00
0.18,32.78,-15.38
2.75,36.25,-13.98
5.25,40.16,-11.90
6.90,43.27,-11.05
8.24,45.35,-11.84
9.40,46.14,-12.88
10.38,45.47,-13.06
11.23,43.76,-12.39
11.54,40.95,-10.86
11.05,37.78,-9.40
10.38,35.03,-8.12
8.12,31.92,-7.45
5.74,28.14,-6.71
5.13,23.86,-5.92
4.52,19.04,-4.94
3.72,14.10,-4.15
3.36,9.77,-3.66
2.56,5.86,-3.54
1.65,3.05,-3.36
0.67,1.59,-3.42
-0.24,0.98,-3.78
-0.92,1.59,-4.09
-2.44,3.78,-4.09
-3.54,7.45,-3.48
-4.39,11.90,-2.20
-4.52,17.21,-0.67
















-,-,-
1.46,0.49,0.73
1.53,0.79,0.55
1.59,0.92,0.73
1.65,0.73,1.34
1.46,0.85,1.40
1.34,1.10,1.34
1.34,1.10,1.59
1.22,1.04,1.59
1.16,1.28,1.53
1.40,1.46,1.28
1.59,1.53,1.28
1.77,1.04,1.40
1.71,0.98,1.65
1.71,1.22,1.65
1.65,1.59,1.89
1.59,1.59,1.95
1.59,1.53,2.01
1.40,1.59,1.83
1.59,1.40,1.71
1.65,1.34,1.83
1.65,1.34,2.01
1.59,0.92,2.14
1.40,0.79,2.01
1.10,0.73,1.71
0.85,0.61,1.53
0.85,1.04,1.53
0.61,1.71,1.59
0.85,2.38,1.46
1.04,2.50,0.98
1.40,2.26,0.43
1.46,2.26,0.31
1.65,2.32,0.24
1.65,1.95,0.43
1.34,1.53,0.06
1.04,1.53,-0.55
0.67,1.65,-0.92
0.12,1.59,-1.10
-0.12,1.59,-1.83
-0.67,1.71,-3.17
-0.79,1.71,-4.58
-0.61,2.14,-5.86
-0.67,2.87,-6.41
-0.79,3.17,-6.77
-1.04,1.89,-7.69
-1.46,-0.55,-7.81
0.92,-6.96,-6.84
2.08,-19.96,-5.55
2.14,-37.11,-3.11
-0.24,-50.11,3.17
-5.80,-41.99,7.81
-8.24,-20.57,0.98
-6.47,-13.73,6.53
7.08,-12.27,38.57
20.87,-4.88,80.51
29.24,7.32,110.78
41.63,15.81,134.58
52.86,18.19,149.72
65.92,18.13,152.10
86.24,18.25,149.17
63.42,16.91,127.14
47.55,10.62,97.17
31.43,5.55,69.52
22.40,3.60,50.84
8.24,1.59,31.19
3.48,-0.12,21.06
-1.34,1.04,8.91
-0.67,0.73,-1.28
-1.83,1.59,-7.26
-4.94,5.62,-22.40
-7.75,8.48,-44.62
-9.16,5.92,-64.88
-9.70,3.36,-82.64
-10.56,2.62,-97.23
-12.45,4.15,-106.51
-19.65,8.36,-110.17
-21.61,8.61,-109.86
-20.20,5.13,-106.02
-14.47,-1.59,-99.24
-8.36,-10.19,-88.93
-0.98,-22.64,-76.48
8.36,-38.88,-62.19
15.93,-57.13,-44.80
19.10,-66.04,-25.09
11.17,-28.38,-17.94
17.46,-11.11,-5.62
18.07,-11.54,7.20
9.22,-18.31,11.41
4.58,-16.85,16.66
2.93,-13.43,33.87
7.75,-12.63,60.30
17.88,-4.52,88.26
28.26,6.04,105.59
34.48,12.21,117.43
31.19,10.56,122.56
21.30,13.67,109.44
15.99,14.47,89.17
11.17,14.59,72.14
7.39,12.02,59.08
2.87,12.63,42.72
-1.40,9.46,33.81
-8.67,6.53,24.41
-14.34,2.32,12.76
-17.15,0.61,0.73
-19.35,-1.46,-5.74
-23.01,-0.67,-12.27
-28.93,8.30,-22.58
-33.81,12.39,-36.25
-40.28,12.57,-49.68
-51.51,13.31,-60.97
-64.82,16.60,-67.44
-75.74,24.05,-68.85
-82.28,33.39,-65.25
-82.21,41.44,-58.78
-76.84,44.31,-49.87
-67.99,41.75,-39.86
-59.20,34.85,-29.30
-49.50,22.16,-18.07
-39.86,3.97,-5.31
-32.23,-16.97,7.32
-24.84,-39.55,18.49
-19.10,-61.95,27.40
-20.63,-69.15,24.35
-22.95,-25.39,-4.88
-3.85,-17.76,-8.61
9.09,-21.42,-0.73
12.82,-14.47,5.86
19.17,-2.50,11.05
30.33,5.19,16.48
39.06,6.10,20.32
51.76,-3.91,18.37
63.17,-25.27,11.78
62.81,-28.63,0.61
67.38,-29.17,-1.77
70.37,-32.04,1.59
66.77,-30.88,-2.56
65.67,-30.15,-3.17
68.18,-31.98,4.21
72.94,-29.91,10.56
81.42,-30.82,11.72
89.60,-36.62,3.66
97.05,-36.01,-1.04
98.94,-34.91,-0.73
102.78,-35.89,2.87
103.33,-34.55,6.10
107.85,-32.59,9.09
113.16,-30.03,21.73
111.57,-26.92,25.88
106.08,-21.61,17.76
93.93,-11.72,11.90
77.21,-12.70,11.05
66.16,-13.85,12.57
55.42,-12.82,15.32
47.97,-9.95,9.52
40.95,-3.11,8.85
33.51,-6.16,5.74
26.49,-4.46,6.29
20.32,-5.86,5.98
15.44,-8.36,5.86
12.21,-8.36,6.04
10.07,-8.00,5.49
9.03,-6.65,5.07
9.09,-4.58,4.52
8.42,-2.38,3.78
6.23,-0.73,2.81
4.64,0.73,2.32
2.69,1.77,1.83
0.98,2.20,1.34
-0.43,2.14,0.79
-1.40,1.71,0.24
-1.89,1.16,0.24
-1.28,0.73,0.49
-0.73,0.37,1.04
-0.73,0.18,1.34
-0.79,0.18,1.46
-0.73,0.37,1.46
-0.73,0.92,1.77
-0.92,1.71,1.89
-0.98,2.20,1.77
-0.79,2.56,1.71
-0.85,2.44,1.65
















-,-,-
1.22,0.98,0.49
1.16,1.10,0.18
1.04,1.28,-0.18
0.92,1.59,-0.31
1.28,1.59,-0.31
1.22,1.40,-0.31
1.22,1.22,-0.37
1.34,1.34,-0.37
1.34,1.22,-0.06
1.04,1.04,0.18
1.04,1.53,0.12
1.10,1.65,0.12
1.16,1.46,-0.06
1.16,1.10,0.00
1.16,0.73,0.06
1.40,0.37,0.31
1.34,0.49,0.43
1.46,0.61,0.73
1.46,0.31,0.79
1.22,0.12,0.55
0.92,0.37,0.12
0.67,0.67,0.24
0.43,0.92,0.31
0.67,1.04,0.55
0.85,0.67,0.73
1.10,-0.12,0.98
1.16,-1.34,1.40
1.71,-3.42,1.89
3.05,-7.81,2.14
3.42,-14.65,2.26
4.82,-24.41,2.62
5.19,-38.09,4.64
4.21,-51.76,9.34
1.95,-65.00,17.46
-1.53,-74.16,28.26
-11.41,-49.99,32.41
-15.87,-24.05,3.97
-4.76,-21.55,13.18
3.17,-16.60,47.91
12.63,-6.96,69.95
22.40,2.14,79.35
37.60,5.74,92.29
46.94,12.57,104.61
51.70,11.23,108.22
48.28,7.57,104.74
40.22,3.97,94.30
32.35,3.30,78.86
24.72,3.72,64.64
15.56,3.91,52.73
13.31,1.16,45.84
16.11,0.79,48.58
5.68,2.38,42.18
0.12,2.38,31.92
-5.49,5.31,16.66
-7.32,4.64,5.31
-6.59,4.76,0.43
-3.42,6.59,-1.40
4.09,8.61,-6.84
0.49,8.97,-27.22
0.61,8.85,-59.39
-0.12,9.89,-90.09
-6.04,17.40,-111.15
-10.68,27.59,-123.17
-11.90,32.47,-121.58
-9.64,29.66,-110.47
-2.69,20.02,-98.14
6.29,4.21,-85.33
14.22,-16.48,-70.13
20.14,-39.37,-53.22
23.99,-64.76,-33.57
26.31,-87.71,-11.35
23.32,-101.01,10.74
7.87,-55.85,14.47
-3.23,-19.84,8.48
-1.65,-21.42,14.22
-3.42,-26.86,32.35
2.44,-21.85,52.55
12.63,-8.18,69.34
20.63,0.73,81.85
25.39,4.33,101.44
27.40,9.77,112.67
27.89,14.40,118.65
21.30,19.47,108.58
16.91,20.75,95.34
9.89,19.04,78.61
3.91,14.89,61.10
0.85,11.54,50.35
-4.76,10.74,42.05
-8.42,10.56,34.36
-8.18,6.90,25.82
-18.55,5.43,6.96
-24.84,2.20,-9.52
-29.30,3.54,-18.31
-33.14,10.07,-28.87
-39.06,15.26,-44.19
-43.64,18.19,-60.85
-50.90,22.28,-70.01
-60.97,30.33,-70.86
-67.26,40.53,-65.00
-70.31,48.10,-55.42
-69.64,50.54,-46.26
-66.53,47.67,-39.31
-61.71,38.82,-32.29
-56.09,27.16,-23.62
-49.62,13.79,-13.12
-41.08,-2.50,-1.71
-32.47,-21.00,9.95
-26.00,-41.44,19.53
-21.79,-61.16,26.49
-21.06,-73.73,29.72
-25.15,-33.75,6.04
-30.64,-6.53,-13.49
-3.60,-11.05,-11.90
7.14,-17.64,-0.98
12.82,-11.35,5.68
24.66,1.65,11.29
39.43,8.24,15.14
51.33,2.69,19.17
57.68,-3.85,19.71
60.24,-11.17,14.53
59.33,-20.94,6.96
64.21,-30.88,6.10
71.29,-29.60,10.44
81.85,-23.86,15.93
90.70,-22.71,16.91
99.79,-24.72,14.65
110.90,-26.12,15.50
119.57,-21.30,20.14
124.21,-22.83,16.66
130.55,-25.21,17.58
128.72,-22.71,18.49
128.42,-23.56,10.99
121.40,-24.05,6.47
116.46,-28.20,7.14
106.93,-28.08,0.55
100.34,-29.54,-1.04
94.42,-27.89,2.62
89.78,-25.02,-3.30
90.45,-24.41,-0.49
85.82,-21.97,-0.85
79.41,-21.00,0.92
67.63,-17.52,-1.95
54.02,-15.81,-1.59
41.87,-18.55,-0.37
32.59,-13.31,-1.89
26.92,-10.99,0.06
19.65,-3.42,0.79
14.89,-5.74,-0.85
12.51,-4.09,0.31
10.44,-4.21,0.67
8.36,-6.10,0.06
6.04,-8.18,-0.55
2.99,-10.13,-1.46
-0.49,-11.29,-2.38
-3.42,-11.72,-3.17
-5.07,-10.99,-2.93
-5.19,-9.28,-2.26
-4.88,-7.02,-1.71
-4.39,-4.64,-0.85
-4.09,-2.38,0.06
-4.33,-0.31,0.61
-5.00,1.34,0.67
-5.31,2.69,0.61
-5.31,4.15,1.22
-5.19,5.55,2.08
-5.19,7.08,2.99
-4.64,8.79,4.21
-4.33,10.68,5.62
-5.43,12.94,6.96
-7.87,15.50,8.12
-12.33,18.43,9.16
-15.44,22.03,10.01
-19.29,26.31,9.40
-20.69,29.60,9.70
-18.68,32.90,10.50
-18.86,37.72,8.42
-21.85,43.40,1.83
-21.79,53.96,-7.20
-19.59,65.98,-14.04
-15.63,77.94,-17.94
















-,-,-
-0.85,0.00,-0.49
-0.85,-0.31,0.12
-0.67,-0.24,0.61
-0.18,-0.55,1.16
0.49,-1.22,1.34
0.61,-2.01,1.59
0.73,-2.93,1.34
0.67,-3.97,0.79
0.73,-5.07,-0.18
0.55,-6.29,-0.67
0.43,-6.84,-0.85
-0.12,-6.59,-0.92
-0.61,-5.98,-0.79
-0.85,-4.82,-0.67
-0.55,-3.60,-0.85
-0.06,-2.62,-1.16
0.43,-2.08,-1.53
0.67,-1.53,-2.26
0.37,-0.12,-3.48
0.43,2.08,-4.58
0.79,4.15,-5.13
1.40,5.68,-5.13
1.65,6.59,-5.07
1.77,6.35,-4.64
1.95,5.37,-3.97
1.77,3.97,-2.56
1.65,2.38,-0.79
1.46,0.49,0.79
1.89,-2.62,2.75
2.93,-8.54,4.46
3.11,-19.41,6.23
3.17,-32.35,10.01
1.83,-44.19,16.97
-0.55,-49.68,25.39
-5.55,-31.13,31.68
-8.97,-18.31,21.67
-1.40,-17.94,15.32
4.27,-16.36,41.93
7.14,-11.72,58.72
18.13,-2.99,67.26
33.75,1.89,78.37
42.24,3.05,88.07
44.01,3.78,93.69
44.37,1.04,95.52
41.69,2.69,89.72
36.68,3.48,80.87
29.48,2.81,64.27
27.83,1.53,56.58
23.19,4.15,53.22
26.37,1.83,52.25
19.17,0.79,53.77
10.13,6.71,42.42
6.65,8.00,32.65
1.46,5.80,23.62
-1.83,4.52,10.19
-2.32,5.92,-0.73
0.92,7.51,-4.03
7.02,9.83,-10.44
3.72,8.06,-30.70
4.52,4.27,-59.63
2.56,6.59,-83.68
-3.42,12.88,-97.47
-7.75,17.21,-100.34
-9.64,16.85,-93.93
-10.56,11.90,-83.07
-10.68,3.30,-73.55
-8.67,-6.71,-65.98
-3.11,-19.59,-58.41
4.15,-36.80,-49.87
11.29,-56.52,-40.04
17.88,-75.50,-28.02
17.15,-52.25,-20.20
8.97,-11.90,-10.99
21.00,-15.08,-3.54
15.14,-22.09,0.79
2.69,-27.89,6.04
-8.73,-25.76,11.35
-2.32,-21.24,18.13
8.97,-16.36,40.53
26.98,-12.27,74.58
34.61,-3.54,100.22
37.60,4.58,109.07
37.23,10.44,106.99
32.71,14.59,101.75
25.70,14.65,88.99
20.32,17.27,74.40
12.21,15.26,66.53
3.85,12.45,49.68
-0.67,7.57,37.54
-7.20,6.16,23.68
-9.95,3.42,13.61
-13.73,0.98,10.56
-17.40,1.59,3.30
-20.81,0.79,-7.69
-22.71,0.12,-17.46
-24.17,5.80,-27.53
-28.32,8.30,-37.90
-34.55,8.67,-43.64
-40.41,8.48,-43.88
-44.68,11.11,-40.95
-47.42,16.11,-36.74
-47.42,21.73,-32.29
-47.61,25.82,-27.71
-45.04,26.98,-23.13
-42.24,25.27,-17.52
-39.37,22.03,-11.41
-36.44,17.94,-5.62
-32.59,13.00,-0.55
-27.04,9.16,4.09
-21.85,9.28,8.61
-17.09,8.67,14.71
-11.78,1.65,22.52
-6.71,-7.02,28.69
-0.61,-7.39,26.92
4.27,5.19,15.26
11.47,6.77,9.95
22.77,0.73,9.16
31.19,-0.61,13.31
41.50,2.75,17.52
46.26,8.24,18.37
46.08,8.42,18.43
42.79,-1.34,10.80
35.89,-6.16,4.76
32.29,-14.65,1.22
32.41,-20.45,-0.18
34.00,-15.75,-1.83
40.83,-17.40,-3.42
47.36,-14.59,-0.37
56.03,-17.27,0.79
66.04,-19.23,1.89
73.30,-17.03,-0.98
84.23,-25.70,-1.71
93.26,-25.21,0.92
100.52,-23.50,1.59
108.15,-23.93,-2.93
115.84,-24.72,-2.56
118.65,-18.55,2.62
116.03,-18.86,-3.11
111.27,-13.79,-3.66
104.86,-16.60,-2.38
100.10,-13.55,-3.85
95.70,-12.51,-8.12
92.83,-18.80,-8.48
90.64,-14.95,-6.29
77.70,-8.85,-10.13
64.09,-14.22,-20.51
46.81,-8.91,-19.53
35.10,-9.22,-13.06
24.11,-8.61,-9.89
17.58,-6.23,-9.52
15.38,-5.00,-8.54
11.90,1.77,-1.65
8.79,3.54,0.98
7.26,2.01,1.28
5.98,-0.37,0.43
2.75,-2.87,-1.22
-0.79,-5.13,-2.93
-3.48,-6.47,-3.78
-4.58,-6.77,-4.15
-4.88,-6.41,-4.09
-5.00,-5.43,-3.85
-5.19,-4.64,-3.42
-5.25,-3.60,-2.69
-4.70,-2.32,-1.40
-3.85,-1.22,-0.31
-2.87,-0.18,1.04
-1.59,1.40,2.14
-0.92,2.99,2.81
-0.98,3.78,3.11
-2.38,3.72,2.08
-3.42,2.93,0.85
-4.58,1.71,-0.06
-5.92,0.67,-1.34
-6.71,-0.24,-2.38
-7.39,-0.98,-2.56
-8.18,-0.61,-2.08
-8.73,0.61,-0.85
-9.16,2.69,0.85
-10.38,5.37,2.56
-12.51,8.36,3.42
















-,-,-
0.92,-1.34,2.20
0.73,0.18,1.89
0.98,0.92,1.46
1.46,1.53,0.61
1.28,1.65,-0.12
1.10,1.40,-0.24
1.40,1.46,0.12
1.65,1.40,0.43
1.16,1.22,0.61
0.92,1.10,0.61
0.55,0.85,0.49
0.43,0.37,0.61
0.79,0.00,0.92
0.92,-0.12,1.04
0.79,0.00,1.04
0.55,-0.06,0.92
0.49,-0.18,0.61
0.18,-0.24,0.67
0.18,-0.37,0.61
0.37,-0.31,0.37
0.49,-0.43,0.43
0.73,-0.55,0.37
0.43,-0.73,0.31
-0.55,-0.37,0.18
-1.10,0.31,0.00
-0.61,0.67,-0.18
0.00,0.67,-0.18
0.31,0.43,-0.37
0.92,0.12,-0.18
1.22,-0.31,-0.12
1.10,-0.73,0.12
0.98,-0.92,0.31
0.98,-0.92,0.31
1.16,-1.22,0.24
1.16,-1.53,0.06
1.22,-2.20,0.06
1.71,-3.11,0.61
2.26,-3.91,1.10
2.50,-5.07,1.34
2.62,-6.65,1.65
2.69,-8.18,1.95
2.38,-8.61,2.01
2.01,-9.34,1.83
2.26,-10.62,0.98
3.05,-12.39,-0.24
4.09,-15.08,-1.04
6.04,-19.23,-1.10
7.69,-23.80,-0.37
6.41,-26.55,4.03
-2.32,-19.65,13.31
-5.62,-17.21,26.25
3.48,-24.78,49.19
45.35,-49.80,93.69
61.40,-65.61,144.35
39.61,-34.91,124.94
55.24,-17.88,98.14
65.55,-17.09,105.16
55.97,-12.39,113.59
43.58,-5.31,104.68
37.60,-2.81,86.18
34.55,-2.93,68.42
31.68,-3.78,55.97
21.36,0.31,43.46
14.34,3.48,37.96
9.58,4.46,35.71
3.85,4.82,31.56
-5.74,5.49,16.24
-8.79,3.42,1.04
-8.54,1.04,-5.07
-5.98,-0.55,-5.62
-3.78,-0.37,-8.97
-2.81,0.49,-15.44
-3.42,2.44,-25.45
-4.82,3.91,-39.67
-8.42,6.04,-53.10
-11.05,8.67,-57.68
-11.17,9.77,-60.06
-10.19,10.99,-62.32
-8.73,11.29,-63.29
-5.80,6.90,-63.54
-2.38,-2.20,-62.50
0.98,-10.25,-61.04
2.75,-14.47,-57.68
6.29,-19.41,-53.16
12.02,-29.36,-46.81
17.15,-43.21,-39.55
21.18,-56.64,-31.68
8.24,-34.24,-30.15
2.14,-5.19,-30.15
5.49,-8.61,-22.46
3.91,-11.41,-11.17
-3.23,-14.40,-2.87
-12.39,-17.58,-0.43
-12.70,-17.46,7.39
-8.24,-17.09,19.59
-5.86,-15.93,31.56
-2.14,-17.03,42.97
4.21,-14.04,57.86
16.60,-5.80,87.89
28.08,8.36,111.45
32.71,12.39,115.78
32.78,16.11,109.19
28.63,19.59,98.75
25.94,11.17,85.21
23.74,6.90,68.30
8.61,2.08,46.75
5.80,-2.32,34.73
0.92,-0.31,33.26
-4.94,0.43,16.54
-7.87,-1.65,6.90
-8.79,-2.32,-0.37
-9.34,-4.39,-3.42
-10.44,-5.49,-5.00
-10.01,-5.19,-7.63
-9.40,-3.42,-11.78
-13.92,4.70,-20.45
-16.11,8.79,-27.22
-20.32,11.29,-26.73
-28.63,17.94,-23.99
-35.71,28.44,-21.48
-42.42,43.82,-17.09
-45.78,60.79,-13.79
-44.92,72.39,-11.47
-42.72,76.90,-9.83
-39.49,73.73,-8.79
-35.03,63.54,-8.36
-30.58,47.55,-7.39
-26.06,28.69,-5.80
-19.53,8.24,-3.30
-12.02,-11.78,2.75
-7.87,-30.76,13.37
-4.21,-52.49,25.45
1.40,-75.81,35.34
5.92,-92.35,42.48
0.12,-42.36,29.97
-16.42,8.67,10.01
0.31,-2.93,3.23
8.12,-18.68,2.69
9.95,-18.13,2.38
13.98,-12.33,3.17
27.77,-4.82,4.88
35.83,2.14,8.24
42.54,0.61,13.12
50.54,-8.79,13.43
59.20,-2.56,15.08
63.29,1.10,9.64
67.75,-8.24,-1.53
74.10,-13.37,-4.27
80.26,-10.01,-2.87
90.39,-8.42,-5.62
100.83,-6.47,-7.51
112.79,-7.26,-4.33
121.83,-1.34,-0.31
132.32,1.16,2.26
141.36,3.11,6.47
142.58,9.52,4.09
144.96,9.52,-4.21
142.40,2.99,-9.16
138.37,1.59,-15.81
126.95,3.48,-17.46
113.95,2.26,-20.87
96.92,0.79,-14.10
82.21,4.39,-10.31
63.11,3.91,-5.92
48.46,7.63,-3.91
32.65,6.84,0.98
21.24,4.46,0.31
13.00,8.24,2.44
6.84,2.87,4.82
4.27,-4.70,0.85
3.05,-9.58,-3.05
0.61,-12.82,-5.07
-1.40,-13.49,-6.35
-1.89,-12.02,-6.23
-1.16,-9.09,-4.88
0.18,-5.55,-3.17
0.43,-2.32,-1.34
-1.22,0.18,-0.31
-1.77,1.71,0.73
-1.59,2.38,1.89
