-,-,-
1.10,1.95,0.85
1.65,1.95,1.16
2.14,1.40,0.98
2.01,0.49,1.16
2.44,0.24,1.40
2.56,0.00,1.89
2.56,-0.12,2.08
2.14,-0.37,2.26
1.22,-0.31,2.32
0.67,0.12,1.95
0.79,0.73,1.16
1.22,1.10,0.55
1.22,1.28,0.43
1.59,1.59,0.73
1.59,1.28,1.04
1.28,1.34,1.34
1.40,1.46,1.28
1.46,1.65,1.22
1.16,1.46,1.28
0.49,1.28,1.04
0.31,1.89,0.92
0.00,2.69,0.98
0.12,3.54,0.92
-0.06,3.17,0.49
0.00,2.01,0.55
0.49,1.16,1.16
0.79,0.49,2.08
0.61,0.00,2.44
0.61,0.55,2.01
0.61,1.10,1.65
0.55,1.04,1.53
0.79,1.28,1.53
0.98,1.83,1.65
1.34,1.04,2.14
1.28,0.12,2.62
0.67,-0.37,2.99
0.55,-0.06,2.87
0.06,0.06,2.20
-0.98,-0.24,1.71
-0.79,-0.24,1.28
-0.12,0.49,0.73
0.12,0.49,0.31
-0.06,-0.37,-0.24
-0.55,-0.92,-0.49
-1.40,-1.34,-0.18
-3.66,-1.16,0.55
-5.62,-0.85,1.10
-6.41,-1.10,1.59
-6.77,-1.77,2.62
-7.32,-3.48,3.78
-7.87,-6.10,5.25
-8.30,-9.46,7.63
-9.52,-13.55,9.77
-11.47,-16.66,11.60
-12.27,-19.29,14.71
-13.24,-22.89,19.17
-14.40,-27.16,23.62
-13.37,-26.55,16.17
-13.31,-19.71,-2.14
-4.46,-11.05,-1.53
0.24,-11.11,2.20
1.95,-13.55,2.69
6.23,-9.70,4.52
12.76,-7.51,7.32
21.30,-3.48,8.67
29.05,1.89,10.80
35.64,3.54,12.27
37.48,-0.06,13.12
40.22,-2.75,16.54
47.30,-11.29,18.19
54.08,-12.27,11.60
66.71,-23.50,7.32
77.45,-25.76,11.23
87.65,-31.86,12.33
99.98,-40.28,6.84
106.20,-46.39,5.80
113.34,-53.71,11.35
113.77,-52.00,12.08
115.66,-49.99,5.19
118.90,-48.95,6.04
122.44,-49.68,9.70
126.28,-51.09,7.45
130.00,-54.50,6.84
130.92,-54.63,4.21
131.16,-57.56,1.22
127.56,-58.84,-3.36
121.46,-57.68,-5.19
114.20,-60.36,-7.08
105.35,-61.10,-6.23
90.33,-51.03,-5.49
76.42,-42.48,-5.92
61.52,-29.42,-4.27
51.94,-21.18,-3.54
42.85,-10.13,-0.31
33.14,-3.78,0.79
19.59,-5.37,-3.17
5.13,3.11,-0.61
-1.83,-0.18,-0.55
-8.61,-7.51,-3.60
-18.19,-12.33,-6.47
-26.73,-13.85,-9.03
-34.67,-12.08,-10.56
-41.02,-7.57,-13.06
-43.88,-0.06,-15.44
-43.40,15.20,-14.77
-45.65,32.78,-13.92
-49.80,45.59,-12.27
-56.03,51.39,-8.97
-62.68,55.54,-9.77
-66.16,57.80,-19.90
-69.95,57.01,-33.57
-70.07,58.53,-42.36
-65.31,59.45,-42.72
-61.58,56.64,-36.62
-59.51,46.39,-26.37
-51.09,34.24,-13.92
-41.02,22.09,2.20
-36.32,4.52,21.55
-25.45,-8.48,38.09
-17.33,-23.86,52.86
-12.70,-35.58,60.67
3.85,-26.18,25.21
4.09,-17.33,4.70
32.04,-8.91,5.92
25.33,-10.74,13.06
15.99,-4.70,12.45
14.95,-1.46,13.37
12.15,0.98,20.63
11.72,2.14,32.84
8.30,4.64,33.39
11.78,6.71,33.81
10.19,9.09,39.98
10.62,11.41,50.11
7.69,13.49,64.03
4.39,14.16,72.75
3.30,18.55,75.68
2.44,17.21,95.40
0.37,17.33,104.19
-1.22,19.84,105.71
-6.04,20.26,103.88
-5.25,19.90,97.47
-4.33,18.80,90.09
-1.77,16.72,74.52
2.08,16.36,59.75
2.08,14.77,48.34
2.01,13.49,50.11
-1.40,9.28,62.87
-5.43,6.65,64.70
-6.16,6.53,51.15
-3.11,3.30,42.54
-3.91,1.34,29.05
-3.60,1.22,21.42
-3.78,0.73,18.31
-4.88,-1.40,5.43
-4.70,-2.26,3.42
-7.63,-1.16,7.20
-7.14,-1.28,2.87
-7.87,-0.67,6.77
-4.94,-0.73,6.65
-2.08,3.97,9.28
0.12,4.33,4.58
1.77,1.40,-2.75
2.44,1.10,-4.21
3.11,1.53,-2.87
3.05,2.08,-1.34
3.17,2.32,-0.98
3.66,2.75,-0.73
3.91,2.99,-0.18
3.85,2.87,0.12
3.72,2.75,0.37
3.91,2.62,0.67
2.50,1.89,0.06
0.73,0.92,-1.10
0.00,0.31,-1.40
0.98,0.43,-1.22
1.77,0.73,-0.49
1.77,1.10,-0.49
1.10,1.71,-0.49
0.61,2.75,-0.55
0.06,4.03,-0.18















-,-,-
-10.31,13.37,6.41
-12.21,15.81,9.03
-13.73,16.36,11.90
-15.81,15.26,16.11
-18.74,13.98,21.00
-21.00,13.98,25.57
-23.74,15.32,28.93
-25.76,16.91,30.33
-27.53,18.74,30.27
-28.69,19.90,29.97
-29.85,19.29,30.09
-30.21,17.76,30.76
-29.48,15.50,31.37
-28.75,12.76,31.25
-27.83,10.74,29.97
-26.12,8.73,27.71
-24.84,5.92,25.51
-22.22,2.87,23.38
-19.10,0.24,22.71
-16.60,-0.55,23.56
-11.60,-0.06,24.48
-5.68,0.49,26.18
-1.16,2.50,27.77
1.77,5.13,28.69
3.36,7.69,27.77
3.60,11.11,25.33
3.48,14.89,22.28
2.75,17.33,19.65
0.67,17.64,17.33
-1.34,16.05,15.69
-3.30,13.49,15.08
-4.58,10.86,15.32
-5.31,8.85,15.87
-7.45,8.18,16.54
-9.22,9.03,16.54
-10.13,9.58,16.30
-10.38,8.61,16.24
-11.23,5.86,15.69
-11.66,2.14,14.28
-10.86,-0.73,11.78
-11.90,-1.77,8.91
-15.87,-0.67,5.74
-20.57,3.05,2.56
-26.18,6.23,0.49
-31.86,8.00,-1.46
-37.84,7.93,-2.87
-42.30,6.10,-3.17
-44.13,1.65,-2.26
-45.65,-4.70,0.55
-46.94,-10.68,4.09
-46.51,-15.69,7.08
-47.79,-17.76,10.01
-52.37,-16.97,13.12
-55.05,-16.05,15.93
-54.93,-17.58,19.04
-55.73,-21.18,23.13
-54.44,-26.79,28.87
-51.57,-33.94,34.00
-46.63,-39.06,29.85
-30.46,-32.23,-4.03
-17.21,-25.76,-11.35
-3.85,-15.69,1.65
5.07,-14.65,12.02
13.31,-10.44,13.73
26.00,-6.23,13.85
38.51,-7.20,14.89
48.52,-14.53,14.59
55.30,-25.21,13.61
67.81,-38.45,13.73
74.04,-43.64,15.20
82.21,-44.62,18.92
96.25,-51.27,25.15
105.22,-58.78,27.77
111.57,-65.00,27.40
119.32,-71.66,26.61
123.17,-74.04,25.82
125.73,-72.20,25.76
130.13,-72.51,22.09
133.42,-75.93,17.52
135.74,-83.68,12.15
132.51,-87.04,5.07
128.05,-85.21,2.81
121.52,-74.95,1.89
114.26,-63.72,1.89
107.67,-52.37,-1.34
98.51,-46.57,-1.28
85.39,-37.29,-3.30
68.60,-33.26,-3.97
45.72,-18.62,0.06
26.49,-1.10,3.11
13.24,5.43,3.17
2.32,0.92,-0.67
-8.91,-5.92,-3.78
-17.33,-10.31,-6.59
-24.78,-10.93,-9.16
-32.90,-7.69,-10.68
-41.69,-0.12,-12.15
-50.11,17.76,-12.51
-56.09,39.92,-8.97
-60.06,60.00,-6.71
-65.31,68.18,-6.90
-69.76,70.86,-12.08
-72.51,69.82,-26.61
-73.00,69.76,-42.11
-72.33,69.58,-50.54
-69.40,67.38,-51.57
-68.97,63.23,-46.81
-68.18,59.08,-40.59
-66.22,54.50,-35.34
-62.38,49.07,-28.44
-53.89,40.59,-16.42
-44.07,28.75,-0.43
-38.57,15.26,17.15
-31.56,0.61,34.24
-21.79,-16.24,51.15
-12.94,-33.20,65.55
-5.74,-44.37,66.71
12.21,-33.63,18.13
5.98,-23.56,4.27
16.85,-16.91,3.30
8.24,-18.92,5.13
0.37,-15.01,2.75
5.43,-9.40,2.50
9.03,-5.00,14.16
8.24,0.31,40.04
10.62,5.92,57.80
12.88,10.25,73.24
17.94,13.92,90.45
22.40,19.04,103.09
31.74,22.71,112.30
36.13,39.86,133.61
41.02,48.46,147.34
45.04,53.47,151.49
44.92,51.57,150.45
43.70,47.06,148.86
39.86,39.67,136.84
37.90,33.14,121.40
35.03,25.94,118.41
30.27,23.13,107.30
22.77,21.91,82.70
20.02,17.21,56.64
15.32,5.19,51.15
10.38,2.20,35.10
6.71,1.40,18.98
2.93,0.55,11.60
-0.31,-0.43,10.25
-2.32,-1.22,8.61
-2.75,-2.38,2.81
-2.44,-2.99,-1.28
-1.89,-3.30,-2.62
-1.22,-2.81,-3.30
-0.37,-2.20,-3.97
0.06,-1.53,-3.97
-0.67,-0.92,-4.15
-0.73,-0.55,-4.70
-0.18,-0.12,-4.46
1.28,0.49,-3.78
1.89,1.22,-2.93
2.08,1.77,-2.26
2.20,1.83,-1.71
1.89,1.28,-1.28
2.69,1.65,-0.85
2.99,1.34,-0.61
1.95,1.34,-1.59
0.92,0.73,-2.56
0.61,0.31,-2.38
1.22,0.67,-1.53
2.62,1.95,-0.18
2.20,1.59,0.31
1.71,1.22,0.12
1.77,1.89,0.06
0.92,0.12,0.24
0.73,0.85,-0.55
-1.28,-1.40,-1.10
-1.40,-0.85,-0.73
1.40,1.59,-1.59
0.43,0.00,-1.40
0.73,0.24,-1.10
2.14,1.40,-0.85
7.02,5.25,-0.73















-,-,-
-4.09,-17.82,1.46
-3.36,-16.36,1.89
-2.56,-14.40,2.32
-1.59,-12.88,2.56
0.00,-11.35,2.50
1.16,-10.13,2.75
1.40,-9.58,2.75
0.61,-9.70,2.26
-2.62,-9.70,1.83
-3.17,-9.77,1.46
-1.83,-9.64,2.08
-0.79,-9.22,1.71
-0.06,-8.79,1.04
0.49,-8.79,0.55
0.85,-8.18,-0.06
1.28,-7.45,-0.24
1.65,-6.90,-0.43
0.85,-6.47,-0.18
0.49,-5.86,-0.12
-0.18,-4.94,-0.12
-0.18,-4.03,0.06
0.73,-2.69,0.49
1.83,-1.28,0.98
3.17,0.31,1.46
4.15,1.04,2.01
5.25,1.16,2.26
5.98,0.43,2.56
6.65,-0.06,3.17
7.81,-0.85,4.46
9.28,-0.31,4.82
12.76,0.79,5.68
16.42,2.26,7.69
20.51,2.99,9.95
25.51,0.85,11.66
32.96,-10.50,17.09
35.71,-20.45,23.68
45.78,-18.92,23.99
59.33,-15.50,26.06
70.07,-31.86,27.65
75.20,-36.68,30.76
86.12,-34.42,35.77
89.97,-33.45,38.88
96.86,-36.74,38.02
98.39,-34.67,41.44
105.59,-32.35,42.79
117.25,-32.53,41.69
133.42,-37.23,39.55
148.50,-46.94,41.75
160.16,-53.65,44.62
167.60,-59.14,47.67
170.23,-59.27,47.97
170.65,-55.30,40.34
170.41,-50.29,39.12
162.23,-40.95,39.79
154.36,-23.07,39.79
143.92,-12.15,41.20
127.56,1.22,38.70
111.08,12.88,38.15
93.81,22.89,32.23
81.79,23.80,24.41
67.63,19.17,25.09
51.15,20.75,22.34
37.90,12.94,14.22
25.21,3.42,9.09
19.04,-10.01,4.03
14.77,-21.30,-0.18
9.58,-26.67,-4.21
1.46,-16.66,-4.39
-1.95,-14.71,-4.52
1.89,-12.51,-3.60
9.83,-7.69,-1.22
16.05,-2.69,0.61
11.47,0.06,0.00
1.04,0.49,-3.17
-11.96,-0.79,-6.41
-25.27,-2.69,-9.58
-37.29,-2.81,-10.93
-42.85,3.60,-11.05
-51.09,16.66,-14.34
-56.95,43.09,-15.87
-64.82,75.01,-21.30
-72.69,100.46,-31.62
-78.92,117.92,-41.81
-83.80,124.57,-47.55
-89.29,123.05,-47.85
-92.04,114.87,-45.23
-90.52,101.26,-41.93
-86.43,82.95,-37.29
-77.09,59.88,-30.46
-70.56,36.99,-22.64
-66.41,18.49,-16.54
-63.23,5.98,-11.05
-58.17,-1.83,-4.52
-50.90,-8.12,4.09
-42.42,-14.16,14.53
-33.20,-20.69,24.96
-20.94,-31.92,35.40
-7.87,-49.19,45.65
-2.01,-65.55,54.44
3.17,-68.97,51.57
11.78,-42.66,20.69
20.51,-29.54,15.20
31.07,-26.61,10.56
22.16,-25.15,9.77
11.47,-18.37,7.63
11.78,-12.02,6.65
11.60,-7.39,11.72
11.60,-2.81,24.66
13.79,0.24,56.76
16.66,10.93,76.11
24.23,17.82,92.04
25.21,25.45,114.93
29.05,32.53,131.47
35.03,37.90,140.14
35.52,42.48,133.48
35.83,40.59,126.10
32.23,39.86,132.14
26.00,37.72,140.44
21.97,31.86,126.53
22.09,34.30,109.68
22.34,21.61,98.75
17.33,16.30,87.40
10.99,12.33,65.55
8.73,8.61,59.14
4.64,5.80,44.43
3.36,5.49,35.22
1.10,6.16,31.13
-1.65,7.57,21.00
-2.50,7.26,18.13
-1.83,6.10,13.79
1.83,6.41,4.64
3.48,5.98,1.71
4.39,4.39,0.98
4.58,1.83,-0.06
4.15,-0.55,-1.53
2.38,-2.32,-3.11
0.37,-3.23,-4.21
-1.83,-3.91,-5.13
-3.42,-3.91,-6.16
-4.52,-3.54,-6.71
-4.09,-2.50,-6.47
-1.95,-0.18,-5.74
-2.38,-0.49,-4.27
-0.49,1.53,-3.54
2.14,3.91,-3.42
2.20,2.62,-4.09
0.79,0.43,-4.33
1.04,0.00,-4.52
1.16,0.24,-4.58
-2.08,-2.81,-4.58
-1.46,-2.62,-4.88
-0.61,-2.62,-4.70
0.43,-2.69,-4.21
2.75,-1.46,-3.78
4.88,-0.49,-3.17
6.77,1.16,-2.20
7.69,2.69,-1.34
7.08,4.39,-1.22
4.15,6.23,-1.95
0.85,8.24,-2.87
-2.62,11.29,-2.44
-6.10,15.93,-1.16
-8.54,19.47,-0.85
-8.36,22.40,-4.03
-6.84,28.93,-13.12
-5.98,36.80,-24.23
-4.27,44.49,-33.26
-0.98,53.10,-40.28
5.37,63.17,-49.26
12.82,72.33,-58.78
18.80,78.55,-65.49
22.71,81.24,-67.20
24.35,79.96,-64.03
24.05,74.83,-58.41
22.77,67.81,-51.15
21.18,60.06,-44.13
19.53,52.37,-38.39
16.85,44.92,-34.30
13.24,37.41,-33.02
9.34,29.91,-33.39















-,-,-
1.04,2.14,1.95
0.31,2.81,1.04
-0.61,2.81,0.12
-1.10,2.99,-0.85
-1.16,3.17,-1.65
-0.79,2.81,-1.34
-0.55,2.50,-0.67
-0.49,1.59,0.06
-0.67,0.67,1.04
-0.43,0.37,1.59
-0.06,0.31,1.71
-0.18,0.37,1.83
-1.22,1.34,1.65
-2.01,2.20,0.79
-2.38,2.32,-0.24
-2.99,1.89,-0.85
-3.78,1.53,-0.85
-4.58,1.22,-0.49
-5.13,0.43,0.55
-4.82,-0.79,1.65
-4.21,-2.56,3.23
-3.85,-3.85,5.00
-3.36,-4.03,6.29
-2.44,-5.43,7.08
-2.62,-6.77,7.87
-1.10,-8.36,8.67
0.31,-12.27,10.93
-0.06,-17.82,15.63
-1.22,-16.42,8.97
0.12,-9.46,-1.53
4.15,-7.26,1.22
4.15,-9.77,3.30
7.02,-9.89,2.99
6.41,-6.84,2.81
6.77,-4.94,3.72
12.88,-3.85,5.68
22.89,-6.53,10.44
29.42,-10.44,15.87
36.50,-16.72,17.88
42.85,-22.64,21.91
52.98,-26.06,25.27
60.67,-25.94,27.34
72.81,-30.94,31.86
80.99,-31.43,35.16
91.49,-36.50,34.55
98.94,-39.86,39.49
107.36,-41.50,44.07
119.57,-43.03,42.85
130.31,-45.23,39.31
140.38,-50.11,35.64
143.92,-52.86,34.24
147.40,-52.55,33.81
151.37,-51.03,34.55
151.73,-45.47,32.84
154.54,-45.23,26.79
152.89,-40.59,26.73
151.18,-37.17,24.41
149.90,-30.40,28.56
143.98,-27.89,22.52
138.67,-24.41,15.14
130.98,-26.86,10.19
118.84,-22.58,7.87
107.42,-19.90,8.61
92.35,-17.76,7.20
77.03,-13.55,3.05
59.02,-10.74,2.69
41.87,-7.08,1.65
25.27,-3.54,-1.10
11.90,0.92,1.71
0.79,-2.38,1.77
-9.03,-10.31,-2.20
-22.28,-17.21,-6.04
-37.23,-21.42,-10.07
-50.84,-20.69,-12.76
-61.52,-11.72,-14.04
-68.05,3.30,-13.98
-70.98,25.63,-13.79
-71.96,43.46,-18.13
-76.48,52.55,-14.83
-80.20,59.81,-5.92
-77.27,65.49,-6.10
-75.68,67.32,-13.79
-75.56,67.57,-25.70
-75.87,68.24,-35.83
-75.20,67.75,-41.63
-72.45,66.04,-42.85
-67.57,59.69,-39.98
-58.59,49.07,-34.36
-48.89,35.40,-26.43
-40.16,19.78,-17.21
-36.38,5.80,-7.26
-37.90,-3.11,2.56
-37.78,-7.87,12.27
-33.69,-12.51,21.79
-26.92,-20.81,31.62
-17.76,-35.46,42.54
-10.38,-57.50,54.38
-2.75,-67.81,50.54
4.27,-47.24,12.51
15.87,-35.71,5.68
30.40,-28.63,7.08
30.15,-22.34,10.74
19.23,-13.67,7.14
12.57,-8.42,2.99
10.13,-5.07,2.93
5.55,-4.09,5.19
10.19,0.24,6.35
17.64,3.42,16.17
15.01,5.00,38.21
20.20,6.41,42.54
26.55,10.07,41.20
27.40,12.33,42.60
25.51,10.38,55.36
18.86,11.54,65.49
20.39,12.45,69.27
20.69,10.99,71.35
19.84,13.85,77.51
19.35,19.84,84.41
19.53,20.14,93.32
14.77,21.73,103.27
14.10,20.94,108.22
13.49,24.11,112.06
13.49,23.68,108.83
12.70,23.44,98.69
11.54,24.05,86.24
13.67,16.97,73.43
14.34,10.38,64.51
9.40,5.19,57.25
8.42,2.75,41.75
2.56,2.99,47.55
1.04,2.50,27.22
0.67,2.26,27.16
-3.97,-0.92,31.86
-2.32,-0.06,21.06
0.00,2.26,15.44
1.16,3.91,23.99
2.32,0.49,28.99
2.38,-1.46,18.31
4.27,0.43,1.40
1.40,0.73,-0.55
-1.59,0.67,2.38
-3.54,0.67,3.97
-3.66,0.61,5.74
-1.40,-0.37,23.38
-0.37,3.91,35.64
4.52,5.31,22.89
5.74,5.13,16.85
6.23,5.07,18.25
5.98,2.75,18.13
5.49,0.43,18.01
5.62,0.43,18.07
5.62,0.61,15.87
6.23,0.98,7.08
6.65,0.55,2.20
6.23,0.06,2.56
6.16,0.06,3.05
6.04,0.24,1.71
5.92,0.31,0.49
5.25,0.31,0.37
3.60,-0.24,0.49
2.62,-0.79,-0.43
1.65,-1.22,-0.67
1.77,-0.98,-0.79
1.53,-1.04,-0.92
1.65,-0.73,-1.16
2.38,0.00,-1.28
2.75,0.73,-1.10
2.01,0.61,-0.98
1.83,0.67,-1.10
2.44,0.85,-1.04
3.42,1.16,-0.98
4.09,0.85,-0.61
3.91,0.06,-0.49
3.17,1.10,-1.10
2.56,0.31,-1.59
2.20,0.12,-0.98
3.05,1.59,-0.24
2.01,0.37,0.37
4.15,2.14,0.31
2.87,0.67,1.28















-,-,-
-0.12,-7.69,-2.81
-1.46,-10.25,-2.99
-2.69,-11.90,-1.83
-3.36,-13.12,-0.73
-4.33,-14.53,-0.73
-4.94,-15.08,-1.65
-5.80,-14.40,-1.59
-5.80,-13.06,-1.34
-5.00,-11.29,-0.85
-4.15,-9.16,-0.18
-3.85,-7.26,-0.31
-3.42,-6.16,-0.92
-2.93,-5.37,-0.85
-2.14,-4.76,-0.31
-1.10,-4.27,0.31
-0.79,-4.39,0.85
-0.85,-4.70,1.04
-1.04,-4.82,1.16
-1.34,-4.94,1.34
-0.73,-4.52,1.40
-0.06,-3.60,1.89
0.12,-3.11,2.69
0.12,-2.93,2.75
0.37,-2.93,2.32
-0.61,-3.42,2.62
-0.55,-3.30,2.62
-0.24,-2.69,2.87
0.98,-1.71,3.36
1.65,-0.49,4.39
2.38,0.24,5.25
3.54,1.16,5.98
5.37,1.46,7.08
9.16,2.99,9.09
14.28,2.87,12.63
24.72,3.91,18.43
38.09,-1.22,24.60
42.97,-5.31,24.72
52.98,-13.06,21.06
60.61,-19.47,24.35
71.47,-31.62,26.79
82.95,-39.79,24.11
96.98,-51.76,19.04
105.16,-59.02,15.44
113.16,-65.12,18.55
118.84,-68.79,22.22
125.73,-70.80,20.69
132.39,-67.20,26.00
140.50,-68.60,25.45
149.23,-71.96,18.86
155.15,-71.47,13.98
156.49,-67.50,10.93
158.75,-70.80,14.95
156.68,-67.50,13.98
155.88,-60.18,10.01
150.94,-57.80,3.54
141.36,-52.37,2.01
125.37,-36.19,4.27
107.30,-22.58,10.38
87.89,-10.62,13.31
67.75,2.99,12.02
51.57,6.71,12.88
33.81,9.83,13.61
20.81,13.12,13.43
12.33,12.82,9.34
10.07,2.32,5.49
9.70,-4.52,4.27
8.85,-7.26,2.56
4.03,-8.73,-0.24
-2.14,-9.28,-2.69
-5.74,-8.00,-3.48
-6.84,-5.31,-2.69
-8.42,-1.65,-1.34
-15.69,1.28,-2.26
-27.95,1.77,-5.37
-41.63,2.44,-8.73
-56.15,8.18,-12.76
-70.92,29.60,-13.49
-77.58,55.85,-5.74
-79.10,74.95,-3.05
-72.94,85.51,-16.24
-61.16,84.47,-35.10
-54.20,72.51,-47.18
-56.21,60.49,-48.89
-59.69,55.24,-45.72
-61.71,53.65,-40.71
-62.07,55.24,-34.91
-61.83,58.78,-28.38
-61.34,61.52,-20.39
-60.30,59.94,-11.35
-58.84,54.99,-0.24
-53.53,43.82,11.72
-45.23,26.92,22.77
-36.38,6.59,28.69
-31.49,-13.49,29.85
-32.04,-26.79,27.47
-32.47,-30.46,24.66
-34.97,-26.00,22.77
-36.93,-16.30,20.94
-35.28,-7.14,20.57
-30.52,-3.48,24.05
-21.42,-8.00,30.33
-13.67,-20.75,38.33
-3.36,-30.46,32.41
6.53,-21.06,7.32
20.51,-11.05,10.56
32.17,-2.87,16.30
36.68,4.27,18.80
30.27,9.28,19.41
24.35,11.35,16.72
19.10,10.74,10.50
13.18,9.28,6.90
8.36,9.34,6.04
4.76,8.91,4.70
3.54,7.08,2.99
1.22,5.43,4.33
-0.06,6.47,3.91
-5.07,5.25,3.05
-9.52,5.13,2.20
-12.45,6.23,2.81
-13.55,7.08,5.86
-12.82,8.79,13.12
-10.56,9.70,21.67
-9.09,14.71,43.64
-7.32,22.95,74.89
-0.61,24.96,99.67
5.98,28.93,111.39
13.85,31.68,119.02
18.80,33.63,126.34
21.18,36.56,129.70
21.12,37.05,120.36
23.32,35.10,115.23
17.40,34.18,120.30
13.61,28.50,119.75
13.43,19.04,126.04
10.38,12.88,115.84
12.94,13.06,94.42
17.03,11.96,85.51
14.28,8.06,68.48
12.45,4.70,46.14
9.46,0.49,25.27
6.96,-1.16,13.79
3.66,-3.30,19.29
0.79,-4.64,12.15
0.73,-4.82,2.69
0.98,-5.00,-0.92
2.44,-4.82,-2.50
3.91,-4.09,-3.66
4.46,-3.72,-4.46
5.13,-3.36,-4.58
5.13,-2.93,-4.52
4.33,-2.75,-4.39
2.44,-2.62,-4.94
-0.24,-2.62,-5.86
-2.32,-2.75,-7.02
-2.81,-2.56,-7.08
-2.14,-2.14,-6.65
-1.34,-1.71,-6.35
-0.24,-1.46,-5.80
1.28,-1.34,-4.88
2.50,-1.16,-4.39
2.62,-1.46,-4.39
1.77,-2.01,-4.88
0.85,-2.38,-5.62
0.24,-2.87,-5.55
-0.49,-3.23,-5.00
-0.31,-3.11,-4.58
0.61,-2.93,-4.21
1.28,-2.69,-3.85
2.01,-2.20,-3.66
2.26,-1.71,-3.78
1.95,-1.59,-3.66
1.95,-1.53,-3.72
1.95,-1.22,-3.72
2.08,-1.22,-3.54
2.56,-0.92,-3.54
2.69,-0.73,-3.17
1.71,-1.22,-2.81
1.65,-1.22,-2.69
1.59,-1.71,-2.75
1.28,-1.83,-2.75















-,-,-
2.26,0.98,1.71
2.14,0.85,2.01
2.20,0.85,2.08
2.26,1.04,2.87
2.69,1.65,2.14
3.66,1.34,1.28
3.85,0.43,1.22
2.56,-0.12,1.04
2.44,-0.18,1.04
2.26,-0.98,1.22
1.71,-1.46,1.53
0.85,-1.89,1.65
0.85,-1.71,2.01
0.18,-1.59,1.89
-0.31,-1.40,0.85
-0.79,-1.10,0.24
-1.16,-0.79,0.31
-0.43,-0.12,0.37
0.31,0.67,0.43
0.24,0.55,0.61
0.43,0.67,0.85
1.04,0.67,0.92
1.10,0.85,0.92
0.73,0.67,0.85
0.85,0.55,1.16
1.40,0.92,1.83
2.14,1.04,2.20
2.26,1.04,2.69
3.48,1.89,2.93
3.42,0.37,3.11
4.39,1.34,2.44
3.66,0.79,2.50
3.30,1.16,2.69
2.50,1.10,2.87
3.30,1.89,2.69
5.07,0.43,3.97
10.93,-14.47,7.69
14.47,-24.48,8.67
19.23,-24.35,12.88
29.54,-22.77,17.21
42.60,-20.45,15.44
53.47,-18.37,18.98
63.78,-25.21,20.63
72.88,-29.66,17.33
81.73,-36.80,21.97
87.16,-44.07,24.29
97.17,-48.89,26.86
108.76,-56.82,25.09
115.30,-60.30,19.41
124.69,-65.06,12.88
128.17,-71.29,11.54
133.18,-78.61,10.50
136.35,-76.60,17.03
138.24,-71.35,18.13
142.58,-68.12,16.42
140.01,-57.74,22.46
140.75,-49.44,23.13
142.94,-43.95,19.65
140.50,-37.78,29.24
134.22,-31.74,30.52
135.99,-28.02,23.44
133.85,-33.94,16.54
127.99,-37.05,6.29
119.93,-37.17,5.62
107.30,-38.02,8.54
91.74,-31.43,7.87
75.50,-21.97,6.96
58.96,-14.16,0.06
45.35,-5.68,1.16
33.75,5.00,6.90
23.19,13.37,7.08
16.42,5.31,2.87
7.20,-2.26,-0.06
2.44,-8.73,-2.93
1.40,-13.55,-4.21
1.34,-15.26,-4.09
1.83,-14.53,-3.72
2.99,-12.94,-3.60
6.90,-15.26,-5.74
14.89,-18.92,-8.12
21.06,-17.15,-4.82
26.25,-17.58,-5.62
22.95,-16.42,-7.32
15.20,-10.31,-3.97
8.06,-2.99,5.68
1.53,10.31,6.65
-4.33,12.45,3.54
-10.44,8.54,2.20
-13.06,5.74,1.04
-11.96,4.70,-0.79
-10.25,4.46,-2.38
-5.80,4.64,-2.62
1.59,5.49,-1.65
11.90,6.59,0.37
20.20,7.20,3.30
24.29,-0.31,4.03
21.67,-18.92,-0.92
11.05,-20.20,-6.90
4.64,-12.08,-5.49
-4.03,-7.14,0.12
-14.83,-3.85,-1.65
-25.15,-2.50,-4.76
-35.95,2.01,-4.39
-43.58,17.27,1.95
-52.25,40.77,6.29
-64.45,70.74,-2.87
-74.34,97.05,-21.24
-81.67,111.82,-35.58
-87.16,111.51,-39.18
-87.77,101.68,-35.03
-87.52,87.59,-27.95
-86.18,67.02,-19.71
-81.60,46.39,-10.93
-79.16,29.48,-1.71
-77.88,20.20,6.04
-78.31,19.78,9.46
-79.90,25.51,8.67
-78.86,32.53,5.68
-77.03,37.78,2.50
-74.28,38.21,-0.92
-70.13,33.26,-4.64
-64.76,24.90,-7.75
-58.47,14.59,-7.51
-54.38,4.94,-4.58
-46.45,-0.61,-0.61
-42.97,-3.48,6.71
-42.30,-7.02,14.16
-36.62,-12.45,21.85
-32.53,-19.23,32.41
-30.46,-26.00,40.10
-12.70,-19.47,6.04
-5.49,-10.56,-3.05
17.09,-4.58,5.37
16.30,-1.59,12.15
9.22,2.87,9.28
7.57,5.74,6.04
3.48,6.65,9.16
2.14,5.13,16.97
0.00,3.91,42.72
0.06,5.13,68.24
7.93,10.07,85.27
20.94,12.70,100.89
27.22,10.62,113.65
32.78,18.43,123.54
43.33,27.04,132.63
44.31,29.36,148.56
41.02,30.88,163.27
40.95,35.03,167.54
41.50,35.71,159.67
43.21,31.37,142.64
41.93,25.15,127.38
38.33,18.80,106.32
31.74,14.16,94.67
25.21,11.35,77.88
20.75,11.17,61.46
20.20,8.73,48.95
17.94,4.88,58.65
14.53,0.49,58.90
11.35,2.20,36.68
9.34,3.17,15.63
5.37,1.53,5.86
4.03,-1.46,1.89
4.46,-3.78,-0.06
4.52,-5.43,-1.16
3.48,-6.41,-2.32
2.08,-6.41,-3.85
1.40,-5.55,-4.88
0.12,-4.46,-5.62
-0.61,-3.05,-5.86
-3.30,-1.59,-4.88
-2.38,4.94,-4.70
-5.49,8.30,-5.07
-11.17,9.70,-6.71
-13.12,14.83,-10.86
-13.85,20.63,-12.57
-13.00,26.73,-15.32
-11.84,32.47,-26.67
-8.85,41.32,-45.72
-3.05,51.21,-64.70
2.44,60.30,-78.55















-,-,-
-9.28,-22.46,-0.43
-9.77,-23.56,-0.49
-10.38,-23.25,-0.49
-10.01,-21.97,-0.06
-9.09,-21.00,0.55
-7.63,-19.10,0.73
-7.14,-17.94,1.10
-5.49,-15.56,1.40
-2.87,-12.39,1.22
-0.31,-9.16,1.46
-0.18,-10.38,1.77
1.95,-8.85,1.34
-0.31,-11.66,1.71
-2.69,-14.28,0.43
-3.23,-15.14,-0.49
-2.62,-14.95,-1.16
-2.87,-14.89,-0.73
-2.99,-15.01,0.18
-3.17,-14.77,1.10
-2.26,-12.70,1.83
0.43,-9.89,2.93
2.14,-8.91,4.21
4.46,-7.93,5.25
6.59,-5.37,4.33
6.53,-4.88,2.87
4.64,-5.13,2.08
4.27,-3.78,1.71
3.66,-3.23,1.83
0.92,-5.07,2.87
2.87,-2.87,2.69
2.81,-3.60,3.11
5.13,-1.95,3.72
8.18,0.00,4.58
12.02,0.79,5.62
14.22,1.40,8.00
20.63,3.97,9.64
27.71,-0.92,11.17
39.73,-17.46,14.04
43.09,-19.23,18.43
57.19,-24.84,21.00
71.41,-33.63,16.05
79.47,-37.66,12.21
91.49,-42.72,11.29
105.16,-54.44,14.47
112.00,-58.17,19.04
119.51,-58.11,20.39
129.21,-57.25,22.28
133.91,-53.16,24.60
141.48,-49.68,24.96
145.94,-46.75,27.16
147.83,-44.98,25.33
146.67,-47.18,23.13
141.11,-46.75,22.77
134.46,-37.96,18.31
131.04,-33.02,23.01
122.56,-26.37,24.90
117.19,-24.11,18.01
110.90,-22.03,11.66
103.45,-20.20,6.96
97.47,-18.68,6.59
88.20,-12.70,6.29
80.51,-12.51,8.06
74.28,-11.41,3.42
66.59,-8.24,2.01
59.63,-12.15,3.11
49.44,-13.85,2.20
44.01,-17.64,2.26
32.96,-8.91,2.69
35.71,-12.57,-2.20
32.35,-14.65,-1.65
34.91,-22.71,-2.75
36.87,-20.20,-0.49
35.40,-8.48,6.23
33.08,-1.53,5.49
28.32,-1.59,0.67
24.23,3.36,0.49
25.15,-2.08,-0.37
29.11,-9.89,-3.05
30.09,-16.97,-6.84
29.24,-22.22,-8.97
17.09,-12.27,-2.75
8.00,6.23,-4.88
1.16,12.88,-0.49
-2.75,11.78,0.31
0.06,7.32,-1.04
8.18,1.53,-2.81
15.63,-9.28,-4.94
16.42,-19.53,-11.60
10.93,-26.92,-16.24
-3.42,-16.42,-12.21
-11.96,-4.39,-9.89
-22.95,6.84,-5.98
-37.90,17.40,-6.41
-53.22,34.85,-5.62
-71.41,68.73,-8.30
-84.90,108.89,-24.66
-94.54,140.93,-42.72
-103.45,156.43,-49.38
-111.33,156.19,-41.81
-114.62,142.27,-27.10
-113.53,120.00,-12.39
-113.40,93.14,-0.67
-111.88,68.24,7.69
-112.49,47.12,12.15
-105.16,34.18,10.13
-101.87,21.24,6.41
-98.75,12.15,3.72
-92.53,10.13,2.56
-84.66,10.44,2.99
-75.01,9.28,4.33
-62.50,8.42,6.71
-49.38,3.17,13.43
-35.28,-4.27,23.38
-22.28,-14.47,34.61
-10.74,-25.82,44.13
1.71,-34.97,51.88
15.01,-30.64,43.03
16.30,-1.95,25.94
45.23,10.86,39.92
46.51,4.94,69.03
36.25,-2.20,85.14
43.64,4.09,83.86
52.55,5.19,82.40
51.76,3.72,92.83
46.51,4.39,113.04
43.95,4.94,123.11
41.44,8.12,132.14
36.32,11.29,134.77
33.81,23.07,139.89
28.50,30.82,139.10
28.81,22.28,128.30
25.27,16.97,120.91
26.67,13.67,104.61
29.11,9.89,85.94
26.49,10.07,82.52
22.40,7.93,73.55
17.76,3.17,51.82
13.61,0.37,42.11
9.16,-3.05,46.14
5.55,-2.50,38.02
3.36,-3.97,34.42
2.26,-3.66,27.71
2.32,-3.42,21.91
2.38,-1.40,13.92
3.23,0.85,5.37
4.52,2.81,2.32
5.19,3.48,0.98
4.82,2.99,-0.67
3.91,1.65,-2.44
2.50,-0.06,-3.48
1.83,-0.92,-4.03
1.40,-1.22,-4.39
0.79,-0.85,-4.70
0.49,-0.31,-4.64
1.77,0.37,-4.52
2.69,1.59,-4.58
2.87,1.89,-4.58
3.66,1.71,-3.85
3.66,1.16,-3.36
3.91,0.43,-2.69
4.39,-0.18,-1.65
4.88,-0.61,-0.92
5.00,-1.04,-0.92
5.43,-1.34,-0.85
6.29,-1.65,-0.31
6.71,-1.95,-0.24
5.25,-1.83,-0.37
4.15,-1.83,-0.31
3.36,-1.53,0.43
3.42,-0.37,1.65
3.91,1.40,2.81
3.54,2.50,3.48
2.69,2.44,3.05
2.75,1.89,2.62
3.11,1.28,2.50
3.36,0.85,1.71
2.14,0.73,1.46
0.49,0.24,2.01
-0.49,-0.85,5.86
0.06,-1.22,22.64















-,-,-
0.49,-2.20,0.37
0.79,-1.77,0.49
1.34,-1.10,0.98
1.34,-1.53,1.28
1.65,-1.65,1.28
2.01,-1.65,1.16
1.40,-2.50,1.22
1.34,-2.62,1.34
1.34,-2.81,1.53
1.16,-2.62,1.40
1.65,-1.95,1.28
1.10,-1.65,1.65
1.89,-0.18,1.95
2.38,0.37,2.14
2.32,0.18,1.83
1.46,-0.67,1.59
2.14,-1.16,1.04
0.92,-1.89,1.10
0.18,-2.56,0.85
0.12,-2.44,0.55
-0.12,-2.44,0.61
0.31,-1.40,0.49
0.43,-0.61,0.67
1.53,0.92,1.10
3.30,3.17,1.65
2.81,1.71,2.14
3.36,1.22,2.01
4.70,2.14,1.53
2.14,-0.18,2.01
2.32,-0.06,1.04
1.89,-0.79,0.31
1.89,-0.37,0.37
1.46,0.06,0.73
2.32,0.85,0.98
3.60,1.95,1.59
4.27,2.01,2.56
7.51,3.72,3.60
12.27,6.90,5.68
16.85,8.48,7.63
22.95,7.26,10.62
32.78,-4.94,19.29
39.92,-13.43,25.02
55.73,-18.92,25.02
74.89,-30.21,26.06
84.78,-30.82,26.18
99.00,-35.28,25.09
111.88,-44.25,26.31
119.57,-50.11,27.40
132.39,-56.82,23.74
143.68,-61.95,21.55
151.61,-64.39,20.02
158.69,-66.83,22.28
159.79,-64.33,25.27
161.62,-60.61,21.97
161.62,-59.27,20.32
159.24,-57.68,18.86
153.50,-49.99,19.29
150.63,-42.66,16.30
143.86,-38.76,18.98
137.63,-35.40,16.60
130.00,-31.19,11.11
122.68,-29.72,7.08
111.57,-33.94,2.44
103.09,-35.40,-3.72
94.36,-37.48,-9.70
91.86,-40.53,-16.05
82.40,-45.78,-17.52
67.87,-40.71,-16.42
47.91,-34.36,-5.92
35.10,-26.49,-4.70
19.04,-7.87,1.10
18.19,-4.76,-4.09
19.71,-4.09,-5.43
22.64,-7.81,-4.03
20.51,-5.19,-0.18
17.76,-17.82,-4.70
8.48,-12.51,-2.99
3.85,-7.08,-1.95
2.20,-7.14,-2.99
-6.23,-6.71,-3.85
-14.53,-4.88,-4.94
-26.73,-3.66,-6.84
-39.49,-0.43,-9.58
-49.32,9.52,-9.83
-55.54,32.96,-1.46
-54.63,53.59,0.85
-53.71,68.85,-3.66
-52.19,74.04,-11.84
-53.83,77.45,-22.16
-58.11,80.20,-30.33
-59.57,83.25,-36.93
-64.64,81.05,-39.61
-68.85,79.16,-38.15
-69.64,81.30,-32.78
-72.08,78.80,-21.73
-70.74,76.42,-8.18
-71.04,70.80,7.51
-69.70,63.23,22.64
-69.03,53.41,34.36
-68.60,42.54,40.71
-68.85,30.58,42.54
-68.30,20.75,39.43
-66.65,12.08,31.49
-63.48,8.42,19.71
-56.21,8.18,9.28
-48.46,6.16,3.66
-49.32,8.54,-1.34
-48.28,12.33,-5.25
-45.29,10.31,-7.75
-44.86,8.85,-10.31
-38.64,9.09,-11.90
-25.02,4.58,-9.58
-17.52,-1.95,-6.04
-13.18,-8.30,-3.66
-7.32,-12.51,-1.34
-1.04,-15.20,4.52
3.30,-18.74,14.77
5.07,-16.48,19.41
3.36,-4.82,7.26
10.99,-1.16,7.69
13.37,-6.16,11.96
9.95,-11.78,21.12
14.34,-8.67,35.83
20.81,-10.68,55.48
20.39,-9.16,76.78
24.60,-8.61,83.19
32.29,-6.16,96.74
38.02,1.53,115.91
44.80,11.05,135.99
48.65,19.23,155.58
52.19,18.49,161.07
51.45,25.51,163.94
50.23,32.04,152.89
45.47,25.39,140.99
37.54,18.07,120.12
36.01,10.99,98.94
31.92,12.02,90.27
27.04,10.74,79.90
22.58,4.09,74.65
15.81,2.20,73.43
12.51,-0.24,67.02
7.51,-1.04,53.34
4.82,-3.23,38.76
3.78,-1.77,27.16
2.32,0.18,10.56
4.39,0.12,-1.83
5.37,0.31,0.43
7.39,0.12,2.62
8.79,-0.12,2.38
9.28,-0.67,0.92
7.51,-0.92,-0.49
5.31,-0.37,-2.50
4.21,0.43,-3.91
3.60,0.92,-4.03
3.54,1.95,-4.03
3.23,2.69,-4.27
2.93,2.50,-4.46
2.38,2.01,-4.27
3.11,2.20,-4.21
4.46,2.38,-3.85
5.49,2.50,-3.17
5.62,2.20,-3.05
4.70,1.16,-3.30
4.46,0.49,-3.11
4.09,0.06,-2.32
2.01,-0.85,-1.89
1.16,-1.10,-2.44
-2.01,-2.56,-1.10
-2.75,-2.14,-0.18
-2.38,-0.92,0.37
-2.14,0.31,1.16
-0.55,2.01,1.04
1.53,4.82,1.10
-0.43,4.09,2.32
-0.37,3.97,1.95
-0.79,4.21,0.73
-2.87,3.48,-0.31
-4.76,2.62,-1.89
-6.35,2.56,-3.30
-7.32,4.64,-4.52















-,-,-
4.33,-0.55,0.61
4.70,-0.92,2.75
5.07,-0.67,2.56
4.27,-0.12,2.26
2.50,-0.79,2.14
1.95,-2.08,2.62
1.46,-3.66,3.54
0.92,-5.74,3.91
0.67,-6.71,1.77
2.01,-7.02,0.79
2.93,-7.45,1.34
3.36,-7.63,2.14
4.33,-8.06,2.14
4.82,-8.54,2.08
5.00,-8.97,1.95
4.82,-9.22,1.95
3.36,-9.95,1.77
3.66,-10.19,1.28
3.23,-10.01,0.98
2.93,-9.83,1.10
2.87,-9.16,1.16
2.81,-8.24,1.28
3.54,-7.32,1.40
4.27,-6.35,1.89
5.37,-5.43,2.32
6.41,-5.25,2.56
6.16,-5.37,2.87
5.19,-6.23,3.17
5.13,-7.14,3.11
5.92,-8.54,2.87
6.23,-9.89,2.56
4.88,-11.35,2.44
6.77,-12.76,2.32
10.13,-13.18,2.32
12.39,-13.12,2.20
10.74,-15.56,2.44
11.66,-18.31,1.71
15.75,-23.68,2.08
18.55,-24.96,4.58
27.83,-27.16,12.88
44.74,-30.88,18.07
65.49,-29.97,22.16
87.59,-31.37,25.51
110.11,-39.43,29.42
128.05,-48.03,27.95
144.29,-56.46,24.17
156.13,-62.62,21.48
160.95,-63.42,22.83
159.67,-60.91,17.88
163.76,-60.30,10.38
167.72,-59.33,10.07
170.65,-55.42,9.83
170.29,-50.60,8.18
161.19,-44.98,8.54
147.95,-39.92,6.65
133.97,-32.71,5.13
122.62,-27.10,1.71
114.01,-20.51,-0.24
107.67,-17.21,-1.77
100.46,-15.01,0.98
90.64,-19.04,-4.21
79.53,-22.52,-10.56
68.18,-21.00,-23.07
61.89,-20.32,-19.90
50.29,-15.81,-3.11
45.17,-14.40,0.12
36.80,-3.91,1.65
32.04,-7.26,-2.69
23.25,-6.10,-3.85
11.72,1.53,0.49
4.27,2.99,0.49
-3.17,-2.26,-2.62
-12.02,-7.20,-4.94
-21.18,-9.95,-7.51
-30.88,-9.64,-8.73
-39.18,-5.43,-9.03
-44.07,3.66,-8.85
-48.22,21.79,-5.68
-49.50,38.27,-1.89
-51.82,54.32,4.39
-55.30,68.79,8.91
-59.02,78.49,10.62
-61.46,89.17,10.44
-56.52,95.15,7.81
-50.42,93.44,4.88
-48.58,87.59,0.73
-51.51,82.64,-5.13
-57.80,81.67,-10.50
-62.32,85.39,-11.54
-68.73,87.16,-5.19
-72.51,88.87,5.07
-72.02,88.20,16.85
-70.25,79.96,28.81
-68.30,64.39,35.89
-65.06,45.72,34.91
-61.34,27.34,27.04
-57.13,10.62,14.95
-51.88,-1.83,1.95
-47.49,-8.91,-7.08
-46.33,-11.78,-11.35
-49.19,-11.17,-11.17
-53.53,-9.22,-8.54
-60.18,-9.46,-4.39
-59.27,-14.59,0.79
-56.15,-24.48,8.97
-47.85,-39.31,22.16
-35.34,-44.92,25.21
-31.68,-34.97,0.73
-15.69,-32.17,-7.20
-3.85,-28.08,-5.07
-11.66,-23.56,-0.73
-13.24,-13.67,1.71
-14.77,-6.16,10.68
-18.01,3.91,24.35
-12.82,4.64,44.07
-12.94,11.17,64.94
-10.25,17.64,86.43
-9.89,21.48,108.52
-4.15,21.67,118.04
3.85,22.89,124.39
9.70,29.42,129.21
13.18,34.97,136.29
12.88,33.94,143.31
11.96,30.09,148.19
10.68,26.25,139.71
8.24,21.06,128.48
4.88,15.20,110.78
4.76,8.85,100.04
4.58,2.38,93.57
3.91,1.89,84.11
3.60,1.65,71.66
1.34,-4.94,53.77
-0.18,-3.97,21.00
-1.34,-2.75,16.36
-5.25,-5.62,12.08
-4.64,-7.63,23.86
-2.87,-5.98,42.85
-2.99,-5.00,44.31
1.46,-0.79,25.94
3.85,0.92,11.54
5.92,1.71,3.91
8.85,3.72,1.53
10.01,5.13,0.73
9.83,5.55,-0.24
9.03,4.94,-2.08
7.75,3.85,-3.85
6.23,2.56,-5.25
4.03,1.10,-6.59
2.50,0.18,-8.42
1.46,0.00,-8.91
1.65,0.67,-8.42
2.81,1.83,-7.20
4.33,2.50,-6.16
5.43,2.75,-5.37
5.49,2.50,-4.70
5.55,2.20,-4.39
5.00,1.53,-4.09
4.03,1.22,-3.66
3.11,0.55,-3.17
1.77,0.18,-2.56
1.10,0.06,-1.89
1.53,0.06,-0.98
2.99,1.10,0.00
4.82,1.46,0.73
6.47,1.59,1.65
8.06,1.95,2.50
8.61,1.77,2.62
8.54,1.77,2.62
7.81,1.22,2.50
7.26,1.16,1.83
6.90,1.10,0.98
6.41,1.16,0.31
5.37,1.34,-0.37
6.23,2.20,-1.22
6.16,2.56,-1.16
5.25,2.26,-0.85
7.08,4.52,-1.46
5.13,2.87,-1.10
5.92,4.76,-1.59
3.78,3.17,-1.53















-,-,-
-1.46,0.24,2.44
-1.22,0.12,2.26
-0.98,0.18,1.89
-0.61,0.18,1.65
-0.24,0.24,1.53
0.24,0.31,1.83
0.37,0.18,2.20
0.49,0.24,2.32
0.37,0.18,2.26
0.61,0.31,2.08
0.85,0.18,1.89
0.67,0.12,1.65
0.98,0.43,1.28
1.04,0.55,1.22
0.92,0.49,1.40
0.43,0.31,1.59
0.06,0.31,1.65
-0.31,0.49,1.34
-0.43,1.10,0.73
-0.79,1.16,0.18
-0.85,1.59,-0.55
-1.04,1.89,-1.22
-1.04,1.53,-1.65
-0.98,1.28,-2.69
-0.98,1.28,-3.54
-1.34,1.77,-4.15
-1.65,2.69,-5.31
-2.75,4.27,-7.26
-4.21,6.04,-9.46
-5.86,7.93,-11.72
-6.84,9.40,-13.85
-6.90,9.83,-15.56
-9.09,9.95,-15.99
-13.55,10.25,-15.32
-19.04,11.05,-14.71
-23.99,12.27,-14.95
-26.55,13.24,-15.69
-29.30,13.31,-15.69
-33.14,12.94,-15.01
-42.05,13.73,-14.10
-54.20,16.85,-14.83
-66.83,22.34,-17.94
-76.84,27.89,-22.77
-85.33,31.62,-26.86
-87.04,31.31,-28.38
-87.59,27.53,-26.43
-87.59,20.81,-22.46
-87.52,10.13,-18.19
-90.15,-1.46,-15.38
-94.97,-10.68,-15.08
-99.73,-17.27,-16.30
-97.60,-20.94,-17.40
-92.65,-22.58,-15.99
-91.06,-24.35,-9.16
-90.94,-25.63,2.62
-89.90,-25.02,14.89
-89.54,-21.00,23.74
-89.84,-14.89,30.21
-86.49,-7.81,36.19
-73.67,-1.34,46.81
-58.59,1.65,63.23
-47.49,-1.83,75.81
-29.79,-7.32,28.32
-10.80,-17.52,-8.48
-2.20,-17.64,0.85
-5.00,-19.47,17.88
-1.22,-14.89,18.01
15.38,-2.50,11.84
29.42,8.79,13.67
37.48,12.82,22.03
46.26,8.18,29.91
57.43,-2.50,35.34
63.29,-13.92,42.30
70.56,-16.36,41.50
85.02,-20.51,37.96
108.70,-25.76,41.81
127.38,-22.46,43.33
158.08,-43.82,47.55
166.50,-55.91,50.48
177.06,-68.18,46.08
182.25,-77.15,42.42
186.40,-79.65,42.85
192.87,-78.00,38.09
202.03,-74.95,37.17
205.14,-71.41,40.16
206.05,-75.13,38.51
203.43,-72.69,36.32
195.31,-72.81,34.79
185.73,-68.79,11.96
172.85,-60.97,1.10
155.58,-57.31,-2.20
133.24,-48.46,-7.02
109.44,-39.67,-3.72
80.69,-25.45,2.01
52.86,-10.86,4.46
29.85,0.12,2.81
13.73,3.23,-0.31
2.20,1.53,1.28
-4.58,-8.12,-0.85
-10.01,-16.66,-4.09
-12.63,-20.39,-5.49
-12.08,-19.53,-5.43
-11.47,-16.11,-4.39
-10.31,-10.86,-3.05
-9.03,-4.94,-1.22
-9.70,0.73,-0.37
-11.41,5.07,0.55
-11.84,8.61,1.83
-10.93,11.60,3.11
-10.25,14.22,2.75
-14.28,16.11,0.49
-24.11,21.24,-5.13
-44.56,35.10,-16.97
-60.18,50.11,-26.12
-80.69,63.84,-21.30
-97.47,79.53,-17.21
-109.44,96.37,-20.51
-116.21,111.15,-29.42
-119.38,118.04,-36.99
-119.75,116.94,-40.53
-116.82,109.25,-40.34
-111.82,94.30,-36.80
-103.15,72.75,-30.27
-94.36,48.58,-21.79
-85.39,25.76,-10.74
-77.94,5.62,2.08
-72.02,-9.64,15.38
-65.67,-19.41,27.47
-58.41,-26.92,38.64
-49.68,-34.00,48.28
-41.08,-44.37,54.81
-26.37,-38.02,19.10
-23.07,-29.66,-9.40
-0.55,-19.59,-2.32
9.83,-11.35,6.23
10.44,-7.57,7.87
5.80,-2.87,2.93
5.13,0.61,1.28
4.88,2.56,11.05
10.19,-0.55,44.92
8.48,0.43,84.23
6.84,13.43,114.99
12.57,24.41,136.90
19.47,32.59,160.03
27.59,43.95,177.73
35.58,49.62,189.03
35.58,49.87,199.89
29.36,50.90,214.11
28.14,44.74,225.28
25.02,40.16,224.61
26.12,33.39,203.31
24.66,18.55,166.93
21.18,4.82,127.32
20.02,-1.95,96.25
14.28,-3.11,72.02
9.52,-2.75,51.03
6.35,-6.10,37.84
2.56,-9.28,28.56
-0.61,-5.68,9.83
0.18,-2.56,1.59
2.38,-0.37,4.52
7.39,2.32,7.57
11.17,4.52,8.00
12.33,5.43,8.00
9.77,4.82,6.10
5.49,2.93,2.20
1.59,1.28,-1.71
-2.32,0.49,-3.72
-4.94,0.61,-5.25
-8.12,0.55,-8.06
-9.22,2.81,-11.47
-12.45,3.42,-14.40
-13.55,6.59,-22.89
-13.24,10.44,-40.22
-10.62,16.54,-58.96
-6.71,29.36,-78.61
-2.81,47.55,-93.38
1.28,66.53,-105.71
8.61,82.70,-118.04
14.71,93.93,-130.00















-,-,-
0.55,1.89,6.71
-0.12,-0.73,10.19
-1.10,-2.26,10.86
-1.89,-3.17,9.46
-2.87,-3.48,7.39
-3.97,-3.17,5.74
-4.88,-1.95,5.13
-4.76,-0.79,5.49
-4.15,-0.31,5.43
-3.85,-0.73,4.76
-3.91,-1.59,3.91
-4.33,-3.36,4.46
-5.62,-5.07,5.49
-6.84,-5.92,5.74
-6.90,-6.16,5.55
-6.16,-6.77,5.92
-5.19,-7.08,6.29
-4.82,-7.26,5.92
-4.21,-7.75,5.19
-3.85,-8.54,4.88
-3.42,-10.19,5.55
-2.81,-12.51,6.90
-1.65,-16.42,8.24
-1.89,-20.81,8.54
-2.99,-22.95,7.81
-3.11,-22.03,5.68
-1.46,-18.68,1.53
1.59,-14.10,-0.37
4.39,-10.99,-1.04
7.26,-9.52,-0.67
9.83,-7.93,0.55
13.24,-7.69,1.65
17.46,-10.38,2.56
19.78,-13.18,3.36
19.71,-14.59,3.97
20.69,-17.64,4.52
21.12,-16.48,5.43
23.13,-16.17,7.63
28.81,-20.08,9.95
35.95,-19.47,11.29
48.83,-25.57,16.05
63.05,-31.62,21.61
77.64,-37.23,21.36
92.29,-39.37,21.91
104.92,-44.92,26.00
113.28,-42.42,23.56
124.45,-42.24,25.27
125.49,-38.51,31.56
123.35,-33.81,32.17
118.77,-35.16,29.66
109.13,-33.39,27.83
99.18,-26.86,25.45
90.58,-24.96,19.23
78.67,-20.75,21.30
65.00,-15.56,21.61
52.61,-10.31,19.17
44.80,-7.93,13.55
40.71,-3.97,11.54
41.32,-10.93,9.70
41.56,-13.12,7.63
37.90,-7.81,8.12
36.13,-10.01,5.92
41.69,-14.04,2.26
41.50,-3.17,6.47
27.83,-6.41,3.66
10.62,-6.16,-1.83
-2.75,-5.19,-4.88
-13.98,1.53,-3.23
-20.32,-1.04,-2.69
-22.16,-3.54,-3.85
-22.46,-3.23,-5.13
-22.71,-1.16,-5.49
-24.54,3.11,-4.82
-29.17,14.10,-4.70
-34.12,31.74,-3.36
-42.48,43.88,0.18
-49.07,51.76,-4.64
-53.89,55.36,-14.65
-53.77,56.88,-24.54
-51.57,56.03,-30.46
-46.20,51.57,-31.56
-39.67,44.98,-28.81
-35.46,38.15,-24.41
-33.51,32.41,-21.97
-31.74,26.79,-21.42
-28.50,19.41,-19.47
-24.72,9.22,-14.22
-21.97,-0.98,-7.20
-19.41,-10.68,0.00
-16.24,-20.94,7.45
-11.78,-33.20,12.82
-7.39,-47.42,14.77
-5.13,-59.88,16.24
-16.24,-46.63,12.94
-26.55,-18.01,0.31
-5.25,-9.52,-5.25
-0.49,-9.64,0.18
-4.27,-2.99,7.63
-2.93,6.96,16.72
0.92,11.90,28.14
7.20,10.62,50.78
11.47,8.73,70.80
8.24,8.54,69.76
6.35,2.56,69.34
5.55,-0.43,74.95
8.42,-3.36,89.78
7.81,-0.73,95.95
5.37,-1.40,99.18
2.14,-7.39,99.12
-1.71,-11.35,90.03
-1.10,-10.68,83.50
-1.22,-10.25,73.61
-2.20,-12.45,62.26
-2.75,-10.13,49.01
-0.12,-9.34,43.03
0.73,-8.30,42.36
1.40,-9.16,39.73
-0.18,-5.55,27.59
1.16,-2.08,12.33
4.58,-1.04,11.05
5.55,-1.65,17.46
5.62,-0.24,11.05
5.55,1.28,6.71
4.15,1.10,4.94
2.87,0.18,3.91
1.83,-0.12,2.93
0.92,-0.18,1.95
0.73,0.18,0.85
1.40,0.79,0.79
2.81,1.59,1.22
2.62,2.20,1.77
0.79,2.38,0.92
-0.55,1.89,-0.85
-0.67,1.77,-1.34
0.24,2.08,-0.67
1.46,2.62,-0.12
2.44,3.30,-0.12
4.03,3.97,0.49
4.94,4.64,1.28
4.27,5.07,1.53
2.75,5.37,0.85
1.65,5.98,0.49
0.55,7.26,0.49
-1.22,9.22,0.00
-3.48,12.39,-1.40
-6.84,16.97,-3.36
-10.62,22.46,-3.60
-13.98,31.01,-4.39
-14.71,41.38,-5.68
-16.54,56.82,-8.36
-14.95,72.14,-10.13
-13.79,88.13,-13.92
-11.84,99.85,-21.85
-8.54,104.43,-28.20
-4.15,104.13,-28.69
-0.55,101.56,-25.21
1.95,97.17,-20.32
4.64,91.43,-15.99
6.04,84.72,-13.31
5.49,77.51,-11.41
5.43,70.37,-9.52
4.88,62.81,-7.81
3.54,54.14,-6.84
1.22,44.74,-6.29
0.24,35.10,-5.68
0.73,25.51,-4.76
1.53,15.26,-3.36
2.62,5.86,-1.22
1.65,-2.01,-0.31
0.37,-8.42,0.00
0.73,-13.12,0.98
1.59,-17.09,2.62
1.53,-20.08,4.46
1.34,-21.36,5.13
2.69,-21.73,5.07
2.08,-20.57,3.97
1.46,-18.62,1.71
1.65,-16.11,-0.67
2.62,-13.55,-2.14
4.21,-10.74,-2.50
















-,-,-
0.61,-1.04,1.83
0.49,-1.04,2.14
0.55,-1.46,2.32
0.85,-1.89,2.14
1.16,-2.20,2.01
1.10,-2.56,2.14
1.53,-3.30,2.08
1.40,-4.88,1.77
1.34,-5.68,1.83
1.59,-6.71,2.32
1.77,-8.36,2.99
1.89,-10.68,3.60
1.77,-13.61,3.54
1.59,-16.60,3.11
1.04,-18.37,2.32
0.31,-18.07,0.98
0.31,-17.09,-0.73
1.34,-15.75,-2.14
2.01,-12.45,-2.20
1.65,-9.40,-1.77
1.40,-7.57,-1.46
0.85,-6.47,-0.98
1.04,-5.37,-0.49
1.10,-4.03,-0.43
1.53,-3.17,-0.73
2.08,-2.87,-0.98
2.44,-2.99,-0.73
2.38,-3.54,-0.37
1.95,-4.39,-0.31
1.95,-5.37,-0.43
1.77,-5.92,-0.73
1.40,-5.98,-0.85
0.79,-5.92,-0.98
0.43,-5.68,-1.59
0.43,-5.43,-2.01
0.73,-5.62,-2.08
1.22,-6.29,-2.38
1.77,-7.69,-2.81
1.77,-10.38,-3.36
1.10,-13.18,-3.78
0.12,-15.38,-4.21
-0.61,-16.85,-4.39
-0.98,-18.13,-4.46
0.06,-18.25,-4.21
1.77,-17.03,-2.99
3.66,-15.14,-0.49
6.47,-14.28,2.38
11.35,-15.08,4.88
19.29,-18.25,8.06
29.60,-21.06,9.83
43.33,-22.71,15.14
58.53,-26.86,18.01
75.50,-31.56,17.27
91.61,-35.03,17.27
104.92,-35.03,14.22
116.58,-36.01,16.48
126.46,-31.74,18.62
134.77,-27.59,25.51
140.56,-26.31,30.64
141.54,-19.47,29.05
144.23,-15.75,29.91
130.13,-4.64,25.82
126.71,-7.69,23.50
111.51,-5.19,21.79
96.44,-0.43,26.00
76.17,0.79,19.90
60.30,2.26,12.15
38.70,13.43,12.45
25.82,3.11,11.23
14.34,1.46,6.23
8.91,-6.10,2.14
6.10,-11.11,-0.92
2.50,-14.40,-3.17
-2.69,-15.81,-5.00
-7.32,-15.08,-6.59
-11.29,-12.70,-7.57
-19.04,-10.01,-9.22
-26.92,-7.69,-11.96
-31.80,-5.37,-13.61
-35.10,-0.67,-13.55
-39.61,12.33,-11.84
-47.24,26.98,-9.09
-54.81,36.32,-4.88
-60.00,39.37,-0.85
-60.85,39.98,-0.79
-60.24,37.11,-5.43
-60.49,34.48,-15.50
-60.00,33.20,-25.76
-58.04,31.98,-31.07
-54.57,30.33,-29.79
-49.80,28.63,-23.93
-39.79,22.71,-17.03
-28.93,13.85,-10.25
-20.32,3.23,-4.88
-13.12,-7.08,-0.98
-6.47,-16.11,2.32
-0.43,-23.68,5.68
6.53,-29.48,8.91
7.32,-21.79,9.40
1.28,-1.04,5.31
9.89,2.32,3.48
13.12,-0.98,5.37
9.22,-1.95,6.04
5.25,-0.18,5.55
2.99,0.61,4.76
2.08,-0.06,3.36
0.55,-0.98,2.32
-3.66,-2.26,2.08
-6.77,-3.48,2.50
-8.73,-4.27,4.33
-6.65,-4.46,11.47
-3.54,-3.91,17.94
0.73,-4.15,26.61
2.26,-3.42,35.16
1.65,0.73,29.24
2.69,3.97,33.94
2.44,5.13,47.36
3.72,6.10,55.97
5.49,6.35,67.44
5.07,13.61,75.56
6.10,6.65,82.21
5.49,5.49,84.78
0.37,4.52,79.77
0.00,0.79,77.33
-4.09,0.37,73.91
-2.56,-5.43,69.70
-5.55,-4.21,67.02
-7.57,-0.67,55.30
-4.39,-5.07,47.79
-5.43,-7.63,50.05
-5.49,-4.33,44.19
-6.23,-5.07,44.31
-6.16,-6.59,45.53
-6.53,-7.63,48.58
-5.98,-3.91,41.02
-3.97,-4.82,41.81
-7.20,-3.60,34.79
-5.07,-6.77,33.87
-7.69,-6.65,29.60
-5.80,-6.77,25.33
-5.86,-5.68,19.59
-3.78,-3.17,9.64
-0.12,-1.22,4.39
2.14,0.00,4.09
2.14,0.79,4.09
1.10,0.98,3.30
0.73,0.98,2.26
0.24,1.16,1.71
0.49,1.53,1.65
0.92,1.53,1.71
2.93,1.77,2.20
2.56,2.08,2.56
1.16,1.95,2.93
1.40,2.14,3.30
3.05,2.62,4.27
2.01,3.36,5.19
0.06,4.15,5.25
-0.06,4.94,5.31
0.55,6.35,6.04
-1.53,7.81,6.96
-3.30,9.46,6.90
-3.85,12.08,5.07
-3.48,13.00,3.11
-6.35,15.44,-5.19
-7.63,19.90,-17.82
-9.52,23.80,-29.11
-9.28,25.76,-36.38
-9.16,29.54,-41.99
-10.99,39.73,-44.01
-13.73,57.74,-45.04
-13.12,78.49,-47.67
-11.84,98.14,-50.84
-9.28,113.71,-53.59
-5.92,122.13,-56.34
-0.06,123.41,-59.81
7.93,116.76,-63.23
18.31,103.52,-66.41
29.85,89.17,-69.46
42.30,74.16,-72.02
51.82,57.80,-72.02
















-,-,-
-0.31,-1.53,-0.79
-0.12,-1.59,-0.67
-0.61,-1.59,-0.61
-1.16,-1.89,-1.10
-1.53,-1.83,-1.71
-1.16,-1.59,-1.53
-0.37,-1.10,-0.79
0.37,-0.49,-0.43
1.28,0.31,0.61
2.50,0.79,1.65
3.97,1.34,1.95
5.00,1.28,2.38
5.19,1.04,2.56
4.15,0.00,1.89
3.05,-1.10,0.67
2.32,-2.01,0.06
2.08,-2.26,-0.18
1.95,-2.38,-0.43
2.08,-2.26,-0.67
2.32,-1.77,-0.49
2.26,-1.34,-0.24
0.85,-1.34,-0.31
-0.18,-1.16,-0.92
-0.67,-0.67,-0.98
-0.24,0.00,-0.67
0.49,0.85,-0.12
1.16,1.65,0.61
1.46,2.08,1.16
1.28,2.08,1.28
0.85,1.83,1.04
1.04,1.53,0.92
1.40,1.40,0.98
2.26,1.46,1.53
3.23,1.59,1.89
4.09,1.77,2.20
5.43,1.95,2.50
6.90,1.95,3.05
9.09,1.40,3.78
14.04,-4.88,3.72
21.61,-22.09,-0.49
30.15,-24.54,-4.58
41.38,-20.32,0.00
49.13,-13.85,5.55
58.17,-15.14,4.82
67.14,-13.43,7.20
72.39,-17.46,3.72
75.56,-25.51,-1.89
82.40,-31.68,0.67
83.74,-18.55,12.33
89.78,-23.68,10.68
92.10,-21.42,7.14
98.02,-23.13,10.86
100.10,-23.19,11.84
98.94,-24.78,7.45
93.93,-23.68,9.16
86.67,-20.87,8.73
81.12,-15.81,5.55
78.06,-12.57,9.83
75.68,-13.43,10.56
74.28,-10.86,8.85
71.41,-10.99,8.00
68.18,-7.51,7.20
61.58,-3.78,8.48
58.11,-7.08,5.74
51.39,-2.99,9.09
38.64,-1.22,6.90
29.91,-3.48,0.12
18.74,0.98,2.87
12.76,-0.92,4.94
6.59,2.32,4.15
0.18,-1.59,1.77
-5.13,-5.98,-1.34
-8.85,-9.46,-4.27
-12.57,-11.11,-5.98
-14.95,-10.93,-6.47
-17.70,-9.16,-6.04
-20.39,-6.41,-5.62
-22.16,-3.72,-5.37
-23.62,-1.16,-4.76
-25.21,3.91,-4.46
-29.48,18.55,-3.17
-31.98,30.94,3.48
-35.03,34.85,8.61
-37.84,36.25,7.63
-38.09,32.10,5.43
-38.27,26.49,4.94
-40.41,23.50,0.73
-44.07,23.25,-6.41
-45.53,25.09,-12.51
-46.08,28.20,-15.14
-45.84,30.58,-14.40
-44.86,30.70,-11.72
-40.83,28.99,-8.85
-35.64,25.51,-6.10
-29.85,20.51,-4.09
-24.72,15.50,-2.75
-20.26,11.29,-1.28
-17.52,9.22,0.55
-16.42,9.28,2.26
-15.69,10.19,2.99
-14.22,10.50,2.69
-12.94,9.52,1.16
-12.21,6.71,-1.10
-11.05,3.17,-3.05
-8.24,-0.49,-2.99
-4.27,-4.76,0.24
0.55,-10.31,5.62
4.70,-16.24,9.89
6.16,-19.78,10.74
3.42,-14.16,7.14
2.08,-3.23,2.32
8.42,-2.56,3.85
8.24,-4.82,5.80
4.33,-4.52,4.76
1.40,-4.09,3.30
1.10,-4.64,2.20
1.40,-5.74,1.95
0.67,-6.16,2.87
0.43,-5.68,3.66
1.10,-4.88,5.92
1.65,-4.39,8.18
2.75,-4.21,7.26
5.86,-4.64,17.58
3.78,-2.08,20.02
5.55,-1.22,15.99
7.39,-1.77,18.25
11.72,-0.79,26.55
16.42,-0.73,43.76
17.82,2.01,53.16
17.21,2.93,45.90
19.71,1.34,50.11
15.99,3.54,45.17
18.74,3.11,48.03
18.13,1.83,58.29
20.57,-0.55,66.83
17.21,1.59,65.12
16.85,0.79,60.06
16.72,-0.31,65.00
14.89,-0.55,70.31
11.90,0.49,64.15
12.15,-3.17,58.59
12.45,1.95,55.91
10.25,0.31,52.06
10.99,2.99,46.81
8.00,-0.06,44.74
5.00,1.65,31.07
9.52,-0.43,29.85
7.20,-3.72,40.41
5.37,-1.22,25.09
6.29,-0.12,15.93
5.19,0.85,6.47
5.98,0.18,3.72
5.62,-0.12,4.03
5.43,-0.67,3.60
4.27,-1.28,2.56
3.05,-1.53,1.22
2.01,-1.40,0.18
1.53,-1.16,-0.67
0.85,-1.22,-1.53
-0.31,-0.85,-1.95
-0.98,-0.43,-2.38
-1.34,0.18,-2.44
-1.46,1.34,-2.08
-1.65,2.75,-1.53
-2.81,4.27,-1.16
-3.97,5.86,-0.73
-6.35,7.45,-0.55
-8.42,8.97,-0.24
-10.31,10.62,0.00
-12.70,11.96,0.06
-12.63,13.06,0.24
-12.27,14.53,-0.18
-10.80,16.78,-1.22
-7.87,17.40,0.92
-5.98,17.94,1.59
-2.99,16.78,-0.18
-1.22,16.11,-5.49
1.04,16.17,-11.47
2.81,18.13,-14.59
4.64,20.14,-14.83
















-,-,-
0.79,-6.65,-1.65
1.04,-6.04,-1.46
1.71,-5.37,-1.10
2.20,-5.00,-0.61
2.08,-5.07,-0.92
1.71,-5.43,-1.28
0.98,-5.92,-1.71
0.49,-6.04,-1.83
0.18,-5.74,-1.89
-0.06,-5.37,-2.08
0.43,-4.88,-1.65
0.61,-4.09,-1.04
0.67,-3.54,-0.85
0.24,-2.75,-0.85
0.31,-2.26,-0.85
0.49,-1.83,-0.49
0.98,-1.34,0.06
1.65,-0.79,0.67
2.08,-0.24,1.10
2.44,0.06,1.59
2.50,0.12,1.59
1.46,-0.55,1.10
0.67,-1.16,0.37
0.49,-1.71,-0.12
0.55,-2.08,0.06
0.79,-1.83,0.12
0.92,-1.40,0.43
1.34,-0.85,0.73
2.14,-0.24,0.98
2.50,0.06,1.28
3.48,0.37,1.59
4.39,0.67,2.32
5.37,1.34,2.75
6.41,2.01,3.17
7.69,2.56,3.66
9.40,2.93,4.21
12.57,2.75,5.37
18.07,2.75,6.90
25.76,2.38,9.58
34.42,-0.73,11.23
42.18,-6.96,4.21
51.45,-9.70,3.05
57.43,-13.67,4.52
61.40,-14.83,5.13
64.82,-18.68,4.82
65.25,-18.68,1.53
67.63,-18.43,1.22
71.17,-15.50,4.09
78.61,-17.21,4.88
86.49,-19.84,4.82
92.29,-21.79,0.31
95.34,-21.85,-0.43
97.05,-24.48,-0.98
93.26,-19.10,-5.62
94.48,-22.83,-5.25
93.69,-22.40,-4.15
93.57,-21.73,-4.27
88.38,-17.76,-5.19
85.88,-15.44,-1.04
79.16,-13.00,0.92
71.59,-7.51,-1.59
64.64,-7.87,-0.12
55.11,-6.04,-1.77
50.11,-4.94,-2.20
43.95,-6.71,-4.76
40.53,-7.93,-1.16
34.61,-5.68,0.67
28.93,-6.96,-0.37
22.34,-2.14,-1.34
13.24,-4.27,-3.11
5.86,-7.87,-5.68
0.12,-9.28,-4.76
-4.58,-8.48,-4.03
-9.03,-9.52,-4.58
-12.21,-10.19,-5.80
-14.65,-9.22,-6.71
-18.43,-7.39,-7.32
-21.73,-5.37,-7.51
-24.41,-2.93,-7.26
-27.47,-0.43,-7.14
-30.64,3.97,-6.65
-33.33,10.01,-5.43
-36.13,18.25,-3.42
-40.34,27.16,1.04
-44.31,33.45,4.39
-46.02,36.25,7.32
-47.73,36.87,5.92
-47.55,34.30,2.69
-48.03,31.07,-2.69
-48.03,29.42,-8.79
-47.49,29.11,-13.31
-45.47,29.60,-14.53
-42.66,29.60,-13.43
-39.06,28.20,-10.86
-35.40,25.57,-7.75
-32.59,22.22,-5.07
-29.72,18.31,-3.05
-27.28,15.26,-0.31
-24.41,12.63,2.38
-20.81,9.70,4.21
-17.64,5.86,5.49
-14.89,1.71,6.04
-13.18,-2.01,6.35
-11.96,-5.68,6.23
-10.19,-9.58,6.53
-6.41,-14.34,6.77
-1.16,-21.42,7.81
2.93,-29.42,9.58
3.17,-25.76,8.12
-0.18,-9.83,3.85
8.79,-8.30,3.91
11.84,-9.77,3.23
9.16,-8.12,4.52
7.02,-5.13,5.25
8.24,-3.30,4.58
9.28,-1.95,3.97
7.87,-1.46,3.54
5.98,-1.59,2.99
4.09,-1.89,2.20
2.81,-2.50,1.34
2.38,-3.60,0.49
1.77,-4.27,-0.18
1.40,-5.00,-0.37
1.28,-5.31,-0.12
1.53,-4.88,0.85
1.40,-5.00,1.46
0.73,-5.13,2.01
-1.04,-5.07,0.79
-1.83,-4.94,-1.71
-0.43,-5.07,0.85
0.37,-4.94,6.65
0.49,-4.03,6.16
4.15,-4.88,15.81
2.69,-1.71,19.35
5.74,-3.54,28.44
3.48,0.00,30.82
5.55,-0.24,29.24
6.04,1.95,30.21
11.05,1.65,44.68
14.10,0.37,55.05
15.26,3.36,59.39
16.42,2.87,57.74
14.71,0.37,54.81
13.18,5.49,53.47
13.06,3.66,54.32
15.26,-0.92,58.65
15.38,-0.12,61.58
15.14,0.12,61.10
15.81,0.24,60.36
13.06,2.93,56.27
12.02,0.61,47.79
12.02,0.06,44.31
11.54,-1.04,41.63
12.15,-2.38,42.18
10.50,-2.87,43.09
6.65,-1.71,34.79
5.13,2.08,16.54
7.39,0.18,21.73
2.26,-1.16,24.48
4.94,-0.67,22.16
5.43,-1.83,24.41
7.51,-1.10,25.70
6.47,-1.95,22.46
3.78,0.31,11.72
3.78,1.34,4.76
1.95,0.61,3.23
0.92,-0.18,2.14
0.49,-0.61,1.16
0.79,-1.16,0.49
1.53,-1.16,0.73
2.01,-0.67,1.10
1.89,-0.43,1.40
2.08,-0.06,1.53
3.54,0.43,1.53
4.27,1.16,2.26
3.42,1.53,2.87
2.26,1.46,2.50
1.83,1.34,2.08
1.65,1.77,1.77
1.46,2.69,1.83
















-,-,-
0.98,-0.85,0.24
0.98,-0.73,0.31
0.73,-0.92,0.18
0.92,-0.98,0.43
1.04,-0.92,0.55
1.40,-0.79,0.49
1.65,-0.61,0.37
1.46,-0.85,0.37
1.65,-0.92,0.31
1.53,-0.92,0.18
1.46,-1.22,-0.06
1.40,-1.34,-0.12
1.40,-1.40,-0.12
1.53,-1.46,-0.31
1.53,-1.22,0.18
1.71,-1.04,0.37
1.65,-1.16,0.37
1.53,-1.28,0.43
1.46,-1.22,0.31
1.53,-1.04,0.61
2.01,-0.85,0.67
2.20,-0.67,0.73
2.26,-0.49,0.85
2.08,-0.43,1.10
1.59,-0.43,0.98
1.46,-0.73,0.55
1.34,-1.22,0.55
1.71,-1.10,0.18
1.89,-1.10,0.37
1.83,-0.92,0.55
2.44,-0.24,0.79
2.81,0.49,1.16
3.60,1.22,1.65
4.70,2.26,2.38
5.68,3.23,3.36
7.26,4.52,4.64
10.86,6.41,6.16
16.05,8.91,9.16
22.64,11.66,12.82
29.48,13.43,15.32
38.33,7.81,13.37
47.79,2.99,4.39
59.88,-0.98,-0.31
69.15,-2.08,4.03
78.74,-7.02,2.01
86.85,-5.86,0.31
93.93,-14.22,-0.67
97.23,-13.98,-3.54
94.54,-10.31,-8.67
96.25,-13.00,-10.99
96.44,-10.07,-4.46
94.85,-8.24,-2.75
95.58,-3.78,-3.85
94.36,-2.56,1.40
89.84,-3.60,2.56
83.62,-2.44,-2.87
74.16,-0.06,-3.78
67.38,-1.10,-4.82
60.12,-1.22,-6.47
54.38,1.77,2.62
44.92,5.68,1.46
41.75,-2.08,-5.68
38.88,-6.71,-8.79
35.83,-2.44,-3.36
28.63,-4.70,-3.97
22.58,-8.54,-14.34
17.52,-7.39,-7.75
12.21,-6.29,-5.19
9.64,-5.07,-3.66
4.64,-7.26,-4.33
-1.59,-8.48,-6.35
-8.12,-10.19,-8.06
-15.93,-12.51,-9.89
-24.48,-16.24,-13.79
-30.82,-19.47,-17.58
-36.19,-21.85,-19.84
-41.63,-22.09,-21.73
-47.24,-18.74,-21.61
-55.05,-10.68,-20.26
-62.99,0.43,-19.04
-66.83,7.20,-18.49
-68.66,15.32,-12.33
-69.21,19.65,-6.10
-68.42,19.96,-3.85
-65.43,16.78,-5.31
-60.61,10.38,-8.85
-53.41,3.30,-11.78
-45.96,-3.30,-11.72
-39.92,-7.93,-8.73
-33.63,-10.80,-4.82
-27.16,-12.45,-1.40
-20.69,-12.15,-0.49
-15.44,-7.63,-2.56
-5.68,-4.58,-2.44
3.85,-4.09,2.14
9.95,-3.85,7.87
11.90,0.67,8.73
14.34,4.76,8.97
14.77,7.39,9.64
14.59,8.00,10.25
13.18,6.59,10.07
11.60,4.15,9.28
11.11,1.59,9.83
11.78,0.43,13.67
13.43,0.18,18.37
15.81,-0.67,19.10
18.68,-1.53,22.71
20.45,-1.95,28.20
20.94,-0.92,31.62
20.69,3.85,27.95
22.52,2.44,31.98
23.44,-0.31,39.49
23.74,1.04,44.62
28.20,2.26,49.62
28.87,5.86,54.75
32.41,2.87,57.19
33.63,4.15,61.34
34.30,2.62,63.11
33.75,3.11,65.19
31.19,2.44,64.64
28.26,0.92,62.93
26.37,-0.24,63.17
24.96,-1.28,65.61
25.76,-1.59,68.18
22.16,-1.53,60.61
24.35,-3.30,56.21
20.32,2.01,51.15
17.64,3.11,41.14
18.92,-1.77,48.95
15.56,-4.21,56.88
13.92,-5.19,50.96
9.83,-0.43,30.09
13.49,0.43,23.25
11.60,-0.55,29.79
10.38,-3.30,28.08
11.11,-3.30,30.09
9.28,-0.79,23.99
8.00,-0.24,16.91
6.16,-0.92,12.33
4.15,-1.04,7.32
6.23,-2.32,11.96
10.93,-4.58,28.81
8.79,-7.26,32.90
9.46,-4.33,26.92
5.43,-1.16,18.31
4.52,0.55,6.77
4.82,-0.31,4.03
4.76,-2.14,7.51
4.21,-2.62,7.08
4.70,-0.67,2.32
3.66,-0.37,1.04
2.81,-0.98,1.04
2.20,-1.46,1.83
2.08,-1.71,2.50
2.32,-2.20,2.62
3.78,-2.32,2.20
3.11,-2.32,1.77
1.53,-2.44,1.40
0.06,-2.38,0.73
-1.95,-2.14,-0.67
-3.85,-1.65,-2.01
-6.53,-0.92,-3.48
-10.31,0.06,-5.43
-13.43,1.22,-8.24
-15.20,2.87,-10.19
-18.31,5.49,-10.93
-20.51,7.87,-11.72
-21.79,8.97,-10.93
-22.58,10.86,-11.29
-24.35,13.24,-12.08
-25.02,13.43,-13.79
-23.74,14.10,-15.20
-23.80,18.13,-14.95
-23.68,22.46,-12.27
-23.56,26.25,-9.58
-23.68,30.52,-8.73
-22.77,33.39,-10.07
-21.30,32.78,-11.96
-20.20,31.01,-13.73
-18.55,29.91,-13.98
















-,-,-
1.28,-6.77,-0.61
3.66,-5.25,-0.73
5.49,-4.58,1.22
6.10,-2.69,3.05
6.65,-0.92,4.76
6.29,0.92,4.09
7.45,1.46,3.72
8.00,1.40,3.78
7.45,0.43,3.78
6.90,-1.10,3.72
5.43,-2.56,2.99
4.33,-4.03,1.83
3.54,-5.19,0.92
3.78,-5.86,0.49
3.72,-5.92,0.06
3.54,-5.86,-0.49
3.85,-5.55,-0.49
3.91,-5.25,-0.55
3.91,-5.13,-0.67
3.60,-5.37,-0.55
3.48,-5.62,-0.31
3.54,-6.29,-0.37
3.72,-6.53,-0.67
2.93,-6.35,-0.73
2.08,-5.98,-0.67
1.53,-5.49,-0.31
1.89,-4.76,0.67
3.48,-5.43,1.77
5.74,-6.41,2.69
8.79,-5.68,4.52
15.44,-10.07,5.86
21.97,-16.05,4.15
33.51,-27.83,6.77
34.73,-22.16,8.97
43.95,-23.50,11.23
50.35,-22.09,11.90
61.95,-26.06,11.35
73.18,-28.69,17.21
80.93,-29.79,18.13
85.63,-25.63,17.27
92.59,-29.85,21.06
97.66,-29.60,26.67
104.80,-26.92,27.34
109.07,-22.40,30.15
113.22,-23.50,28.38
109.07,-16.30,26.79
106.08,-15.93,28.26
96.74,-10.19,24.90
92.41,-8.48,19.84
86.73,-8.30,20.57
78.55,-5.55,20.94
70.80,-5.74,17.52
58.29,-0.85,11.96
47.85,-0.79,10.56
34.24,-0.55,10.25
26.61,-4.46,4.09
20.69,-5.19,1.46
14.95,-5.07,2.81
12.63,-5.19,1.83
11.11,-5.43,1.28
9.89,-5.86,0.37
9.58,-4.76,-0.49
6.96,-2.75,0.00
2.69,-1.22,0.00
-1.83,-0.12,-0.73
-6.90,0.43,-1.71
-11.66,0.61,-3.05
-15.32,0.73,-3.97
-19.90,0.92,-4.94
-24.17,1.46,-6.59
-27.83,2.75,-8.36
-30.82,5.55,-10.38
-33.33,11.11,-13.43
-34.85,19.59,-12.94
-37.60,31.80,-12.21
-40.71,41.93,-9.22
-44.37,50.11,-5.68
-46.57,57.31,-6.47
-45.90,62.26,-11.66
-44.43,63.54,-17.70
-42.24,62.50,-22.58
-39.86,60.42,-25.21
-36.87,56.34,-26.12
-32.59,50.23,-25.70
-28.44,42.30,-23.93
-24.48,33.08,-21.30
-21.12,23.56,-18.01
-17.94,14.10,-14.53
-14.65,4.82,-10.56
-12.45,-2.75,-6.23
-11.23,-9.03,-2.26
-9.77,-14.83,2.56
-7.81,-20.94,6.90
-6.04,-28.32,10.19
-4.03,-36.93,12.51
-3.11,-45.59,14.77
-3.97,-53.16,18.25
-6.10,-58.11,22.16
-16.85,-37.54,11.84
-22.03,-16.24,-3.48
-3.30,-14.71,-4.64
4.58,-15.81,-1.28
5.31,-12.94,1.89
4.39,-4.46,4.33
4.03,1.95,6.41
6.71,6.04,7.45
8.42,9.03,8.06
7.08,10.07,8.91
5.43,9.58,9.46
4.94,8.18,9.46
4.52,6.29,8.61
3.17,3.42,7.51
1.53,0.43,6.23
0.61,-2.01,4.64
0.12,-3.42,3.48
-0.37,-4.39,3.05
-0.79,-4.70,2.44
-3.23,-4.58,1.16
-4.76,-4.09,-0.49
-4.76,-3.85,-0.79
-4.46,-3.78,0.61
-4.94,-3.72,3.17
-4.09,-3.85,6.59
0.61,-6.59,17.40
2.81,-5.25,30.03
4.27,-0.67,32.78
5.25,0.92,31.07
5.98,3.42,40.34
5.68,5.19,38.45
9.22,2.99,42.18
9.77,7.08,51.45
12.27,9.77,55.54
12.45,10.80,54.87
14.28,9.46,58.96
14.04,8.12,59.14
15.87,6.23,69.52
13.31,11.11,70.01
14.77,9.34,74.04
13.37,1.71,77.45
11.96,-0.73,68.54
13.06,-1.34,54.87
13.18,1.46,47.49
9.77,1.83,45.90
10.44,-0.37,46.45
13.43,-4.03,58.29
9.83,-0.55,62.44
7.45,1.95,50.54
6.35,-1.28,49.13
5.55,-2.93,46.02
5.86,-1.40,35.77
3.78,-0.55,23.68
3.72,-0.43,16.11
2.62,-0.61,20.51
4.94,-0.73,19.47
5.13,-0.37,23.44
5.25,0.00,16.78
4.52,0.85,6.59
4.27,0.79,2.87
3.78,0.00,2.87
4.03,-0.31,2.50
3.78,-0.37,2.01
3.23,-0.61,1.34
3.17,-0.61,1.16
2.56,-0.49,0.73
2.93,-0.18,0.24
2.87,0.00,-0.06
3.05,0.00,-0.12
4.21,0.24,0.06
4.70,0.55,0.00
4.58,0.61,-0.06
4.27,0.73,-0.37
3.23,0.85,-1.22
2.50,1.77,-1.83
1.71,2.75,-1.71
0.98,4.27,-1.40
-0.49,5.74,-1.89
-3.05,6.90,-3.54
-6.23,8.06,-6.10
-10.44,9.83,-9.89
-13.31,12.82,-13.92
















-,-,-
0.18,-0.85,0.43
-0.06,-0.85,0.12
-0.31,-0.98,-0.12
-0.67,-1.16,-0.37
-1.53,-1.40,-0.61
-2.44,-1.65,-0.67
-2.99,-1.83,-0.79
-2.62,-1.83,-0.98
-2.14,-1.71,-0.98
-1.83,-1.65,-0.73
-1.10,-1.46,-0.18
-1.10,-1.46,0.00
-0.85,-1.65,-0.18
-0.79,-1.89,-0.61
-1.46,-2.01,-0.98
-1.65,-1.89,-0.98
-1.28,-1.83,-0.98
-0.55,-1.77,-0.61
0.12,-1.71,-0.43
-0.06,-1.95,-0.55
0.18,-2.20,-0.85
0.43,-2.26,-0.79
1.34,-2.26,-0.73
0.79,-2.44,-0.37
0.92,-2.44,-0.18
1.40,-2.32,-0.43
1.40,-2.32,-0.37
1.65,-2.26,-0.18
1.40,-2.08,-0.12
2.01,-1.83,0.06
2.08,-1.71,0.12
1.95,-1.59,0.37
1.83,-1.59,0.37
1.95,-1.71,0.24
1.71,-1.71,0.12
1.65,-1.89,0.00
2.08,-1.83,-0.12
1.95,-1.65,0.06
2.14,-1.22,0.24
2.69,-0.67,0.73
3.66,0.24,1.34
5.07,0.73,1.95
6.65,1.16,2.62
8.73,1.22,3.66
12.57,1.71,5.25
18.19,0.37,7.51
27.95,-11.54,7.02
37.41,-19.10,7.02
48.28,-24.54,9.52
56.76,-35.58,8.91
63.78,-36.99,10.25
69.15,-28.75,15.26
74.58,-28.93,18.68
79.71,-31.43,16.36
84.96,-29.48,15.81
93.57,-35.89,15.56
101.26,-36.01,20.26
105.47,-28.75,23.32
113.10,-29.79,22.40
114.14,-25.21,22.34
117.98,-29.91,22.22
113.34,-28.63,21.42
105.71,-25.39,19.17
97.05,-23.25,20.69
83.19,-11.60,21.12
75.13,-9.89,19.35
65.12,1.22,18.62
60.06,3.78,18.86
52.92,4.03,19.90
43.95,-1.53,14.10
32.17,0.73,10.13
22.64,0.12,8.73
14.47,0.85,5.80
9.58,-4.46,2.56
3.48,-6.59,-0.18
-3.42,-7.69,-3.11
-10.38,-8.91,-5.00
-16.85,-9.58,-6.71
-21.91,-8.48,-8.30
-27.34,-6.77,-9.77
-33.02,-4.82,-12.27
-37.66,-2.44,-14.53
-43.21,4.52,-15.56
-51.64,20.32,-15.50
-57.80,33.39,-13.79
-60.24,43.21,-4.76
-64.15,51.33,0.67
-66.35,56.21,-4.33
-64.76,54.50,-14.10
-63.11,47.67,-23.01
-61.22,37.11,-29.11
-58.90,26.55,-31.56
-55.30,17.82,-30.27
-50.96,10.38,-26.61
-43.46,2.50,-19.90
-34.06,-7.02,-10.38
-25.88,-18.07,0.73
-17.27,-29.48,12.08
-8.18,-40.83,19.29
-7.02,-23.50,10.50
-4.33,2.01,-0.43
13.73,6.59,0.55
17.33,6.77,13.55
14.65,11.35,18.37
12.76,17.46,18.86
11.17,18.07,16.91
12.70,16.17,14.40
13.43,13.18,13.49
12.08,9.09,14.59
8.97,5.62,16.36
11.05,1.89,22.52
14.40,-0.43,35.77
14.47,4.88,32.47
20.14,2.38,49.19
21.00,2.38,62.01
22.28,7.51,59.02
23.19,8.48,60.91
24.72,6.59,69.70
23.74,9.52,75.07
23.80,13.06,75.07
21.12,10.25,68.48
20.39,6.35,60.06
17.70,7.02,54.87
14.47,6.47,54.26
9.28,6.47,46.75
7.87,3.11,43.15
8.36,-0.79,47.36
7.39,2.26,56.88
3.91,1.59,51.33
1.77,-0.73,41.20
-2.01,1.46,18.98
1.04,0.24,19.41
0.31,-3.85,25.15
-1.95,-0.73,22.89
3.54,-0.12,19.96
-0.98,-2.20,21.85
1.04,0.43,6.41
0.73,0.73,-0.85
-0.85,-0.49,-1.83
0.18,-1.83,-2.08
0.43,-2.62,-2.01
0.92,-2.75,-2.62
1.46,-2.81,-2.50
1.28,-2.32,-2.32
-0.37,-1.34,-2.14
-2.87,0.31,-2.50
-4.58,1.71,-3.11
-5.07,3.42,-3.30
-4.27,5.25,-2.99
-4.15,6.90,-2.62
-4.46,8.36,-2.38
-4.70,9.58,-2.50
-4.52,10.86,-2.69
-3.91,12.02,-2.62
-3.85,12.70,-3.23
-5.07,12.57,-3.97
-5.98,12.08,-5.31
-6.16,12.70,-7.63
-6.16,14.22,-8.42
-6.23,14.59,-6.84
-5.07,13.98,-5.86
-3.78,13.73,-5.07
-3.17,16.91,-3.78
-2.62,20.26,-1.71
-2.01,21.97,-2.14
2.26,21.85,-4.09
3.72,20.75,-6.53
1.10,21.91,-9.28
1.77,22.95,-10.86
2.75,24.05,-9.95
2.93,24.84,-7.14
2.99,25.57,-4.39
3.48,26.37,-3.11
4.15,26.61,-2.50
4.52,26.55,-2.69
4.21,26.00,-2.75
3.72,24.60,-2.62
3.05,23.01,-2.32
2.56,20.75,-1.95
1.89,17.94,-1.53
















-,-,-
1.40,-0.73,0.18
-0.85,-0.67,-0.18
-1.34,-0.98,-0.18
0.67,-1.04,0.49
1.40,-1.10,-0.06
1.65,-1.16,-0.24
1.59,-1.40,0.06
1.46,-1.34,0.06
1.53,-1.28,-0.24
1.59,-1.28,-0.12
1.71,-1.28,0.06
1.77,-1.10,0.37
1.71,-0.98,0.49
1.71,-1.04,0.67
1.89,-0.98,0.61
1.83,-1.28,0.55
1.53,-1.59,0.24
1.04,-1.71,-0.24
0.85,-1.89,-0.61
0.67,-1.71,-0.79
0.55,-1.77,-0.98
0.67,-1.71,-1.10
0.85,-1.71,-1.22
0.98,-1.77,-1.34
0.67,-2.01,-1.59
0.43,-2.14,-1.59
0.37,-2.87,-1.95
-0.12,-3.91,-2.75
-0.43,-5.25,-3.30
-1.22,-6.71,-3.91
-1.59,-8.36,-4.64
-1.95,-10.13,-5.37
-2.26,-11.23,-5.74
-1.77,-11.60,-5.43
-0.61,-11.17,-4.82
0.73,-10.25,-4.15
2.56,-8.36,-2.81
10.19,-7.02,-0.55
17.15,-8.91,-0.73
26.31,-15.56,-3.17
37.66,-20.57,-2.69
49.13,-24.29,-1.71
60.85,-29.17,-2.20
72.20,-29.05,-3.36
86.12,-22.89,2.08
98.82,-26.43,9.09
101.81,-24.72,8.79
101.81,-26.00,11.35
96.19,-23.99,13.67
96.56,-24.29,10.74
94.73,-21.97,8.36
93.87,-20.32,9.09
93.63,-17.64,13.73
88.20,-12.88,14.04
78.98,-7.02,10.07
71.53,-3.66,4.94
70.43,-7.51,6.90
66.83,-7.81,10.74
63.54,-3.97,7.51
61.10,-8.30,5.07
58.29,-9.89,1.28
52.92,-6.23,5.07
47.85,-10.56,-1.34
43.15,-9.95,-1.77
33.26,-3.36,0.43
27.65,-5.37,-0.18
22.28,-3.72,-1.46
16.85,2.20,2.93
11.66,-0.49,4.03
5.37,-0.98,2.14
-1.34,-3.60,-0.73
-7.75,-6.84,-3.23
-12.76,-10.38,-5.43
-16.60,-12.57,-7.45
-20.26,-12.94,-8.67
-23.62,-11.54,-9.40
-27.71,-9.34,-10.13
-32.35,-5.92,-10.62
-37.60,1.71,-9.64
-42.60,11.47,-5.55
-47.73,16.91,-3.23
-51.33,23.80,-2.93
-51.82,24.72,-3.23
-50.66,21.18,-0.79
-48.03,17.70,1.28
-44.86,13.24,0.00
-44.80,8.48,-5.25
-43.52,5.19,-12.63
-40.77,3.97,-18.25
-38.70,2.01,-19.53
-36.50,0.49,-17.40
-33.81,-0.79,-13.24
-29.85,-2.87,-8.00
-26.55,-5.31,-3.36
-25.02,-2.50,-2.01
-25.02,4.15,-4.09
-16.54,6.23,-5.86
-8.54,7.26,-3.97
-4.70,6.35,2.01
-2.69,6.29,5.98
-0.67,10.56,7.08
3.05,15.69,8.73
8.30,14.22,11.96
9.22,12.70,13.55
9.64,12.39,13.12
9.70,11.54,12.08
9.22,9.89,10.80
8.18,7.75,8.73
7.39,5.55,7.08
5.68,3.42,5.98
4.21,1.46,3.72
3.60,-0.31,1.83
1.53,-1.95,0.49
0.43,-3.66,-0.12
-0.43,-4.88,0.85
-1.10,-5.68,3.72
1.77,-7.39,9.70
7.20,-7.14,27.10
7.08,-0.49,33.39
10.13,3.48,29.60
12.02,5.00,41.38
15.01,2.50,51.70
16.85,4.82,54.75
18.13,7.32,54.99
20.75,5.37,59.33
20.94,2.75,63.35
22.28,2.56,64.94
17.33,5.98,63.54
17.76,8.00,56.64
15.81,6.47,56.76
13.98,3.91,54.69
12.08,2.62,52.86
14.59,1.22,55.05
10.80,-2.38,56.40
9.58,0.85,46.75
9.95,-1.53,43.09
5.13,-0.43,37.60
6.04,-0.24,31.43
3.36,0.92,31.31
5.25,-1.22,34.12
4.09,-2.14,39.31
2.87,-1.53,31.74
4.52,0.12,21.06
3.97,-0.61,23.32
2.62,-1.95,24.41
2.01,-1.40,14.71
4.21,0.92,17.82
2.56,0.37,17.27
4.70,1.46,19.78
1.53,1.16,12.27
1.65,0.85,4.09
1.89,-0.12,4.76
2.01,-2.08,10.25
1.04,-1.83,9.77
2.01,-0.55,4.15
3.48,-0.98,5.31
5.13,-1.95,14.04
5.92,-1.28,22.83
5.37,0.00,22.28
6.16,0.24,17.58
7.32,-1.53,22.28
7.14,-1.10,24.48
3.42,-1.04,14.22
3.97,-0.24,2.44
3.23,-0.43,2.08
3.17,-0.92,3.30
3.78,-0.49,3.30
3.91,0.12,2.87
4.27,0.24,2.62
4.88,0.31,2.50
5.55,0.24,2.81
4.70,0.06,2.87
4.09,-0.24,2.50
4.09,-0.61,1.95
3.85,-0.67,1.34
3.30,-0.73,0.55
2.08,-0.24,-0.31
0.12,0.73,-0.55
-2.44,3.05,-0.49
-4.88,5.74,-0.67
















-,-,-
0.43,-0.67,-0.55
0.00,-1.16,-0.92
-0.43,-1.22,-1.22
-0.43,-1.53,-1.28
-0.49,-1.77,-1.22
0.24,-1.89,-1.28
0.31,-1.95,-1.28
0.24,-2.01,-1.10
0.24,-2.14,-0.98
0.24,-2.20,-1.22
0.24,-2.14,-1.34
0.24,-2.08,-1.46
0.55,-1.89,-1.59
0.31,-1.77,-1.59
-0.06,-1.71,-1.53
-0.06,-1.59,-1.22
0.43,-1.34,-0.85
0.55,-1.16,-0.55
0.92,-1.16,0.00
1.16,-0.92,0.31
1.10,-1.10,0.49
0.98,-1.10,0.67
1.28,-0.67,0.85
2.08,-0.06,1.34
3.48,0.85,2.26
5.19,2.01,3.54
6.84,3.05,4.39
9.77,3.48,5.13
13.85,3.72,6.35
18.19,3.72,8.24
24.35,-0.67,8.30
33.02,-10.44,4.64
37.29,-8.18,5.43
41.14,-8.61,4.03
48.16,-15.56,0.37
57.62,-25.09,-3.05
67.02,-24.54,-6.04
79.10,-28.63,-5.13
86.73,-27.47,-2.26
93.87,-27.83,-2.56
98.51,-30.76,-6.35
100.95,-31.56,-5.68
100.22,-28.75,-9.58
100.34,-28.69,-11.78
98.21,-30.03,-12.57
94.60,-27.77,-14.10
89.66,-21.85,-15.75
83.74,-22.28,-16.30
76.42,-22.64,-10.93
68.36,-18.86,-5.19
52.06,-8.61,-1.71
38.45,-4.15,-3.17
27.16,-4.21,-5.31
16.30,-3.23,-3.91
10.25,-2.32,-0.55
3.23,-1.34,2.26
-1.10,-5.68,-1.59
-5.25,-10.07,-5.13
-8.54,-11.96,-7.63
-11.35,-11.90,-9.34
-13.73,-10.38,-9.77
-15.32,-7.39,-8.79
-16.24,-3.91,-7.08
-16.48,-0.43,-4.94
-17.70,2.93,-3.85
-19.78,5.25,-3.66
-22.64,6.53,-4.21
-26.18,8.42,-5.49
-31.98,15.14,-8.06
-35.52,21.24,-6.65
-39.00,25.63,-3.60
-44.62,32.59,-2.93
-48.65,38.39,-6.16
-53.34,44.98,-12.45
-56.03,50.90,-19.53
-56.88,53.04,-24.96
-55.66,51.15,-28.56
-52.06,45.47,-29.72
-46.14,36.38,-28.44
-41.50,26.12,-26.31
-41.93,16.72,-24.35
-39.43,8.36,-21.48
-35.83,3.66,-18.31
-33.14,2.81,-14.16
-30.64,3.36,-7.75
-28.50,4.27,-0.43
-26.25,3.85,7.26
-23.62,0.12,14.04
-20.26,-6.90,19.35
-15.93,-15.75,23.80
-10.93,-25.09,29.11
-6.53,-34.36,36.68
-2.38,-43.64,45.35
-5.31,-26.43,37.41
-7.45,-3.36,13.98
16.85,-8.06,6.16
19.65,-9.77,6.29
14.71,-8.97,13.85
14.28,-4.27,17.64
16.24,-1.59,17.88
19.04,1.83,18.19
22.95,3.05,17.70
26.31,1.22,23.99
24.66,0.92,31.62
24.54,0.55,37.05
26.98,-0.43,43.52
24.17,5.49,43.88
23.44,6.53,35.28
23.62,1.77,38.27
22.34,0.79,46.81
25.94,-1.34,53.34
26.55,0.31,61.46
26.86,2.50,62.50
28.93,3.36,62.50
26.86,5.74,72.69
27.59,8.30,75.99
27.59,7.26,83.44
25.82,9.03,81.18
26.37,11.17,82.28
22.71,12.51,84.66
22.58,13.31,85.63
19.71,10.44,87.46
15.75,8.48,83.86
14.10,7.26,68.60
15.93,2.32,62.99
11.84,-1.77,61.77
9.46,1.71,52.98
9.95,1.40,49.07
5.31,-2.81,44.92
3.30,-2.38,27.28
5.07,-0.73,12.88
3.11,-1.83,21.61
3.78,-2.93,25.21
6.29,-6.16,25.27
4.33,-2.26,19.59
5.37,0.67,8.85
4.39,0.61,4.39
4.46,0.18,3.54
4.52,0.00,3.17
4.21,-0.24,2.75
4.39,-0.06,2.26
4.15,0.18,0.73
4.64,0.18,1.10
3.66,0.12,0.49
3.30,0.31,-0.37
2.75,0.18,-0.55
2.69,0.37,-0.61
2.62,0.73,-0.49
2.38,1.16,-0.06
2.32,1.22,-0.06
2.56,1.28,0.00
2.93,1.22,0.06
3.54,1.34,0.24
4.33,1.10,0.43
3.42,0.85,0.12
2.26,0.61,-0.55
1.59,0.55,-1.22
1.04,0.98,-1.40
-0.06,1.95,-1.16
-2.93,3.36,-1.34
-4.88,5.43,-1.10
-6.10,7.51,-0.98
-6.90,9.89,-0.85
-7.63,12.51,-1.53
-7.81,15.14,-2.81
-7.51,15.63,-1.95
-8.54,16.60,-2.32
-9.34,18.19,-4.33
-9.58,18.80,-7.02
-9.16,18.37,-7.93
-9.03,18.07,-6.47
-9.16,17.09,-4.27
-9.16,16.54,-3.36
-9.40,16.97,-3.48
-9.58,17.40,-3.23
-10.93,18.07,-2.44
-12.45,19.29,-1.10
-12.57,20.75,0.43
-12.02,22.40,1.34
-10.44,24.23,1.83
















-,-,-
0.73,-2.44,-1.22
0.43,-2.81,-1.28
0.73,-2.87,-1.10
0.92,-2.93,-0.73
0.79,-2.93,-0.49
0.61,-2.87,-0.55
0.06,-2.99,-0.43
0.24,-2.87,-0.61
0.24,-3.23,-1.10
0.31,-3.78,-1.65
0.67,-4.39,-1.95
0.31,-5.19,-2.38
-0.06,-6.23,-2.93
-0.55,-6.96,-3.54
-0.79,-7.81,-3.78
-1.34,-8.12,-3.91
-1.77,-8.54,-4.03
-3.23,-8.91,-4.27
-5.62,-9.58,-4.27
-7.32,-10.50,-4.52
-8.54,-11.72,-5.07
-9.83,-13.06,-5.98
-11.29,-13.06,-6.71
-13.31,-14.89,-7.20
-13.79,-19.96,-8.67
-14.83,-23.07,-10.62
-15.56,-24.66,-11.66
-16.66,-24.17,-11.47
-17.40,-21.73,-10.50
-16.05,-22.46,-9.77
-13.92,-24.60,-8.00
-10.44,-25.15,-6.65
-3.97,-21.61,-5.31
4.21,-15.38,-3.05
14.65,-7.69,1.53
26.79,-0.24,7.08
36.56,4.58,12.94
48.16,-0.18,16.36
63.23,-8.24,14.22
79.35,-6.16,15.20
98.39,-12.76,20.69
111.39,-20.51,13.37
125.49,-30.15,8.18
129.64,-40.04,-2.81
130.92,-45.72,-12.15
129.64,-50.84,-11.96
123.90,-45.78,-12.27
117.43,-35.40,-11.17
109.19,-27.77,-8.91
97.66,-18.74,4.27
79.83,-16.91,-2.14
64.45,-3.36,-8.24
45.96,1.22,0.98
29.24,4.82,1.89
18.25,10.62,7.02
8.85,7.02,9.40
5.07,-0.37,4.52
3.36,-6.29,-0.18
1.22,-9.89,-2.93
0.49,-11.11,-4.39
-0.73,-10.93,-5.55
-3.54,-10.44,-5.92
-7.39,-9.77,-6.71
-10.99,-8.91,-7.75
-14.10,-8.12,-8.42
-17.27,-7.63,-8.61
-21.00,-7.14,-9.40
-26.31,-7.02,-11.05
-32.47,-7.39,-14.16
-39.06,-8.18,-17.64
-46.39,-7.20,-20.75
-52.98,-1.40,-23.86
-57.37,5.68,-23.07
-61.22,9.46,-20.26
-65.61,14.83,-19.96
-70.74,21.79,-23.93
-71.84,28.02,-29.30
-67.02,28.38,-32.65
-58.11,22.09,-32.90
-47.12,10.80,-29.72
-35.71,-2.69,-22.58
-25.27,-15.26,-12.33
-16.05,-24.90,-2.01
-8.79,-32.59,8.12
-3.66,-37.78,16.30
-2.44,-29.66,17.46
-12.15,-5.74,4.58
9.09,0.31,-0.61
21.24,2.08,6.16
19.47,-1.04,14.10
18.86,0.31,14.77
20.32,4.52,13.24
20.75,7.20,13.79
21.61,6.59,18.92
25.82,0.92,28.44
27.16,2.08,34.67
31.19,2.50,38.88
38.57,-5.49,52.25
41.50,-6.71,66.83
47.42,-2.44,72.39
55.73,-8.18,83.98
56.64,-4.33,90.52
62.81,-3.42,104.13
62.32,-4.64,116.94
62.50,-2.01,125.85
58.84,-1.16,126.10
55.18,-3.36,119.63
47.91,1.46,108.52
44.19,2.20,99.91
35.52,-5.43,91.67
30.21,-3.48,76.78
32.10,-1.59,76.23
28.44,-7.45,77.09
20.32,-4.82,66.71
19.84,-5.49,60.67
14.59,-5.37,60.97
12.33,-7.57,57.92
4.46,-9.09,46.26
0.06,-4.58,30.70
0.37,0.12,11.60
2.50,1.22,6.16
3.66,1.22,5.74
4.33,0.79,5.43
3.42,0.24,3.78
2.32,-0.31,1.59
0.73,-0.79,-1.34
-2.32,-1.04,-3.42
-6.59,-0.49,-5.37
-9.58,0.43,-7.63
-11.90,1.71,-9.52
-14.89,2.87,-10.62
-18.19,4.88,-11.60
-19.47,7.39,-12.70
-21.24,10.80,-14.04
-21.48,12.15,-13.61
-20.81,13.85,-13.18
-23.50,16.66,-15.99
-24.48,15.50,-19.04
-27.83,15.56,-22.77
-33.26,21.00,-26.67
-37.48,29.17,-31.07
-40.53,37.41,-35.52
-41.32,43.64,-39.79
-40.59,45.78,-44.25
-39.92,44.56,-48.83
-39.25,39.92,-53.04
-39.98,33.69,-55.79
-38.70,26.86,-56.82
-34.36,19.84,-56.34
-30.46,13.24,-55.54
-27.16,7.57,-53.41
-25.02,2.81,-49.32
-24.60,0.24,-45.04
-23.32,-0.85,-40.10
-23.25,-1.53,-36.93
-21.79,-3.54,-37.90
-20.32,-7.63,-43.52
-22.16,-12.02,-53.04
-25.21,-16.36,-62.38
-28.26,-19.96,-69.64
-30.82,-21.79,-72.45
-31.13,-21.85,-70.92
-29.72,-22.64,-65.86
-27.95,-24.78,-59.94
-26.73,-28.38,-55.91
-25.70,-33.63,-56.15
-24.84,-41.02,-59.81
-24.90,-49.50,-65.00
-26.18,-57.25,-72.57
-29.66,-62.62,-85.21
-34.18,-65.80,-103.39
-39.37,-67.32,-122.50
-43.15,-67.69,-136.54
-45.96,-67.87,-144.78
-48.28,-68.91,-148.44
-49.19,-72.75,-148.74
-49.93,-79.04,-145.87
-52.67,-84.41,-141.17
-58.65,-87.65,-137.33
-67.50,-89.78,-137.82
