-,-,-
-10.07,7.75,4.46
-5.98,5.31,5.43
-4.46,0.31,5.19
-5.13,-5.13,4.58
-5.49,-8.61,4.46
-5.62,-8.61,4.09
-4.70,-6.77,3.66
-2.38,-5.00,2.56
-1.28,-3.17,0.92
-3.85,-2.08,-0.67
-3.66,-0.06,-1.77
-2.50,2.20,-2.69
-2.01,3.60,-3.60
-0.55,4.58,-3.85
1.40,4.15,-3.11
3.30,2.99,-2.69
0.98,1.71,-2.56
-0.98,0.79,-2.56
-1.10,1.16,-2.44
-1.22,2.69,-2.69
-0.98,3.54,-3.54
-0.92,3.60,-3.48
-1.04,4.46,-2.81
0.24,4.58,-1.89
0.12,4.27,-2.44
-3.72,3.48,-3.42
-5.55,3.78,-3.60
-5.86,5.31,-3.66
-4.82,7.26,-4.15
-4.03,8.85,-4.76
-2.99,8.97,-4.76
-2.01,7.93,-4.15
-3.23,6.16,-3.23
-3.17,3.60,-1.71
-3.72,-0.49,0.67
-6.77,-7.02,4.52
-9.89,-18.19,9.34
-11.78,-30.40,13.85
-16.72,-41.20,19.17
-18.07,-50.29,24.54
-19.29,-53.16,22.58
-11.23,-46.33,10.56
3.72,-35.10,-1.04
19.53,-25.76,0.79
33.02,-13.49,6.59
47.85,-7.02,9.09
66.89,-21.79,14.47
83.25,-41.87,15.44
101.75,-54.44,21.85
112.30,-57.43,24.60
116.58,-52.55,24.78
118.29,-49.56,25.39
117.43,-44.56,24.90
112.49,-37.96,18.13
98.51,-33.02,12.15
70.98,-22.28,8.18
41.38,-7.26,7.39
14.10,0.43,4.15
-6.04,2.62,0.00
-20.63,-2.99,-3.54
-30.70,-12.82,-7.08
-37.84,-14.22,-11.60
-41.75,-0.98,-16.05
-39.61,14.59,-14.83
-36.50,22.16,-14.22
-34.61,27.89,-13.00
-36.32,32.78,-16.30
-39.37,38.57,-20.94
-38.88,41.81,-23.13
-34.67,39.55,-20.39
-27.53,28.63,-12.15
-21.97,12.39,-1.28
-20.94,-3.78,10.25
-21.79,-16.60,16.36
-19.53,-13.79,6.71
-9.03,-4.64,1.16
0.73,-1.59,10.56
1.89,2.81,18.43
7.32,10.07,42.97
13.31,18.80,73.55
18.98,24.35,90.58
24.41,28.02,107.06
17.88,29.48,104.74
14.95,29.36,90.76
12.63,24.35,75.99
12.02,23.62,61.22
11.66,21.00,44.86
13.55,18.43,35.16
9.95,17.15,24.48
4.46,14.28,4.27
2.08,11.11,-5.80
-1.77,8.79,-14.83
-5.98,5.00,-32.71
-10.07,4.52,-56.15
-13.61,13.12,-73.61
-12.70,24.29,-82.46
-7.08,28.63,-82.52
-2.81,20.81,-72.14
-2.01,3.36,-52.86
1.83,-11.96,-29.54
2.87,-25.70,-4.82
2.87,-41.50,17.03
2.75,-60.61,32.96
7.45,-70.37,31.86
22.71,-35.89,7.57
53.41,-20.39,7.51
76.90,-29.72,16.91
87.95,-32.04,16.72
96.56,-27.28,18.49
100.71,-23.25,17.64
99.85,-19.23,15.81
84.53,-19.17,8.85
60.30,-12.94,4.03
39.00,-7.39,2.81
21.61,-3.17,5.07
7.32,6.65,0.92
-1.89,10.74,1.95
-10.01,5.43,1.77
-17.94,-2.20,-1.95
-24.48,-2.14,-7.20
-27.16,5.98,-12.82
-28.56,16.42,-23.86
-29.24,20.69,-38.57
-28.14,19.17,-52.61
-24.66,22.58,-66.41
-23.99,28.32,-80.20
-21.24,29.79,-92.90
-18.92,20.94,-99.79
-20.81,2.62,-100.89
-18.74,-15.20,-97.41
-21.42,-28.81,-79.53
-16.11,-41.08,-50.05
-9.09,-53.22,-18.25
-10.80,-62.68,7.93
-25.57,-48.89,13.37
-20.26,-19.71,-4.27
-13.12,-19.71,-8.67
-12.33,-22.03,-3.91
-8.73,-11.72,7.08
-2.69,-2.56,25.76
5.07,5.25,49.62
17.82,7.93,68.30
33.81,19.90,88.93
48.65,29.30,117.74
52.31,38.82,137.02
55.66,45.35,153.81
51.76,37.48,164.06
42.30,32.23,161.87
32.35,28.44,139.53
24.84,18.07,130.55
17.70,13.61,121.89
14.89,8.36,115.72
7.57,8.61,104.61
2.87,3.66,79.10
1.10,-2.81,59.33
-0.06,-4.27,49.01
-0.24,-2.14,44.31
0.79,-2.99,45.59
-1.22,-0.49,35.16
-1.10,-0.61,9.28
1.71,-0.12,3.97
1.04,0.43,5.19
0.55,0.67,4.27
0.12,0.31,2.32
-0.92,-0.24,0.18
-1.71,-0.43,-1.83
-2.99,0.00,-3.23
-3.85,0.85,-4.52
-4.76,1.83,-6.35
-5.19,3.91,-7.51
-5.68,6.16,-7.26
-5.62,9.16,-6.53
-5.43,12.02,-6.04
-5.43,13.85,-5.74
-6.96,16.05,-8.61
-7.63,21.36,-13.79
-7.93,25.09,-18.62
-6.96,25.51,-22.52
-6.10,28.26,-27.16
-4.21,35.83,-32.29
















-,-,-
-0.85,0.31,-0.37
-0.73,0.43,-0.12
-0.55,0.79,0.18
-0.06,0.92,0.24
0.37,0.49,0.61
0.43,-0.12,0.73
0.55,-0.61,1.04
-0.24,-0.67,1.10
-0.92,-0.12,1.04
-1.22,0.67,0.79
-1.10,0.73,0.73
-0.73,0.12,1.04
-0.37,-1.10,2.08
0.12,-2.87,2.69
0.00,-5.00,3.30
-0.43,-6.71,3.85
-0.55,-8.97,4.27
-0.85,-12.51,5.07
-2.14,-17.15,6.10
-3.85,-22.34,7.14
-6.47,-26.18,8.42
-9.40,-27.40,7.45
-11.29,-27.16,5.98
-11.60,-24.17,3.72
-8.67,-16.05,-2.38
-4.21,-9.34,-5.07
-0.43,-4.39,-2.81
2.50,-2.14,1.22
3.72,0.79,2.32
5.25,3.23,1.40
6.53,2.87,2.08
7.02,0.18,3.30
6.90,-2.38,3.54
6.90,-4.21,4.52
7.39,-4.09,4.21
9.77,-5.49,3.48
15.50,-7.26,5.49
25.09,-7.63,8.54
39.06,-14.65,12.82
52.80,-17.70,15.69
70.98,-20.45,20.63
89.42,-28.99,25.21
108.76,-33.51,28.81
126.46,-36.74,28.63
139.65,-39.67,27.59
148.38,-39.49,25.57
147.46,-39.61,21.67
137.08,-35.28,23.19
115.30,-27.28,18.74
92.47,-21.73,14.65
62.01,-11.90,9.28
39.31,-11.05,2.50
19.10,-9.09,0.49
2.62,-7.69,-1.65
-9.28,-9.77,-5.13
-20.32,-13.85,-11.17
-28.69,-20.63,-14.77
-35.46,-22.03,-16.60
-39.67,-15.69,-17.03
-42.91,1.71,-19.84
-43.27,20.26,-18.68
-44.13,32.10,-8.79
-47.00,38.94,-2.08
-52.25,41.93,-5.68
-55.36,43.27,-17.40
-53.59,40.89,-28.14
-47.36,32.41,-29.79
-37.54,17.52,-21.30
-26.79,0.00,-6.84
-19.84,-16.91,9.46
-13.85,-27.83,19.23
-8.73,-13.85,8.54
-0.18,-2.93,4.03
6.35,-0.37,16.24
10.50,-0.24,41.63
13.73,3.91,61.58
15.44,14.83,73.18
18.31,23.56,84.66
19.59,27.53,96.98
16.60,28.26,94.48
13.49,32.29,76.84
12.57,28.26,63.05
9.64,26.37,49.38
6.04,24.84,34.48
6.53,20.02,36.68
2.08,18.19,27.65
-0.73,14.22,10.86
-4.70,12.76,-3.54
-5.80,14.04,-14.77
-7.39,13.37,-25.57
-8.30,20.02,-45.23
-6.35,27.59,-64.88
-1.59,32.29,-77.70
5.68,31.49,-77.45
10.56,24.23,-64.88
11.72,12.45,-47.00
8.73,-0.55,-29.97
5.92,-14.40,-14.89
5.55,-31.37,-1.46
6.90,-50.23,11.47
7.69,-68.97,22.34
9.52,-82.70,28.75
18.13,-52.92,16.91
28.87,-24.29,4.64
54.20,-17.88,6.35
64.88,-16.60,14.40
71.53,-9.95,16.42
80.57,-2.50,17.03
90.58,-9.64,17.82
100.22,-15.38,19.41
107.97,-15.69,13.24
108.09,-15.87,9.34
97.41,-14.47,6.47
73.24,-7.93,3.48
48.65,-3.66,2.87
31.68,-6.16,-0.67
23.01,-5.13,-6.84
13.37,2.81,-2.26
5.07,-2.01,-1.53
-1.83,0.98,-3.66
-6.84,-1.59,-4.21
-11.41,-1.89,-4.03
-16.91,-0.37,-4.52
-20.63,4.58,-6.04
-23.62,12.33,-8.54
-28.02,22.28,-21.18
-31.43,27.53,-40.77
-32.23,31.98,-58.23
-30.27,38.51,-70.74
-24.78,43.40,-81.42
-22.77,43.58,-91.92
-19.10,35.89,-100.59
-18.13,23.01,-104.55
-23.19,8.67,-102.60
-31.98,-2.75,-94.30
-37.78,-11.54,-78.92
-35.64,-21.67,-57.07
-29.66,-33.57,-33.63
-23.50,-46.20,-13.12
-19.78,-57.43,1.46
-19.96,-65.73,12.70
-21.97,-61.40,15.38
-15.14,-26.43,-7.32
-8.91,-19.04,-12.27
0.49,-22.71,-6.84
-7.57,-21.91,-1.53
-10.31,-13.85,1.65
0.31,-7.69,15.14
10.56,-2.08,31.98
16.48,3.23,53.77
21.91,7.08,71.66
26.92,11.23,90.82
32.41,18.74,104.98
39.31,25.27,117.00
46.14,31.92,135.31
47.73,34.12,148.38
42.05,32.17,152.77
37.29,28.99,146.36
32.84,26.18,136.72
29.24,23.07,123.90
27.89,10.62,124.88
20.45,9.64,118.71
18.01,7.02,106.32
9.95,5.13,89.17
7.20,2.14,74.89
7.14,0.49,75.13
2.32,-0.12,56.58
3.72,0.67,46.08
3.36,-0.06,50.11
-2.93,-1.04,34.30
-2.81,-1.77,20.08
-2.14,-3.17,13.18
-2.01,-2.32,3.66
0.24,-0.61,1.04
2.14,1.34,1.77
1.95,2.75,1.40
0.00,3.36,-0.85
-2.50,3.91,-2.93
-4.82,5.43,-3.36
-6.10,8.06,-3.42
















-,-,-
0.06,-0.55,0.79
-0.18,-0.06,0.24
-0.31,0.24,-0.12
-0.49,0.55,-0.31
-0.43,0.98,-0.43
-0.12,1.65,-0.61
-0.31,1.89,-0.92
-0.24,1.95,-0.98
-0.37,1.65,-0.67
-0.73,0.55,0.18
-0.98,-0.24,1.10
-1.04,-0.98,1.46
-1.16,-1.46,1.83
-0.73,-0.98,1.40
-0.18,-0.12,0.37
0.43,0.31,-0.31
0.67,0.85,-0.18
0.55,1.89,0.06
0.79,2.20,0.67
0.92,1.28,1.59
0.85,0.06,2.20
0.31,-1.04,2.50
0.12,-1.89,2.08
0.00,-2.20,1.34
-0.49,-1.83,0.79
-0.73,-2.01,0.98
-0.55,-3.72,2.20
-0.61,-6.47,3.60
-1.40,-9.77,4.88
-1.04,-13.61,5.07
-0.49,-15.50,2.44
-0.67,-14.71,-2.69
1.40,-16.60,-1.71
2.14,-16.54,-0.92
4.03,-13.92,-2.01
10.07,-11.23,-0.24
16.78,-7.81,2.56
27.40,-4.03,6.10
41.32,-1.65,11.47
58.59,-8.67,16.48
75.13,-18.19,21.18
90.03,-21.12,25.57
102.11,-30.15,28.08
110.84,-33.39,26.00
120.97,-37.96,27.04
129.09,-36.93,24.23
133.42,-37.41,19.84
128.17,-34.97,18.62
115.17,-32.84,15.32
94.48,-27.10,6.53
71.72,-16.97,8.36
48.10,-9.89,8.97
28.99,-7.87,3.72
12.08,-5.07,-1.28
2.08,-9.52,-4.33
-6.16,-10.80,-6.47
-11.96,-14.77,-8.67
-17.33,-18.13,-10.80
-23.01,-17.27,-12.15
-26.98,-12.39,-12.51
-29.79,-3.36,-13.00
-34.61,11.17,-15.69
-38.64,21.24,-14.16
-44.07,28.44,-10.13
-50.35,35.46,-10.93
-54.08,39.55,-15.63
-54.38,41.56,-23.07
-50.11,40.10,-27.71
-44.74,32.84,-25.33
-34.24,18.62,-15.75
-24.41,1.53,-1.83
-17.76,-14.34,14.83
-12.39,-27.22,26.67
-6.90,-15.38,11.29
-0.18,-4.70,-0.31
9.28,-1.53,8.48
10.68,4.09,31.19
14.65,13.92,57.25
21.61,19.29,74.10
26.18,21.91,86.36
27.40,25.63,93.32
24.66,29.60,91.92
20.51,28.14,81.85
17.82,28.75,74.22
14.40,28.08,60.61
13.67,26.49,50.05
8.67,24.48,35.95
7.45,20.02,20.94
5.74,16.66,22.09
-3.60,16.42,9.46
-5.80,14.04,-3.36
-9.40,11.35,-12.82
-12.02,10.07,-21.48
-16.66,5.68,-39.79
-17.52,9.03,-68.36
-15.01,16.42,-92.35
-11.96,23.93,-103.45
-8.12,25.94,-96.44
-2.01,23.07,-74.40
2.38,16.60,-49.26
5.37,5.92,-29.11
6.53,-6.77,-14.16
7.75,-21.97,-2.14
8.91,-40.41,10.56
8.91,-60.36,23.74
9.09,-80.44,36.19
14.04,-87.46,38.88
25.51,-42.11,7.51
46.45,-20.45,0.55
72.45,-15.14,12.27
78.92,-17.15,23.44
86.61,-8.85,24.78
96.68,-4.70,26.31
103.58,-12.21,27.22
107.67,-12.33,20.02
109.07,-16.30,13.92
104.37,-11.66,11.41
98.51,-18.37,13.61
87.40,-16.78,9.28
74.65,-11.54,4.64
62.93,-3.78,8.79
50.60,-1.59,8.85
36.93,1.34,8.30
23.74,-0.61,3.48
13.18,-5.31,-2.20
4.33,-0.37,-2.75
-3.60,-1.65,-3.48
-10.68,-3.60,-4.82
-18.43,-5.80,-6.96
-23.56,-5.49,-8.73
-25.33,-1.95,-9.52
-27.28,4.15,-9.64
-31.07,12.94,-11.84
-38.57,22.83,-29.24
-45.59,26.00,-56.58
-48.40,25.51,-75.07
-49.13,28.50,-84.84
-44.43,32.10,-91.74
-41.14,31.68,-98.14
-37.23,26.31,-103.39
-34.61,16.60,-104.55
-35.40,4.09,-100.52
-37.72,-7.93,-91.06
-38.33,-18.92,-76.05
-35.89,-30.09,-57.07
-24.72,-41.63,-36.07
-15.44,-52.80,-15.87
-16.17,-59.81,3.23
-13.92,-59.08,14.77
-2.32,-22.03,-4.21
-0.67,-9.46,-6.90
8.79,-10.01,-5.13
2.99,-14.95,2.93
-8.97,-11.78,2.87
-7.45,-9.28,0.24
-3.60,-10.31,6.10
-6.71,-8.97,13.73
-1.28,-5.43,32.04
5.86,3.60,59.75
16.72,16.60,85.94
28.20,20.57,107.18
32.84,28.56,118.53
38.82,35.77,130.37
37.54,34.73,130.49
37.05,36.44,130.25
35.10,34.85,130.74
30.82,30.64,126.46
30.03,24.78,124.27
25.15,20.02,118.77
25.39,15.26,113.89
22.46,9.95,114.93
16.48,8.67,102.23
12.45,9.28,87.77
9.64,5.43,86.79
2.38,2.26,80.02
-0.55,-0.85,66.47
-0.31,0.55,60.00
-3.05,-4.39,52.31
-2.50,-1.59,47.55
-4.09,-3.60,42.42
















-,-,-
3.85,-7.02,2.26
2.87,-5.62,0.37
1.59,-6.16,-0.98
0.43,-7.08,-2.26
-0.06,-7.75,-2.56
-0.49,-8.61,-2.81
-0.61,-9.34,-3.05
-0.49,-9.46,-3.17
-0.12,-9.09,-2.69
0.43,-8.24,-2.08
0.37,-7.51,-1.77
0.00,-6.90,-1.53
0.24,-6.41,-1.34
0.49,-5.92,-0.85
0.55,-5.55,-0.61
0.73,-5.37,-0.73
0.67,-5.68,-1.16
0.55,-6.35,-1.34
0.24,-7.14,-1.59
0.12,-7.57,-1.46
-0.85,-7.87,-1.40
-1.59,-8.00,-1.83
-0.98,-7.57,-2.08
-0.12,-6.90,-1.77
0.43,-6.35,-1.34
1.89,-5.86,-1.04
3.30,-5.37,-0.55
5.00,-4.76,-0.24
8.12,-3.97,0.49
13.61,-2.32,1.77
20.02,0.49,3.85
27.83,3.72,7.08
38.39,5.86,11.47
50.78,3.17,15.08
64.70,-5.55,17.64
78.67,-18.98,16.11
92.47,-22.34,17.33
105.10,-40.34,14.53
112.06,-40.53,12.08
117.61,-46.26,8.54
118.47,-45.96,7.02
118.77,-43.27,9.28
112.73,-36.74,10.25
102.05,-29.30,12.15
89.17,-25.76,9.70
75.07,-17.27,7.81
57.86,-9.16,5.07
40.77,-3.17,7.75
22.77,1.53,5.86
10.19,-0.55,2.81
1.22,-3.97,3.17
-8.12,-4.39,-2.50
-16.36,-5.07,-6.71
-22.03,-7.87,-7.93
-26.86,-8.12,-9.03
-32.47,-4.27,-10.38
-38.51,7.75,-15.32
-44.07,21.55,-18.13
-49.07,35.16,-17.88
-49.62,45.72,-22.40
-49.32,54.38,-30.94
-49.62,60.67,-38.57
-44.43,60.12,-40.22
-38.15,51.82,-33.81
-33.33,38.09,-21.85
-27.71,19.71,-7.39
-25.39,-0.24,7.08
-23.86,-16.48,20.26
-21.00,-29.79,29.79
-19.10,-38.64,35.16
-14.59,-26.79,15.81
-12.63,-10.19,-6.29
2.93,-9.77,-1.77
2.32,-7.26,10.80
2.26,4.64,24.78
7.87,19.17,40.71
16.42,26.49,61.65
21.67,29.85,77.70
25.21,33.26,90.88
27.59,35.22,103.15
28.08,37.29,107.60
27.04,39.43,105.59
25.45,37.84,97.29
21.00,35.46,84.35
15.93,31.07,64.09
12.70,25.70,53.53
8.97,23.74,43.09
8.48,24.60,31.92
8.91,23.86,29.48
5.55,24.78,22.89
4.09,22.52,14.59
-0.92,20.32,0.85
-2.26,18.80,-10.44
-4.03,18.92,-17.15
-5.80,15.75,-32.96
-1.95,18.68,-58.59
-0.85,26.55,-78.49
0.85,33.51,-87.71
1.28,35.22,-86.36
1.28,31.86,-76.78
1.34,25.09,-64.15
0.43,15.50,-51.45
-0.85,3.72,-39.06
-1.28,-7.93,-26.00
0.49,-20.08,-11.29
2.44,-34.42,4.03
3.11,-50.35,18.49
2.62,-67.93,30.15
4.15,-85.69,39.73
12.70,-78.98,34.12
17.82,-38.09,6.41
42.18,-22.95,2.81
62.50,-14.47,14.34
70.62,-9.34,22.28
76.35,-4.21,22.28
86.79,-6.23,21.67
95.95,-14.65,18.43
100.71,-22.22,8.36
103.45,-26.37,4.94
96.56,-22.09,1.71
86.18,-21.97,-1.89
67.50,-11.47,-2.56
47.97,-6.16,3.23
30.33,-0.18,4.64
16.11,4.03,1.53
3.36,6.23,-2.08
-8.24,5.37,-4.15
-18.43,4.88,-5.43
-24.96,0.43,-7.93
-27.77,-2.20,-9.77
-28.87,-0.92,-11.78
-30.70,5.07,-13.00
-32.41,13.85,-15.01
-37.54,19.90,-31.13
-41.93,21.42,-52.37
-42.60,25.76,-69.27
-41.20,32.23,-84.66
-38.15,35.46,-99.85
-35.58,31.86,-112.73
-32.71,22.22,-119.20
-30.64,9.83,-115.42
-30.46,-2.26,-102.78
-32.41,-12.15,-83.07
-32.65,-21.18,-58.96
-31.25,-31.92,-35.16
-29.60,-44.13,-14.16
-28.08,-54.93,2.56
-27.10,-63.96,18.01
-30.88,-69.40,30.70
-28.93,-40.65,7.08
-19.59,-26.37,-11.47
-8.06,-30.15,-6.29
-14.22,-32.41,2.50
-15.93,-23.80,2.56
-9.34,-12.33,1.34
2.20,-3.11,16.11
9.34,4.82,38.94
14.59,10.56,61.71
19.10,17.70,76.78
29.97,26.86,99.61
41.20,39.73,122.68
48.46,44.56,130.80
52.61,44.74,136.96
50.90,42.54,138.61
44.49,41.38,128.97
42.24,33.69,126.28
37.54,27.71,131.16
32.47,23.07,124.39
26.37,20.75,112.73
19.47,18.01,99.24
14.59,12.57,91.31
10.99,7.26,84.96
6.35,7.08,66.47
7.02,5.49,57.62
4.70,4.82,45.47
5.25,4.15,39.98
6.16,7.69,36.80
4.39,6.77,32.41
1.34,3.85,22.58
0.37,3.30,9.34
















-,-,-
-13.67,-18.13,8.97
-14.77,-15.08,10.01
-15.75,-13.06,9.58
-17.09,-13.06,8.48
-19.47,-14.83,7.75
-22.34,-16.97,8.00
-24.29,-18.19,9.22
-24.60,-17.15,10.86
-25.02,-14.04,12.21
-27.04,-9.09,12.39
-27.89,-4.15,12.39
-27.53,-1.89,12.63
-26.92,-3.72,13.67
-25.15,-9.09,15.08
-23.07,-14.53,15.63
-21.48,-17.52,15.44
-18.92,-19.10,14.40
-18.74,-18.62,12.08
-18.74,-14.10,8.73
-17.70,-8.54,4.88
-17.15,-3.48,1.46
-15.56,0.31,-0.67
-14.47,2.08,-0.98
-13.67,1.40,-0.67
-13.24,-0.73,-0.92
-12.88,-2.56,-1.95
-12.27,-4.03,-2.62
-13.12,-3.66,-2.75
-15.56,-1.46,-3.17
-17.76,1.46,-4.52
-17.58,3.36,-6.77
-16.42,2.87,-9.40
-15.63,0.49,-10.56
-15.26,-2.81,-9.52
-16.17,-6.77,-6.77
-18.92,-11.66,-2.69
-25.33,-16.72,3.97
-31.80,-20.02,11.11
-36.62,-23.68,17.88
-39.25,-28.63,23.44
-38.64,-34.61,29.17
-35.58,-44.07,37.17
-31.49,-56.82,47.67
-25.70,-72.02,60.12
-22.89,-83.07,69.09
-26.98,-57.86,34.61
-3.72,-31.74,-10.93
31.62,-37.90,-1.22
49.13,-41.63,14.65
78.00,-36.13,9.77
103.21,-24.72,3.91
124.76,-17.15,5.37
139.28,-17.09,9.46
146.55,-19.78,5.80
149.29,-22.46,9.16
142.27,-15.81,6.53
131.65,-7.63,1.77
112.18,-1.22,3.97
79.47,10.62,8.18
47.67,13.67,9.28
14.65,17.33,7.45
-12.57,9.58,1.40
-39.86,6.65,-4.82
-59.39,12.57,-5.92
-68.85,20.81,-6.47
-75.87,30.52,-16.78
-75.13,38.51,-27.65
-66.89,36.50,-31.31
-52.19,21.61,-27.95
-37.96,3.11,-21.18
-25.76,-9.58,-13.73
-14.40,-14.10,-4.03
-3.78,-11.17,10.13
6.35,-5.49,27.71
13.12,-0.98,44.37
15.44,12.27,44.49
19.47,28.87,26.18
24.05,25.09,35.58
18.19,13.55,63.48
15.38,12.08,78.43
15.69,13.43,74.28
13.37,15.50,71.90
12.94,15.38,71.23
11.96,14.65,59.27
14.16,15.26,50.48
12.51,19.23,55.18
10.74,23.01,45.72
11.78,26.67,41.56
12.27,29.60,44.80
11.29,27.83,34.61
11.78,25.88,24.60
11.41,26.18,16.36
11.47,28.26,0.06
11.84,30.64,-25.15
11.47,34.30,-54.81
10.07,31.37,-78.00
7.93,22.77,-89.17
6.59,9.03,-81.54
5.92,-5.68,-55.18
7.08,-20.20,-23.25
10.93,-37.41,1.04
17.46,-58.41,18.07
23.50,-75.50,28.75
32.35,-32.47,19.04
42.30,4.09,5.25
54.99,-8.79,-1.46
61.28,-17.21,-6.23
69.21,-8.06,-9.22
77.21,-3.66,-4.52
78.67,-2.56,-1.83
76.29,-5.62,-6.04
70.92,-5.80,-8.61
57.92,-10.68,-9.22
41.87,-13.31,-14.10
23.68,-13.31,-17.52
6.10,-7.81,-14.53
-5.86,-4.27,-13.98
-15.63,2.87,-13.61
-26.67,9.22,-17.88
-35.34,11.47,-29.36
-37.54,13.49,-44.56
-32.41,15.87,-57.80
-25.88,17.58,-69.64
-23.32,19.90,-80.57
-19.35,18.13,-88.01
-16.17,8.97,-89.97
-15.14,-1.34,-86.43
-15.69,-10.19,-75.32
-18.43,-20.02,-52.67
-15.99,-31.13,-21.85
-10.80,-45.96,5.80
-8.54,-60.91,25.45
-6.84,-46.14,22.34
0.61,-15.32,-2.38
18.49,-17.09,-1.95
1.53,-19.04,4.82
2.01,-12.88,7.75
24.78,-6.16,31.86
46.39,4.39,77.70
64.51,16.30,115.36
82.95,20.63,149.11
92.35,27.71,176.82
97.29,35.10,197.63
92.16,41.75,206.05
83.50,43.46,200.99
68.97,35.34,180.91
53.53,23.07,153.81
35.28,11.41,115.48
17.82,-3.66,86.12
3.11,-9.09,62.19
-6.65,-10.13,39.86
-10.38,-9.52,39.79
-11.96,-7.14,34.85
-12.94,-0.98,17.33
-11.05,2.75,2.69
-10.50,7.08,-5.92
-10.50,11.35,-4.70
-9.83,13.79,-2.69
-10.44,15.50,-3.17
-10.93,18.19,-6.04
-10.19,21.97,-5.92
-10.01,22.77,-5.31
-9.70,28.75,-7.57
-8.85,38.27,-9.22
-8.42,47.00,-12.76
-3.66,55.18,-16.60
-0.24,60.97,-18.13
3.72,64.03,-19.96
6.10,65.92,-20.87
8.54,66.65,-19.71
10.01,66.04,-16.66
11.60,64.64,-14.04
11.66,60.42,-12.51
11.23,53.83,-12.08
10.31,47.36,-11.60
8.54,41.56,-9.64
7.08,36.93,-7.63
4.21,32.71,-6.71
0.98,28.14,-6.53
-0.98,24.29,-7.02
















-,-,-
-1.46,-4.27,1.22
-2.62,-5.55,0.61
-3.97,-6.35,-0.49
-5.00,-5.31,-1.34
-4.88,-5.31,-1.16
-4.27,-5.68,-0.98
-1.95,-5.37,-0.98
-0.73,-5.13,-0.12
0.79,-4.27,1.04
2.99,-4.15,1.89
3.78,-3.05,2.08
3.72,-1.95,1.89
4.46,-1.34,1.28
4.88,-1.59,1.16
4.46,-2.32,0.92
3.30,-3.30,0.79
2.69,-4.09,0.73
2.44,-4.39,0.67
3.17,-4.46,1.04
4.46,-4.15,1.46
4.82,-4.21,1.59
4.46,-4.58,1.71
5.00,-4.52,1.46
6.47,-4.46,1.28
8.12,-5.19,1.28
11.17,-6.53,1.53
16.11,-8.97,2.81
21.91,-11.29,5.13
29.36,-13.18,6.96
40.89,-18.74,8.42
53.59,-22.46,9.16
69.15,-25.94,13.92
87.34,-28.99,21.36
105.90,-27.22,31.19
117.68,-21.55,38.64
125.24,-21.36,38.51
131.77,-21.55,36.99
131.23,-19.84,40.71
120.00,-23.19,33.87
106.38,-21.67,15.56
86.98,-13.98,11.78
61.40,-2.62,11.96
37.17,7.20,10.25
14.34,3.54,9.58
-2.62,-0.79,1.53
-16.42,-2.20,-8.18
-26.86,-11.72,-15.08
-35.16,-19.35,-19.53
-40.83,-19.29,-22.77
-44.25,-9.09,-25.27
-43.88,8.73,-26.49
-41.32,30.33,-17.15
-41.75,45.78,-5.19
-43.15,51.64,-2.08
-44.01,47.12,-9.03
-40.22,34.24,-20.26
-33.69,16.42,-25.21
-27.34,-2.20,-18.37
-20.51,-17.09,-2.32
-12.94,-21.67,9.22
-7.63,-10.86,4.09
3.72,-1.28,3.17
11.66,0.06,10.93
10.68,2.38,13.73
9.40,7.75,20.14
12.57,12.51,47.00
14.71,18.01,77.70
17.21,19.23,91.86
15.20,16.24,100.40
11.96,14.89,99.43
8.97,14.40,93.75
5.31,15.32,77.15
4.52,18.43,62.62
3.72,17.09,49.68
2.50,15.93,39.61
2.26,15.69,32.41
2.81,16.91,29.36
-0.12,18.19,11.96
-2.20,18.01,-4.88
-4.33,18.86,-10.50
-3.05,22.71,-13.12
-1.04,24.23,-26.00
3.23,27.40,-53.96
7.20,31.07,-80.08
11.11,33.26,-93.51
11.96,29.24,-88.81
10.93,18.19,-66.16
10.44,4.82,-39.49
10.62,-9.70,-21.12
10.56,-27.59,-10.38
8.91,-46.94,-0.43
8.06,-65.00,13.37
10.86,-75.68,26.00
17.33,-46.94,20.45
26.12,-18.86,8.79
45.17,-13.55,10.62
62.68,-24.23,18.62
71.17,-6.04,23.68
76.66,5.00,28.75
84.35,-5.13,28.44
89.17,-9.58,27.10
86.43,-8.67,22.64
78.49,-12.33,13.37
67.87,-12.70,6.77
59.33,-6.29,4.76
46.81,-2.14,1.28
30.94,-2.81,-2.87
16.91,-5.62,-1.34
6.53,-7.20,-2.99
-0.49,-4.82,-3.97
-4.70,1.10,-5.31
-9.64,1.65,-5.98
-15.93,-1.28,-9.16
-23.93,-0.98,-13.37
-26.55,4.03,-14.77
-23.32,13.67,-14.34
-18.49,25.21,-20.39
-14.04,34.06,-31.01
-9.16,38.64,-37.35
-4.09,42.54,-42.72
1.28,44.68,-51.94
8.18,41.08,-60.91
12.02,35.40,-68.97
6.16,25.02,-71.96
0.73,11.35,-65.37
-0.73,-2.01,-50.05
0.31,-14.16,-30.03
0.98,-27.34,-11.54
1.65,-41.32,0.98
-0.79,-55.24,8.61
-5.25,-63.17,14.53
-8.61,-41.14,13.00
-14.40,-20.39,-1.71
-5.55,-20.14,-5.07
-4.70,-20.94,2.26
-4.94,-12.51,3.42
-0.61,-4.27,4.46
4.21,1.46,26.73
14.22,2.93,73.61
21.73,2.14,109.86
27.59,6.65,134.52
27.28,9.83,145.69
23.25,13.92,149.54
19.65,12.27,157.29
14.10,3.17,161.07
7.93,-0.85,135.07
5.43,-1.71,104.06
2.62,-5.07,92.22
1.22,-5.55,80.02
-2.01,-6.77,66.71
-2.62,-8.91,56.82
-3.23,-8.00,52.00
-4.21,-7.45,45.29
-4.64,-3.60,24.72
-1.22,-1.46,15.99
-0.92,-1.34,14.47
0.49,0.67,3.54
-0.24,2.20,-1.34
-1.77,2.44,-2.81
-3.60,2.81,-3.72
-5.25,4.09,-4.09
-6.41,7.02,-3.85
-7.45,10.74,-3.54
-8.18,15.63,-3.30
-9.46,20.69,-2.56
-11.47,28.02,-2.75
-13.98,34.97,-2.93
-15.63,43.33,-7.51
-14.83,55.79,-17.15
-11.72,65.06,-20.26
-6.90,75.38,-18.19
0.37,87.16,-19.90
7.63,97.41,-26.00
14.83,103.27,-32.41
20.81,103.03,-34.79
24.41,97.78,-33.69
26.55,88.75,-31.56
28.81,73.55,-30.94
29.66,54.63,-30.40
29.85,36.07,-29.85
















-,-,-
0.79,0.18,1.22
1.77,1.04,1.95
2.44,2.08,2.14
3.66,2.26,2.44
4.21,1.65,3.17
4.09,0.67,3.66
4.58,-0.55,4.03
5.00,-2.75,5.13
4.82,-3.72,5.25
4.64,-3.30,2.99
5.49,-3.17,2.69
6.53,-2.99,3.36
7.51,-2.50,4.03
7.45,-2.20,3.85
6.65,-2.20,3.36
5.19,-2.87,2.56
3.54,-3.97,1.53
3.23,-4.76,0.92
2.44,-5.25,0.43
2.44,-5.37,0.49
2.50,-5.25,0.67
2.32,-5.00,0.67
2.56,-4.70,0.67
3.17,-4.21,0.73
3.72,-3.78,0.79
4.58,-3.66,0.98
4.70,-3.85,0.92
4.27,-4.39,0.37
3.78,-5.19,-0.06
4.21,-5.68,0.24
5.19,-5.55,0.85
7.32,-4.88,2.01
11.29,-3.66,3.23
16.36,-2.56,5.13
23.07,-2.93,7.69
32.35,-5.25,11.23
41.93,-5.98,14.65
56.09,-12.39,19.65
67.50,-15.50,24.35
79.28,-17.27,25.82
92.59,-25.63,26.92
101.07,-22.77,27.10
112.06,-26.00,29.17
118.53,-23.50,30.33
123.11,-21.79,35.58
124.21,-25.82,30.88
120.36,-24.84,23.68
112.18,-21.30,20.75
103.64,-19.47,17.03
93.44,-19.59,12.15
85.63,-10.99,12.70
77.64,-7.14,16.91
64.64,-3.78,7.32
53.77,-4.58,3.60
38.70,5.98,9.77
26.79,2.56,6.65
17.15,0.73,1.53
7.39,3.54,2.44
-2.32,-2.99,0.06
-11.66,-11.47,-4.46
-21.67,-17.58,-9.22
-30.40,-20.32,-13.79
-37.35,-18.98,-17.46
-42.48,-11.17,-19.59
-45.90,4.70,-21.55
-47.49,15.26,-24.29
-51.64,23.50,-23.13
-56.34,31.37,-18.55
-60.24,38.57,-16.11
-62.81,43.58,-19.71
-62.62,44.98,-25.94
-59.69,41.38,-29.91
-55.24,32.53,-29.17
-48.58,18.92,-22.22
-40.47,1.04,-10.01
-32.10,-18.25,4.15
-23.99,-36.80,18.62
-16.24,-30.70,13.98
-8.73,-11.41,0.73
7.87,0.37,8.30
16.36,8.42,41.75
19.10,17.40,73.24
21.61,27.77,92.29
22.03,30.88,110.96
17.58,33.63,120.36
15.69,33.14,123.72
13.92,32.53,117.49
12.70,30.27,103.94
10.31,26.06,81.73
6.53,21.48,55.42
3.91,12.51,35.28
1.77,10.56,21.97
0.00,10.74,14.22
-4.64,10.93,2.93
-5.98,13.06,-11.47
-8.18,12.45,-25.02
-7.93,13.49,-46.08
-7.26,20.08,-64.51
-7.08,28.63,-76.05
-4.88,34.12,-82.52
-0.92,29.60,-82.09
2.93,15.44,-73.24
1.65,-1.40,-57.37
-0.37,-16.85,-37.72
-0.49,-33.20,-16.78
3.23,-49.62,2.08
11.47,-66.77,18.31
23.93,-71.59,26.61
32.84,-30.46,19.23
49.56,-8.12,14.28
71.53,-11.29,19.53
84.11,-19.10,22.40
89.97,-13.00,15.56
95.15,-12.33,16.42
99.00,-17.03,15.50
100.04,-20.69,8.48
98.75,-23.86,7.69
93.99,-19.29,2.01
83.98,-13.18,4.46
66.96,-12.76,3.97
42.66,-4.64,0.06
21.06,-6.77,-2.08
2.62,-0.06,-1.40
-8.97,0.55,-0.31
-17.46,5.19,-2.75
-23.13,6.04,-4.03
-25.76,1.77,-6.35
-27.53,2.50,-9.46
-29.97,10.38,-12.33
-35.10,23.07,-20.87
-41.50,35.52,-34.85
-45.72,46.45,-47.06
-47.49,58.84,-56.82
-45.96,71.47,-69.03
-43.27,76.72,-82.34
-43.58,71.04,-93.75
-42.30,55.42,-98.57
-41.44,35.52,-94.85
-40.22,16.78,-86.30
-36.19,1.40,-71.47
-29.66,-11.41,-53.16
-29.54,-24.23,-36.32
-24.72,-38.57,-22.95
-22.16,-54.02,-11.35
-21.55,-67.87,-0.31
-20.87,-70.07,9.89
-12.88,-28.75,0.24
6.35,-14.22,-3.17
16.30,-12.33,1.10
6.96,-10.86,6.59
-0.31,-7.26,3.72
-0.55,-6.10,0.67
-3.36,-5.00,4.58
1.22,-4.39,23.68
9.46,-0.31,56.21
18.92,0.67,85.57
24.41,4.21,101.93
26.55,14.59,115.54
26.92,19.78,113.10
26.98,23.74,116.27
24.66,29.85,119.20
26.18,32.41,127.14
29.42,34.48,150.21
28.26,25.39,165.28
23.93,16.05,159.91
22.52,10.86,138.67
14.77,9.34,114.01
10.44,4.82,104.68
6.65,-0.06,103.88
2.32,-6.10,97.47
-2.81,-7.87,78.55
-4.15,-10.13,65.25
-7.32,-12.45,53.96
-9.40,-11.78,33.75
-2.56,-7.63,33.39
0.06,-3.85,38.51
-1.83,-2.44,27.89
-2.14,-0.67,9.34
0.55,0.24,2.32
0.92,0.43,3.05
















-,-,-
1.83,-1.34,1.95
2.44,-1.71,2.38
2.69,-2.50,0.98
2.44,-3.42,-0.06
2.14,-3.91,0.37
1.46,-5.00,0.49
1.04,-5.62,0.06
0.85,-6.10,-0.49
0.24,-6.35,-1.22
0.12,-6.41,-1.16
0.67,-6.10,-0.92
0.43,-4.88,-0.49
0.37,-3.97,-0.24
-0.06,-3.17,-0.12
-0.61,-2.69,-0.18
-1.46,-2.38,-0.37
-2.26,-2.44,-0.55
-2.99,-2.50,-0.49
-3.17,-2.81,-0.73
-2.87,-3.23,-0.79
-2.20,-3.78,-0.73
-1.22,-4.52,-0.67
-0.98,-5.31,-0.92
-1.28,-6.16,-1.22
-1.83,-6.71,-1.71
-2.75,-7.02,-2.26
-3.42,-7.32,-2.93
-3.78,-7.20,-3.11
-3.48,-6.90,-3.11
-3.05,-6.53,-2.62
-2.81,-6.10,-2.26
-2.14,-5.86,-2.01
-1.34,-5.62,-1.83
-0.79,-5.43,-1.59
-0.73,-4.94,-1.40
-0.73,-4.33,-0.61
4.15,-3.66,0.73
11.41,-3.05,2.93
21.18,-1.53,5.92
33.75,-1.53,9.58
44.68,1.46,13.92
56.40,-3.36,17.82
66.53,-14.53,14.40
76.66,-18.19,9.46
89.48,-26.92,4.82
102.11,-36.56,5.25
109.37,-35.89,10.93
114.87,-32.65,12.15
116.39,-34.12,11.66
117.74,-32.59,8.85
114.87,-24.48,7.08
111.57,-26.31,4.64
103.39,-20.32,6.77
93.99,-20.39,9.89
82.21,-17.27,9.77
67.75,-9.46,8.30
51.39,-8.79,7.57
31.56,-7.02,5.92
14.59,-15.44,-4.15
-0.85,-9.95,-9.95
-14.95,-4.70,-7.81
-23.38,-11.47,-9.64
-30.15,-18.13,-12.94
-34.91,-20.69,-15.56
-37.35,-19.10,-17.82
-41.93,-10.56,-22.09
-48.34,4.09,-23.56
-55.11,20.20,-29.54
-60.24,31.31,-32.10
-62.19,40.22,-30.27
-63.11,49.87,-30.82
-61.34,56.64,-33.51
-57.62,55.85,-35.40
-52.55,47.91,-35.40
-43.21,33.87,-30.27
-34.12,15.32,-18.86
-29.24,-2.87,-2.50
-23.13,-19.71,15.75
-16.97,-36.99,31.92
-9.40,-31.68,28.14
-5.55,-5.49,5.07
9.28,5.49,6.41
11.66,7.51,37.11
13.61,10.93,64.15
15.81,25.21,74.04
23.50,28.44,96.50
23.99,23.13,113.16
23.13,27.65,110.11
23.44,33.94,106.93
20.32,30.46,103.27
14.89,28.56,89.66
11.84,26.98,76.48
8.12,22.58,67.93
3.97,18.80,50.48
2.38,15.99,37.84
-1.28,16.17,22.09
-1.22,13.98,17.76
-4.94,12.76,8.06
-5.00,12.70,-6.41
-5.43,14.04,-16.42
-7.08,10.68,-27.71
-7.39,11.35,-48.28
-8.73,17.21,-70.01
-9.70,22.77,-85.08
-9.64,23.93,-89.17
-8.54,20.08,-81.12
-9.03,12.76,-64.51
-6.77,1.71,-45.17
-3.05,-10.99,-26.73
-0.98,-26.49,-11.66
2.20,-45.04,0.18
4.58,-63.66,11.60
10.93,-72.14,19.29
22.03,-31.56,12.27
32.59,-12.57,7.08
52.31,-10.99,11.23
63.90,-16.72,15.01
74.16,-15.14,11.66
79.10,-8.12,12.76
85.08,-9.58,16.78
90.76,-14.10,18.92
96.92,-14.53,19.71
99.37,-17.58,9.89
98.39,-21.48,2.75
93.32,-21.42,-0.12
82.09,-18.25,8.00
60.61,-7.63,4.58
38.21,-3.97,3.54
17.64,0.12,1.83
3.91,-0.67,-0.79
-5.37,-3.11,-0.98
-12.45,-3.60,-4.39
-18.98,-2.44,-5.62
-22.64,-4.94,-7.69
-25.33,-5.13,-10.31
-28.69,-1.34,-13.24
-31.56,7.39,-15.32
-36.68,19.84,-24.96
-42.42,29.36,-43.95
-43.46,31.62,-60.49
-43.03,34.30,-70.68
-42.36,40.28,-81.30
-42.24,44.68,-95.15
-42.30,42.66,-107.79
-43.70,32.71,-113.40
-44.62,16.78,-110.29
-43.70,-0.67,-100.59
-38.21,-17.70,-86.98
-33.39,-32.90,-71.72
-23.68,-49.13,-54.50
-16.36,-64.94,-35.52
-13.24,-76.48,-14.40
-13.49,-75.99,4.64
-12.88,-30.52,-1.65
3.23,-11.54,-6.35
11.96,-11.29,0.55
-2.62,-16.17,9.77
-7.20,-14.34,7.57
-5.98,-11.84,0.85
-3.36,-11.23,4.76
2.75,-9.22,23.13
9.83,-0.92,46.08
20.32,0.98,70.62
23.86,7.93,93.14
26.37,15.20,102.36
31.92,19.29,112.85
36.01,19.10,121.40
35.28,24.35,117.37
37.78,20.08,119.51
34.85,20.45,120.06
36.56,22.03,129.46
34.18,19.35,132.57
31.31,13.92,138.92
25.76,10.74,143.92
19.53,9.40,138.98
15.14,8.42,126.65
10.01,0.49,117.98
4.46,-3.36,101.44
3.30,-5.00,87.04
2.08,-5.62,84.59
















-,-,-
1.59,1.10,0.98
1.53,0.85,0.73
1.28,0.73,0.55
1.28,0.67,0.43
1.46,0.67,0.55
1.59,0.43,0.92
1.59,0.43,1.10
1.53,0.43,1.16
1.40,0.43,1.10
1.34,0.43,1.22
1.40,0.49,1.10
1.40,0.61,0.85
1.46,0.79,0.79
1.34,0.73,0.85
1.22,0.85,1.04
1.10,0.85,1.10
1.40,0.79,1.22
1.59,1.10,1.53
1.40,1.04,1.71
1.28,0.79,1.40
1.40,0.61,1.10
1.40,0.43,0.98
1.46,0.61,0.98
1.46,0.55,1.10
1.46,0.49,1.34
1.40,0.37,1.16
1.34,0.55,1.10
1.34,0.67,1.28
1.34,0.61,1.28
1.16,0.55,1.40
1.22,0.37,1.34
1.34,0.49,1.28
1.53,0.55,1.28
1.65,0.49,1.34
1.83,0.49,1.22
1.77,0.67,1.10
1.46,0.61,1.16
1.40,0.61,1.28
1.22,0.79,1.34
1.10,0.73,1.34
0.92,0.79,1.10
1.10,0.73,1.16
1.28,0.61,1.22
1.34,0.43,1.28
1.28,0.37,1.22
0.98,0.43,0.92
0.92,0.43,0.55
0.79,0.49,0.31
1.04,0.49,0.06
1.04,0.43,-0.06
0.61,0.12,-1.10
0.00,0.24,-3.30
-0.61,0.43,-5.31
-1.16,0.98,-7.14
-2.56,1.71,-9.46
-3.85,2.69,-13.06
-6.71,2.75,-17.03
-11.54,0.98,-21.24
-17.82,-2.99,-24.17
-22.40,-9.34,-24.23
-26.92,-18.68,-21.42
-31.68,-31.31,-17.09
-35.22,-45.35,-10.19
-37.66,-58.41,-1.77
-39.86,-69.15,8.00
-39.12,-78.74,18.01
-36.56,-88.13,26.43
-32.04,-94.85,31.19
-14.34,-70.25,18.25
0.67,-35.83,-13.43
19.04,-18.01,-9.40
39.98,-9.95,12.94
61.71,0.98,22.34
84.90,8.42,18.49
102.60,-3.48,18.31
113.65,-21.97,15.44
123.35,-38.76,11.84
129.39,-47.36,4.15
125.92,-51.15,-4.39
120.12,-49.50,-13.06
112.73,-43.33,-9.64
101.32,-37.29,-3.54
71.41,-26.73,-9.28
42.05,-25.76,-11.17
15.56,-21.12,-16.17
-0.98,-7.32,-16.05
-10.25,-4.64,-12.39
-18.37,-4.39,-10.44
-27.89,-11.23,-13.67
-36.25,-16.54,-17.64
-42.85,-12.57,-20.51
-47.24,1.77,-22.64
-50.05,13.37,-21.00
-49.56,23.50,-20.02
-49.80,29.36,-18.80
-50.78,39.12,-19.10
-48.34,44.13,-20.81
-40.59,37.60,-21.36
-30.58,21.79,-18.62
-23.62,2.87,-11.72
-17.76,-15.20,-1.89
-10.56,-29.79,8.54
-3.54,-18.80,6.35
2.81,-4.46,1.89
13.98,-1.71,11.05
15.63,0.18,31.31
17.88,4.94,51.88
19.84,9.09,77.64
22.95,11.29,101.99
27.59,17.33,117.61
28.08,27.83,128.17
26.73,27.40,137.02
20.08,27.04,124.57
14.89,32.78,97.47
10.50,30.76,88.38
3.72,25.09,79.65
-0.43,23.25,62.81
-5.00,21.97,47.06
-8.30,19.47,31.92
-7.63,16.54,16.36
-0.31,16.17,5.55
-3.97,17.09,-9.64
-6.41,15.93,-28.99
-9.95,16.72,-57.92
-12.76,25.02,-83.80
-14.47,33.14,-99.55
-13.92,34.85,-105.22
-12.15,26.98,-98.27
-9.16,11.23,-79.90
-6.35,-7.45,-54.50
-3.72,-25.57,-27.77
-0.92,-43.70,-4.15
2.01,-62.26,15.20
10.80,-76.29,27.59
28.50,-45.47,20.63
32.29,-20.69,9.09
56.15,-12.45,11.84
70.86,-13.00,18.31
78.00,-4.09,15.38
83.25,0.00,17.46
85.94,-3.05,15.56
87.52,-6.96,8.18
87.83,-14.10,2.01
78.61,-22.58,-4.21
60.06,-18.62,-11.72
40.59,-20.08,-11.35
22.34,-12.63,-12.27
6.96,-3.97,-11.90
-6.16,-4.21,-12.82
-15.69,0.24,-14.47
-24.41,6.41,-14.10
-29.91,6.47,-13.85
-32.59,4.03,-22.40
-37.05,6.10,-46.51
-42.60,10.44,-72.33
-46.33,21.73,-87.10
-47.12,36.56,-96.31
-44.19,44.43,-106.08
-40.89,39.37,-115.23
-40.34,26.92,-119.38
-41.75,9.89,-114.87
-40.65,-9.58,-99.43
-33.69,-30.88,-73.30
-31.25,-50.54,-42.66
-28.63,-65.67,-13.06
-29.66,-74.04,10.93
-31.13,-55.42,14.47
-26.86,-23.19,-5.80
-6.65,-22.46,-5.00
-10.68,-25.94,4.94
-13.37,-20.14,3.42
-6.23,-10.68,2.08
-3.78,-3.17,8.61
4.76,3.48,23.99
20.32,9.22,61.16
32.41,14.47,108.70
41.75,23.50,138.73
46.02,30.46,141.36
47.91,33.14,143.86
43.82,31.43,143.68
















-,-,-
0.49,2.08,-0.12
0.49,2.20,-0.85
0.12,1.59,-0.92
0.06,1.22,-1.40
-0.06,1.34,-1.28
-0.12,1.46,-0.98
0.12,1.22,-0.12
0.24,0.85,0.37
0.00,0.18,0.98
-0.18,-0.43,1.46
-0.55,-0.79,1.71
-0.73,-0.55,1.77
-1.04,-0.37,1.77
-1.16,-0.55,1.65
-0.92,-0.98,1.65
-0.85,-1.40,2.14
-0.55,-1.89,2.87
-0.37,-2.44,3.72
-0.31,-2.99,4.21
-0.12,-3.17,4.33
0.18,-3.23,4.21
0.24,-2.99,4.39
-0.06,-3.36,4.58
0.06,-3.85,4.82
-0.12,-4.27,4.76
-0.24,-4.82,4.94
-0.43,-4.94,5.13
-0.37,-4.88,5.43
-0.49,-5.00,5.43
-0.43,-5.92,5.13
-0.24,-7.63,4.15
-0.18,-11.17,4.09
-0.37,-15.99,4.76
-0.43,-19.10,4.03
-0.12,-15.50,-0.37
1.04,-9.77,-2.08
4.70,-8.06,0.67
10.38,-9.58,5.55
16.05,-3.42,8.12
22.64,2.14,8.85
32.17,7.26,10.38
44.56,3.30,10.13
55.73,-6.53,6.10
66.96,-7.02,4.52
77.03,-8.00,3.17
86.06,-14.10,-3.17
94.97,-17.09,-9.58
102.29,-21.06,-13.61
107.97,-25.63,-17.88
108.76,-31.31,-20.14
102.97,-31.07,-19.84
91.80,-27.47,-21.42
77.03,-22.89,-21.00
58.65,-13.43,-11.96
36.99,-7.51,-6.90
16.36,-5.68,-9.22
0.31,-7.57,-7.75
-15.14,-5.13,-7.20
-27.95,-14.10,-13.61
-39.92,-21.73,-18.80
-48.52,-23.74,-21.55
-55.79,-17.70,-25.39
-58.47,-10.01,-18.37
-60.73,-1.89,-7.02
-63.96,8.97,-6.77
-66.35,18.49,-12.82
-66.96,22.64,-16.72
-60.18,19.84,-15.56
-47.00,8.73,-10.19
-34.30,-5.13,-2.14
-24.29,-17.88,9.46
-14.65,-25.94,17.27
-8.42,-15.63,6.96
0.61,-1.89,-0.61
12.57,2.01,11.35
13.67,3.91,21.48
15.50,12.76,33.57
17.82,24.54,58.41
21.85,33.39,89.72
27.10,32.90,105.96
29.66,31.86,113.71
29.11,33.02,120.00
24.66,33.26,110.17
20.94,30.82,97.90
15.44,29.05,83.62
9.77,27.77,63.48
6.35,23.56,50.72
3.97,17.21,47.36
0.92,13.37,31.80
-0.73,9.22,11.84
-3.23,5.07,-1.89
-4.64,1.59,-13.85
-6.23,-0.73,-21.36
-10.07,-4.94,-37.54
-12.76,-5.37,-63.23
-14.95,-0.67,-83.56
-16.66,7.20,-93.51
-16.30,12.57,-92.77
-13.00,9.09,-80.32
-7.93,-1.53,-60.85
-1.77,-15.87,-40.04
4.82,-32.96,-20.45
12.08,-50.35,-1.28
20.81,-62.81,17.64
35.46,-29.66,21.36
44.13,12.02,18.43
66.35,11.66,17.88
80.81,-6.53,12.51
84.66,-10.25,3.30
82.95,-4.46,3.48
84.59,0.49,4.27
87.34,-0.55,0.18
81.79,2.26,-4.33
62.01,2.01,-4.70
40.04,-0.18,-11.29
24.35,-8.54,-13.12
11.96,-11.66,-13.85
1.89,-9.34,-15.01
-6.53,-12.63,-17.64
-16.30,-8.06,-16.78
-22.83,-8.91,-13.85
-28.14,-11.17,-16.85
-31.92,-7.39,-27.65
-36.44,-3.05,-38.15
-42.05,1.46,-43.64
-46.39,7.81,-49.32
-49.62,14.77,-58.04
-49.93,21.06,-69.82
-47.30,22.71,-82.46
-43.09,17.70,-91.80
-40.59,10.38,-97.11
-38.51,3.85,-98.08
-36.25,-3.11,-94.79
-38.27,-11.84,-86.00
-37.17,-22.34,-72.39
-31.07,-35.22,-55.42
-26.18,-49.38,-37.17
-23.19,-59.02,-18.62
-20.69,-62.19,-2.14
-19.90,-35.58,-6.29
-8.24,-4.70,-17.03
11.23,4.39,-9.46
14.16,-3.11,6.10
8.36,-8.12,6.10
8.54,-7.08,1.46
6.90,-4.58,2.44
8.18,-3.97,9.77
10.07,-4.64,21.48
27.71,1.22,38.15
41.32,9.28,65.67
53.59,6.71,91.25
55.85,6.41,97.35
56.58,10.31,98.94
59.02,9.16,104.86
57.62,9.28,106.57
60.06,7.87,113.46
58.23,8.61,110.84
51.76,13.79,107.42
44.98,8.06,94.79
39.31,3.42,88.13
34.00,4.03,75.68
32.65,2.14,80.87
29.85,1.40,88.81
26.98,6.59,79.77
26.43,5.92,63.11
23.07,3.05,62.87
20.14,7.69,55.42
19.65,9.28,55.42
16.42,8.00,60.12
13.67,3.36,56.58
11.05,7.02,44.68
11.66,6.84,40.10
9.28,2.38,48.34
9.89,1.28,39.37
11.05,2.38,36.50
12.08,-1.83,41.81
10.68,-1.28,38.64
10.25,2.14,24.17
8.12,2.32,21.61
7.69,2.26,28.93
