-,-,-
16.97,1.10,1.89
10.99,-1.34,1.65
5.19,-3.60,-1.71
-0.43,-6.41,-5.07
-5.19,-8.85,-7.26
-7.08,-10.80,-8.24
-9.58,-12.21,-8.67
-13.00,-12.94,-8.85
-15.93,-13.18,-9.09
-18.01,-12.94,-10.13
-18.19,-12.45,-11.60
-18.25,-12.21,-12.94
-16.78,-11.54,-13.24
-12.82,-9.89,-12.45
-8.85,-6.53,-11.35
-6.35,-2.01,-10.25
-5.00,1.46,-7.02
-4.15,2.20,-3.05
-4.27,2.87,-0.24
-3.48,3.05,1.04
-1.77,3.11,1.83
0.73,3.17,1.95
2.01,3.30,1.16
2.26,3.78,-0.24
0.43,3.60,-1.46
-2.99,4.09,-2.32
-5.00,5.25,-3.36
-6.04,6.16,-4.64
-6.53,5.74,-5.68
-6.10,4.76,-5.74
-4.88,2.81,-5.92
-5.49,0.85,-7.08
-9.58,-1.04,-8.85
-13.61,-3.36,-10.86
-14.95,-7.26,-10.93
-15.01,-11.41,-10.56
-13.92,-12.27,-10.44
-9.34,-9.89,-10.74
-3.23,-7.93,-9.89
2.56,-8.12,-10.44
8.85,-9.40,-10.07
13.37,-8.97,-7.87
19.59,-4.88,-3.78
32.10,-2.81,2.01
51.45,-6.47,8.79
73.91,-13.43,14.10
97.29,-18.43,15.69
113.04,-21.85,8.85
123.11,-20.51,3.66
131.84,-21.55,3.30
133.91,-22.95,4.09
127.44,-18.13,1.40
111.76,-17.82,-1.34
81.85,-13.61,2.20
57.68,-8.85,3.42
29.54,-3.48,1.34
7.75,1.34,-0.18
-9.09,2.08,-0.67
-26.25,2.01,-3.66
-40.47,1.83,-12.57
-48.65,5.68,-15.99
-50.48,8.85,-12.02
-52.49,13.24,-7.75
-56.21,23.99,-4.76
-55.48,33.33,-2.01
-49.62,37.11,0.49
-38.33,35.89,-0.98
-26.55,28.81,-4.33
-18.13,14.40,-6.77
-12.94,-3.48,-7.69
-7.32,-17.70,-7.75
0.00,-17.58,-5.68
5.92,-6.10,-3.66
7.63,-3.85,-2.20
3.78,-5.19,-1.95
4.64,-8.24,4.27
11.41,-15.69,23.86
15.87,-25.39,44.68
23.93,-38.76,64.64
32.23,-53.10,81.73
34.24,-58.04,82.76
35.77,-56.09,83.13
39.31,-57.25,89.78
39.18,-55.48,88.81
36.44,-43.95,76.66
31.74,-35.64,60.06
23.25,-24.23,43.15
15.87,-14.04,33.45
8.61,-3.97,20.32
6.47,-5.62,16.36
0.37,3.11,6.41
-0.79,3.78,4.33
-1.53,2.81,5.55
-0.98,4.15,6.71
-1.89,13.43,1.77
-7.39,40.04,-21.12
-14.65,62.32,-49.50
-21.18,75.38,-73.12
-28.75,88.99,-86.79
-35.58,98.69,-90.33
-35.34,103.45,-89.17
-29.11,101.87,-89.72
-26.79,92.53,-93.75
-18.25,75.68,-97.47
-8.79,55.05,-96.98
-7.32,34.85,-92.65
-13.49,15.99,-84.59
-18.55,-1.89,-74.28
-19.41,-18.01,-63.54
-23.38,-32.47,-52.25
-26.43,-46.26,-39.06
-26.67,-57.19,-26.37
-34.97,-33.81,-20.02
-25.57,-12.33,-25.51
-8.48,-15.63,-32.65
-4.76,-19.84,-32.59
-10.68,-14.22,-26.73
-18.19,-7.57,-21.36
-19.23,-4.03,-14.59
-17.03,-3.11,-8.61
-14.71,-3.85,-4.27
-11.11,-8.85,2.32
-8.85,-14.59,9.46
-3.30,-19.65,16.11
-12.08,-10.74,11.05
-11.54,-7.87,8.97
-12.88,-17.40,11.35
5.13,-29.48,28.75
-0.18,-23.07,24.48
-6.96,-16.36,21.97
-8.00,-9.83,22.83
6.90,-19.90,41.99
23.44,-30.46,66.59
22.58,-25.27,69.70
22.71,-26.00,65.00
23.32,-25.33,71.66
26.31,-27.22,81.91
27.83,-24.41,90.88
26.67,-31.37,95.58
32.17,-33.87,103.76
32.71,-34.79,108.46
41.38,-37.54,112.00
43.15,-45.72,113.53
38.70,-59.88,107.36
37.48,-58.78,100.95
31.31,-50.29,85.02
31.49,-44.56,77.58
31.49,-47.06,74.89
29.91,-51.57,69.89
29.42,-52.98,64.76
21.67,-47.12,49.01
22.77,-39.25,42.36
13.06,-27.95,30.03
8.24,-21.73,22.09
2.08,-13.67,9.58
2.75,-7.63,4.21
4.03,-4.70,4.15
4.70,-4.03,5.55
1.59,-2.81,6.47
-1.59,-0.06,5.80
-2.75,4.03,2.69
-2.32,9.70,1.40
-3.42,18.37,2.44
-11.54,36.38,-6.65
-21.36,58.04,-20.75
-26.79,77.82,-33.57
-31.49,95.09,-39.98
-36.87,108.89,-39.18
-43.40,119.32,-27.77
-46.57,128.42,-11.78
-45.53,138.73,1.53
-44.19,149.60,9.95
-46.20,162.17,11.60
-51.15,177.80,5.92
-57.31,193.91,-5.68
-68.05,208.25,-22.16
-74.46,217.35,-41.75
-73.79,220.09,-60.12
-69.95,216.25,-72.51
-70.31,206.48,-75.32
















-,-,-
5.07,-0.18,-0.73
5.07,0.37,-0.67
5.07,0.67,-0.79
5.62,0.49,-1.04
6.23,-0.06,-0.98
6.16,-0.24,-0.98
6.16,-0.18,-1.28
6.59,0.06,-1.53
7.51,0.00,-1.53
8.67,-0.61,-1.71
9.52,-1.10,-1.89
10.50,-1.53,-1.95
11.96,-2.08,-2.08
13.37,-2.44,-1.65
13.55,-2.56,-0.98
12.57,-1.89,-0.43
10.93,-0.12,-0.31
8.42,2.56,-0.49
6.29,4.46,-0.67
5.68,5.25,-0.55
5.31,4.64,0.06
4.94,2.93,0.43
4.03,0.61,0.73
2.87,-1.28,1.53
1.59,-1.95,2.01
0.00,-1.65,2.87
-1.28,-1.22,3.17
-2.50,-1.28,2.26
-3.23,-1.83,1.59
-3.23,-2.44,1.77
-2.93,-3.54,2.44
-2.81,-4.58,2.87
-3.05,-5.00,2.93
-3.48,-4.46,2.56
-3.78,-2.99,1.83
-4.39,-2.14,1.40
-6.10,-2.08,0.92
-7.75,-2.81,0.06
-9.22,-3.48,-0.24
-10.13,-3.85,-0.43
-11.05,-4.58,-0.85
-11.35,-5.86,-0.73
-11.60,-6.65,-0.61
-11.60,-6.65,-0.85
-12.63,-6.10,-1.46
-14.04,-4.70,-2.20
-14.95,-3.30,-2.87
-16.42,-2.08,-3.17
-17.33,-1.34,-3.36
-17.82,-0.92,-3.60
-17.46,-0.79,-3.66
-15.99,-0.98,-3.23
-15.14,-1.40,-2.93
-15.50,-1.95,-2.93
-16.24,-2.08,-3.42
-16.97,-1.83,-4.03
-17.52,-1.40,-4.52
-17.70,-0.79,-4.58
-17.58,-0.79,-4.27
-16.97,-0.85,-3.78
-16.11,-0.85,-3.60
-15.75,-0.98,-3.23
-15.44,-1.22,-2.69
-14.47,-1.53,-2.38
-13.12,-1.83,-2.81
-11.84,-2.08,-3.23
-11.11,-2.20,-3.11
-9.95,-2.14,-2.75
-8.24,-2.38,-2.14
-6.47,-2.93,-1.34
-4.64,-3.91,-0.85
-3.30,-4.70,-0.73
-2.01,-5.86,-0.73
-1.53,-6.47,-1.22
-1.65,-6.04,-1.40
-2.20,-4.70,-1.28
-2.50,-2.81,-1.22
-2.75,-0.79,-0.79
-2.14,0.98,-0.55
-1.59,1.59,-0.49
-0.61,1.53,-0.61
-0.06,0.98,-0.67
0.61,0.24,-0.43
0.67,-0.12,-0.24
0.18,-0.06,-0.49
-0.73,0.37,-0.79
-1.34,1.46,-0.67
-1.16,2.14,-0.43
-0.61,1.83,-0.12
-0.61,1.28,-0.24
-0.43,0.06,-0.61
-0.55,-0.85,-0.55
-1.28,-0.98,-0.67
-2.62,-0.12,-1.16
-3.85,1.83,-1.65
-5.62,3.85,-2.14
-8.18,5.74,-2.32
-10.93,6.23,-2.26
-13.37,5.31,-1.95
-15.32,2.14,-1.22
-17.46,-2.75,-0.37
-17.58,-8.97,0.24
-17.09,-18.37,1.40
-16.30,-29.85,2.87
-15.20,-41.32,4.15
-14.28,-52.80,5.68
-13.85,-59.39,6.23
-12.63,-49.38,1.53
0.37,-27.53,-5.62
23.07,-20.08,-0.18
42.05,-19.04,15.63
72.27,-22.03,29.30
96.98,-19.23,32.10
120.97,-25.63,35.89
139.59,-33.51,36.62
155.58,-34.24,35.46
166.50,-31.43,33.81
160.64,-30.70,29.91
147.95,-26.31,25.33
118.47,-18.01,18.92
77.64,-8.06,7.87
42.97,-8.00,-2.08
13.31,-3.17,-6.16
-5.55,-4.64,-8.30
-21.30,-4.46,-10.99
-34.79,-9.52,-16.66
-42.42,-12.63,-23.07
-46.26,-9.09,-28.56
-49.32,2.44,-35.40
-51.09,16.36,-37.96
-53.89,22.22,-33.81
-55.05,26.25,-28.63
-51.88,25.94,-22.83
-44.68,22.16,-15.87
-35.22,16.11,-9.83
-27.16,10.31,-7.14
-14.95,1.59,-0.67
-4.58,-2.08,7.51
2.38,-3.23,13.92
10.99,1.59,28.56
24.41,8.91,55.05
42.66,4.52,95.03
58.11,0.31,126.59
64.27,0.49,135.25
59.51,-3.97,132.08
47.67,-3.36,122.13
41.87,-1.53,108.58
36.13,0.43,93.08
32.90,-0.67,80.02
21.18,1.83,57.62
18.55,5.74,38.94
12.76,9.34,26.43
11.11,9.16,20.45
3.66,15.75,6.59
-4.64,23.86,-19.59
-12.08,36.68,-51.03
-19.90,54.57,-73.97
-22.40,72.57,-90.45
-22.46,84.11,-108.70
-23.68,86.55,-129.46
-27.16,80.02,-149.35
-29.17,65.61,-163.51
-28.87,44.74,-168.64
-28.63,21.00,-166.56
-32.04,-3.11,-156.62
-34.55,-28.32,-136.96
-38.70,-51.15,-109.31
-40.83,-68.97,-78.74
-34.00,-84.17,-51.09
-35.77,-99.49,-29.36
-37.41,-98.57,-15.56
-27.10,-57.07,-16.54
-16.91,-29.11,-20.20
-0.55,-31.49,-10.62
-5.62,-36.25,0.06
-10.74,-26.00,-7.87
-1.10,-13.12,-0.12
22.28,-8.97,32.35
45.10,-5.49,75.13
60.67,3.11,112.98
















-,-,-
3.23,3.23,0.92
4.03,3.48,0.67
4.15,3.78,-0.24
4.03,4.82,-1.28
3.91,6.16,-1.34
4.09,6.90,-1.34
4.33,6.90,-1.34
4.52,6.53,-1.10
5.07,6.35,-0.37
5.37,5.74,0.49
5.68,4.58,1.40
5.86,3.17,1.89
5.68,2.32,2.32
5.55,2.08,1.77
5.00,2.01,1.04
4.64,2.56,0.06
4.21,3.42,-0.06
3.42,3.23,0.31
3.36,2.26,1.10
3.66,1.77,1.40
2.81,1.77,2.14
2.50,2.32,2.38
1.83,2.56,2.38
1.77,2.56,1.83
1.77,2.26,1.77
1.71,1.71,1.71
1.40,2.01,1.22
1.59,2.20,0.92
2.26,2.81,0.12
2.75,2.93,-0.24
3.05,3.23,-0.24
5.19,3.97,0.67
6.35,4.88,2.01
4.88,5.86,2.20
4.70,6.29,1.59
5.31,6.47,0.85
5.62,6.77,1.16
5.74,7.20,1.71
5.92,7.14,1.71
6.77,6.84,1.59
7.02,6.65,2.38
5.80,5.86,3.48
4.46,4.76,4.09
4.09,3.60,3.48
4.27,2.69,2.56
4.39,1.83,2.32
4.82,1.28,2.50
5.43,0.61,2.93
5.68,0.85,2.93
5.74,1.16,2.87
5.25,1.53,3.17
4.64,1.77,3.17
4.64,1.22,2.81
4.52,0.31,2.38
3.30,0.24,2.38
2.93,0.31,2.75
3.17,0.18,2.99
2.62,0.18,2.87
1.83,-0.18,2.69
0.85,-0.49,2.44
-0.06,-0.31,1.95
-1.10,-0.24,1.53
-1.71,-0.12,1.10
-2.69,-0.06,0.79
-4.21,0.37,-0.12
-5.62,0.73,-1.59
-7.14,1.46,-3.17
-9.77,1.89,-4.58
-12.21,2.44,-6.84
-13.98,2.01,-9.09
-15.81,1.95,-10.38
-17.15,1.89,-9.83
-17.27,0.18,-8.00
-16.97,-3.66,-5.13
-17.88,-8.97,-1.28
-18.19,-16.97,4.94
-18.31,-28.69,12.63
-19.53,-41.26,21.24
-20.14,-52.37,30.88
-17.15,-61.04,40.16
-13.61,-66.53,45.29
-8.36,-60.36,36.62
11.78,-35.40,10.62
35.46,-17.58,8.91
65.19,-5.92,18.37
91.55,-3.11,21.79
109.99,-7.63,19.23
125.18,-17.21,21.36
137.88,-24.90,22.71
148.07,-29.66,24.11
154.60,-30.70,20.87
151.55,-30.27,18.31
135.93,-25.63,21.79
97.60,-18.68,17.40
62.87,-18.49,9.28
28.75,-7.57,5.86
6.71,-7.81,3.78
-11.41,-9.09,-5.07
-26.49,-11.66,-9.40
-36.44,-21.00,-13.31
-41.75,-23.13,-18.55
-43.33,-10.93,-21.18
-43.64,1.40,-22.95
-45.23,13.06,-22.46
-46.33,21.24,-26.12
-45.53,23.56,-31.92
-40.53,16.78,-31.80
-29.91,3.91,-25.57
-27.04,-4.82,-18.68
-20.14,-6.29,-10.74
-8.61,-5.86,-0.31
0.37,-1.83,6.59
6.59,2.38,9.34
4.33,7.57,11.41
6.47,12.33,23.50
16.48,20.87,56.58
29.60,30.46,92.59
34.18,37.48,100.83
32.41,36.93,101.56
26.00,34.85,102.97
19.04,28.02,93.20
16.60,28.99,81.60
13.18,28.75,73.24
8.85,26.43,64.94
5.25,27.22,52.31
3.36,30.58,43.15
1.46,30.33,30.64
-0.12,22.09,19.35
-0.67,20.94,5.43
-0.12,21.00,-4.09
-0.85,16.60,-23.07
-1.89,15.63,-56.21
-2.87,18.43,-89.97
-4.52,19.53,-118.65
-5.19,15.56,-140.69
-3.72,7.08,-156.56
2.99,-6.10,-164.37
3.36,-24.11,-163.15
-0.43,-44.19,-157.47
-4.64,-64.51,-146.06
-10.19,-84.29,-124.51
-19.53,-100.28,-91.61
-22.09,-107.79,-49.32
-15.26,-106.14,-5.07
-17.64,-87.46,29.36
-18.62,-42.66,12.76
-12.63,-42.36,0.18
-24.29,-46.26,-3.60
-39.06,-35.95,5.37
-31.25,-13.98,24.23
-3.36,7.08,56.76
22.58,31.68,101.56
45.10,51.51,143.25
60.91,58.11,171.33
64.82,65.37,178.89
64.21,72.57,173.34
61.95,74.40,171.69
52.19,69.58,164.86
35.03,54.02,143.98
21.18,39.31,120.91
10.38,23.99,103.94
4.21,13.98,82.40
0.55,2.38,60.61
-1.59,-1.46,46.75
-5.37,-3.17,41.08
-6.04,-1.77,17.76
-2.01,-3.72,13.73
-1.83,-0.85,17.52
-2.08,1.28,9.46
0.61,0.67,3.60
-0.06,1.34,4.03
-0.98,3.36,4.94
-0.12,5.98,4.82
1.16,8.91,5.00
1.71,11.78,5.07
1.46,15.08,5.25
0.43,19.10,5.74
-2.62,24.35,5.55
-6.16,29.79,2.08
-8.67,33.45,-8.06
















-,-,-
-0.79,2.87,-2.56
-0.31,2.01,-1.95
-0.18,0.55,-1.77
-0.49,-0.18,-1.59
-1.34,-0.12,-1.34
-1.71,0.12,-0.92
-2.26,0.43,-0.67
-2.50,0.85,-0.79
-2.50,0.79,-0.55
-2.14,0.43,0.18
-2.01,-0.12,1.34
-1.65,-0.73,2.32
-0.98,-1.22,2.50
-0.43,-1.71,2.08
-0.24,-1.59,1.10
-0.06,-0.98,-0.12
0.24,0.37,-0.67
0.00,1.04,-0.24
0.12,0.55,1.10
-0.49,-0.61,1.95
-1.22,-1.16,1.71
-1.65,-0.67,0.67
-2.08,0.49,-0.18
-2.81,2.44,-0.85
-2.99,3.78,-0.92
-3.36,3.66,-0.79
-3.97,2.81,-0.73
-4.33,1.83,-0.43
-4.58,1.46,0.06
-5.00,1.40,0.55
-4.94,1.04,1.10
-5.00,0.61,1.65
-4.94,0.12,2.56
-4.88,-0.24,3.66
-4.52,-1.04,4.88
-4.33,-2.93,6.77
-4.52,-5.19,8.30
-4.09,-7.32,10.19
-3.42,-9.83,11.23
-3.54,-13.31,12.70
-3.97,-17.27,14.47
-3.85,-21.67,17.40
-0.98,-27.04,21.61
4.76,-31.62,24.60
16.42,-28.99,17.58
36.74,-25.33,11.41
61.52,-32.53,20.75
79.16,-38.88,28.56
95.76,-43.95,28.56
111.33,-53.65,23.80
122.38,-54.32,23.25
137.15,-54.26,28.50
145.63,-48.28,30.58
145.94,-38.76,29.97
136.41,-22.22,38.88
120.85,-8.67,34.97
96.56,12.27,25.51
77.82,19.84,27.22
58.65,21.61,28.81
35.58,25.94,19.17
17.46,8.97,6.59
-4.82,5.19,-3.42
-23.19,1.59,-7.93
-38.02,-3.30,-15.93
-47.55,-0.73,-25.57
-57.37,11.35,-33.02
-64.58,25.02,-36.74
-69.95,37.60,-42.36
-65.80,40.89,-46.33
-55.79,26.06,-41.08
-48.16,-0.24,-29.97
-39.43,-21.61,-18.31
-31.37,-31.13,-7.69
-24.35,-32.96,2.32
-19.47,-21.85,5.68
-14.04,-4.88,1.16
-1.10,-3.54,1.10
7.87,-2.32,9.03
11.72,6.04,13.79
11.47,11.41,12.88
11.05,12.27,15.01
14.22,16.78,38.82
12.33,28.56,64.88
22.40,31.31,82.76
28.14,35.16,100.34
29.91,29.36,99.12
26.98,28.26,94.42
25.09,25.15,87.52
22.22,24.66,89.54
17.64,25.82,78.67
15.69,23.80,68.12
11.54,20.08,58.04
6.04,20.69,37.60
4.64,17.03,26.98
1.65,17.70,23.80
-1.40,17.15,16.97
-4.03,17.46,7.08
-6.29,16.24,-2.32
-9.95,15.01,-11.35
-13.61,10.25,-34.73
-16.42,3.48,-64.94
-20.14,1.34,-92.65
-22.95,1.65,-112.92
-23.56,-0.43,-127.26
-20.02,-5.07,-137.63
-17.70,-10.62,-144.71
-15.08,-16.78,-147.58
-9.46,-24.11,-145.94
-3.72,-34.06,-139.10
-3.72,-44.19,-126.04
-3.66,-53.04,-107.79
-2.14,-59.94,-86.73
-0.98,-65.06,-63.90
-1.77,-66.71,-40.22
-2.01,-64.15,-17.70
-2.69,-45.59,-5.92
-0.92,-13.00,-7.81
9.83,-17.82,-3.11
7.02,-24.54,0.79
4.15,-22.22,0.18
4.76,-18.86,-3.30
4.15,-17.09,-4.58
1.10,-16.11,-1.71
5.49,-16.36,14.53
1.65,-11.72,24.78
7.87,-9.77,31.25
12.63,-7.63,52.37
15.56,5.74,73.97
22.77,20.08,93.26
27.47,27.04,102.17
28.38,33.81,113.89
31.74,38.27,123.96
35.16,35.03,125.49
37.41,37.60,126.95
36.99,40.89,128.05
32.29,36.07,124.57
22.34,31.62,111.82
17.58,28.81,110.47
14.28,24.41,113.89
11.47,22.46,109.50
8.97,23.62,104.80
2.38,19.04,89.90
-3.11,14.22,57.25
-2.50,9.70,45.29
-6.16,11.90,48.95
-9.89,10.25,47.55
-10.62,6.90,53.53
-11.17,7.08,54.08
-10.86,3.05,42.72
-9.89,2.81,30.52
-7.69,-0.61,13.06
-3.66,-0.24,4.94
-1.95,1.46,6.35
-1.83,2.99,8.24
-2.26,4.70,9.89
-2.93,3.23,4.46
-1.16,1.40,-1.71
-0.92,1.16,-3.48
-1.40,1.16,-3.54
-1.53,1.71,-3.66
-2.50,2.38,-3.97
-3.85,2.93,-4.58
-4.33,3.30,-5.55
-4.39,3.78,-6.41
-5.00,4.46,-6.96
-5.68,6.16,-7.57
-5.92,8.06,-9.09
-6.47,10.38,-10.68
-7.02,11.60,-12.76
-8.48,12.76,-18.86
-8.97,16.30,-29.60
-7.32,19.53,-32.59
-7.14,22.40,-29.66
-5.62,26.49,-27.28
-0.67,30.21,-28.56
5.55,33.51,-31.98
7.02,35.52,-35.40
10.13,36.01,-36.80
11.23,35.95,-36.13
13.24,33.81,-35.28
















-,-,-
-1.83,0.12,-0.73
-1.34,-0.61,1.22
-0.92,-0.73,2.81
-0.85,-0.43,3.78
-0.79,-0.55,4.15
-0.31,-0.79,3.91
-0.24,-0.98,3.72
0.24,-0.98,4.09
1.04,-0.73,4.88
2.14,-0.67,5.43
3.11,-1.46,5.49
3.42,-2.26,5.62
3.42,-2.50,5.55
2.81,-1.95,5.68
2.62,-1.65,5.86
2.75,-1.89,5.92
2.01,-2.26,5.68
0.98,-2.32,4.94
-0.18,-1.65,3.48
-0.79,-0.98,1.71
-1.28,-0.55,0.61
-2.08,0.06,0.31
-3.36,1.04,0.92
-4.46,1.53,1.95
-4.70,0.67,3.17
-4.70,-0.67,4.09
-4.58,-2.14,4.58
-4.64,-3.05,4.82
-5.31,-3.36,4.70
-5.86,-3.85,3.78
-5.37,-3.36,3.17
-4.52,-1.71,3.05
-3.85,-0.31,1.28
-1.71,-1.46,0.37
0.18,-0.18,0.98
4.58,-1.83,2.87
7.32,-2.50,3.97
11.60,-1.71,4.58
17.27,0.00,5.74
27.65,0.67,9.70
47.00,-2.44,16.91
68.05,-8.42,26.31
85.88,-10.62,29.85
98.51,-16.97,25.21
109.68,-22.89,24.11
113.65,-21.67,19.65
117.31,-19.10,15.63
115.30,-18.49,7.93
107.36,-9.64,-0.18
99.91,-3.42,0.18
85.21,7.63,0.79
70.37,14.83,4.94
53.96,18.49,8.30
32.78,19.59,-0.92
14.59,10.38,-3.30
-5.86,4.70,-4.46
-24.96,-3.17,-8.30
-40.04,-15.81,-14.10
-51.33,-23.32,-20.20
-59.14,-18.62,-23.25
-65.19,-10.38,-23.99
-68.97,-4.76,-28.63
-67.14,-5.07,-31.80
-64.21,-11.05,-30.82
-59.27,-17.27,-25.27
-51.27,-15.44,-20.69
-40.59,-11.84,-19.53
-23.44,-12.88,-12.82
-11.78,-9.28,-3.91
-2.14,-2.75,6.16
5.92,7.26,12.08
9.95,20.32,13.31
17.03,29.42,18.74
24.96,35.16,38.82
37.23,41.69,77.39
48.58,46.94,104.98
53.89,53.41,115.17
55.73,49.80,118.59
50.72,45.41,115.72
40.16,42.91,104.13
28.75,28.93,85.33
18.37,24.60,71.59
11.90,18.68,63.17
3.91,13.61,49.50
1.40,13.98,46.14
-2.81,13.49,43.03
-4.52,12.94,34.61
-5.00,12.33,21.36
-5.62,10.19,9.28
-5.13,8.91,-3.54
-5.25,7.57,-10.13
-9.40,3.42,-27.22
-12.76,-6.90,-60.85
-15.56,-16.17,-97.60
-20.32,-17.15,-127.01
-23.86,-17.70,-147.34
-26.18,-22.40,-159.61
-23.13,-29.54,-165.22
-17.21,-37.78,-164.43
-13.43,-46.14,-155.76
-8.48,-52.98,-138.85
-5.49,-56.46,-116.58
-1.89,-58.29,-92.47
2.44,-60.73,-70.25
3.72,-62.74,-51.76
4.03,-60.06,-40.22
-0.61,-35.71,-45.10
0.00,-23.74,-39.25
8.06,-31.68,-21.42
2.69,-33.45,-9.58
0.73,-25.63,-4.21
1.22,-19.59,-2.56
-1.46,-17.64,-3.48
-9.58,-15.26,-1.34
-10.38,-13.12,1.77
-8.42,-12.33,5.68
0.37,-12.45,18.01
10.44,-12.02,32.29
18.25,-7.81,45.41
23.13,-2.87,63.42
26.55,3.97,70.25
32.47,16.05,80.93
38.21,27.28,88.26
41.44,31.68,87.77
46.45,27.47,93.87
48.16,29.91,100.77
50.60,35.28,111.69
54.44,36.80,118.90
54.44,42.36,122.50
55.11,44.19,125.24
52.80,49.26,126.89
45.84,46.63,127.69
34.48,40.10,117.25
25.02,44.56,97.05
18.19,37.84,88.07
6.47,30.46,77.58
1.04,22.58,69.03
-4.15,17.09,58.41
-7.51,10.80,53.53
-8.06,9.52,49.07
-8.00,4.21,46.57
-6.23,5.86,45.10
-5.31,7.63,47.30
-7.75,4.88,39.49
-4.76,7.57,34.73
2.87,15.38,50.78
-1.71,14.16,56.46
-3.17,8.06,36.50
1.83,8.61,23.93
3.36,10.44,25.09
0.79,9.83,21.12
0.18,7.08,7.81
-0.24,6.59,-0.85
-1.16,6.84,-4.33
-1.95,7.32,-5.43
-2.81,9.03,-6.35
-4.27,12.21,-7.69
-5.62,16.30,-10.50
-8.00,20.32,-18.31
-10.19,20.81,-25.39
-14.28,21.85,-29.11
-18.07,26.79,-29.91
-21.18,35.71,-27.89
-19.23,42.18,-25.27
-14.47,44.31,-24.54
-11.47,45.47,-25.39
-9.22,45.96,-25.51
-6.10,45.72,-24.35
-0.85,44.43,-20.87
0.67,42.24,-15.69
5.43,38.88,-9.70
9.16,34.91,-4.46
12.08,30.58,-0.31
15.32,23.68,2.20
17.58,14.95,3.36
18.43,5.98,3.54
18.19,-1.77,2.75
17.94,-9.40,0.00
16.30,-18.86,-4.46
12.82,-29.11,-11.84
















-,-,-
-0.12,-5.49,0.43
0.85,-4.03,0.49
1.65,-3.05,0.67
2.38,-2.62,0.79
3.48,-2.62,0.98
3.97,-3.30,1.16
3.72,-4.09,1.53
3.60,-4.70,1.89
3.42,-4.76,2.01
3.05,-4.52,1.89
3.17,-3.85,1.59
3.17,-2.81,1.16
2.14,-1.71,0.73
0.43,-1.10,-0.31
-0.12,-0.18,-1.22
-0.06,0.98,-1.16
0.67,2.26,-0.79
1.89,2.87,-0.43
2.99,2.93,0.06
3.23,2.26,0.37
2.93,1.04,0.92
2.75,-0.06,1.46
2.62,-1.04,1.89
2.75,-1.46,2.08
3.42,-1.40,2.14
4.82,-0.98,2.32
6.90,0.00,2.81
10.25,1.83,3.54
14.95,4.46,4.58
22.40,6.96,6.16
32.78,5.55,9.52
46.51,-11.35,14.59
57.25,-16.42,18.37
68.73,-24.66,20.69
80.57,-29.79,20.87
92.22,-28.38,26.86
101.07,-27.47,29.48
106.57,-27.65,34.18
102.78,-23.32,32.29
94.24,-11.54,33.51
84.90,-1.34,32.23
76.42,-1.40,30.33
59.69,5.31,27.47
43.95,14.89,23.80
28.56,18.49,15.69
18.92,10.56,11.84
8.48,13.49,7.57
3.85,7.87,4.94
0.12,2.75,3.66
-4.64,0.79,1.83
-9.34,2.01,-1.22
-13.43,6.53,-3.60
-15.87,13.24,-5.13
-16.17,19.59,-8.24
-16.24,25.21,-12.45
-17.88,30.52,-22.58
-19.35,37.23,-34.73
-15.44,43.64,-42.79
-15.08,51.82,-49.07
-13.24,57.56,-51.94
-11.84,56.52,-48.95
-10.93,48.34,-39.98
-12.51,33.45,-26.67
-15.63,14.34,-10.31
-17.70,-6.65,7.93
-19.10,-25.63,25.94
-19.78,-39.55,40.04
-21.67,-49.44,50.66
-24.72,-52.98,46.02
-18.13,-44.07,15.20
-15.99,-27.71,2.56
-0.06,-15.20,8.61
0.37,-1.34,26.61
11.29,16.05,44.80
19.65,34.24,67.50
26.92,48.71,85.14
37.54,57.31,106.57
40.22,65.61,116.64
40.22,67.57,115.66
36.32,60.30,106.02
30.64,50.48,89.05
24.29,39.31,75.99
16.42,30.76,57.19
11.11,26.31,42.42
7.45,25.82,34.91
5.98,21.42,23.07
3.17,17.64,13.12
1.83,16.17,1.46
1.65,18.13,-2.69
1.34,19.47,-7.75
-1.28,15.50,-27.77
-4.64,5.13,-58.90
-7.75,-5.92,-89.05
-10.19,-12.33,-113.71
-9.34,-13.67,-132.39
-4.33,-13.18,-145.08
8.00,-15.93,-150.63
12.33,-22.64,-149.17
14.89,-31.13,-141.48
15.87,-40.71,-129.21
14.71,-48.16,-111.69
12.88,-52.00,-88.75
12.94,-53.96,-62.62
13.18,-55.30,-35.77
9.95,-56.46,-12.21
4.58,-58.11,6.23
-2.50,-60.06,20.87
-9.52,-51.76,15.26
-1.34,-39.12,0.00
3.85,-38.09,0.49
2.01,-32.29,0.31
1.53,-23.50,1.34
3.72,-15.50,0.73
2.20,-10.25,4.03
2.38,-5.31,14.95
8.54,-1.77,35.03
11.96,9.03,49.50
17.52,19.35,62.19
17.64,25.27,60.36
17.03,29.97,65.37
19.10,25.45,72.20
16.66,31.92,81.42
20.02,36.74,84.66
20.69,43.15,94.48
22.83,41.93,96.44
20.81,35.83,99.00
20.20,34.97,103.33
20.75,29.48,110.23
18.49,28.20,107.18
17.82,30.09,99.61
17.33,30.15,97.35
16.36,35.40,102.84
13.55,25.09,101.32
10.19,20.32,89.11
6.84,13.49,74.04
1.71,6.90,53.04
2.26,6.04,44.19
0.73,10.56,61.16
-3.97,8.12,56.88
-5.80,8.12,32.59
-5.13,7.69,28.87
-7.20,9.89,45.10
-8.85,7.81,44.68
-7.69,6.53,30.21
-5.62,6.10,19.29
-4.58,5.80,21.67
-4.33,5.31,20.57
-3.05,5.00,5.37
-2.08,3.72,-1.83
-0.85,2.38,-1.53
-0.24,1.40,-0.92
0.43,0.79,-0.31
1.04,0.85,0.49
1.10,1.46,0.79
0.73,2.32,0.55
0.37,3.36,0.12
0.43,4.33,0.24
0.18,5.37,0.37
0.31,6.29,0.49
0.67,7.51,0.85
0.49,8.36,1.22
-0.67,9.28,1.34
-2.01,10.56,0.85
-3.11,12.88,0.24
-4.76,15.81,-0.73
-5.80,19.90,-2.26
-6.53,24.78,-3.85
-6.71,29.54,-9.70
-5.86,30.82,-22.28
-4.82,31.13,-30.64
-3.91,32.84,-33.87
-2.56,40.04,-36.50
0.37,52.86,-40.65
6.04,66.35,-45.29
12.33,77.21,-48.65
18.01,84.78,-50.90
22.46,89.42,-52.19
26.00,92.41,-53.53
28.75,95.40,-54.20
32.29,97.05,-53.65
















-,-,-
1.16,1.10,0.06
0.92,0.92,0.37
0.92,1.10,0.92
1.04,1.10,1.59
0.85,0.98,1.71
0.85,0.79,1.28
0.85,0.61,0.67
1.16,0.49,0.61
1.04,0.55,0.79
0.49,0.73,1.04
0.06,1.16,0.98
-0.12,2.08,0.37
-0.18,2.38,0.06
-0.18,1.53,-0.06
0.06,0.79,0.06
0.31,0.24,0.67
0.00,0.06,1.83
-0.24,0.12,2.20
-0.49,0.24,1.83
-0.67,0.37,1.22
-0.24,0.92,0.79
0.06,0.49,1.34
0.43,-0.43,2.14
0.55,-1.22,2.69
0.61,-1.59,3.66
0.92,-2.75,4.70
1.34,-7.02,6.29
0.61,-13.18,7.93
-0.43,-20.26,9.83
-2.26,-28.20,12.33
-3.97,-27.34,7.32
-2.87,-25.45,-0.12
-2.14,-23.62,-2.69
2.08,-18.43,-1.53
8.18,-12.15,0.67
17.27,-4.15,0.31
27.89,4.27,3.05
44.56,7.57,12.76
65.43,-0.49,21.85
79.47,-3.60,27.83
92.29,-7.81,30.76
105.83,-16.36,28.99
118.41,-25.57,25.27
125.24,-29.60,17.70
130.31,-38.21,13.00
126.34,-37.05,9.52
113.10,-34.91,7.32
94.48,-24.17,12.27
69.52,-6.53,18.07
48.89,1.40,10.80
31.07,0.12,3.17
15.99,3.05,3.78
3.54,4.21,4.39
-5.49,-2.26,0.55
-12.94,-9.46,-1.65
-19.23,-13.49,-4.03
-25.45,-11.96,-6.84
-31.98,-5.68,-15.69
-36.62,-3.42,-29.24
-41.99,2.26,-36.62
-45.47,11.47,-38.57
-47.36,22.40,-41.32
-46.88,31.92,-45.59
-44.98,38.15,-48.58
-39.31,37.72,-47.06
-30.64,29.42,-39.92
-21.00,15.63,-27.77
-11.35,-1.59,-11.11
-9.46,-17.76,6.04
-5.62,-29.72,21.18
-3.97,-35.22,31.43
-5.00,-20.69,20.14
-0.92,-9.64,5.68
3.72,-15.75,5.55
-1.28,-14.77,8.00
-7.87,-7.87,8.85
-3.66,7.32,24.66
5.43,26.06,65.80
15.50,42.54,96.68
26.25,55.36,114.01
32.78,62.87,120.12
31.37,57.80,117.31
26.86,45.84,104.55
21.79,38.94,90.03
15.69,34.91,75.62
10.80,30.88,60.67
8.06,25.39,54.02
2.50,20.57,43.27
-1.34,18.13,24.60
-2.20,14.89,17.09
-2.75,15.26,13.73
-2.08,13.85,6.04
-0.55,12.33,-2.87
-1.22,9.89,-14.34
-1.83,2.50,-42.54
-1.34,-6.41,-73.79
-3.54,-10.86,-99.73
-7.02,-6.35,-119.38
-6.10,-0.55,-130.80
-3.48,2.32,-132.93
0.12,1.22,-127.14
5.68,-1.71,-117.92
7.81,-5.43,-109.80
11.54,-12.02,-102.36
14.16,-20.87,-94.60
15.14,-29.11,-84.66
14.95,-36.99,-73.24
13.85,-46.69,-60.00
8.24,-56.34,-45.23
0.00,-64.09,-29.48
-8.79,-68.66,-12.70
-17.09,-70.68,1.89
-24.35,-73.36,14.40
-29.85,-64.70,7.63
-20.75,-46.57,-14.10
-13.31,-40.47,-14.22
-4.46,-39.43,-4.09
-1.59,-29.85,-0.55
1.10,-19.53,-3.42
-2.38,-12.51,-4.39
-4.52,-6.96,-0.67
-0.18,-1.89,9.16
2.56,2.50,13.85
4.46,7.26,22.89
12.02,9.34,44.37
19.29,10.62,71.29
21.67,20.26,83.37
23.38,30.27,87.40
25.76,35.89,100.95
27.28,38.57,112.67
28.44,41.20,115.78
30.03,41.69,111.94
31.19,48.28,117.31
32.78,46.81,123.05
27.53,34.42,114.69
21.61,31.01,94.12
18.62,31.62,87.22
12.63,28.63,91.31
9.09,22.58,86.73
4.82,24.05,72.27
0.49,11.66,60.12
-3.17,6.53,49.87
-3.78,6.71,46.02
-6.23,6.84,47.12
-6.53,3.05,33.14
-4.94,4.33,26.06
-5.37,7.02,31.74
-7.26,4.70,28.44
-4.76,1.95,17.40
-2.20,1.16,11.66
-0.92,0.31,5.98
0.98,-0.67,-0.37
2.01,-1.40,-1.59
1.53,-2.08,-0.79
1.59,-2.62,-0.85
1.53,-2.62,-0.92
1.22,-2.50,-0.85
0.79,-2.26,-1.16
0.43,-1.95,-1.46
-0.37,-1.28,-1.83
-0.67,-0.85,-2.32
-0.79,-0.37,-2.38
-0.79,0.37,-2.08
-0.85,1.53,-2.44
-0.55,2.26,-2.99
-1.95,3.23,-3.78
-2.62,4.58,-4.21
-2.75,6.59,-4.33
-3.11,9.34,-4.52
-3.72,12.57,-6.23
-3.91,14.47,-13.79
-2.69,14.59,-22.28
-1.65,15.01,-23.38
-0.55,15.01,-19.84
0.79,15.32,-17.64
2.56,15.26,-19.53
4.09,14.77,-23.13
5.74,14.89,-26.67
9.03,15.69,-30.15
10.56,16.24,-31.98
















-,-,-
12.88,6.53,-7.87
13.37,6.10,-7.93
14.04,5.98,-7.63
14.71,5.49,-7.14
15.75,4.76,-6.53
17.15,3.78,-6.41
18.01,2.75,-6.04
18.25,1.46,-5.19
18.25,0.37,-4.27
17.64,-0.98,-3.17
17.40,-2.38,-1.83
16.36,-3.54,-1.10
14.71,-4.03,-0.85
13.12,-3.91,-0.92
11.47,-3.42,-1.28
10.44,-2.81,-1.46
8.85,-2.01,-0.79
6.84,-1.04,0.43
4.88,0.06,1.53
2.99,0.98,2.01
1.59,1.34,2.08
1.22,0.85,1.77
0.67,0.06,1.77
-0.31,-0.43,2.26
-1.59,-0.24,3.11
-2.93,0.61,3.54
-3.78,1.46,3.11
-4.46,1.77,2.44
-5.43,2.14,2.14
-7.63,3.17,2.32
-9.89,4.46,2.75
-11.60,5.00,2.87
-12.27,4.03,2.99
-11.54,2.14,2.81
-10.44,0.06,2.99
-9.46,-1.71,3.54
-9.64,-2.20,4.39
-11.17,-1.34,4.82
-13.43,0.61,4.46
-14.53,2.62,3.36
-15.01,3.17,2.32
-14.59,1.71,2.14
-14.22,-0.98,2.01
-13.73,-2.99,1.95
-13.31,-4.33,2.20
-12.39,-4.64,2.81
-10.62,-4.64,4.27
-9.34,-4.58,5.55
-8.85,-4.33,6.04
-8.79,-3.91,5.37
-8.97,-3.36,4.39
-9.16,-2.75,3.60
-8.97,-2.38,3.42
-8.48,-2.62,4.27
-7.87,-3.85,5.74
-7.14,-5.19,7.26
-6.77,-6.29,8.12
-6.65,-6.29,7.69
-7.20,-5.25,6.41
-8.06,-3.60,4.76
-8.61,-1.59,2.99
-8.85,0.12,1.83
-8.91,1.10,1.77
-8.85,1.04,2.32
-9.40,0.12,2.26
-9.58,-1.28,1.83
-9.40,-3.30,1.77
-9.64,-6.04,3.23
-10.19,-9.89,6.29
-10.56,-15.81,10.38
-10.74,-23.50,14.22
-10.56,-30.27,15.75
-9.16,-29.91,9.83
-3.78,-20.45,1.46
5.74,-17.94,1.53
18.92,-11.23,4.94
35.34,1.10,6.71
52.31,10.74,10.25
70.31,2.69,14.65
85.33,-10.19,15.87
99.43,-20.87,10.86
112.00,-27.16,8.85
126.46,-34.61,8.97
136.29,-33.94,7.69
143.43,-38.33,4.82
141.17,-41.02,4.03
127.01,-33.08,7.63
109.74,-26.06,9.83
83.62,-8.91,18.86
58.41,5.98,10.68
36.68,4.39,4.82
15.14,7.08,3.54
-0.31,-0.06,1.89
-12.15,-8.24,-2.99
-20.81,-17.40,-5.92
-29.17,-21.48,-8.97
-36.07,-17.70,-15.01
-41.32,-5.86,-21.48
-44.74,4.58,-22.34
-50.17,16.97,-24.72
-54.87,28.93,-33.69
-55.48,34.61,-44.37
-51.51,34.73,-53.65
-41.26,27.28,-56.40
-30.82,13.55,-50.17
-21.91,-3.42,-35.34
-12.76,-21.30,-15.26
-4.58,-36.01,5.92
-1.71,-41.50,25.51
1.53,-25.76,25.57
3.72,-7.14,15.81
13.67,-5.13,10.99
9.34,-6.35,12.82
3.30,-2.38,11.29
5.43,-1.16,15.44
10.07,8.79,50.60
19.41,27.53,98.94
28.75,39.55,119.57
33.39,48.34,120.61
33.94,44.13,113.40
26.31,45.90,107.42
20.81,43.70,90.76
16.36,36.13,86.06
7.69,27.34,70.31
3.05,22.58,49.50
-0.73,22.77,40.89
-3.60,22.03,36.38
-4.82,21.61,37.23
-6.90,18.74,27.83
-8.30,15.08,6.10
-5.43,16.91,-6.04
-4.33,18.80,-8.06
-3.05,15.63,-23.80
0.31,3.91,-60.49
-0.18,-3.11,-101.32
-4.03,-1.53,-132.39
-8.12,2.87,-154.79
-8.61,3.66,-170.84
-7.14,-1.46,-178.83
-5.37,-10.62,-179.02
-0.73,-22.71,-172.49
8.61,-36.44,-159.24
0.37,-47.49,-142.33
-3.72,-54.87,-124.15
-8.54,-61.40,-103.33
-13.31,-66.77,-80.57
-17.94,-70.37,-56.46
-21.97,-71.35,-32.29
-23.44,-72.63,-8.97
-25.15,-76.84,12.94
-29.30,-80.38,29.66
-30.82,-58.78,4.70
-15.08,-52.49,-14.83
-13.98,-49.62,-11.72
-9.89,-42.18,-0.79
-4.76,-30.09,1.71
1.16,-17.15,-2.62
0.12,-7.63,-2.32
-3.36,-2.75,4.15
10.38,-4.03,24.96
20.51,5.37,48.16
25.63,17.52,72.63
31.31,26.37,91.13
37.84,32.71,112.30
38.09,42.91,112.49
43.58,43.40,116.64
46.14,46.75,125.06
46.94,48.16,128.78
46.33,50.11,132.93
45.23,44.98,128.78
42.42,44.19,133.85
36.13,43.70,133.48
29.30,37.41,128.42
21.61,34.91,115.97
14.16,31.13,104.92
7.69,28.44,90.88
3.91,24.35,73.18
1.04,15.69,59.39
-2.32,5.00,54.93
-4.27,2.81,45.84
















-,-,-
1.71,1.40,0.85
1.65,1.22,0.85
1.53,1.22,0.55
1.28,1.04,0.49
1.10,0.85,0.67
1.04,0.73,0.92
1.10,0.67,0.85
1.22,0.67,0.98
1.28,0.49,1.04
1.10,0.55,1.28
1.34,0.49,1.40
1.04,0.12,1.28
0.92,0.24,1.04
0.85,0.06,1.04
0.61,0.24,1.16
0.61,0.49,1.28
0.73,0.06,1.16
0.37,-0.61,1.04
0.18,-0.92,0.92
0.06,-1.28,1.28
-0.06,-1.34,1.59
-0.24,-1.59,1.83
-0.43,-1.65,2.38
-0.85,-2.01,2.81
-1.40,-2.44,2.62
-1.28,-2.69,2.14
-0.98,-3.30,1.53
-1.46,-4.15,1.34
-1.71,-4.27,1.28
-1.95,-4.21,0.61
-2.50,-4.39,-1.10
-2.87,-4.94,-3.78
-3.72,-5.25,-6.53
-4.15,-4.76,-9.22
-4.58,-4.03,-12.33
-5.74,-3.72,-14.83
-6.84,-4.09,-16.85
-8.73,-4.70,-19.78
-10.93,-4.76,-21.73
-13.55,-4.33,-21.36
-15.26,-6.77,-18.07
-15.87,-13.31,-12.51
-16.11,-24.54,-4.88
-17.15,-39.92,5.07
-19.96,-56.52,17.27
-23.13,-68.85,27.47
-21.36,-60.24,16.42
-20.20,-43.82,0.92
-13.61,-22.64,-6.96
2.01,-16.30,-9.77
17.46,-14.53,-2.08
35.89,1.53,3.48
55.36,18.07,7.75
76.60,21.12,13.73
95.46,-1.04,15.56
107.73,-21.97,7.87
115.11,-36.87,1.22
121.52,-48.95,-4.88
126.95,-52.19,-8.30
128.85,-53.59,-6.53
121.28,-46.02,-2.44
100.28,-37.60,2.20
65.49,-18.92,1.77
39.31,-14.83,-7.75
17.58,-8.79,-11.11
4.39,2.32,-3.85
-5.55,-0.18,-1.10
-13.18,-10.68,-2.75
-20.69,-19.23,-6.04
-27.95,-19.96,-9.64
-33.20,-14.59,-13.06
-37.48,-3.97,-16.78
-40.89,8.12,-19.90
-43.76,19.10,-20.02
-45.90,30.27,-17.58
-46.08,39.55,-21.12
-42.42,44.31,-28.38
-35.28,40.16,-32.90
-23.56,26.06,-29.54
-6.16,5.68,-17.03
-6.90,-11.47,-1.40
-1.71,-24.84,12.76
2.08,-33.45,23.80
4.39,-24.84,19.23
2.38,-7.51,7.93
11.66,-9.34,8.12
6.29,-12.02,9.03
-2.99,-8.85,3.78
-4.09,-5.55,-0.18
-2.38,-2.56,10.13
7.45,0.85,41.50
16.97,8.00,71.47
23.19,27.10,98.08
27.65,41.20,107.60
32.17,45.17,115.97
30.03,42.85,114.44
26.55,39.12,104.61
21.67,30.88,89.48
15.38,21.42,70.80
9.83,14.65,51.82
7.02,13.79,43.82
4.70,13.79,46.88
0.49,14.10,35.28
0.37,13.43,27.65
-2.81,10.19,18.01
-4.58,8.97,2.08
-4.15,9.03,-5.74
-6.16,10.25,-8.61
-9.83,8.85,-25.15
-12.94,3.72,-59.02
-14.47,-1.34,-96.07
-14.28,-0.31,-124.88
-14.04,3.17,-145.75
-12.33,4.94,-161.32
-9.34,2.62,-170.17
-3.17,-2.69,-171.57
5.74,-10.62,-164.06
-4.33,-19.84,-149.78
-10.07,-30.40,-132.02
-11.05,-43.03,-113.83
-11.72,-57.43,-94.67
-13.92,-70.50,-73.18
-18.55,-77.39,-49.68
-21.55,-79.04,-24.48
-22.28,-79.47,0.61
-24.11,-80.38,23.38
-30.40,-57.19,10.74
-19.78,-42.11,-5.31
-11.23,-47.24,-4.64
-7.32,-41.50,-0.31
-9.28,-25.21,-0.37
-7.63,-11.66,-3.66
-7.87,-4.15,0.79
-4.39,2.08,16.11
7.87,17.88,55.85
27.10,33.39,100.34
40.59,41.50,127.14
51.57,50.54,140.87
59.94,50.05,142.03
60.97,50.60,137.63
61.95,46.39,134.16
58.84,42.42,140.75
48.40,42.42,137.88
40.22,36.99,127.50
32.04,30.03,114.87
26.55,28.44,102.23
23.44,25.39,99.79
15.87,23.19,90.82
9.58,15.08,75.74
3.91,9.40,56.88
1.22,8.97,51.15
-2.93,3.60,52.98
-5.37,0.43,41.69
-2.99,2.50,28.69
-2.62,3.48,25.63
-1.71,1.59,22.83
-0.06,-2.20,7.81
0.92,-5.25,1.16
1.10,-7.26,1.77
0.43,-8.00,2.01
-0.43,-7.63,1.16
-0.61,-6.10,1.10
-0.43,-3.97,0.85
0.12,-1.46,0.49
0.55,0.31,0.12
0.98,1.16,-0.43
1.28,1.10,-0.55
1.34,0.98,-0.43
0.61,0.61,-0.73
-0.43,0.18,-2.08
-0.92,0.55,-2.87
-0.43,1.83,-3.23
-0.37,3.66,-3.60
-1.77,5.07,-4.21
-2.87,6.59,-4.70
-3.97,9.09,-4.82
-4.94,12.63,-4.82
-6.04,16.60,-4.88
-7.75,20.51,-5.25
-8.61,23.74,-6.23
















-,-,-
1.89,1.10,0.61
1.65,0.73,0.61
1.40,0.55,0.61
1.22,0.79,0.98
1.28,1.28,0.85
1.53,1.53,0.55
1.71,1.59,0.24
1.65,1.34,0.31
1.46,1.10,0.85
1.22,1.04,1.46
1.22,1.28,1.59
1.22,0.98,1.59
1.10,0.55,1.59
0.98,0.24,1.71
1.04,0.24,1.77
0.92,0.79,1.89
0.67,1.40,1.77
0.67,1.59,1.46
0.61,1.65,1.40
0.67,1.34,1.65
0.85,0.73,1.95
0.92,0.06,2.20
0.79,-0.06,1.83
0.43,0.61,1.53
0.24,1.34,1.04
0.37,1.65,0.85
0.00,1.95,0.61
-1.28,2.32,0.49
-2.56,3.05,1.04
-3.30,3.30,1.46
-4.33,2.69,1.65
-6.10,1.40,1.04
-7.87,-0.61,-0.37
-9.77,-1.71,-2.08
-12.33,-3.48,-3.60
-16.60,-3.97,-4.64
-19.17,-2.14,-3.85
-21.85,-0.73,0.00
-22.95,-0.61,5.80
-22.77,-2.20,10.68
-22.16,-1.10,9.70
-21.73,3.97,0.61
-18.55,5.49,-6.77
-9.34,0.18,-6.77
1.10,-7.81,1.04
8.54,-6.71,5.13
17.76,-1.28,5.86
30.15,3.66,5.19
44.56,2.08,3.85
59.14,0.43,0.61
74.77,-3.36,-2.56
87.16,-8.06,-2.44
95.52,-10.44,-1.95
103.94,-15.87,-8.00
109.74,-20.94,-10.38
111.82,-24.05,-10.25
111.94,-28.93,-5.92
100.77,-25.57,-4.94
76.78,-16.91,-7.93
50.84,-9.28,-5.07
26.18,-5.55,-6.90
5.74,2.01,-1.59
-7.26,0.49,-1.22
-15.26,-14.59,-4.09
-23.13,-28.50,-6.35
-31.19,-34.18,-8.91
-36.80,-28.63,-12.76
-40.53,-17.88,-15.38
-44.98,-7.75,-19.04
-48.71,2.14,-24.96
-50.84,9.58,-23.50
-50.29,14.65,-21.36
-46.94,19.41,-25.45
-40.83,23.99,-31.98
-31.92,24.54,-33.51
-20.94,18.62,-28.08
-10.50,8.61,-16.72
0.49,-3.23,-2.93
10.07,-15.63,11.35
15.50,-27.59,24.96
15.14,-29.91,30.58
8.24,-6.41,14.22
10.25,1.40,4.88
10.80,-6.59,5.31
5.68,-13.73,7.81
7.14,-11.60,11.72
10.68,-3.05,31.07
15.93,6.77,51.64
25.27,12.45,68.73
32.90,15.87,84.17
33.75,28.99,100.83
34.36,45.78,121.58
31.43,50.48,125.12
30.33,48.16,116.88
27.59,39.55,96.01
22.52,33.08,73.43
18.55,28.08,66.77
11.84,19.96,52.49
8.06,17.46,42.18
4.21,15.26,40.28
0.12,10.56,33.75
-0.92,8.00,17.15
-3.42,4.58,8.61
-5.43,2.56,-0.61
-6.04,1.59,-5.80
-8.24,0.49,-8.91
-10.31,-2.14,-25.76
-11.96,-9.89,-62.38
-12.70,-25.57,-100.59
-12.88,-34.12,-131.53
-16.54,-30.70,-149.05
-19.47,-22.03,-157.23
-19.84,-13.55,-159.85
-19.71,-9.46,-155.70
-14.53,-10.62,-144.23
-16.60,-15.38,-129.09
-18.13,-21.67,-114.93
-18.43,-28.08,-103.33
-17.58,-35.40,-93.51
-14.89,-45.72,-82.70
-11.90,-56.82,-69.76
-11.35,-66.41,-52.73
-13.92,-69.89,-30.94
-15.63,-66.71,-7.14
-16.60,-60.55,13.61
-16.24,-50.11,16.17
-9.22,-33.81,-2.62
-0.61,-24.66,-6.29
8.61,-23.93,-0.43
11.54,-25.02,7.20
12.08,-17.27,4.58
12.15,-8.91,2.14
10.99,-4.15,4.15
13.85,-2.50,9.70
18.68,-3.36,21.24
18.86,-2.32,27.77
24.05,-3.48,44.56
31.19,-1.65,63.29
35.58,2.62,76.97
40.89,12.27,86.85
47.36,17.70,95.64
50.96,21.12,101.87
54.32,24.48,108.58
54.69,31.19,116.03
53.89,37.72,120.30
51.51,36.07,122.01
46.45,37.29,124.88
40.65,36.19,116.64
38.51,35.28,115.23
34.00,28.08,103.94
28.93,26.43,83.86
25.57,19.59,67.75
19.04,19.17,71.96
12.76,14.16,70.74
9.52,8.00,58.59
8.54,10.74,56.88
8.79,10.86,53.28
10.93,9.95,47.79
16.66,10.80,55.18
12.94,8.61,66.16
10.38,6.47,59.08
9.09,3.60,46.14
15.26,6.35,56.27
6.16,1.95,57.25
6.04,1.89,43.64
4.21,2.99,35.89
4.64,2.26,26.92
5.13,1.28,31.19
4.88,0.06,36.62
2.14,-2.81,32.71
-0.37,-4.39,9.89
1.65,-6.29,-3.60
1.34,-7.14,-4.21
0.00,-7.02,-3.91
-1.83,-6.59,-5.13
-3.36,-6.04,-6.71
-4.58,-4.70,-8.54
-6.71,-2.56,-9.95
-9.34,0.06,-10.80
-12.45,4.39,-11.29
