-,-,-
-1.28,-3.05,1.89
-3.11,-3.91,0.37
-4.94,-4.94,-0.06
-4.21,-3.30,-0.85
-4.64,-2.08,-0.85
-3.11,-0.37,-1.22
-1.59,1.28,-1.10
-1.16,1.59,-0.85
-0.67,1.22,-1.16
-0.43,0.43,-1.59
-0.31,-0.24,-2.01
-1.16,-2.20,-2.26
-1.83,-3.42,-2.50
-2.44,-4.27,-2.75
-2.93,-3.85,-3.11
-2.99,-3.30,-3.36
-3.48,-2.62,-3.36
-3.42,-2.08,-3.30
-3.54,-1.65,-3.17
-3.05,-1.77,-3.05
-3.11,-1.89,-2.93
-2.75,-2.14,-2.75
-2.32,-2.38,-2.32
-1.89,-2.01,-1.71
-1.83,-1.65,-1.34
-1.22,-1.10,-1.04
-1.53,-0.73,-0.67
-1.46,-0.37,-0.79
-1.10,-0.24,-0.49
-0.24,-0.55,0.12
0.49,-0.85,1.04
1.10,-0.73,1.46
0.85,-1.04,1.95
-1.04,-1.71,1.77
-2.93,-1.89,1.10
-6.04,-2.38,0.79
-7.32,-0.12,3.23
-6.96,10.31,19.47
-6.71,17.94,35.40
-8.54,19.23,42.11
-4.64,21.30,45.59
-1.59,25.76,60.00
-0.55,28.99,72.45
3.78,25.63,79.59
7.39,26.43,83.07
9.46,28.14,79.65
8.79,20.75,82.28
5.62,20.26,89.17
7.63,22.89,88.38
10.13,27.04,89.84
8.36,26.25,96.68
3.72,28.75,93.26
2.01,25.45,95.70
-4.33,28.08,86.00
-0.43,27.22,78.49
-0.61,28.14,75.99
-2.56,24.23,68.66
-1.83,23.50,62.38
-2.20,18.80,62.74
-2.38,18.19,74.28
-3.42,22.58,69.82
1.10,20.08,73.30
-3.23,12.27,74.28
-2.81,8.97,67.38
-6.16,8.73,53.65
-5.43,12.82,46.39
-5.37,17.46,53.34
-6.23,20.08,59.45
-4.76,16.66,67.69
-6.10,15.26,65.06
-3.54,11.54,50.84
-4.70,11.23,45.53
-4.46,11.84,41.63
-11.54,9.28,41.87
-10.25,2.38,21.61
-9.46,6.29,34.67
-10.50,10.13,54.50
-14.22,13.06,50.66
-9.70,12.21,50.54
-10.68,10.56,58.23
-15.26,7.39,35.52
-11.17,9.77,28.08
-12.02,8.24,22.71
-6.53,9.03,42.30
-11.35,7.08,60.00
-10.74,7.75,51.51
-9.46,3.30,25.45
-1.40,8.42,28.50
-7.20,9.95,52.06
-5.55,6.16,57.92
-10.44,4.27,55.79
-9.09,1.28,46.51
-11.11,-1.95,37.17
-8.85,-1.83,22.89
-4.09,3.05,32.17
-5.49,6.77,42.36
-3.78,6.41,39.49
-3.97,4.64,37.72
-2.08,1.89,28.63
-3.23,0.49,18.98
-1.53,0.24,10.44
-0.92,3.11,15.38
-0.12,3.97,29.97
-3.78,2.93,32.59
-0.98,-2.38,10.62
0.43,-1.34,2.62
0.37,0.43,1.65
0.67,1.71,1.77
0.49,1.89,0.55
0.43,2.20,0.18
0.67,2.20,1.10
1.46,1.71,1.89
1.95,0.98,2.26
1.95,0.49,2.69
1.59,0.24,2.75
1.34,-0.06,2.38
0.79,0.37,2.44
0.31,1.40,2.56
0.31,2.14,2.38
0.67,2.38,1.95
1.28,2.81,1.95
1.83,2.75,2.32
1.95,2.56,2.69
1.71,2.08,2.69
1.28,2.08,2.75
1.04,2.20,2.75
0.85,2.38,3.05
0.67,2.62,3.36
0.31,2.56,3.30
0.67,2.62,3.72
1.46,2.87,4.09
2.32,2.75,3.85
2.69,2.50,3.72
3.17,2.01,3.60
3.66,1.28,3.23
4.39,0.67,2.50
4.70,0.18,2.26
5.37,0.00,1.95
5.62,-0.31,1.28
5.13,-0.85,0.31
4.82,-1.04,-0.37
4.03,-0.92,-0.31
2.99,-0.24,-0.06
2.08,0.12,-0.24
1.53,0.37,-0.61
1.28,0.79,-0.85
2.01,0.79,-0.79
2.56,0.18,-0.85
3.05,-0.37,-1.28
3.36,-0.61,-0.92
3.91,-0.67,-0.92
3.78,-0.61,-1.10
2.99,-0.61,-1.28
2.62,-0.43,-1.04
2.32,-0.24,-0.79
1.77,0.24,-1.04
1.65,0.49,-0.73
1.95,1.04,-0.31
2.44,1.28,-0.06
3.11,1.22,0.00
3.91,1.04,0.06
5.43,0.85,0.00
7.08,1.10,0.00
8.42,1.10,-0.18
9.16,0.92,-0.67
8.91,0.61,-1.95
8.06,0.00,-2.99
6.77,-0.37,-4.09
5.07,-0.18,-4.46
4.21,0.61,-4.46
3.48,1.40,-4.27
2.01,1.65,-4.03
0.92,1.83,-3.85
0.55,1.95,-3.60
0.67,2.08,-3.11
1.16,2.08,-2.50
1.65,1.40,-1.89
2.01,1.22,-1.65
2.50,1.22,-1.28
2.81,0.85,-1.16















-,-,-
1.71,0.79,0.55
1.71,0.49,0.73
1.59,0.49,0.61
1.46,0.37,0.43
1.59,0.24,0.37
1.71,0.37,0.18
1.53,0.61,0.00
0.85,0.49,0.49
1.16,1.10,0.79
1.59,1.53,0.98
1.83,1.71,1.04
1.83,1.65,1.04
1.77,1.46,1.16
1.77,1.04,1.28
1.77,1.22,1.40
2.32,1.22,1.34
2.44,0.79,1.22
2.44,0.79,1.28
1.95,0.79,1.34
2.38,1.46,1.34
2.01,1.16,1.40
1.65,1.10,1.34
1.22,0.73,1.22
1.10,0.55,1.28
1.04,0.73,1.28
0.79,0.73,1.34
0.67,0.61,1.53
0.85,0.73,1.59
0.61,1.04,1.77
0.67,1.40,1.95
0.67,1.53,2.20
0.79,1.65,2.38
0.85,2.26,3.05
0.73,2.99,5.49
0.49,3.66,9.09
-0.12,5.25,13.18
0.43,6.53,22.64
-0.43,10.62,30.52
0.79,11.05,34.91
1.53,7.63,28.93
2.20,7.57,23.74
3.48,8.91,28.81
3.54,13.43,41.63
4.27,15.87,44.80
10.19,13.92,44.98
9.95,16.42,48.22
9.46,14.65,52.00
9.58,16.66,62.81
9.28,23.19,77.64
9.40,26.00,88.38
8.30,29.17,91.67
8.36,32.53,96.19
6.90,35.16,98.08
8.24,29.66,103.82
5.31,26.86,93.93
10.13,27.04,93.08
9.28,30.40,91.06
11.23,30.03,90.15
9.03,31.13,96.86
5.31,28.50,99.85
4.39,26.79,100.95
2.32,29.11,100.28
0.61,24.35,95.21
0.24,17.52,85.51
-0.92,15.56,79.77
-0.43,11.90,68.79
-1.10,11.96,65.06
0.61,10.93,68.18
-0.73,11.96,73.18
-1.46,13.49,73.79
-0.31,17.03,73.00
-2.14,14.83,69.40
-1.04,5.31,69.52
-1.04,-3.97,57.98
1.22,1.89,52.80
-0.61,10.01,48.16
0.18,12.76,59.39
-4.09,8.42,61.58
-2.20,3.72,52.37
-2.26,4.58,45.10
-0.67,7.81,52.98
-4.76,6.77,62.19
-5.25,4.88,60.36
-3.78,-3.05,52.25
-1.95,-3.30,41.02
-2.26,-1.28,44.37
-3.05,3.91,47.24
-3.85,4.09,50.42
-4.33,2.32,49.26
-6.04,-0.18,49.44
-7.51,0.12,49.01
-8.61,-2.81,52.31
-9.22,-3.42,54.63
-11.84,-7.02,45.35
-6.10,-6.29,51.21
-7.39,-10.50,59.20
-6.96,-10.80,58.47
-4.70,-10.62,48.28
-2.44,-8.73,40.59
-2.81,-5.19,38.33
-2.87,-3.66,41.38
-5.25,-2.14,36.93
-4.39,-3.97,31.74
-4.94,-1.22,31.74
-8.91,-1.65,28.02
-8.12,-4.39,27.65
-7.02,-3.97,34.61
-11.96,-2.38,31.13
-11.29,-2.62,18.62
-8.48,-2.14,8.73
-8.36,-2.08,12.02
-7.45,-1.77,15.44
-7.02,-3.17,14.65
-6.41,-2.14,10.62
-5.13,1.83,14.83
-6.41,3.11,20.14
-4.88,-0.18,17.52
-2.62,-2.56,13.06
-2.08,-1.65,9.52
0.79,-0.61,2.44
3.42,1.28,0.43
3.85,3.05,1.04
4.76,3.42,1.65
5.00,2.93,1.65
4.76,2.01,1.28
3.97,1.22,1.22
3.36,0.61,0.85
2.75,0.43,0.24
2.50,0.98,-0.18
2.69,1.40,-0.43
2.87,1.59,-0.24
2.75,1.65,-0.18
2.44,1.77,0.00
2.26,1.71,0.61
2.20,2.01,1.04
1.95,1.77,1.22
2.01,1.53,1.53
2.56,1.53,2.14
3.36,1.46,2.75
3.30,1.04,2.99
3.05,0.67,2.50
3.05,0.55,2.14
3.11,0.85,1.95
3.23,0.98,1.95
3.30,1.16,1.95
3.23,1.28,1.71
2.99,1.28,1.34
2.93,1.22,1.16
2.81,1.46,0.85
2.62,1.28,0.73
2.20,1.53,0.55
1.77,1.59,0.73
1.71,1.77,0.85
2.01,1.53,1.16
2.20,1.34,1.53
2.56,0.92,1.53
2.75,0.79,1.65
2.93,0.85,2.01
3.23,1.04,2.08
3.23,1.28,1.89
2.69,1.22,1.71
1.83,1.28,1.46
1.34,1.28,1.28
1.71,1.40,1.65
2.08,1.71,2.20
2.38,1.77,2.32
2.56,1.40,2.50
3.36,1.04,2.50
3.97,1.04,2.56
4.15,1.04,2.32
3.48,0.92,1.46
2.99,0.98,0.98
2.75,1.40,0.61
2.50,1.53,0.49
2.56,1.71,0.61
2.56,1.77,1.10
2.62,1.71,1.59
2.69,1.59,1.83
2.62,1.28,1.89
2.93,1.34,2.08















-,-,-
1.59,0.85,0.98
1.95,0.92,0.92
2.08,1.04,0.67
1.71,0.73,0.67
1.71,0.85,0.37
1.40,0.55,0.31
0.92,0.55,0.37
0.49,0.67,0.37
0.24,0.67,0.37
0.31,0.85,0.55
0.12,1.16,0.67
0.37,1.10,0.67
0.24,0.98,0.85
0.43,1.04,1.10
0.79,0.79,1.22
0.92,0.49,1.16
0.73,0.12,0.98
0.98,-0.06,1.04
1.46,0.00,0.92
1.89,0.67,0.85
2.32,1.22,0.85
2.69,1.89,0.98
2.99,2.81,1.22
3.85,3.36,1.46
4.76,3.78,1.83
5.00,4.33,2.56
5.13,4.52,3.23
5.43,4.58,3.30
5.55,4.46,3.17
5.74,4.52,2.99
5.98,4.52,3.11
5.98,4.52,3.48
5.86,4.64,3.72
5.98,5.00,4.27
6.41,4.88,5.31
7.87,5.43,9.28
8.24,6.47,21.36
8.12,6.96,30.88
9.03,6.47,31.56
8.61,5.98,28.87
7.08,11.90,25.15
7.87,17.64,35.28
10.50,19.59,44.98
9.52,19.53,54.75
14.89,23.74,59.02
20.51,24.90,70.19
21.18,23.07,71.35
24.54,21.79,75.74
26.98,25.88,89.84
26.61,26.00,106.26
30.88,22.95,118.65
32.59,21.00,121.28
37.66,20.63,121.83
36.13,23.19,122.31
33.26,24.23,120.85
32.96,28.81,120.91
31.92,28.20,122.62
28.44,33.81,125.37
28.99,36.56,132.63
28.14,18.80,137.51
21.30,16.48,122.01
24.41,17.03,107.06
22.22,16.05,102.84
17.76,16.11,105.16
12.88,16.17,108.22
9.77,12.08,103.15
15.75,9.64,101.14
8.42,9.52,102.78
9.58,4.15,99.61
9.58,1.28,100.04
8.12,1.89,94.85
8.67,0.06,90.27
11.11,-4.76,81.97
8.97,-7.14,79.47
2.44,-16.36,82.95
2.44,-19.17,90.94
4.94,-17.03,87.40
12.39,-15.38,86.30
10.50,-14.34,80.81
7.32,-11.96,63.11
10.13,-8.12,52.00
7.81,-8.48,52.43
6.10,-8.12,56.46
2.26,-7.20,48.95
3.23,-3.54,45.53
0.55,0.12,33.39
4.27,-1.04,42.42
1.40,-2.56,44.98
1.77,-4.46,41.20
0.79,-5.86,29.85
2.38,-4.09,29.05
-1.95,-6.10,24.54
0.73,-4.64,21.73
-0.55,-4.21,26.98
-1.10,-2.56,13.98
0.85,0.61,13.12
0.31,-1.65,27.65
-1.22,-3.48,32.17
-0.31,-3.54,24.66
2.08,-4.94,11.35
1.46,-3.36,5.25
0.85,-1.34,3.72
1.46,0.79,2.62
1.83,2.50,1.34
1.46,2.87,0.92
0.37,2.87,1.10
-0.49,2.26,1.46
-0.49,1.83,1.89
0.18,1.10,1.89
0.24,0.43,1.53
0.85,0.00,1.83
1.83,-0.12,2.26
2.14,-0.12,2.56
1.89,-0.24,1.77
1.77,-0.31,0.55
1.77,-0.06,-0.06
1.40,0.55,-0.24
0.67,0.92,-0.18
0.67,1.28,0.43
1.16,1.53,1.10
2.01,1.65,1.65
2.50,1.10,1.83
2.87,0.92,2.01
3.97,0.85,2.32
5.07,0.67,2.87
5.68,1.10,2.87
6.41,1.65,1.65
7.02,1.34,0.92
7.14,0.79,0.67
6.53,0.55,0.73
6.16,1.04,0.43
5.68,1.53,0.55
4.64,2.01,0.43
3.60,2.75,0.55
3.17,3.30,0.67
3.30,3.66,1.16
2.93,3.78,1.28
2.20,3.17,0.79
2.32,2.50,0.24
2.50,1.83,0.55
2.69,1.34,1.10
2.69,0.61,1.28
2.50,0.43,1.34
2.38,0.49,1.71
2.32,0.73,1.95
2.44,0.92,2.08
2.44,0.92,1.71
1.83,0.79,1.46
1.83,0.73,0.92
1.65,1.16,0.61
1.71,1.34,0.67
1.83,1.71,0.67
1.95,1.34,0.18
2.08,0.92,-0.06
2.26,0.18,-0.06
2.62,-0.18,-0.31
2.87,-0.06,-0.73
2.99,0.12,-0.79
3.48,0.37,-1.04
3.85,0.55,-1.34
4.33,0.67,-1.53
4.76,0.37,-1.46
4.70,0.31,-1.71
3.78,0.12,-2.62
2.87,0.55,-3.42
2.26,1.65,-3.48
1.83,2.50,-3.23
0.92,2.75,-3.36
-0.12,2.69,-3.54
-0.43,2.62,-3.66
0.31,3.05,-3.60
0.98,3.30,-2.93
2.01,2.93,-2.08
2.56,2.08,-1.04
2.62,1.16,-0.24
3.17,0.55,0.12
3.85,0.06,0.73
4.46,0.12,1.34
4.09,-0.18,1.71
3.97,-0.12,1.89















-,-,-
1.83,1.16,1.77
1.95,0.98,1.77
1.53,0.79,2.08
1.83,0.18,1.83
3.97,2.44,1.40
1.71,0.98,2.26
0.55,-0.98,3.17
2.01,-0.31,3.30
3.91,1.77,4.33
2.14,2.32,10.80
2.08,5.13,18.01
5.92,8.61,16.72
6.10,5.68,14.34
5.92,4.39,12.70
6.10,4.64,18.07
6.65,5.74,13.18
4.94,2.87,9.89
2.87,-0.49,10.99
4.03,1.65,8.79
3.11,0.24,6.65
2.69,0.73,5.19
0.98,0.00,5.43
2.32,1.34,4.58
1.10,-0.43,4.58
-0.31,-2.08,5.00
1.71,-0.43,4.58
3.42,0.31,3.72
3.17,-2.14,3.11
1.28,-4.33,3.66
2.20,-2.50,3.72
2.56,-1.83,4.27
3.97,0.37,6.47
3.42,2.26,16.91
3.36,4.94,33.08
1.65,5.07,41.26
4.70,10.07,44.49
12.08,11.05,44.68
10.01,5.07,53.16
10.07,2.50,55.24
11.29,-3.05,55.97
12.63,3.11,47.67
13.79,3.85,38.21
12.57,2.32,32.47
8.79,5.13,35.34
6.23,6.53,42.85
2.08,12.51,49.74
-2.20,15.44,54.57
-3.36,14.83,57.07
-3.60,12.21,61.28
-0.79,7.51,59.08
0.67,9.03,47.91
5.49,8.67,33.33
8.12,5.98,33.08
6.23,6.35,35.71
6.71,5.98,32.84
7.69,7.20,34.18
5.37,10.01,45.29
2.32,11.17,48.58
4.27,10.99,45.59
4.27,8.54,47.42
4.88,13.55,55.97
2.32,14.34,65.19
4.70,12.88,61.52
8.42,12.70,58.59
6.90,14.59,60.91
7.26,12.57,67.87
5.68,15.75,77.33
4.82,19.78,86.43
7.20,17.58,92.53
6.04,17.64,100.34
6.84,19.59,103.82
10.80,12.63,100.77
13.55,13.49,101.07
12.88,12.15,98.14
13.85,14.04,101.07
13.92,18.98,100.40
9.40,16.48,102.60
12.88,15.20,98.33
7.75,13.55,105.16
7.20,9.46,93.93
9.22,3.97,87.10
9.89,2.14,80.20
8.18,2.14,76.66
7.81,1.95,71.04
12.15,1.34,63.42
10.99,-1.22,62.93
10.19,-1.40,63.84
5.55,0.24,60.18
6.77,-1.95,45.96
5.55,-3.85,45.04
7.08,-1.71,49.80
3.11,-2.56,46.33
7.08,-2.14,44.80
6.84,-4.09,50.29
6.84,-2.01,51.33
5.80,-4.76,46.51
7.63,-5.86,36.74
3.85,-3.23,26.98
6.53,-3.05,19.41
10.62,-3.05,38.33
4.82,-2.87,46.88
4.33,-3.85,35.16
6.04,-4.88,27.65
3.42,-5.92,17.09
2.87,-2.81,12.15
2.93,0.00,5.25
3.48,1.65,-1.16
3.91,2.93,-3.60
3.36,3.66,-3.36
2.08,3.60,-2.62
1.28,2.99,-1.53
1.10,2.08,-1.46
0.06,1.10,-1.16
-0.37,0.31,-0.67
0.85,-0.85,5.55
0.43,-2.26,22.16
-2.32,-2.14,20.69
2.56,-2.75,16.97
3.17,-0.73,24.11
1.16,-2.56,27.34
-0.49,-3.23,20.45
2.14,-2.01,6.23
3.17,-1.22,6.90
2.32,-0.55,11.84
0.55,1.34,6.53
1.65,2.20,0.31
0.92,2.56,0.18
-1.28,2.50,1.89
-1.95,1.89,1.89
-1.53,1.59,1.16
-0.85,1.53,1.46
0.31,1.53,1.71
0.98,1.40,1.28
1.40,1.22,1.40
1.71,0.98,1.65
1.89,0.79,1.46
1.77,0.49,1.28
1.65,0.37,1.16
0.98,0.00,0.67
0.24,-0.43,-0.18
-0.37,-0.79,-0.85
-0.37,-0.49,-1.10
-0.24,0.31,-1.22
-0.61,0.79,-1.34
-0.49,1.34,-1.28
-0.24,1.77,-0.67
-0.06,1.89,-0.43
-0.43,1.65,-0.49
-0.49,1.46,-0.43
0.00,1.65,0.31
0.24,1.83,1.04
0.06,1.77,1.46
0.31,1.77,1.53
1.16,1.77,1.53
1.95,1.46,1.16
2.50,1.22,1.16
2.99,1.04,0.98
3.30,0.67,0.92
3.42,0.61,1.16
2.75,0.85,1.16
2.26,0.85,0.67
2.08,0.79,0.37
1.89,1.04,0.37
1.95,1.46,0.12
1.89,1.83,0.06
1.65,1.71,0.31
1.77,1.95,0.37
1.71,1.95,0.67
2.08,2.14,1.10
2.56,2.32,1.46
2.93,2.14,1.71
3.23,1.89,1.77
3.48,1.46,1.71
2.81,1.28,1.34
1.83,1.16,0.79
1.16,1.28,0.55
1.28,1.77,0.55
1.28,2.32,1.16
1.83,2.56,1.59
2.44,2.50,2.08















-,-,-
2.99,-2.50,-4.15
2.81,-2.50,-4.52
2.44,-2.50,-4.52
2.75,-2.38,-4.27
3.11,-1.53,-3.48
2.56,-2.50,-2.20
2.01,-3.23,-1.22
1.40,-3.17,-0.06
2.75,-2.14,-0.06
2.26,-3.72,0.37
2.56,-3.97,0.67
3.48,-4.15,0.12
2.62,-5.86,0.61
3.60,-5.25,0.73
3.72,-5.74,1.34
3.30,-4.21,1.16
2.99,-2.32,-0.06
4.52,1.04,0.49
5.92,3.48,1.89
4.27,2.56,3.91
6.16,4.82,4.03
4.76,3.54,4.21
5.74,5.25,4.15
4.27,1.89,4.21
4.76,1.22,4.09
3.17,0.12,4.21
3.72,0.92,3.48
2.99,-1.10,3.05
3.60,-1.10,2.75
3.30,-2.08,2.93
2.50,-3.11,3.36
3.85,-1.71,2.93
1.22,-2.75,3.23
0.55,-2.38,2.81
0.43,-2.26,2.50
-0.49,-2.81,2.56
-1.04,-2.87,2.20
-1.71,-3.17,2.20
-2.93,-3.72,2.14
-3.54,-3.66,2.08
-4.15,-4.03,3.17
-5.13,-3.30,8.42
-7.26,0.55,18.68
-8.48,6.59,32.35
-5.86,10.07,39.37
-4.09,12.70,47.06
-1.77,18.62,49.32
0.18,26.37,55.73
1.77,27.71,66.10
1.71,28.20,79.16
2.81,30.94,86.91
3.54,37.11,92.22
3.05,39.55,97.60
2.44,44.19,104.25
1.34,48.40,114.50
-0.37,48.22,126.77
1.10,47.49,130.86
2.87,45.41,125.18
3.85,40.71,114.99
2.50,31.25,103.70
1.95,25.82,98.75
-0.73,23.32,106.26
-5.31,19.84,113.28
-7.14,22.83,112.55
-8.48,20.14,110.41
-14.47,17.94,98.14
-13.55,12.70,84.29
-13.18,13.79,82.03
-13.73,13.43,84.47
-13.79,14.53,82.21
-15.56,9.22,68.42
-11.54,4.82,66.22
-14.59,8.24,72.57
-15.32,7.45,56.52
-14.40,12.02,60.42
-13.85,11.84,79.83
-11.05,6.35,95.09
-10.86,0.18,82.76
-12.21,2.93,59.75
-13.37,-0.67,46.57
-11.96,-2.81,39.49
-12.39,1.22,40.47
-12.15,1.22,48.16
-15.38,1.59,38.15
-13.06,3.30,24.72
-12.33,1.83,26.00
-13.98,3.85,30.82
-12.33,3.78,28.63
-11.90,1.83,24.90
-10.93,-0.49,19.17
-10.38,2.44,20.39
-10.80,4.33,16.78
-7.57,3.97,15.56
-6.90,2.69,19.71
-4.09,-0.85,8.97
-3.30,1.34,7.87
-2.20,1.77,2.56
0.00,2.01,-0.31
1.77,1.77,-0.85
2.14,1.28,-0.55
1.40,0.49,-0.37
-0.73,-0.55,-1.04
-3.05,-1.28,-1.16
-3.66,-0.98,-0.79
-3.48,-0.24,0.00
-3.72,0.73,0.79
-4.33,0.79,0.98
-4.58,0.55,1.40
-4.58,0.85,3.30
-3.05,6.23,15.93
-5.31,12.76,47.49
-7.20,4.82,49.80
-4.88,-4.88,29.05
-5.00,-4.76,9.64
-5.49,-2.93,5.98
-4.09,-2.75,9.58
-1.10,-2.93,9.77
1.28,0.24,5.19
2.44,2.26,1.65
2.20,2.32,0.49
-0.18,1.83,0.67
-2.56,1.71,2.44
-3.54,2.08,7.69
-3.66,4.64,20.14
-5.31,3.60,23.93
-0.61,0.37,11.78
1.53,1.34,7.08
2.14,1.65,5.37
2.50,1.16,2.32
2.32,0.98,0.49
2.99,1.34,0.55
4.03,2.01,0.73
4.15,1.71,0.06
4.58,1.46,0.18
5.31,1.53,0.85
4.94,0.85,0.85
4.39,0.24,0.49
4.39,0.12,0.73
4.94,0.61,1.16
5.74,1.22,1.22
6.23,1.46,1.16
6.84,1.59,1.46
7.87,1.95,2.20
8.54,2.38,2.87
8.91,2.14,3.36
9.77,2.32,3.36
10.07,2.32,3.60
9.34,2.14,3.30
8.06,1.59,2.20
6.59,0.85,1.16
5.49,0.49,0.49
4.27,0.55,-0.18
2.93,0.43,-0.73
1.83,0.18,-1.10
1.22,0.31,-1.46
1.22,0.55,-1.34
1.16,0.61,-1.16
1.04,0.43,-1.10
1.22,0.73,-0.85
1.46,1.10,-0.55
1.40,1.16,-0.24
1.04,0.92,-0.18
0.49,0.73,-0.37
0.67,0.61,-0.12
1.10,0.73,0.31
1.71,0.92,0.61
2.08,0.73,0.73
2.32,0.61,0.43
2.56,0.37,0.06
2.75,0.24,-0.43
3.23,0.24,-0.55
4.09,0.49,-0.85
5.13,0.79,-1.10
6.16,1.04,-1.28
7.45,1.16,-1.22
7.69,1.10,-1.22
7.87,1.34,-1.22
8.12,1.46,-1.04
7.08,1.34,-0.98
5.86,1.22,-2.08















-,-,-
1.46,0.79,1.28
1.53,0.73,1.34
2.20,1.59,1.40
2.38,1.28,1.10
-0.31,-1.28,2.08
-0.12,-0.98,2.20
1.59,1.16,1.89
1.95,1.46,1.65
3.05,1.46,1.16
0.85,-1.28,1.59
0.31,-0.98,1.89
2.08,1.59,1.53
3.66,3.05,0.98
1.89,0.79,1.28
1.46,1.16,1.65
2.01,0.73,0.92
0.55,-0.31,1.71
2.08,1.34,1.28
0.98,0.18,1.65
2.01,0.37,0.98
0.92,-0.73,1.46
2.20,0.12,0.79
1.46,-0.18,1.22
3.36,1.04,0.55
0.61,-1.40,1.34
0.61,-0.24,1.71
2.44,2.14,1.22
3.54,1.34,0.67
1.34,-0.55,1.59
3.91,1.95,1.16
3.54,0.37,1.04
0.67,-2.14,2.01
-0.12,-2.62,2.99
0.73,-1.22,3.66
1.95,-0.24,5.43
2.62,1.40,16.48
3.54,13.31,41.56
4.52,21.55,62.13
5.37,25.33,76.90
3.17,26.18,89.84
-0.12,32.23,98.02
3.97,36.32,102.97
4.88,41.75,112.37
6.84,42.79,118.59
7.26,38.09,123.66
6.41,35.10,121.83
6.10,35.22,114.75
6.65,31.31,109.92
1.65,24.54,107.18
-0.85,17.82,101.32
-0.61,15.01,97.23
-3.30,8.67,91.49
-4.76,11.78,84.59
-5.19,13.06,83.98
-10.50,11.17,87.34
-15.63,8.24,76.60
-11.41,8.79,72.39
-13.49,11.41,74.16
-10.68,9.64,79.22
-10.80,7.39,80.44
-8.24,5.86,74.83
-7.93,1.77,64.27
-5.49,-1.89,70.50
-14.83,-1.65,62.87
-9.34,-2.81,52.73
-11.41,5.74,53.96
-11.96,3.66,58.29
-8.67,0.49,61.65
-8.18,-5.68,60.61
-8.06,-4.82,53.77
-6.53,-2.20,51.15
-5.86,-1.46,51.09
-7.08,-4.09,51.03
-6.10,-5.74,51.03
-5.37,-4.70,54.20
-8.61,-5.13,49.44
-6.47,-2.38,42.36
-7.75,-1.89,41.14
-7.51,-0.06,40.04
-6.47,-1.46,39.86
-6.59,0.73,35.83
-3.23,3.23,33.33
-1.71,-2.38,42.54
-6.84,-4.58,34.48
-6.29,-1.16,14.47
-6.71,0.92,12.76
-6.29,3.17,30.46
-10.13,1.40,36.99
-7.14,-1.40,30.27
-8.42,-3.66,24.23
-6.53,-4.58,13.49
-3.30,-4.58,13.98
-2.14,-3.85,10.25
-1.59,-0.18,8.54
-2.62,1.53,4.09
-2.87,0.85,0.49
-3.78,0.24,-0.73
-4.39,0.00,0.24
-4.39,-0.24,1.89
-4.15,-0.43,4.09
-1.83,-0.06,12.76
-1.28,-2.01,31.74
-5.49,-7.57,34.61
-2.62,-6.96,14.04
-0.85,-5.19,1.59
0.55,-3.36,2.20
3.72,0.73,11.90
1.10,0.12,11.41
4.27,-1.83,-0.24
4.03,-1.40,-2.44
2.87,-0.85,-0.31
2.69,0.12,0.55
0.73,0.43,0.31
-1.28,0.12,0.37
-1.40,-0.06,0.73
-0.12,0.06,1.34
1.16,0.73,2.32
1.89,1.22,3.23
2.01,1.46,3.23
1.71,0.79,2.69
1.16,0.43,2.08
0.55,0.37,1.59
0.49,0.43,1.28
0.31,0.37,1.10
-0.24,0.31,0.67
-0.85,0.06,0.37
-0.79,0.12,0.24
-0.18,0.61,0.24
0.37,0.67,0.37
1.04,0.73,0.31
1.83,0.73,0.24
2.56,0.49,0.06
3.05,0.18,-0.18
2.62,-0.37,-0.55
2.01,-0.43,-0.79
1.71,-0.18,-0.85
1.77,0.37,-0.49
1.77,0.55,-0.31
1.65,0.55,-0.37
1.89,0.55,-0.43
2.20,0.73,-0.24
2.32,0.73,-0.06
2.50,0.92,-0.12
2.38,0.73,-0.55
1.83,0.49,-0.85
1.89,0.55,-1.04
2.26,0.79,-1.10
2.81,1.16,-0.73
3.23,1.53,-0.31
4.15,1.53,-0.12
4.64,1.10,0.37
4.64,1.10,0.67
4.58,0.79,0.73
4.52,0.73,0.85
4.52,0.61,0.61
5.07,1.16,0.31
5.19,1.28,0.12
5.13,1.10,-0.18
5.00,0.92,-0.73
5.00,0.79,-1.28
4.94,0.79,-1.40
4.33,1.10,-1.34
4.27,1.28,-1.53
4.03,1.28,-1.16
4.21,1.71,-0.43
4.52,1.83,-0.12
4.70,1.77,0.18
4.27,0.98,0.79
4.94,1.59,0.67
4.82,1.34,0.55
4.46,1.04,0.73
4.39,1.53,0.67
3.78,1.71,0.98
2.93,1.46,1.46
4.21,3.05,1.53
4.33,3.17,2.26
5.13,4.03,2.81
4.15,2.99,3.54
4.58,3.85,3.66
3.42,3.17,3.66















-,-,-
1.16,0.85,2.69
1.28,1.59,3.78
0.85,3.60,9.34
1.04,8.61,24.17
0.37,13.55,33.57
3.30,9.77,32.04
3.11,8.91,20.26
5.13,7.69,13.61
4.88,5.98,15.26
4.94,7.57,20.26
4.46,9.58,29.72
4.03,10.25,26.37
6.04,8.24,24.54
3.36,10.19,28.32
4.46,8.54,27.65
6.04,5.43,34.36
2.69,9.34,36.62
6.29,8.18,27.04
6.29,7.02,27.95
3.54,6.16,35.95
4.33,5.74,34.97
3.42,4.88,31.25
3.05,6.10,18.74
4.39,5.07,22.64
1.10,7.57,25.51
1.77,8.67,32.17
-0.06,9.70,37.84
-0.61,11.60,35.16
0.24,8.85,28.75
1.71,9.22,36.32
-2.93,11.84,47.00
0.73,10.99,42.11
1.22,12.82,49.56
-1.22,9.83,49.32
1.22,9.28,47.42
-0.85,11.54,50.78
-1.04,15.63,51.94
-1.22,15.08,60.36
-3.05,19.65,67.08
-1.53,12.21,71.17
-4.94,9.34,64.03
-2.75,10.01,38.82
1.71,12.02,44.19
-6.41,11.05,58.59
-4.82,8.54,68.97
-6.23,14.28,69.09
-2.99,16.60,61.95
-5.92,12.70,62.99
-4.09,15.32,66.65
-4.58,12.63,77.39
-6.29,7.26,74.77
-2.75,1.34,68.18
-2.87,-0.12,59.39
-2.50,-1.04,46.94
-3.72,1.59,44.74
-3.30,1.28,42.97
-3.36,1.04,51.57
-5.31,0.67,55.05
-3.66,7.75,50.66
-4.58,5.62,49.07
-6.90,-0.31,43.33
-3.91,-1.16,39.31
-2.93,0.85,39.37
-2.99,0.55,36.32
-2.44,-1.89,37.78
-2.38,-1.16,39.06
-0.61,1.53,43.03
-2.99,2.56,44.80
-3.23,-0.85,34.18
-2.56,-0.73,26.31
-2.93,-0.92,31.80
-5.98,-2.56,34.55
-2.38,-0.73,26.98
-2.75,2.56,28.26
-4.64,0.92,20.63
-1.77,-1.46,16.36
-2.32,-0.67,23.62
-5.92,1.04,29.54
-5.00,0.00,20.51
-2.26,2.93,26.49
-6.96,0.98,32.53
-6.90,-1.22,21.55
-3.30,0.55,15.81
-4.39,4.33,28.44
-5.25,1.46,37.23
-4.27,-3.23,20.51
-0.67,-2.69,4.21
-2.93,-0.92,4.39
-3.17,0.31,3.72
-1.22,3.23,10.19
-5.13,4.15,16.97
-3.11,0.31,12.21
-2.44,1.71,19.29
-4.70,-0.12,21.36
-3.97,-1.83,22.28
-2.99,-2.62,17.15
-3.54,-2.26,18.49
-2.20,-0.92,17.52
-2.87,-0.55,22.09
-2.87,-0.24,22.89
-3.78,-1.59,24.29
-3.42,-5.74,20.26
-3.91,-3.48,20.14
-6.23,-0.67,24.17
-5.80,-1.34,25.82
-4.76,-5.80,24.11
-3.11,-6.10,25.02
-7.02,-2.14,22.77
-6.96,0.12,18.74
-6.47,-0.61,21.97
-7.26,-2.14,25.51
-7.69,-5.00,22.46
-5.86,-2.50,17.46
-5.98,0.24,22.71
-6.47,0.61,27.22
-4.39,-1.28,24.66
-9.40,-1.28,22.09
-9.28,-0.12,21.42
-8.42,1.71,20.08
-8.61,2.56,20.57
-9.03,0.18,16.97
-4.58,-0.61,12.51
-4.64,-0.79,12.39
-4.15,-2.26,10.44
-2.20,-4.15,8.73
-2.50,-3.91,8.85
-1.34,-2.32,3.05
0.37,-1.46,-0.37
1.10,-0.18,-0.73
1.28,1.34,-0.12
0.92,1.28,-0.24
-0.31,0.61,-0.49
-1.10,0.00,0.24
-1.53,-0.43,1.10
-1.83,-0.67,1.77
-1.83,-0.73,2.56
-0.67,-0.61,3.05
0.37,-0.31,2.87
0.61,-0.18,2.20
0.98,0.00,1.34
1.04,0.49,0.67
1.16,0.73,-0.55
0.85,0.92,-1.34
0.43,0.98,-1.59
-0.55,0.85,-2.20
-1.89,-0.12,-1.95
-2.01,-0.24,-1.77
-2.26,0.06,-1.34
-1.46,0.43,-0.92
-0.37,1.04,-0.67
0.43,1.71,-0.31
1.40,1.89,-0.12
1.89,1.77,0.06
2.38,1.40,0.06
2.75,1.28,0.43
3.05,1.46,0.85
3.23,1.22,0.79
3.11,1.10,0.55
3.30,1.10,0.31
3.36,0.79,-0.06
3.36,1.10,-0.31
3.42,0.92,-0.61
3.48,0.92,-0.61
3.78,0.79,-0.73
4.15,0.43,-0.73
4.15,0.00,-0.98
4.03,-0.12,-1.16
3.97,-0.12,-1.10
3.60,-0.24,-0.98
3.42,-0.12,-0.98
2.93,0.12,-1.10
3.17,0.67,-1.59
3.17,0.92,-1.77
3.30,1.40,-2.20
2.50,1.10,-2.44
2.01,1.59,-2.93
2.01,2.01,-3.05
2.75,2.44,-3.11
2.87,2.20,-3.17
2.99,1.89,-3.36















-,-,-
-0.49,1.77,12.08
-0.24,5.92,26.00
-0.79,4.46,23.38
3.42,6.71,15.93
4.21,7.75,13.67
3.54,6.77,17.52
2.14,8.97,20.51
3.17,5.62,17.88
1.22,3.66,12.02
1.34,2.08,6.90
-0.06,1.53,14.65
-2.62,6.71,27.34
-2.38,11.05,29.60
0.00,7.02,20.14
1.16,2.99,15.08
0.79,2.87,19.47
-0.31,6.16,27.34
1.22,5.86,22.52
1.83,4.09,14.10
3.17,3.78,13.18
0.61,6.59,27.59
-2.50,7.93,30.03
-0.85,7.51,22.28
-0.49,8.30,21.67
-1.22,6.10,19.96
0.98,6.59,22.46
-1.16,6.53,30.33
0.37,8.18,30.52
0.55,8.30,29.60
2.14,8.12,19.65
1.83,5.74,10.25
2.50,4.88,14.16
-2.69,5.62,28.26
-2.69,7.81,39.31
-6.47,12.08,50.96
-7.20,11.66,47.73
-6.65,11.47,46.51
-5.74,15.08,51.03
-7.63,18.13,70.37
-11.35,21.48,75.26
-5.49,22.09,78.55
-6.96,19.04,72.81
-5.00,15.63,55.66
-1.83,13.85,43.52
-2.14,12.21,59.69
-9.34,15.75,79.65
-10.25,20.20,87.52
-8.91,19.53,89.29
-10.01,15.81,87.40
-9.28,13.31,78.19
-4.70,22.64,77.94
-6.71,10.31,75.87
-6.10,1.53,65.19
-2.87,4.88,57.86
-6.65,5.68,53.41
-4.15,7.20,50.78
-5.07,5.55,54.75
-6.71,2.75,54.38
-9.16,3.72,57.37
-8.85,4.39,64.15
-10.99,4.46,57.80
-8.24,1.22,41.56
-5.80,-0.24,41.63
-8.24,-1.22,48.22
-8.79,-1.46,42.18
-9.03,-1.16,29.72
-9.22,3.48,26.86
-7.93,7.08,32.96
-6.16,0.79,47.67
-3.54,-3.36,51.51
-13.18,-0.73,35.64
-10.86,-5.19,1.59
-9.03,-2.87,-3.54
-9.16,3.60,11.90
-10.13,9.83,29.91
-9.09,8.79,34.36
-10.31,6.35,38.82
-12.02,2.87,29.79
-7.75,3.11,27.83
-9.22,-0.79,34.24
-10.19,-0.67,30.82
-7.08,2.75,27.16
-9.40,4.82,31.37
-8.06,2.50,29.30
-11.11,0.12,19.29
-6.41,1.59,18.01
-5.31,3.54,32.04
-10.38,1.04,28.63
-4.21,4.21,21.85
-5.55,3.85,30.82
-6.71,-0.37,28.99
-2.99,-1.34,26.43
-5.62,-0.37,27.47
-4.70,0.37,30.58
-5.68,0.12,30.09
-6.71,-0.18,19.90
-3.97,-1.53,17.70
-0.61,0.61,22.89
-2.26,3.23,28.08
-0.18,-1.83,24.78
-0.24,-3.66,15.63
1.65,-1.16,17.88
2.62,-1.22,30.33
-2.14,-0.43,24.90
-0.18,1.53,15.01
-1.10,1.89,18.43
0.00,-1.65,17.52
0.43,-2.93,18.07
-0.24,-0.55,21.24
-1.10,-0.55,20.26
-0.31,-2.32,19.10
-0.92,-1.77,17.52
1.53,-1.34,21.36
0.49,-0.12,23.32
1.04,0.37,15.81
-0.85,-0.85,5.31
-1.77,-1.46,0.61
-1.83,-0.92,0.37
-1.83,-0.61,0.43
-2.01,-0.43,0.85
-2.01,-0.18,1.28
-1.22,-0.67,1.04
-0.55,-0.73,0.92
0.79,-0.73,1.10
1.65,-0.61,0.79
2.08,-0.61,0.43
1.77,-0.49,-0.37
0.85,-0.92,-1.40
-0.12,-1.28,-2.56
-1.28,-1.16,-2.62
-1.89,-0.61,-2.62
-2.26,0.00,-2.32
-1.83,0.79,-1.71
-1.71,0.98,-1.22
-1.89,0.92,-1.22
-1.77,0.79,-1.95
-1.10,0.67,-2.01
-0.49,1.10,-0.85
0.55,1.28,-0.31
0.85,0.79,0.24
0.55,0.24,0.73
0.06,0.00,0.92
-0.18,0.06,0.85
-0.31,0.43,0.85
0.24,1.34,0.79
0.31,2.08,0.92
-0.12,1.83,0.92
-0.43,1.65,0.92
-1.83,1.10,1.22
-0.73,0.61,1.53
-0.24,0.67,1.34
0.31,0.79,1.10
1.16,0.73,0.67
2.38,0.55,-0.37
3.11,0.98,-0.67
4.21,1.28,-0.79
4.82,1.28,-0.85
5.19,0.85,-0.73
5.80,0.67,-0.37
6.90,0.73,-0.37
8.24,0.61,-0.06
8.91,0.12,0.31
8.85,-0.24,0.31
7.93,-0.43,-0.24
6.71,-0.43,-0.67
5.74,0.06,-1.10
5.19,0.61,-1.40
4.76,1.28,-1.59
4.52,1.71,-1.71
4.52,1.59,-2.08
4.27,1.34,-2.14
3.97,1.28,-2.08
3.66,0.98,-2.01
3.23,0.67,-1.65
2.93,0.55,-1.46
2.87,0.18,-1.40
2.50,-0.12,-1.34
2.20,-0.24,-1.83
2.01,-0.37,-2.26
1.89,-0.67,-2.20















-,-,-
8.73,22.34,85.45
7.81,19.71,76.60
5.49,11.11,70.98
4.58,5.86,66.35
1.95,7.14,57.31
2.01,7.39,49.80
1.46,3.17,41.08
1.65,0.61,38.02
0.37,0.55,29.05
1.16,4.70,19.96
1.77,4.15,16.78
1.04,1.16,19.04
-0.37,1.59,13.00
2.26,1.22,3.85
2.75,0.61,1.16
2.50,0.24,0.92
3.11,0.00,0.61
3.11,-0.24,0.06
2.38,-0.49,-0.37
1.95,-0.85,-0.49
1.65,-0.98,-0.49
1.65,-0.85,-0.24
1.65,-0.85,0.06
1.46,-0.85,0.06
1.28,-0.67,0.49
1.28,-0.31,0.85
1.40,0.12,1.16
1.53,0.55,1.10
1.28,1.28,1.10
1.04,1.46,1.28
0.85,1.34,1.77
1.28,1.46,2.08
1.40,1.53,2.14
1.40,1.40,2.08
1.65,1.34,1.95
1.53,1.28,1.59
1.40,0.98,1.04
0.79,0.61,0.85
0.61,0.24,0.73
0.73,0.12,0.73
0.92,0.24,0.85
0.98,0.43,0.85
1.16,0.61,0.43
1.34,0.55,0.00
1.34,0.49,0.18
1.77,0.67,0.55
2.26,1.04,0.98
2.32,1.16,1.04
2.01,0.79,0.79
1.71,0.37,0.79
1.04,0.18,1.16
0.92,0.06,1.40
0.98,0.37,1.59
1.16,0.67,1.71
1.59,1.28,1.95
2.14,1.59,1.71
2.38,1.65,1.40
1.95,1.10,0.79
1.34,0.18,0.43
0.92,0.00,0.49
0.98,-0.06,0.49
1.04,-0.24,0.43
0.98,-0.37,0.37
1.28,-0.43,-0.18
1.16,-0.49,-0.55
0.67,-0.85,-0.55
0.37,-0.92,-0.61
-0.31,-0.92,-0.61
-0.73,-0.67,-0.31
-0.73,-0.73,-0.55
-0.55,-0.31,-0.31
-0.31,0.37,0.06
0.37,0.73,0.06
0.37,0.43,-0.12
0.12,-0.12,0.06
-0.55,-0.73,-0.18
-1.10,-1.40,-0.24
-1.53,-1.59,0.43
-1.89,-1.22,3.05
-1.77,0.85,8.97
-2.81,7.39,26.92
-4.09,14.59,41.32
-2.56,11.29,45.90
-2.75,2.93,39.73
-0.06,-0.18,31.31
0.49,0.85,23.56
0.67,4.03,21.24
1.77,4.70,27.95
-0.61,1.77,29.97
1.95,1.53,31.68
2.56,5.86,41.38
-1.65,8.61,44.43
2.50,8.30,44.68
0.31,8.97,52.92
2.93,8.18,54.14
-0.98,4.64,56.03
1.77,5.68,47.49
2.44,6.96,45.90
3.48,8.61,54.32
0.37,7.02,59.14
2.99,4.76,46.57
4.70,1.40,34.06
4.82,2.93,41.69
0.18,11.29,57.43
-1.22,6.90,57.80
-4.27,4.94,53.22
-3.36,2.20,51.09
-0.79,-0.37,47.06
0.43,1.46,45.90
-1.46,5.37,46.51
-0.85,4.76,46.75
-0.61,-0.61,52.00
-2.56,-0.92,45.90
-2.20,-1.65,42.05
-2.32,2.69,35.77
-4.39,3.42,29.97
-3.30,-0.73,31.31
-3.78,-0.31,40.22
-3.72,0.43,43.27
-1.04,2.14,42.60
-0.92,0.31,34.00
2.08,-1.04,28.99
3.23,0.73,36.99
0.98,1.34,41.50
-0.67,-1.04,31.80
0.31,-1.59,23.80
-0.49,2.32,25.33
0.73,3.85,37.05
-0.85,-0.37,39.43
2.62,-4.46,41.99
2.08,-1.71,38.27
4.15,-3.30,26.12
5.55,-2.50,15.99
3.66,0.92,12.63
4.33,4.27,15.63
3.05,2.50,16.60
4.21,-0.85,17.64
3.11,-1.40,18.19
2.81,-1.16,17.21
4.03,0.06,20.51
2.20,-0.31,21.18
0.85,-1.46,11.54
2.08,-0.37,7.14
0.92,0.67,10.80
-0.37,0.79,12.39
-0.24,0.37,9.64
-0.12,0.31,5.31
0.18,1.04,2.81
0.06,1.46,2.32
-0.49,1.28,2.20
-0.98,1.10,2.14
-0.92,0.98,2.44
-1.16,0.85,2.75
-1.59,0.55,3.17
-0.18,0.73,6.47
3.17,0.43,20.14
1.16,-1.53,30.52
4.76,-1.95,32.90
2.32,-4.58,29.48
4.03,-4.21,20.69
2.87,-0.85,19.23
2.50,-0.55,11.35
3.36,0.79,4.03
2.75,2.08,0.85
2.75,2.32,-0.18
2.81,2.08,0.12
2.93,1.53,0.67
3.05,0.79,1.22
3.72,0.24,1.40
4.76,0.00,1.22
5.62,0.24,0.85
5.86,0.67,0.37
5.25,1.10,-0.85
4.39,1.46,-2.14
3.05,2.08,-3.23
1.16,3.05,-4.09
0.61,4.52,-5.37
-0.06,5.98,-7.02
-0.49,7.26,-9.03
-1.28,8.06,-11.23















-,-,-
1.95,1.59,2.01
2.44,1.28,2.01
2.75,1.83,1.83
3.05,1.83,2.01
2.87,1.65,1.71
3.23,2.01,1.59
3.23,2.14,1.53
3.54,1.95,1.34
3.11,1.40,1.22
2.62,1.22,1.34
1.95,0.85,1.22
1.71,0.79,1.65
2.08,1.10,1.65
2.26,1.53,1.71
2.20,1.77,1.77
2.56,1.89,1.77
2.44,1.77,1.71
2.93,2.08,1.34
2.93,1.40,1.04
2.87,0.73,0.92
2.81,0.61,1.10
2.20,0.37,1.34
1.83,0.18,1.28
1.16,-0.12,1.16
1.22,0.61,1.10
1.04,0.61,1.16
1.22,0.61,1.16
1.28,0.67,1.34
1.34,0.49,1.28
1.40,0.18,1.28
1.95,0.85,1.10
2.20,1.16,1.04
2.01,1.28,0.98
1.95,0.98,0.98
2.01,0.85,1.04
2.14,0.61,0.85
2.26,0.37,0.61
2.26,0.31,0.37
2.01,0.06,0.00
2.08,-0.31,-0.49
2.01,-0.67,-0.79
2.01,-0.85,-1.28
2.44,-1.34,-1.89
1.22,-1.65,-2.62
1.95,-2.01,-3.42
1.22,-2.69,-4.27
1.40,-3.54,-4.58
0.73,-4.82,-4.76
-0.06,-6.29,-4.88
-1.65,-7.45,-5.00
-2.44,-7.81,-4.39
-3.36,-7.81,-3.17
-4.15,-6.47,-1.34
-2.87,-4.64,4.52
-1.34,-0.12,21.42
-1.59,5.92,34.61
2.93,8.91,29.91
4.15,13.00,25.02
6.35,13.55,23.86
8.42,9.95,30.46
4.76,10.86,37.54
5.74,11.35,32.59
8.61,10.80,35.77
4.15,14.40,46.20
1.95,18.86,58.65
-0.18,21.48,68.12
-2.75,23.99,70.25
-1.34,24.29,73.30
-1.22,24.35,78.37
-1.46,24.17,83.98
-2.32,21.55,90.15
-3.36,21.18,96.01
-1.65,20.08,101.01
1.10,21.24,103.58
-1.65,22.46,101.68
3.48,24.60,97.35
1.77,24.90,96.62
0.98,25.27,99.43
-2.87,26.18,101.07
-4.09,23.19,96.50
-4.46,13.49,98.94
-9.09,10.56,99.37
-8.61,15.50,88.50
-4.33,15.75,83.62
-5.68,17.03,81.42
-3.36,16.91,85.75
-7.08,9.22,90.09
-9.22,8.30,89.23
-5.55,10.93,88.68
-8.67,11.72,85.75
-10.38,7.93,64.45
-2.32,4.09,62.68
-7.02,8.00,72.57
-9.46,8.48,78.06
-10.50,7.63,75.44
-8.06,4.94,73.18
-8.73,5.19,84.72
-13.06,6.41,73.79
-7.39,2.99,55.73
-4.15,2.69,51.70
-4.88,5.80,60.55
-4.82,0.79,67.20
-7.14,-3.11,53.83
-4.33,1.53,50.72
-7.32,3.72,54.14
-11.11,3.36,55.97
-11.60,-2.26,51.64
-8.91,1.83,50.66
-7.32,-1.34,54.87
-9.16,-3.54,48.34
-7.69,-1.77,39.00
-6.10,-0.18,37.90
-8.48,1.40,36.93
-5.92,-1.16,43.46
-8.97,1.28,38.15
-8.79,0.00,36.07
-10.31,-1.46,37.05
-8.97,-2.62,29.72
-7.14,1.16,33.69
-9.52,-0.85,28.44
-5.62,0.79,24.78
-5.86,0.00,20.51
-3.91,0.79,13.18
-2.93,2.38,10.44
-0.73,1.77,8.30
-0.31,1.10,6.10
1.77,1.28,0.55
3.54,1.77,-1.22
3.11,1.77,-1.04
1.59,1.28,-1.04
0.79,1.04,-1.34
0.24,1.10,-0.85
0.00,1.53,-0.06
-0.79,1.34,0.12
-1.77,0.43,0.06
-2.20,0.43,-0.06
-1.65,0.79,0.31
-1.16,1.10,0.98
-0.98,1.16,0.92
-0.12,0.61,0.43
0.92,0.61,0.24
0.92,0.55,0.18
0.92,0.55,0.00
0.85,0.61,-0.37
0.98,0.73,-0.61
1.34,1.04,-0.43
1.77,1.04,0.18
2.87,1.22,0.79
3.36,1.28,1.40
3.72,0.67,1.46
3.23,-0.06,1.53
2.99,-0.49,1.40
3.05,-0.49,0.98
3.78,-0.06,0.79
3.66,-0.31,1.10
3.48,-0.49,1.34
3.54,-0.24,1.34
2.99,-0.24,1.83
2.87,-0.12,2.08
2.62,0.12,2.14
2.81,0.85,1.89
2.75,1.04,2.01
2.69,1.04,1.89
3.85,1.10,1.59
4.82,0.79,1.53
5.55,1.22,1.89
5.07,0.92,1.65
3.17,-1.16,0.79
2.81,-0.24,0.00
3.23,0.43,-0.37
2.32,0.73,0.37
2.81,0.85,0.79
2.50,1.40,1.71
5.13,2.56,1.71
3.48,-0.24,3.05
5.98,1.77,2.99
8.00,2.50,2.01
7.08,1.83,2.01
4.70,0.92,2.20
3.91,0.79,2.01
















-,-,-
5.43,-17.21,-7.93
6.35,-19.96,-2.38
6.29,-26.06,1.40
5.37,-33.69,2.69
-0.92,-39.18,0.98
-4.64,-39.55,1.83
-8.54,-39.31,1.22
-9.46,-38.82,-0.06
-9.16,-35.64,-2.20
-9.09,-30.40,-2.93
-8.24,-23.86,-1.53
-6.10,-16.54,-1.16
-2.50,-9.46,-1.95
1.53,-3.17,-3.60
4.03,3.48,-4.46
4.94,10.68,-4.15
5.86,16.05,-3.54
6.96,19.23,-3.36
7.51,21.79,-3.36
7.39,23.07,-2.69
7.08,23.44,-1.65
6.71,22.22,-0.31
6.29,20.45,1.28
5.31,18.25,3.30
4.27,16.24,5.43
3.42,13.06,7.26
2.93,8.67,8.00
2.75,3.48,7.26
1.77,-2.50,6.77
0.06,-8.54,7.51
-1.77,-14.53,8.73
-2.93,-20.39,8.67
-4.21,-26.18,8.30
-5.25,-31.80,8.18
-5.37,-38.33,8.91
-5.80,-46.39,9.83
-6.16,-55.36,10.50
-6.90,-64.39,10.62
-8.97,-66.65,5.13
-9.03,-50.48,-9.58
2.99,-39.55,-11.17
1.71,-31.43,-4.46
-4.09,-20.32,-0.98
-2.38,-10.93,-1.53
0.55,-4.94,-0.73
1.28,-2.44,0.18
0.67,-2.75,-0.06
-0.79,-5.07,-1.10
-3.78,-8.36,-2.26
-4.76,-12.45,-1.53
-2.93,-15.44,4.39
-2.14,-14.59,7.69
-1.40,-12.82,9.09
-0.61,-10.07,10.19
-0.61,-7.20,8.54
-0.06,-5.37,7.75
0.37,-3.85,13.67
2.32,-1.77,21.30
3.05,0.31,35.58
2.01,1.46,29.11
2.81,5.31,33.75
3.42,5.68,39.43
5.98,10.19,44.68
6.84,13.00,48.95
5.19,9.89,37.66
4.27,8.24,50.17
-1.22,8.30,46.75
-1.95,7.20,42.42
-0.61,11.11,50.72
1.83,9.95,54.44
6.77,9.64,58.04
3.30,10.93,60.67
-0.49,11.47,39.37
0.73,12.51,47.97
-0.43,14.34,65.55
-4.46,13.06,66.35
-7.93,9.89,43.15
-8.30,7.20,37.11
-7.93,9.34,45.78
-10.56,14.65,46.33
-8.61,11.60,49.50
-7.45,9.89,59.81
-7.93,9.46,55.97
-12.63,10.50,42.97
-12.57,2.93,28.08
-12.70,5.19,39.25
-15.08,11.05,49.13
-15.08,8.06,41.14
-12.33,7.45,45.17
-13.37,6.41,38.21
-11.05,7.02,32.53
-13.06,5.49,34.00
-14.53,3.60,25.45
-13.24,3.48,30.94
-14.10,3.66,43.27
-17.70,2.99,36.32
-17.15,2.01,18.07
-13.31,1.40,14.65
-13.37,4.15,32.53
-15.56,10.44,39.55
-17.70,6.16,25.82
-18.25,0.18,11.29
-15.32,0.06,1.59
-15.75,5.37,22.64
-19.41,8.00,34.48
-18.07,6.16,23.19
-16.78,5.68,21.67
-16.85,2.87,11.66
-14.65,2.08,6.04
-15.63,2.44,6.71
-15.93,2.20,4.46
-14.47,3.72,5.55
-13.85,6.59,11.05
-13.92,6.35,11.60
-13.55,6.41,18.55
-16.05,6.10,22.03
-14.53,6.29,18.43
-14.34,3.48,18.01
-12.21,4.03,15.81
-12.70,4.09,18.07
-11.35,4.03,13.00
-10.31,4.27,11.29
-8.91,3.72,13.24
-10.38,4.76,23.01
-10.07,3.66,13.49
-8.85,1.77,7.69
-7.14,2.01,5.74
-6.10,4.76,7.69
-4.64,7.45,14.47
-4.82,5.37,22.83
-6.23,1.34,8.91
-2.69,0.67,-0.67
-2.14,1.89,0.85
-0.98,2.81,2.32
0.12,3.23,2.01
0.37,2.87,1.83
0.98,2.14,2.20
1.53,1.95,2.38
1.16,1.46,2.14
0.85,1.22,1.65
1.10,1.59,1.65
1.53,2.01,1.83
2.20,2.32,1.83
2.26,2.26,1.89
2.69,2.20,1.95
3.54,2.38,2.62
4.64,2.44,3.17
4.82,2.26,3.36
4.27,1.83,2.93
3.97,1.46,2.50
3.60,1.83,2.56
3.36,2.32,2.32
3.60,2.56,2.32
3.30,2.56,2.50
3.54,2.69,2.81
4.21,2.50,2.93
4.21,2.08,3.17
3.85,1.53,3.23
3.11,1.22,2.69
2.32,0.98,2.14
2.14,1.16,2.01
2.38,1.65,1.89
2.69,2.50,1.65
2.99,2.99,1.46
2.69,2.87,1.10
2.32,2.50,0.55
1.71,1.95,-0.06
1.65,1.65,-1.04
2.08,1.77,-1.10
2.75,2.08,-0.98
3.36,2.20,-0.79
3.54,1.83,-0.55
3.48,1.71,-0.55
3.30,1.40,-0.61
3.17,1.40,-0.43
3.42,1.71,-0.06
3.54,2.08,0.06
3.85,2.38,-0.12
4.39,2.26,0.00
4.46,1.77,-0.12
















-,-,-
-0.06,-0.37,-0.31
0.18,-0.18,-0.37
0.18,-0.31,-0.31
0.49,-0.12,0.06
0.61,-0.06,0.12
0.61,-0.12,0.12
0.67,0.00,0.06
0.37,-0.06,-0.18
-0.12,-0.31,-0.24
-0.18,-0.31,-0.49
0.06,-0.31,-0.61
0.24,-0.18,-0.67
0.24,-0.06,-0.55
0.49,-0.06,-0.43
0.49,-0.06,-0.31
0.43,-0.06,-0.24
0.49,0.12,0.00
0.73,-0.12,0.00
1.04,-0.12,-0.06
1.46,0.00,-0.06
1.46,-0.12,0.18
1.22,0.06,0.37
1.16,0.37,0.43
0.73,0.49,0.61
0.55,0.43,0.43
0.61,0.49,0.00
0.49,0.43,-0.43
0.49,0.37,-0.49
0.49,0.18,-0.55
0.43,0.06,-0.49
0.37,-0.12,-0.12
0.49,-0.37,-0.06
0.61,-0.61,0.06
0.37,-0.73,0.12
0.37,-0.55,0.43
0.18,-0.37,0.55
-0.37,-0.31,0.61
-0.98,-0.18,0.55
-1.22,0.24,1.10
-0.79,1.46,3.54
-0.85,4.64,11.41
-1.22,5.92,24.78
-5.19,5.19,27.47
-5.13,3.72,21.67
-6.90,0.18,12.63
-7.02,-0.18,4.58
-3.36,2.44,10.50
-4.70,4.09,19.78
-2.62,5.68,22.28
-3.36,5.68,24.29
-3.05,5.49,25.15
-4.27,3.17,25.51
-3.48,5.80,30.40
-6.41,5.49,34.55
-3.97,0.92,33.26
-4.52,5.74,42.66
-6.65,5.74,30.52
-4.15,6.47,24.23
-4.27,5.49,22.83
-1.22,4.70,30.88
-1.89,3.78,44.62
-4.15,6.77,46.45
-6.35,2.93,37.29
-5.68,2.93,31.74
-8.12,4.03,25.21
-9.03,0.18,17.76
-10.62,-1.53,21.42
-12.70,-1.40,24.35
-11.11,0.73,29.66
-11.11,0.49,37.17
-10.50,3.17,41.44
-12.15,4.15,37.66
-14.53,8.06,31.01
-13.55,4.15,31.56
-12.21,1.83,38.45
-10.31,-0.24,48.77
-12.15,4.70,43.52
-8.54,4.27,48.10
-13.43,4.33,33.87
-5.31,5.92,36.50
-9.95,4.09,39.49
-12.39,1.89,28.38
-9.52,0.98,31.01
-16.42,-1.22,26.61
-10.99,-0.55,21.55
-7.14,4.58,38.88
-7.14,5.55,48.89
-8.06,4.88,49.93
-10.19,2.44,41.69
-13.67,1.10,26.55
-12.70,-1.28,21.55
-15.32,-3.05,26.37
-17.58,1.28,24.48
-10.19,4.64,33.20
-10.56,4.15,46.14
-10.62,3.85,41.75
-11.96,2.62,32.23
-13.43,-1.46,20.02
-15.87,-1.83,12.82
-14.89,-1.83,14.71
-12.21,1.65,23.86
-9.95,1.10,33.45
-11.11,-1.59,33.26
-11.96,-2.38,20.63
-10.74,-0.67,10.80
-9.95,-1.46,12.45
-12.63,-3.17,12.02
-10.07,-1.16,14.71
-9.95,1.28,9.83
-9.09,1.10,9.83
-8.73,-0.79,6.47
-7.39,0.79,9.22
-8.54,1.77,14.83
-11.66,-2.56,13.73
-8.85,-2.93,12.88
-6.53,-2.14,20.39
-5.74,0.31,25.39
-8.06,0.43,17.46
-7.51,-2.62,7.63
-4.46,-1.04,4.27
-5.31,0.55,8.73
-5.43,-0.06,4.09
-2.93,-0.67,0.31
-0.73,0.00,-1.16
-0.79,0.31,-0.43
-1.59,0.31,0.24
-1.89,0.24,0.06
-2.26,0.06,-0.18
-2.32,0.55,0.18
-1.53,1.16,1.10
-0.37,1.53,1.65
1.04,1.95,2.20
1.95,2.01,2.81
2.20,1.95,3.11
2.44,1.53,2.99
1.77,0.85,2.26
0.43,0.06,1.53
-0.31,0.00,1.40
-0.67,0.31,1.28
-0.92,0.79,1.59
-0.73,1.34,1.59
-0.24,1.77,1.71
0.67,2.01,1.77
1.04,2.01,1.71
0.73,1.46,1.71
-0.06,1.22,1.34
-0.49,1.04,0.92
0.00,1.28,0.92
0.98,1.71,1.46
2.32,2.20,1.95
3.72,2.62,2.32
4.64,2.75,2.62
5.86,2.87,2.81
6.96,3.17,2.81
7.45,3.36,2.50
7.39,3.36,2.20
6.90,3.42,1.40
5.55,3.36,0.24
4.15,3.42,-0.85
2.26,3.78,-1.71
0.43,4.03,-3.11
-2.62,4.52,-4.64
-6.29,5.80,-6.77
-10.31,8.67,-8.91
-11.90,12.94,-10.74
-11.35,17.70,-12.63
-11.35,22.40,-14.40
-10.07,23.56,-16.48
-8.91,19.29,-16.91
-9.64,22.03,-16.42
-10.31,36.32,-18.13
-9.70,50.48,-20.51
-12.21,58.72,-22.95
-15.99,61.16,-26.37
-17.03,63.42,-29.54
-17.58,66.47,-29.97
-16.66,68.12,-27.22
-15.32,67.93,-24.48
-13.61,66.59,-22.83
-10.99,64.51,-22.58
















-,-,-
1.16,0.37,0.00
1.28,0.31,-0.18
1.34,0.37,-0.24
1.22,0.24,-0.12
1.40,0.24,0.00
1.59,0.31,0.12
1.65,0.37,0.37
1.59,0.43,0.37
1.59,0.55,0.37
1.53,0.55,0.49
1.28,0.67,0.61
1.22,0.49,0.49
0.98,0.61,0.49
0.73,0.79,0.49
1.10,1.04,0.61
1.34,0.85,0.43
1.46,0.73,0.12
1.46,0.73,0.00
1.40,0.49,-0.12
1.16,0.31,-0.06
1.16,0.24,-0.06
0.98,0.06,0.06
0.98,0.12,0.12
1.04,0.24,0.24
1.10,0.43,0.31
1.16,0.61,0.43
1.46,0.61,0.43
1.53,0.67,0.37
1.77,0.55,0.43
1.65,0.49,0.55
1.65,0.24,0.49
1.71,0.00,0.37
1.83,0.06,0.06
2.01,0.00,-0.37
1.71,0.00,-0.37
2.01,0.18,0.00
2.32,0.37,0.00
2.14,0.24,-0.12
2.20,0.00,-0.37
2.14,-0.55,-0.49
2.14,-1.16,-0.79
2.38,-1.16,-1.22
2.69,-1.16,-1.34
2.62,-0.79,-1.40
3.42,0.12,-0.98
3.60,0.79,0.31
4.09,0.79,1.28
6.84,2.56,15.69
5.31,7.93,39.92
1.95,8.61,56.64
0.18,8.12,70.19
-5.25,12.15,73.06
-8.36,12.94,78.06
-16.97,10.07,86.30
-21.85,6.90,87.46
-19.53,7.26,89.84
-21.61,8.97,86.85
-22.40,5.43,76.72
-15.38,10.44,76.90
-16.78,11.72,77.45
-22.22,4.21,67.38
-19.17,-1.16,68.66
-22.34,0.37,57.56
-11.96,0.79,59.69
-19.90,-1.40,61.46
-19.29,-3.30,50.60
-17.58,-0.43,44.25
-13.31,2.44,39.25
-14.28,-1.34,38.02
-13.92,-5.49,40.47
-17.70,-1.34,31.80
-10.56,0.73,36.93
-16.97,-2.20,35.16
-12.02,-3.42,28.69
-9.64,0.31,35.16
-11.66,1.40,31.92
-15.14,0.00,24.23
-10.07,-3.78,23.01
-7.57,-0.61,29.54
-7.75,2.62,31.68
-8.54,4.82,36.56
-8.48,-0.67,31.49
-9.09,1.28,27.83
-11.90,-2.56,13.12
-0.12,3.30,26.79
-2.99,0.67,49.50
-11.60,-1.53,37.96
-4.94,-0.92,32.90
-7.32,0.43,26.79
-5.55,-1.59,22.09
-4.88,-2.81,28.56
-8.18,-1.59,25.70
-6.96,-0.61,17.76
-6.10,-0.31,12.88
-5.43,-1.77,6.41
-3.11,-1.28,5.37
-1.65,-0.85,10.62
-3.17,-0.92,9.46
-2.62,0.12,9.77
3.05,0.98,21.91
-3.30,1.71,26.98
-7.51,-1.46,10.38
-4.70,-1.53,2.62
-3.11,-1.53,0.24
-3.30,-0.06,0.92
-2.87,1.16,2.50
-0.12,2.20,3.05
1.59,2.81,2.81
1.59,2.56,2.50
1.34,2.01,2.50
1.53,1.53,2.20
1.04,0.98,1.59
-0.31,0.12,0.85
-0.73,-0.06,0.06
-0.31,0.12,-0.37
-0.06,0.43,-0.49
-0.31,0.67,-0.31
0.00,1.10,-0.12
0.61,1.16,0.12
0.73,1.28,0.43
0.85,1.22,0.67
1.10,1.10,0.92
0.85,0.79,0.73
0.49,0.67,0.37
0.61,0.92,0.79
1.10,1.46,1.28
1.53,1.71,1.46
1.83,1.65,1.46
2.08,1.46,1.46
2.56,1.40,1.34
3.05,1.34,1.10
3.78,1.59,1.34
4.33,1.89,1.46
4.21,1.95,1.22
3.54,1.59,0.67
2.93,1.28,-0.12
2.99,1.22,-0.37
3.42,1.46,-0.06
4.09,1.83,0.37
4.09,2.01,0.55
3.42,1.46,0.06
2.75,1.10,-0.55
2.69,1.40,-0.43
2.93,1.65,0.24
3.23,2.20,0.61
3.36,2.32,1.04
2.93,2.26,0.98
2.08,1.65,0.85
1.77,1.46,0.73
1.65,1.34,1.04
1.83,1.53,1.10
2.14,1.89,1.10
2.20,2.01,0.85
2.38,1.77,0.37
1.83,1.53,0.06
1.71,1.40,-0.31
1.46,1.22,-0.61
1.22,1.16,-0.85
1.04,1.34,-0.85
0.92,1.59,-1.04
0.92,1.71,-1.16
1.22,1.89,-1.10
1.53,2.20,-0.55
1.77,2.26,-0.12
1.83,2.44,0.06
2.20,2.38,0.12
2.81,2.50,0.00
3.30,2.69,-0.43
3.48,2.69,-0.73
4.03,2.50,-0.55
4.21,2.01,-0.49
3.91,1.71,-0.24
3.78,1.53,0.00
2.87,1.04,0.31
1.28,0.67,-0.18
0.24,0.49,-0.49
-0.06,1.16,-0.31
0.06,2.14,0.00
-0.12,2.87,0.43
-0.49,3.23,0.49
















-,-,-
1.59,-0.43,-0.31
1.71,-0.24,-0.31
1.83,0.12,-0.31
1.89,0.31,-0.31
2.08,0.43,-0.31
2.08,0.31,-0.37
2.01,0.31,-0.43
2.14,0.12,-0.31
2.20,0.31,-0.31
2.08,0.43,-0.31
1.83,0.37,0.00
1.77,0.31,0.12
1.59,0.31,0.24
1.53,0.31,0.37
1.46,0.55,0.49
1.59,0.67,0.61
1.89,0.67,0.49
1.95,0.55,0.49
1.77,0.61,0.49
1.46,0.55,0.61
1.53,0.55,0.55
1.65,0.43,0.55
1.59,0.55,0.49
1.65,0.61,0.43
1.65,0.67,0.24
1.65,0.67,0.31
1.71,0.67,0.37
1.77,0.85,0.49
1.83,0.79,0.49
1.83,0.73,0.49
1.83,0.67,0.55
1.77,0.49,0.79
1.89,0.55,0.85
2.08,0.67,0.85
2.20,0.73,0.98
2.26,0.55,0.92
2.20,0.49,0.79
2.14,0.49,0.85
2.32,0.55,1.04
2.56,0.92,1.16
2.87,1.22,1.71
3.23,1.40,2.62
3.72,1.89,4.88
2.93,2.81,7.02
0.98,6.16,8.30
1.71,8.85,22.77
0.00,11.54,39.67
1.34,12.57,45.47
0.31,12.33,45.65
-0.43,9.22,43.46
-2.08,6.53,51.70
-4.88,6.71,52.43
1.46,12.70,64.09
1.28,16.97,75.81
-5.92,12.21,70.62
-1.95,9.34,58.78
1.04,8.18,63.78
-2.99,0.98,62.87
-1.22,5.19,62.32
2.20,5.62,69.58
-2.87,6.10,60.49
-1.59,3.23,48.46
-3.72,-0.49,48.77
-3.91,-0.31,42.18
-1.95,0.18,45.90
-3.17,0.85,51.94
-4.27,-2.62,49.50
-7.39,-3.48,40.65
-5.37,-1.16,30.88
-2.87,-2.26,35.03
-3.85,-2.69,46.02
-4.76,0.92,45.65
-7.14,-3.72,45.04
-9.77,-6.41,37.41
-7.75,-5.68,33.20
-9.22,-4.94,37.41
-7.81,-0.24,35.28
-9.83,1.28,31.56
-3.72,1.77,38.39
-5.19,1.77,42.24
-2.69,-0.37,44.19
-5.37,-1.65,42.97
-4.39,0.55,36.44
-6.71,-1.59,31.92
-6.29,1.28,31.56
-7.57,-0.79,27.22
-6.47,-0.61,20.14
-2.44,-1.28,23.93
-2.56,-0.73,30.09
-2.99,-0.79,27.89
-4.52,0.37,23.93
-3.60,-0.98,16.91
-3.30,-2.20,11.78
0.24,-1.22,13.00
0.24,-1.40,16.48
0.06,-1.46,10.99
0.49,-0.24,6.65
1.40,0.06,7.57
1.89,0.31,14.53
2.87,0.06,23.25
-0.92,0.00,21.55
-1.65,-1.71,8.61
-0.18,-1.40,4.21
0.18,-0.61,4.82
0.06,0.67,7.75
2.87,1.46,13.85
2.38,1.22,16.97
2.93,1.71,12.82
2.69,1.04,8.54
3.42,1.16,5.00
2.20,1.22,3.60
1.34,1.28,2.62
0.85,1.28,1.46
0.85,1.53,0.67
1.40,1.77,0.55
2.32,1.59,0.55
3.11,1.65,0.85
3.17,1.71,1.04
2.99,1.65,0.73
2.56,1.40,0.43
2.44,1.40,0.24
2.38,1.59,0.24
2.14,1.59,0.61
2.01,1.53,0.61
2.14,1.46,0.37
2.50,1.59,0.37
2.44,1.34,0.37
2.08,1.10,0.37
1.53,0.73,0.12
1.34,0.31,0.12
1.34,0.61,0.24
1.59,0.92,0.85
1.95,1.04,1.34
2.44,1.22,1.65
2.50,1.16,1.46
2.20,0.85,1.04
1.77,0.98,0.55
1.40,0.98,0.18
1.28,1.22,-0.18
1.28,1.22,-0.37
1.40,1.22,-0.31
1.40,1.34,-0.24
1.89,1.28,-0.37
2.56,1.28,-0.43
2.62,1.04,-0.31
2.62,1.22,-0.61
2.75,1.46,-0.98
2.75,1.53,-1.16
2.75,1.59,-1.65
2.56,1.53,-1.95
2.50,1.28,-2.14
2.08,0.98,-2.20
1.89,0.98,-2.38
1.59,1.10,-2.26
1.65,1.28,-2.14
1.65,1.53,-1.95
1.65,1.65,-1.77
1.65,1.59,-1.71
1.83,1.46,-1.83
1.53,1.04,-1.77
1.46,0.85,-1.77
1.53,0.92,-1.46
1.59,0.98,-1.46
1.40,0.85,-1.28
1.53,1.10,-1.28
1.53,1.22,-1.28
1.59,1.59,-1.22
1.77,1.53,-1.10
1.95,1.28,-1.04
1.65,1.10,-1.16
1.71,1.04,-1.22
1.83,1.22,-0.85
2.14,1.53,-0.55
2.50,1.28,-0.43
2.50,1.34,-0.06
2.14,1.16,0.00
1.83,0.92,0.00
1.65,0.85,0.18
1.71,0.98,0.12
2.08,0.85,-0.31
















-,-,-
1.89,0.73,1.22
1.95,0.85,1.22
2.14,0.79,1.34
2.26,0.73,1.16
1.83,0.55,1.10
1.77,0.49,1.10
2.01,0.55,0.92
1.89,0.49,1.04
1.95,0.67,1.04
2.20,0.73,0.92
2.01,0.98,0.85
1.59,0.73,0.85
1.65,0.79,0.73
1.77,0.92,0.92
1.71,0.85,0.85
1.71,0.92,0.79
1.53,0.67,0.73
1.40,0.73,0.67
1.53,0.98,0.67
1.83,1.22,0.55
1.89,1.22,0.61
1.59,1.10,0.55
1.65,0.85,0.37
1.46,0.55,0.49
1.34,0.49,0.37
1.46,0.55,0.12
1.53,0.49,0.06
1.95,0.61,0.12
2.44,0.55,0.06
2.81,0.37,0.12
4.03,0.18,-0.06
4.82,-0.37,-0.06
4.76,-0.49,-0.37
4.70,-0.55,-0.73
4.46,-0.55,-1.22
3.54,-0.37,-1.16
2.32,0.61,0.73
-1.10,2.32,8.36
-2.81,3.78,13.98
-2.62,4.33,11.29
-2.14,4.46,14.65
-2.01,4.27,21.06
3.78,2.56,27.40
10.01,0.12,52.31
12.51,4.58,66.96
16.60,8.06,61.95
13.31,8.67,45.10
14.47,11.35,40.47
11.96,7.26,50.60
16.54,0.67,68.24
11.23,1.10,61.71
15.38,0.98,48.77
15.99,-5.74,52.49
15.14,-6.35,57.98
11.41,-6.29,54.99
8.67,-3.78,43.64
9.34,-2.14,42.11
8.54,-3.91,51.03
6.23,-5.43,56.27
3.05,-2.56,49.62
1.22,-3.72,42.91
7.69,-5.55,49.68
4.88,-0.06,49.87
1.59,0.18,51.51
4.76,-4.58,58.96
3.42,-4.33,56.76
-2.20,-1.65,45.96
-3.60,1.83,32.59
-1.10,-5.98,43.15
-2.62,-9.34,57.98
-3.60,-5.92,52.12
-4.27,-5.68,42.54
-4.58,-7.87,39.98
-3.97,-10.44,41.26
-5.07,-7.69,41.08
-4.52,-6.35,37.48
-5.31,-8.12,39.43
-5.92,-4.76,33.51
-4.64,-4.94,33.87
-3.42,-5.74,39.31
-4.70,-7.14,38.09
-6.35,-5.86,31.80
-1.83,-6.04,35.28
-7.08,-7.51,32.04
-7.87,-4.94,23.19
-0.37,-6.59,33.87
-2.62,-9.52,42.36
-3.78,-6.10,37.84
-7.69,-3.78,24.23
-7.51,-2.75,13.18
-5.07,-2.32,14.77
-4.70,-2.20,22.34
-3.66,-3.17,29.54
-7.02,-1.46,21.18
-5.74,0.92,11.78
-6.04,-1.34,10.93
-2.44,-5.31,19.47
-3.85,-6.35,23.62
-3.97,-5.37,19.96
-6.47,-3.05,13.06
-3.60,-2.50,13.55
-3.85,-5.07,19.71
-3.23,-5.37,23.44
-4.64,-3.30,19.23
-1.77,-5.92,19.65
-3.85,-6.47,15.75
-3.42,-3.36,7.14
-1.34,-2.44,11.41
-0.12,-3.66,21.85
-2.99,-1.34,21.00
-0.43,-2.14,20.94
-1.77,-4.33,17.88
-2.01,-3.11,11.35
-2.08,-2.69,11.72
-0.92,-3.05,17.03
-0.85,-6.84,20.02
0.37,-5.80,19.23
1.22,-4.52,17.40
-1.04,-5.25,16.05
0.06,-4.21,12.88
-2.14,-3.05,7.87
-0.98,-1.34,3.91
-0.98,-0.37,2.08
-0.37,0.37,1.95
-0.12,0.85,2.32
0.98,1.46,2.56
1.53,1.77,2.56
1.71,1.89,2.38
2.08,1.59,2.26
2.38,1.28,2.01
2.08,0.79,1.77
1.46,0.24,1.46
1.46,-0.06,1.59
1.59,0.00,1.71
1.95,0.43,1.83
2.20,0.55,2.14
2.50,0.92,2.69
2.50,0.85,2.93
2.38,0.43,2.93
2.32,0.18,2.93
2.01,-0.06,2.99
1.89,-0.06,2.93
1.95,0.24,2.50
1.83,0.55,2.32
1.95,1.22,2.01
2.56,1.53,1.71
2.87,1.95,1.40
3.17,2.14,0.92
3.54,2.20,0.00
3.54,2.14,-1.22
3.11,2.14,-1.95
2.75,1.89,-2.01
3.17,2.14,-2.20
3.36,2.26,-2.44
3.72,2.56,-2.62
4.39,2.99,-2.69
5.25,3.23,-2.62
5.74,2.99,-2.62
5.98,2.81,-2.99
5.80,2.44,-3.11
5.49,2.01,-2.69
5.07,1.40,-2.32
4.58,1.16,-2.14
3.97,1.04,-1.95
3.66,1.16,-1.77
2.99,1.10,-1.53
2.26,1.22,-1.46
1.89,1.46,-1.53
1.65,1.89,-1.34
1.59,1.83,-1.04
1.59,1.59,-0.85
1.65,1.65,-0.67
1.71,1.40,-0.31
1.59,1.16,-0.24
1.40,1.04,-0.37
1.16,1.10,-0.31
1.34,1.28,-0.49
1.34,1.71,-0.79
1.16,1.89,-0.92
1.28,1.89,-1.04
















-,-,-
1.71,1.04,1.53
1.89,1.22,1.53
1.83,1.40,1.59
1.89,1.34,1.46
1.89,1.16,1.28
1.40,0.73,1.22
1.40,0.55,1.16
1.34,0.79,1.34
1.40,0.92,1.53
1.53,1.04,1.59
1.46,1.28,1.40
1.59,1.34,1.22
1.46,1.28,1.10
1.22,1.22,1.10
1.22,1.04,1.16
1.22,1.04,1.22
1.22,0.98,1.16
1.10,0.92,1.16
1.22,1.04,1.28
1.34,1.22,1.40
1.46,1.22,1.16
1.22,1.10,0.98
1.10,1.04,0.85
0.92,1.10,0.85
0.24,0.98,0.73
-0.79,1.10,0.24
-2.62,1.28,-0.06
-6.29,1.22,4.21
-6.84,0.73,12.82
-12.45,0.49,5.00
-10.13,2.26,5.62
-2.93,5.49,29.91
-4.27,8.54,52.55
-4.70,12.57,66.35
-5.62,9.95,72.33
-8.97,7.81,72.81
-8.85,1.34,78.74
-12.15,0.31,80.51
-12.51,-1.34,81.24
-14.53,-2.26,78.86
-14.28,-2.87,71.23
-12.33,-0.92,63.96
-5.62,-1.10,67.87
-7.63,-2.08,71.84
-9.89,-1.22,64.70
-10.25,-3.54,54.81
-7.39,-2.01,52.37
-10.31,-0.79,51.64
-12.21,0.73,45.04
-9.95,-1.59,42.30
-13.73,-5.80,39.86
-15.08,-1.65,34.91
-14.65,0.37,22.22
-12.21,-6.41,28.69
-16.24,-4.82,22.71
-9.34,-4.46,25.33
-13.79,-4.70,31.31
-18.86,-7.45,21.42
-20.02,-7.75,13.92
-18.98,-7.51,12.33
-15.75,-5.07,16.11
-19.47,-4.39,17.33
-18.62,-6.10,8.73
-12.02,-1.53,22.89
-16.05,-1.28,31.56
-21.42,-3.48,20.57
-23.62,-6.71,10.07
-20.26,-6.29,9.34
-13.31,-2.01,23.01
-16.17,-2.93,28.20
-14.53,1.89,25.15
-15.38,1.65,19.10
-11.78,-1.46,19.41
-15.44,-3.97,22.34
-18.37,-4.94,16.17
-14.83,-6.96,20.39
-18.13,-3.78,21.85
-22.58,-3.48,5.43
-15.26,1.77,5.19
-7.75,4.58,23.86
-14.10,-1.40,25.21
-15.99,-0.55,8.85
-8.24,2.56,13.55
-8.42,-1.16,24.05
-13.92,-1.10,16.78
-10.68,-1.40,11.78
-11.05,-0.98,12.82
-12.15,-1.95,7.63
-10.74,0.37,8.24
-4.33,7.45,20.39
-6.53,0.43,21.97
-8.18,-0.43,13.92
-3.60,1.22,14.40
-2.26,1.59,20.94
-6.04,0.49,18.68
-6.77,-1.46,11.41
-5.74,-1.59,6.59
-3.78,-0.79,4.33
-1.65,0.49,2.75
1.22,2.32,2.01
2.56,3.78,2.32
2.75,3.54,2.01
1.83,2.56,1.65
0.73,1.59,1.46
-0.18,0.67,1.16
-1.16,0.49,0.92
-2.20,0.49,0.98
-2.01,0.79,0.98
-0.79,1.59,1.40
0.37,2.01,2.01
1.16,2.26,2.62
1.46,2.14,2.62
1.28,1.46,2.50
1.22,1.16,2.32
1.16,1.22,2.26
0.79,1.40,2.14
0.49,1.28,1.65
0.49,1.22,1.34
0.61,1.22,1.10
1.46,1.53,1.04
2.14,1.89,1.16
2.69,2.08,1.22
3.23,2.08,1.28
3.66,1.71,1.28
3.30,1.46,1.34
3.36,1.53,1.22
3.48,1.77,1.40
3.97,1.83,1.53
4.15,2.26,1.71
3.85,2.20,1.71
3.05,1.83,1.65
2.44,1.53,1.34
1.89,1.16,1.16
1.40,0.98,0.61
1.28,1.04,0.49
1.77,1.22,0.55
2.26,1.59,0.79
2.62,1.95,1.04
2.87,1.89,1.16
3.23,2.01,1.46
3.42,1.89,1.65
3.05,1.71,1.71
2.14,1.34,1.65
1.89,1.04,1.16
1.65,0.98,0.73
1.77,1.22,0.79
1.89,1.40,0.67
1.89,1.65,0.49
1.95,1.16,0.24
2.14,1.10,0.24
2.44,1.04,0.55
2.56,0.98,0.85
2.62,1.16,1.04
2.62,1.28,0.98
2.50,1.10,1.22
2.56,1.16,1.34
2.38,1.22,1.10
2.14,1.34,0.92
1.95,1.28,0.43
1.89,1.28,0.24
1.89,1.16,0.24
1.77,1.22,0.12
1.95,1.10,0.12
1.71,0.98,0.12
1.46,0.79,0.06
1.53,0.98,0.31
1.77,0.92,0.92
2.14,1.16,1.40
2.44,1.46,1.22
2.26,1.34,1.40
2.08,1.22,1.22
1.89,1.10,1.10
2.01,0.98,1.28
1.83,0.92,1.16
1.89,0.85,0.92
1.77,0.67,0.98
1.53,0.67,1.10
1.40,0.73,1.10
1.34,0.85,0.92
1.53,0.98,1.16
















-,-,-
1.65,-0.24,0.55
1.83,-0.24,0.49
1.65,-0.31,0.55
1.71,-0.37,0.61
1.77,-0.43,0.49
1.65,-0.43,0.67
1.77,-0.43,0.92
1.77,-0.61,0.85
1.71,-0.55,0.55
1.46,-0.61,0.43
1.34,-0.67,0.43
1.53,-0.61,0.55
1.83,-0.61,0.55
1.89,-0.49,0.43
1.83,-0.49,0.12
1.77,-0.55,0.06
1.83,-0.43,0.18
1.83,-0.37,0.12
1.53,-0.43,0.06
1.28,-0.24,0.06
1.40,-0.18,0.12
1.53,-0.06,0.43
1.53,0.06,0.73
1.46,0.00,0.61
1.34,-0.12,0.67
1.22,-0.24,0.73
1.34,-0.18,0.49
1.10,-0.18,0.43
1.04,0.00,0.31
0.79,-0.06,0.43
0.73,-0.37,1.22
0.98,-0.43,3.91
1.28,-0.85,9.03
0.98,-0.61,14.22
1.53,3.54,29.24
0.67,3.66,36.93
0.79,4.58,37.72
-0.43,2.62,31.43
-0.37,-3.42,34.55
-1.89,-7.39,40.77
-2.87,-3.85,41.99
-2.56,-3.91,42.97
-4.03,-1.77,42.54
-3.23,-5.62,45.17
-5.86,-5.74,44.13
-4.15,-1.83,36.32
-4.52,-0.73,38.76
-6.65,1.46,37.60
-7.14,-0.31,37.35
-6.84,-4.15,45.78
-7.08,-5.86,54.14
-10.13,-3.30,45.53
-9.77,-1.95,33.14
-9.34,-1.83,31.80
-9.89,-5.55,37.11
-12.51,-5.62,37.84
-11.23,-4.33,40.34
-11.72,-4.15,40.10
-11.23,0.43,38.21
-9.03,-0.31,40.53
-14.28,-3.36,34.97
-13.55,-3.66,28.63
-13.73,-3.97,24.11
-10.80,-1.65,34.30
-11.54,-2.50,35.77
-12.82,-0.92,24.11
-11.05,-1.71,20.08
-10.19,2.08,27.22
-9.95,0.00,30.64
-14.28,-4.58,25.45
-13.55,-3.60,13.92
-10.74,-1.16,19.35
-12.51,0.24,25.70
-14.10,0.61,24.54
-12.94,0.00,28.87
-12.51,1.16,31.98
-14.04,0.92,31.86
-16.97,-0.61,24.78
-16.48,-0.85,23.38
-14.10,2.87,24.11
-13.73,1.10,26.67
-12.15,-0.98,31.07
-10.93,-0.12,30.88
-10.86,1.53,30.58
-12.15,0.67,29.66
-14.53,-2.26,25.76
-14.65,-2.69,21.79
-12.76,1.28,25.63
-10.07,1.10,33.75
-7.08,-0.49,40.95
-6.71,-1.53,39.98
-13.92,-0.06,20.45
-14.22,-1.95,5.55
-11.29,0.79,10.13
-7.63,1.59,24.35
-9.46,-1.65,22.22
-8.73,-1.89,12.45
-7.57,-1.10,9.64
-4.46,0.98,21.06
-4.03,3.17,24.84
-4.27,1.59,21.79
-3.36,-0.73,21.12
-4.58,-0.43,18.92
-6.71,-0.67,13.18
-3.36,0.98,16.97
-1.59,-0.73,25.27
0.55,2.32,30.09
2.26,3.48,25.57
2.26,0.43,17.76
1.71,1.04,13.06
0.00,-0.18,7.14
0.67,0.55,3.72
1.04,1.46,2.69
1.83,1.83,2.14
2.38,1.95,2.14
2.62,1.71,1.95
2.38,1.22,1.53
2.69,0.98,1.28
2.99,0.98,1.40
2.69,1.10,1.53
2.99,0.98,1.34
3.48,1.22,0.98
3.60,1.22,1.04
3.66,1.34,0.73
3.36,1.28,0.24
2.75,0.85,-0.31
2.75,0.85,-0.55
3.30,1.04,-0.31
3.91,1.10,0.18
4.15,1.04,0.43
3.97,0.79,0.49
3.72,0.67,0.24
3.36,0.43,0.12
3.42,0.37,0.00
3.42,0.49,0.37
3.54,0.85,0.49
3.78,1.16,0.67
3.66,1.16,0.85
3.42,1.16,0.85
3.05,1.22,0.79
2.62,1.04,0.73
2.44,1.04,0.43
2.32,0.98,-0.06
2.38,1.04,0.06
2.20,1.04,0.00
1.95,0.98,-0.12
1.83,1.10,-0.12
2.20,1.28,-0.31
1.95,1.16,-0.18
1.71,1.10,-0.18
1.65,0.85,0.00
1.65,0.67,0.12
1.71,0.79,0.49
1.95,0.79,0.79
1.65,0.55,0.79
1.53,0.43,0.92
1.65,0.49,0.98
1.65,0.79,1.16
1.59,0.92,1.28
1.04,1.04,0.85
0.85,1.10,0.49
1.10,1.28,0.43
1.40,1.22,0.73
1.59,1.22,0.67
1.46,0.92,0.55
1.40,0.67,0.67
1.65,0.79,0.49
1.89,0.98,0.67
1.77,0.98,0.49
1.65,1.10,0.43
1.40,1.10,0.31
1.10,1.04,0.31
1.34,1.16,0.43
1.71,1.22,1.04
2.14,1.34,1.40
2.32,1.22,1.65
2.44,1.10,1.53
2.26,0.79,1.40
2.14,0.92,1.16
1.77,1.10,0.92
















-,-,-
1.34,0.98,1.28
1.34,1.04,1.28
1.59,1.28,1.34
1.53,1.16,1.53
1.16,0.85,1.59
1.28,0.92,1.34
1.22,1.04,1.28
1.34,0.98,1.40
1.34,0.92,1.46
1.22,1.16,1.59
1.22,1.22,1.53
1.34,1.34,1.59
1.46,1.40,1.77
1.46,1.10,1.65
1.40,1.28,1.65
1.28,1.34,1.71
1.40,1.16,1.71
1.40,1.16,1.53
1.28,1.16,1.40
1.16,1.10,1.40
1.28,0.98,1.40
1.34,0.98,1.34
1.34,0.79,1.46
1.40,1.04,1.34
1.40,0.98,1.16
1.53,0.92,0.85
1.59,0.85,0.49
1.59,0.79,0.61
1.59,0.67,0.79
1.77,0.73,0.79
1.95,0.92,0.85
2.01,0.85,1.10
1.95,0.79,1.34
1.40,0.67,1.34
0.55,0.43,2.08
1.22,1.89,10.19
0.55,6.84,30.94
2.08,14.89,49.44
-0.43,13.49,51.94
-4.76,8.18,45.35
-6.47,3.66,39.92
-9.09,0.79,47.73
-11.47,0.85,61.04
-12.02,3.48,71.41
-10.38,5.13,78.00
-13.31,5.49,68.48
-15.56,4.15,52.80
-13.85,3.36,51.21
-22.58,-3.60,47.67
-20.26,-1.04,39.86
-15.63,4.15,44.98
-16.48,1.95,49.99
-12.02,1.89,52.61
-8.61,3.85,51.33
-13.61,0.67,41.02
-15.56,-3.23,23.38
-5.31,1.10,31.31
-15.38,-0.79,28.02
-9.64,2.99,24.23
-8.30,2.08,33.14
-6.41,-1.22,39.25
-10.19,-1.71,43.46
-15.20,-2.01,30.09
-13.55,-0.49,26.18
-12.57,-0.67,20.45
-2.50,0.67,35.83
-10.25,2.01,35.89
-4.70,3.66,32.96
-9.83,-4.33,31.43
-9.95,-4.76,19.90
-10.07,-1.71,19.10
-10.99,0.06,18.43
-11.54,-0.12,17.64
-5.74,-2.20,22.83
-1.28,0.06,36.74
-6.59,-0.61,36.13
-7.20,0.55,29.24
-8.06,0.49,24.11
-11.78,-1.04,15.99
-7.75,-2.01,13.67
-0.24,-3.11,32.35
-4.64,-4.82,37.72
-6.35,-0.43,26.31
-7.14,-1.40,18.31
-3.23,-1.71,18.86
-4.94,-1.77,20.94
-3.42,-0.55,20.14
-0.12,1.65,24.78
-0.43,2.50,28.44
-2.75,-0.24,26.12
-3.97,-2.93,18.80
-1.77,-5.74,19.71
-3.17,-4.70,19.29
-0.49,-1.22,21.18
-1.53,-2.56,22.28
-1.65,-2.87,18.19
-1.53,-1.89,16.72
-4.82,-1.53,7.75
-2.69,-1.22,8.48
-3.54,-1.89,9.95
1.04,-1.28,14.16
0.61,-1.59,18.98
0.06,0.00,11.47
0.61,0.49,9.34
0.92,-1.16,15.14
-2.44,-2.50,8.85
-1.89,-1.22,5.07
-1.16,-0.18,8.48
-1.46,1.59,12.45
-1.53,0.37,11.29
0.43,-0.73,13.79
-0.31,0.43,14.40
-1.46,-0.43,11.23
-0.79,-0.79,8.85
-0.31,-1.28,10.44
-0.79,-1.22,11.54
-1.28,-0.55,10.74
1.28,-0.18,15.14
0.85,-1.89,21.12
0.61,0.43,15.32
0.79,1.53,9.40
0.92,0.92,6.16
-0.06,0.18,5.31
0.31,-0.24,6.16
3.30,-0.49,13.73
4.03,-2.99,18.37
2.14,-2.50,10.44
1.71,-1.16,4.52
0.31,-1.10,3.72
0.06,-0.79,4.82
2.20,0.24,10.86
2.01,-0.49,15.87
1.53,-2.93,11.72
0.61,-2.44,9.28
0.24,-1.53,6.35
1.28,-1.10,9.46
2.38,-1.71,13.79
1.46,-2.32,10.50
0.18,-2.20,5.25
0.55,-1.04,1.53
1.04,-0.24,0.61
2.50,0.98,-0.12
3.54,1.59,-0.73
3.36,1.71,-1.22
2.87,1.28,-1.16
2.62,0.85,-1.40
2.26,0.67,-1.10
1.89,0.49,-0.31
1.77,0.61,0.06
1.89,0.73,0.61
2.26,0.85,0.73
2.75,1.34,0.43
2.93,1.59,-0.18
2.75,1.53,-0.79
2.75,1.40,-1.34
2.99,1.16,-1.83
2.87,1.10,-1.89
2.62,1.28,-1.65
2.62,1.04,-1.34
2.38,0.92,-1.34
1.83,0.79,-1.22
1.83,0.85,-1.04
2.01,1.10,-0.67
2.32,1.46,-0.55
2.62,1.53,-0.49
3.11,1.59,-0.49
3.60,1.53,-0.43
3.72,1.53,-0.49
3.36,1.34,-0.79
3.05,1.34,-1.22
2.62,1.28,-1.22
2.99,1.65,-0.85
3.36,2.01,-0.55
3.48,1.59,-0.31
3.36,1.22,-0.49
2.99,1.10,-0.37
2.87,1.04,-0.37
2.87,1.34,-0.31
3.05,1.65,-0.06
3.23,1.65,0.12
















-,-,-
1.28,1.10,1.10
1.34,1.28,1.34
1.22,1.34,1.65
1.46,1.46,1.46
1.40,1.46,1.53
1.28,1.34,1.34
1.34,1.34,1.10
1.59,1.22,1.10
1.83,1.04,1.16
1.89,0.73,1.22
1.71,0.43,0.98
1.53,0.43,0.98
1.46,0.55,1.22
1.28,0.73,1.59
1.34,0.98,1.83
1.34,1.28,1.83
1.46,1.16,2.01
1.46,1.16,2.01
1.40,1.22,2.14
1.28,1.10,1.83
1.16,1.10,1.77
1.28,1.10,1.40
1.22,1.04,1.34
1.40,1.10,1.22
1.46,1.04,1.16
1.40,0.79,0.92
1.46,0.92,0.98
1.28,0.85,1.04
1.53,0.92,1.10
1.59,1.16,1.40
1.65,1.10,1.53
1.34,1.34,1.77
1.34,1.46,2.01
1.40,1.71,2.01
1.40,1.71,1.95
1.22,1.59,2.20
1.10,1.53,2.08
1.22,1.53,1.83
1.10,1.53,1.65
1.16,1.46,1.53
1.34,1.53,1.34
1.40,1.46,1.16
1.40,1.46,1.28
1.34,1.22,1.16
1.16,1.10,1.16
1.10,1.04,1.28
1.34,1.34,1.22
1.40,1.34,1.53
1.46,1.34,1.65
1.53,1.40,1.59
1.40,1.34,1.71
1.34,1.28,1.59
1.46,1.46,1.65
1.65,1.53,1.89
1.65,1.59,2.01
1.71,1.71,2.01
1.83,1.77,2.01
1.65,1.53,2.01
1.89,1.65,2.01
1.77,1.59,2.01
1.83,1.59,1.71
1.77,1.53,1.77
1.71,1.34,1.89
1.77,1.28,2.01
1.53,1.53,1.83
1.65,1.89,2.14
2.14,2.20,2.75
3.54,2.69,3.60
2.93,2.62,5.25
3.23,2.69,7.39
3.78,4.27,10.50
4.09,6.96,17.88
3.85,8.42,26.67
3.48,7.02,32.35
2.99,5.25,29.05
3.66,6.90,28.87
-0.55,9.64,31.74
-1.89,10.68,38.82
-3.48,10.13,43.15
0.85,9.77,52.49
1.71,6.16,61.58
2.01,5.86,64.21
0.43,4.21,65.73
-1.83,1.46,66.96
-9.22,0.98,61.04
-8.73,-1.46,53.65
-6.23,-3.60,61.58
-8.18,-6.65,68.97
-9.46,-2.75,64.82
-6.47,-0.43,60.91
-8.97,-3.72,59.69
-8.73,-5.62,61.58
-13.43,-1.59,56.46
-13.92,-0.18,50.11
-15.01,-3.78,52.43
-20.87,-4.27,44.13
-14.22,2.14,44.13
-13.98,5.86,53.22
-12.94,3.17,56.34
-11.84,3.17,55.54
-14.16,5.80,46.51
-11.54,2.93,43.21
-12.39,0.61,37.96
-11.35,-1.28,41.38
-10.31,-4.76,42.97
-11.23,-4.09,41.81
-10.19,-5.07,41.63
-15.20,-2.01,32.47
-9.64,3.11,28.02
-11.47,-1.83,31.25
-7.08,1.34,32.29
-4.64,1.34,37.66
-6.10,-3.66,35.40
-3.78,-1.22,35.40
-6.84,-0.31,30.94
-8.18,-2.01,28.44
-9.28,0.00,19.29
-3.60,-0.24,23.50
-5.07,-0.79,31.49
-4.09,0.31,28.50
-5.92,-2.56,28.81
-9.70,-3.42,10.68
-3.48,-0.24,8.91
0.06,-1.53,25.63
-3.36,-3.23,28.87
-4.21,-2.62,22.09
-3.42,-3.23,14.53
-2.87,-1.59,8.06
-0.98,-0.24,8.85
0.55,0.92,14.83
-0.61,0.67,12.02
1.04,1.10,7.14
1.16,0.98,4.09
0.67,0.73,1.83
-0.31,0.73,0.79
-0.18,0.67,0.24
0.31,0.85,0.18
0.85,0.92,0.18
1.10,0.73,0.43
1.28,0.43,0.31
1.59,0.31,0.37
1.77,0.37,0.67
2.01,0.43,0.79
2.38,0.73,0.85
2.81,1.10,0.67
3.48,1.22,0.67
3.48,1.46,0.37
3.48,1.28,0.24
3.17,1.22,0.12
3.30,1.40,0.00
2.87,1.28,-0.37
2.50,1.04,-0.79
2.38,1.04,-0.67
2.50,1.22,-0.49
2.32,1.40,-0.24
2.50,1.59,-0.31
2.26,1.59,-0.61
1.89,1.40,-0.98
1.83,1.16,-1.53
1.95,1.16,-1.83
1.83,1.04,-1.71
2.01,1.16,-1.89
2.26,1.34,-1.89
2.44,1.46,-1.77
2.20,1.34,-1.95
2.08,1.53,-1.65
1.71,1.28,-0.98
1.53,1.28,-0.79
1.40,1.10,-0.92
1.40,0.98,-1.04
1.53,1.10,-0.73
1.65,1.16,-0.67
1.71,1.04,-0.92
1.71,1.04,-1.22
1.59,0.98,-1.40
1.46,0.85,-1.40
1.59,0.92,-1.28
1.59,0.85,-1.04
1.34,0.79,-0.85
1.34,0.92,-0.61
















-,-,-
1.77,1.10,1.40
1.83,1.28,1.34
1.53,1.10,1.40
1.34,0.92,1.46
1.28,0.61,1.16
1.22,0.55,1.16
1.16,0.31,1.04
1.34,0.49,0.85
1.59,0.49,0.43
1.59,0.49,0.24
1.89,0.49,0.24
1.77,0.67,0.18
1.59,0.43,0.24
1.65,0.49,0.00
1.46,0.49,0.12
1.34,0.73,0.31
1.53,0.85,0.55
1.59,0.92,0.85
1.71,0.92,1.16
1.83,0.92,0.98
1.65,0.85,1.04
1.59,0.79,1.04
1.59,1.04,1.04
1.40,1.04,1.10
1.53,0.92,1.28
1.34,0.85,1.22
1.40,0.98,1.16
1.59,0.85,0.92
1.46,0.73,0.79
1.53,0.79,0.67
1.59,0.79,0.79
1.83,0.98,0.79
1.89,1.10,0.79
1.77,1.10,0.85
1.53,0.85,0.85
1.65,0.85,0.73
1.40,0.61,0.79
1.46,0.67,0.85
1.53,0.79,0.92
1.77,0.79,0.85
1.89,0.73,0.73
1.71,0.49,0.79
1.71,0.43,0.98
1.59,0.49,1.16
1.53,0.49,1.16
1.46,0.61,1.16
1.46,0.55,1.10
1.59,0.85,1.10
1.71,0.98,0.98
1.59,0.67,1.16
1.59,0.79,1.16
1.71,0.79,1.16
1.59,0.79,1.22
1.59,0.73,1.16
1.59,0.61,0.85
1.34,0.31,0.55
1.40,0.18,0.49
1.53,0.24,0.37
1.53,0.61,0.18
1.46,0.73,0.24
1.40,0.85,0.43
1.59,0.79,0.55
1.65,0.92,0.55
1.53,0.79,0.31
1.28,0.67,0.31
1.46,0.67,0.49
1.77,0.92,0.73
1.77,1.04,0.92
2.01,1.40,1.04
1.83,1.40,1.04
1.46,1.46,1.10
1.28,1.65,1.22
1.10,1.46,1.16
0.92,1.28,1.53
1.16,1.53,1.71
1.28,1.59,2.26
1.34,1.95,2.87
0.92,1.95,3.48
0.98,1.77,3.85
0.18,1.77,4.09
-0.73,1.83,1.65
-0.92,1.65,0.61
-1.10,1.77,0.98
-0.73,2.01,1.65
-0.43,2.38,3.30
3.78,3.17,11.47
12.63,7.14,41.50
10.01,6.10,56.52
10.44,10.93,45.90
10.13,15.75,37.17
5.25,12.27,37.66
0.12,9.70,42.91
7.26,11.23,53.96
9.89,5.43,67.32
8.54,4.39,67.69
9.83,6.47,61.52
9.95,3.97,60.73
2.75,4.03,57.62
7.51,1.83,60.61
6.23,1.10,70.56
6.10,2.32,73.18
2.50,2.26,66.47
0.85,3.30,55.73
1.22,2.62,52.49
3.23,-1.46,64.03
1.10,-1.28,73.30
-2.93,-6.71,73.06
-8.91,-5.98,53.41
-4.76,-3.05,46.33
-3.54,-1.34,43.21
0.37,-1.28,57.50
1.65,-2.87,67.08
-1.89,-1.89,62.93
-1.89,-1.89,50.90
-7.26,-3.48,35.89
-3.54,-5.07,30.21
2.87,-5.25,53.41
1.28,-6.35,65.49
-0.98,-3.36,61.46
-1.10,-3.23,56.09
-2.81,-6.16,45.17
-5.62,-6.59,32.78
-3.11,-5.80,27.77
-2.38,-8.79,35.77
-1.28,-4.76,36.44
1.40,-1.46,39.73
1.83,-7.32,45.65
-0.61,-7.26,32.35
2.87,-3.78,23.25
3.60,-5.07,26.55
5.37,-5.98,31.07
5.55,-6.41,36.07
2.99,-3.42,24.48
1.28,-0.92,8.48
2.32,0.67,2.50
2.26,1.40,2.08
2.20,2.08,2.87
3.11,2.56,2.87
4.46,2.81,2.01
4.82,2.56,1.83
4.76,2.38,1.77
4.64,2.14,1.40
4.39,1.65,1.28
3.66,1.59,0.85
3.30,1.22,1.04
3.17,1.59,1.53
2.99,1.95,1.89
2.87,1.89,1.95
3.17,2.01,2.26
3.54,2.32,2.56
3.72,2.62,2.69
3.54,2.56,2.62
3.72,2.44,2.38
3.66,2.44,1.95
3.60,2.56,1.83
3.85,2.87,2.14
3.42,3.05,2.32
2.26,2.44,2.14
1.40,1.71,1.65
1.10,1.46,1.34
1.34,1.59,1.59
1.71,1.89,2.20
2.44,2.14,2.44
3.42,2.32,2.32
3.85,2.20,2.32
3.78,2.20,2.56
3.66,1.89,2.62
3.23,1.28,2.44
2.99,1.16,2.08
3.17,1.40,2.08
3.23,1.89,2.08
3.05,2.14,1.65
2.81,2.38,0.92
2.75,2.38,0.24
2.69,2.44,0.24
2.93,2.44,0.18
3.05,2.08,-0.06
2.99,1.59,-0.67
2.93,1.34,-0.92
3.11,1.22,-1.10