-,-,-
1.65,7.20,16.11
0.79,12.33,25.51
1.04,9.40,17.46
0.18,5.49,8.18
-1.40,5.98,10.50
-0.85,2.50,7.39
-0.73,1.10,4.39
-0.24,2.14,6.71
1.40,4.21,10.93
3.05,6.77,14.47
4.27,8.79,14.83
3.91,6.77,9.89
2.20,3.85,4.82
0.24,2.44,4.52
-0.61,1.59,4.64
-0.61,1.16,4.94
-0.37,0.92,5.37
-0.18,1.71,7.26
-0.24,3.36,10.01
0.61,3.17,7.93
1.28,1.10,3.11
0.92,0.55,2.14
0.73,0.67,2.14
0.73,1.16,2.62
-0.12,2.14,4.39
-0.67,4.09,9.89
-0.73,9.70,24.35
-1.10,16.54,30.76
0.31,15.32,31.13
-0.24,18.98,35.46
3.17,15.26,28.87
2.01,15.08,26.92
1.40,20.45,36.93
2.50,20.51,45.23
1.34,24.35,55.36
0.98,26.12,60.06
2.50,32.10,71.11
1.89,27.28,63.96
1.77,28.69,61.95
2.44,28.32,65.49
4.39,20.51,52.61
2.87,16.30,41.87
3.66,12.39,26.61
4.15,6.29,26.86
4.58,4.52,18.55
5.37,2.44,5.92
5.68,0.98,1.53
5.43,0.18,-0.43
3.72,-0.85,-1.40
1.89,-1.46,-1.89
0.92,-1.40,-2.38
1.40,0.24,-2.69
3.05,1.53,-3.42
0.06,-0.24,-3.11
-0.61,0.24,-3.85
-0.92,1.46,-4.21
-0.61,2.50,-3.54
0.06,2.93,-2.08
0.73,3.05,-0.61
1.04,2.44,0.73
1.34,2.01,1.65
1.65,1.53,2.14
1.59,1.53,1.95
1.89,1.77,1.34
2.44,1.83,0.49
2.20,1.28,-0.24
1.04,0.85,-0.61
-0.55,0.49,-1.16
-1.46,0.37,-1.59
-1.28,1.10,-1.89
-1.77,2.14,-2.87
-1.83,4.09,-3.85
-1.04,6.47,-4.27
-1.53,8.30,-5.13
-2.87,8.97,-9.52
-5.00,7.75,-25.15
-3.48,3.48,-39.06
0.73,2.93,-46.94
8.24,7.93,-60.97
14.77,11.96,-73.79
16.72,14.10,-77.21
15.69,14.77,-73.67
13.73,12.57,-67.99
11.35,6.77,-62.74
8.48,-0.79,-58.35
5.13,-7.39,-53.83
2.32,-11.78,-46.94
-1.10,-13.79,-37.35
-4.58,-15.87,-24.90
-6.29,-19.17,-12.39
-8.48,-22.64,-3.17
-11.11,-25.27,2.56
-13.49,-26.92,4.82
-14.77,-27.40,4.09
-14.89,-26.12,3.17
-13.43,-22.83,2.32
-10.50,-18.13,-0.67
-7.08,-13.67,-5.98
-3.30,-10.44,-11.90
0.12,-7.51,-13.06
2.81,-5.55,-8.61
3.23,-4.21,-4.09
0.98,-3.72,-0.92
-2.81,-4.27,1.16
-6.16,-6.41,1.28
-8.79,-8.30,1.04
-10.74,-9.09,2.14
-11.41,-10.56,4.33
-10.44,-14.53,7.69
-10.44,-16.11,9.58
-9.03,-14.89,7.75
-3.85,-11.05,-0.49
1.59,-7.39,0.85
5.92,-5.80,2.69
8.30,-5.86,2.69
8.12,-8.79,3.42
7.69,-13.55,2.93
7.20,-18.55,2.69
7.63,-22.58,3.60
8.42,-24.72,4.39
8.12,-25.21,4.76
8.12,-24.35,4.64
8.42,-22.22,4.33
8.54,-19.04,3.78
8.61,-16.24,3.11
8.91,-14.22,2.08
9.58,-12.70,1.28
10.01,-11.60,0.92
11.23,-10.74,0.67
13.61,-9.89,0.92
16.42,-9.03,2.08
18.86,-8.42,3.36
20.63,-8.12,4.09
21.30,-8.24,5.00
24.29,-10.74,6.96
31.01,-18.25,12.33
35.58,-19.29,13.85
41.99,-24.48,13.49
44.56,-19.84,15.69
51.64,-26.25,16.97
53.71,-21.97,18.86
52.80,-18.25,18.31
49.01,-14.04,10.50
44.56,-15.38,10.80
36.50,-2.38,13.67
31.62,0.98,11.29
29.17,-1.89,10.74
25.82,2.69,8.97
24.11,-0.43,5.55
26.12,-9.40,5.98
25.21,-16.72,8.67
20.87,-10.38,7.26
16.60,-2.81,4.94
14.59,-2.44,4.21
12.82,-4.27,4.82
9.95,-5.55,5.55
6.35,-4.64,5.49
3.85,-4.27,5.31
2.32,-4.27,4.94
1.89,-4.03,4.46
2.32,-3.11,4.15
3.17,-1.77,3.85
3.48,-0.61,3.11
2.81,0.24,2.62
2.01,1.22,2.01
1.40,1.89,1.53
-0.24,2.20,0.55
-2.56,1.95,-0.67
-3.97,1.22,-1.89
-4.27,0.85,-2.20
-2.99,1.28,-2.38
-1.83,1.77,-1.53
-0.92,2.81,-0.61
-2.62,4.15,-0.06
-3.91,8.36,-0.61
-4.94,12.57,-0.79
-5.43,20.32,-1.71
-8.00,30.03,-3.48
-13.31,41.87,-4.03
-19.53,57.74,-4.15















-,-,-
4.15,0.73,2.99
3.91,0.00,2.99
3.54,-1.22,2.81
2.75,-2.50,2.56
1.89,-3.42,2.14
1.77,-3.78,1.46
1.53,-3.78,1.10
1.65,-3.72,1.10
1.83,-3.48,1.28
2.01,-3.23,1.28
2.38,-3.60,1.28
2.38,-4.03,0.85
1.83,-4.33,0.31
1.40,-4.09,-0.31
1.34,-3.23,-0.67
1.46,-2.14,-0.79
1.34,-0.98,-1.04
1.22,0.31,-0.92
1.34,1.28,-0.61
1.40,1.77,-0.43
1.83,1.65,-0.31
1.89,1.16,-0.37
1.95,0.31,-0.24
2.08,-0.31,-0.12
1.95,-0.98,-0.12
1.77,-1.40,-0.37
1.04,-2.01,-0.55
0.61,-2.62,-0.37
0.12,-3.60,-0.18
-0.98,-4.46,0.00
-1.40,-5.13,0.18
-1.65,-5.37,0.49
-0.24,-4.88,0.67
1.65,-4.03,2.32
2.44,-2.14,6.77
5.62,2.99,17.46
9.89,11.41,39.79
12.45,17.82,46.81
14.95,24.41,53.77
15.08,24.60,62.38
11.72,29.66,69.40
8.85,35.40,74.34
8.91,35.95,77.45
6.23,32.53,69.27
6.65,27.59,55.85
3.78,26.37,55.91
3.05,27.53,54.20
2.93,25.15,59.88
2.01,25.21,64.09
4.46,25.76,69.09
3.48,27.71,63.66
5.49,29.11,59.39
4.46,27.59,59.08
6.10,18.74,42.48
6.23,11.60,28.63
5.86,10.13,32.71
4.39,15.56,52.31
1.83,14.71,42.42
4.27,13.06,31.80
-1.10,9.52,31.43
0.98,6.04,32.04
8.06,10.13,40.22
6.53,10.38,33.26
6.59,2.08,9.64
5.25,-0.85,-0.49
3.78,-1.40,-1.59
4.46,-1.16,-3.05
3.17,-0.24,-3.78
0.49,1.28,-4.88
-3.05,3.85,-6.71
-5.80,7.26,-8.18
-7.63,11.35,-11.05
-7.51,14.59,-20.14
-7.26,13.79,-37.54
-4.94,9.03,-58.84
0.61,3.66,-72.20
4.58,2.08,-77.70
7.87,5.86,-73.73
9.77,10.68,-60.30
10.50,13.55,-48.77
10.68,12.70,-44.31
8.91,9.40,-44.80
6.96,5.25,-45.72
5.37,1.34,-44.68
5.37,-1.95,-41.50
5.86,-4.70,-35.83
5.37,-6.90,-28.93
4.27,-7.93,-21.42
2.93,-8.97,-14.16
1.95,-11.66,-7.63
0.79,-16.60,-3.17
-2.01,-21.42,0.61
-5.13,-25.33,5.00
-7.93,-28.99,9.64
-11.47,-32.41,12.76
-14.28,-34.36,14.04
-17.33,-35.64,13.73
-19.23,-35.58,10.19
-18.31,-33.94,5.74
-14.47,-28.63,2.93
-7.51,-18.74,-3.42
2.32,-18.74,-1.34
8.06,-15.50,-0.06
15.14,-12.33,-1.71
20.20,-14.34,-1.59
21.42,-20.57,-0.98
20.81,-26.73,0.18
18.37,-28.38,2.08
14.95,-28.32,1.71
10.25,-24.17,-0.92
7.14,-21.97,-0.85
6.29,-20.63,-0.37
7.14,-18.74,0.67
8.48,-17.21,2.32
9.70,-16.91,3.78
11.17,-18.68,4.52
13.37,-23.19,4.27
17.52,-24.78,1.53
22.28,-17.03,2.14
34.61,-19.04,5.00
48.52,-32.84,4.76
57.01,-39.31,6.84
62.07,-32.96,12.76
65.49,-36.38,15.93
63.35,-32.10,18.74
60.85,-30.40,16.42
56.58,-29.36,15.93
50.84,-23.80,11.35
50.84,-27.16,11.78
46.69,-23.80,9.40
47.73,-34.00,11.47
41.75,-21.18,12.57
37.23,-22.09,8.91
29.85,-18.80,5.68
23.44,-16.17,6.90
16.42,-11.84,6.41
10.01,-6.10,4.39
5.92,-3.97,2.93
3.60,-5.62,2.08
-0.18,-7.45,1.22
-4.27,-8.97,0.00
-7.14,-7.87,-1.53
-8.18,-5.55,-2.81
-8.18,-1.83,-3.23
-5.62,2.50,-3.23
-5.62,4.58,-2.38
-5.25,8.06,-1.59
-6.53,9.22,-1.04
-6.47,11.23,-0.98
-5.55,12.94,-0.85
-5.00,14.83,-0.98
-5.31,16.85,-1.46
-6.47,19.84,-2.32
-7.81,25.51,-3.54
-10.07,35.89,-2.99
-11.72,49.87,-1.89
-8.97,62.44,-4.15
-1.22,74.10,-16.78
11.35,84.05,-38.64
24.29,92.71,-52.19
33.81,101.99,-54.50
40.53,107.48,-49.38
42.54,107.06,-41.14
40.16,100.77,-34.79
36.32,90.27,-32.29
31.01,78.37,-30.70
25.70,67.14,-27.34
19.71,57.62,-21.00
12.63,50.29,-12.88
4.88,43.70,-4.94
-1.71,35.16,1.59
-6.65,25.27,6.16
-9.83,16.30,9.52
-11.54,9.40,12.15
-12.08,3.91,12.51
-11.54,0.24,10.68
-10.93,-0.92,7.69
-9.40,-0.49,5.19
-6.41,-0.73,2.69
-3.11,-2.26,-0.31















-,-,-
0.67,-0.12,0.98
1.10,-0.24,1.22
0.85,-0.37,1.22
1.04,-0.31,1.22
1.28,-0.06,0.98
1.40,0.12,0.55
1.28,0.24,0.31
0.92,0.24,0.31
0.61,-0.37,0.55
0.49,-0.98,0.79
0.37,-1.40,1.10
0.06,-1.89,1.10
-0.24,-2.08,0.79
-0.18,-1.95,0.37
-0.18,-1.77,-0.24
-0.67,-1.59,-0.12
-1.34,-1.40,-0.18
-1.65,-0.92,-0.37
-0.98,-0.18,0.31
-0.18,1.34,3.05
-0.24,5.25,14.53
-1.28,8.30,18.43
1.77,3.11,4.15
-0.12,0.37,1.53
-0.85,-0.06,3.60
0.43,0.49,6.96
0.73,2.08,9.52
-0.24,1.77,8.18
-1.65,3.78,17.03
-1.04,10.56,36.99
1.04,15.69,52.86
0.92,24.35,66.89
6.04,25.94,75.99
5.98,26.73,74.22
8.85,26.73,74.22
7.39,26.61,73.91
8.67,31.86,78.25
8.91,31.68,84.66
9.28,31.80,83.74
8.48,30.15,83.80
7.02,25.02,82.95
5.68,24.54,77.51
2.32,23.62,70.98
1.89,14.28,50.54
2.01,11.35,36.93
0.31,15.81,39.37
1.77,14.95,35.10
2.38,14.53,36.50
3.78,10.62,25.94
2.81,10.80,26.73
2.01,10.13,24.17
3.66,9.28,21.73
3.30,4.39,13.67
4.39,0.24,2.38
5.19,-0.24,-1.77
6.84,0.24,-3.36
6.23,1.10,-4.76
3.72,2.44,-7.45
-0.43,4.15,-10.80
-3.85,6.96,-15.32
-6.90,9.95,-17.94
-9.95,12.15,-28.44
-6.96,9.52,-45.41
-2.87,9.22,-57.50
1.16,10.31,-68.30
6.96,12.15,-78.67
10.50,12.88,-84.35
12.33,14.34,-84.59
14.53,14.89,-78.37
15.44,12.76,-66.47
13.31,8.67,-52.55
9.34,4.70,-40.95
5.80,0.00,-34.18
2.69,-5.00,-27.40
-1.04,-8.12,-16.72
-4.64,-10.86,-5.86
-6.47,-13.85,1.40
-8.30,-17.76,4.82
-10.31,-21.61,5.80
-10.68,-24.84,6.53
-10.07,-27.28,9.58
-9.83,-29.48,14.34
-10.86,-31.92,18.13
-11.23,-34.18,19.23
-9.40,-37.54,18.25
2.81,-37.66,5.00
7.02,-35.83,-1.77
13.12,-32.17,2.87
16.85,-25.70,5.55
18.74,-22.89,7.02
16.42,-21.67,7.32
13.98,-20.57,6.04
10.50,-19.59,5.07
7.02,-18.80,3.48
4.70,-18.07,1.40
3.17,-17.64,0.24
2.75,-16.24,-0.55
3.91,-13.92,-0.67
5.98,-11.47,-0.43
9.83,-9.03,0.61
14.10,-7.81,2.26
17.27,-8.36,3.54
21.06,-9.77,4.46
25.02,-12.39,5.37
30.76,-21.30,5.80
37.41,-29.97,5.37
47.00,-39.25,5.68
56.58,-37.84,6.96
68.60,-40.34,7.51
76.97,-46.02,4.46
79.65,-48.40,7.75
77.82,-40.16,15.50
71.78,-33.75,13.92
61.95,-25.57,8.48
52.25,-18.43,5.13
44.68,-16.48,7.81
33.57,-11.05,7.51
25.88,-8.67,7.08
19.53,-7.20,6.53
13.92,-13.06,7.20
6.84,-8.24,3.05
5.55,-6.65,1.95
3.66,-8.12,2.50
2.81,-7.87,2.26
0.79,-5.80,2.20
-2.08,-5.37,2.08
-1.10,-0.49,1.71
-0.85,3.11,1.71
-0.85,5.68,1.40
-2.08,6.35,0.79
-3.78,5.00,-0.31
-4.82,2.93,-0.98
-4.64,1.83,-1.65
-4.09,1.10,-1.65
-3.17,1.34,-1.46
-2.44,1.59,-1.40
-2.44,1.83,-1.59
-3.30,1.95,-1.89
-4.58,2.32,-2.08
-5.31,4.03,-2.62
-6.71,6.96,-2.93
-9.40,11.05,-3.48
-12.94,17.21,-3.85
-15.20,24.60,-4.52
-16.48,31.49,-5.98
-17.58,37.96,-9.22
-17.09,41.93,-19.04
-13.43,41.63,-37.23
-8.36,42.66,-50.35
-1.95,46.81,-53.53
4.39,52.92,-51.39
9.52,57.86,-46.81
12.45,60.30,-41.63
14.59,59.20,-37.29
17.15,54.32,-32.47
18.62,46.57,-26.86
17.88,38.39,-22.09
15.14,31.68,-18.07
11.60,26.43,-13.61
8.12,22.09,-8.18
4.82,18.25,-3.11
0.55,14.83,1.22
-2.81,11.29,3.85
-4.82,8.12,4.76
-4.76,5.62,3.60
-3.54,4.33,0.98
-2.81,5.49,-1.34
-1.65,8.79,-2.81
-0.06,10.62,-3.60
0.98,12.88,-2.56
0.49,13.79,-0.98
0.49,12.02,-0.18
0.12,9.16,0.31
0.24,4.21,-2.69
2.20,0.00,-6.65
3.54,-2.26,-9.40
4.64,-2.75,-10.31
5.07,-1.04,-9.95
5.98,2.93,-8.61
7.87,6.41,-6.53















-,-,-
1.28,-1.71,1.34
1.04,-1.71,1.34
0.61,-1.65,1.22
0.49,-1.46,1.04
0.67,-0.85,0.85
1.10,-0.31,1.16
1.65,0.12,1.34
1.34,0.61,1.65
1.40,0.98,1.59
1.65,1.16,1.46
1.71,1.22,1.59
1.71,1.10,1.10
0.92,0.98,1.10
1.16,1.10,1.16
1.77,1.04,1.40
1.77,1.04,1.46
2.01,1.34,1.59
1.65,1.10,1.59
1.40,1.04,1.77
1.34,1.40,1.95
1.40,1.65,1.83
1.89,1.59,1.71
2.44,1.40,1.40
2.32,0.98,1.65
2.32,1.10,2.69
3.54,2.01,6.41
7.02,5.37,15.63
8.42,9.46,24.90
12.21,11.35,27.53
13.98,10.50,29.24
11.54,9.52,26.12
10.44,11.05,31.13
10.93,13.12,40.16
11.05,17.94,52.55
13.79,19.41,63.42
13.55,22.89,72.88
12.88,27.34,79.04
13.31,29.85,83.37
14.16,22.83,76.78
10.56,21.00,66.71
7.20,23.50,60.18
5.74,28.99,59.08
8.00,26.73,67.69
8.06,26.73,68.91
8.06,25.57,65.67
6.16,23.19,55.79
5.74,20.69,58.90
2.81,23.19,57.92
4.33,23.80,52.00
4.46,19.35,48.95
5.31,17.03,52.67
3.54,16.78,49.13
4.27,13.31,43.09
1.83,12.94,44.19
3.05,11.41,37.54
3.66,7.75,30.94
3.54,5.43,26.12
4.21,5.43,23.93
1.83,5.37,17.82
3.17,3.42,9.09
5.55,1.28,2.81
5.62,-0.55,0.73
4.70,-1.22,0.43
3.42,-1.95,-0.79
1.71,-2.32,-1.22
1.10,-1.83,-0.92
1.28,-0.73,-0.43
1.40,0.31,-0.18
0.92,1.40,-0.24
0.49,2.56,-0.67
0.37,3.66,-1.46
0.06,4.58,-1.40
-0.73,5.19,-1.28
-2.20,4.94,-2.56
-4.88,4.76,-4.46
-6.47,5.62,-8.54
-8.73,7.81,-19.84
-9.95,8.00,-47.73
-7.14,3.17,-74.89
-6.16,0.61,-84.96
-2.69,4.09,-79.59
1.46,11.23,-63.17
5.13,17.21,-47.49
8.97,16.85,-41.44
10.86,10.80,-41.81
10.01,3.66,-42.85
8.73,-2.87,-43.21
8.12,-8.48,-44.25
6.23,-12.27,-45.65
1.46,-12.70,-42.79
-2.50,-10.44,-33.51
-3.72,-8.73,-20.87
-3.48,-9.77,-8.36
-4.33,-12.21,0.18
-5.31,-14.77,5.13
-6.16,-17.15,6.71
-7.02,-19.04,5.86
-7.51,-20.02,3.66
-8.24,-18.98,1.04
-8.06,-16.48,-2.26
-6.35,-12.94,-6.47
-4.33,-8.42,-10.25
-2.62,-3.72,-10.44
-1.34,0.18,-8.18
0.37,1.77,-5.55
0.98,1.77,-4.33
0.12,0.43,-3.97
-1.77,-1.04,-3.72
-3.85,-3.42,-3.60
-5.07,-6.16,-2.75
-5.68,-9.52,1.22
-5.86,-14.10,6.77
-5.86,-18.92,10.93
-2.62,-24.48,9.16
0.67,-23.19,0.18
4.15,-21.73,1.95
7.02,-19.96,3.11
9.09,-16.66,1.65
9.89,-16.36,1.89
9.52,-16.42,3.17
10.99,-16.48,4.27
13.18,-17.64,5.74
14.65,-18.86,6.84
14.47,-19.84,7.08
13.73,-20.51,6.41
13.43,-20.20,5.13
14.59,-18.31,4.58
17.15,-15.20,4.88
21.24,-11.66,5.74
27.65,-8.79,7.57
35.16,-9.09,9.34
45.47,-23.86,13.12
53.41,-32.78,16.48
59.27,-34.06,19.17
66.53,-34.06,18.07
70.07,-33.63,13.00
70.43,-31.80,13.00
65.67,-27.53,11.72
57.86,-23.13,11.11
48.16,-13.55,14.71
42.11,-8.91,14.95
35.58,-2.14,11.66
31.25,-3.78,10.80
30.52,-10.62,8.79
24.96,-7.93,6.16
20.57,-6.35,3.97
17.15,-5.49,3.60
15.08,-6.29,3.36
13.37,-7.69,3.23
11.60,-8.30,3.30
10.31,-7.26,3.78
9.70,-5.43,4.21
9.16,-3.23,4.70
8.67,-1.77,5.13
9.03,-0.61,5.07
10.07,0.55,4.58
10.25,-0.12,4.21
11.05,-5.49,3.23
11.78,-8.79,2.81
7.57,-0.98,1.59
5.80,0.98,-0.24
4.76,1.10,-1.04
2.50,-0.43,-1.46
-0.79,-1.95,-1.40
-2.26,-2.99,-1.59
-3.66,-3.30,-1.83
-3.97,-3.11,-2.32
-1.77,-1.65,-2.14
1.65,0.67,-0.92
4.21,2.69,0.55
5.25,3.17,1.77
4.70,2.99,2.62
3.30,2.32,2.44
1.53,0.55,1.28
-0.24,-0.85,0.67
-1.34,-1.59,0.31
-1.83,-1.59,-0.12
-1.77,-1.28,-0.24
-1.59,0.37,-0.06
-0.98,2.56,0.37















-,-,-
1.10,-1.71,1.10
1.22,-1.83,0.79
1.04,-1.77,0.55
0.98,-1.65,0.43
1.04,-1.71,0.12
1.04,-1.77,0.06
1.10,-1.59,-0.18
1.28,-1.46,-0.24
1.34,-1.22,-0.18
1.22,-1.16,-0.12
0.98,-1.16,0.06
1.04,-1.34,0.31
0.79,-1.53,0.61
1.10,-1.83,0.73
0.31,-2.38,0.67
0.06,-2.99,0.49
0.98,-3.17,0.55
1.04,-3.05,0.55
1.22,-2.56,0.24
0.98,-2.14,0.18
0.18,-1.34,0.24
-0.43,-0.49,0.31
0.31,0.12,0.55
0.31,0.85,0.79
-0.18,0.92,1.04
-1.40,0.43,1.22
-3.60,0.18,1.28
-5.19,0.06,2.20
-5.62,0.49,4.46
-5.13,1.83,9.03
-4.82,3.91,10.68
-3.36,4.33,9.16
-2.56,4.82,12.02
-3.48,8.30,19.04
-1.34,10.13,20.94
2.93,6.71,28.26
2.44,9.28,44.80
2.14,9.58,45.23
3.36,10.62,43.70
0.98,10.31,55.24
0.55,11.72,65.80
2.93,10.93,67.44
4.21,9.52,66.16
7.63,11.54,63.78
6.04,12.51,63.17
4.46,14.47,64.64
4.09,12.51,62.07
4.88,11.17,67.99
4.33,15.20,74.10
5.13,16.11,72.08
2.99,15.81,71.96
2.87,17.03,63.60
4.39,15.50,58.59
6.23,11.29,63.17
4.76,12.57,62.13
6.59,11.78,67.44
2.81,8.24,66.28
6.53,6.59,60.49
3.42,7.14,54.26
1.34,7.14,53.65
3.91,9.64,57.43
5.13,12.21,66.59
-1.28,8.30,68.54
7.69,8.24,66.89
2.87,4.21,53.83
4.82,3.72,45.41
4.70,1.71,39.37
3.36,-0.18,24.48
2.75,-1.28,9.95
3.60,-0.61,0.31
4.88,-0.06,-3.78
5.68,1.22,-5.86
9.52,3.05,-8.61
6.35,4.58,-13.85
-3.23,6.53,-16.78
-9.40,8.61,-20.69
-13.43,12.45,-23.56
-13.79,15.32,-28.26
-11.11,15.14,-32.04
-9.83,14.89,-37.23
-5.62,14.34,-46.81
-3.05,13.92,-55.05
0.43,11.66,-62.87
4.76,8.42,-70.56
9.03,6.65,-78.67
11.54,8.54,-83.62
12.94,12.15,-86.18
16.24,15.14,-87.40
18.25,17.27,-82.82
18.43,19.47,-71.29
17.52,19.96,-57.07
16.78,17.88,-45.10
15.63,12.94,-37.41
12.45,7.14,-31.86
7.57,2.93,-26.06
2.14,0.55,-21.36
-1.59,-2.38,-18.74
-4.03,-6.96,-15.14
-6.77,-11.54,-8.54
-9.52,-14.59,-1.71
-11.23,-16.85,2.99
-13.06,-18.19,5.62
-14.53,-18.49,6.71
-15.14,-18.68,6.10
-15.14,-17.70,5.00
-15.93,-15.38,5.25
-16.17,-13.85,6.41
-15.20,-13.37,6.71
-14.22,-14.16,6.04
-13.24,-15.93,4.76
-13.43,-17.64,2.14
-13.31,-19.23,-0.55
-12.76,-21.18,-2.26
-11.54,-22.52,-2.44
-9.70,-22.95,0.67
-7.75,-23.93,3.78
-5.13,-22.16,-1.46
-2.50,-20.69,-3.48
-0.06,-18.19,-2.32
3.54,-15.75,-1.22
10.31,-14.22,2.69
16.05,-11.60,6.47
22.89,-10.50,8.42
27.89,-13.49,9.58
30.52,-22.03,9.46
31.25,-31.25,9.46
28.32,-30.76,11.29
28.32,-29.91,11.84
35.16,-35.58,11.54
41.02,-36.68,10.01
52.67,-42.60,7.69
62.56,-48.22,5.86
71.41,-51.21,5.19
73.97,-47.61,8.06
75.13,-45.23,5.49
70.50,-38.15,3.23
59.88,-30.82,3.72
56.70,-33.08,8.67
49.68,-26.73,10.74
50.29,-29.54,6.16
47.24,-26.18,4.82
42.91,-24.96,6.47
38.27,-25.57,6.59
30.70,-20.87,3.54
21.30,-13.00,3.97
17.33,-13.98,3.66
15.81,-14.95,2.44
14.16,-14.83,1.22
14.10,-13.55,0.92
14.28,-11.05,1.22
15.08,-8.12,1.16
16.36,-6.65,1.46
17.09,-5.98,1.89
16.30,-5.86,2.14
14.83,-5.98,2.32
14.16,-6.53,2.69
13.61,-7.08,2.93
12.88,-8.97,2.81
13.73,-13.24,2.01
17.88,-20.87,0.55
18.49,-19.59,0.06
16.78,-15.44,-0.24
18.55,-20.81,-2.69
16.85,-20.08,-1.77
12.51,-14.65,-0.98
6.96,-9.16,-2.38
1.46,-3.85,-1.83
-1.34,-3.17,-2.08
-3.30,-3.66,-2.44
-3.97,-4.27,-2.62
-2.75,-3.78,-2.62
-0.37,-2.44,-2.32
1.46,-1.28,-1.71
2.20,-0.43,-0.92
1.89,-0.18,-0.43
0.98,0.18,-0.79
0.24,1.89,-2.26
-0.49,4.27,-3.78
-0.92,7.39,-5.07
-1.46,11.54,-6.59















-,-,-
1.04,-3.48,-1.53
1.22,-1.40,-0.18
1.40,-0.12,0.31
1.16,1.10,0.31
0.85,1.89,-0.31
0.06,1.83,-0.43
-0.12,1.40,-0.31
-1.22,0.37,-0.92
-0.79,-0.55,-1.59
-0.18,-1.40,-1.53
0.18,-1.83,-1.46
0.61,-1.89,-0.85
1.16,-1.65,-0.12
1.95,-0.98,0.79
2.38,-0.06,1.46
2.99,0.49,1.59
2.93,0.79,1.65
2.69,0.61,2.08
2.08,-0.31,1.95
1.46,-1.46,1.53
1.16,-2.38,1.22
1.16,-2.69,0.85
1.34,-2.44,0.98
1.89,-1.83,1.16
2.38,-0.67,0.92
3.60,0.61,0.98
3.66,1.16,1.34
3.48,0.98,1.28
3.72,0.12,0.73
2.81,-2.26,0.61
2.93,-4.46,0.49
3.54,-5.80,0.37
3.72,-6.23,0.61
4.21,-5.55,1.46
5.25,-3.91,2.08
5.92,-2.38,3.23
6.04,-1.16,5.19
6.59,-0.24,8.54
6.84,1.16,14.04
6.96,4.39,26.31
4.82,9.89,47.06
4.64,19.29,65.98
5.80,30.40,82.09
10.62,31.37,97.72
10.86,38.15,111.21
10.50,47.91,123.41
10.38,47.49,123.17
9.64,48.10,116.15
7.81,49.93,113.89
5.86,43.58,108.64
3.54,33.14,94.24
2.38,25.70,77.45
0.49,14.47,61.34
-2.38,9.83,44.92
-3.54,9.40,38.51
-2.56,7.63,36.07
0.06,6.04,27.71
3.23,4.76,16.97
4.15,4.82,12.51
2.75,4.52,9.58
-0.92,6.10,13.18
-5.43,6.35,16.91
-5.07,7.02,23.80
-2.08,13.37,53.34
-3.60,12.02,53.77
2.50,7.45,38.51
9.09,13.73,36.62
1.46,12.02,19.29
4.88,7.57,-1.59
2.56,5.43,-5.37
-0.92,5.68,-6.16
-2.50,7.87,-10.25
-4.39,11.60,-17.52
-6.90,16.48,-27.22
-8.91,19.59,-45.96
-5.25,18.37,-67.75
-3.17,19.04,-73.36
-0.24,22.09,-74.10
5.49,24.72,-74.77
9.16,25.76,-73.24
10.62,23.01,-70.01
9.40,16.60,-65.80
6.53,8.24,-61.40
2.69,-1.16,-58.53
-1.40,-9.77,-56.95
-4.39,-16.24,-55.18
-6.96,-19.90,-50.48
-8.06,-22.16,-42.85
-7.14,-23.56,-31.19
-6.53,-23.44,-16.54
-5.55,-23.07,-3.42
-5.25,-24.72,5.98
-7.20,-28.38,10.93
-9.77,-32.29,12.51
-13.49,-36.25,12.70
-16.42,-39.18,11.11
-16.85,-44.98,10.01
-13.00,-46.69,2.99
-10.56,-37.84,-5.19
-2.56,-31.80,-7.20
-0.37,-27.47,-6.35
2.01,-22.89,-4.88
4.39,-20.94,-3.42
5.86,-20.94,-2.14
6.96,-23.13,-1.65
8.73,-27.28,-0.61
12.21,-31.49,1.22
18.13,-33.81,3.11
27.71,-35.40,5.68
46.81,-50.29,8.30
66.59,-63.96,15.63
76.35,-61.65,20.94
87.46,-61.10,21.24
91.86,-50.42,29.05
92.83,-38.70,27.40
96.62,-40.41,24.29
90.39,-37.84,24.05
78.37,-27.83,21.42
66.28,-30.58,19.29
48.52,-20.51,19.71
35.95,-12.57,10.86
27.22,-11.54,8.73
18.19,-10.19,4.09
9.52,-6.65,1.71
4.39,-12.27,1.10
0.24,-17.21,1.28
-2.62,-18.19,0.92
-4.94,-16.36,0.73
-6.16,-10.44,-0.12
-5.49,-4.15,-1.95
-5.13,3.30,-2.38
-4.82,9.28,-1.77
-3.11,14.89,-0.73
-2.01,19.10,0.67
0.12,22.03,1.89
2.08,23.38,2.56
2.44,22.77,2.38
1.95,20.94,1.34
0.61,18.43,-0.43
0.24,16.78,-2.14
-0.61,14.47,-3.36
-1.95,12.70,-4.39
-2.93,11.54,-5.43
-4.21,12.08,-6.23
-5.25,14.83,-6.41
-5.25,20.26,-5.37
-4.09,28.69,-4.09
-2.26,36.99,-4.03
-0.73,43.82,-6.90
1.10,51.21,-11.66
5.37,61.16,-13.79
13.18,71.96,-13.98
21.67,80.63,-15.81
28.87,86.61,-19.59
33.39,88.99,-20.51
34.67,88.44,-18.25
34.55,87.10,-15.63
33.26,85.94,-13.00
31.31,84.05,-9.83
29.11,81.54,-6.41
27.53,77.39,-4.21
25.94,71.04,-3.23
24.41,63.60,-3.54
23.62,55.85,-4.27
23.38,47.00,-5.19
22.89,37.11,-5.74
21.18,29.91,-5.25
18.92,26.18,-2.87
16.48,24.35,0.55
14.53,21.91,3.72
12.02,17.52,5.68
9.22,10.31,6.65
6.23,-0.67,8.30
3.60,-11.54,10.19
2.38,-21.06,11.90
1.53,-30.82,13.43
0.73,-39.49,14.16
-0.24,-45.04,14.59
-0.98,-47.61,13.79
-1.28,-46.14,11.17















-,-,-
2.32,1.53,1.04
1.77,0.67,0.31
1.10,-0.37,0.00
0.55,-1.34,-0.12
0.55,-1.83,-0.37
1.34,-1.40,0.06
2.08,-0.55,0.61
1.95,0.12,0.85
1.53,0.67,0.49
1.16,1.16,0.12
0.55,1.22,-0.31
0.06,1.16,-0.73
0.31,1.65,-0.92
0.61,1.59,-0.67
0.79,1.10,-0.61
0.37,0.43,-0.24
-0.37,-0.37,0.31
-0.73,-0.79,0.85
-0.67,-0.85,1.46
0.18,-0.49,2.14
1.65,0.31,2.44
2.38,1.04,2.56
2.87,1.46,2.50
2.99,1.59,2.08
2.44,1.22,1.28
2.26,0.73,0.85
1.83,0.06,0.12
0.92,-0.67,-0.06
0.49,-1.22,0.79
0.49,2.99,13.49
-1.65,17.76,56.46
1.95,23.19,66.89
6.04,19.90,56.58
4.82,16.85,46.63
-0.31,17.21,44.25
-4.21,18.13,48.22
-4.21,19.78,54.20
-4.58,22.64,65.92
-4.21,25.94,80.51
-5.37,22.46,89.48
-7.63,21.85,88.75
-8.06,23.32,92.35
-8.42,28.44,96.01
-8.12,31.74,95.21
-2.32,20.87,82.21
-0.18,15.26,58.96
-0.49,9.95,36.56
-1.53,8.06,26.67
0.85,7.26,26.55
5.25,6.65,28.50
7.08,4.03,11.90
4.94,1.53,0.61
1.59,0.61,-1.16
-3.05,0.24,-0.67
-6.04,0.55,2.08
-6.04,2.01,8.79
-4.64,5.37,25.63
-4.15,10.13,49.56
6.35,12.70,40.22
3.78,9.95,19.90
1.59,5.62,6.23
-0.85,3.23,-1.28
-1.28,2.93,-3.54
-1.16,4.52,-3.78
-0.98,8.00,-4.03
3.48,12.76,-5.43
-2.08,17.40,-9.77
-5.86,20.63,-14.95
-8.54,22.40,-24.72
-7.45,22.09,-41.93
-1.53,15.50,-58.65
3.23,8.30,-66.41
5.49,6.41,-67.14
9.09,8.67,-67.69
15.20,9.16,-71.47
20.20,7.39,-76.35
21.24,5.19,-75.68
19.29,4.46,-65.67
17.40,5.92,-50.42
16.11,7.69,-35.34
14.95,7.32,-23.93
13.85,3.85,-17.76
10.62,-1.10,-14.34
6.16,-5.55,-11.05
1.40,-9.34,-8.61
-2.08,-12.63,-5.55
-4.21,-16.48,-1.40
-6.16,-20.57,2.44
-8.00,-22.46,3.85
-9.52,-22.52,3.54
-10.80,-21.97,2.93
-11.23,-21.97,1.34
-10.62,-22.77,0.85
-8.79,-23.86,2.32
-7.02,-24.54,6.10
-4.94,-21.85,8.30
-2.56,-15.08,5.49
4.33,-14.28,2.99
7.14,-16.78,1.95
4.94,-16.78,1.28
0.98,-18.92,0.55
-1.89,-21.91,-1.22
-3.30,-22.40,-2.81
-3.48,-20.69,-3.30
-2.32,-17.21,-2.44
-0.73,-13.37,-1.71
0.98,-10.07,-1.34
1.71,-8.12,-1.10
0.55,-8.06,-1.10
-1.83,-9.46,-2.01
-3.85,-10.99,-2.93
-5.25,-11.84,-4.03
-6.29,-12.15,-4.52
-5.92,-10.56,-4.27
-4.64,-7.93,-3.11
-2.62,-6.65,-2.56
0.00,-5.37,-1.34
2.20,-5.31,0.12
3.85,-8.00,0.55
4.70,-11.72,1.16
5.07,-15.32,2.14
5.13,-20.45,2.08
4.27,-25.57,1.77
3.85,-29.60,1.28
5.74,-30.88,1.65
11.17,-29.36,3.54
19.71,-25.39,6.59
32.23,-20.45,10.99
45.96,-17.21,18.01
63.54,-28.26,29.30
78.43,-41.32,33.14
82.95,-37.54,31.19
81.36,-29.05,29.30
79.90,-19.35,28.44
78.55,-5.62,25.70
81.42,1.28,26.98
79.77,8.36,32.78
76.23,10.93,32.10
69.09,7.51,27.53
63.66,4.64,23.13
53.89,9.77,22.95
40.34,12.39,18.55
28.63,4.88,10.74
17.09,2.93,6.65
7.93,-3.30,2.99
2.81,-14.16,0.12
-1.46,-22.77,-0.98
-4.33,-25.21,-0.98
-5.92,-22.46,-0.92
-6.47,-15.87,-0.73
-6.41,-7.51,-0.85
-6.35,0.31,-0.92
-4.46,7.51,-0.92
-3.05,11.60,-0.85
-1.77,12.57,-0.98
-0.92,11.35,-0.79
-0.49,8.30,-0.67
-0.79,4.27,-0.37
-0.92,1.04,-0.24
-0.73,-0.79,0.61
-0.67,-1.10,1.16
-0.43,-0.37,1.53
-0.43,0.79,1.95
-0.98,1.95,1.71
-0.98,2.87,1.04
-0.98,3.42,0.37
-0.43,3.91,-0.37
0.49,4.27,-0.49
0.85,4.82,-0.18
0.67,5.55,0.18
0.85,6.16,0.37
1.40,6.96,0.85
1.83,7.63,1.22
2.20,7.39,1.40
1.40,6.23,1.04
0.12,4.33,0.55
-0.31,2.56,-0.24
-0.06,0.73,-0.49
0.31,-0.55,-0.49
0.67,-1.59,-0.31















-,-,-
1.46,0.31,0.67
1.65,0.31,0.98
1.46,0.06,0.98
1.40,0.00,0.85
1.40,0.24,0.73
1.65,0.31,0.79
1.59,0.37,0.55
1.53,0.61,0.49
1.89,0.73,0.43
1.89,0.61,0.61
1.71,0.18,0.67
1.53,-0.24,0.43
1.46,-0.67,0.61
1.46,-0.73,0.61
1.65,-0.67,0.79
2.01,-0.67,0.92
2.01,-1.04,0.98
1.59,-1.40,1.16
1.04,-1.71,0.79
0.43,-1.83,0.61
0.61,-1.77,0.73
0.73,-1.53,0.98
1.46,-0.98,1.34
2.56,-0.12,1.40
2.56,0.37,2.08
2.44,0.73,2.44
2.20,0.73,2.44
2.14,0.55,2.69
2.32,0.55,3.17
2.50,0.49,4.82
2.75,0.73,7.02
3.97,3.54,15.75
4.03,9.22,26.67
4.82,14.71,28.26
7.14,17.76,35.89
6.90,14.65,32.84
7.26,17.46,35.52
8.18,20.87,50.42
9.28,27.83,62.74
13.00,34.36,75.62
15.63,32.23,80.20
15.50,31.31,83.31
12.51,30.21,80.63
8.00,31.25,76.48
4.88,28.50,73.36
4.27,26.31,78.19
2.87,26.73,78.86
4.27,25.15,77.21
5.92,23.62,75.68
6.77,22.16,72.27
6.16,21.42,67.08
4.21,20.08,61.34
1.71,14.22,49.80
1.71,14.04,53.59
-0.12,17.40,59.63
-2.44,14.77,50.35
1.59,11.23,43.52
2.50,11.23,43.21
5.74,8.24,43.03
2.08,5.62,24.35
3.17,3.05,12.08
2.75,1.53,8.30
3.30,0.92,4.46
2.99,0.67,3.11
3.78,0.85,2.81
4.09,1.77,2.01
4.15,2.87,0.73
4.39,3.97,-0.49
4.27,4.33,-1.10
3.78,3.97,-2.14
2.81,4.09,-2.81
1.77,4.82,-3.30
0.61,6.23,-3.91
-0.61,7.93,-4.09
-1.77,9.64,-3.66
-3.42,12.21,-2.87
-4.09,13.18,-2.20
-3.48,13.06,-1.89
-3.30,13.92,-1.77
-2.93,15.26,-2.20
-2.08,15.93,-4.82
-2.20,14.89,-16.30
-1.65,13.85,-37.41
0.24,13.18,-55.48
2.50,12.76,-73.91
7.87,14.53,-94.73
13.12,17.21,-112.43
12.02,19.84,-118.59
9.70,21.73,-109.07
8.42,22.89,-86.98
6.29,22.03,-62.44
5.37,18.43,-42.66
5.00,12.33,-29.42
4.03,3.91,-22.09
1.34,-4.94,-19.41
-2.56,-12.39,-17.15
-6.16,-16.72,-10.44
-8.30,-18.98,0.55
-9.16,-21.67,12.15
-9.89,-24.41,18.55
-11.29,-26.67,19.59
-12.94,-28.14,18.37
-13.18,-30.33,16.97
-12.08,-32.47,16.60
-10.19,-34.67,17.64
-7.93,-37.90,18.86
-6.41,-41.08,18.98
-4.15,-40.77,16.42
-1.16,-31.92,8.48
4.76,-23.86,3.42
13.12,-20.39,1.77
17.03,-16.54,1.16
19.78,-12.70,2.20
23.56,-12.27,3.91
27.10,-12.63,5.37
28.02,-13.55,7.45
28.14,-19.10,8.91
29.60,-28.87,9.16
30.70,-26.79,8.30
36.68,-27.28,10.74
46.08,-31.49,9.89
55.48,-26.00,9.64
69.82,-25.27,18.62
81.42,-26.92,25.57
90.45,-30.27,24.72
91.74,-28.14,24.17
84.84,-22.89,24.29
78.61,-20.45,21.30
69.46,-16.11,16.60
61.89,-11.23,17.64
49.68,-11.35,15.63
40.22,-18.13,8.73
28.38,-16.48,3.72
16.97,-7.63,2.69
12.51,-8.36,1.22
10.31,-13.49,-0.73
6.77,-18.37,-1.65
3.78,-21.24,-1.83
3.91,-21.06,-1.16
5.68,-17.58,-0.67
7.81,-12.82,0.49
7.63,-7.93,2.01
7.08,-3.72,3.30
6.23,-0.24,4.27
5.49,2.93,4.82
5.43,4.82,4.88
3.78,4.94,4.52
0.85,3.42,3.23
-1.89,1.53,1.89
-3.97,0.37,0.12
-5.92,-0.31,-1.71
-7.20,0.98,-2.87
-8.42,4.09,-3.30
-9.64,8.24,-3.11
-10.68,13.92,-3.48
-13.18,20.81,-3.72
-16.48,28.20,-4.58
-20.63,35.89,-6.29
-24.90,43.95,-7.87
-26.61,52.12,-9.28
-23.68,59.39,-15.14
-17.88,65.67,-31.56
-6.65,75.50,-49.19
6.23,90.21,-58.35
18.62,105.71,-60.91
29.17,114.93,-59.94
37.90,114.26,-57.07
42.66,104.74,-52.98
43.52,89.23,-47.97
40.04,73.79,-43.03
36.50,61.52,-39.31
33.94,52.92,-35.40
33.45,47.30,-29.91
33.51,41.38,-23.62
34.00,34.18,-17.40
34.48,23.50,-12.21
33.57,9.03,-8.12
31.13,-5.13,-4.58
25.94,-15.08,-2.08
19.90,-22.52,1.34















-,-,-
0.92,-1.65,1.10
1.16,-2.01,1.16
1.16,-2.32,1.22
1.28,-2.32,1.28
1.40,-2.14,1.53
1.77,-1.89,1.77
2.01,-1.65,1.59
2.08,-1.59,1.53
2.14,-1.59,1.53
2.01,-1.71,1.28
1.46,-2.20,1.10
1.10,-2.56,1.04
0.55,-2.44,0.92
0.79,-2.14,1.04
1.28,-1.77,0.92
0.98,-1.83,1.04
0.85,-2.32,1.16
0.67,-2.75,1.22
0.24,-3.60,1.16
0.31,-3.97,0.98
0.24,-3.85,0.85
0.06,-3.23,0.55
-0.06,-2.75,0.61
0.06,-1.83,0.61
0.55,-0.92,0.67
1.16,-0.12,0.73
1.40,0.37,0.79
1.89,0.31,0.85
1.71,-0.06,1.04
1.22,-0.98,0.73
1.10,-2.14,0.18
0.12,-3.11,-0.43
-2.87,-4.03,-0.37
-6.29,-4.21,0.85
-8.00,-2.38,8.18
-7.14,5.43,30.40
-6.16,15.93,54.81
-1.46,20.32,59.20
3.72,22.77,63.17
1.95,29.66,70.43
3.54,34.00,79.41
6.65,35.71,84.66
8.61,40.16,86.85
10.56,36.38,81.30
11.96,34.85,81.30
9.40,33.08,74.58
9.52,30.21,64.15
8.48,22.83,57.43
7.69,24.17,63.42
3.30,23.19,55.11
4.46,16.97,49.19
2.14,16.24,50.84
1.53,15.99,51.15
3.36,19.71,52.61
7.51,16.85,55.97
9.34,15.69,55.48
4.52,12.15,44.74
5.31,15.01,48.71
5.98,16.24,52.06
4.70,16.78,50.05
11.29,18.80,57.01
3.36,13.06,43.46
5.92,8.12,35.77
3.48,4.82,26.49
5.80,1.40,4.46
5.37,0.18,2.87
5.80,-0.12,3.54
5.00,-0.37,2.44
3.85,-0.37,2.32
3.11,0.24,2.14
2.08,0.79,1.89
1.59,1.10,1.65
1.77,1.53,2.14
2.50,1.34,2.32
2.75,0.43,2.01
2.87,-0.06,1.83
2.99,-0.24,2.26
3.17,-0.24,2.93
3.36,0.06,3.17
2.99,0.24,2.81
2.62,0.31,2.32
2.26,0.18,1.95
1.89,0.55,1.46
1.46,0.98,1.46
1.10,1.77,2.32
1.28,2.87,3.48
1.77,3.48,3.17
1.77,3.17,0.92
0.18,2.62,-1.65
-2.01,3.17,-3.66
-3.23,6.04,-4.70
-4.94,10.13,-6.10
-4.88,14.65,-7.57
-4.82,18.80,-8.85
-5.13,20.75,-14.53
-3.78,19.17,-24.84
-1.95,17.88,-39.00
2.56,17.03,-58.59
7.87,15.63,-76.23
9.89,15.63,-86.91
8.97,15.26,-87.34
6.29,15.08,-78.74
2.93,14.53,-67.50
0.79,11.66,-58.17
0.61,6.84,-52.55
-0.55,1.59,-49.26
-2.56,-2.75,-47.79
-4.76,-6.47,-46.57
-7.93,-8.54,-42.30
-9.52,-9.52,-34.06
-9.83,-11.17,-23.50
-9.34,-14.34,-12.76
-8.54,-18.80,-2.56
-8.67,-23.32,7.63
-9.34,-28.20,16.24
-9.70,-35.40,22.95
-10.19,-45.90,29.72
-11.60,-57.86,35.89
-10.01,-59.75,30.33
-8.61,-53.28,12.15
4.52,-50.17,4.82
12.45,-40.59,5.37
16.17,-27.28,6.47
24.17,-17.64,8.06
30.52,-10.80,10.31
36.80,-7.93,11.05
44.98,-16.60,12.27
51.70,-25.09,11.35
52.19,-14.95,12.45
63.90,-29.42,16.42
76.23,-42.79,16.24
81.97,-45.17,9.09
90.64,-53.04,12.08
91.98,-49.13,13.61
80.69,-35.28,12.88
72.81,-25.15,15.63
60.12,-20.45,17.52
56.34,-20.26,10.31
49.74,-19.53,8.54
40.77,-18.49,6.47
31.31,-16.42,2.99
25.15,-11.05,1.77
23.32,-14.22,1.77
22.89,-20.39,1.53
16.17,-16.60,-0.06
12.33,-16.60,0.98
9.09,-10.44,1.22
6.59,-7.45,0.73
4.64,-5.86,0.85
1.95,-5.13,1.16
-0.06,-4.03,1.34
-1.83,-3.17,1.59
-1.71,-0.85,1.71
-1.65,0.06,1.89
0.92,2.93,1.04
0.06,2.75,0.79
-1.10,2.14,-0.06
-2.93,1.04,-1.22
-5.43,0.31,-2.32
-7.32,0.00,-3.42
-9.28,2.26,-3.85
-10.56,7.57,-4.03
-11.66,15.44,-4.52
-14.28,25.27,-5.07
-17.76,37.41,-5.31
-21.85,49.38,-6.71
-25.33,58.65,-15.50
-23.32,60.85,-38.94
-14.83,64.70,-57.98
-2.32,78.31,-65.61
12.15,94.12,-69.21
26.49,104.25,-71.90
37.05,104.06,-71.17
42.66,93.99,-65.49
42.72,79.04,-58.04
39.92,61.83,-52.12
34.61,45.23,-49.62
30.27,31.19,-48.83
25.76,19.17,-46.51















-,-,-
1.04,-0.24,0.67
1.46,0.49,0.61
1.34,1.04,0.85
1.34,1.22,0.98
1.46,1.10,1.16
1.65,0.73,0.98
1.77,0.12,1.10
1.59,-0.73,0.98
1.46,-1.46,0.92
0.43,-1.95,0.85
1.04,-2.08,0.79
1.16,-2.14,0.92
0.92,-1.89,1.16
1.22,-1.34,1.04
1.16,-0.85,1.10
1.16,-0.31,0.85
0.73,0.18,0.49
0.12,0.37,0.55
-0.37,0.61,0.67
0.31,0.61,0.79
0.06,0.79,0.98
0.79,0.31,1.04
1.04,-0.18,1.40
0.61,-0.43,1.53
1.10,-1.04,1.53
1.16,-1.22,1.46
0.98,-1.34,1.16
0.18,-1.28,0.79
0.98,-1.34,0.61
-0.12,-1.77,0.49
-1.10,-2.62,0.49
-1.40,-3.72,0.67
-2.08,-4.58,1.22
-3.78,-5.19,1.89
-5.43,-5.43,3.11
-6.41,-4.21,6.77
-6.29,-1.89,14.40
-4.09,2.32,20.51
1.10,6.90,26.12
3.17,9.52,30.40
4.70,12.70,34.55
3.66,16.91,37.60
6.16,12.15,27.53
8.73,9.40,34.79
8.91,10.19,49.38
12.33,13.55,60.55
15.08,19.53,63.78
18.86,21.67,73.55
17.76,28.02,83.86
19.10,31.49,91.19
19.84,32.84,96.98
22.09,29.30,99.30
20.32,28.02,97.29
20.81,23.74,89.48
19.84,18.13,81.48
18.01,19.47,84.41
15.44,21.06,82.70
13.24,15.50,78.92
11.23,15.01,81.05
7.20,15.38,78.37
6.53,13.85,77.21
3.91,13.31,78.86
6.41,9.22,68.97
4.33,2.99,51.39
5.92,5.92,43.21
9.22,7.81,44.31
6.23,2.32,32.59
7.02,1.40,28.87
6.53,1.22,19.78
6.10,0.37,4.27
5.62,-0.12,0.49
5.19,-0.79,-0.06
3.97,-1.71,-0.67
2.01,-2.14,-0.61
0.67,-1.83,0.49
0.61,-0.85,2.93
0.55,1.10,6.23
0.85,4.15,7.63
1.77,6.53,6.29
1.65,8.36,2.69
0.43,9.64,-2.32
-0.49,10.50,-6.59
-1.59,12.08,-11.66
-2.99,14.71,-18.07
-4.33,16.30,-33.51
-3.78,13.92,-54.81
-2.14,9.09,-72.63
-1.89,8.36,-85.02
-2.14,11.41,-90.58
-1.65,13.06,-90.64
-1.53,12.82,-88.50
-2.50,10.50,-86.85
-4.58,6.96,-85.33
-6.90,2.93,-80.44
-7.81,-0.67,-70.98
-7.63,-3.48,-59.69
-7.32,-6.29,-49.26
-8.24,-10.25,-40.41
-9.28,-15.08,-32.35
-9.09,-20.32,-24.11
-8.54,-25.33,-16.30
-8.61,-28.81,-9.52
-8.42,-31.43,-2.38
-8.61,-33.69,6.04
-9.46,-35.46,12.57
-13.00,-39.73,18.07
-14.77,-44.49,21.30
-12.82,-37.48,10.56
-12.39,-27.65,-0.49
-1.16,-15.14,-2.44
7.45,-14.34,0.18
12.08,-11.90,1.53
16.42,-8.85,4.33
22.95,-10.99,6.84
26.67,-16.24,7.14
25.33,-23.19,6.84
20.57,-29.66,5.74
14.04,-33.33,3.85
10.44,-35.52,2.56
8.61,-35.40,2.44
10.07,-32.17,1.95
14.04,-26.67,2.38
18.37,-21.06,3.54
24.60,-16.85,4.39
33.57,-20.39,5.13
42.48,-26.86,5.49
43.46,-17.27,8.61
49.38,-23.38,11.35
53.28,-28.26,8.91
53.22,-24.11,7.26
63.84,-34.00,6.59
70.43,-37.23,6.41
74.10,-39.49,2.81
75.68,-38.76,6.96
78.67,-43.03,14.16
73.85,-38.45,10.86
55.60,-21.91,9.70
41.50,-15.75,8.24
29.42,-9.09,8.73
24.23,-10.74,4.52
19.29,-10.62,3.78
13.37,-10.93,5.25
9.28,-13.73,3.05
5.07,-19.96,1.10
1.40,-24.66,-0.61
-1.89,-26.18,-1.89
-3.48,-23.50,-2.50
-3.05,-17.52,-3.36
-1.77,-10.19,-3.54
-0.18,-3.42,-2.93
0.67,2.01,-2.26
1.28,5.74,-1.95
1.59,7.69,-1.40
2.08,7.93,-1.04
3.17,6.77,-0.73
4.21,4.46,-0.06
3.97,1.59,0.73
3.78,-1.04,1.04
2.62,-2.81,1.53
1.77,-3.54,1.22
1.53,-2.93,1.34
1.40,-1.34,1.10
1.22,0.79,0.85
1.40,2.75,0.55
2.14,4.39,0.55
2.62,4.82,0.67
1.95,4.09,0.49
0.37,2.56,0.12
-0.85,1.34,-0.24
-1.77,0.79,-0.98
-2.20,0.55,-1.95
-2.99,1.04,-3.23
-3.97,2.26,-4.21
-5.37,4.39,-5.68
-5.55,7.57,-6.90
-5.80,13.67,-6.47
-5.80,21.73,-5.49
-5.19,29.66,-5.31
-4.88,36.25,-5.13
-5.92,40.04,-5.86















-,-,-
-0.18,-3.36,1.28
0.55,-3.48,0.37
0.49,-3.66,1.10
0.00,-3.23,2.44
-1.40,-2.75,3.97
-2.50,-2.56,4.09
-3.05,-2.81,3.23
-2.69,-2.56,1.59
-1.22,-1.95,0.43
-0.12,-1.10,0.06
0.85,-0.37,-0.37
1.83,0.12,-0.92
2.50,0.49,-0.73
2.56,1.46,0.37
1.83,2.08,1.40
0.92,1.71,1.46
0.00,0.98,1.22
-0.85,-0.12,1.40
-0.98,-1.28,1.77
-0.79,-2.20,2.08
-0.79,-2.81,2.14
-0.67,-2.87,1.77
-0.67,-2.44,1.16
-0.24,-1.77,0.31
0.06,-1.46,-0.06
0.31,-1.34,-0.61
-0.06,-0.85,-0.55
-0.37,-0.06,-0.31
-1.16,1.04,-0.43
-1.83,2.01,-1.53
-2.44,2.08,-2.69
-2.38,0.79,-3.42
-1.89,-1.46,-3.42
-1.40,-5.25,-3.60
-2.01,-11.90,-4.46
-3.91,-19.84,-4.88
-7.87,-26.00,-3.11
-12.33,-28.81,1.16
-15.01,-27.40,3.54
-14.10,-23.01,2.56
-9.64,-17.03,-0.67
-2.01,-9.46,0.85
3.85,-3.54,6.53
8.36,1.34,7.87
9.89,2.99,8.79
8.42,1.59,10.38
7.45,-1.77,15.50
4.88,-3.36,17.46
3.11,-3.66,18.07
2.26,-4.52,25.21
0.92,-2.99,33.69
-0.85,4.88,34.91
2.69,17.64,55.73
5.00,25.94,70.43
9.28,29.54,66.83
12.15,27.71,66.77
10.93,28.50,71.96
8.18,28.56,73.97
8.18,23.07,71.72
5.25,24.66,75.20
1.89,24.66,72.88
0.92,22.83,69.64
0.49,22.09,64.94
2.26,19.47,63.11
2.81,20.51,57.31
3.11,9.22,27.89
7.69,9.09,24.60
6.90,15.14,43.58
8.24,13.73,41.14
5.74,7.14,19.41
3.30,3.11,6.35
0.92,1.71,4.15
1.40,1.89,1.71
2.62,5.43,0.61
1.28,8.42,-2.20
-1.10,9.46,-4.39
-3.66,10.99,-7.08
-4.15,12.45,-13.12
-4.76,9.58,-32.71
-2.62,1.71,-57.68
2.14,0.73,-70.43
8.36,16.54,-70.19
16.91,34.48,-63.23
24.48,43.03,-61.77
29.05,42.18,-68.54
31.80,37.54,-76.42
31.86,31.80,-79.10
30.46,25.39,-75.93
26.49,18.01,-68.60
19.78,10.19,-54.50
10.62,1.71,-35.64
1.34,-7.02,-19.23
-6.65,-15.75,-9.16
-14.65,-26.61,-2.20
-20.75,-37.84,5.68
-26.67,-44.07,12.15
-30.70,-43.33,13.43
-31.31,-38.27,10.07
-28.87,-30.76,5.68
-23.13,-22.28,2.99
-17.09,-16.42,3.36
-13.18,-15.32,3.54
-10.86,-17.09,-0.43
-9.64,-19.96,-3.91
-7.81,-27.34,1.04
-7.57,-40.16,15.87
-9.58,-58.78,30.64
-14.22,-76.11,34.12
-14.95,-65.25,10.80
-0.79,-42.36,-2.38
10.74,-31.92,9.34
24.11,-19.47,12.21
42.48,-13.85,16.60
58.96,-13.85,22.52
72.81,-18.25,22.83
78.92,-18.31,20.81
77.82,-20.26,17.82
66.77,-15.69,21.24
56.27,-12.70,11.90
46.02,-13.31,6.35
35.16,-10.44,9.28
23.80,-7.69,7.02
13.85,-8.18,4.15
6.29,-11.60,0.79
2.62,-15.87,-0.67
0.85,-18.07,-0.85
0.12,-15.93,-1.10
-0.61,-11.17,-1.22
-1.77,-6.04,-1.28
-1.71,-1.10,-0.61
-1.34,3.42,0.06
-0.92,7.69,0.55
-0.24,11.23,1.34
-0.61,14.47,1.04
-2.62,18.68,-0.31
-6.29,27.28,-4.27
-8.91,43.40,-11.17
-6.16,61.40,-20.26
4.52,91.74,-40.47
23.38,129.46,-63.90
44.31,159.73,-78.49
63.84,175.84,-81.48
80.20,172.30,-79.35
92.10,163.45,-77.64
99.43,161.44,-75.01
104.06,167.54,-68.30
106.75,174.99,-58.65
109.31,175.78,-52.55
109.31,161.56,-51.09
101.75,134.03,-49.38
90.45,101.87,-40.89
78.37,70.80,-24.66
68.24,43.33,-6.77
59.02,20.87,11.41
49.87,-0.18,32.59
37.41,-15.99,50.84
19.96,-22.46,63.84
3.66,-22.22,72.51
-8.91,-19.71,76.11
-15.56,-17.76,74.10
-18.55,-18.01,67.50
-19.17,-20.32,57.31
-19.23,-23.80,45.23
-20.14,-28.69,34.30
-21.48,-35.52,27.47
-23.32,-44.62,24.90
-24.78,-54.63,24.17
-25.51,-64.15,21.91
-25.88,-72.51,17.03
-25.70,-78.92,8.85
-26.06,-84.47,-1.46
-27.71,-89.42,-9.64
-33.51,-91.06,-13.24
-40.10,-86.79,-12.63
-44.80,-76.35,-9.83
-45.90,-59.20,-6.41
-42.11,-36.56,-5.74
-33.87,-13.37,-10.31
-24.48,5.19,-18.80
















-,-,-
0.06,-2.93,1.71
0.92,-2.38,2.01
1.34,-1.89,2.26
1.65,-1.65,2.38
1.16,-1.16,2.56
1.10,-0.85,2.32
1.46,-0.98,1.40
1.65,-1.71,0.12
2.01,-2.08,-0.92
1.77,-1.83,-1.34
1.40,-1.53,-1.16
1.40,-1.65,-0.73
1.22,-1.65,-0.55
1.46,-1.40,-0.73
1.83,-0.98,-0.67
1.77,-0.31,-0.49
1.65,0.79,-0.12
1.71,1.71,0.18
1.83,1.71,0.55
1.83,1.59,0.49
1.53,1.40,0.31
1.65,1.34,0.12
1.83,1.46,0.18
1.89,1.65,0.37
1.65,1.34,0.43
1.77,0.37,0.61
1.59,-0.85,0.85
1.77,-1.95,0.92
1.46,-2.99,0.92
1.65,-5.37,0.61
1.22,-10.68,0.67
-1.59,-16.42,1.34
-5.19,-21.06,3.54
-6.96,-19.96,2.69
-4.82,-15.20,-1.10
-2.20,-13.55,-1.77
-0.18,-10.19,-2.81
4.15,-5.80,0.92
7.63,-1.65,4.46
11.60,1.10,4.70
13.79,-0.12,5.07
12.51,-3.23,4.52
7.75,-6.77,3.97
0.49,-11.66,2.93
-5.80,-15.38,2.26
-8.73,-15.01,5.31
-9.70,-8.18,19.71
-6.77,0.85,36.38
-2.75,12.57,50.29
2.75,22.95,51.70
8.91,30.70,64.21
13.61,34.67,81.54
13.06,37.17,79.71
11.96,39.86,74.65
8.97,37.72,85.21
7.39,30.64,73.24
5.98,25.70,63.66
4.15,23.50,54.50
5.25,18.86,51.09
6.29,18.37,49.13
7.93,15.69,41.02
9.40,17.76,48.52
7.39,13.43,44.86
7.26,11.05,33.20
5.43,10.99,33.69
4.76,7.02,22.89
4.58,3.85,7.69
3.72,3.78,4.15
4.21,3.97,2.69
4.76,4.58,0.79
3.91,4.70,-0.31
1.71,4.94,-1.16
-1.65,5.19,-2.14
-3.91,6.04,-1.95
-3.72,7.69,1.16
-0.55,12.76,17.46
0.55,19.53,45.23
0.61,17.09,29.48
2.08,10.99,-0.37
0.79,6.10,-5.07
-0.12,-1.34,-12.88
1.40,-8.97,-32.17
1.95,-12.51,-48.83
0.92,-7.39,-55.36
2.69,4.64,-57.07
5.92,17.03,-63.84
9.58,22.58,-73.18
13.61,22.95,-74.28
15.20,20.51,-65.55
13.12,15.87,-55.60
8.24,9.03,-49.01
2.56,0.06,-45.41
-3.17,-7.45,-42.85
-7.69,-13.67,-38.21
-10.25,-17.94,-30.33
-11.11,-21.85,-16.30
-13.18,-25.45,0.12
-15.99,-28.93,11.84
-18.55,-33.87,17.70
-20.14,-42.60,20.69
-20.69,-55.18,21.12
-21.67,-58.04,10.44
-13.98,-42.18,-15.44
-5.98,-35.77,-12.33
-1.53,-28.63,0.55
3.36,-19.29,-0.49
6.35,-12.88,-0.06
13.00,-7.51,3.60
25.51,-3.48,7.93
41.93,-4.03,12.82
60.12,-23.86,21.73
66.77,-27.22,27.83
67.87,-19.59,29.97
69.03,-15.87,32.17
70.50,-19.47,30.15
67.63,-20.45,27.28
58.04,-13.67,20.32
45.90,-16.42,10.07
33.20,-24.60,4.64
18.01,-21.18,0.92
8.18,-13.79,0.79
2.69,-10.13,-0.31
0.67,-13.12,-1.59
-1.95,-13.61,-2.32
-4.46,-11.47,-3.11
-6.77,-8.67,-3.72
-8.48,-5.43,-4.03
-8.67,-1.83,-3.72
-7.69,1.34,-3.30
-6.96,3.85,-2.62
-6.77,7.20,-1.89
-6.23,11.05,-0.92
-4.82,16.85,-0.31
-2.81,22.34,0.37
-1.77,28.32,-0.79
-2.93,37.35,-5.55
-4.03,48.71,-13.85
-0.55,60.73,-30.94
9.03,80.38,-49.56
22.03,102.91,-61.52
36.56,120.06,-64.03
51.09,126.77,-60.30
64.51,125.12,-55.05
74.28,116.39,-50.11
80.26,103.33,-48.71
83.80,90.03,-48.71
85.51,80.20,-45.10
85.75,73.85,-37.11
85.39,69.27,-28.08
84.05,62.93,-19.84
80.87,51.57,-13.06
75.38,37.05,-7.69
68.24,23.19,-1.89
59.45,12.39,8.73
47.49,3.11,24.66
32.23,-9.95,44.74
15.01,-18.25,56.58
1.71,-17.82,53.77
-10.74,-13.98,48.40
-21.73,-6.71,49.32
-30.76,2.50,56.88
-38.64,8.54,64.76
-44.43,6.84,67.63
-48.58,-2.32,59.14
-53.34,-14.71,41.50
-58.96,-26.18,25.51
-63.29,-37.05,18.13
-67.93,-45.29,17.58
-73.06,-47.67,18.74
-76.97,-43.64,18.55
-78.00,-36.19,15.56
-75.68,-30.40,9.28
-69.34,-28.99,2.20
-62.01,-30.88,-2.81
-54.32,-32.78,-5.86
-46.02,-33.69,-8.67
-36.01,-33.39,-10.74
-25.94,-31.01,-13.37
-17.33,-26.73,-17.27
















-,-,-
1.22,-0.37,0.92
1.28,0.00,0.85
1.40,0.37,0.73
1.16,0.49,0.73
0.67,0.55,0.61
0.67,0.55,0.67
0.79,0.49,0.92
1.04,0.55,0.92
1.28,0.18,1.22
1.46,-0.31,1.46
1.34,-0.55,1.22
1.10,-0.55,1.16
1.04,-0.37,1.10
1.46,0.06,0.92
1.28,0.24,0.92
1.22,0.43,0.92
1.16,0.43,0.92
0.79,0.55,0.98
0.73,0.61,1.34
0.92,0.73,1.40
1.16,0.61,1.46
1.53,0.73,1.40
1.83,0.73,1.40
1.83,0.55,1.46
1.53,0.31,1.46
1.40,0.24,1.59
1.46,0.24,1.40
1.16,0.12,1.28
1.04,0.12,1.22
0.98,-0.12,1.34
0.73,-0.49,1.34
0.00,-0.43,1.89
-0.55,0.98,6.10
0.43,5.74,21.12
1.71,7.14,20.57
4.70,6.90,11.78
5.62,10.86,25.82
8.79,15.50,38.39
8.36,23.13,50.48
9.34,23.62,50.90
9.46,25.51,55.60
10.99,34.48,77.33
13.67,38.09,77.21
14.04,34.36,68.12
13.31,29.60,65.06
13.43,32.35,77.70
15.20,33.02,83.44
16.42,28.87,75.50
15.26,23.99,69.15
8.97,20.51,51.82
5.00,13.85,36.32
2.08,8.97,25.94
2.20,10.68,28.08
2.08,16.24,46.14
3.23,12.51,33.08
3.60,10.31,25.51
3.30,10.56,17.94
5.00,12.63,26.06
5.74,11.35,27.65
6.96,10.68,20.69
4.94,7.32,9.70
4.27,5.92,-0.79
3.42,6.59,-2.93
1.46,7.26,-5.31
-1.95,4.52,-16.48
-6.77,-2.56,-44.49
-12.39,-6.84,-66.10
-14.22,-6.35,-61.95
-11.35,-0.24,-54.75
-5.37,12.70,-54.32
1.16,24.48,-55.85
8.85,30.70,-57.56
15.50,33.26,-57.56
20.69,33.08,-55.24
21.85,30.46,-52.55
20.63,24.78,-49.26
18.19,16.60,-43.88
14.83,7.63,-34.73
10.44,-2.44,-20.94
2.93,-10.74,-6.77
-4.39,-14.28,2.44
-9.70,-18.80,9.46
-13.00,-27.83,14.65
-15.56,-35.46,17.15
-17.52,-37.78,17.82
-17.88,-35.46,16.60
-15.81,-30.58,11.54
-11.96,-24.90,4.70
-9.09,-18.31,0.00
-6.90,-11.96,-1.10
-5.19,-6.77,1.22
-3.91,-3.36,3.48
-2.93,-2.69,2.50
-2.50,-4.88,1.71
-3.05,-10.44,4.33
-5.86,-20.26,9.46
-9.40,-34.79,15.08
-12.39,-38.45,9.52
-8.42,-25.57,-6.41
-1.28,-31.92,-0.06
3.36,-23.07,1.71
9.22,-14.10,1.34
15.20,-10.31,1.83
27.40,-20.14,2.08
38.82,-29.85,4.15
49.80,-28.63,9.09
56.27,-28.99,10.50
53.28,-24.66,11.17
44.80,-20.39,9.64
37.29,-15.01,8.42
34.06,-19.53,3.48
29.85,-19.04,4.33
17.88,-9.22,3.23
7.26,-10.19,0.61
-0.49,-17.52,0.06
-5.49,-23.07,-0.67
-7.81,-22.28,-0.79
-7.87,-15.50,-0.85
-6.53,-5.00,-0.18
-4.70,8.18,0.55
-1.59,23.38,1.46
1.53,35.16,0.98
2.08,40.53,2.08
0.79,40.53,2.44
-0.73,37.41,-0.24
-3.60,38.27,-5.62
-2.38,45.78,-12.88
3.05,61.65,-32.65
13.12,79.90,-51.15
24.29,94.91,-56.95
35.52,103.39,-54.02
46.08,106.93,-50.54
55.11,107.67,-48.71
63.78,104.19,-46.88
68.79,99.06,-45.17
70.92,94.30,-43.88
70.98,90.09,-40.34
70.13,85.69,-33.39
68.91,77.70,-25.76
65.19,64.76,-19.47
58.78,49.80,-13.12
51.21,37.11,-5.25
43.70,27.40,3.72
36.01,19.84,13.12
28.02,13.79,22.16
20.57,9.58,29.48
14.34,7.20,34.73
9.58,6.71,37.72
3.78,9.09,39.00
-0.79,13.24,38.94
-3.30,15.20,40.83
-5.07,13.98,43.82
-6.41,10.31,47.55
-7.45,1.83,51.39
-8.24,-6.53,54.44
-8.12,-13.37,55.79
-9.52,-19.47,54.81
-12.94,-25.15,51.45
-16.48,-32.29,43.70
-23.68,-39.92,32.84
-30.70,-47.49,24.05
-33.39,-54.93,21.42
-33.39,-61.83,22.03
-33.14,-65.86,20.94
-33.81,-64.27,16.30
-33.14,-55.60,8.24
-29.30,-41.81,-0.79
-26.43,-25.39,-8.36
-23.32,-8.73,-16.91
-17.70,2.81,-26.00
-11.47,4.46,-32.10
-6.77,-3.17,-35.40
-5.49,-13.49,-36.80
-8.91,-19.65,-37.54
-12.88,-19.41,-35.71
-16.78,-17.82,-28.32
-18.92,-19.04,-17.88
-18.31,-22.34,-10.19
-16.30,-23.50,-8.24
-13.79,-18.74,-10.62
















-,-,-
1.40,-0.37,1.22
0.98,-0.12,1.04
0.73,0.43,0.92
1.16,1.04,0.92
1.77,1.40,0.85
2.01,1.28,1.10
2.08,0.85,1.22
2.20,0.61,1.34
2.50,0.43,1.65
2.44,-0.06,1.77
1.65,-0.37,1.10
0.85,-0.49,0.73
0.61,0.06,0.55
0.79,0.73,0.73
0.79,1.04,0.61
1.16,1.16,0.73
1.46,1.04,1.28
1.65,1.16,1.53
2.20,1.04,1.83
2.50,0.98,2.08
2.69,0.73,1.95
2.26,0.37,1.77
1.77,-0.06,1.28
1.53,0.12,0.73
1.53,0.24,0.79
1.10,0.06,1.10
1.16,0.00,2.01
0.98,0.55,2.69
1.04,1.46,4.76
1.77,2.99,7.93
3.30,5.80,18.68
6.59,11.84,41.38
10.99,13.98,52.43
11.41,14.89,48.77
12.45,18.01,50.90
12.88,24.66,68.12
13.49,25.45,66.96
13.24,23.93,68.97
10.99,23.56,70.43
9.77,19.04,59.14
8.06,14.77,52.25
6.29,15.87,48.40
6.10,14.47,55.66
3.85,14.89,51.33
2.56,15.81,48.10
1.10,12.88,41.38
3.72,14.77,44.07
3.91,13.79,48.10
7.32,13.98,34.55
8.61,10.56,15.38
7.57,10.07,17.09
8.42,7.63,16.11
7.69,7.57,15.14
5.98,6.29,0.37
3.05,5.43,-4.15
-0.18,5.86,-6.16
-3.23,6.47,-15.01
-7.69,3.60,-41.44
-8.61,-2.14,-60.12
-9.52,-2.44,-52.92
-7.81,1.59,-46.20
-3.54,9.64,-49.56
1.34,16.24,-56.76
7.14,18.80,-61.83
12.39,18.68,-63.05
16.36,17.46,-60.79
17.09,14.89,-53.34
14.28,12.57,-41.56
11.05,11.17,-30.21
7.20,8.54,-23.32
3.30,2.50,-20.51
-0.49,-3.91,-17.40
-3.66,-9.64,-10.86
-7.02,-14.10,-3.23
-9.83,-17.82,3.23
-12.51,-20.32,9.09
-14.34,-22.52,15.01
-15.01,-25.02,18.92
-15.99,-28.63,19.78
-17.15,-32.41,17.33
-16.72,-35.83,14.04
-14.65,-38.94,13.85
-10.56,-43.82,17.33
-2.50,-32.47,5.25
5.13,-21.36,-0.67
11.11,-15.26,5.68
17.94,-11.29,4.88
22.52,-19.41,2.01
28.99,-33.08,-0.49
34.73,-28.32,4.03
42.24,-23.99,12.88
51.15,-21.18,16.42
56.27,-16.97,19.35
55.36,-17.94,17.64
46.39,-19.35,13.49
32.23,-11.60,8.54
25.39,-12.76,8.61
20.87,-12.33,8.42
11.54,-4.27,3.23
3.66,-7.26,-0.43
-0.79,-16.54,-0.06
-3.85,-20.75,-0.85
-4.94,-18.62,-0.98
-5.07,-12.15,-1.59
-4.15,-4.09,-2.01
-2.87,3.97,-2.14
-2.38,11.84,-2.44
-3.23,17.46,-2.93
-5.13,21.36,-3.05
-7.39,23.44,-3.72
-9.64,25.94,-5.80
-12.02,33.33,-11.54
-10.50,44.19,-19.53
-3.78,62.56,-32.04
8.30,85.21,-42.18
22.58,100.83,-46.08
34.00,104.06,-43.88
41.44,99.30,-39.92
45.53,91.61,-36.19
47.18,82.15,-32.65
46.63,72.88,-30.15
42.79,66.47,-27.71
36.50,63.11,-24.48
29.72,58.29,-18.62
23.07,50.60,-11.05
17.64,39.92,-5.19
13.31,27.34,-1.77
9.70,13.37,1.28
6.04,0.31,3.23
2.99,-8.54,4.70
1.77,-14.40,6.53
1.04,-19.10,7.20
0.61,-22.22,5.62
0.37,-23.13,2.87
0.79,-22.64,0.06
2.01,-27.53,-0.92
2.56,-33.69,-2.44
6.35,-31.62,-6.23
9.83,-27.53,-9.58
13.31,-24.29,-10.86
15.20,-23.68,-10.56
14.40,-24.11,-9.34
12.70,-22.77,-7.14
11.90,-18.98,-4.76
11.78,-13.12,-3.23
11.29,-7.51,-1.40
10.56,-4.82,1.53
9.28,-5.55,5.00
6.10,-8.67,7.75
1.59,-12.45,9.95
-3.78,-14.28,11.54
-7.26,-13.31,12.33
-8.54,-9.95,12.15
-9.09,-6.10,12.57
-10.62,-2.50,12.45
-13.61,0.79,12.39
-16.72,1.77,13.06
-19.17,0.18,13.37
-21.36,-2.26,13.61
-22.46,-5.43,13.67
-22.58,-8.85,13.49
-22.71,-10.74,13.37
-23.50,-10.01,13.31
-24.72,-8.00,12.70
-24.17,-5.49,11.35
-22.64,-2.14,9.77
-20.75,0.98,9.09
-17.03,2.44,8.79
-13.18,2.20,8.61
-10.01,1.04,8.48
-8.30,0.00,7.57
-6.90,0.00,6.16
-5.37,1.28,5.07
-4.21,2.81,4.46
-3.85,3.42,3.78
-4.27,2.87,2.50
-5.80,2.20,1.83
-7.57,1.89,1.71
-8.24,1.28,2.56
-7.93,-0.18,3.72
















-,-,-
2.50,0.24,1.40
2.26,-0.24,1.71
2.14,-0.67,1.46
1.95,-1.10,1.53
1.89,-1.34,1.59
2.26,-1.28,1.40
2.32,-1.04,1.22
2.08,-0.85,1.04
1.53,-0.31,0.79
1.16,0.00,0.61
1.16,0.00,0.37
1.46,0.12,0.31
1.65,0.00,0.73
1.71,0.12,0.98
1.40,0.31,0.92
0.98,0.24,0.73
0.79,-0.06,0.73
0.73,-0.18,0.49
1.10,-0.37,0.24
1.04,-0.61,0.31
1.04,-0.67,0.43
1.46,-0.37,0.92
2.14,-0.18,1.34
2.01,0.12,1.40
1.28,0.00,1.34
1.40,-0.18,1.65
1.65,-0.24,1.65
0.18,-0.31,2.62
-0.98,0.49,5.13
-1.04,6.53,16.85
4.64,19.71,52.12
12.39,25.70,77.51
19.04,32.71,68.24
18.74,35.71,74.52
15.26,32.17,73.36
14.10,27.89,59.39
12.94,26.49,65.31
11.90,29.42,74.95
10.31,25.02,70.25
9.95,20.69,65.31
5.62,17.76,59.88
4.39,13.55,52.06
3.97,10.25,39.49
4.21,13.55,43.27
3.42,14.40,44.86
5.49,9.95,34.00
3.97,10.25,32.65
3.91,8.00,18.25
2.87,6.23,14.59
1.65,6.53,12.76
0.67,6.23,11.17
0.18,7.02,21.73
0.55,7.20,21.67
1.77,7.51,18.43
1.46,6.77,16.11
2.26,6.90,11.78
0.55,9.46,14.95
-0.49,8.79,8.79
-0.18,5.92,-2.26
-1.83,5.86,-4.33
-3.11,6.84,-7.26
-5.68,6.10,-20.51
-8.61,3.72,-50.54
-9.34,-1.46,-69.76
-8.67,-2.32,-72.88
-5.13,9.40,-70.92
-0.12,23.19,-63.72
4.46,29.48,-57.37
7.93,28.56,-56.15
10.13,24.05,-54.69
10.74,17.88,-49.07
10.19,11.35,-43.15
7.75,3.60,-39.61
2.32,-3.72,-37.41
-4.21,-9.28,-31.01
-8.91,-13.31,-18.80
-10.99,-17.46,-5.68
-12.27,-23.68,6.04
-14.47,-31.98,15.20
-16.60,-40.22,19.96
-19.23,-46.69,22.46
-20.08,-53.59,24.35
-17.09,-54.20,17.40
-7.32,-30.40,-8.61
0.98,-23.68,-9.58
10.19,-18.07,-1.40
26.37,-11.90,-0.73
41.50,-25.57,0.92
52.06,-36.38,-1.65
61.65,-33.94,1.77
66.04,-28.44,13.18
63.54,-28.20,15.20
57.13,-23.25,10.86
50.84,-22.16,6.47
40.59,-15.01,4.76
31.56,-15.63,5.98
23.19,-17.52,4.88
13.18,-11.23,1.89
4.21,-11.66,1.10
-1.22,-17.27,0.79
-3.97,-19.78,0.18
-4.94,-16.72,0.06
-4.88,-10.74,-0.92
-4.82,-4.58,-1.83
-4.76,1.59,-1.83
-4.39,7.45,-2.26
-4.21,12.33,-2.81
-4.88,16.66,-3.54
-5.80,20.51,-2.56
-6.96,24.35,-1.71
-7.75,28.75,-2.75
-7.87,35.22,-5.19
-6.53,43.52,-8.18
-3.36,45.65,-14.59
2.69,50.29,-28.32
11.66,61.58,-39.79
20.94,73.36,-43.21
29.24,78.55,-40.34
37.05,75.87,-37.05
43.58,67.02,-34.30
48.10,55.66,-30.52
50.23,45.72,-26.18
48.83,36.68,-20.69
44.13,28.20,-13.00
37.96,18.74,-5.43
31.13,7.14,0.00
23.74,-3.97,4.94
16.30,-12.82,9.70
10.74,-18.25,13.79
7.39,-21.73,16.42
5.86,-24.96,16.72
5.25,-27.04,15.14
5.98,-26.61,13.37
8.00,-24.11,12.27
9.95,-20.26,11.35
12.45,-15.63,9.52
14.47,-10.62,5.86
15.93,-5.55,2.56
17.09,-1.59,-0.31
18.49,1.89,-2.93
20.51,5.31,-4.27
23.86,8.42,-4.70
27.34,11.66,-4.94
29.91,15.14,-4.64
31.43,18.92,-4.15
31.43,21.48,-3.54
29.24,23.07,-1.65
25.09,24.41,3.36
17.46,26.55,11.35
7.81,30.58,20.39
0.98,33.08,27.28
-6.16,32.41,30.82
-10.74,30.64,31.86
-12.08,29.72,31.37
-13.49,32.23,31.86
-16.85,36.25,34.55
-23.68,37.60,37.23
-31.31,33.69,39.55
-40.10,24.17,42.11
-45.96,15.44,42.60
-50.35,4.58,38.64
-57.98,-9.83,29.36
-68.24,-28.32,19.23
-75.68,-46.45,13.24
-78.86,-60.67,11.90
-82.52,-65.61,10.19
-85.63,-51.33,2.75
-80.69,-22.64,-9.28
-65.06,8.54,-21.55
-40.59,26.67,-27.47
-15.14,25.88,-27.04
-0.98,16.24,-26.73
3.54,8.73,-28.99
4.21,0.31,-27.59
1.89,-10.01,-21.67
1.10,-21.00,-15.99
1.71,-30.82,-12.51
2.01,-37.78,-11.11
3.36,-41.26,-10.38
5.00,-40.16,-9.46
















-,-,-
2.75,1.16,-0.06
2.69,0.31,0.06
2.56,-0.31,0.24
2.44,-1.46,0.00
1.89,-2.26,-0.43
2.01,-2.75,0.00
1.89,-2.62,0.06
2.44,-2.32,0.06
2.20,-2.01,0.06
2.01,-1.34,0.12
2.56,-0.79,0.12
2.50,-0.43,0.67
2.99,-0.43,0.85
3.23,-0.61,0.92
3.23,-0.79,0.98
2.87,-1.40,0.73
1.77,-2.32,-0.06
0.67,-3.23,-0.61
0.49,-3.54,-0.55
0.00,-3.54,-0.12
0.31,-3.17,-0.06
0.73,-2.56,-0.06
1.22,-2.08,0.24
1.53,-1.77,0.85
1.59,-1.40,1.04
1.53,-1.71,1.16
1.34,-2.08,1.04
1.65,-2.75,0.85
2.08,-3.60,0.73
1.10,-5.07,0.43
0.06,-6.65,0.06
-0.24,-7.26,-0.06
0.24,-7.14,0.06
0.31,-6.23,0.37
0.73,-4.70,0.85
0.98,-2.99,1.10
1.10,-1.10,1.59
1.77,1.22,5.92
4.94,4.15,22.83
8.85,8.79,47.12
13.12,9.95,51.09
13.43,15.08,51.33
15.08,24.41,67.50
15.81,30.40,80.75
18.07,32.90,90.52
16.60,32.04,82.15
17.76,27.40,76.35
17.03,23.68,77.76
15.87,23.50,68.48
13.24,23.32,65.92
8.79,17.88,62.87
6.71,11.96,47.61
4.21,8.30,39.06
3.85,6.16,36.56
5.13,9.03,35.77
4.33,11.11,32.47
5.00,7.14,21.79
5.74,6.29,15.87
5.25,6.71,11.90
5.19,6.47,1.16
3.42,7.02,-3.11
0.55,6.47,-3.30
-2.26,6.65,-6.16
-5.74,5.31,-17.40
-9.16,0.37,-40.71
-10.50,-1.89,-48.95
-12.27,0.31,-44.25
-10.01,3.30,-42.05
-7.08,4.39,-43.40
-3.05,7.20,-48.16
1.10,11.41,-52.37
4.09,14.10,-53.83
6.16,13.55,-52.61
7.45,10.31,-46.51
6.41,7.63,-34.73
3.91,6.04,-22.64
2.01,3.42,-14.10
0.12,-1.46,-8.73
-2.69,-6.96,-5.86
-4.58,-12.27,-3.85
-5.74,-20.69,1.59
-7.20,-34.12,10.01
-8.12,-49.74,18.68
-10.01,-64.33,25.27
-6.53,-51.51,8.91
5.49,-36.13,-8.54
15.99,-32.59,0.24
26.55,-17.58,4.03
41.69,-8.54,4.15
55.60,-18.62,5.25
70.56,-33.81,5.25
78.74,-36.50,2.69
73.12,-29.60,4.64
56.70,-23.80,3.97
41.02,-16.91,1.59
34.06,-17.40,0.43
27.83,-6.77,4.76
22.09,-6.59,4.88
16.05,-16.24,2.56
8.24,-15.50,1.34
3.36,-16.42,0.37
1.71,-17.27,0.12
0.98,-14.65,-0.31
0.55,-9.40,-0.73
0.43,-3.85,-1.34
-0.18,1.34,-1.46
-1.22,5.80,-2.26
-2.81,9.09,-2.99
-4.94,11.66,-2.75
-7.57,14.77,-2.69
-8.73,19.47,-2.14
-7.63,24.84,-1.16
-6.29,30.21,-1.83
-4.64,34.91,-4.52
-2.14,34.85,-10.13
3.60,43.27,-24.90
12.21,59.63,-37.84
22.46,77.15,-43.95
33.39,88.99,-46.45
42.60,93.38,-47.73
49.62,91.00,-48.46
56.15,84.11,-48.77
61.40,76.11,-47.73
65.37,69.64,-44.74
67.93,64.88,-40.95
68.79,59.33,-36.87
66.71,51.51,-31.92
61.22,41.81,-24.96
52.61,30.15,-15.26
39.12,18.98,-3.97
23.68,12.88,6.96
10.31,9.83,16.91
2.08,7.69,26.31
-2.38,4.21,34.18
-4.33,-2.01,38.57
-6.65,-10.86,38.21
-10.01,-20.20,35.58
-15.69,-27.95,34.06
-22.83,-33.45,34.73
-28.56,-35.28,37.35
-33.45,-34.24,40.59
-38.76,-33.75,41.93
-45.23,-39.06,39.98
-48.22,-49.50,35.10
-51.88,-58.65,28.38
-55.60,-59.63,20.87
-59.20,-50.60,15.14
-57.50,-33.45,12.15
-49.44,-12.82,8.91
-40.77,4.46,4.03
-30.21,14.83,-1.65
-22.16,15.87,-3.78
-20.51,8.91,-3.97
-23.32,-0.98,-4.39
-26.43,-7.81,-5.07
-27.53,-12.27,-4.82
-27.10,-13.79,-3.42
-25.33,-14.71,-1.34
-22.58,-14.65,-1.46
-19.65,-12.88,-4.46
-14.77,-9.03,-8.79
-10.38,-8.30,-10.74
-7.45,-10.86,-10.86
-6.23,-11.41,-12.45
-4.39,-7.39,-16.11
-0.92,-1.16,-18.49
1.40,5.37,-18.74
3.66,11.78,-17.82
4.88,12.21,-16.36
2.99,9.16,-14.16
2.14,6.90,-12.08
0.00,5.25,-9.70
-0.85,3.48,-7.81
-0.61,0.43,-6.41
-1.16,-1.34,-5.00
-0.98,-0.61,-3.85
-0.92,-0.43,-1.71
-1.22,-0.49,0.61
-0.92,-1.65,1.53
-1.22,-4.27,1.46
















-,-,-
11.05,14.04,32.53
9.46,13.06,32.90
9.89,11.60,36.32
8.67,15.32,40.95
9.83,14.47,46.39
8.12,15.26,49.32
8.36,20.69,52.25
7.87,26.31,53.83
8.18,21.61,58.17
9.03,16.97,52.43
9.28,19.71,54.63
8.61,21.00,56.58
7.14,20.94,48.03
7.14,13.67,39.43
4.82,9.64,30.09
5.92,9.28,30.82
3.17,12.08,34.18
3.30,7.81,19.04
2.26,1.95,9.03
2.01,1.34,5.19
2.26,2.50,6.96
2.99,3.78,10.56
3.17,6.10,15.26
3.42,7.69,8.48
3.97,5.55,0.55
3.42,3.91,-0.55
2.93,3.05,-0.73
1.71,2.20,-1.34
0.61,2.14,-2.01
0.31,3.23,-3.23
-0.92,6.23,-4.33
-3.05,8.85,-11.23
-3.48,8.06,-31.01
-1.65,4.15,-50.23
1.04,7.45,-59.75
4.88,19.53,-64.33
8.91,28.56,-64.27
12.02,31.19,-60.36
14.04,28.38,-54.38
14.16,23.25,-46.69
11.66,17.21,-37.96
8.00,8.97,-28.02
3.60,-0.37,-18.19
-1.16,-8.30,-8.67
-5.37,-15.93,0.24
-9.46,-26.73,9.89
-13.79,-38.88,16.11
-16.11,-48.71,19.53
-16.66,-56.34,24.96
-17.03,-64.88,33.20
-13.79,-62.62,25.63
-3.42,-36.13,-4.52
8.06,-27.95,-1.40
17.64,-16.72,10.31
31.86,-4.15,8.18
38.64,-8.54,3.78
46.75,-27.59,-6.84
57.31,-34.55,-2.93
62.26,-35.03,0.98
62.32,-28.93,2.81
58.90,-23.68,6.84
56.58,-25.82,2.62
50.48,-25.39,3.11
39.55,-27.28,0.06
28.26,-24.48,-0.92
17.52,-15.44,-0.31
8.61,-8.24,0.06
4.21,-11.05,0.73
1.10,-14.40,1.71
-0.49,-15.38,2.38
-0.61,-12.88,2.38
-0.55,-8.48,1.77
-1.10,-4.33,1.04
-1.34,-0.06,0.18
-1.40,4.09,-0.55
-2.56,7.93,-1.04
-2.81,11.54,-1.95
-5.00,14.95,-2.75
-7.57,17.76,-3.05
-9.22,20.45,-4.09
-10.13,23.25,-5.62
-11.05,28.56,-9.77
-9.58,32.41,-13.12
-6.10,39.31,-25.88
1.77,51.94,-43.64
10.62,65.31,-57.07
18.62,77.70,-63.54
26.31,85.69,-66.53
34.85,86.79,-68.54
43.09,80.51,-71.04
48.58,70.19,-74.34
52.37,58.59,-77.15
53.89,47.24,-76.29
52.49,36.01,-72.08
47.18,17.52,-66.96
37.90,-8.67,-62.87
32.29,-32.23,-60.85
29.30,-52.12,-58.90
26.31,-67.20,-55.66
26.00,-76.84,-51.27
24.96,-80.99,-45.96
22.22,-76.42,-40.16
19.10,-62.62,-32.35
18.07,-42.54,-24.72
18.68,-22.03,-17.09
20.51,-8.42,-8.85
20.57,-4.03,-2.32
18.62,-6.53,4.27
13.85,-13.73,11.35
7.51,-20.57,17.70
0.85,-23.19,22.71
-4.21,-20.57,26.49
-8.30,-13.67,28.20
-11.60,-2.20,28.69
-14.16,8.73,30.40
-17.27,11.54,30.94
-20.26,7.57,31.07
-24.11,1.46,31.31
-30.09,-1.95,29.66
-27.89,-1.28,29.36
-26.49,1.34,32.17
-23.38,4.27,35.34
-22.77,5.00,34.73
-21.55,3.97,29.72
-19.96,1.83,22.89
-19.29,1.53,16.85
-18.13,4.46,13.67
-16.97,9.22,13.24
-14.59,13.12,14.71
-13.12,14.77,16.11
-12.15,14.04,16.72
-11.60,12.15,16.54
-12.08,10.44,16.36
-12.27,9.34,15.75
-11.47,8.06,13.98
-10.86,5.19,11.54
-10.44,1.46,8.91
-10.86,-0.92,7.08
-11.35,-1.10,6.59
-12.21,0.06,7.26
-13.37,2.56,8.67
-13.37,4.03,10.07
-12.63,3.11,10.74
-11.35,0.37,10.31
-9.95,-3.66,8.30
-7.57,-7.63,4.94
-5.68,-9.95,1.34
-3.36,-8.85,-0.12
-2.62,-7.02,1.65
-2.99,-4.52,3.72
-3.30,-1.95,4.46
-2.44,-0.37,2.99
-1.16,0.55,1.28
-0.61,0.55,1.16
-0.98,0.73,2.26
-0.98,1.65,3.60
-0.85,2.93,5.19
0.12,3.36,6.23
1.16,2.20,5.98
1.83,0.43,4.39
1.65,0.24,2.87
1.46,1.89,2.32
1.22,4.03,3.17
0.85,5.19,4.15
0.55,5.55,4.21
0.92,5.92,4.33
1.40,6.16,5.31
1.77,6.16,7.08
1.83,5.74,7.57
2.44,5.43,6.53
3.48,5.37,5.00
3.91,5.31,4.27
3.66,4.46,4.27
2.99,3.66,4.82
2.32,3.23,5.37
1.40,3.60,5.62
0.67,5.00,6.29
-0.18,6.53,6.71
-0.18,7.08,6.90
0.31,6.71,6.47
















-,-,-
0.98,-4.27,0.55
0.61,-4.64,0.12
0.43,-4.21,0.49
0.92,-3.05,0.61
1.53,-1.65,0.67
2.20,-0.61,0.79
2.44,0.00,0.92
2.56,0.06,0.92
2.01,-0.18,1.89
1.95,-0.18,2.81
2.75,0.24,4.58
4.21,0.55,8.12
5.19,1.77,12.76
5.13,3.23,10.44
5.68,3.23,5.74
4.03,2.14,4.33
3.05,1.10,3.17
1.77,0.12,1.46
0.85,-1.10,0.61
0.37,-1.53,0.12
0.18,-1.40,0.12
0.67,-0.79,0.18
0.98,0.18,0.18
1.28,1.04,0.43
1.59,1.77,1.22
2.56,2.20,2.56
3.30,2.38,4.33
4.15,2.99,8.54
8.48,6.65,28.20
12.88,17.88,57.98
18.74,22.71,67.26
19.84,26.31,69.70
21.00,32.35,73.61
22.46,30.03,78.31
21.36,30.21,74.71
19.71,28.75,71.11
16.54,20.75,59.57
13.43,13.24,48.40
10.56,13.85,48.52
7.57,16.54,60.00
6.71,16.05,44.62
8.97,10.01,36.50
6.47,11.66,40.53
5.43,13.49,18.25
5.00,12.76,14.28
2.32,9.40,17.21
1.59,8.54,3.66
0.55,7.32,-2.87
-2.75,5.31,-2.93
-3.36,4.70,-4.39
-4.64,6.53,-8.61
-7.20,10.44,-19.23
-7.45,10.93,-37.35
-5.80,7.08,-45.53
-5.86,5.49,-43.82
-5.00,1.22,-43.82
-3.30,-0.79,-47.91
-2.69,-1.10,-51.15
-2.56,-1.22,-51.57
-1.16,-1.34,-49.38
-0.18,-0.67,-44.43
0.12,-0.24,-37.66
-0.06,-0.98,-31.19
0.24,-2.93,-26.49
0.18,-6.29,-22.40
0.06,-10.01,-15.44
-1.04,-14.65,-4.52
-4.58,-19.23,7.57
-7.63,-25.63,18.62
-10.74,-35.95,28.14
-11.17,-41.81,22.83
-6.90,-30.52,-4.46
-1.83,-27.40,-8.12
-1.28,-23.50,1.59
5.37,-12.45,1.59
10.44,-5.98,1.59
14.53,-4.33,4.82
22.58,-7.14,6.53
36.01,-14.16,6.90
46.63,-22.16,12.33
53.47,-30.64,15.01
59.88,-37.90,9.95
63.60,-46.69,2.14
65.92,-52.12,-1.46
54.44,-39.18,-1.83
42.79,-36.32,-0.85
24.54,-21.48,2.01
13.67,-28.56,0.43
5.25,-23.13,1.34
0.73,-16.60,1.77
-1.16,-15.26,1.28
-2.93,-13.12,-1.22
-3.78,-9.40,-2.56
-3.60,-4.70,-3.42
-2.99,0.06,-3.85
-3.23,3.72,-3.60
-3.17,6.29,-3.42
-3.05,8.48,-2.81
-3.48,11.72,-2.56
-3.91,17.27,-3.17
-3.54,23.62,-2.01
-3.05,31.98,-1.65
-2.87,44.31,-0.98
-2.87,52.80,-1.59
-1.04,51.09,-6.35
1.89,42.60,-12.51
6.96,43.40,-28.75
15.14,49.62,-41.44
22.89,54.38,-44.49
31.19,53.34,-43.52
39.73,50.23,-43.64
47.79,46.63,-45.78
54.20,47.24,-47.49
60.30,46.39,-46.08
66.41,41.26,-43.40
71.29,32.29,-40.65
75.44,21.30,-39.06
77.58,9.52,-36.87
77.51,-2.32,-33.69
75.56,-11.17,-29.85
72.51,-16.48,-24.90
69.15,-18.92,-19.84
66.10,-22.03,-16.66
61.65,-28.26,-16.91
58.47,-34.24,-18.98
54.44,-42.18,-20.45
48.71,-46.51,-21.67
41.56,-44.37,-21.79
32.17,-37.66,-21.79
24.54,-29.42,-21.67
19.35,-22.95,-19.04
16.42,-18.37,-14.53
14.77,-15.32,-9.77
13.73,-15.69,-5.92
10.01,-22.28,-3.11
2.38,-46.20,1.83
-7.26,-65.98,3.78
-10.74,-64.51,4.03
-14.95,-52.00,7.75
-17.40,-35.28,13.06
-18.74,-16.72,18.01
-19.04,0.67,20.75
-17.46,14.83,20.02
-15.93,24.84,17.82
-16.36,28.99,17.15
-21.55,29.05,16.72
-29.36,29.97,17.15
-38.64,33.39,19.53
-44.86,39.06,23.44
-44.86,42.85,27.89
-44.62,42.48,29.85
-42.42,37.17,26.98
-37.41,26.55,22.52
-31.56,15.20,18.31
-29.48,8.12,15.20
-29.42,6.41,13.98
-29.17,8.73,15.32
-28.44,12.27,16.85
-25.70,16.05,18.43
-22.40,18.07,19.53
-20.14,17.88,19.84
-19.53,15.01,17.33
-18.31,11.60,13.67
-16.97,9.83,10.62
-15.14,8.12,9.89
-12.76,6.90,9.77
-11.17,6.90,9.34
-8.79,7.32,8.73
-6.90,7.51,8.00
-5.68,7.81,7.26
-4.94,9.28,6.71
-4.88,10.50,6.41
-4.70,10.74,6.71
-4.39,8.61,7.02
-4.15,5.07,6.53
-3.60,2.26,5.80
-3.54,1.04,5.68
-2.87,1.04,5.37
-2.38,1.71,4.82
-2.32,2.32,4.33
















-,-,-
0.55,-9.03,-2.81
2.62,-3.78,-1.77
3.97,0.24,-0.18
4.46,2.44,0.12
4.09,2.62,0.31
3.30,0.98,0.79
2.38,-2.01,1.40
1.95,-5.37,1.46
1.10,-8.18,1.04
0.12,-10.62,0.73
-0.55,-11.66,0.37
-0.85,-11.29,0.18
-0.37,-9.58,0.12
0.24,-6.90,0.61
0.67,-3.72,1.10
1.28,-1.16,1.34
2.20,0.92,1.65
3.11,2.08,1.89
3.11,1.95,2.08
3.36,1.10,2.14
3.42,-0.37,2.32
3.05,-2.20,2.01
2.08,-4.21,1.59
1.10,-5.86,1.04
0.06,-6.96,0.73
-0.67,-7.26,0.43
-0.79,-6.77,0.00
-0.24,-5.98,0.61
1.71,-4.64,4.21
3.66,-2.50,11.23
7.39,0.49,24.29
8.12,2.26,27.40
14.53,2.56,28.93
14.47,8.06,36.87
16.42,12.39,37.78
21.00,13.73,62.13
20.20,16.48,69.34
23.07,21.18,69.09
24.96,19.90,67.38
23.19,17.46,66.47
21.73,14.34,63.17
19.59,15.20,59.51
19.41,10.80,61.34
18.86,7.32,64.27
16.97,6.90,51.64
13.24,6.35,44.43
10.99,6.53,42.05
7.51,7.26,40.71
5.74,5.37,28.87
5.00,8.12,25.21
2.81,7.81,16.91
4.82,6.35,12.51
3.78,6.41,19.35
3.30,5.92,9.64
2.99,5.86,2.87
1.34,6.59,1.95
1.77,8.79,-1.10
1.04,11.72,-2.87
-1.10,14.40,-4.64
-2.44,17.46,-8.48
-4.27,20.94,-16.17
-5.49,20.75,-35.71
-4.88,14.47,-56.82
-4.70,9.46,-66.89
-3.23,11.90,-67.87
-0.73,19.96,-64.09
1.83,26.18,-57.25
2.75,27.40,-49.13
2.44,26.43,-42.54
2.50,23.68,-38.39
2.81,18.80,-35.46
2.56,11.78,-32.71
1.83,3.97,-29.11
-0.49,-2.38,-23.99
-3.78,-7.08,-17.76
-6.96,-10.44,-10.62
-11.05,-13.55,-3.72
-13.18,-18.19,2.32
-14.34,-22.89,8.18
-14.53,-26.98,13.79
-12.88,-32.10,19.10
-12.94,-39.43,22.77
-13.79,-47.30,25.33
-13.12,-51.03,23.68
-8.00,-40.16,9.34
2.08,-30.70,-0.06
7.93,-26.06,4.39
14.47,-20.39,7.87
21.55,-14.47,6.96
31.37,-19.78,9.09
42.85,-25.45,12.39
55.24,-31.80,5.92
62.74,-28.38,4.03
66.35,-16.85,7.39
72.27,-19.84,9.46
74.77,-23.44,5.62
71.41,-25.45,3.97
57.92,-19.17,7.26
37.90,-12.76,4.76
23.74,-4.76,5.98
14.10,-2.50,8.36
8.73,-7.75,5.37
2.01,-15.14,1.65
-2.56,-21.61,-0.85
-5.25,-24.35,-2.38
-6.53,-22.89,-3.78
-6.96,-18.25,-4.52
-5.98,-11.23,-4.58
-4.52,-3.42,-4.52
-3.42,3.66,-4.27
-2.99,9.77,-3.91
-3.17,15.08,-3.36
-3.42,19.65,-2.38
-3.36,23.50,-1.34
-2.38,26.92,-0.49
-0.79,29.54,0.00
0.18,30.70,-0.67
0.24,31.86,-1.53
-0.49,34.48,-2.20
-2.08,39.49,-5.43
-1.40,43.15,-5.68
-0.12,46.14,-10.01
3.30,51.64,-20.02
8.30,60.91,-30.09
14.04,70.37,-36.01
21.42,76.90,-39.12
29.05,79.59,-41.56
35.28,79.10,-42.85
40.28,77.27,-43.76
44.98,73.85,-43.64
47.67,68.60,-40.89
48.10,62.32,-37.05
46.02,56.46,-34.24
43.27,49.93,-32.23
38.88,43.46,-29.36
33.39,36.80,-24.35
27.04,27.34,-18.37
20.94,15.99,-14.77
16.85,5.55,-12.82
13.06,-2.08,-10.86
9.83,-8.61,-8.54
6.10,-15.81,-6.84
2.93,-20.32,-5.92
-0.12,-22.03,-4.21
-2.99,-21.24,-0.85
-5.43,-20.87,4.27
-8.48,-24.41,8.30
-11.41,-41.20,11.96
-16.42,-73.00,13.61
-17.70,-81.36,9.40
-14.04,-66.71,3.42
-8.97,-47.55,1.40
-5.74,-28.26,1.59
-0.55,-7.69,1.83
2.44,8.61,0.55
3.54,20.02,-0.61
3.36,24.84,-0.12
1.95,24.29,1.28
-0.55,19.53,3.78
-2.69,13.98,5.55
-5.19,10.25,6.29
-7.32,12.08,7.08
-8.61,19.17,10.25
-9.09,26.37,12.76
-8.61,30.15,12.76
-6.84,29.66,11.47
-5.43,24.60,10.50
-5.25,17.46,9.77
-6.65,10.80,9.22
-8.67,7.14,8.67
-10.38,6.65,8.97
-11.47,8.24,9.89
-11.23,11.60,10.62
-10.50,15.87,11.11
-9.70,18.62,11.35
-9.16,18.62,10.68
-8.54,15.50,9.89
-7.69,10.19,9.46
-6.41,3.91,9.89
-5.86,-1.10,11.11
















-,-,-
1.10,-1.83,1.10
0.98,-1.10,1.34
1.22,-0.73,1.34
1.22,-0.98,1.53
1.22,-1.89,1.46
0.85,-3.36,1.34
0.43,-4.94,0.92
-0.31,-6.35,0.55
-0.67,-7.32,0.37
-0.67,-7.69,0.31
-0.55,-7.63,0.31
-0.43,-7.02,0.24
0.00,-5.92,0.49
-0.06,-4.88,0.98
0.24,-3.85,1.10
0.00,-3.36,1.59
0.49,-2.81,1.16
1.16,-2.44,0.55
0.98,-2.50,0.67
1.28,-2.62,0.92
1.65,-2.99,1.04
1.34,-3.42,1.40
1.40,-3.85,1.65
1.46,-4.15,1.46
1.28,-4.21,1.65
1.40,-4.46,1.71
1.40,-4.88,1.22
1.04,-5.62,1.22
0.55,-6.29,1.40
0.55,-5.98,0.92
1.10,-5.80,0.85
1.89,-4.94,1.65
3.72,-3.60,2.20
4.33,-2.01,3.23
4.82,-0.61,4.03
5.74,0.85,4.46
6.35,2.14,5.43
8.00,2.62,7.69
13.85,1.40,16.97
15.99,1.53,32.47
14.16,7.08,33.87
16.24,8.67,49.13
14.89,10.50,53.41
20.32,12.15,66.77
24.05,10.93,77.94
27.83,11.23,72.88
29.05,14.83,67.87
30.58,14.83,63.60
31.92,12.39,64.88
32.53,17.15,65.86
30.33,14.53,59.57
29.79,13.43,44.98
27.65,13.79,49.74
23.07,10.38,52.06
20.87,5.43,42.54
13.67,5.49,36.74
10.19,4.15,26.06
7.69,5.00,29.91
4.15,7.20,23.93
2.14,6.29,5.07
0.79,5.37,1.65
0.18,6.23,1.10
0.31,9.09,-2.01
0.43,13.06,-3.60
-0.73,16.54,-4.64
-1.16,19.53,-7.51
-2.99,21.00,-13.85
-6.10,21.79,-27.71
-9.03,21.36,-43.88
-10.56,19.53,-49.13
-11.35,14.04,-46.33
-11.17,11.78,-46.20
-10.99,16.36,-46.94
-9.64,20.87,-47.49
-7.26,20.94,-46.94
-5.00,17.33,-44.74
-3.42,12.21,-40.65
-2.14,7.63,-36.19
-2.81,4.21,-31.43
-2.81,0.43,-23.56
-1.95,-4.58,-12.51
-1.22,-10.68,-2.56
-1.34,-17.76,5.55
-1.46,-29.11,13.31
-4.64,-44.01,20.26
-10.38,-56.82,25.51
-17.27,-61.04,24.78
-17.88,-46.51,5.68
-11.54,-28.38,-10.68
-7.51,-28.50,-7.08
-6.65,-30.52,-1.34
-1.83,-17.03,-2.69
1.89,-3.85,-1.71
5.49,5.37,1.22
11.29,12.08,3.60
17.70,13.18,6.77
21.97,9.64,9.52
26.92,0.31,10.25
35.28,-5.25,7.45
48.28,-9.89,2.20
58.84,-9.46,0.67
68.85,-13.12,-3.17
77.88,-20.20,-2.87
80.32,-18.01,-1.65
74.22,-25.94,-11.17
57.25,-27.10,-18.13
40.89,-27.04,-15.01
26.86,-13.24,-4.46
18.19,-6.47,1.22
12.27,-8.30,0.73
5.37,-12.02,-0.49
-0.12,-18.19,-2.38
-4.94,-22.16,-4.76
-7.93,-23.25,-7.02
-8.79,-21.12,-8.18
-8.97,-16.24,-8.54
-8.42,-9.58,-7.69
-6.77,-2.38,-6.29
-5.19,5.19,-4.58
-3.36,12.33,-2.93
-0.61,18.92,-0.67
0.79,23.93,0.49
-0.37,25.70,-0.37
-3.54,24.23,-2.56
-6.71,22.46,-5.86
-8.79,22.89,-10.50
-10.01,26.73,-16.05
-10.01,34.73,-18.86
-11.66,48.77,-26.98
-10.80,62.44,-43.70
-8.91,65.98,-57.92
-10.99,59.69,-65.06
-16.24,50.54,-68.91
-21.73,43.88,-72.57
-26.55,40.04,-76.78
-30.21,36.32,-79.10
-35.16,31.25,-77.76
-40.28,23.68,-73.67
-43.64,13.43,-67.75
-46.02,2.62,-61.83
-48.16,-4.52,-57.62
-51.33,-8.30,-54.44
-54.44,-10.25,-51.88
-55.11,-12.08,-49.44
-54.63,-14.10,-44.98
-55.42,-14.16,-37.96
-49.19,-14.77,-31.19
-44.07,-15.56,-26.67
-40.59,-16.05,-25.76
-39.55,-15.38,-28.02
-38.15,-12.27,-31.98
-36.50,-8.06,-36.01
-34.97,-4.70,-38.15
-32.96,-3.30,-38.64
-36.25,-3.97,-40.16
-37.84,-7.81,-43.58
-35.83,-10.74,-48.40
-36.32,-10.56,-52.55
-36.50,-8.73,-55.85
-36.44,-7.57,-58.23
-38.21,-6.47,-59.51
-39.06,-7.08,-59.81
-40.22,-9.09,-59.75
-39.86,-14.10,-59.57
-31.98,-23.07,-58.29
-49.68,-26.86,-58.04
-58.53,-31.07,-60.91
-61.34,-34.67,-66.65
-67.38,-29.91,-74.83
-75.87,-18.55,-81.54
-82.95,-7.75,-82.82
-83.92,-2.62,-77.64
-76.48,-4.52,-67.50
-65.25,-10.99,-54.26
-53.71,-15.87,-42.72
-48.10,-13.61,-34.36
-44.19,-5.19,-28.93
-43.82,3.66,-28.81
-38.45,11.84,-27.16
-26.61,17.52,-21.12