-,-,-
3.30,13.31,32.23
5.55,16.05,42.05
2.62,10.19,26.18
0.55,3.36,11.05
-1.16,6.16,33.08
1.89,13.92,44.86
3.91,12.76,36.99
3.78,6.16,30.70
5.68,9.09,26.31
3.48,7.20,20.32
3.66,5.25,9.40
2.56,3.54,5.49
2.32,3.11,9.83
3.54,1.16,7.02
1.16,-1.46,4.88
0.00,-1.34,4.33
-0.55,0.67,7.32
0.92,6.29,19.59
-2.01,6.23,20.32
-3.78,8.85,30.52
-2.08,9.70,35.64
2.69,11.84,32.41
0.73,5.19,20.63
0.85,1.65,10.19
4.39,3.97,7.26
4.09,4.21,9.58
4.46,4.15,9.77
2.44,2.56,6.71
2.14,2.14,5.00
2.32,2.20,5.07
3.23,1.95,5.86
4.09,2.56,7.32
4.09,2.93,8.97
3.72,3.85,11.11
3.17,4.03,16.85
4.46,6.84,25.88
3.85,9.22,26.98
2.87,7.26,16.24
1.10,4.82,9.70
-0.24,4.76,10.01
-3.60,2.20,12.15
-2.32,3.36,10.56
1.46,7.81,15.81
3.60,7.75,18.74
9.46,8.67,11.90
9.28,5.43,6.47
3.48,-0.12,5.37
0.73,-1.71,3.66
2.20,0.00,2.14
0.12,-1.65,2.75
-0.73,0.18,4.21
2.08,4.15,5.19
3.72,5.00,5.74
2.38,4.39,6.77
4.15,5.62,6.29
2.81,3.97,6.04
2.26,3.66,4.15
-1.46,0.18,2.81
-3.54,-0.98,1.22
-2.32,0.55,-0.98
-2.38,2.14,-2.32
-3.42,3.42,-2.62
-1.71,6.04,-2.38
0.98,9.09,-1.34
2.08,10.31,-0.61
1.46,9.40,-1.28
0.31,7.69,-2.99
-1.22,5.25,-7.57
-3.11,3.60,-23.38
-3.60,0.61,-39.67
-3.17,0.79,-48.77
-1.53,5.98,-58.84
0.31,12.27,-68.73
1.28,18.07,-73.85
2.50,22.64,-75.81
2.87,23.68,-74.71
3.30,19.65,-72.94
4.27,11.54,-73.12
4.64,1.53,-72.69
4.52,-7.75,-67.44
2.44,-13.73,-57.13
-2.32,-14.71,-43.70
-7.45,-12.82,-29.30
-10.80,-12.82,-16.60
-13.06,-17.03,-6.90
-15.01,-23.99,0.06
-17.40,-30.94,4.94
-18.19,-36.38,6.90
-17.58,-39.73,6.29
-15.69,-40.10,2.93
-13.55,-37.96,-0.67
-10.80,-36.56,-1.04
-7.32,-39.00,1.10
-1.46,-37.23,0.61
3.05,-23.38,-2.14
17.82,-17.03,-0.31
28.20,-13.67,-2.56
35.52,-9.03,-0.24
39.92,-12.51,4.94
42.66,-25.02,7.57
43.52,-28.14,9.34
44.13,-28.32,5.62
47.49,-28.99,6.41
58.78,-29.85,10.31
71.78,-37.96,13.55
84.05,-41.99,13.73
96.31,-43.64,15.87
100.22,-34.91,23.32
95.28,-30.27,24.66
73.55,-7.69,22.22
45.29,5.25,19.96
25.02,2.26,14.28
9.03,6.16,7.02
-1.46,0.00,3.66
-6.47,-9.83,0.85
-10.38,-14.71,-1.40
-13.12,-12.76,-2.44
-12.88,-3.72,-2.38
-12.82,9.64,-1.83
-11.17,25.63,-1.95
-15.20,35.77,-2.01
-19.59,42.48,-3.30
-23.19,44.92,-4.52
-24.23,44.68,-7.87
-22.40,43.46,-23.32
-18.55,40.65,-51.70
-12.33,39.79,-71.84
-6.41,39.67,-76.78
-0.12,37.05,-74.10
4.58,30.15,-69.27
7.02,20.69,-64.39
4.88,9.95,-61.34
0.06,-0.92,-61.28
-5.25,-9.52,-63.48
-9.95,-15.56,-63.84
-14.47,-20.14,-58.35
-20.02,-23.93,-45.41
-23.44,-26.00,-26.12
-20.94,-26.25,-6.23
-15.93,-27.83,7.69
-12.94,-30.64,14.95
-11.72,-34.06,17.40
-10.80,-37.48,19.23
-9.64,-41.02,22.71
-4.27,-39.55,19.84
1.71,-25.76,6.29
8.91,-19.29,3.85
8.54,-14.65,2.75
9.22,-8.91,0.00
9.16,-6.41,-0.31
9.46,-4.46,0.67
9.77,-3.78,1.40
10.86,-4.46,2.62
11.96,-4.82,2.99
12.08,-5.25,3.85
10.99,-6.16,8.54
10.13,-5.80,16.42
10.86,-1.65,30.40
12.33,5.25,49.68
14.83,11.90,59.75
17.21,18.07,76.60
18.31,25.57,85.27
20.32,30.94,95.58
21.00,31.68,97.11
21.55,30.82,101.93
20.08,32.96,105.29
19.78,36.68,110.96
13.85,34.48,110.78
10.74,22.71,101.20
9.22,17.82,98.94
6.53,13.61,98.33
4.58,11.29,85.75
6.65,8.00,70.25
10.19,10.50,70.07
9.16,11.78,70.25
8.85,7.93,66.04
2.26,3.23,49.44
-1.10,2.99,37.17
-1.22,2.32,48.46
-1.71,1.28,37.05















-,-,-
1.22,0.98,1.34
1.40,1.34,1.65
1.71,1.65,2.01
2.26,1.89,2.62
2.87,2.14,2.99
3.42,2.32,3.17
3.66,2.38,3.11
4.03,2.56,2.87
3.48,2.01,2.32
2.81,1.22,1.83
2.26,0.92,2.08
2.44,0.85,1.71
2.01,0.37,1.53
2.01,0.49,1.65
2.20,0.24,1.71
1.71,0.12,1.83
1.65,0.31,2.14
2.20,0.49,2.20
2.38,0.43,2.14
2.20,0.24,1.83
1.77,-0.24,1.22
1.10,-0.92,0.55
0.55,-0.98,0.12
0.67,-0.85,-0.12
0.61,-0.92,-0.12
0.67,-1.04,-0.12
0.98,-0.73,-0.12
1.28,-0.24,0.43
1.40,0.24,0.92
1.95,0.73,1.10
2.20,1.16,1.53
2.69,2.14,2.38
2.87,3.66,5.19
3.23,6.53,13.31
4.46,11.41,25.88
4.39,17.82,42.18
4.76,25.09,64.51
5.43,28.81,69.52
9.83,38.88,89.60
15.87,44.86,117.13
20.69,51.70,126.34
23.68,49.93,123.17
25.09,48.65,115.84
24.72,43.95,99.73
23.86,37.54,99.18
21.61,35.89,99.55
16.72,26.12,88.32
14.71,22.28,77.94
10.25,22.64,76.72
9.22,23.44,72.88
9.28,18.86,60.85
10.07,17.27,52.00
6.23,8.73,35.64
4.52,4.70,12.02
2.20,4.27,9.52
2.69,4.76,3.42
2.56,5.37,0.79
0.37,4.70,1.16
-2.26,5.37,6.90
-1.65,10.01,30.58
2.26,16.30,43.64
4.76,18.55,39.73
5.80,17.82,29.11
6.65,17.09,20.63
5.92,15.69,4.46
5.55,13.00,-7.32
1.34,6.10,-14.59
-3.72,-3.11,-33.63
-6.10,-7.87,-54.26
-7.93,-6.29,-64.45
-8.30,-2.20,-70.74
-6.35,-0.06,-73.79
-4.46,0.98,-69.82
-1.71,2.56,-63.17
0.06,2.62,-59.75
1.22,1.59,-61.34
0.98,-0.18,-65.00
0.18,-2.32,-66.28
-0.55,-4.70,-62.68
-1.77,-6.77,-55.54
-2.01,-8.97,-47.97
-2.01,-12.02,-39.61
-3.60,-13.98,-28.81
-6.71,-15.08,-18.19
-8.61,-18.68,-10.13
-9.64,-24.29,-3.36
-10.01,-30.70,3.91
-10.31,-37.11,10.86
-10.38,-42.54,15.63
-10.25,-43.46,14.89
-9.64,-31.62,3.11
-0.37,-25.39,-2.26
7.39,-22.46,0.18
13.31,-14.34,1.40
20.63,-7.08,5.31
29.85,-5.80,9.46
36.62,-7.39,10.86
39.67,-15.81,12.94
43.58,-27.28,13.37
49.13,-32.53,13.79
53.83,-24.90,13.67
67.50,-25.57,13.12
83.98,-29.11,18.92
100.34,-37.35,24.11
103.33,-34.61,26.37
84.17,-25.88,20.39
54.38,-13.43,14.10
26.79,1.22,12.15
11.29,-0.49,8.48
5.55,-12.08,6.35
-1.22,-13.24,1.65
-4.58,-14.16,-0.85
-3.42,-10.93,-0.61
-1.89,-2.99,0.37
0.79,8.06,1.46
4.52,19.84,1.89
6.65,28.44,2.01
3.11,31.25,-0.55
-4.46,29.54,-4.94
-12.02,26.61,-9.22
-18.37,20.20,-12.39
-20.45,17.21,-18.98
-21.42,20.14,-33.87
-20.87,27.47,-44.37
-16.97,33.08,-45.59
-11.17,34.30,-44.37
-6.77,31.86,-44.62
-3.72,26.49,-45.96
0.18,19.41,-46.75
2.50,11.72,-45.53
2.38,3.97,-41.20
-0.73,-2.99,-36.07
-6.04,-9.52,-32.17
-11.54,-16.91,-27.22
-15.01,-24.66,-19.53
-15.32,-31.37,-10.56
-14.65,-36.56,-3.23
-13.49,-38.39,2.93
-12.82,-35.77,4.33
-9.16,-25.76,-2.69
-2.75,-14.53,-2.01
5.19,-8.67,3.30
9.46,-4.15,6.96
12.08,1.53,8.06
14.95,3.23,8.00
15.14,1.34,7.32
12.33,-2.99,7.39
9.22,-7.02,6.59
6.84,-9.03,5.80
5.86,-9.40,13.49
5.86,-4.70,32.59
8.73,3.48,53.83
11.84,14.59,67.14
16.91,24.05,90.70
22.22,28.14,111.27
24.05,32.53,122.19
23.99,33.20,112.18
22.09,39.37,109.19
16.48,28.99,100.65
15.69,20.87,85.08
11.54,19.29,72.75
9.89,20.26,76.11
8.30,15.14,69.27
8.18,6.77,61.58
7.57,5.68,58.65
5.68,5.25,70.31
5.00,7.02,69.64
4.09,8.91,57.01
2.20,5.68,53.34
2.08,0.92,59.69
4.03,3.23,58.84
3.42,5.80,43.76
5.25,2.38,38.88
5.68,1.40,31.37
2.81,-0.24,14.65
2.99,-0.85,13.00
3.97,-0.18,21.42
2.56,0.31,16.24
2.32,-0.92,10.38
2.87,-0.79,8.67















-,-,-
0.67,-5.49,7.20
1.46,-7.20,6.16
2.81,-9.77,3.78
2.87,-9.77,2.08
1.95,-8.97,-0.37
0.73,-10.50,-0.18
-1.77,-11.78,-0.49
-3.42,-12.76,-1.71
-5.00,-13.67,-2.93
-5.19,-13.85,-2.75
-3.66,-12.70,-1.10
-1.89,-10.38,0.61
0.73,-7.87,1.34
2.50,-5.62,1.65
3.23,-3.97,2.26
4.27,-3.30,2.69
3.42,-3.66,2.93
2.26,-4.82,2.62
1.22,-5.86,2.20
0.92,-6.53,1.71
0.61,-6.59,0.98
0.12,-5.92,0.73
0.00,-4.46,0.73
0.49,-2.62,0.85
1.10,-0.92,0.92
1.83,0.67,1.04
1.95,1.71,1.22
2.01,2.26,1.59
0.98,1.77,2.14
-0.92,0.55,3.54
-2.20,1.16,10.68
-2.14,6.41,30.15
-1.34,19.23,57.68
2.93,29.11,59.88
8.79,33.26,66.77
7.69,35.40,70.56
9.22,42.18,73.36
9.70,46.51,84.90
13.37,53.22,95.89
16.54,60.73,103.39
15.99,63.72,112.18
14.16,56.34,118.65
15.56,48.10,113.77
16.36,47.00,104.31
14.95,42.11,92.90
15.08,34.73,82.82
13.92,25.82,74.52
11.17,18.19,60.79
6.84,9.09,31.19
5.37,9.03,26.31
4.46,11.54,28.02
4.15,11.47,20.20
2.81,8.36,2.69
1.10,6.47,-3.72
-0.31,6.53,-4.39
-1.89,6.41,-4.70
-2.93,6.35,-4.76
-3.85,7.26,-5.37
-4.03,9.46,-5.80
-3.36,11.17,-6.77
-3.42,12.08,-10.19
-4.21,10.31,-22.52
-2.69,5.19,-42.30
-0.43,0.79,-61.34
1.10,-2.93,-76.48
1.22,-7.57,-88.01
0.31,-10.86,-93.14
-1.83,-12.51,-88.62
-3.23,-12.94,-78.25
-3.42,-13.06,-67.57
-3.85,-14.04,-58.59
-4.70,-15.81,-51.57
-6.23,-17.94,-44.98
-8.97,-20.57,-36.87
-11.72,-24.23,-26.92
-13.49,-27.59,-15.63
-13.06,-32.04,-2.87
-11.66,-37.17,10.50
-10.31,-41.44,21.42
-9.89,-43.46,24.60
-6.10,-37.60,11.84
0.85,-32.29,4.52
12.02,-27.53,5.68
15.32,-20.75,5.74
15.99,-16.72,4.70
18.31,-16.11,4.64
22.22,-17.09,5.74
29.48,-17.88,8.67
41.20,-17.15,13.31
54.57,-17.40,17.82
67.93,-20.14,22.09
80.99,-24.17,26.55
88.01,-24.41,26.06
88.87,-28.93,24.17
84.66,-30.21,20.02
74.83,-20.45,16.05
61.52,-13.18,13.67
41.14,-14.40,5.37
23.62,-9.70,3.85
5.86,-2.62,4.46
-2.26,-5.49,1.04
-5.80,-11.41,-0.61
-11.47,-16.72,-0.92
-13.12,-13.31,-1.59
-12.15,-4.46,-2.32
-10.19,6.16,-2.99
-9.40,17.52,-4.09
-11.66,25.63,-6.04
-15.56,30.58,-8.85
-17.88,33.63,-11.29
-18.19,35.22,-15.75
-16.72,34.12,-28.63
-15.93,28.63,-46.20
-14.04,25.39,-59.75
-10.13,24.11,-65.55
-5.86,20.87,-65.98
-2.08,15.14,-64.09
0.79,7.63,-61.58
0.55,-0.92,-56.64
-4.94,-7.02,-47.67
-10.25,-9.34,-35.64
-13.49,-10.07,-22.64
-15.75,-11.60,-10.68
-16.66,-14.83,-1.10
-17.03,-21.67,7.63
-16.78,-30.52,15.44
-17.46,-36.93,19.29
-16.85,-38.33,19.53
-11.84,-34.12,11.96
-6.47,-25.82,-0.61
5.62,-18.98,-1.77
8.12,-12.82,-1.28
7.45,-7.20,-2.87
2.81,-4.76,-0.67
0.00,-3.36,-0.67
-1.10,-2.69,-2.81
-1.83,-2.08,-3.05
-1.77,-2.08,-0.73
-1.89,-2.87,4.39
-1.22,-3.30,14.40
0.18,-1.65,28.02
0.55,3.36,42.05
2.62,10.86,54.81
6.35,25.57,70.74
13.31,38.64,87.65
19.10,53.28,100.04
23.07,52.92,96.68
23.93,54.14,105.35
19.41,51.51,109.13
16.36,47.18,102.11
10.13,46.26,107.42
7.39,51.88,118.84
5.86,54.81,117.49
2.99,45.72,117.68
2.87,35.71,116.33
3.78,28.63,101.87
-1.77,20.63,78.25
-1.46,14.22,55.30
-1.34,9.16,34.85
1.28,12.57,40.77
1.77,15.69,49.56
2.32,13.55,42.54
2.26,11.11,28.99
2.08,10.44,12.27
1.34,11.29,12.57
1.59,10.50,9.58
4.39,7.69,0.98
6.71,6.23,-0.98
7.57,4.88,-2.99
3.85,3.85,-4.64
0.31,2.44,-7.14
-3.17,4.09,-8.61
-5.19,8.18,-8.91
-5.68,13.37,-9.40
-4.94,17.40,-11.47
-4.27,18.19,-19.04
-4.82,19.84,-30.40
-3.97,24.41,-39.31
-2.56,30.52,-46.94
-0.37,36.62,-53.59















-,-,-
0.67,-3.30,1.22
1.34,-2.81,1.40
1.77,-2.32,1.53
1.89,-1.83,1.40
1.71,-1.46,1.16
1.65,-0.85,0.92
1.10,-0.73,0.79
0.85,-1.10,0.73
0.67,-1.71,0.61
0.31,-2.26,0.73
0.18,-2.81,0.73
-0.24,-3.30,0.61
0.12,-3.05,0.49
0.49,-2.69,0.67
1.40,-2.01,0.98
2.20,-1.34,1.10
2.81,-0.43,1.34
3.23,0.24,1.40
3.42,0.67,1.46
2.81,0.61,1.46
2.50,0.31,1.16
2.26,0.12,1.16
2.08,0.18,1.16
1.83,0.12,1.16
1.46,0.00,1.04
1.28,-0.12,0.98
1.28,-0.06,1.22
-0.18,0.24,1.83
-1.59,0.37,2.99
0.55,1.53,5.98
2.20,3.72,10.80
4.46,6.96,20.20
6.41,11.54,31.19
9.03,11.90,26.86
10.74,12.63,21.91
10.62,15.56,29.17
12.63,22.22,46.08
15.56,30.82,63.48
19.53,31.43,65.43
21.55,31.98,72.39
17.88,35.22,80.38
17.40,37.23,85.27
18.01,39.25,88.68
16.78,43.52,92.59
18.01,41.14,102.23
16.30,37.29,109.25
15.87,39.31,106.87
16.36,38.02,99.43
15.01,33.87,93.93
13.61,30.58,91.00
10.56,27.59,89.78
7.93,22.95,83.37
7.81,18.86,76.17
4.33,17.27,56.52
7.14,13.49,47.24
4.64,16.48,42.18
2.01,16.48,29.91
1.59,10.62,14.28
2.14,7.57,0.92
0.92,7.75,-1.59
0.79,8.48,-2.32
0.24,9.09,-4.09
0.18,10.07,-5.80
-0.43,11.66,-10.74
-3.78,12.45,-25.09
-6.47,8.67,-52.55
-7.08,3.72,-78.31
-9.95,2.01,-94.67
-10.07,0.37,-101.75
-7.75,-0.18,-102.91
-4.82,0.43,-99.67
-2.14,1.22,-93.75
-0.61,0.00,-86.24
0.12,-2.50,-78.55
0.61,-4.76,-70.86
0.12,-6.71,-62.68
-0.37,-8.36,-53.83
-2.69,-10.62,-43.64
-6.59,-13.18,-31.62
-8.36,-17.64,-17.64
-10.01,-25.27,-3.17
-12.63,-33.08,10.13
-13.98,-40.59,22.22
-14.53,-48.83,33.33
-16.66,-56.70,41.32
-16.54,-58.35,38.15
-15.56,-50.29,17.46
-5.43,-42.54,6.59
9.95,-31.37,5.19
19.35,-18.13,4.94
31.86,-5.43,4.82
46.57,1.16,10.07
63.29,-1.46,16.36
78.37,-13.18,21.48
88.93,-24.90,22.34
94.12,-33.81,18.86
91.67,-36.80,18.01
80.69,-32.78,10.44
67.14,-28.26,8.79
56.46,-19.90,8.18
48.58,-22.34,2.62
32.65,-22.58,-2.08
13.73,-13.73,-3.17
2.14,-5.25,-2.93
-3.72,-3.42,-1.40
-5.80,-3.36,0.18
-7.69,-0.18,0.73
-8.97,5.80,0.49
-8.73,13.79,0.18
-10.01,21.42,-0.55
-12.39,27.83,-2.20
-15.56,32.29,-4.15
-19.10,34.91,-7.14
-22.52,36.99,-14.95
-23.19,34.79,-30.64
-22.09,28.38,-49.80
-18.49,21.18,-64.21
-12.39,15.08,-72.57
-5.92,10.50,-75.81
-2.93,5.13,-74.65
-0.37,-2.56,-69.58
-2.14,-10.80,-61.34
-6.16,-17.27,-53.16
-8.73,-21.12,-45.59
-10.19,-23.74,-33.75
-13.31,-27.16,-17.21
-15.44,-29.42,-1.71
-16.24,-31.19,12.15
-14.28,-34.24,21.36
-10.31,-35.22,19.23
-4.27,-29.30,5.07
4.94,-22.83,4.88
10.62,-16.48,10.13
11.11,-10.44,8.85
10.93,-7.57,8.06
8.73,-7.08,10.68
8.36,-5.92,14.04
9.46,-3.11,20.81
12.21,2.44,34.12
13.37,9.46,47.61
17.15,15.14,46.08
18.86,23.74,58.72
17.33,32.90,72.08
17.52,36.93,88.62
16.97,36.99,91.55
19.29,37.41,95.40
17.27,42.66,102.29
15.56,45.72,112.06
14.59,44.37,110.78
14.40,40.10,107.60
13.92,37.48,102.97
12.21,29.48,96.44
12.63,25.39,90.39
8.06,24.11,82.03
5.68,20.08,81.60
3.91,12.27,73.73
1.77,8.00,63.54
-2.38,3.42,47.12
-0.98,1.34,37.90
0.00,4.27,39.00
0.61,3.85,43.33
-1.22,2.75,35.10
0.73,1.28,25.88
1.89,-0.61,14.22
3.36,-0.67,5.86
3.97,-0.49,2.56
4.46,0.49,0.98
4.27,0.67,-0.24
3.05,0.12,-1.59
1.65,-0.06,-2.87
0.31,0.06,-3.91
-0.73,0.24,-4.58
-1.16,0.43,-5.19
-1.65,0.49,-5.74
-1.77,0.43,-6.23
-2.69,1.28,-6.35
-3.66,3.05,-7.20
-4.58,4.94,-9.16
-6.35,7.20,-11.84
-9.34,9.83,-14.22















-,-,-
1.65,0.73,-0.06
1.83,1.22,0.49
1.59,1.04,1.16
0.73,0.92,1.89
-0.55,1.46,2.62
-2.26,2.62,3.11
-2.75,3.30,2.62
-2.75,2.93,1.71
-3.66,2.08,0.37
-3.54,0.67,-0.24
-4.33,-0.18,0.12
-4.39,-0.55,1.16
-3.66,-0.55,2.81
-3.72,0.06,3.78
-3.48,0.79,3.30
-2.81,1.16,2.20
-1.95,1.71,1.10
-0.98,2.20,0.49
-0.37,2.69,0.12
-0.12,3.11,-0.06
0.55,2.75,0.12
0.85,1.40,0.55
0.49,0.18,0.67
0.12,-0.49,0.55
0.18,-1.04,-0.06
0.43,-1.40,-0.61
0.55,-1.46,-1.22
0.18,-0.55,-1.53
-0.79,1.04,-2.20
-1.16,1.65,-2.62
-1.95,1.65,-2.81
-2.32,0.37,-3.11
-2.99,-1.28,-3.48
-3.72,-2.38,-4.27
-3.60,-2.93,-5.49
-3.11,-3.54,-6.47
-2.14,-4.15,-7.75
-0.98,-4.52,-8.54
0.18,-4.15,-8.30
-0.37,-2.87,-7.69
-1.16,-2.08,-8.00
-1.95,-2.32,-7.93
-3.48,-3.91,-7.51
-4.09,-7.08,-6.29
-4.88,-10.07,-3.60
-5.55,-12.76,0.67
-6.23,-15.32,4.94
-6.16,-18.68,8.18
-6.90,-23.38,11.35
-8.24,-28.26,15.01
-7.26,-31.80,17.46
-6.35,-30.33,11.78
-4.33,-22.46,2.69
1.83,-16.60,7.69
-1.28,-12.33,8.54
-0.49,-8.85,4.82
0.06,-6.47,5.37
2.14,-3.48,9.89
6.53,1.34,21.36
9.52,7.14,45.47
10.25,15.26,61.22
15.20,28.08,73.43
21.73,42.66,85.45
27.10,50.66,99.85
27.83,54.26,108.34
27.77,52.73,117.00
26.06,52.25,130.19
25.76,49.99,126.89
26.86,48.46,117.92
26.98,44.49,111.33
23.50,46.57,109.99
21.36,39.12,103.09
21.24,31.98,93.57
16.17,29.60,82.28
15.14,22.34,67.81
11.96,16.78,53.71
8.73,14.95,42.60
4.76,11.54,26.61
3.97,8.73,7.51
5.62,7.63,-2.08
7.45,7.14,-9.03
2.75,5.68,-18.55
-3.11,-1.10,-40.89
-6.96,-10.80,-67.02
-10.07,-19.53,-82.95
-13.24,-21.97,-86.18
-14.83,-16.78,-83.56
-13.55,-11.60,-80.63
-10.50,-9.52,-79.71
-9.34,-9.58,-81.05
-10.13,-11.23,-83.68
-11.23,-13.98,-85.63
-10.74,-16.66,-81.91
-9.95,-17.58,-67.87
-9.89,-17.09,-46.75
-7.93,-16.91,-23.07
-3.78,-20.63,0.18
-1.65,-28.26,19.04
-1.83,-37.96,31.86
-3.05,-49.26,39.37
-5.74,-51.82,29.60
-8.00,-47.06,15.20
-0.49,-40.89,9.83
3.42,-29.05,6.53
8.24,-13.24,1.71
13.43,-2.62,0.31
21.55,5.68,0.61
34.85,7.39,2.50
48.34,-4.52,7.02
60.85,-22.03,7.69
74.65,-30.40,9.89
85.94,-39.43,10.19
87.52,-41.20,4.64
71.41,-35.22,-1.59
42.24,-21.12,-2.50
23.07,-13.37,-2.99
12.33,-1.89,-3.78
6.16,-0.43,-2.08
0.55,-4.03,-0.92
-4.39,-3.60,-1.65
-6.35,2.81,-2.81
-5.19,11.96,-4.33
-3.66,20.87,-6.10
-4.64,28.14,-8.36
-8.12,32.65,-12.33
-12.82,34.00,-22.77
-15.50,31.07,-41.02
-17.21,28.08,-56.09
-18.37,25.57,-67.26
-14.10,22.22,-77.33
-8.24,16.97,-83.74
-2.38,7.51,-84.35
-0.31,-4.39,-80.14
-1.77,-16.30,-73.97
-6.47,-27.04,-65.00
-10.01,-34.67,-53.96
-12.15,-39.86,-41.02
-18.37,-44.56,-25.27
-25.63,-47.06,-9.64
-30.64,-48.77,5.31
-32.47,-49.68,18.98
-32.78,-50.11,20.69
-25.39,-47.00,0.00
-11.41,-41.20,-0.92
-2.81,-30.27,3.48
3.60,-17.82,5.68
7.08,-9.52,5.80
11.47,-6.35,6.41
14.59,-3.72,9.34
17.76,-0.37,22.58
17.82,1.40,47.24
15.87,10.13,71.23
19.17,21.18,95.21
24.78,41.38,119.63
28.75,59.94,142.46
31.68,73.43,148.01
35.95,78.61,153.81
30.76,74.22,154.54
29.30,63.42,137.82
26.79,50.96,123.41
21.79,40.95,103.09
16.17,33.75,93.87
7.81,25.63,82.95
4.15,16.78,70.74
2.14,14.28,64.82
-1.89,11.29,50.84
0.43,10.25,40.89
0.12,7.14,31.56
3.17,6.90,21.85
3.30,10.93,30.88
4.15,6.96,16.48
3.60,2.87,4.39
0.37,0.18,2.08
-2.08,-1.83,0.67
-3.30,-2.56,-0.73
-3.85,-2.14,-1.40
-3.11,-0.55,-2.38
-1.95,1.28,-2.69
1.22,4.76,-3.30
0.73,2.99,-3.36















-,-,-
0.31,-0.79,1.95
0.31,-0.73,1.10
-0.12,-0.67,0.06
-0.67,-0.49,-0.31
-0.92,-0.79,0.00
-1.22,-1.40,1.04
-1.10,-1.65,2.20
-0.43,-2.14,3.11
-0.43,-2.50,3.30
-0.61,-2.81,3.42
-0.49,-3.36,3.54
-0.18,-4.21,2.99
0.00,-5.07,1.95
-0.55,-5.86,2.08
-1.83,-5.25,3.60
-3.11,-5.07,6.10
-3.91,-6.47,5.55
-4.70,-7.32,2.75
-4.15,-6.65,-1.10
-3.48,-5.43,-1.89
-2.62,-4.09,-1.46
-1.46,-2.32,-1.77
0.06,-1.46,-0.98
0.37,-0.79,1.40
0.37,-0.61,2.14
0.37,-1.34,1.71
-0.24,-2.93,1.04
-1.59,-4.88,1.10
-3.66,-7.20,1.10
-5.43,-9.46,0.92
-6.77,-10.74,0.31
-7.63,-10.74,-0.12
-7.45,-9.77,-0.67
-6.10,-7.75,-0.49
-3.85,-5.43,0.06
-2.38,-3.72,0.98
-2.56,-2.26,3.54
-3.66,0.31,13.31
-3.91,4.46,27.28
-1.71,15.08,38.76
2.44,25.21,49.19
3.54,31.56,58.53
3.11,41.50,72.33
3.17,47.36,83.92
10.01,56.88,98.33
12.70,60.73,109.01
15.01,61.40,110.90
14.65,62.13,112.79
11.78,60.73,115.05
8.91,58.11,117.98
8.36,55.66,112.49
9.16,47.36,99.79
7.02,37.05,82.95
4.64,24.05,60.55
4.88,16.05,48.34
2.81,14.28,41.02
3.85,13.31,28.69
6.23,13.73,18.07
6.10,10.07,7.02
9.52,5.92,-3.48
8.30,4.03,-8.67
2.50,-0.61,-21.48
-0.85,-7.32,-45.23
-3.54,-14.95,-63.35
-5.55,-20.94,-74.22
-5.74,-18.31,-78.92
-3.42,-10.93,-76.54
0.61,-3.91,-69.70
3.78,1.10,-63.35
4.82,3.36,-60.18
5.43,2.20,-58.59
5.55,-1.53,-56.34
5.49,-5.74,-53.28
5.68,-10.56,-49.50
5.00,-14.89,-44.49
0.92,-18.07,-35.22
-3.91,-20.45,-20.02
-6.77,-23.80,-1.16
-8.18,-30.88,15.99
-7.57,-40.95,25.27
-11.17,-50.78,29.72
-11.29,-51.33,21.91
-6.65,-42.97,6.96
2.01,-36.44,3.97
5.92,-27.34,4.82
15.14,-16.54,3.97
24.96,-11.54,6.29
30.27,-10.56,9.46
33.08,-10.13,9.58
37.35,-13.00,9.34
42.91,-25.09,9.40
51.82,-33.69,15.14
64.03,-34.91,18.86
75.20,-38.09,16.78
72.94,-34.55,14.71
69.40,-29.30,14.40
61.40,-17.64,14.28
46.69,-11.35,9.22
33.33,-12.21,7.87
23.19,-5.62,6.35
12.88,0.12,3.23
0.49,-4.70,0.98
-2.81,-8.48,-0.43
-5.80,-9.83,1.22
-6.96,-4.94,1.53
-6.29,5.98,0.92
-5.55,19.04,-0.67
-4.09,30.46,-2.69
-3.91,39.49,-5.07
-4.09,44.98,-9.52
-5.00,43.64,-18.01
-5.80,35.64,-35.71
-6.47,27.95,-53.89
-6.16,23.19,-64.94
-2.14,20.45,-70.86
2.26,16.05,-71.53
6.23,9.03,-67.38
6.35,-0.73,-60.42
3.17,-11.11,-50.96
-3.23,-20.87,-39.86
-9.28,-28.44,-31.31
-13.85,-31.92,-24.17
-16.42,-34.48,-15.26
-17.52,-37.60,-4.82
-17.70,-40.47,7.75
-17.46,-41.26,20.14
-11.29,-33.45,13.18
-5.62,-24.90,7.87
1.71,-22.16,7.26
-0.12,-18.01,5.37
-0.85,-12.63,3.30
-2.01,-9.64,2.99
-2.75,-7.45,3.66
-1.65,-4.09,13.12
0.73,2.99,29.97
5.98,12.94,50.48
10.86,18.31,63.35
15.75,22.22,67.20
14.04,32.59,78.86
14.28,41.50,87.52
15.32,50.35,102.48
15.26,52.00,108.58
17.03,48.22,108.09
17.64,42.05,105.41
15.87,38.15,107.36
14.89,34.12,99.12
12.57,28.93,81.67
6.71,22.71,73.73
4.82,20.81,73.49
2.99,21.55,69.58
2.08,19.65,64.51
0.06,16.11,60.30
-1.28,13.37,52.86
-1.22,9.28,57.74
-3.30,10.01,56.70
0.43,9.95,44.68
3.54,5.98,37.48
1.04,4.52,20.63
2.08,0.98,4.46
3.17,0.73,1.59
4.09,2.01,1.53
5.07,2.44,0.43
3.91,1.89,-1.34
0.92,1.10,-3.36
-1.10,0.55,-4.88
-1.65,0.67,-5.25
-1.04,1.28,-4.76
-0.67,2.01,-4.21
-0.79,2.93,-3.85
-0.31,5.07,-3.78
0.31,7.57,-4.15
-0.73,10.31,-4.82
-2.69,13.00,-7.08
-4.15,16.24,-12.15
-4.27,18.68,-19.84
-3.85,18.68,-23.50
-3.60,22.22,-22.46
-2.38,30.82,-23.07
1.71,41.26,-28.26
5.13,50.42,-35.77















-,-,-
1.95,-1.34,2.44
3.23,-0.49,2.62
4.33,0.67,2.93
5.43,1.59,3.11
6.84,2.14,3.36
7.32,1.71,3.85
6.65,0.37,4.27
5.00,-1.04,4.21
3.36,-1.83,3.78
2.01,-2.08,3.30
1.40,-1.59,2.75
1.40,-0.55,2.20
2.14,1.16,1.77
2.69,2.32,1.77
3.30,3.23,2.20
3.17,2.99,2.62
2.81,2.56,2.87
2.56,2.32,2.56
2.26,1.77,2.38
2.08,1.34,2.32
1.95,1.10,2.01
1.59,1.10,1.83
1.40,1.59,1.46
1.59,1.95,1.71
2.01,2.08,1.77
2.56,2.01,1.95
3.23,1.71,2.75
7.20,2.56,11.05
11.17,11.96,31.98
16.97,29.85,54.14
23.68,44.49,81.30
24.96,49.62,91.61
29.30,55.36,97.96
26.31,54.69,99.67
23.19,55.66,100.34
18.80,57.19,106.75
16.36,54.14,108.15
15.14,50.42,98.02
13.12,40.47,85.39
9.22,31.37,73.85
5.62,27.89,68.85
1.83,21.12,65.12
2.75,15.50,50.90
4.82,11.84,37.60
3.66,12.82,35.40
1.04,8.54,25.94
1.10,4.15,6.84
-0.12,5.19,4.58
-0.24,9.16,15.08
-0.67,10.13,12.45
0.98,8.06,-1.16
-2.20,8.61,-3.60
-6.16,10.13,-2.38
-7.14,16.17,8.00
-6.23,27.40,34.73
-0.73,36.62,54.02
5.55,37.66,57.50
8.54,29.48,46.08
8.97,21.24,29.60
7.93,12.94,17.76
5.62,5.74,2.69
4.09,-0.73,-11.35
0.98,-5.37,-26.18
-0.73,-5.00,-40.34
-3.72,-0.79,-49.19
-4.03,5.00,-57.56
-1.22,10.01,-68.79
1.95,11.47,-79.65
1.53,10.01,-85.75
-0.43,7.26,-85.39
-1.95,3.17,-81.36
-3.42,-2.75,-75.81
-3.97,-10.13,-67.50
-5.74,-17.64,-55.48
-8.97,-23.86,-42.72
-11.47,-29.66,-31.25
-12.63,-36.25,-19.84
-14.22,-42.54,-7.57
-13.92,-48.46,5.92
-13.18,-55.66,21.48
-13.67,-61.58,32.65
-7.45,-49.87,20.08
4.33,-39.25,11.23
17.70,-29.48,8.24
19.65,-18.86,6.41
19.29,-10.38,6.96
18.49,-8.00,8.91
17.52,-7.08,9.46
20.20,-9.22,10.01
25.88,-14.71,9.95
33.33,-17.33,5.98
43.58,-31.25,8.67
55.73,-38.94,12.33
67.81,-37.35,12.76
72.75,-36.93,12.15
70.98,-35.34,16.11
62.87,-25.33,18.74
49.87,-17.94,12.70
35.22,-9.58,8.85
23.19,-6.04,6.96
17.76,-6.16,5.86
11.05,-0.18,3.85
6.23,-2.99,2.08
2.32,-9.28,1.59
-2.01,-11.96,0.24
-4.58,-8.18,-0.98
-4.94,0.79,-1.89
-4.27,11.54,-2.62
-4.46,20.14,-2.56
-4.94,28.26,-3.42
-8.06,33.57,-4.33
-10.19,36.32,-5.74
-10.80,36.19,-8.67
-10.74,31.49,-18.92
-10.31,22.28,-39.00
-9.22,13.00,-57.19
-7.14,6.90,-66.83
-4.58,1.59,-71.47
-0.12,-5.68,-74.34
1.22,-14.83,-76.66
-1.83,-22.95,-76.05
-9.16,-27.83,-68.54
-17.33,-29.97,-54.81
-19.96,-29.17,-40.47
-20.08,-29.79,-27.83
-17.15,-33.26,-15.63
-15.32,-36.62,-3.60
-15.63,-36.32,5.62
-11.72,-27.34,2.14
-6.77,-17.52,2.62
2.87,-11.84,5.74
4.58,-8.42,6.71
5.86,-5.43,5.62
4.82,-4.27,5.19
2.38,-4.82,7.39
2.32,-4.09,12.63
4.39,-1.77,14.34
8.12,1.22,22.03
10.56,8.36,43.76
14.71,18.80,63.23
20.32,32.29,77.94
23.86,44.07,91.31
28.69,50.78,100.40
30.64,50.90,106.20
28.81,54.93,115.30
25.39,52.19,122.68
22.34,51.94,121.15
16.66,45.65,110.90
13.06,35.83,102.11
9.58,29.97,91.98
7.26,23.62,88.32
5.49,19.23,77.09
7.87,20.75,70.98
6.84,14.71,59.57
9.03,12.15,52.49
7.26,13.85,53.96
3.97,9.52,50.05
5.25,7.32,41.08
3.54,6.96,34.91
2.20,3.54,29.11
2.14,1.89,23.44
3.72,0.12,19.04
4.46,-0.24,10.68
5.86,-0.49,4.76
7.45,-0.55,3.54
7.20,0.12,2.87
5.00,0.43,1.83
2.44,0.24,0.55
0.67,0.31,-0.31
0.18,0.18,-1.40
-0.31,-0.49,-2.44
-0.43,-1.22,-2.93
0.00,-1.65,-3.11
0.43,-1.77,-3.23
0.55,-1.89,-3.48
0.55,-1.89,-3.17
0.73,-1.28,-2.81
0.55,-0.85,-2.08
0.31,-0.37,-1.34
0.18,0.24,-1.04















-,-,-
1.53,-0.12,1.46
1.10,-0.61,1.28
1.10,-0.67,1.22
1.59,-0.31,1.16
1.71,-0.06,1.34
1.59,0.06,1.53
1.71,0.12,1.65
2.01,0.43,1.65
1.83,0.24,1.65
1.89,0.43,1.40
1.95,0.55,1.28
2.08,0.43,1.46
2.01,0.18,1.59
1.77,-0.37,1.46
1.53,-0.92,1.71
1.71,-0.85,1.89
1.83,-0.73,2.08
1.95,-0.67,2.38
1.77,-0.79,2.62
1.89,-0.85,2.75
1.77,-0.85,2.50
1.83,-0.73,2.26
1.65,-0.43,2.01
1.83,0.00,1.65
1.89,0.55,1.46
1.77,0.85,1.53
1.65,1.04,1.71
1.40,0.61,1.83
1.46,-0.31,1.53
1.10,-1.46,1.59
0.67,-2.38,1.40
0.49,-2.93,0.92
0.67,-3.11,0.98
0.24,-3.23,1.28
0.18,-2.26,4.15
0.98,3.30,16.36
2.50,15.63,35.34
6.90,20.87,40.71
11.05,15.44,35.22
9.95,17.88,31.80
9.83,21.61,39.61
10.31,28.63,67.63
11.72,33.20,82.09
16.30,39.79,86.24
17.52,43.27,94.48
16.78,42.36,102.36
14.47,41.14,106.14
13.73,37.05,113.71
12.82,38.51,115.60
12.51,42.79,108.22
16.30,36.93,97.35
13.43,30.52,84.11
12.08,24.78,71.84
8.24,17.94,60.73
5.19,14.10,43.15
2.44,10.68,29.72
2.32,10.99,20.87
2.14,17.88,33.02
2.01,17.94,32.84
2.75,13.73,14.89
2.50,11.84,4.21
2.75,11.66,-2.56
5.74,11.84,-6.84
7.51,9.34,-17.70
5.92,-0.85,-45.35
2.93,-10.07,-76.05
-1.65,-15.56,-96.50
-5.19,-14.89,-105.96
-5.55,-11.47,-106.81
-3.97,-8.06,-102.23
-1.40,-6.59,-94.97
0.24,-7.69,-86.73
-2.38,-9.46,-76.72
-5.62,-10.56,-63.23
-7.75,-11.96,-47.06
-8.06,-16.54,-30.15
-6.41,-26.43,-13.18
-6.23,-38.82,4.03
-7.93,-48.52,21.67
-8.00,-57.92,36.13
-3.42,-60.97,36.13
3.66,-47.55,17.88
25.82,-37.96,9.09
38.21,-28.93,9.64
46.51,-20.08,11.66
53.65,-11.35,13.85
58.47,-10.13,18.13
65.00,-22.46,22.58
71.84,-25.88,19.35
77.21,-32.71,19.10
83.44,-37.54,11.23
89.97,-35.71,10.80
95.03,-42.72,11.05
95.15,-43.15,10.07
75.20,-39.25,7.57
42.36,-24.78,4.70
9.46,-4.64,-0.24
-9.09,6.77,-2.75
-17.82,6.16,-3.23
-18.49,2.93,-3.11
-21.85,1.04,-2.26
-21.06,7.81,-1.59
-16.24,19.84,-2.50
-12.88,32.17,-5.37
-11.23,40.41,-10.07
-13.79,40.28,-18.07
-20.81,34.91,-39.79
-27.71,24.60,-64.45
-32.78,22.64,-77.09
-31.49,27.10,-84.17
-25.57,30.15,-87.46
-16.36,28.14,-86.30
-9.52,19.35,-80.87
-7.69,6.59,-73.43
-7.93,-6.53,-64.27
-8.79,-15.14,-53.10
-9.83,-20.57,-39.43
-8.97,-28.32,-22.52
-8.24,-39.43,-2.62
-9.46,-49.74,20.32
-10.86,-58.65,41.81
-11.35,-62.68,47.85
-12.70,-51.76,24.23
-3.97,-42.97,13.98
1.59,-34.91,10.31
-0.12,-22.34,5.68
2.26,-8.61,7.57
5.00,1.22,22.34
10.25,10.38,51.33
14.65,23.19,77.94
18.19,42.91,107.30
22.95,56.64,130.62
28.63,64.15,145.45
29.30,69.34,150.39
27.40,63.72,150.21
21.85,55.18,142.46
15.81,45.35,130.92
9.16,32.10,106.93
6.53,27.89,93.44
1.59,20.45,80.75
0.43,11.23,63.48
-1.22,6.04,45.59
-0.24,8.24,48.34
-1.28,12.21,55.11
1.34,8.97,43.64
1.34,5.43,23.68
1.95,2.69,7.57
2.50,4.27,3.42
1.40,2.93,2.20
3.30,4.03,1.40
2.08,4.76,1.10
0.67,5.68,0.55
0.43,6.53,0.85
0.55,6.96,1.34
0.67,6.96,1.34
0.55,6.47,0.55
0.98,5.98,-0.49
1.71,6.04,-1.40
2.75,5.86,-2.50
2.44,5.62,-3.05
1.95,5.43,-3.30
0.98,5.43,-3.48
0.12,5.00,-3.72
0.37,3.66,-3.78
1.16,3.36,-3.42
2.75,3.30,-2.56
4.03,1.65,-0.85
4.09,-0.98,0.61
3.72,-4.03,1.10
1.10,-6.59,3.78
-0.24,-2.75,21.12
-2.62,8.12,52.37
-0.31,7.87,52.98
2.26,6.35,30.03
1.34,3.36,10.25
2.08,3.11,0.00
3.36,4.15,-2.08
7.08,3.78,-2.62
9.09,2.99,-3.42
4.94,1.34,-6.65















-,-,-
2.01,-1.46,-1.40
1.95,-1.59,-1.34
1.95,-1.22,-0.67
2.38,-0.43,-0.12
3.11,0.06,0.06
3.05,-0.31,0.06
2.26,-1.10,0.43
1.71,-1.46,0.18
1.40,-1.83,0.18
1.53,-1.89,-0.12
1.71,-1.53,-0.18
1.71,-1.10,-0.12
1.59,-0.43,0.43
1.77,0.43,0.98
2.14,0.98,1.77
2.62,1.53,2.44
2.44,1.46,2.56
2.14,1.28,2.44
2.38,1.10,2.50
2.69,0.73,2.38
2.75,-0.18,1.89
3.17,-0.85,2.99
5.07,1.28,12.27
8.00,8.36,34.06
9.58,8.97,33.63
11.66,7.20,17.15
10.19,11.90,15.69
9.09,15.75,26.00
7.75,14.77,29.30
8.00,7.45,15.44
6.16,2.38,4.52
3.30,1.53,9.58
1.10,5.80,24.54
1.16,13.00,42.79
4.03,24.29,64.94
9.16,35.22,89.48
12.57,47.61,115.72
15.32,57.68,129.82
17.88,58.29,130.37
19.29,48.28,119.63
21.12,39.12,105.96
18.92,30.15,86.67
14.83,23.56,66.04
10.68,18.55,51.82
6.47,10.80,46.39
5.31,11.60,47.12
4.58,12.45,50.42
7.39,11.29,44.74
7.45,15.14,44.80
7.45,22.71,41.63
6.77,19.65,39.00
6.16,18.80,42.05
2.99,15.69,34.61
3.36,13.79,20.69
4.09,15.32,16.54
4.88,13.24,6.04
6.23,11.41,-4.58
4.46,9.16,-9.09
-0.12,5.98,-18.55
-8.18,0.18,-42.97
-12.21,-3.36,-66.28
-15.32,-2.62,-77.39
-15.26,-0.06,-84.35
-14.28,4.03,-93.51
-12.70,5.68,-103.03
-12.88,3.72,-109.44
-13.49,-0.18,-111.51
-13.92,-3.30,-108.40
-14.47,-5.19,-97.41
-14.22,-6.77,-79.53
-12.57,-9.83,-58.78
-10.86,-15.14,-39.98
-8.42,-22.22,-24.35
-6.29,-31.25,-9.28
-7.63,-39.86,8.18
-9.28,-47.97,27.04
-9.09,-56.70,40.34
-7.57,-55.05,34.18
-0.12,-40.95,15.01
24.96,-33.39,10.25
37.54,-22.46,9.83
44.25,-8.61,9.16
49.87,-7.14,9.58
59.57,-24.54,13.55
66.65,-31.68,13.61
74.16,-33.39,14.16
82.58,-41.87,12.82
81.05,-38.82,12.08
74.89,-40.16,14.95
66.04,-33.94,9.09
57.13,-34.42,2.56
45.84,-27.10,6.41
27.89,-18.68,1.40
12.15,-11.05,-1.53
-1.59,-2.75,-1.16
-6.23,-4.64,-2.14
-9.89,-4.46,-0.31
-10.99,1.65,0.00
-8.97,12.39,-0.85
-8.30,20.63,-1.71
-7.26,28.99,-3.48
-8.00,35.83,-5.74
-12.15,37.23,-8.06
-16.05,35.83,-11.11
-17.58,33.75,-18.25
-17.70,30.40,-37.41
-16.66,25.39,-63.96
-14.71,20.94,-81.42
-11.66,17.76,-88.50
-9.09,14.40,-89.90
-8.12,9.28,-87.46
-7.39,2.14,-82.34
-9.03,-5.86,-73.55
-14.22,-12.76,-61.16
-18.31,-18.43,-43.64
-18.86,-26.37,-23.25
-18.43,-37.54,-4.21
-18.49,-45.29,11.78
-20.81,-51.94,25.09
-21.06,-52.98,31.62
-15.93,-44.19,18.74
-11.84,-35.95,12.02
3.78,-27.83,10.07
4.27,-20.69,6.53
2.99,-12.94,2.75
4.58,-7.20,2.69
6.71,-3.42,5.68
9.64,-0.55,14.53
12.45,5.43,37.96
13.85,15.14,67.14
16.24,26.18,86.98
22.77,34.12,106.26
27.77,37.17,118.47
29.24,44.98,124.57
27.89,49.38,134.03
27.59,52.61,138.85
27.71,49.32,144.84
25.33,44.43,139.10
21.24,33.39,118.23
14.65,23.99,95.46
10.31,19.84,84.78
7.75,19.23,87.40
3.97,13.18,68.42
3.42,12.82,50.96
2.38,13.67,54.26
2.26,10.86,57.56
-3.48,8.30,52.06
-1.89,6.04,39.67
0.98,6.16,40.47
1.28,7.69,31.62
2.93,4.82,25.88
4.46,4.27,11.29
6.65,4.39,4.52
6.16,4.27,3.66
4.09,3.85,2.81
2.01,3.36,1.71
0.98,3.11,0.55
-0.12,3.48,-0.92
-0.18,4.52,-3.48
-2.50,4.76,-4.39
-3.23,5.98,-4.46
-2.93,7.63,-4.27
-1.22,9.03,-3.91
1.22,9.58,-3.11
1.65,7.81,-2.56
0.12,4.39,-2.75
-2.14,1.83,-3.60
-3.42,2.14,-4.46
-2.75,4.52,-6.90
-1.77,7.02,-12.27
-3.23,6.59,-26.25
-3.17,2.32,-52.00
-1.34,1.71,-76.48
1.28,5.74,-97.84
6.53,11.29,-117.55
11.05,15.56,-134.83
13.24,15.69,-148.38
11.96,11.17,-156.25
9.77,2.56,-159.18
6.23,-8.30,-157.65















-,-,-
2.81,-1.89,-2.62
2.93,-2.01,-1.22
2.75,-1.53,-0.06
2.44,-1.28,0.49
2.38,-1.40,0.79
2.50,-2.08,0.49
2.56,-2.87,-0.37
3.11,-3.54,-0.92
4.21,-4.03,-0.73
5.13,-4.58,-0.18
6.04,-5.49,0.18
6.96,-6.65,0.12
7.08,-8.30,-0.79
6.16,-9.77,-1.95
3.48,-10.31,-2.20
0.18,-8.54,-1.40
-1.95,-6.23,0.55
-2.01,-5.07,2.20
-0.73,-4.76,3.66
-0.31,-4.58,3.97
0.06,-4.27,3.66
0.49,-3.91,2.69
0.73,-2.99,1.53
1.53,-1.89,0.12
2.01,-0.92,-1.28
2.01,0.24,-1.83
1.95,1.65,-1.83
2.01,2.62,-1.16
1.95,2.38,0.55
1.65,1.04,2.69
1.59,-2.32,4.88
0.79,-6.77,7.32
-1.53,-11.05,9.89
-3.60,-15.50,12.76
-4.52,-22.40,16.60
-7.75,-29.30,21.24
-10.62,-34.79,26.18
-13.00,-36.38,23.74
-11.54,-32.84,9.28
-5.07,-25.09,6.23
1.28,-16.48,10.01
2.26,-9.28,9.22
4.46,-3.11,5.80
5.49,0.73,7.51
8.30,3.85,16.91
13.24,9.09,33.02
17.88,16.78,56.46
20.26,23.93,74.58
23.93,34.85,85.21
28.87,41.32,98.02
30.94,51.39,115.11
31.43,58.59,131.04
30.64,59.14,141.78
31.13,53.22,139.53
29.54,47.00,125.31
26.67,37.78,109.37
21.18,29.42,97.41
16.54,26.18,88.01
14.77,27.83,86.91
9.95,26.61,75.50
14.53,20.45,57.07
9.95,13.98,45.78
6.41,9.09,29.48
8.97,8.30,21.91
5.31,7.32,13.18
3.85,6.04,-0.06
1.10,6.04,-3.42
0.12,7.02,-5.19
-0.85,8.36,-9.52
-2.44,10.86,-18.07
-4.46,10.50,-35.58
-4.64,5.13,-53.89
-5.31,-0.24,-65.12
-6.29,-2.99,-74.22
-4.94,-4.58,-81.85
-3.72,-6.23,-87.59
-3.42,-9.28,-90.88
-4.64,-12.88,-90.27
-7.57,-15.26,-85.57
-11.96,-16.42,-77.88
-14.04,-16.91,-66.71
-13.79,-17.58,-50.54
-12.33,-19.17,-31.74
-11.17,-24.05,-13.18
-12.02,-31.68,1.46
-14.53,-39.67,13.18
-15.08,-46.81,22.52
-13.55,-44.68,18.86
-10.93,-35.58,9.16
6.41,-32.29,8.18
14.71,-27.22,10.80
24.11,-15.44,7.51
33.57,-6.35,4.46
42.60,-3.23,4.52
54.75,-15.44,6.65
62.07,-24.29,10.50
65.19,-28.32,12.02
67.02,-27.95,11.66
66.10,-28.32,6.71
64.09,-27.71,9.70
57.62,-27.10,11.54
47.85,-28.32,1.89
31.07,-24.54,-2.08
15.20,-18.98,-1.53
2.32,-9.22,0.43
-3.17,-0.61,2.14
-3.17,-3.66,2.32
-4.64,-5.07,1.95
-6.65,-3.05,1.34
-7.63,-0.06,0.06
-7.75,4.46,-1.34
-7.32,9.46,-2.08
-7.39,14.53,-3.17
-9.77,18.01,-5.13
-13.18,19.71,-8.30
-16.17,21.61,-14.83
-18.25,22.28,-29.66
-17.15,19.53,-47.18
-15.87,15.56,-59.33
-11.35,12.94,-68.73
-11.41,11.17,-75.32
-12.76,9.28,-78.74
-13.49,5.43,-77.94
-13.67,-0.61,-71.72
-15.26,-8.36,-60.73
-16.48,-17.21,-47.97
-14.83,-21.06,-34.06
-12.39,-22.40,-20.57
-8.54,-24.17,-7.14
-7.39,-27.95,6.04
-9.83,-32.84,16.05
-14.77,-36.99,21.79
-19.47,-39.18,23.62
-20.45,-39.61,18.68
-16.54,-38.64,6.47
-11.05,-32.41,6.71
-6.23,-25.15,9.03
-3.48,-19.29,8.67
-2.32,-12.63,7.39
0.12,-7.57,7.51
2.20,-3.66,9.09
3.05,1.34,18.55
1.46,6.71,30.15
6.41,11.29,34.55
12.08,19.17,60.61
12.15,29.54,81.18
16.66,34.06,89.36
18.92,36.74,94.06
22.77,38.82,107.67
24.84,46.08,117.68
28.44,52.49,123.29
31.13,51.88,124.57
29.30,51.64,127.69
24.41,51.09,129.64
20.57,46.33,131.35
15.20,38.39,122.68
15.87,36.13,116.76
13.73,30.94,104.06
16.60,26.00,82.89
18.25,18.98,76.42
13.55,20.08,66.22
8.06,14.28,54.69
5.07,6.71,41.20
2.32,2.26,26.31
3.48,5.13,31.43
4.39,6.59,41.32
3.66,3.85,25.15
5.49,0.55,4.09
5.13,0.67,2.56
5.80,0.49,1.10
5.25,0.79,-2.08
3.05,1.65,-4.46
0.85,4.52,-6.53
-0.24,8.24,-9.40
-1.77,10.99,-13.00
-2.99,12.88,-16.05
-3.48,14.04,-18.37
-5.49,15.20,-21.67
-9.52,17.52,-30.40
-11.47,17.82,-46.20















-,-,-
1.40,1.59,1.22
1.95,1.77,0.06
2.26,1.77,-1.22
2.62,2.14,-2.32
3.30,2.62,-2.38
3.60,3.42,-1.46
3.48,2.87,-0.12
3.36,1.34,1.10
2.75,-0.61,1.71
1.83,-1.53,1.77
1.53,-1.95,1.71
1.22,-2.01,1.04
0.55,-2.14,-0.06
0.49,-1.95,-0.43
0.85,-1.22,0.55
1.04,-0.31,1.95
0.92,0.49,3.05
1.04,0.79,3.17
1.46,1.46,3.11
2.69,2.69,3.42
4.09,4.27,4.21
5.00,6.41,5.55
5.07,8.18,7.14
4.52,9.34,7.93
3.78,8.91,8.06
3.17,7.87,7.87
2.20,6.96,7.45
1.65,5.49,6.90
1.65,4.52,6.65
2.08,3.91,6.71
2.44,3.85,6.04
3.72,3.66,4.64
5.00,3.54,2.99
6.47,4.21,1.22
7.69,4.64,0.55
8.18,5.25,0.79
8.36,5.74,1.22
9.28,5.62,2.32
9.95,4.94,3.23
9.89,3.60,3.60
7.69,2.50,4.76
5.25,0.92,5.86
3.36,-0.79,6.47
1.71,-2.44,7.57
0.49,-4.09,7.57
-0.61,-4.46,5.98
-1.53,-3.91,3.78
-2.01,-3.23,2.93
-2.50,-3.11,3.42
-4.15,-3.48,3.48
-6.04,-4.27,3.11
-7.93,-5.80,3.42
-9.09,-7.20,3.60
-9.22,-8.24,2.62
-8.36,-7.87,0.24
-6.96,-7.45,-2.01
-5.07,-7.08,-3.23
-3.36,-6.10,-3.97
-2.69,-4.76,-4.21
-3.36,-3.54,-3.30
-4.15,-2.56,-2.08
-5.31,-3.05,-1.46
-6.29,-5.07,-2.50
-7.14,-6.77,-4.15
-7.81,-7.14,-4.33
-6.71,-6.84,-1.83
-4.39,-6.71,2.38
-2.56,-6.47,4.33
-2.14,-5.25,3.05
-2.20,-4.15,0.37
-2.75,-2.87,-2.14
-3.42,-1.71,-3.30
-4.09,-1.53,-2.50
-4.64,-1.83,-0.73
-4.15,-3.17,0.00
-3.17,-5.43,0.00
-2.20,-7.69,1.71
-2.87,-9.22,4.15
-6.04,-8.54,5.92
-9.46,-6.77,7.08
-10.99,-5.13,6.65
-11.05,-3.36,3.60
-10.38,-1.34,-0.24
-8.00,-0.06,-3.30
-5.25,1.40,-3.97
-3.17,3.05,-2.32
-1.34,2.62,0.37
0.92,-0.24,1.22
3.60,-3.72,-1.59
4.94,-5.86,-3.66
4.15,-7.57,-3.91
1.89,-7.14,-3.91
0.00,-6.35,-2.99
-0.31,-5.68,-2.93
0.06,-3.72,-2.44
0.12,-0.61,-0.12
-1.28,3.11,2.08
-5.25,6.29,9.09
-8.67,16.85,40.34
-7.75,32.35,80.08
-2.56,40.22,93.51
0.73,45.65,102.66
-1.34,50.48,117.92
-4.03,46.26,111.94
-6.10,40.65,86.85
-5.19,34.00,74.22
-4.94,21.30,50.90
0.43,13.00,18.43
2.56,17.76,28.81
0.24,17.09,19.35
4.21,10.68,-3.05
2.87,8.12,-4.52
1.34,3.78,-15.81
1.10,-6.35,-42.79
2.99,-16.30,-65.19
4.21,-14.28,-71.84
7.51,-0.06,-70.68
11.54,12.70,-70.07
15.20,15.75,-70.43
16.42,12.33,-64.15
11.60,6.29,-48.77
5.07,0.06,-31.07
-1.16,-7.51,-15.63
-6.90,-19.84,-3.23
-11.35,-36.32,10.19
-15.32,-53.83,25.21
-20.02,-69.95,38.39
-20.26,-72.57,31.07
-1.04,-49.56,2.50
16.11,-33.63,7.75
28.75,-13.61,10.50
50.54,-10.07,10.56
69.27,-27.59,17.03
76.29,-31.43,17.15
73.55,-23.86,15.75
55.66,-15.14,10.01
41.63,-13.61,4.21
34.48,-12.51,2.87
28.44,-12.39,3.91
16.36,-7.51,1.65
3.30,-7.14,-2.38
-6.41,-6.84,-5.31
-11.47,-7.69,-4.64
-14.77,0.31,-4.03
-14.59,16.78,-4.58
-12.21,27.28,-7.26
-8.48,29.54,-8.42
-5.62,27.04,-13.55
0.92,21.24,-35.03
9.03,20.39,-53.89
15.26,23.19,-57.80
18.55,25.33,-51.03
18.01,22.77,-39.55
14.83,15.20,-30.82
9.40,2.26,-22.77
4.94,-13.00,-11.60
-0.18,-27.77,4.64
-7.20,-41.32,22.58
-15.01,-53.41,34.91
-21.55,-55.73,30.70
-12.76,-35.95,0.06
-2.01,-28.32,3.23
-3.66,-12.45,8.61
2.75,6.71,12.88
8.24,23.74,44.86
13.85,40.10,77.76
19.84,52.92,98.08
21.67,51.70,108.76
20.94,48.83,112.06
15.75,41.02,95.28
11.78,28.20,80.51
5.31,22.28,74.34
2.08,17.70,61.28
0.73,19.35,45.72
0.98,16.48,39.37
1.53,16.54,38.15
0.31,15.32,24.48
0.06,7.57,6.23
0.79,5.86,-2.62















 
-,-,-
2.20,1.65,1.10
1.95,1.40,1.95
1.40,0.85,2.75
1.16,0.55,2.75
0.92,0.31,2.62
0.85,-0.12,2.20
1.04,-0.31,1.71
0.98,0.06,1.46
1.16,0.79,1.59
1.34,1.04,1.53
1.59,1.34,0.79
1.65,1.16,0.00
1.77,1.10,0.31
1.71,1.04,1.10
1.40,0.67,1.59
1.04,0.43,1.40
1.04,0.12,0.55
1.10,0.12,0.00
1.28,0.18,-0.06
1.65,0.12,0.06
1.83,-0.06,0.37
1.95,-0.67,0.18
2.38,-1.28,0.85
2.08,-1.46,2.20
1.46,-2.69,3.66
0.49,-5.37,4.70
-0.55,-8.61,5.31
-1.71,-13.06,6.59
-3.23,-18.31,8.79
-4.94,-24.35,10.99
-7.81,-26.92,9.52
-6.77,-18.19,-1.22
-2.87,-13.06,-3.23
-2.20,-8.36,0.18
0.31,-5.68,0.98
0.37,-3.78,1.59
2.20,-0.61,1.77
2.62,1.16,1.83
2.26,0.92,2.50
2.08,-0.24,3.36
1.34,-2.14,3.91
0.06,-4.03,4.09
-0.73,-5.37,6.29
-0.24,-5.19,10.31
-0.31,-2.93,14.47
0.06,3.11,20.32
1.46,8.30,29.79
0.24,15.50,43.76
1.10,20.26,50.84
1.28,31.13,65.92
2.38,38.02,78.06
5.07,43.21,78.55
7.81,39.55,84.78
5.31,34.61,74.34
6.29,25.21,54.26
4.39,19.53,42.60
2.26,18.37,41.38
1.83,12.45,28.63
3.23,10.86,23.62
2.99,10.56,17.88
3.54,12.63,9.70
2.20,10.31,2.01
2.50,8.73,-2.99
3.36,9.83,-3.97
4.58,10.93,-7.20
5.92,7.87,-21.79
8.48,0.55,-39.98
9.89,-0.79,-50.42
11.54,7.75,-54.44
13.67,16.91,-54.69
16.60,19.35,-52.61
15.44,16.30,-48.83
12.88,10.86,-43.70
10.56,4.33,-35.46
6.96,-1.40,-25.39
2.50,-6.59,-17.09
-0.79,-13.61,-10.68
-3.11,-24.60,-2.75
-7.20,-35.77,8.73
-10.62,-45.35,22.83
-12.21,-56.15,35.58
-12.94,-65.80,39.06
-9.28,-48.28,9.22
6.16,-36.50,2.99
5.92,-25.51,10.86
11.41,-11.05,5.25
14.83,-3.30,3.36
20.87,0.67,5.98
33.14,-2.99,8.48
42.60,-8.67,10.86
49.44,-15.63,11.11
49.74,-17.58,9.40
48.16,-19.29,8.30
42.48,-12.45,4.64
35.83,-11.96,3.97
21.97,-11.35,0.24
7.87,-10.13,-1.77
-0.37,-4.94,-2.81
-4.27,-9.22,-2.56
-7.75,-11.60,-1.95
-7.57,-7.81,-1.71
-5.80,0.06,-1.83
-3.11,10.13,-1.71
-1.77,19.84,-1.83
-3.66,26.31,-3.72
-5.92,29.97,-7.69
-5.86,27.89,-11.35
-5.19,24.48,-20.87
-1.71,24.78,-30.03
1.65,26.31,-33.63
4.64,25.82,-31.56
6.84,20.63,-26.18
8.91,11.41,-20.94
8.48,0.67,-15.63
5.74,-7.63,-11.60
2.14,-13.85,-8.36
-1.83,-21.79,-5.00
-5.25,-32.17,-1.16
-7.39,-43.33,4.88
-9.58,-51.45,12.45
-10.99,-39.73,4.82
-2.99,-21.67,-2.99
0.73,-17.21,4.70
1.83,-11.23,6.71
2.08,-7.57,2.69
0.79,-5.62,3.54
0.61,-3.85,6.77
0.67,-1.77,16.24
2.93,4.03,37.23
6.71,14.89,60.49
9.64,27.59,78.06
9.28,30.64,85.21
10.25,33.69,85.57
7.69,36.44,81.85
4.64,37.66,77.64
5.68,29.66,69.34
5.92,23.50,57.74
2.99,18.25,50.42
1.89,9.95,38.70
1.10,7.02,24.66
1.71,6.29,23.25
1.53,4.76,15.75
2.50,2.69,4.33
2.38,2.75,1.65
2.56,3.78,0.00
2.44,5.68,-1.95
1.10,8.12,-3.05
1.65,10.80,-3.78
3.42,14.22,-4.39
3.23,15.75,-5.43
2.56,17.21,-5.37
1.04,18.01,-8.54
0.12,18.92,-20.69
1.46,17.82,-32.29
4.21,21.55,-35.46
9.64,35.77,-37.05
15.99,51.76,-39.73
21.24,62.50,-39.61
25.57,67.81,-36.50
28.69,69.03,-34.18
29.85,66.47,-34.18
29.97,61.95,-35.10
30.64,55.91,-34.85
32.47,47.55,-34.24
33.08,40.47,-33.75
31.49,36.68,-30.64
29.36,35.22,-24.35
27.71,33.69,-17.70
26.31,30.88,-12.15
21.42,28.50,-7.57
13.43,30.09,-4.33
7.51,32.96,-2.20
4.27,35.58,0.12
3.78,37.11,2.87
1.77,36.13,5.74
1.34,28.81,9.40
1.04,12.82,13.73
0.73,-0.12,15.32
0.79,-8.61,17.21















 
-,-,-
-2.69,-12.15,-0.37
-2.62,-10.86,-0.79
-2.44,-8.85,-0.73
-1.40,-7.14,-0.24
0.31,-5.49,0.18
1.40,-4.09,1.04
1.89,-3.05,1.59
1.89,-2.62,1.77
1.53,-2.99,1.71
0.79,-3.85,1.59
0.43,-4.58,1.40
-0.06,-5.31,1.10
-0.37,-5.98,0.79
-0.55,-6.65,0.61
-0.55,-6.41,0.79
-0.67,-5.62,0.73
-0.67,-4.03,0.67
0.06,-1.77,0.61
1.22,0.24,0.85
1.71,1.77,0.73
1.59,2.08,1.10
1.83,1.77,1.46
1.89,0.85,1.89
1.53,-0.31,2.14
1.16,-1.22,2.32
0.85,-1.83,2.44
0.61,-1.71,3.54
0.37,-0.31,9.28
-0.24,5.13,22.71
1.59,16.11,45.84
2.32,26.92,58.72
6.04,37.96,73.67
7.93,43.76,79.35
8.85,52.37,96.56
6.04,50.66,99.24
4.76,47.06,84.84
3.05,36.93,74.83
1.95,31.01,62.32
2.93,29.60,49.87
3.23,27.40,40.89
3.60,19.47,37.11
2.50,12.27,26.25
2.69,12.70,17.15
2.14,14.04,17.46
1.10,10.80,5.55
1.10,9.34,-3.48
2.08,11.05,-4.21
4.33,13.24,-3.97
6.04,15.38,-4.39
8.48,16.48,-7.93
10.44,17.70,-19.96
12.51,6.84,-44.92
12.45,-2.87,-70.56
10.56,-1.28,-81.05
10.07,6.77,-77.58
10.44,11.96,-66.71
11.84,10.74,-53.83
10.99,6.53,-42.36
7.14,1.28,-32.84
3.54,-4.15,-24.66
0.18,-11.41,-14.47
-2.38,-23.25,-3.05
-6.10,-38.76,8.12
-10.80,-53.10,19.47
-14.83,-67.75,33.08
-17.15,-73.43,35.64
-8.06,-51.03,7.14
8.79,-40.95,6.77
9.70,-25.57,13.37
17.33,-12.08,9.95
19.29,-7.45,9.89
26.25,-7.57,12.88
35.16,-5.68,13.98
43.82,-9.28,13.43
49.07,-13.61,16.24
50.05,-16.72,16.36
46.26,-15.14,11.11
40.71,-19.53,4.94
30.21,-15.20,-1.04
19.04,-14.28,1.65
6.77,-14.16,-5.43
-2.87,-5.31,-5.55
-5.49,-8.73,-4.09
-8.18,-11.11,-4.21
-8.36,-7.75,-3.85
-6.53,0.92,-3.60
-3.85,11.47,-3.54
-0.79,22.71,-2.99
0.24,30.15,-2.56
-1.40,33.02,-2.93
-2.81,35.89,-9.40
-3.72,35.46,-13.49
-4.88,27.34,-22.95
-2.32,18.43,-31.74
-0.37,14.16,-36.38
1.22,12.27,-36.13
2.01,8.24,-29.91
2.81,1.83,-22.28
3.48,-3.78,-18.07
4.27,-9.09,-17.33
5.00,-15.56,-17.52
3.91,-24.17,-15.44
-0.55,-33.08,-8.36
-4.82,-40.89,1.77
-6.29,-34.79,-0.06
1.95,-22.58,-5.86
5.13,-18.98,2.14
3.30,-12.21,5.25
-0.24,-8.79,1.59
-4.76,-6.29,6.84
-4.64,1.53,25.02
-0.85,15.69,54.81
5.62,29.11,83.19
12.51,39.00,92.47
14.95,43.40,99.06
13.98,43.52,97.66
14.34,41.93,82.21
12.08,36.19,83.31
8.67,28.26,72.08
3.48,21.06,44.25
-0.12,15.38,42.85
-3.66,12.82,34.79
-3.78,12.63,29.30
-3.66,12.94,33.51
-2.01,10.44,24.29
-0.67,9.89,17.88
0.55,8.06,7.32
2.44,7.51,0.12
3.48,8.18,-1.28
3.11,8.54,-2.08
2.44,8.97,-2.62
0.12,8.18,-3.48
-0.98,10.38,-3.97
0.06,14.40,-6.84
0.31,16.85,-15.99
2.01,16.97,-24.84
4.15,18.86,-28.32
7.20,29.24,-31.01
12.21,41.63,-36.87
16.48,49.68,-42.36
19.41,54.63,-44.07
21.00,59.81,-43.58
23.01,64.09,-42.11
25.70,64.51,-41.20
27.95,62.13,-41.32
29.66,57.74,-40.83
31.86,52.67,-36.99
33.57,46.51,-29.11
32.23,43.03,-20.08
28.02,43.15,-12.57
23.19,45.29,-7.20
19.04,47.00,-1.95
15.87,47.36,4.88
13.18,45.65,10.86
11.05,42.24,14.10
9.46,37.78,16.30
8.54,31.37,19.90
7.20,19.65,28.02
2.99,6.16,36.50
-0.79,-8.06,41.08
-5.00,-25.27,41.56
-10.80,-42.42,38.15
-17.40,-55.73,35.28
-23.19,-65.49,37.48
-24.29,-72.94,43.82
-22.34,-76.97,48.10
-22.46,-76.11,46.14
-24.54,-70.37,37.41
-26.92,-60.06,27.04
-31.19,-44.31,19.65
-35.03,-25.09,14.16
-38.39,-6.71,7.02
-40.22,7.20,-3.72
-38.82,15.38,-15.75
-35.58,17.94,-24.84
-31.86,16.42,-27.59
-29.05,13.06,-25.15
-26.37,9.83,-21.67
-24.54,6.29,-19.53















 
-,-,-
2.14,-0.37,1.46
1.65,-0.49,1.89
1.34,-0.43,1.89
1.22,-0.61,1.46
1.59,-1.04,0.92
2.08,-1.95,0.79
1.53,-3.78,1.04
0.92,-6.90,1.71
-0.37,-11.29,3.17
-2.50,-14.83,5.19
-4.21,-14.59,4.21
-2.50,-8.67,-2.20
-0.92,-5.74,-2.08
-0.49,-2.69,0.85
1.83,0.37,1.04
2.38,2.20,1.16
2.87,2.87,1.77
2.50,2.87,1.65
2.01,2.01,1.34
1.46,0.61,1.46
0.79,-0.73,1.71
0.18,-2.14,1.71
0.18,-2.75,0.73
0.24,-3.60,-0.06
-0.24,-4.03,-0.24
0.18,-3.97,-0.18
0.31,-3.30,0.06
0.18,-2.81,0.43
0.18,-2.56,0.98
0.73,-2.99,1.53
0.55,-4.15,1.77
-1.10,-5.74,1.34
-3.66,-7.57,0.49
-7.39,-9.89,-0.24
-10.50,-10.74,5.55
-15.81,-3.66,28.38
-14.71,14.59,64.15
-6.23,30.15,94.06
2.38,42.05,108.52
8.24,49.99,107.54
8.30,48.22,104.61
4.46,43.33,81.79
1.95,41.99,71.72
0.37,31.98,64.82
0.55,23.62,46.08
-1.10,16.78,27.83
-1.53,6.84,9.52
-1.04,4.94,4.82
-0.43,5.92,1.46
0.79,5.43,-3.97
0.49,6.29,-7.63
0.85,7.75,-11.66
0.43,10.01,-17.88
0.85,8.30,-34.55
3.78,-0.55,-52.06
4.46,-8.36,-64.15
5.37,-7.45,-66.04
6.65,0.55,-59.57
7.93,7.14,-49.32
9.58,6.47,-37.54
8.91,0.85,-26.12
6.23,-4.46,-16.05
2.08,-9.70,-7.20
-1.34,-19.10,1.22
-3.54,-34.91,10.86
-6.71,-50.96,18.07
-7.57,-36.44,5.55
5.00,-30.52,1.77
4.15,-26.61,9.09
12.57,-15.50,7.26
18.92,-12.51,8.00
28.38,-22.77,14.22
39.00,-23.07,17.70
46.75,-13.43,18.86
50.90,-13.73,20.14
42.85,-7.45,16.66
35.77,-13.18,13.12
26.61,-12.51,1.83
21.55,-14.53,-0.24
10.01,-10.13,-2.32
0.43,-7.51,-4.39
-6.47,-11.23,-5.00
-9.70,-12.15,-5.98
-9.89,-7.45,-6.59
-8.48,1.10,-6.90
-6.90,10.50,-6.71
-6.04,20.02,-8.61
-6.53,29.17,-11.60
-4.70,29.85,-13.24
-2.56,23.50,-19.17
0.06,17.03,-28.63
1.83,13.92,-36.93
4.46,10.93,-41.75
6.77,4.27,-41.81
7.32,-5.92,-37.84
7.20,-15.32,-32.10
5.92,-23.62,-22.64
2.87,-33.51,-10.07
-2.75,-42.36,3.05
-8.79,-37.11,3.48
-3.30,-22.83,-3.11
-5.92,-21.18,6.16
-8.97,-15.26,7.69
-8.48,-8.54,6.16
-7.51,1.40,28.44
-3.48,18.68,63.78
3.48,36.93,82.95
11.72,43.95,92.10
17.15,43.82,93.69
15.81,45.90,93.44
15.32,44.25,96.25
10.56,37.05,84.47
6.41,32.84,60.55
3.85,27.40,55.66
4.39,16.17,41.32
5.13,9.16,25.15
4.09,8.42,14.83
4.94,7.02,11.11
4.21,7.14,11.96
4.03,4.70,0.92
2.32,5.00,-3.05
1.10,6.47,-3.72
0.55,8.12,-4.33
1.95,9.52,-4.76
1.46,8.36,-3.97
0.67,8.30,-3.30
0.37,7.51,-3.30
0.73,9.03,-3.36
0.49,12.39,-3.54
0.00,20.39,-6.71
0.61,27.59,-13.31
3.48,33.57,-28.32
12.15,44.74,-43.76
20.94,59.57,-55.48
27.10,71.84,-59.27
33.02,79.16,-56.64
37.90,82.52,-52.92
41.99,81.12,-50.29
46.33,75.13,-48.52
51.51,69.15,-47.06
58.17,63.17,-44.13
64.51,56.09,-39.12
68.85,47.12,-33.08
68.48,38.15,-25.63
59.08,33.39,-16.30
43.52,34.42,-8.00
28.56,32.78,-1.34
16.72,22.64,7.20
8.36,5.92,16.05
2.50,-11.72,23.93
-0.49,-27.10,30.15
-4.82,-38.45,34.48
-7.26,-44.98,36.87
-9.28,-47.55,39.55
-12.76,-47.49,43.21
-16.85,-46.75,47.00
-20.08,-46.51,50.11
-23.74,-49.01,50.90
-30.21,-53.89,48.65
-36.25,-59.57,43.88
-38.57,-63.90,37.41
-41.08,-62.38,30.27
-42.60,-54.63,22.40
-42.48,-44.37,15.26
-41.26,-34.30,9.95
-40.16,-24.66,5.80
-39.06,-16.72,0.92
-37.84,-9.40,-5.74
-34.67,-3.11,-15.01
-29.54,3.05,-24.72
-22.40,9.77,-31.37
-14.28,16.11,-34.85
-6.77,19.78,-36.38
-1.65,18.98,-34.36
1.77,15.08,-29.91
5.13,9.77,-25.94
5.00,5.31,-24.90
3.17,2.62,-25.02
-0.85,1.59,-24.41















 
-,-,-
0.92,-0.12,1.65
0.43,0.18,1.95
0.43,0.12,1.34
0.49,-0.06,0.49
0.85,0.00,-0.18
1.53,-0.24,-0.49
1.53,-0.73,-0.49
1.04,-2.08,-0.31
-0.06,-3.48,-0.55
-0.55,-5.31,-0.37
-1.46,-7.26,0.31
-2.20,-8.54,0.92
-3.11,-8.73,1.10
-3.11,-7.51,0.73
-2.44,-5.86,0.06
-0.92,-3.85,-0.61
0.85,-1.46,-0.61
1.95,0.85,-0.92
2.81,2.50,-1.71
3.11,2.93,-2.44
3.42,2.62,-2.62
3.11,2.14,-1.95
2.50,1.59,-1.22
1.89,1.10,-1.04
1.89,1.10,-0.61
1.83,1.22,0.24
1.77,1.04,0.92
1.83,0.98,0.55
1.16,1.10,0.49
0.67,1.46,0.49
0.37,1.34,0.55
0.55,0.61,0.12
0.37,-0.73,-0.12
0.73,-2.38,-0.24
1.22,-5.62,0.61
1.71,-14.47,2.50
-1.34,-25.76,2.56
-4.46,-23.01,-7.93
-0.67,-20.08,-7.81
-2.69,-17.03,-2.26
-0.55,-10.07,-0.37
0.49,-5.31,1.53
0.79,-1.16,2.99
2.75,3.23,2.99
2.75,6.47,5.31
1.34,9.16,18.01
-3.97,18.07,37.05
-2.93,26.67,64.51
-2.75,38.09,85.45
4.52,45.10,99.67
10.80,45.17,100.28
11.78,41.32,90.03
9.77,37.29,72.39
8.48,28.32,60.42
4.33,23.50,48.28
-0.43,23.44,36.13
-3.36,16.85,27.22
-3.17,10.31,17.94
-1.71,9.03,10.62
0.31,6.90,2.50
2.44,4.27,-4.27
5.07,3.78,-6.84
6.90,3.36,-9.77
10.25,-1.46,-21.55
15.81,-11.90,-40.83
22.46,-25.88,-53.53
23.68,-26.86,-65.06
24.05,-16.42,-73.30
25.27,-8.06,-73.43
28.26,-7.93,-67.81
31.13,-12.45,-59.75
31.98,-19.59,-50.72
30.21,-28.02,-40.53
26.55,-39.06,-26.98
18.13,-50.11,-11.84
5.37,-56.64,3.54
-13.31,-55.18,22.16
-26.00,-40.41,22.09
-21.73,-21.42,5.31
-21.24,-14.77,14.40
-18.13,-5.55,23.99
-9.70,8.36,29.91
-1.83,27.16,58.35
6.65,44.98,86.55
15.26,47.30,90.94
17.40,43.64,92.53
14.10,42.11,83.98
11.17,39.73,83.98
6.96,29.79,71.84
5.43,17.70,54.26
0.73,17.52,43.21
-1.46,16.85,34.42
-2.26,18.07,30.46
-3.11,17.40,18.25
-1.46,12.15,-1.40
-0.55,11.05,-7.14
-2.87,12.33,-11.72
-2.62,18.07,-25.45
-3.60,12.27,-50.90
-4.21,1.40,-71.29
-6.41,1.34,-75.93
-7.63,9.34,-68.18
-7.51,16.54,-56.46
-7.45,19.10,-48.10
-9.52,17.94,-43.64
-9.89,14.47,-38.39
-9.64,10.13,-31.19
-9.95,4.88,-23.38
-11.60,-1.77,-16.42
-15.01,-7.87,-9.46
-18.98,-13.31,-1.65
-21.42,-19.71,8.61
-18.74,-30.09,20.69
-17.88,-41.50,28.08
-13.61,-31.80,9.95
-8.79,-8.48,-9.16
-5.49,-2.62,-3.97
-4.09,1.46,5.25
2.62,4.27,3.17
4.33,7.08,1.83
7.08,9.16,3.05
12.08,6.41,6.35
18.55,-1.28,11.35
30.21,-15.69,19.04
27.89,-9.83,18.07
39.12,-18.31,17.09
43.95,-28.44,13.31
46.81,-24.66,6.47
46.14,-23.13,13.18
34.73,-16.17,19.59
16.42,-5.98,7.20
4.33,-8.73,1.53
-1.22,-11.60,2.01
-4.33,-13.85,0.61
-6.77,-14.95,-1.46
-6.16,-12.39,-2.62
-4.21,-6.90,-3.30
-2.38,-0.85,-4.15
-1.40,5.98,-5.07
-0.61,13.79,-5.92
-0.06,20.75,-6.59
-0.61,25.82,-7.75
0.73,32.78,-14.95
2.99,33.57,-23.74
6.77,38.09,-38.33
14.71,50.84,-49.38
24.17,66.47,-51.39
32.65,78.19,-47.61
40.41,83.80,-45.84
46.81,85.69,-48.58
50.90,84.66,-51.70
52.12,80.51,-51.03
50.72,76.48,-46.94
47.73,71.84,-40.83
43.70,67.93,-33.63
40.47,62.56,-26.25
37.29,55.91,-19.84
34.85,49.13,-13.37
32.65,41.02,-6.53
29.91,31.31,-0.92
28.20,19.84,3.54
27.71,6.29,6.90
28.26,-8.06,9.22
29.54,-22.64,10.80
32.59,-36.50,12.27
36.44,-47.12,12.94
39.61,-53.34,12.70
42.60,-56.95,11.54
45.59,-59.02,9.95
50.05,-60.30,8.00
55.91,-61.16,6.10
59.88,-60.61,5.62
59.57,-56.88,7.02
56.09,-48.89,8.12
49.74,-35.58,6.47
40.83,-17.52,3.36
31.86,2.50,1.59
23.01,21.12,2.69
15.69,34.30,7.51
9.52,41.81,13.73















 
-,-,-
1.22,-0.49,0.98
0.85,-0.67,0.79
0.85,-0.55,0.92
0.85,-0.43,1.10
0.79,-0.92,0.85
0.49,-1.34,1.04
0.67,-1.71,1.10
0.92,-1.59,1.34
1.04,-1.22,1.46
1.22,-0.49,1.53
1.59,0.37,1.71
1.77,0.73,1.65
1.83,0.98,1.46
1.65,0.49,1.40
1.34,-0.37,1.46
1.28,-0.67,1.46
0.98,-1.16,1.53
1.10,-1.34,1.53
1.40,-1.16,1.34
1.34,-0.85,1.28
1.46,-0.55,1.28
1.46,-0.49,1.22
1.40,-0.18,1.40
1.04,-0.06,1.77
0.61,0.12,1.77
0.37,0.67,2.56
0.92,2.32,5.43
1.34,6.71,14.10
3.85,18.13,38.45
7.51,27.22,61.83
7.63,39.31,74.65
10.50,42.66,84.78
11.90,46.33,98.27
13.06,47.73,95.21
14.71,46.88,86.00
13.55,38.15,74.10
13.61,29.97,66.53
9.16,19.47,40.34
7.81,14.65,35.03
3.48,14.10,31.74
1.10,12.63,17.64
-0.24,10.62,7.69
-0.73,7.32,-2.01
0.12,4.82,-6.71
0.43,4.27,-8.36
1.83,5.43,-11.29
2.56,6.71,-17.21
2.50,4.52,-33.94
1.16,2.50,-50.72
0.85,0.18,-55.85
0.12,-4.88,-48.28
-1.65,-5.86,-40.41
-1.95,-2.69,-36.99
-1.40,-2.14,-33.45
-0.73,-6.84,-28.02
-0.12,-12.70,-21.73
-1.77,-17.46,-12.76
-2.81,-21.85,-3.36
-2.50,-15.56,-2.38
4.82,-13.37,-2.56
10.74,-15.87,1.28
19.53,-15.32,4.64
30.58,-22.83,4.88
36.56,-25.02,2.93
43.70,-29.48,7.32
46.94,-28.08,9.83
50.11,-21.73,9.09
48.77,-25.94,10.38
35.34,-19.29,8.36
26.37,-16.78,1.95
17.33,-11.47,-2.87
10.19,-7.69,-2.93
4.03,-8.54,-2.38
-1.34,-7.08,-2.75
-3.48,-4.94,-3.05
-6.04,-3.30,-3.05
-7.02,2.32,-3.11
-6.41,10.68,-3.42
-5.43,18.31,-3.48
-5.25,24.48,-3.23
-7.02,29.72,-4.82
-6.04,28.44,-6.47
-5.19,19.04,-9.58
-6.04,10.56,-23.86
-6.04,5.55,-37.17
-6.53,1.04,-41.75
-4.15,-5.13,-39.61
-0.06,-13.00,-35.28
1.77,-19.96,-31.19
1.83,-24.48,-24.48
-0.31,-29.05,-13.43
-3.17,-33.33,-1.59
-4.15,-28.02,0.49
-0.43,-16.11,-3.36
0.18,-15.44,3.23
-1.95,-11.41,6.04
-1.71,-7.69,4.39
-5.98,-4.76,10.86
-6.16,3.11,32.96
0.12,17.33,63.35
8.00,29.91,77.33
10.62,39.92,90.21
13.12,40.83,91.31
12.02,44.25,93.57
10.80,43.58,85.88
12.57,40.95,77.82
11.96,31.80,66.65
11.29,26.79,52.73
9.03,23.38,46.88
5.80,14.65,39.98
3.23,4.21,21.24
1.77,1.46,10.68
2.01,1.53,4.64
2.62,2.20,1.65
3.48,3.42,-0.37
3.60,4.58,-1.22
3.42,5.86,-2.26
2.87,6.90,-2.93
0.79,5.98,-3.17
0.79,7.69,-3.36
0.24,8.61,-3.23
-1.40,8.85,-4.09
-2.01,10.07,-5.55
-2.75,12.57,-6.41
-3.97,17.33,-10.68
-3.60,21.12,-17.94
-2.20,22.77,-29.30
1.77,29.36,-38.39
7.87,41.50,-43.64
13.85,52.80,-44.31
18.43,59.14,-43.15
22.22,60.18,-43.40
25.33,57.62,-44.07
28.93,51.64,-43.15
32.59,43.27,-41.20
34.06,34.48,-38.57
34.79,26.79,-34.00
35.22,20.14,-27.71
35.22,13.92,-21.30
35.22,7.57,-14.71
34.06,0.73,-8.67
30.03,-5.74,-3.97
22.64,-10.13,-0.61
13.00,-8.97,1.22
4.33,-3.54,2.62
-0.37,3.72,5.55
-1.46,8.61,10.19
-1.04,9.83,14.53
-0.85,9.34,17.76
-1.59,8.06,21.61
-4.15,6.84,27.53
-9.09,8.97,34.36
-13.61,13.37,41.08
-17.21,16.30,46.75
-20.08,15.20,49.93
-21.30,9.40,49.26
-22.09,2.50,43.40
-22.64,-3.23,36.25
-22.40,-9.16,32.41
-21.91,-16.05,33.20
-22.16,-22.64,35.77
-23.56,-31.56,37.72
-24.84,-41.99,37.90
-27.47,-51.94,36.13
-30.94,-58.35,31.56
-31.92,-60.30,24.41
-34.85,-56.09,16.54
-35.40,-44.98,8.85
-32.41,-28.99,1.77
-28.20,-10.56,-4.82
-22.16,7.45,-12.02
-15.20,23.74,-19.29
-6.96,34.67,-24.78
-0.79,39.61,-29.60
2.75,38.33,-35.52
4.27,33.87,-43.09
5.37,28.14,-50.72
6.47,20.57,-54.81
5.80,9.95,-53.41
4.33,-1.65,-47.30















 
-,-,-
0.37,-1.22,0.79
0.24,-3.30,1.83
-0.18,-5.74,2.81
-1.10,-8.30,4.21
-2.50,-9.95,5.62
-3.23,-9.77,6.71
-3.30,-8.54,7.32
-2.62,-7.57,6.96
-1.10,-6.84,6.04
-0.06,-6.10,5.25
1.04,-4.52,3.54
2.32,-2.01,1.46
3.48,-1.89,2.50
3.54,-3.91,3.11
3.11,-4.39,1.16
2.26,-5.37,0.43
1.04,-6.16,0.43
0.12,-6.65,0.18
-0.49,-7.20,0.24
-0.31,-6.71,0.24
0.06,-5.92,0.31
0.24,-5.07,0.12
1.16,-3.97,0.06
1.95,-3.05,0.43
2.32,-2.38,0.92
2.50,-2.26,1.28
2.08,-2.75,1.65
2.01,-3.60,2.14
1.46,-4.39,2.44
0.43,-5.25,2.08
-1.95,-6.84,1.83
-5.43,-7.20,6.23
-6.65,-2.99,23.80
-2.69,11.17,56.40
7.45,35.28,94.36
16.17,52.49,119.38
19.53,61.83,126.77
19.29,60.67,118.96
15.14,53.47,101.07
11.96,38.70,81.42
9.03,29.54,64.33
5.62,17.82,40.47
3.60,13.31,23.19
0.00,13.31,25.45
0.79,10.01,10.62
3.11,5.07,-5.00
4.33,4.52,-12.21
3.30,1.59,-27.40
1.77,-3.48,-53.59
1.34,-8.79,-71.72
0.55,-15.14,-74.16
0.73,-12.39,-67.57
0.37,-1.53,-55.18
1.04,7.26,-43.95
3.05,6.90,-36.93
3.78,-0.55,-33.51
2.32,-10.01,-28.26
0.61,-19.90,-16.91
-0.55,-32.41,-0.43
-0.79,-45.59,16.24
0.73,-38.45,12.76
6.59,-26.55,4.64
12.88,-26.43,11.29
21.18,-18.86,11.17
31.43,-12.76,8.48
37.78,-15.20,10.86
48.58,-25.02,16.42
59.27,-29.72,18.31
67.57,-30.70,13.06
67.20,-35.58,9.16
61.65,-38.82,3.17
49.56,-35.16,-1.71
36.38,-32.78,-3.91
23.86,-24.66,-3.78
13.55,-13.24,-3.30
4.39,-4.88,-1.77
-2.75,-3.42,-3.36
-7.51,-4.88,-3.91
-7.81,-2.38,-3.78
-7.20,4.39,-3.72
-4.58,13.00,-4.33
-2.26,19.17,-6.65
-1.77,25.51,-11.29
-2.99,27.10,-18.01
-4.88,19.59,-32.96
-5.55,12.82,-46.57
-4.52,10.62,-52.98
-2.56,7.39,-51.09
-1.10,1.22,-40.34
-0.37,-4.76,-25.02
-0.67,-11.17,-11.66
-1.89,-21.85,-1.28
-4.21,-37.54,8.73
-8.30,-44.19,7.45
-8.36,-29.60,-8.24
-4.64,-27.47,-0.43
-7.57,-22.22,9.40
-2.99,-12.02,4.70
-0.67,-2.14,13.31
5.49,12.94,46.02
15.38,30.46,92.77
23.13,46.45,121.83
28.08,54.57,130.00
23.56,51.33,119.14
21.18,43.58,101.99
14.40,36.68,94.54
8.54,27.10,78.31
4.27,19.35,59.75
0.00,10.44,58.35
-1.89,6.53,47.24
1.10,-1.59,28.99
2.08,0.31,28.87
1.46,3.11,22.46
1.59,4.70,8.30
2.50,7.39,-1.83
4.09,9.46,-4.03
3.66,9.64,-4.27
1.77,8.30,-5.13
2.14,9.52,-5.92
1.16,9.22,-5.62
0.55,10.38,-6.65
-0.43,13.85,-11.23
-1.28,16.17,-19.78
-0.49,17.70,-28.69
1.53,22.58,-31.43
4.76,33.26,-34.24
9.28,43.46,-40.53
12.63,50.35,-47.73
14.47,56.15,-51.51
15.75,61.10,-51.39
16.97,64.15,-50.11
17.88,66.53,-49.50
17.82,67.93,-48.95
17.76,67.38,-48.95
18.13,65.06,-48.89
18.86,60.97,-47.67
19.78,56.09,-44.01
20.26,50.66,-36.50
21.79,44.37,-25.63
24.41,36.25,-13.37
26.61,24.17,0.18
26.43,8.91,11.84
24.11,-8.48,18.01
15.56,-26.61,19.17
1.89,-40.83,17.40
-8.91,-50.96,13.85
-15.38,-59.33,9.64
-17.76,-66.65,8.30
-17.70,-70.98,9.16
-17.03,-72.39,10.74
-16.91,-72.02,12.02
-18.68,-69.64,12.02
-20.08,-64.33,10.31
-20.02,-58.04,7.63
-18.07,-52.31,4.82
-15.56,-48.65,2.62
-13.55,-47.12,0.55
-14.10,-46.81,-1.65
-15.93,-46.57,-4.33
-17.09,-44.49,-7.39
-16.85,-40.41,-9.28
-16.24,-33.45,-9.22
-15.32,-22.34,-9.40
-13.18,-8.61,-12.21
-9.70,5.74,-19.10
-5.49,18.86,-28.02
0.61,28.69,-35.77
6.41,36.93,-40.34
12.21,45.47,-40.71
18.92,52.61,-38.02
26.73,55.11,-31.74
35.64,41.99,-18.86
35.89,1.65,-0.37
8.73,-55.54,24.41
-29.36,-71.04,35.22
-25.51,-26.37,1.65
-14.34,22.89,-46.45
-5.19,41.63,-69.34
6.84,34.85,-59.57
15.50,18.07,-35.71















 
-,-,-
0.67,-2.75,0.24
0.37,-3.30,0.31
-0.55,-3.66,-0.55
-1.04,-3.91,-1.28
-0.67,-3.78,-0.37
0.12,-3.23,-0.12
0.85,-3.30,-0.43
1.71,-3.30,0.61
1.71,-2.99,1.83
1.28,-3.42,2.14
0.79,-4.39,1.89
0.61,-5.19,1.22
0.43,-6.23,1.16
0.12,-6.77,1.16
-0.06,-7.08,1.65
-0.67,-7.08,2.08
-0.85,-6.77,1.59
-0.18,-5.98,1.22
-0.06,-5.00,1.40
0.00,-4.21,1.34
-0.61,-3.66,1.16
-0.55,-2.93,1.22
-0.31,-1.77,1.16
-0.18,-0.79,1.10
0.06,-0.31,1.04
-0.06,-0.24,1.10
0.06,-0.43,1.22
-1.10,-0.98,1.65
-3.54,-0.79,3.66
-4.33,4.94,15.63
0.24,16.17,44.01
3.85,33.57,77.21
10.62,44.19,108.58
13.73,56.52,127.50
14.65,68.05,130.80
12.33,63.54,119.45
10.13,51.88,91.86
8.36,32.41,69.64
6.04,24.54,47.55
5.86,22.52,35.83
5.25,15.56,21.73
6.23,7.08,10.80
6.84,2.81,-1.10
5.07,1.34,-6.65
3.42,1.53,-11.47
2.26,-2.93,-29.85
3.17,-10.50,-53.89
2.69,-14.22,-66.04
1.83,-17.27,-61.10
0.79,-18.07,-51.33
-1.40,-14.28,-44.62
-2.93,-12.45,-41.56
-4.09,-13.73,-40.04
-4.82,-15.69,-37.90
-3.54,-18.62,-32.59
-5.07,-20.51,-22.95
-3.60,-18.80,-12.57
1.10,-19.35,-4.58
6.29,-17.15,1.77
14.53,-15.81,3.11
24.54,-18.49,2.38
37.48,-30.52,5.19
43.58,-23.01,8.36
50.48,-25.57,13.98
53.96,-30.82,12.21
57.86,-31.07,8.42
58.11,-36.38,11.41
49.26,-31.07,9.95
33.26,-24.35,4.03
16.60,-17.58,-5.49
6.47,-16.17,-3.48
1.77,-13.31,-0.85
-0.49,-9.46,-1.53
-1.89,-5.25,-2.69
-2.26,-0.18,-3.54
-3.85,3.66,-3.78
-3.11,10.74,-4.09
-3.36,14.83,-4.33
-3.60,16.48,-5.25
-4.21,18.01,-7.02
-4.39,18.68,-8.61
-4.52,13.98,-14.77
-3.72,6.90,-29.91
-2.62,2.38,-40.89
-1.83,-0.06,-45.35
-1.71,-3.30,-45.78
-2.56,-6.90,-43.03
-3.60,-10.19,-35.95
-4.46,-15.38,-24.60
-3.17,-25.27,-9.64
-3.42,-36.50,2.93
-5.07,-34.91,4.70
-4.33,-23.19,-0.12
-4.64,-19.04,1.22
-6.29,-17.09,8.36
-3.91,-10.99,8.54
-3.78,-3.72,14.16
-1.59,8.12,39.55
5.37,23.74,66.28
11.72,32.90,93.02
16.66,42.54,101.56
21.24,53.65,114.62
18.31,57.31,114.93
15.32,45.72,102.97
10.80,37.66,86.98
8.42,25.39,66.71
7.02,23.13,62.38
5.80,17.27,50.84
3.36,12.70,31.13
2.01,6.71,23.86
1.89,3.42,17.64
3.11,4.70,5.62
3.60,4.88,-0.43
4.03,5.00,-4.21
3.97,5.86,-5.86
2.87,6.77,-7.02
-0.18,6.84,-8.42
-1.34,8.12,-11.23
-0.61,13.43,-13.43
-1.40,18.43,-18.80
-1.04,18.80,-28.75
-0.43,18.37,-39.37
0.98,21.42,-47.12
4.46,31.62,-55.48
11.66,43.27,-66.41
22.89,51.51,-77.76
37.41,53.71,-85.51
50.35,46.75,-87.04
62.68,39.43,-87.04
74.52,37.35,-86.67
84.47,36.93,-83.25
92.35,33.51,-77.09
97.23,25.63,-69.76
99.55,17.09,-61.16
101.99,5.25,-52.12
103.45,-9.09,-44.56
101.56,-23.32,-37.35
94.79,-31.19,-29.60
85.14,-34.00,-20.63
73.85,-32.78,-12.02
65.06,-32.41,-4.33
56.95,-30.58,-0.12
49.50,-27.77,2.93
40.22,-24.35,5.68
28.69,-19.23,9.64
17.27,-13.61,14.83
7.69,-11.66,17.40
3.17,-13.55,13.61
-4.15,-17.46,3.85
-9.95,-20.69,-6.47
-14.47,-21.42,-13.37
-17.33,-22.03,-15.87
-21.18,-23.13,-15.81
-24.84,-23.44,-14.71
-28.38,-22.46,-12.27
-30.58,-20.69,-8.85
-29.24,-27.04,-4.09
-25.45,-56.21,1.71
-25.21,-80.08,-0.79
-24.66,-83.01,-8.79
-27.65,-75.56,-15.01
-31.49,-60.73,-16.78
-33.69,-40.53,-16.11
-31.13,-17.94,-14.89
-26.86,2.93,-13.00
-22.58,22.71,-11.11
-18.49,39.49,-10.13
-14.71,50.11,-8.67
-11.66,53.34,-5.37
-11.54,52.86,1.28
-12.63,52.43,10.86
-12.08,53.47,20.32
-11.72,54.63,25.70
-14.28,53.16,26.55
-17.94,50.72,24.23
-22.22,48.10,20.39
-24.96,44.92,15.93
-28.14,42.05,11.54
-29.48,39.00,6.59
-28.26,35.83,2.56















 
-,-,-
16.30,29.30,62.50
14.77,23.93,65.43
13.43,20.20,62.26
10.80,18.98,46.33
9.46,11.23,39.73
6.59,5.55,35.71
3.91,3.60,21.97
1.77,1.71,5.37
0.12,1.04,1.28
0.92,3.48,1.59
1.65,6.84,1.04
2.50,9.64,0.61
3.30,11.54,0.24
3.85,12.88,-0.37
4.39,13.79,-1.04
4.09,15.26,-2.26
4.33,17.09,-3.48
5.00,18.43,-4.03
4.94,18.74,-4.64
4.70,18.37,-5.31
4.64,16.78,-8.30
4.58,15.63,-14.95
4.46,13.12,-20.87
3.97,6.90,-32.78
2.56,-1.53,-42.30
-0.55,-6.84,-46.26
-2.56,-6.84,-44.31
-2.81,-3.36,-38.76
-1.77,-0.79,-32.47
-0.18,-0.73,-25.88
0.00,-2.62,-19.59
-1.16,-5.74,-14.10
-5.07,-9.77,-7.87
-6.53,-17.58,1.22
-5.68,-29.91,12.02
-3.97,-34.06,14.53
0.61,-27.83,8.06
8.61,-26.92,5.25
15.20,-29.72,5.86
20.57,-25.82,8.97
26.31,-21.91,9.34
31.43,-14.77,9.09
38.33,-21.00,6.53
41.75,-13.37,7.32
34.48,-3.42,7.14
24.90,2.01,2.69
17.21,-0.61,-1.28
12.88,1.46,0.61
8.06,3.17,1.04
3.30,1.16,-1.53
0.12,-0.61,-3.72
-1.89,0.37,-4.88
-2.01,6.96,-5.80
-0.49,15.20,-8.18
0.73,24.05,-12.02
0.67,29.30,-14.53
0.24,28.38,-22.71
0.12,24.78,-35.77
-0.37,22.95,-45.04
-1.77,19.84,-49.32
-1.83,12.63,-48.46
-3.48,2.93,-42.72
-5.37,-6.59,-33.57
-7.45,-14.59,-22.77
-7.57,-22.22,-10.86
-8.36,-31.56,0.43
-10.31,-41.08,9.52
-13.06,-49.74,15.69
-14.77,-47.85,13.61
-10.74,-36.25,5.37
-7.51,-30.58,3.30
-2.38,-26.18,9.09
-0.06,-16.11,9.64
1.22,-7.14,7.26
-0.79,-1.22,8.97
0.18,3.05,19.59
2.87,8.79,40.16
5.43,21.42,62.81
9.22,31.74,83.98
9.83,38.33,96.19
11.96,44.13,106.75
11.84,48.65,99.61
11.17,44.74,85.69
11.66,33.51,76.29
9.89,25.82,63.48
9.16,19.10,47.42
7.20,14.89,36.13
7.93,10.13,39.37
7.39,6.96,30.09
6.47,3.97,19.96
6.04,2.08,11.47
6.29,1.71,4.33
6.41,2.44,0.37
6.29,3.60,-2.56
5.49,5.19,-4.46
4.88,8.18,-6.29
2.75,11.66,-8.12
3.11,18.37,-11.17
-0.18,20.75,-13.06
-2.20,24.78,-17.09
-3.36,30.09,-24.72
-2.14,32.10,-33.08
0.12,32.59,-36.56
2.44,34.91,-40.41
7.20,42.72,-48.34
13.67,51.57,-54.57
19.59,57.74,-53.10
24.66,60.30,-47.61
29.11,60.36,-42.97
32.41,58.90,-39.79
35.22,55.54,-37.90
38.21,50.17,-36.25
43.27,40.89,-32.29
47.61,28.93,-27.59
51.27,17.15,-23.32
54.02,7.51,-18.25
55.24,0.79,-11.47
54.93,-3.42,-4.58
51.57,-6.04,1.34
46.02,-7.75,5.80
40.65,-9.34,8.79
35.58,-11.66,10.62
31.56,-14.16,10.19
29.05,-15.93,8.00
27.65,-16.60,5.74
27.77,-16.42,4.88
28.93,-15.32,5.19
30.64,-14.28,4.88
31.62,-12.82,3.54
32.65,-10.25,1.83
32.84,-6.77,1.10
33.02,-2.32,0.55
32.84,2.14,-0.85
32.71,4.27,-2.69
32.29,5.37,-4.27
31.98,6.35,-5.07
32.84,6.47,-4.58
33.69,5.74,-3.30
34.79,3.72,-1.34
35.46,1.65,0.73
34.30,0.37,3.30
31.74,0.31,5.49
28.08,0.43,6.47
24.17,0.49,6.16
19.47,0.61,5.55
14.16,0.79,4.21
8.97,1.04,2.08
5.00,1.53,0.00
2.20,1.46,-1.59
0.79,0.61,-2.01
1.04,-0.43,-1.46
2.93,-1.65,-0.24
4.52,-2.69,1.16
5.68,-3.54,2.08
5.55,-3.42,2.50
4.58,-1.65,2.75
2.75,1.71,2.01
0.92,5.31,0.73
-0.24,7.45,-0.49
-0.55,7.32,-1.34
-0.18,5.25,-1.95
0.24,2.38,-2.14
0.79,0.37,-1.83
1.53,-0.55,-1.10
2.01,-0.73,0.06
2.14,-0.06,0.92
1.53,0.67,1.22
1.16,1.83,0.92
0.73,2.99,0.92
0.85,3.36,0.73
0.73,2.93,0.67
0.37,2.32,0.67
0.12,1.83,0.55
0.55,1.59,0.00
1.22,1.10,-0.85
2.08,0.24,-1.59
2.20,-0.61,-1.59
1.95,-0.55,-0.98
1.83,0.00,-0.37
1.83,0.61,0.37















 
-,-,-
0.24,3.72,-0.73
0.24,3.78,-1.59
0.61,2.81,-2.56
0.67,1.95,-2.87
0.67,1.34,-2.93
0.67,1.10,-2.75
0.49,1.16,-2.56
0.85,0.98,-1.89
0.79,0.49,-1.16
0.31,-0.06,-0.55
-0.49,-0.24,-0.43
-0.92,-0.18,-1.04
-1.22,-0.18,-1.71
-1.22,-0.43,-2.38
-0.37,-0.79,-2.99
0.61,-0.67,-3.11
1.34,-0.24,-2.20
1.71,0.18,-0.73
2.20,0.12,0.43
2.14,-0.24,0.85
1.59,-0.73,1.22
1.16,-1.95,1.65
0.85,-2.93,1.77
0.31,-3.85,2.01
0.06,-4.46,2.20
0.06,-5.68,2.62
0.18,-8.30,3.48
0.24,-12.15,4.70
0.61,-17.09,5.86
0.12,-23.07,6.90
-0.67,-29.24,8.18
-2.81,-32.96,7.87
-3.97,-29.17,4.03
-1.71,-25.27,1.46
-2.26,-24.05,1.95
-2.93,-22.83,2.26
-3.11,-19.78,2.08
-3.05,-14.83,3.36
-2.01,-10.19,3.78
-0.67,-5.62,3.36
1.16,-1.53,3.30
1.83,1.28,3.85
1.22,2.38,4.70
-1.10,1.40,5.37
-4.09,-0.98,9.09
-7.45,-3.72,22.28
-11.84,-0.98,43.27
-11.72,6.71,58.96
-10.25,15.93,70.37
-5.31,26.18,87.10
1.77,29.72,96.92
7.02,30.46,87.28
11.29,27.40,75.50
12.21,23.99,72.81
12.63,23.86,64.33
10.44,22.28,49.56
5.07,16.42,30.33
3.36,15.69,17.40
0.12,14.34,11.66
-1.89,9.09,1.77
0.43,9.95,-4.21
0.00,8.79,-8.48
0.24,8.42,-14.47
1.16,7.87,-25.45
1.95,4.03,-46.57
2.14,-2.99,-62.68
-0.37,-3.85,-67.81
-2.32,5.68,-65.37
-2.08,18.25,-59.08
-0.37,24.60,-53.89
0.98,20.20,-48.03
1.22,8.36,-38.51
0.55,-5.43,-25.82
-0.79,-16.66,-11.84
-2.93,-25.51,4.03
-3.36,-36.62,21.67
-3.23,-50.66,36.68
-6.71,-52.92,38.33
-2.81,-32.04,19.41
13.43,-20.39,12.82
24.05,-17.09,17.33
32.84,-6.59,17.09
43.76,8.18,16.24
55.66,11.66,11.90
63.72,1.59,2.69
64.09,-6.90,-1.95
52.98,-0.98,-4.39
37.84,7.93,-2.08
24.90,8.30,-1.71
13.92,9.34,-2.56
9.22,1.53,-4.21
2.38,-1.34,-5.25
-2.38,-8.12,-6.47
-6.71,-14.04,-8.42
-11.90,-18.37,-10.99
-15.08,-18.92,-14.83
-15.93,-14.95,-19.47
-14.65,-5.13,-26.18
-11.60,7.87,-34.91
-10.13,21.91,-46.02
-6.77,35.16,-53.34
-0.67,40.47,-57.31
4.27,32.41,-58.65
6.04,15.50,-55.24
5.62,-1.77,-47.73
3.72,-14.28,-38.02
0.37,-22.03,-25.27
-2.87,-28.26,-10.56
-5.62,-36.68,7.39
-6.84,-47.97,27.16
-7.26,-60.61,44.01
-13.92,-54.63,40.71
-7.14,-27.89,13.79
4.27,-20.02,11.41
-5.37,-21.73,27.77
4.46,-9.70,39.49
18.37,14.10,62.44
29.72,38.15,102.72
40.16,52.92,139.04
47.91,60.79,155.15
51.94,60.00,164.18
48.40,54.50,155.27
43.64,49.44,130.43
37.90,39.67,106.57
30.88,30.70,79.53
24.60,21.79,62.07
13.67,16.24,33.81
6.23,8.79,14.89
2.81,7.39,20.51
1.10,6.90,3.42
0.92,7.02,-6.65
-0.18,8.24,-5.98
-2.32,10.62,-8.61
-4.03,12.70,-12.76
-5.55,15.26,-14.47
-5.31,20.45,-16.54
-4.03,24.90,-17.70
-4.76,30.09,-19.78
-4.58,37.72,-27.34
-3.66,47.91,-31.98
-2.87,60.91,-34.00
0.79,73.30,-41.20
5.37,77.21,-52.00
11.05,75.20,-61.89
16.30,70.56,-66.89
20.39,67.02,-66.16
23.50,66.59,-62.01
23.93,67.81,-55.91
23.56,69.03,-49.87
23.07,68.05,-45.59
21.55,64.15,-43.03
19.53,57.86,-40.71
18.31,48.89,-39.67
17.52,38.27,-39.43
16.30,28.56,-38.64
14.47,20.26,-35.71
11.60,13.73,-29.66
8.30,9.16,-22.52
5.43,5.92,-16.05
3.17,3.66,-10.38
1.10,2.32,-6.35
-0.31,0.67,-4.15
-0.73,-1.22,-3.97
-1.53,-2.75,-5.43
-2.20,-3.60,-8.18
-2.32,-3.85,-10.99
-1.77,-3.48,-13.49
-0.67,-2.32,-14.47
0.43,0.06,-13.37
0.92,3.23,-11.54
2.14,6.23,-10.38
3.48,8.12,-9.16
4.39,9.40,-7.45
4.15,11.11,-5.49
3.91,12.15,-3.97
3.85,11.96,-2.50
4.15,10.50,-0.79
3.54,8.42,-0.18
2.75,6.47,-0.37
2.01,4.03,-0.85