-,-,-
-0.92,-2.87,4.09
0.61,-2.69,3.54
1.89,-3.05,2.62
2.50,-2.01,1.95
3.05,-0.18,2.32
2.81,0.49,3.05
1.34,-0.12,3.85
-0.43,-1.71,5.00
-1.83,-3.60,6.16
-2.50,-4.70,6.59
-2.69,-5.19,6.23
-2.08,-4.82,5.37
-0.85,-3.72,4.33
0.31,-2.26,3.17
0.92,-1.34,2.32
1.34,-0.61,2.14
1.22,-0.18,2.20
1.16,-0.43,2.50
0.43,-0.73,2.56
0.43,-0.85,2.87
0.18,-1.10,3.11
0.12,-1.16,3.05
0.67,-0.61,2.38
1.59,0.18,1.95
2.50,0.92,1.71
2.26,2.08,1.83
2.44,3.48,1.83
1.83,0.92,2.50
0.92,0.73,2.93
0.31,0.18,3.36
0.06,-0.43,3.66
-0.49,3.72,5.00
0.31,20.81,9.89
3.23,35.95,12.82
6.77,32.17,11.78
12.51,44.62,18.62
23.32,72.81,29.17
31.43,93.14,33.45
33.39,107.91,36.38
31.49,117.00,38.33
28.14,112.00,36.01
21.91,99.00,35.16
18.74,73.36,26.25
11.90,41.14,15.93
3.48,23.86,5.68
-1.28,13.92,4.21
-4.88,0.61,1.34
-8.06,-2.26,-0.55
-10.86,-2.26,-3.17
-12.57,-4.15,-6.47
-15.32,-12.02,-13.18
-19.23,-35.83,-23.01
-25.15,-49.99,-33.94
-22.58,-44.86,-28.38
-16.48,-40.34,-24.35
-13.61,-44.01,-31.74
-11.41,-43.27,-44.56
-6.35,-37.41,-50.78
-1.59,-31.49,-49.38
2.50,-27.16,-42.79
5.25,-22.95,-31.56
5.37,-18.80,-18.80
2.50,-17.64,-8.00
-0.67,-17.88,0.85
-3.66,-15.99,12.15
-6.29,-14.22,25.21
-8.67,-13.18,40.77
-11.72,-12.57,57.37
-14.53,-14.04,72.08
-11.84,-23.19,56.03
4.03,-27.53,24.48
4.64,-16.85,27.77
12.94,-7.93,16.60
21.55,-0.79,8.67
32.90,-4.27,11.47
44.68,-8.61,15.63
55.05,-10.44,18.80
51.94,-10.62,18.86
34.06,-7.93,11.17
20.45,-1.16,1.77
13.24,-0.24,1.22
10.31,-2.14,2.32
5.68,-9.16,8.12
-3.85,-9.16,6.23
-11.29,-2.26,-2.87
-15.14,-3.36,-3.11
-18.55,-3.60,-2.75
-17.40,0.06,-5.62
-17.33,7.14,-12.27
-20.02,13.06,-21.85
-24.17,22.03,-23.74
-25.51,25.27,-25.94
-26.06,21.67,-35.64
-26.67,23.07,-39.98
-25.70,25.15,-33.20
-23.13,22.89,-17.58
-21.79,17.33,3.66
-21.61,13.43,28.32
-18.80,11.60,52.61
-16.24,3.72,61.40
1.89,-17.21,21.85
12.70,-11.35,19.29
18.80,-1.77,21.18
34.06,9.95,13.92
46.08,11.72,17.64
64.27,3.72,25.39
78.92,3.85,31.01
76.29,2.75,21.97
49.01,-1.40,12.94
25.51,2.08,1.40
15.01,0.92,0.92
7.69,-0.61,4.64
-0.49,3.42,-0.79
-5.00,1.65,-1.46
-9.03,-0.67,-0.37
-10.99,-1.10,-2.44
-11.29,1.28,-5.55
-10.56,5.07,-9.58
-10.01,7.32,-15.08
-8.48,5.37,-20.75
-7.26,-6.65,-26.92
-6.29,-18.01,-36.01
-2.08,-21.24,-47.00
2.01,-25.76,-52.92
4.39,-35.46,-51.33
5.98,-44.13,-42.79
5.19,-44.37,-28.81
2.62,-35.95,-10.99
1.83,-26.98,7.75
2.56,-24.72,28.50
1.83,-25.88,50.17
-3.17,-24.78,68.79
-11.90,-24.17,54.93
-3.42,-23.56,18.62
-9.22,-13.49,26.31
-5.86,-12.21,21.91
-1.28,-5.25,12.51
1.59,3.54,8.36
8.67,20.14,8.48
19.29,49.50,19.78
29.91,74.10,24.78
38.09,88.75,25.45
43.21,108.95,33.81
46.02,115.84,39.37
43.64,114.56,41.14
35.28,106.69,36.68
24.35,99.55,32.41
17.88,88.01,28.93
12.94,79.53,27.04
11.60,46.08,19.53
8.36,23.44,17.94
9.64,27.71,21.73
8.73,13.85,10.25
7.45,6.71,5.07
7.75,6.59,3.30
6.77,3.54,-0.24
5.55,3.85,-1.16
2.32,2.93,-2.50
0.12,1.83,-3.36
-2.08,1.28,-4.09
-3.48,1.10,-4.70
-4.15,1.95,-5.49
-3.91,3.78,-7.08
-4.03,5.43,-9.58
-4.21,6.47,-12.33
-5.19,3.54,-18.55
-7.51,-3.48,-25.70
-7.51,-4.33,-29.85
-2.20,-0.49,-31.74
4.39,6.96,-38.45
10.38,13.18,-46.81
13.73,15.32,-52.49
15.50,15.56,-54.87
17.27,16.24,-54.57
18.01,17.46,-52.67
18.07,17.33,-50.72
18.13,13.06,-48.46
16.72,6.35,-46.20
15.01,1.77,-43.15
12.27,0.31,-37.84















 
-,-,-
-6.47,1.46,17.15
-5.19,0.92,16.66
-3.85,-0.06,15.63
-2.99,-0.67,13.43
-2.08,-1.04,10.93
-1.53,-1.65,8.97
-1.22,-2.01,7.02
-1.46,-1.46,4.27
-1.40,-0.43,1.59
-1.28,0.00,0.00
-1.10,-0.31,-0.67
-1.10,-1.46,-0.31
-1.71,-2.69,0.49
-2.38,-1.95,1.04
-2.99,-0.73,1.40
-3.36,-0.85,1.59
-3.48,-1.71,1.22
-2.99,-2.14,0.73
-2.50,-1.89,-0.12
-2.08,-0.92,-1.40
-1.53,1.10,-2.93
-1.22,2.44,-3.48
-0.85,2.14,-2.99
-0.85,1.28,-1.77
-0.98,0.55,0.06
-0.67,-0.12,1.53
0.31,-0.85,2.93
0.73,-0.85,3.48
1.59,-0.55,3.48
2.56,-0.55,3.85
3.17,-0.49,3.72
3.60,-0.24,3.36
3.78,-0.24,2.93
3.60,-0.37,1.95
3.48,-0.73,0.92
3.60,-0.98,0.43
3.23,-1.10,0.73
3.11,-1.16,0.79
2.75,-1.16,0.67
2.08,-0.85,0.49
1.83,-1.16,0.31
1.89,-1.83,0.12
2.14,-2.44,0.24
2.38,-3.11,0.73
2.38,-4.15,1.95
1.83,-4.94,3.66
1.65,-5.86,7.69
0.55,-7.69,13.73
-0.98,-11.23,22.34
-2.69,-15.50,33.51
-5.55,-19.17,46.51
-10.68,-20.57,57.92
-15.50,-20.26,43.64
-5.68,-16.97,18.19
-10.19,1.22,21.42
-6.29,17.52,22.83
-1.65,38.94,16.66
5.92,73.49,19.17
21.48,101.50,23.19
35.22,112.12,24.90
40.71,112.37,27.28
35.95,101.32,25.63
27.28,77.64,20.02
17.33,57.07,14.53
10.07,39.86,5.68
5.19,36.01,6.96
3.60,22.71,6.96
0.24,1.71,-1.53
-1.65,-4.94,-3.23
-5.98,-16.85,-8.79
-11.90,-42.66,-18.80
-19.84,-65.61,-24.29
-25.09,-69.27,-27.89
-23.19,-65.37,-29.36
-18.43,-52.06,-32.59
-11.78,-34.24,-35.10
-7.57,-21.48,-35.64
-4.21,-17.52,-32.17
-1.77,-18.98,-22.46
-0.73,-18.49,-6.59
-0.92,-12.63,12.82
-2.81,-9.34,34.55
-6.23,-11.17,54.69
-10.74,-13.24,55.18
1.16,-12.02,24.23
5.37,-6.23,22.83
8.30,-0.18,18.13
20.08,6.53,9.95
32.23,8.85,15.38
51.94,-0.31,25.94
64.88,-12.08,26.67
65.37,-12.08,22.64
51.45,-9.46,15.26
33.87,-13.49,11.29
22.64,-8.73,9.03
12.51,0.12,4.15
1.71,2.01,-1.34
-6.77,-3.54,-1.16
-9.70,-6.96,2.38
-11.17,-7.75,2.62
-13.12,-6.47,-0.31
-14.53,-4.15,-3.42
-15.20,-1.28,-7.51
-16.36,4.33,-13.12
-17.46,14.40,-16.97
-17.33,18.86,-19.59
-19.78,22.89,-25.02
-21.79,23.38,-34.97
-24.05,25.33,-44.74
-23.25,26.12,-43.52
-17.94,22.83,-29.11
-12.88,15.20,-2.14
-12.33,5.80,27.89
-14.59,-1.10,50.11
-17.33,-3.66,58.72
-12.21,-11.05,33.75
4.88,-13.55,14.95
8.61,-6.41,22.77
22.71,-1.04,13.85
32.35,8.06,12.94
47.06,8.30,25.09
61.95,-1.28,26.61
75.50,-8.36,28.81
73.24,-8.36,24.72
53.96,-6.53,15.63
33.94,-8.42,8.97
21.00,-9.28,2.38
8.67,-4.46,-1.89
0.24,4.64,-6.10
-4.76,3.66,-6.47
-8.67,0.92,-3.97
-9.64,-0.73,-3.42
-11.23,1.22,-5.43
-12.33,3.66,-13.37
-12.76,6.04,-23.32
-11.35,2.75,-32.90
-5.43,-5.74,-46.14
3.30,-11.60,-56.70
9.95,-17.21,-58.84
12.33,-24.29,-51.94
12.51,-32.53,-38.94
10.68,-38.27,-20.26
7.69,-38.76,1.53
6.59,-37.05,25.15
1.59,-31.98,48.16
-9.89,-22.77,63.78
-14.22,-20.32,40.77
-3.60,-13.18,18.01
-9.95,3.60,26.86
-1.53,10.50,24.35
0.79,31.74,19.90
15.26,67.14,26.98
32.84,91.55,31.01
47.36,112.67,34.97
55.54,124.88,39.67
55.73,126.34,38.82
51.21,119.20,38.39
41.56,108.28,33.08
33.14,83.80,28.99
25.15,54.38,17.27
19.47,32.65,15.99
16.17,24.29,17.58
11.78,14.16,11.23
7.02,2.69,4.82
3.91,-1.22,1.53
1.16,-0.55,-1.53
-0.43,0.79,-3.72
-1.40,2.14,-5.00
-1.34,3.66,-5.92
-2.20,4.33,-6.59
-3.30,4.64,-6.96
-4.52,4.94,-8.18
-5.92,5.07,-9.77
-7.63,4.39,-11.90
-9.89,0.00,-17.33
-12.15,-8.30,-25.76
-13.43,-11.96,-32.53
-8.91,-8.54,-37.35
-0.12,0.18,-50.05
10.01,9.16,-64.82















 
-,-,-
0.37,1.16,1.53
0.37,1.22,1.22
0.49,1.16,1.65
0.43,1.22,2.01
0.73,0.55,2.44
1.22,-0.37,2.93
1.53,-0.92,3.91
1.59,-1.53,4.46
1.40,-2.14,4.21
1.10,-1.59,3.66
0.55,-0.61,3.23
0.61,0.31,3.05
0.85,0.92,3.42
0.85,0.98,4.46
0.85,0.00,5.74
0.98,-1.95,8.06
0.12,-3.66,10.31
-0.06,-5.13,7.32
1.65,-4.82,4.88
1.04,-3.97,8.00
-0.06,-4.33,7.32
0.73,-4.52,4.33
0.37,-3.60,6.35
0.92,-3.85,6.04
0.85,-3.36,5.43
0.73,-3.36,5.92
0.98,-3.05,6.41
1.16,-3.17,7.02
0.85,-3.54,8.00
1.04,-2.01,8.91
1.89,5.92,11.23
2.44,21.00,15.75
4.46,44.37,19.90
9.40,68.18,23.62
14.22,88.38,24.05
22.58,98.27,21.73
26.61,97.96,20.81
27.65,93.87,23.19
23.68,78.31,17.15
20.69,63.54,12.15
16.78,43.52,11.78
11.78,33.81,9.22
6.29,26.92,4.76
-0.49,9.16,-1.83
-5.80,-0.18,-4.09
-8.54,-3.42,-4.94
-11.78,-16.05,-9.22
-16.54,-40.28,-18.92
-23.32,-60.18,-23.74
-24.48,-65.25,-23.19
-20.02,-58.72,-19.04
-14.71,-45.59,-18.55
-9.28,-34.30,-21.12
-4.76,-27.71,-22.28
-1.59,-24.35,-20.81
-0.06,-20.94,-16.42
-0.43,-15.32,-8.30
-0.85,-9.58,2.99
-1.40,-6.71,17.21
-3.30,-8.85,34.00
-6.96,-10.56,32.47
3.72,-8.73,15.44
2.69,-6.23,21.36
5.25,-4.94,17.52
8.48,-1.40,12.39
12.39,1.53,11.35
24.23,-0.67,13.31
38.51,-9.46,21.67
47.18,-16.91,26.79
42.30,-19.90,20.20
29.11,-17.40,11.66
17.46,-10.74,7.14
8.97,-8.30,2.87
1.65,-1.95,-0.49
-4.09,-2.99,-3.48
-11.41,-3.97,-3.05
-17.09,-6.10,-0.18
-23.01,-4.27,-2.99
-26.92,0.24,-9.77
-27.53,8.61,-15.14
-25.27,16.54,-19.23
-23.32,20.45,-19.90
-19.65,15.20,-26.67
-17.64,13.92,-36.01
-16.72,18.98,-40.41
-15.26,23.01,-39.00
-13.18,20.39,-28.69
-9.34,13.37,-6.10
-9.09,7.08,23.74
-8.42,1.89,50.23
-6.47,-4.09,66.28
6.10,-9.64,28.50
23.13,-0.18,17.33
29.11,4.82,28.08
47.30,4.39,23.01
59.63,1.10,22.09
63.60,-3.54,26.55
52.61,-4.27,19.78
41.99,-1.65,12.70
30.27,-6.59,5.13
21.00,-3.48,4.58
10.62,-3.42,0.85
3.36,-4.58,-4.09
-2.50,-3.85,-3.91
-6.04,-1.16,-2.81
-6.47,-2.62,-3.66
-6.53,-5.25,-8.42
-5.49,-5.13,-14.77
-5.31,-8.42,-15.87
-3.54,-14.77,-19.10
0.55,-19.84,-24.72
5.07,-24.78,-28.02
8.73,-28.99,-27.28
11.11,-30.09,-22.40
12.08,-27.53,-14.65
12.82,-24.17,-3.72
14.28,-21.61,12.08
13.85,-21.79,30.40
7.08,-20.57,40.10
3.85,-17.82,16.60
2.87,-7.81,17.27
-3.54,-4.76,21.18
-0.85,2.99,15.14
-1.83,25.02,13.92
9.28,61.52,24.48
21.12,88.99,33.39
33.75,103.09,35.16
44.31,112.85,35.40
49.32,116.39,37.60
43.82,107.18,34.00
34.79,86.06,24.96
25.39,66.65,21.18
17.27,47.73,14.83
10.44,31.74,9.64
7.08,20.69,7.08
5.68,8.91,3.85
3.72,0.73,-0.37
1.83,0.06,-1.16
-0.92,0.00,-2.81
-3.78,0.06,-4.70
-5.92,0.61,-6.65
-7.45,1.65,-8.61
-8.73,2.38,-10.44
-10.13,2.32,-12.94
-11.11,-0.85,-16.72
-12.63,-6.29,-20.94
-12.02,-4.64,-23.62
-9.09,-1.16,-23.86
-3.91,2.08,-31.01
3.30,4.64,-42.91
9.95,7.81,-52.19
15.81,11.66,-57.98
20.57,14.04,-62.07
25.82,13.85,-64.27
31.62,11.60,-63.78
37.54,8.00,-62.81
44.49,3.48,-62.68
51.64,-1.10,-62.50
56.88,-3.85,-61.46
59.27,-3.23,-58.35
58.78,0.73,-52.80
56.95,6.65,-46.14
53.10,11.54,-40.22
46.88,16.60,-35.83
41.20,21.91,-31.56
36.07,26.18,-23.74
32.90,27.34,-13.98
31.62,25.57,-4.52
30.33,22.03,3.85
29.85,18.86,11.23
29.60,17.09,17.94
27.59,18.74,24.96
20.32,23.32,30.64
10.01,24.35,31.56
-0.79,18.43,27.16
-9.16,10.44,21.36
-14.89,5.49,19.53
-18.37,3.85,21.48
-20.02,0.85,25.39
-20.51,-5.68,28.75















 
-,-,-
2.14,-1.89,4.15
1.46,-2.62,3.91
1.34,-3.11,3.66
1.04,-3.30,3.91
1.28,-3.97,3.66
0.98,-3.42,2.99
0.67,-1.95,3.11
0.79,-1.04,2.75
0.92,-0.61,2.38
1.10,-0.37,2.26
1.10,0.06,2.14
1.16,0.31,2.26
1.53,0.31,2.38
1.77,0.37,2.44
1.71,0.24,2.69
1.71,0.00,3.17
1.59,-0.67,3.48
1.22,-0.92,3.72
0.92,-0.79,3.60
1.16,-0.31,3.05
1.53,0.37,2.26
1.53,0.73,1.83
1.83,1.04,1.59
2.26,1.10,1.71
2.01,0.92,2.01
1.89,0.49,2.56
1.77,0.12,2.99
1.46,-0.31,3.48
1.34,-0.73,3.66
2.01,-0.85,3.78
4.33,0.73,4.03
7.81,12.27,8.42
11.90,32.04,13.79
18.68,49.50,17.27
21.12,67.81,23.01
26.25,76.84,23.56
30.46,86.30,25.70
29.97,95.76,26.92
26.98,92.59,23.68
21.67,70.37,14.77
17.46,49.13,12.02
12.70,37.54,9.58
8.06,27.16,6.59
1.95,15.20,1.95
-3.36,3.11,-3.72
-8.00,0.37,-5.68
-11.29,-2.01,-7.93
-13.98,-11.96,-14.16
-17.58,-32.41,-21.36
-21.18,-52.31,-26.73
-20.87,-57.25,-33.69
-16.24,-48.22,-38.33
-10.13,-35.95,-36.99
-5.19,-29.17,-32.17
-2.38,-27.83,-25.51
-0.37,-28.38,-16.91
0.61,-25.51,-7.14
1.04,-19.71,6.29
0.06,-14.83,25.94
-2.87,-13.61,45.90
-6.53,-15.69,55.36
4.39,-17.82,22.95
13.00,-9.77,21.79
8.54,-3.48,23.62
17.03,0.06,13.37
20.63,-2.01,14.10
27.47,-5.25,15.99
36.99,-7.20,15.50
41.81,-13.61,20.14
31.92,-9.64,12.76
24.90,-4.03,10.19
15.81,-6.16,7.69
9.89,-7.51,3.11
5.00,-1.77,-0.79
1.65,0.06,0.49
-2.99,-0.43,-1.71
-4.52,-1.10,-2.56
-7.45,-1.40,-2.08
-9.09,-0.98,-3.91
-9.95,1.34,-7.63
-10.19,5.55,-14.10
-10.62,11.96,-13.92
-11.60,16.60,-15.44
-10.31,16.48,-22.89
-9.40,17.88,-28.93
-10.50,21.85,-30.27
-11.78,22.03,-24.29
-12.88,16.78,-11.84
-13.85,11.11,5.43
-13.24,7.45,25.76
-10.56,2.87,48.03
-6.77,-5.31,47.55
14.40,-10.99,15.44
17.58,-3.42,18.92
27.10,0.00,16.05
38.70,-2.50,16.42
44.31,-1.46,20.39
51.88,-10.86,16.66
44.31,-12.57,12.02
32.35,-10.44,12.45
18.92,-5.31,9.58
8.67,-0.79,0.67
2.93,0.73,0.06
-2.44,-1.04,0.92
-5.92,-1.95,-0.79
-8.00,-0.79,-3.72
-8.61,-1.16,-4.33
-8.79,-1.59,-6.77
-9.16,-1.89,-12.82
-9.16,-2.81,-15.08
-8.67,-9.77,-22.16
-5.49,-16.11,-29.85
-0.49,-18.86,-33.26
3.60,-20.87,-31.62
6.04,-22.71,-23.68
7.87,-21.18,-9.03
6.65,-16.60,6.53
5.98,-14.71,21.67
4.27,-15.08,35.89
1.95,-15.08,34.67
10.44,-14.65,12.70
6.47,-9.34,17.52
2.99,-6.41,16.66
5.07,-3.11,9.16
4.64,4.09,8.61
10.25,24.17,13.67
18.62,58.04,23.01
31.49,75.93,31.92
42.18,89.48,34.12
51.09,85.08,33.69
50.78,82.40,32.65
48.89,82.89,30.33
44.25,73.73,26.18
37.05,57.56,22.22
29.05,40.53,22.34
20.57,32.47,18.98
11.66,22.09,11.05
5.43,18.01,8.48
2.20,8.06,4.58
0.85,0.31,-1.04
-1.95,2.14,-4.21
-2.93,4.27,-7.63
-5.62,5.37,-11.90
-10.25,3.11,-21.55
-16.78,-3.85,-39.37
-20.02,-19.96,-50.05
-22.16,-33.08,-56.34
-16.97,-31.43,-72.75
-8.12,-23.93,-94.54
2.93,-18.49,-113.22
17.21,-17.09,-127.99
32.23,-15.93,-138.98
46.02,-12.39,-148.32
56.88,-3.60,-154.97
78.19,9.28,-153.81
104.74,16.42,-152.95
128.36,15.44,-158.94
141.36,8.61,-165.83
122.07,1.40,-168.40
128.66,-12.08,-168.21
159.00,-35.46,-168.09
171.39,-56.27,-171.26
169.98,-66.96,-179.57
159.73,-67.08,-187.93
139.16,-61.65,-192.44
96.80,-55.24,-192.20
52.61,-54.50,-190.80
1.46,-59.14,-194.70
-21.18,-87.40,-162.90
-50.90,-103.03,-122.99
-78.61,-92.53,-105.71
-81.48,-70.74,-98.08
-56.70,-46.81,-83.13
-36.44,-20.32,-67.63
-27.59,6.77,-58.35
-28.44,30.09,-54.63
-36.68,38.02,-58.47
-40.71,28.50,-63.78
-42.48,11.41,-65.67
-26.43,-5.13,-62.56















 
-,-,-
0.98,-2.75,1.53
0.61,-2.26,1.28
0.79,-1.65,1.22
1.10,-0.98,1.46
1.59,-0.73,1.65
1.71,-1.28,1.59
1.65,-1.71,1.65
1.77,-2.14,1.46
1.59,-2.26,1.28
1.22,-2.20,1.22
1.16,-2.01,1.40
1.04,-1.83,1.22
0.98,-1.53,1.16
0.92,-1.16,1.34
0.79,-0.79,1.65
1.04,-0.73,1.77
0.67,-0.55,1.65
0.85,-0.37,1.65
0.73,-0.49,1.71
0.92,-0.55,1.53
1.28,-0.43,1.34
1.46,-0.37,1.53
1.59,-0.24,1.83
1.77,-0.06,1.77
2.08,-0.12,1.71
1.77,-0.37,1.95
1.28,-0.73,1.59
0.73,-0.92,1.04
-0.24,-1.46,0.73
-1.16,-2.26,0.12
-1.77,-2.81,-0.55
-1.22,-2.99,-0.31
0.06,-1.77,4.09
1.40,1.89,13.73
4.82,10.86,30.82
6.41,18.37,48.16
7.45,21.48,59.51
9.03,25.70,69.15
13.98,28.69,77.39
18.74,33.45,87.71
21.48,36.80,91.86
20.81,32.84,82.70
16.91,28.02,66.22
13.79,19.78,41.20
13.43,14.53,41.44
2.44,11.72,29.66
0.12,7.75,2.69
-4.03,3.60,-3.17
-6.35,2.56,-5.92
-8.36,1.46,-15.26
-11.05,-0.24,-32.23
-13.43,-6.47,-51.45
-13.61,-15.14,-60.97
-12.33,-11.47,-56.76
-9.16,1.59,-44.80
-6.04,12.45,-35.64
-2.38,15.44,-34.79
0.85,13.31,-36.01
2.69,8.61,-33.45
2.44,3.23,-28.81
-0.49,-1.83,-24.90
-3.85,-7.08,-21.48
-4.21,-13.67,-14.28
-3.17,-22.71,-2.75
-3.66,-33.26,9.58
-4.09,-45.35,19.10
-5.86,-50.72,19.78
-0.67,-30.70,0.98
11.84,-27.89,1.40
10.99,-18.80,7.93
20.81,-7.08,6.23
28.56,-3.91,8.97
36.87,-4.46,9.03
45.84,-6.10,7.81
49.56,-8.73,10.07
46.14,-7.51,6.47
37.60,-8.85,4.46
27.47,-3.30,1.83
25.39,-6.16,1.16
21.18,-5.43,2.20
14.16,-3.30,1.77
4.46,-2.99,-2.56
-4.27,-3.36,-4.15
-9.16,-5.37,-5.55
-12.63,-5.55,-6.90
-14.83,-1.16,-7.02
-17.52,7.69,-5.55
-19.47,15.81,-3.11
-20.14,22.71,1.59
-21.12,27.77,6.90
-23.44,31.25,3.30
-22.46,34.36,-3.11
-21.18,36.25,-4.58
-19.59,33.94,-2.81
-18.80,26.12,1.59
-17.64,11.78,9.03
-13.06,-7.39,20.45
-6.65,-29.17,34.24
0.37,-43.58,41.32
7.81,-19.71,13.92
33.02,-8.91,5.25
39.73,-5.31,22.64
51.45,-0.61,28.63
59.69,2.08,26.43
64.94,-8.42,21.18
69.15,-7.75,17.76
65.25,-5.68,11.84
50.66,-8.30,0.92
31.25,-4.88,-2.69
20.32,-4.33,-2.93
13.98,-2.69,-0.24
3.72,0.55,-1.40
-4.76,-0.31,-3.91
-11.29,-2.50,-5.13
-14.34,-0.31,-6.04
-15.93,6.65,-6.47
-17.64,16.60,-8.48
-16.36,21.18,-10.50
-15.14,20.45,-16.85
-13.73,17.46,-27.40
-12.63,17.03,-38.02
-11.41,14.77,-46.39
-9.95,6.59,-51.70
-9.03,-3.97,-54.50
-7.08,-13.00,-50.54
-7.45,-20.08,-37.66
-10.07,-27.95,-18.98
-10.50,-37.72,-0.49
-10.62,-45.90,13.24
-10.07,-29.54,5.62
0.31,-17.03,-3.11
2.38,-19.96,2.44
1.65,-14.22,6.04
5.07,-8.42,5.00
8.67,-1.46,19.04
19.17,9.28,48.95
31.43,19.29,78.98
36.99,29.60,92.77
42.60,32.96,97.96
44.19,34.61,105.04
41.20,35.52,105.77
35.03,36.44,86.91
31.19,30.46,73.24
22.52,17.88,52.98
17.40,11.05,42.60
13.00,6.41,37.90
5.80,3.85,18.86
5.37,2.26,3.36
2.32,0.18,0.49
3.48,3.54,-1.59
2.38,6.35,-2.01
-0.92,7.93,-2.01
-1.89,12.02,-2.87
-3.30,14.95,-3.54
-4.33,16.97,-3.91
-5.43,20.02,-4.58
-6.41,25.15,-7.32
-6.65,28.87,-11.29
-5.74,39.00,-18.55
0.00,56.52,-27.22
7.32,72.45,-35.16
14.95,83.07,-41.69
22.09,90.52,-45.41
26.79,96.68,-42.85
30.76,101.20,-33.14
34.67,102.48,-23.99
38.64,100.10,-20.45
43.15,92.22,-18.31
45.65,78.12,-15.14
44.13,61.83,-10.01
36.13,47.18,-3.91
26.49,30.70,2.81
15.81,8.42,10.19
6.29,-8.85,12.76
-0.24,-23.19,12.51
-8.61,-35.34,13.67
-13.73,-43.33,17.15
-15.56,-47.49,21.73
-14.83,-49.38,25.88
-14.16,-49.62,26.49















 
-,-,-
0.61,-1.77,-0.12
0.31,-1.95,0.06
0.43,-1.95,0.06
0.31,-2.26,0.12
0.85,-3.05,0.37
0.73,-3.78,0.43
1.22,-3.60,-0.18
1.95,-3.78,0.24
2.14,-3.91,0.85
1.89,-4.58,0.98
1.28,-5.49,0.61
0.61,-6.65,0.61
-0.73,-7.75,0.00
-1.95,-8.61,-0.73
-2.50,-8.73,-1.04
-2.26,-7.93,-1.10
-1.53,-6.77,-1.04
-0.67,-5.07,-0.61
0.18,-3.42,-0.43
0.98,-2.26,0.31
1.34,-1.71,0.73
1.40,-1.83,0.98
1.34,-2.01,1.34
1.53,-2.01,1.83
1.83,-2.44,1.95
1.83,-2.93,1.89
1.95,-3.11,1.59
1.28,-3.36,1.04
0.43,-3.17,0.18
0.12,-2.44,-0.12
-0.06,-1.22,-0.31
-0.61,0.06,0.24
0.73,1.89,3.85
6.90,5.92,20.08
12.33,13.85,44.13
15.75,20.26,57.50
17.33,29.24,70.07
22.03,34.55,85.33
25.21,41.26,97.17
27.53,40.41,99.98
23.80,37.11,87.40
20.32,28.20,69.95
14.59,20.81,55.66
7.20,16.85,44.19
-0.92,11.23,23.19
-3.97,5.19,4.82
-5.13,5.62,-1.46
-4.70,6.16,-2.87
-5.49,6.47,-7.26
-7.69,3.05,-22.71
-9.64,-4.88,-47.00
-12.76,-10.19,-67.44
-12.82,-15.81,-73.00
-13.00,-9.77,-65.61
-9.70,5.92,-51.39
-5.19,19.23,-39.92
-1.40,22.40,-35.46
0.98,18.68,-35.40
1.22,13.18,-33.75
0.12,7.02,-28.87
-1.46,-1.34,-21.79
-2.50,-11.23,-12.27
-2.50,-23.68,-0.49
-4.27,-37.11,12.70
-8.12,-48.34,24.23
-13.55,-51.21,27.04
-10.56,-26.79,5.74
0.85,-23.50,-2.20
2.14,-22.16,4.82
10.38,-6.53,4.82
18.07,2.44,5.37
27.53,3.78,12.02
41.69,-3.05,11.60
56.03,-10.31,8.85
64.15,-17.76,6.59
60.49,-18.43,6.35
44.86,-16.48,1.22
29.05,-11.29,-2.20
17.27,-6.59,-0.67
6.10,1.04,-0.37
0.18,-4.88,-1.89
-6.29,-10.56,-4.09
-11.66,-9.52,-5.43
-16.36,-3.05,-5.74
-18.98,8.91,-7.08
-18.62,21.06,-3.85
-17.76,27.59,5.43
-18.19,32.71,10.13
-22.22,37.96,8.36
-26.31,41.14,1.77
-25.33,39.12,-2.20
-22.95,29.85,-0.49
-20.08,14.65,5.25
-15.81,-4.64,13.55
-11.84,-23.62,25.21
-10.07,-29.60,24.23
1.77,-12.76,3.36
17.52,-13.18,3.97
27.22,-2.56,14.65
44.13,2.75,18.74
57.43,-3.54,22.09
72.33,-16.48,26.18
72.81,-13.98,15.81
58.84,-11.66,8.61
37.17,-9.64,5.25
24.66,-6.47,2.93
12.39,2.62,3.42
7.75,-1.16,1.04
0.85,-0.37,-0.61
-2.08,-0.49,-1.40
-5.86,-1.10,-3.30
-8.36,0.67,-6.41
-11.90,4.21,-12.51
-16.66,6.23,-25.94
-20.51,5.13,-40.22
-20.87,6.10,-45.78
-18.55,11.60,-47.49
-14.59,15.81,-47.55
-9.52,13.43,-43.95
-5.13,5.00,-36.25
-2.08,-4.52,-26.79
-0.43,-12.63,-18.49
3.48,-24.11,-11.11
4.88,-39.61,-3.11
2.56,-44.43,4.03
4.03,-19.53,2.44
8.42,-16.30,4.76
-0.12,-17.70,4.82
0.85,-11.78,2.56
0.31,-6.90,5.68
3.54,2.26,21.61
15.50,15.38,52.73
28.44,24.48,85.63
37.84,34.55,104.06
42.11,40.41,112.30
41.44,41.44,116.21
37.66,41.14,109.92
30.27,38.33,101.62
19.29,29.91,77.64
14.28,16.72,55.60
8.06,10.31,43.27
2.99,5.68,23.62
3.11,-0.18,8.42
3.17,-0.49,5.80
4.09,2.08,4.09
3.78,3.48,1.65
2.20,3.85,-0.24
0.98,4.82,-0.98
1.16,5.49,-2.20
-2.14,2.14,-2.14
-1.16,3.30,-3.42
-1.65,5.07,-4.09
-3.42,5.37,-4.94
-5.00,6.65,-5.80
-6.23,9.28,-7.08
-8.18,13.73,-8.67
-9.46,18.19,-10.56
-9.83,20.08,-11.96
-8.73,21.55,-14.65
-5.80,27.28,-16.72
-1.10,37.96,-21.12
3.97,48.22,-27.04
9.09,55.36,-30.94
13.85,60.06,-31.56
19.47,61.77,-30.21
24.96,60.30,-28.87
30.88,58.29,-28.38
36.99,56.46,-26.79
42.24,54.14,-24.11
45.35,51.88,-19.78
46.20,49.50,-13.85
43.46,47.18,-7.08
37.35,44.25,1.46
29.48,39.98,13.61
21.30,34.06,25.82
12.88,25.82,32.84
6.04,13.06,35.34
1.59,-2.38,37.90
-1.65,-17.76,41.20
-4.09,-32.78,43.33















 
-,-,-
1.22,-0.92,1.04
0.85,-1.22,0.67
0.43,-1.04,0.55
0.12,-1.04,0.67
0.31,-1.46,0.49
0.79,-1.65,0.24
0.85,-1.46,0.37
1.04,-1.04,0.49
0.98,0.24,0.43
1.10,1.65,0.43
1.10,2.38,0.37
1.28,2.26,0.43
1.83,0.92,0.73
1.59,-0.31,0.98
1.46,-1.16,1.46
1.10,-1.89,2.14
0.67,-2.50,2.56
0.43,-2.50,2.69
0.55,-2.56,2.56
0.92,-3.05,2.44
0.49,-3.78,2.20
0.00,-2.81,1.59
0.24,-1.59,1.77
0.73,-1.04,1.95
1.34,-0.98,1.65
1.65,-1.04,1.89
1.83,-1.71,2.75
1.89,-3.78,3.72
1.59,-8.06,4.33
0.49,-13.61,5.37
-1.40,-13.12,2.01
0.18,-9.89,-0.61
-0.37,-10.74,0.98
0.37,-8.24,1.53
-1.10,-5.62,1.89
-2.32,-3.36,5.07
-1.40,1.16,12.57
1.28,6.41,25.88
6.90,14.65,48.83
14.22,25.39,77.15
20.26,33.81,95.46
24.23,38.70,109.74
21.85,38.33,109.13
20.26,31.37,97.05
13.98,28.02,70.92
11.23,26.55,52.06
5.31,19.35,39.98
3.91,14.34,28.20
-0.55,8.42,15.32
-3.66,3.42,-2.14
-4.94,1.59,-9.28
-6.71,0.06,-20.94
-7.02,-4.82,-42.66
-8.97,-11.78,-60.06
-12.08,-10.01,-70.68
-10.31,0.55,-72.69
-6.41,11.47,-63.17
-3.54,19.04,-52.49
-1.16,22.52,-48.34
0.55,18.49,-46.14
0.24,8.73,-42.60
-1.34,-2.20,-37.29
-2.93,-12.82,-28.93
-3.85,-25.57,-16.24
-4.76,-40.41,-1.53
-6.29,-54.50,14.22
-8.12,-65.55,28.56
-11.05,-60.00,28.50
1.65,-34.00,9.40
16.60,-28.08,4.27
19.23,-9.83,10.80
31.07,7.81,11.11
38.64,2.44,13.12
47.79,-9.95,12.27
56.52,-21.42,5.62
53.89,-18.74,4.70
40.77,-12.21,-1.04
27.28,-6.84,-1.22
16.30,-1.10,0.37
9.58,-2.32,2.81
1.83,-4.94,-0.92
-4.03,-6.65,-4.52
-8.36,-7.69,-4.82
-13.12,-1.46,-5.98
-15.32,8.36,-4.82
-16.85,16.42,-0.79
-16.78,23.86,2.14
-19.04,29.91,4.33
-21.36,33.20,0.43
-21.55,36.13,-3.17
-21.97,37.96,-2.26
-21.73,35.71,1.59
-18.80,26.12,6.71
-13.92,9.52,13.67
-10.99,-8.54,21.48
-7.32,-25.21,28.14
-2.99,-38.64,29.97
1.95,-24.60,10.80
21.67,-15.14,2.01
30.21,-10.19,12.51
44.49,-3.66,14.10
56.58,-6.77,12.88
68.36,-23.25,10.13
76.35,-25.39,8.97
68.79,-17.46,7.26
46.63,-12.51,4.33
29.42,-11.84,-0.92
17.58,-7.08,-3.11
8.67,0.06,-0.92
0.55,2.01,-0.37
-4.76,-1.65,-2.99
-8.85,-3.66,-4.33
-11.66,0.12,-6.04
-14.47,7.45,-9.95
-15.99,12.08,-16.66
-18.07,11.05,-28.75
-18.07,9.40,-36.25
-16.36,11.78,-39.31
-14.22,15.93,-42.48
-10.68,17.46,-44.01
-6.10,13.55,-41.93
-1.59,3.05,-35.28
1.28,-9.28,-26.25
3.78,-21.18,-14.53
3.42,-35.64,-0.67
1.53,-48.03,12.76
-2.44,-31.56,12.08
5.43,-16.78,4.58
2.50,-19.59,5.07
4.09,-12.76,7.57
5.43,-5.92,5.25
5.55,-1.46,13.31
12.51,8.54,36.80
24.29,21.12,71.47
32.29,24.96,89.23
35.28,28.02,88.20
36.80,31.19,95.46
30.27,35.46,96.31
26.55,28.02,86.85
24.35,23.56,81.24
20.69,19.47,64.76
17.58,15.32,44.49
15.50,10.86,41.99
10.74,10.56,31.98
9.09,7.20,24.90
6.96,5.98,21.36
5.31,5.43,9.22
5.13,5.55,1.53
4.58,6.10,1.16
3.54,5.25,0.73
3.05,5.98,-0.06
2.08,6.41,-0.12
-2.26,4.52,0.06
-2.81,7.39,-0.61
-4.03,10.38,-0.43
-5.13,14.10,-1.71
-6.90,18.74,-5.07
-7.63,20.45,-10.93
-7.87,23.25,-17.64
-6.65,33.20,-20.39
-3.85,50.05,-24.05
0.49,64.88,-29.48
3.78,75.26,-33.69
6.47,82.28,-35.77
9.83,86.30,-36.01
14.22,86.61,-36.25
18.37,82.82,-37.35
21.42,76.48,-37.96
22.40,68.36,-36.25
22.46,58.53,-31.56
23.44,44.37,-23.68
19.71,22.22,-15.20
16.36,-8.12,-6.90
10.99,-36.80,-1.77
7.14,-60.85,1.40
1.89,-80.20,4.76
-1.77,-92.53,6.96
-3.97,-95.34,8.12
-4.76,-89.42,9.16
-3.85,-77.27,9.83















 
-,-,-
1.59,3.42,-0.12
1.53,3.66,-1.40
1.71,4.03,-2.62
1.95,4.58,-2.62
2.01,5.13,-1.89
2.08,4.64,-1.10
2.08,3.72,-0.98
1.89,2.50,-0.73
1.59,1.53,-0.12
1.40,1.28,0.43
0.98,1.46,1.10
0.85,1.22,1.28
1.04,1.28,0.85
1.34,1.34,0.67
1.46,1.59,0.85
2.01,1.77,0.43
2.14,1.83,0.06
1.83,1.40,-0.12
1.22,1.28,-0.31
1.28,0.92,-0.24
1.04,1.22,0.12
1.10,0.79,0.55
1.46,-0.31,1.16
1.53,-1.34,1.53
1.46,-2.14,2.50
1.59,-3.85,3.66
1.40,-7.63,4.39
1.46,-14.47,5.37
0.06,-23.93,7.75
-1.95,-33.69,11.11
-7.32,-34.67,10.44
-7.20,-21.36,-1.16
-5.13,-19.53,-3.23
-7.51,-15.32,-0.37
-6.10,-5.62,3.11
-4.76,3.30,20.75
-3.23,13.31,47.49
5.13,20.45,70.56
15.44,24.11,95.52
18.01,23.68,101.20
17.33,21.61,86.55
17.09,17.27,78.12
11.05,14.47,59.14
6.96,14.47,43.46
2.08,8.91,36.93
-2.44,9.70,22.83
-4.15,8.00,7.45
-5.80,5.00,-2.99
-6.23,2.99,-5.31
-5.25,2.38,-6.77
-4.03,4.21,-9.28
-4.82,7.02,-18.62
-2.99,4.33,-35.40
-0.85,0.00,-48.71
-0.79,-0.12,-50.42
-2.50,5.37,-46.69
-3.48,10.38,-45.35
-3.23,9.89,-45.78
-0.92,4.94,-43.58
0.85,-2.62,-37.60
0.85,-11.23,-27.59
0.37,-21.61,-14.34
-0.67,-34.67,0.98
0.00,-49.74,16.24
-1.77,-48.71,19.35
3.48,-26.06,5.98
19.17,-21.67,2.50
24.96,-15.56,4.15
35.64,-5.43,6.04
40.28,-5.31,7.45
42.60,-7.08,5.74
46.39,-12.02,4.76
40.53,-9.46,2.56
28.20,-7.14,0.92
13.79,-5.80,-0.73
2.99,-2.62,-2.01
-3.78,-3.66,-3.17
-8.18,-6.10,-3.97
-12.15,-2.26,-5.62
-13.98,8.79,-5.92
-14.59,19.10,1.46
-15.75,25.33,7.32
-17.40,29.42,6.96
-19.78,32.65,1.22
-19.71,35.64,-5.25
-18.68,33.20,-7.26
-14.59,24.35,-5.37
-9.52,9.09,0.73
-5.98,-6.77,12.51
-3.72,-21.55,27.47
-2.93,-35.71,40.28
-9.03,-28.99,29.36
-4.76,-12.57,3.54
5.86,-15.87,2.69
13.98,-8.18,8.42
28.63,7.32,10.56
40.65,6.29,12.08
50.96,-3.60,7.32
61.46,-19.53,-1.89
59.75,-19.78,-5.31
45.53,-16.48,-3.23
27.22,-8.24,-4.21
15.93,-5.37,-4.52
8.91,-3.97,-3.60
2.14,-2.26,-3.97
-2.01,-1.65,-5.74
-5.98,2.62,-10.50
-9.03,9.83,-15.38
-11.41,14.89,-20.14
-12.15,17.21,-25.70
-12.21,21.30,-33.33
-12.70,23.01,-41.50
-13.31,20.14,-48.71
-12.51,13.73,-53.65
-10.25,4.76,-54.32
-8.67,-5.80,-47.97
-8.97,-16.72,-35.58
-9.77,-30.33,-19.59
-9.03,-45.23,-0.79
-8.73,-58.04,19.78
-13.24,-52.61,25.88
-13.31,-26.25,5.68
-7.32,-19.59,-1.46
-4.58,-18.55,6.10
4.21,-2.01,6.16
10.44,7.63,21.55
22.64,16.72,65.12
30.21,28.38,93.14
38.27,32.10,106.32
37.41,31.80,100.46
37.72,30.70,99.18
30.58,28.69,90.09
23.68,26.31,78.43
15.87,21.24,65.92
10.50,11.66,46.57
6.71,7.51,33.57
4.15,2.81,20.20
3.91,3.66,14.16
3.66,4.70,15.63
2.08,4.52,8.54
2.08,2.87,-0.61
0.49,1.46,-1.89
0.37,3.72,-1.71
0.18,3.85,-2.14
1.95,5.92,-1.83
0.55,6.16,-1.04
0.49,7.93,-1.89
-1.28,9.40,-2.62
-2.44,11.96,-4.58
-3.54,16.17,-9.83
-3.42,18.55,-18.31
-2.62,18.80,-28.02
-0.98,22.40,-31.19
0.98,32.29,-32.23
5.37,39.55,-36.68
12.02,40.65,-42.11
19.84,37.90,-45.78
27.04,37.72,-47.67
34.42,39.06,-48.10
43.70,38.70,-47.30
51.57,35.03,-45.84
61.04,26.43,-44.98
69.21,13.49,-43.58
74.40,-0.67,-39.79
74.34,-11.41,-31.68
65.86,-14.16,-20.75
52.19,-8.61,-11.41
40.71,-2.69,-7.87
35.58,-1.77,-9.03
35.64,-6.04,-10.74
35.34,-12.15,-10.19
35.28,-17.40,-8.00
36.32,-21.24,-5.13
37.60,-23.80,-3.17
37.90,-24.11,-1.71
38.09,-21.91,-0.92
35.64,-17.33,0.06
28.99,-8.91,2.44
21.24,1.28,4.21
15.14,11.17,4.03















 
-,-,-
2.08,-5.19,2.20
1.83,-5.86,1.83
1.22,-6.59,1.34
0.85,-6.71,1.22
1.10,-6.04,1.10
1.22,-5.00,1.40
1.59,-3.97,1.53
1.59,-3.11,1.59
1.77,-2.14,1.77
1.59,-1.22,1.89
1.59,-0.61,2.08
1.77,-0.37,1.83
1.59,-0.18,1.59
1.40,-0.43,1.34
1.28,-0.92,0.92
1.04,-1.16,1.04
0.98,-1.34,1.16
1.22,-1.65,1.22
1.16,-2.20,1.28
0.79,-2.69,1.40
0.85,-2.56,1.28
0.85,-2.08,1.40
1.04,-1.46,1.22
1.04,-1.22,0.79
1.34,-0.67,0.31
1.40,-0.18,0.06
1.16,0.00,0.12
1.10,-0.06,0.06
1.16,0.00,0.55
1.34,-0.06,0.98
1.10,-0.49,0.98
1.16,-0.98,0.92
1.95,-0.79,2.14
2.50,0.37,5.55
2.75,2.81,10.86
2.93,7.69,18.07
4.03,11.17,26.61
7.75,15.69,43.70
11.84,23.99,62.38
19.47,26.25,80.51
19.47,33.33,84.78
22.58,31.62,81.54
18.80,28.69,71.41
17.52,24.23,61.28
13.37,21.12,55.60
10.01,20.45,49.74
5.62,19.71,41.38
2.62,14.04,30.52
-0.79,11.17,15.69
-2.20,10.56,5.07
-2.93,9.52,-2.32
-3.05,10.13,-6.23
-4.94,11.23,-13.79
-6.41,7.69,-36.19
-6.41,-0.43,-59.02
-8.91,-5.68,-66.53
-9.77,-5.98,-59.81
-10.44,-0.79,-49.32
-9.28,6.35,-42.54
-7.81,9.40,-40.53
-5.68,8.18,-39.86
-3.54,5.07,-37.96
-2.69,1.04,-34.97
-3.11,-3.42,-31.92
-3.30,-8.24,-26.55
-2.62,-12.15,-16.78
-0.92,-16.72,-4.70
1.40,-25.15,6.77
2.93,-37.66,16.97
1.65,-51.15,24.29
-4.15,-48.28,20.51
-3.48,-34.79,10.13
2.75,-29.54,4.76
8.61,-22.03,5.62
17.27,-7.26,7.32
26.18,6.04,7.02
39.73,3.54,8.12
53.34,-6.10,11.60
61.10,-10.68,6.29
61.83,-5.92,1.22
54.20,-0.85,-0.06
47.36,-2.26,4.09
33.51,0.55,5.31
25.27,0.98,-0.43
13.31,-2.81,1.34
4.82,-6.90,-0.61
-1.22,-4.64,-2.01
-5.25,-4.70,-3.91
-7.81,-1.65,-5.62
-7.63,3.54,-7.39
-6.90,10.25,-7.81
-7.93,19.04,-7.26
-10.50,25.94,-7.51
-11.05,26.12,-5.31
-12.94,24.17,0.92
-17.94,24.60,3.11
-22.22,25.02,0.31
-26.00,22.03,-1.16
-28.63,15.93,0.92
-28.87,8.61,5.49
-27.83,0.43,11.90
-25.27,-6.71,19.84
-21.67,-13.85,27.40
-16.48,-21.00,30.70
-10.80,-21.48,23.74
3.05,-14.10,12.76
15.56,-10.86,11.11
23.62,-4.27,16.42
32.04,2.01,18.74
40.53,0.37,18.01
48.58,-5.55,12.39
56.88,-6.16,11.23
65.31,-2.69,16.05
63.23,-0.92,12.33
49.26,-0.49,4.58
34.18,-7.39,-0.73
19.53,2.01,1.10
10.86,1.83,-2.32
3.60,-0.98,-4.76
-1.83,-2.08,-5.86
-6.29,-0.85,-7.08
-9.89,0.73,-9.58
-12.33,5.86,-12.45
-14.16,13.49,-16.85
-15.56,18.80,-23.50
-17.64,18.07,-33.87
-18.01,15.38,-39.18
-17.27,16.78,-41.63
-15.93,17.94,-44.56
-13.12,15.32,-45.59
-9.64,8.00,-42.91
-6.47,-1.16,-37.54
-4.82,-8.85,-29.05
-5.13,-16.24,-18.62
-6.29,-26.55,-8.42
-8.36,-37.90,-1.10
-9.46,-48.46,5.86
-10.93,-51.27,11.47
-10.80,-37.23,9.52
-3.85,-31.01,2.81
0.31,-29.17,5.19
7.14,-18.07,7.32
11.41,-8.12,7.08
12.21,-3.23,12.08
13.55,1.46,23.50
25.76,8.18,60.79
30.64,15.93,85.14
37.60,27.47,82.52
42.30,31.07,83.86
41.20,29.17,88.62
40.22,33.57,93.38
33.45,28.93,82.40
25.02,18.92,61.16
22.58,16.66,50.48
16.48,14.83,46.45
12.63,10.25,37.54
8.79,10.80,25.15
5.86,8.97,17.33
5.86,5.55,8.30
5.55,4.52,2.81
5.25,2.99,-0.67
4.03,2.50,-1.34
1.89,3.48,-1.71
-0.37,3.91,-2.87
-1.10,7.20,-4.27
-2.08,11.17,-4.76
-3.23,15.63,-5.80
-4.33,21.42,-8.91
-5.13,29.66,-15.87
-5.92,34.73,-25.88
-5.98,37.29,-36.62
-3.60,43.09,-42.36
1.53,55.79,-44.43
9.16,68.12,-45.78
17.03,74.10,-45.96
25.88,73.61,-45.72
34.48,68.79,-44.98
42.54,62.87,-42.18
49.62,56.70,-38.88
56.21,50.11,-36.62















 
-,-,-
3.97,-8.67,3.72
3.85,-8.42,4.70
3.11,-7.93,4.33
1.71,-7.20,3.42
1.04,-5.55,2.44
0.73,-3.97,2.01
0.98,-2.93,1.53
1.46,-1.65,0.92
1.83,-0.18,0.92
1.71,0.79,0.85
1.46,1.10,0.79
1.59,0.43,0.61
1.83,-0.55,0.61
1.34,-1.28,0.49
0.73,-1.89,0.85
0.12,-2.87,0.98
0.12,-3.78,0.85
0.12,-4.27,0.55
0.12,-4.76,-0.49
0.12,-4.82,-0.61
0.18,-4.82,0.18
0.67,-4.70,0.24
1.16,-4.64,0.37
1.59,-4.76,0.98
2.69,-5.86,1.34
3.78,-7.75,1.10
3.78,-9.95,0.92
3.11,-12.70,1.34
1.95,-15.38,1.10
0.85,-16.97,0.06
0.31,-16.97,-1.04
0.00,-15.01,-1.46
1.34,-11.84,0.55
5.00,-7.75,8.48
12.33,-4.52,27.10
15.81,-0.55,45.53
22.89,6.10,56.15
28.50,14.16,71.17
32.41,22.16,84.35
34.24,23.44,89.17
30.94,21.79,78.67
30.03,17.46,66.04
23.99,11.05,54.69
18.07,8.18,42.60
9.16,4.27,31.62
2.50,2.56,19.23
-1.77,4.76,16.30
-6.23,3.23,9.89
-4.09,2.38,-3.05
-2.99,5.62,-4.94
-2.62,7.87,-6.16
-3.11,9.64,-11.29
-5.55,10.25,-23.62
-8.24,5.25,-43.52
-11.41,1.34,-57.13
-14.83,0.31,-56.95
-15.14,8.54,-50.96
-12.51,19.41,-44.80
-10.68,24.05,-41.32
-9.58,21.85,-39.98
-9.28,15.63,-38.39
-8.67,9.28,-34.67
-7.57,3.60,-27.10
-5.25,-1.65,-16.17
-2.01,-7.51,-4.82
0.67,-15.44,3.48
3.36,-26.79,9.34
3.97,-42.54,14.04
0.31,-54.69,17.03
-6.90,-44.68,14.28
-1.10,-27.53,2.62
7.39,-23.86,-2.44
12.51,-19.23,4.09
24.29,-4.21,6.04
31.25,7.02,3.36
37.54,9.28,3.85
41.69,5.13,-0.12
42.30,6.71,-1.59
32.71,15.38,3.72
24.54,20.94,3.48
19.90,12.21,-0.37
17.09,1.71,-3.23
12.82,-0.85,-3.78
7.63,-2.81,-3.91
1.16,-8.24,-4.88
-4.39,-9.03,-5.07
-8.06,-9.46,-5.80
-10.25,-9.52,-7.14
-12.33,-7.87,-8.24
-14.04,-2.62,-9.46
-16.72,7.39,-8.06
-20.02,15.14,-2.50
-22.83,21.73,6.41
-25.51,27.59,8.97
-25.15,30.88,6.16
-23.50,28.56,4.58
-18.92,18.92,6.16
-12.45,5.31,11.72
-6.41,-6.90,20.57
-1.46,-16.60,31.25
2.20,-27.77,41.02
3.54,-36.07,43.40
5.31,-25.63,24.35
23.13,-12.76,7.20
32.90,-6.29,9.89
44.74,-1.89,12.70
54.75,0.37,12.21
61.40,2.44,8.18
66.10,-5.19,-1.40
59.27,-1.40,-4.88
44.01,2.93,-5.00
29.36,6.77,-5.00
17.03,9.03,-4.46
9.16,2.62,-3.48
0.49,-0.85,-5.37
-6.16,-4.03,-6.23
-10.38,-10.56,-7.39
-14.16,-12.51,-8.18
-17.33,-7.63,-8.97
-21.18,2.08,-11.90
-21.42,7.93,-12.88
-21.12,10.01,-15.01
-19.65,10.31,-21.79
-17.58,9.58,-28.50
-14.89,8.48,-35.40
-11.72,5.92,-42.66
-9.95,0.61,-48.95
-9.95,-4.70,-52.43
-11.90,-9.28,-52.98
-13.73,-12.39,-48.95
-14.53,-15.75,-38.57
-13.73,-21.36,-23.25
-12.27,-29.85,-6.23
-10.31,-39.25,8.73
-10.56,-46.81,18.19
-16.05,-38.09,13.98
-10.31,-23.86,2.56
-1.10,-22.28,-2.20
-2.01,-26.25,6.04
4.82,-13.61,7.14
13.61,-0.85,4.94
13.85,7.57,7.69
18.43,9.89,17.21
23.32,9.89,33.02
31.43,10.19,49.19
42.05,6.53,73.49
47.91,10.99,94.48
52.49,20.57,106.45
58.41,23.56,108.70
55.42,25.63,106.26
52.86,23.99,101.56
42.18,18.62,90.58
34.79,18.01,71.53
28.56,13.92,55.05
21.30,5.13,51.76
12.51,3.17,37.35
5.25,4.03,8.91
1.71,0.98,-2.93
-2.20,-0.67,-3.66
-3.91,0.98,-7.87
-5.62,4.39,-9.46
-6.84,9.16,-11.41
-7.63,14.65,-16.05
-10.31,20.57,-24.35
-14.71,23.32,-33.63
-22.09,27.53,-50.23
-31.62,33.14,-67.14
-43.58,37.05,-88.44
-56.64,35.71,-115.11
-69.52,27.47,-142.15
-84.11,13.61,-170.47
-100.71,-3.72,-199.46
-116.82,-23.44,-224.49
-136.60,-42.91,-243.65
-157.78,-59.88,-257.87
-175.96,-75.26,-269.59
-184.27,-93.08,-280.70
-200.44,-115.42,-288.82
-222.11,-136.96,-288.82
-242.13,-151.18,-283.51