-,-,-
2.01,0.12,2.44
-0.12,0.12,2.56
-2.14,0.49,3.17
-3.30,0.37,3.42
-3.66,-1.16,3.66
-3.60,-3.23,4.58
-3.48,-5.31,5.74
-3.30,-6.65,5.92
-2.20,-7.75,4.76
-0.98,-7.69,3.54
-0.06,-6.59,2.62
0.49,-4.76,1.83
0.98,-2.26,1.10
1.10,0.31,0.73
0.79,1.83,0.24
1.46,2.08,-1.83
2.32,1.28,-3.60
3.11,1.59,-3.78
3.66,2.93,-3.54
4.21,4.76,-3.17
5.31,6.71,-3.54
6.71,8.67,-4.21
7.14,9.52,-3.66
6.53,9.52,-3.05
4.27,8.18,-2.08
0.98,5.25,0.12
-2.14,1.34,2.75
-4.82,-2.44,6.29
-7.02,-7.08,10.93
-7.63,-14.47,14.89
-7.45,-24.78,18.43
-8.00,-27.10,11.47
-4.82,-20.75,-0.12
-1.46,-20.75,2.87
0.73,-18.43,2.32
7.39,-11.11,1.40
12.02,-6.41,1.83
19.47,-2.93,2.20
31.19,-4.94,5.62
45.65,-11.29,11.90
61.16,-16.72,17.33
74.71,-15.14,24.35
84.17,-18.37,29.30
90.76,-23.25,32.23
88.13,-15.32,31.01
75.32,-5.98,35.40
63.60,-4.88,34.85
56.27,-7.87,31.07
40.22,-9.83,16.48
23.80,-2.81,6.84
11.23,6.16,3.11
5.43,3.23,2.62
2.20,-1.46,2.87
-3.17,-4.09,1.40
-11.05,-5.00,-1.89
-19.53,-4.70,-4.88
-27.77,-2.62,-9.09
-33.02,3.23,-12.27
-39.37,12.21,-16.97
-45.84,22.46,-20.63
-55.85,42.79,-21.24
-64.64,67.57,-31.07
-69.89,80.99,-39.92
-70.01,75.26,-38.76
-66.35,57.19,-29.05
-60.36,34.61,-12.39
-49.74,11.41,8.61
-36.07,-9.95,29.66
-28.32,-28.50,49.44
-23.01,-45.59,65.86
-15.50,-56.03,68.30
-3.05,-41.20,25.27
24.90,-22.40,2.44
39.92,-7.87,13.43
58.47,5.37,22.58
80.08,6.59,33.87
98.75,0.85,38.09
112.24,-3.97,34.48
112.73,-3.11,34.97
93.51,-1.89,32.84
67.75,2.08,29.36
47.18,4.82,24.84
34.97,1.71,16.66
25.94,0.00,10.44
12.02,3.05,3.91
-1.71,2.08,-1.10
-10.25,-2.56,-2.69
-14.28,-5.43,-4.88
-15.44,-2.69,-9.52
-17.82,3.54,-15.75
-21.48,10.50,-33.26
-24.60,21.24,-50.54
-25.02,34.06,-63.78
-19.84,40.59,-78.12
-12.15,36.87,-90.52
-4.03,25.15,-95.83
1.65,9.22,-91.06
3.11,-6.23,-76.72
0.85,-17.94,-55.24
-0.67,-26.61,-30.94
0.73,-35.95,-8.36
1.59,-47.79,11.11
-3.48,-58.90,28.93
-11.72,-64.70,39.43
-13.00,-47.49,15.32
-11.35,-32.35,-0.98
-3.91,-29.24,2.20
-2.38,-20.69,2.32
9.46,-3.05,0.85
16.78,9.77,9.64
26.55,24.41,43.15
32.53,37.84,87.71
35.58,52.61,119.20
32.10,65.61,134.52
25.15,73.18,145.45
19.17,63.60,146.06
16.48,54.20,146.97
12.94,42.30,126.95
9.77,31.25,104.98
9.03,22.40,91.13
9.58,15.81,67.02
11.35,12.39,43.70
10.19,9.95,28.26
8.06,8.18,18.62
6.16,11.11,5.98
6.16,12.94,-2.14
5.25,13.37,-10.74
3.05,9.34,-39.67
3.48,8.36,-85.21
1.95,14.83,-120.30
0.00,21.79,-140.87
1.53,21.55,-150.15
5.37,13.24,-146.18
11.60,0.37,-130.92
19.47,-14.47,-111.82
23.68,-30.64,-95.15
22.58,-44.07,-84.17
13.24,-51.70,-77.09
-0.24,-53.22,-71.66
-9.34,-52.67,-65.06
-13.31,-54.87,-52.73
-13.73,-62.26,-31.07
-15.87,-70.80,-3.05
-15.93,-74.46,21.55
-11.90,-67.20,28.69
2.20,-42.72,9.09
15.99,-27.83,2.44
7.69,-20.14,3.72
10.01,-11.11,5.37
10.74,-3.36,19.10
13.49,8.54,53.16
19.35,24.11,94.60
26.49,35.95,124.82
31.98,49.99,144.23
34.73,56.09,160.34
33.51,59.63,162.90
29.42,57.13,160.46
19.78,49.13,149.66
13.06,39.31,134.70
5.62,27.40,127.62
1.89,19.59,121.64
4.03,17.64,99.91
2.50,8.12,91.98
-1.04,4.70,84.90
0.12,4.46,76.72
0.98,2.99,71.29
-3.17,0.67,43.21
0.61,2.01,9.58
1.40,4.52,19.10
1.34,7.08,18.07
4.58,8.12,7.63
5.68,8.06,7.32
3.36,8.12,6.04
0.98,8.61,1.71
-2.26,9.52,-1.53
-7.39,11.54,-9.46
-11.78,14.65,-26.98
-14.95,20.20,-31.80
-19.53,34.00,-28.02
-20.20,56.70,-34.73















-,-,-
3.54,0.55,2.38
3.17,0.67,1.77
2.56,0.67,2.08
1.89,0.73,2.62
1.89,0.55,2.75
2.32,-0.49,3.42
2.87,-2.14,4.03
3.11,-3.97,3.66
2.81,-5.74,3.42
1.83,-6.96,3.72
0.92,-7.08,4.76
-1.16,-6.71,5.80
-2.38,-5.92,5.80
-2.32,-5.55,4.64
-2.32,-5.92,3.72
-2.14,-5.92,3.11
-1.46,-5.25,2.81
-0.55,-4.33,2.50
-0.61,-3.17,2.32
-0.18,-1.04,1.40
-0.37,1.65,0.37
-0.37,3.48,-0.18
-0.43,3.78,-0.06
-0.12,3.66,0.61
-0.24,3.36,1.34
-0.98,3.17,1.28
-2.56,3.11,1.04
-3.72,2.99,-0.31
-4.21,2.99,-1.83
-4.58,3.42,-2.14
-4.64,3.97,-1.59
-4.33,3.72,-0.73
-4.09,2.81,0.85
-4.09,1.10,3.30
-4.21,-1.59,5.80
-3.60,-5.13,7.57
-4.03,-8.79,8.79
-3.54,-12.15,10.44
-3.23,-17.82,12.94
-3.36,-27.71,17.27
-4.46,-41.44,24.17
-5.62,-48.77,25.57
-4.82,-36.13,7.20
-2.75,-33.33,-0.67
-5.49,-33.45,1.22
1.10,-23.68,1.89
9.28,-10.74,1.22
19.17,0.24,1.53
33.20,8.91,3.91
48.83,7.20,10.50
62.07,-12.27,20.69
69.58,-15.26,22.09
76.05,-19.65,25.45
78.61,-21.24,29.91
78.43,-17.33,23.19
70.98,-11.90,21.12
58.23,-6.04,21.91
40.28,3.05,14.65
24.66,-5.68,8.18
10.56,-0.43,3.66
3.78,0.43,0.37
0.61,-3.91,1.71
-0.49,-6.04,2.50
-1.28,-5.00,2.01
-4.52,-2.87,-0.06
-9.70,0.12,-3.36
-15.26,3.17,-6.10
-21.85,5.37,-9.52
-28.26,5.80,-13.00
-35.71,9.70,-17.76
-43.21,13.49,-22.58
-49.80,27.59,-22.89
-53.83,48.03,-19.47
-55.18,61.16,-18.37
-53.83,61.22,-17.64
-53.71,50.96,-14.22
-55.60,36.68,-7.39
-54.20,23.13,2.08
-45.53,9.83,14.16
-35.64,-4.27,30.33
-24.41,-20.02,47.18
-13.79,-39.49,59.14
1.16,-39.98,44.86
11.35,-18.37,10.25
30.15,-7.20,9.58
44.98,-8.73,27.53
63.72,-2.20,29.17
82.70,-1.04,31.13
99.37,-12.63,35.58
112.00,-7.45,29.42
114.01,-14.65,33.51
98.27,-11.90,32.90
72.69,-0.67,17.27
50.29,1.22,7.81
36.44,3.23,14.40
27.04,4.82,11.72
14.34,6.71,5.25
1.71,0.92,3.42
-5.55,-1.22,-0.06
-10.38,1.10,-3.30
-13.79,2.93,-4.52
-17.21,6.35,-7.63
-22.28,14.89,-18.13
-26.79,20.75,-29.48
-31.62,24.29,-49.19
-33.26,29.11,-68.54
-32.29,34.61,-79.22
-25.70,37.96,-83.86
-16.54,32.78,-81.85
-8.61,20.45,-71.53
-3.42,6.29,-55.79
-1.59,-4.52,-39.00
-1.10,-11.90,-23.50
0.49,-19.59,-8.73
3.17,-32.71,5.74
5.92,-51.21,19.71
6.59,-64.94,30.76
6.41,-56.09,27.22
6.29,-33.81,18.43
15.14,-25.45,9.89
3.72,-19.59,4.82
9.16,-7.87,-0.31
9.40,-1.71,-0.85
10.80,3.36,9.40
14.59,10.74,31.49
21.18,18.74,68.73
28.93,24.23,96.74
33.08,37.29,120.36
33.02,47.00,128.30
31.49,50.60,137.02
26.55,48.77,149.29
23.32,39.98,138.85
19.96,32.41,109.68
17.46,26.55,82.46
13.37,14.59,70.50
10.01,7.20,48.77
7.14,3.36,30.76
3.36,2.26,22.58
0.79,3.30,6.29
-2.20,5.13,-0.55
-4.82,8.00,-1.83
-6.59,10.80,-4.58
-9.34,13.31,-14.22
-11.96,13.06,-37.84
-9.95,9.95,-75.07
-9.77,6.29,-102.84
-12.15,7.02,-117.92
-10.38,11.54,-120.06
-5.92,17.09,-110.90
-1.10,19.53,-98.08
3.97,15.87,-88.38
4.94,7.20,-84.84
3.42,-4.58,-86.49
0.79,-17.52,-90.33
-0.49,-31.31,-92.10
1.89,-47.00,-87.10
4.27,-62.13,-70.01
6.90,-73.43,-36.56
9.09,-82.09,3.17
10.86,-90.15,33.39
13.98,-68.66,31.92
5.25,-42.72,14.71
7.87,-44.01,-2.44
-1.22,-44.49,-5.80
3.54,-29.54,7.75
12.70,-8.24,52.86
14.34,14.34,98.39
23.93,30.58,119.08
27.22,44.74,133.67
27.16,54.44,153.93
26.06,62.13,166.56
23.38,59.69,171.63
16.97,50.60,165.47
13.00,39.79,149.84
7.32,31.92,121.58
3.11,20.39,98.82
-2.93,11.90,91.13
-5.07,1.89,70.74
-4.64,0.06,51.57
-2.20,-0.24,44.98















-,-,-
14.22,0.12,-3.42
15.14,-1.28,-3.42
15.69,-2.69,-3.23
16.54,-3.85,-2.56
15.75,-4.58,-1.53
12.51,-3.54,-1.22
7.81,-0.85,-2.32
4.21,2.69,-3.66
2.38,4.70,-4.27
1.77,4.15,-3.97
1.89,1.59,-3.17
2.32,-1.34,-1.77
2.69,-4.09,-0.18
2.26,-4.94,1.04
0.37,-3.60,1.40
-1.34,-0.79,0.73
-2.50,1.16,-0.24
-4.58,0.61,-0.43
-9.16,0.43,-0.43
-15.99,2.99,-1.16
-21.24,7.87,-1.95
-22.89,10.93,-2.20
-21.79,8.67,-0.85
-18.68,3.05,1.53
-15.63,-2.50,4.52
-13.31,-5.80,7.63
-11.17,-6.84,9.46
-9.70,-6.53,9.22
-8.61,-5.49,8.06
-7.20,-4.52,6.04
-5.25,-5.00,3.78
-3.05,-6.47,2.01
-1.40,-7.75,0.85
-2.20,-8.00,-0.67
-5.00,-6.47,-3.17
-7.93,-4.70,-5.43
-10.68,-2.93,-6.29
-14.34,-1.59,-6.35
-18.13,-0.31,-6.96
-19.29,0.31,-7.51
-19.65,-0.79,-5.92
-20.14,-2.81,-2.87
-19.47,-5.62,1.83
-17.76,-10.56,7.14
-16.17,-19.65,10.68
-15.38,-30.76,13.06
-13.85,-41.50,15.99
-12.82,-50.60,20.02
-10.68,-58.53,24.23
-6.04,-50.42,13.31
-2.08,-32.10,2.01
9.22,-22.58,5.13
22.58,-21.12,4.39
44.07,-24.35,-1.28
60.55,-25.94,2.99
73.49,-38.51,11.84
84.53,-37.41,17.46
88.32,-28.38,25.45
82.95,-18.49,29.05
66.53,-8.79,26.06
46.75,-1.16,21.61
30.52,3.48,14.47
16.85,1.65,10.07
5.31,-2.62,2.20
-2.32,-6.04,-1.83
-7.20,-7.02,-4.33
-10.25,-7.51,-5.62
-11.90,-6.71,-6.90
-14.47,-5.07,-9.46
-19.04,-3.23,-13.12
-27.40,2.32,-18.37
-36.07,11.54,-20.51
-45.23,31.43,-19.17
-52.86,55.48,-17.94
-58.23,70.98,-20.20
-61.77,72.45,-20.26
-63.05,62.68,-14.04
-62.01,47.73,-2.20
-56.15,30.40,12.82
-45.96,10.44,29.97
-34.42,-11.29,48.03
-21.79,-35.34,64.94
-8.67,-52.31,64.39
6.77,-32.59,19.65
30.27,-11.11,6.59
51.03,-4.21,20.94
69.95,-3.17,31.62
95.95,-8.48,35.95
114.38,-25.51,34.91
122.99,-26.98,29.54
121.58,-29.11,28.26
98.08,-22.40,16.30
64.88,-11.35,8.85
35.52,1.22,11.05
17.70,7.26,6.53
5.92,12.45,4.03
-2.26,11.66,2.20
-9.16,2.99,-0.24
-15.20,-2.01,-1.83
-17.82,-0.43,-3.66
-19.47,6.47,-10.01
-22.34,17.76,-18.31
-24.96,22.71,-32.71
-26.00,24.60,-54.57
-26.00,26.79,-74.77
-24.90,26.86,-88.93
-21.61,23.56,-96.86
-17.58,18.13,-92.59
-10.80,10.13,-73.79
-5.37,-1.46,-46.14
-2.08,-13.00,-18.49
-1.22,-26.98,3.17
-2.50,-43.82,21.30
-4.76,-57.62,36.07
-7.32,-51.94,34.67
-7.26,-33.20,18.25
3.66,-27.10,10.93
5.92,-22.09,8.73
10.74,-9.03,8.00
13.00,4.09,18.74
17.58,18.43,46.88
22.46,32.29,81.24
28.44,42.42,111.08
32.84,48.52,131.53
35.52,52.73,148.13
37.35,53.96,160.10
38.76,49.62,153.81
32.29,40.28,148.56
23.44,33.69,134.64
16.60,25.51,115.48
11.41,15.63,84.59
7.32,10.01,65.73
3.78,9.89,49.87
1.83,13.85,32.23
1.28,16.17,32.84
2.81,17.76,9.58
3.05,17.70,-4.03
-1.77,14.34,-13.73
-7.20,5.98,-44.62
-9.16,-1.53,-92.65
-10.62,-1.40,-130.49
-11.60,0.85,-152.71
-10.07,-0.67,-162.41
-7.57,-5.86,-161.07
-4.46,-11.78,-152.28
-0.43,-18.55,-138.00
3.72,-25.88,-119.26
7.32,-35.89,-98.14
11.96,-51.33,-76.05
14.22,-70.56,-51.94
13.73,-88.26,-25.76
9.70,-95.21,-1.77
-1.10,-56.95,10.62
-3.42,-34.91,15.20
2.08,-39.43,4.09
2.44,-36.56,-1.28
9.52,-26.00,3.54
15.01,-15.69,35.77
23.93,-0.79,71.35
31.62,22.16,106.75
38.21,42.24,145.51
42.72,51.51,167.18
40.77,57.68,169.62
35.28,53.34,162.35
31.01,46.45,152.16
26.18,34.30,136.47
21.18,23.25,118.04
13.12,15.50,105.41
4.70,9.28,87.16
-1.83,3.11,65.00
-6.47,-0.73,51.45
-6.71,-1.59,29.05
-3.23,1.34,22.03
-0.43,6.10,21.24
2.26,7.32,10.25
4.39,8.12,3.66
2.32,7.39,3.23
-0.06,6.23,2.01
-1.53,5.55,0.49
-2.69,5.19,-0.43















-,-,-
-0.43,-2.50,4.09
-0.49,-5.68,4.64
-0.85,-7.26,4.58
-0.73,-7.51,4.27
-1.46,-6.53,3.78
-2.20,-5.07,2.93
-2.56,-3.42,2.38
-2.56,-2.14,2.87
-2.50,-1.59,3.91
-2.01,-1.65,4.46
-0.92,-2.56,4.27
0.12,-3.78,4.39
0.24,-4.82,4.88
-0.12,-5.98,5.00
-0.73,-6.53,4.39
-0.85,-6.41,3.97
-1.65,-6.59,4.33
-1.95,-7.08,5.13
-2.20,-8.30,6.29
-2.93,-9.46,7.81
-3.30,-10.68,9.52
-3.30,-12.57,10.68
-3.17,-14.53,10.62
-2.26,-15.26,8.97
-0.92,-10.86,3.30
0.37,-6.16,0.49
1.46,-5.92,2.08
3.48,-5.49,2.87
5.37,-4.03,4.46
6.41,-2.93,3.17
6.53,-5.00,2.69
6.23,-8.54,3.66
6.29,-11.78,4.09
5.98,-14.34,3.72
5.62,-15.93,3.23
6.23,-15.93,2.75
8.97,-13.92,2.01
13.06,-10.56,1.71
19.78,-6.77,2.56
29.30,-5.74,5.62
40.89,-9.03,10.50
55.54,-17.03,18.19
72.14,-27.77,22.03
87.59,-37.60,26.12
94.54,-36.56,26.43
88.50,-36.50,20.20
74.77,-29.66,13.85
62.81,-22.89,15.87
51.82,-3.85,16.17
38.33,-1.04,14.83
24.17,-0.73,8.54
12.27,-1.77,8.42
3.11,2.20,4.39
-2.93,2.08,1.04
-6.29,0.55,0.55
-8.30,2.44,-0.79
-9.46,5.92,-2.62
-10.01,10.19,-4.33
-12.88,13.12,-7.20
-20.02,12.63,-14.28
-29.05,14.95,-18.19
-39.98,20.39,-19.10
-49.68,36.32,-25.63
-55.60,55.73,-26.86
-54.99,69.21,-26.73
-50.78,70.25,-25.63
-47.79,59.81,-20.08
-46.33,45.23,-9.89
-46.26,32.29,2.62
-45.53,22.16,15.99
-41.32,11.90,27.95
-35.46,-0.24,38.88
-29.91,-12.27,49.38
-23.80,-25.76,59.27
-17.52,-40.77,64.33
-2.44,-42.30,39.37
6.29,-24.84,2.08
24.11,-9.77,5.55
39.86,-2.87,17.76
61.10,15.26,22.03
82.03,18.37,27.65
99.06,1.16,37.11
110.84,-4.70,34.91
116.39,-9.89,30.88
110.96,-8.79,29.97
96.92,-3.17,26.31
75.01,-0.24,22.09
48.22,6.90,17.52
28.38,5.37,11.84
11.17,1.34,4.70
0.61,-2.69,0.79
-7.45,1.16,-1.53
-11.17,3.11,-3.30
-16.05,3.11,-4.27
-21.85,3.85,-9.46
-26.73,7.20,-17.33
-29.54,11.05,-40.22
-29.48,16.11,-62.32
-24.78,22.64,-73.61
-18.74,28.38,-80.44
-13.98,30.40,-86.85
-10.50,25.57,-89.90
-6.65,14.83,-83.68
-4.39,2.87,-65.00
-5.37,-7.02,-38.70
-6.84,-16.66,-13.37
-6.90,-30.46,6.65
-7.81,-46.45,22.52
-9.95,-59.08,36.07
-8.97,-51.57,30.64
-12.02,-37.35,15.81
0.06,-32.35,10.50
4.27,-23.86,8.91
9.83,-6.35,7.63
13.12,7.81,22.58
20.20,25.21,60.24
30.94,42.60,102.29
40.10,48.28,124.63
43.64,48.52,133.73
43.15,48.03,141.54
41.14,51.94,149.23
35.40,46.26,148.25
27.89,33.33,131.23
19.29,27.71,106.26
11.84,18.37,82.46
5.68,10.38,64.82
0.18,3.36,42.11
-0.92,3.85,21.12
-1.59,8.36,24.78
-2.26,13.31,11.84
-1.65,15.87,-3.85
-3.36,18.92,-12.08
-9.89,15.08,-37.60
-13.92,7.08,-87.16
-16.54,-0.24,-130.19
-17.52,-0.73,-161.13
-15.81,-0.31,-175.78
-13.00,-2.08,-170.72
-10.31,-6.16,-152.28
-6.16,-13.12,-130.19
-0.79,-22.58,-110.96
5.55,-34.30,-95.21
10.74,-48.77,-80.87
9.22,-64.45,-66.83
1.28,-74.71,-51.51
-6.41,-76.90,-29.05
-11.72,-74.16,-1.22
-12.88,-69.09,21.18
-11.60,-55.73,14.95
-11.17,-47.67,4.76
0.67,-43.58,3.54
5.92,-34.79,2.26
12.51,-22.28,3.36
19.10,-8.61,26.67
29.42,14.47,84.41
41.02,36.93,136.54
49.68,47.67,162.17
52.06,56.46,179.32
51.03,54.50,180.18
47.49,49.13,182.43
43.76,42.79,179.81
38.57,39.79,170.59
27.22,26.49,153.02
17.27,20.63,117.86
7.02,12.51,95.83
1.46,5.19,83.31
-3.11,7.75,64.27
-3.97,10.01,35.89
-0.06,1.65,11.11
2.56,0.24,7.45
2.01,2.14,6.10
2.14,3.60,3.23
2.50,4.58,2.32
0.61,5.25,0.24
-2.38,5.68,-1.95
-5.00,6.77,-2.93
-6.96,8.24,-4.21
-7.93,9.16,-6.84
-9.95,8.85,-12.27
-13.18,8.85,-25.15















-,-,-
5.43,-0.43,0.79
4.82,-0.98,0.67
4.33,-1.40,0.61
4.52,-1.10,0.79
4.46,-0.12,0.92
4.70,1.22,1.22
5.19,2.26,1.83
4.76,1.95,1.53
2.56,-0.12,0.43
0.06,-2.81,-0.43
-2.14,-5.49,-1.22
-2.99,-7.45,-1.71
-3.05,-8.67,-1.65
-3.11,-9.16,-2.01
-3.11,-8.61,-2.26
-2.99,-7.32,-2.44
-2.56,-5.55,-2.08
-1.53,-3.23,-1.53
-0.98,-1.28,-1.28
0.43,0.61,-1.22
1.65,2.20,-0.73
2.75,3.11,0.00
3.23,2.69,0.92
1.77,0.67,1.16
0.18,-1.83,0.98
-0.61,-3.66,0.92
-0.73,-4.33,0.85
-0.06,-4.15,0.67
1.28,-2.62,0.67
5.68,1.83,1.71
14.16,8.24,4.33
24.23,15.14,7.20
36.13,14.65,12.70
45.29,1.28,20.94
51.39,-2.08,21.67
56.95,-2.26,16.11
67.20,-16.66,15.75
75.81,-13.24,17.40
80.87,-14.47,15.01
83.19,-25.27,11.47
78.67,-29.60,6.16
63.60,-24.29,9.58
45.53,-15.08,12.02
24.84,-10.01,5.19
6.10,4.39,-1.95
-6.35,6.90,-4.88
-13.31,-1.28,-5.98
-18.31,-7.81,-7.08
-20.63,-9.89,-7.63
-20.94,-7.45,-7.39
-20.57,-1.89,-6.59
-21.48,5.98,-5.86
-24.41,15.44,-6.47
-29.91,25.51,-7.63
-33.39,32.71,-11.72
-33.45,36.25,-13.92
-33.81,43.21,-12.15
-36.07,51.09,-6.65
-39.49,60.12,-5.37
-42.91,64.03,-10.56
-46.81,62.68,-16.24
-50.54,57.56,-16.36
-51.39,49.99,-9.89
-49.93,39.43,0.85
-45.59,25.94,14.71
-40.34,10.56,29.54
-36.19,-4.52,43.70
-31.37,-18.74,56.15
-26.18,-33.63,63.78
-20.32,-39.49,52.80
-21.12,-31.25,14.95
-3.72,-18.68,-0.67
15.93,-10.86,9.28
31.80,1.28,13.67
51.09,14.71,15.81
71.84,16.91,22.58
90.64,8.79,34.55
103.88,-1.95,38.45
110.53,-10.13,32.10
106.75,-9.34,23.62
95.83,-7.51,17.88
80.75,-3.72,17.76
61.65,2.44,17.15
46.02,2.01,11.78
26.73,4.70,4.88
8.12,4.76,1.46
-3.36,4.94,0.00
-8.42,6.10,-1.16
-12.39,4.82,-2.01
-16.72,4.21,-4.39
-21.18,7.26,-10.31
-25.70,12.63,-18.25
-29.79,16.48,-40.83
-31.80,21.73,-66.65
-31.98,26.25,-78.98
-29.54,29.17,-81.73
-22.64,26.79,-81.67
-16.36,18.49,-80.02
-10.56,6.65,-76.23
-6.10,-4.58,-64.21
-2.81,-14.16,-40.95
-1.22,-23.50,-14.59
-1.10,-34.97,6.77
-4.03,-45.65,22.34
-8.73,-49.26,29.66
-12.21,-34.67,17.46
-10.68,-25.02,9.34
4.70,-22.03,8.30
7.57,-16.91,9.52
10.86,-7.20,7.08
13.73,-2.32,8.85
19.23,2.62,20.08
23.19,10.74,36.56
27.59,16.30,73.73
31.98,28.56,112.55
36.56,42.24,147.34
37.23,48.34,161.62
35.89,45.29,162.05
30.40,41.75,153.44
24.60,38.15,138.61
21.18,30.27,122.80
18.19,26.37,101.50
15.69,15.01,80.57
11.11,8.00,57.86
1.71,4.52,31.49
-2.32,2.62,23.38
-5.43,2.75,10.80
-4.64,4.27,-2.44
-6.23,7.63,-7.69
-8.30,11.11,-24.84
-12.08,9.52,-65.98
-12.33,5.00,-106.20
-14.28,2.56,-131.29
-12.82,3.23,-151.79
-10.01,3.54,-160.16
-7.51,4.64,-150.70
-5.25,3.48,-128.85
-2.87,-0.98,-107.79
-0.18,-8.61,-92.77
1.59,-19.47,-84.41
2.93,-33.69,-80.20
4.03,-50.84,-73.18
2.14,-65.25,-58.72
-1.28,-74.04,-39.12
-3.30,-80.32,-17.64
-4.88,-83.62,2.50
-10.93,-68.18,8.97
-16.54,-48.34,7.69
0.61,-40.28,1.53
7.93,-32.59,-0.85
13.92,-15.75,-2.56
19.23,-3.78,2.32
28.08,6.04,22.58
36.32,16.91,59.81
44.07,26.61,108.76
51.45,38.82,153.81
55.48,52.31,177.49
57.07,61.16,180.18
57.37,62.38,192.63
52.55,42.48,183.17
51.45,25.45,142.70
43.70,12.88,113.28
33.26,10.99,107.42
24.11,21.06,106.20
16.17,10.50,93.87
11.23,7.63,63.05
7.32,4.76,43.21
3.30,-3.05,33.63
2.26,-5.25,20.51
1.89,-6.53,16.05
3.36,-4.33,7.81
4.94,-0.18,3.78
4.70,2.93,2.87
2.01,5.07,1.40
-0.98,5.92,0.37
-2.08,6.96,-0.37
-2.69,7.08,-0.98
-3.30,6.23,-2.62
-3.91,5.68,-3.85
-5.68,6.59,-4.82















-,-,-
1.28,-1.22,0.37
1.16,-0.79,-0.18
0.67,0.00,-0.67
0.55,0.55,-1.16
0.92,0.49,-0.55
1.16,0.43,0.55
1.59,0.49,1.46
1.53,0.92,1.95
1.46,1.10,1.53
1.59,1.22,0.79
1.83,1.10,0.37
2.44,1.16,0.43
2.44,1.40,0.61
2.56,1.77,0.43
2.26,2.38,0.12
1.95,2.56,0.18
1.65,2.08,0.79
1.46,0.85,1.16
1.16,-0.49,1.77
1.10,-1.59,2.75
0.49,-2.26,3.30
-0.12,-2.44,3.11
-0.24,-2.26,2.26
0.43,-1.89,1.71
0.55,-1.46,2.01
0.24,-1.28,2.99
-0.67,-1.77,4.09
-2.14,-2.62,5.19
-3.42,-4.88,6.53
-3.05,-8.79,7.75
-2.75,-14.22,8.67
-3.11,-17.46,9.34
-2.56,-18.62,8.12
-1.77,-14.28,0.06
-1.04,-10.80,-1.40
1.10,-12.63,3.72
4.21,-9.95,5.37
5.49,-5.68,3.23
4.76,-6.59,2.56
5.25,-7.39,2.44
7.81,-7.93,1.65
12.27,-11.41,1.89
17.27,-12.21,2.93
23.56,-9.70,5.49
33.63,-17.82,12.88
46.08,-21.48,16.17
58.72,-23.99,18.31
65.73,-19.84,22.09
68.79,-16.66,22.46
64.27,-12.70,18.98
56.52,-10.01,17.94
46.94,-9.22,17.94
32.04,-4.33,11.47
17.21,-5.37,4.33
2.62,-1.77,1.28
-5.62,-0.98,-1.40
-10.31,-4.33,-2.75
-12.45,-6.04,-3.23
-14.34,-4.76,-3.97
-19.47,-1.95,-5.49
-27.71,4.58,-10.31
-36.07,15.20,-14.40
-44.43,31.49,-7.69
-51.15,48.10,-8.91
-55.54,61.83,-17.64
-57.43,72.39,-24.41
-55.30,74.71,-23.93
-52.00,66.71,-16.97
-47.55,48.52,-7.81
-41.08,25.02,1.95
-32.96,-0.37,15.93
-22.95,-25.02,34.55
-12.33,-50.35,54.26
-1.10,-72.69,70.01
19.47,-57.13,47.00
30.46,-27.04,9.09
54.26,-16.54,11.78
73.79,-23.07,34.36
95.34,-19.65,36.56
110.72,-19.47,35.10
116.88,-23.68,31.43
107.36,-27.34,25.33
75.93,-22.52,19.35
45.65,-14.65,7.39
23.13,-2.69,0.85
10.07,9.03,0.12
1.04,18.37,2.08
-8.73,20.75,0.61
-16.24,12.39,-1.59
-22.16,8.12,-7.20
-25.21,11.47,-14.59
-25.57,15.81,-29.91
-24.72,19.53,-46.69
-24.84,24.54,-56.95
-22.89,27.10,-63.84
-17.33,23.44,-70.62
-9.28,11.72,-74.71
-2.56,-2.87,-70.25
1.16,-13.79,-56.52
2.62,-21.67,-36.01
3.91,-30.52,-14.10
5.37,-43.21,2.69
3.85,-54.87,16.48
0.85,-37.96,17.33
-4.21,-21.73,11.54
-5.55,-25.39,5.92
-9.40,-25.21,4.15
-3.60,-10.99,15.01
4.88,6.84,54.14
19.96,30.64,109.01
37.48,54.93,144.53
48.71,60.73,169.80
49.62,63.05,174.50
48.10,59.63,157.78
38.70,49.50,133.24
24.96,39.73,107.06
14.28,26.61,87.71
6.71,15.08,64.09
1.16,8.06,34.30
-2.87,4.09,18.55
-7.57,3.85,6.84
-5.31,7.14,-2.87
-2.62,13.49,-9.28
0.43,22.03,-24.35
3.11,24.66,-59.27
6.04,27.89,-103.09
4.64,32.71,-137.57
1.65,31.92,-154.97
2.99,23.56,-153.99
8.67,7.14,-140.81
17.40,-14.28,-120.42
25.21,-35.95,-96.80
29.66,-52.67,-72.81
26.61,-64.09,-50.66
13.18,-69.03,-33.45
-4.33,-68.18,-22.40
-9.58,-67.14,-11.29
-17.58,-69.70,12.70
-13.00,-58.53,22.09
-10.93,-46.57,3.97
-3.91,-39.18,-2.81
-2.32,-23.56,5.25
8.54,1.89,24.54
22.40,23.32,70.37
34.55,39.86,115.17
45.10,54.20,163.70
49.26,66.65,191.47
46.20,71.66,207.82
33.33,67.57,188.84
23.25,50.84,157.90
13.61,28.99,131.41
8.42,12.82,103.03
4.76,0.67,76.66
4.15,0.92,60.36
0.43,-2.08,36.13
0.98,-1.34,25.51
1.16,4.88,27.22
0.98,7.69,15.75
1.83,9.89,0.73
0.98,11.66,-1.77
1.46,11.96,-1.46
1.22,10.25,-3.48
0.31,8.24,-4.94
-0.24,7.14,-3.72
-2.87,9.09,-4.46
-5.74,11.72,-10.68
-7.45,18.25,-22.95
-8.30,30.21,-35.89
-9.34,44.98,-47.24
-10.38,59.27,-56.88
-10.80,69.95,-62.19
-9.70,79.28,-61.22
-7.32,87.65,-57.19
-4.27,93.99,-54.50
-2.08,97.53,-54.14
0.49,97.66,-56.70
3.48,94.54,-61.83
6.47,88.87,-68.85
9.40,82.40,-76.48
11.60,75.26,-82.21















-,-,-
0.98,0.98,1.95
1.10,0.98,2.20
1.16,0.61,2.44
1.46,0.55,2.26
1.53,0.73,1.71
1.83,1.04,1.10
1.95,1.65,0.73
2.14,2.08,0.85
1.95,2.38,0.98
1.95,3.17,1.22
1.95,4.15,1.46
1.83,4.88,1.71
2.01,4.94,1.53
1.95,4.70,1.16
2.32,4.21,1.04
2.44,3.17,0.67
2.50,2.26,0.49
2.62,2.08,0.73
2.87,1.65,0.92
2.87,1.46,1.04
2.81,1.40,1.34
2.50,1.28,2.01
1.46,0.92,2.99
0.43,0.49,3.54
-0.24,-0.18,3.42
-0.06,-0.98,2.99
0.00,-1.53,2.87
0.06,-1.22,2.32
-0.31,-0.49,1.89
-0.79,0.43,1.40
-1.10,1.53,0.31
-1.28,2.50,-0.92
-1.77,2.75,-1.16
-1.89,2.69,-0.49
-2.50,2.01,0.18
-3.30,1.71,0.31
-3.72,1.16,0.00
-3.85,0.61,-0.67
-3.66,0.12,-1.28
-3.30,-0.31,-1.28
-2.56,-0.31,-0.61
-2.08,-0.49,0.37
-1.16,-0.67,0.73
-0.43,-0.55,0.61
-0.24,-0.24,0.06
0.00,0.61,-0.85
0.12,1.53,-1.28
-0.06,2.20,-1.16
-0.06,2.38,-1.10
0.06,2.01,-0.85
0.12,1.65,-0.92
0.31,0.79,-0.79
0.43,-0.37,-0.31
0.98,-0.98,0.18
0.85,-0.49,0.24
0.85,0.24,0.43
0.24,0.79,0.79
0.06,0.67,0.31
0.37,0.12,-0.43
0.06,-0.67,-0.49
-1.16,-0.98,-0.31
-3.54,-0.18,-0.31
-6.84,2.01,-0.98
-10.62,3.48,-1.71
-13.92,4.27,-2.69
-15.56,3.97,-3.48
-15.20,2.26,-3.97
-14.53,0.43,-3.72
-13.98,-0.98,-2.50
-13.24,-2.14,-0.85
-11.47,-3.17,0.49
-8.24,-7.02,2.81
-2.93,-17.33,6.65
1.53,-33.51,11.29
3.85,-51.82,16.91
4.15,-71.90,25.27
1.53,-85.39,34.36
3.85,-64.64,24.78
0.61,-39.31,10.25
9.09,-31.13,7.57
17.27,-25.39,8.42
33.51,-6.10,9.22
47.49,4.58,16.36
60.91,2.26,25.51
70.74,-10.31,30.33
73.55,-11.29,26.92
71.04,-15.69,27.83
63.17,-6.71,24.11
55.48,-1.28,21.18
48.71,2.14,11.90
43.95,-1.16,5.19
34.97,-6.04,11.05
20.26,-2.38,5.19
7.32,-3.23,-4.58
-2.14,-1.95,-3.23
-6.65,-4.09,-2.99
-13.06,-11.54,-4.64
-24.48,-18.19,-9.64
-38.27,-17.09,-18.07
-52.43,-3.48,-21.36
-64.64,18.98,-18.98
-75.20,45.59,-17.15
-82.52,70.98,-14.95
-83.31,82.70,-15.26
-74.22,76.17,-16.24
-59.33,54.08,-11.11
-43.03,22.77,1.10
-27.47,-9.03,20.08
-15.20,-33.39,43.58
-3.36,-46.26,64.70
14.89,-28.38,42.85
22.09,-4.39,9.09
44.86,1.46,22.58
67.69,-2.99,48.83
94.30,-2.62,50.48
116.52,-10.86,47.91
126.71,-18.13,43.52
116.15,-21.61,33.02
76.23,-25.27,20.26
38.09,-23.13,3.23
15.20,-4.64,-6.59
3.23,12.88,-7.39
-4.52,23.80,-7.20
-8.97,20.20,-10.62
-13.55,11.47,-20.75
-17.52,7.57,-46.08
-21.79,12.82,-71.72
-19.84,25.76,-88.32
-13.55,32.47,-98.57
-10.01,24.23,-102.66
-8.30,7.20,-100.34
-6.10,-10.74,-91.61
-2.26,-27.10,-71.41
-0.67,-40.59,-36.44
-4.52,-49.01,3.60
-11.29,-50.17,33.94
-10.56,-26.92,29.97
-4.58,-18.55,16.54
4.82,-19.78,19.23
7.63,-4.21,45.29
15.93,20.75,88.99
25.15,38.02,123.54
35.10,42.97,133.48
41.14,48.22,139.16
40.83,56.76,156.74
43.70,61.52,173.52
39.79,55.79,164.31
30.33,51.70,144.04
20.45,39.49,125.92
14.10,29.54,98.69
8.12,23.80,63.90
3.72,20.75,52.43
1.65,18.92,48.95
-2.14,20.63,33.26
-3.66,23.19,12.21
-2.26,24.78,-2.20
2.87,28.93,-33.75
7.39,31.68,-83.86
4.88,24.60,-129.70
2.14,10.80,-166.44
0.67,-9.64,-194.03
-0.31,-34.91,-206.12
2.01,-60.61,-193.79
9.77,-84.29,-156.01
19.78,-103.27,-102.54
25.76,-115.60,-50.29
23.80,-103.64,-15.56
2.38,-33.63,3.97
3.17,-17.94,-0.79
2.38,-28.56,-2.87
5.07,-24.35,1.04
11.72,-21.48,1.34
15.99,-20.51,17.33
21.91,-10.38,58.84
25.09,2.93,109.86
37.72,21.30,146.12
39.25,46.75,172.30
34.24,61.83,182.62
28.63,61.40,178.16
24.54,55.36,153.56















-,-,-
-12.33,2.87,-1.46
-10.86,3.11,-1.28
-8.67,1.59,-1.40
-7.08,-0.55,-1.77
-5.19,-1.89,-2.38
-2.62,-2.14,-1.89
0.55,-1.65,-0.61
3.11,0.12,0.18
4.39,1.46,0.67
2.87,2.01,1.16
0.98,2.08,0.85
0.24,1.22,1.10
0.18,-0.85,2.62
-0.31,-2.75,4.21
-0.24,-3.91,4.82
0.55,-4.82,4.76
1.77,-5.00,4.52
2.62,-4.58,4.76
2.14,-5.00,4.03
1.22,-3.17,2.08
1.10,-0.73,0.61
0.49,1.16,0.00
0.37,1.95,-0.31
0.55,2.20,-0.61
0.98,2.75,-0.31
1.59,2.75,0.43
1.77,2.44,0.92
1.89,1.95,0.37
2.32,1.65,-0.43
2.93,1.34,-0.67
2.44,0.61,-0.06
0.24,0.73,0.67
-3.30,0.55,1.16
-6.84,-0.06,2.01
-9.40,-1.71,4.64
-9.77,-8.30,9.22
-8.24,-22.34,14.65
-6.71,-31.98,17.52
-4.58,-20.94,6.53
-1.40,-16.91,0.67
2.93,-16.30,4.33
8.97,-8.79,7.45
21.97,1.04,7.08
34.30,4.09,9.58
46.39,-4.09,12.27
59.39,-8.36,14.47
75.01,-16.66,20.94
86.55,-13.98,27.65
95.40,-13.73,28.63
96.25,-17.64,29.91
85.08,-20.87,18.86
61.58,-20.81,3.36
34.48,-15.38,-2.62
14.16,-7.14,-3.23
3.54,-5.25,-3.66
-4.88,-4.94,-3.42
-12.94,-12.63,-3.91
-20.02,-18.19,-4.52
-25.57,-14.10,-6.23
-29.79,-4.46,-9.40
-34.06,12.15,-10.50
-36.80,24.41,-7.75
-41.63,32.29,-0.55
-49.26,44.01,5.86
-55.24,55.11,1.95
-57.25,61.46,-5.37
-59.33,61.71,-8.91
-59.20,58.04,-7.39
-54.14,49.74,-1.89
-44.19,32.41,9.09
-32.04,8.42,24.90
-18.19,-16.11,42.66
-2.69,-40.83,59.39
13.61,-40.83,51.27
17.58,-17.21,16.36
34.48,-6.65,10.31
47.79,0.49,24.54
68.48,0.85,33.75
91.92,3.11,39.43
108.34,-3.85,44.68
113.53,-6.96,39.79
100.34,-10.99,33.87
70.74,-13.06,21.48
43.58,-6.71,13.49
29.30,0.24,8.06
19.04,6.47,7.20
9.89,11.29,5.74
2.14,9.77,1.59
-5.19,4.76,-0.92
-11.41,0.43,-4.94
-15.99,-1.59,-15.87
-20.69,-2.32,-41.56
-25.33,1.83,-64.76
-27.89,12.15,-76.23
-24.84,21.67,-84.35
-19.17,22.77,-93.57
-14.65,13.92,-99.79
-11.84,0.67,-95.89
-8.42,-10.01,-76.66
-4.58,-16.85,-43.88
-0.98,-22.58,-11.78
2.44,-33.81,9.40
0.55,-49.93,21.85
-6.23,-52.19,23.86
-13.98,-28.69,9.95
-6.47,-23.01,5.55
3.05,-20.94,5.55
6.77,-10.99,6.71
9.28,4.76,22.40
15.44,22.64,57.01
23.19,33.69,95.34
30.88,49.87,135.13
37.78,56.15,154.11
38.45,54.63,151.92
33.57,51.09,142.27
30.21,43.88,133.12
20.87,32.10,111.39
11.84,23.44,88.44
6.47,12.88,64.21
3.48,8.18,44.43
0.37,10.13,35.71
-2.99,11.17,28.81
-4.09,9.77,8.79
-3.78,9.70,-2.99
-2.87,13.55,-9.46
-0.31,15.81,-25.94
4.94,13.37,-61.16
6.16,10.99,-101.07
3.42,11.78,-128.97
0.00,13.31,-137.02
-1.28,9.40,-129.52
2.14,-1.28,-114.87
10.56,-17.70,-100.83
17.70,-35.40,-89.29
13.85,-47.91,-78.61
4.27,-53.77,-69.15
-5.00,-55.73,-62.32
-8.06,-58.53,-58.17
-7.02,-65.00,-52.00
-7.39,-72.39,-35.34
-7.87,-72.14,-9.09
-6.41,-47.12,5.62
-2.62,-29.85,8.79
11.11,-24.29,6.16
12.27,-16.60,2.99
15.14,-4.21,12.51
19.04,8.24,40.65
25.82,22.83,83.80
31.74,38.33,121.77
37.11,48.52,153.38
38.39,56.15,175.29
42.97,55.48,179.93
36.87,50.42,178.10
29.48,41.02,164.49
22.22,28.56,144.29
16.11,19.53,120.12
10.56,13.73,90.15
7.45,6.35,72.94
7.14,4.33,68.54
2.87,4.76,56.64
3.85,6.16,46.75
2.38,5.00,38.09
1.77,4.76,26.31
-1.65,2.87,11.78
-2.38,2.38,2.32
-2.44,2.62,-0.24
-3.05,2.32,-1.71
-2.99,2.69,-3.05
-2.08,4.21,-2.93
-0.24,5.80,-1.77
0.79,6.65,0.24
1.22,6.53,2.01
1.71,6.16,3.48
2.08,5.43,4.39
2.56,4.09,4.27
3.11,3.11,3.72
2.87,2.62,2.26
2.44,2.62,0.24
3.11,3.72,-1.65
3.23,4.94,-3.23















-,-,-
2.50,-0.49,3.30
2.44,-0.67,2.38
2.75,0.06,1.10
2.26,0.79,-0.37
1.22,0.55,-1.71
0.37,0.31,-2.69
0.18,-0.31,-2.93
0.49,-0.73,-2.62
0.67,-1.10,-1.95
1.10,-0.67,-1.04
1.65,0.00,0.31
2.44,1.04,1.04
1.46,0.92,0.85
0.06,0.00,-0.24
-0.98,-0.79,-1.16
-1.28,-1.04,-1.46
-2.08,-1.71,-2.08
-2.62,-2.38,-2.87
-3.42,-3.11,-2.87
-3.05,-3.05,-2.44
-2.20,-1.65,-1.53
0.37,0.98,-0.24
3.11,3.72,1.65
4.70,5.43,2.99
4.09,4.76,3.30
2.01,2.69,2.56
0.00,0.73,1.53
-0.43,0.12,0.37
0.31,0.79,-0.06
1.65,2.69,-0.18
4.52,5.74,-0.18
9.52,9.46,0.37
13.73,11.66,2.69
17.94,10.38,5.37
21.12,-3.11,12.45
25.33,-11.47,15.14
30.09,2.99,10.93
41.50,1.10,17.82
57.13,-1.10,24.84
72.57,-9.58,29.36
85.21,-13.55,25.82
86.24,-16.97,26.00
71.84,-11.47,22.28
48.46,0.55,11.78
28.81,1.10,5.13
15.56,-2.32,5.74
4.03,2.20,2.87
-4.52,2.08,-2.38
-10.86,-3.36,-3.23
-15.01,-5.13,-3.91
-16.17,-2.01,-5.07
-17.40,3.66,-6.84
-20.02,10.25,-9.77
-22.34,17.21,-12.88
-25.33,21.55,-15.69
-34.85,26.86,-8.91
-48.10,35.10,-0.18
-58.90,42.24,-2.93
-66.71,47.91,-10.86
-71.41,47.42,-12.39
-73.36,43.09,-5.62
-70.98,37.54,5.19
-64.03,29.54,17.70
-49.74,15.69,31.43
-30.03,-3.78,47.49
-8.36,-22.95,59.33
16.30,-18.62,30.82
25.02,-5.86,6.23
48.65,6.96,16.42
66.83,2.50,42.48
85.82,-1.89,43.70
106.45,-16.72,40.04
121.15,-21.48,37.29
121.46,-16.30,29.30
92.77,-15.32,23.32
57.01,-8.91,8.36
34.55,0.00,3.05
24.05,2.08,8.85
15.14,5.49,4.52
4.09,2.93,1.95
-5.49,0.92,1.16
-13.67,-2.20,-1.53
-19.59,-0.43,-7.39
-23.99,7.51,-16.54
-25.94,15.14,-40.59
-25.63,21.85,-71.29
-24.48,28.08,-92.90
-22.34,28.26,-110.35
-19.71,19.96,-125.06
-16.72,7.93,-129.09
-13.06,-5.07,-118.59
-9.83,-18.62,-92.83
-9.34,-31.86,-56.46
-9.03,-44.86,-20.51
-4.33,-58.04,9.28
4.33,-73.67,36.74
6.16,-65.12,46.57
-5.68,-34.61,29.79
1.28,-32.04,9.40
4.33,-23.07,2.69
10.74,-0.67,16.42
14.34,17.70,56.70
20.94,32.41,100.77
27.47,46.57,125.85
29.60,55.91,144.71
30.46,56.82,156.80
28.63,57.56,157.41
30.64,49.62,155.58
24.84,36.80,139.71
18.74,28.38,114.01
13.31,24.17,85.21
9.46,19.04,64.09
5.07,11.84,53.77
1.28,10.99,42.30
-1.95,11.90,29.66
-1.59,12.33,5.68
1.40,13.92,-3.11
2.26,13.79,-13.31
2.44,4.27,-48.58
0.98,-4.46,-101.93
-2.56,-3.11,-143.37
-7.26,4.09,-158.14
-7.87,4.39,-153.26
-3.78,-2.99,-139.77
2.81,-15.08,-126.34
11.47,-29.42,-112.92
22.22,-44.56,-97.47
33.75,-61.89,-80.38
32.17,-78.49,-57.19
14.47,-87.10,-23.99
-0.79,-78.25,9.34
-10.44,-43.03,25.27
-2.56,-31.98,17.40
8.36,-35.16,6.65
8.79,-26.73,5.62
13.92,-4.76,34.18
20.69,18.37,86.12
31.56,47.42,138.24
42.66,56.46,172.79
42.05,57.07,165.59
36.62,55.30,163.09
29.66,50.11,169.86
24.48,48.95,161.32
21.30,32.78,140.81
18.55,16.97,108.46
11.72,8.85,74.65
4.46,0.85,52.55
2.81,-3.91,50.35
-0.55,2.56,39.61
-0.31,4.27,17.09
2.75,9.22,7.20
2.99,13.31,4.70
1.95,13.24,3.97
0.06,11.96,1.34
-3.97,11.41,-2.81
-7.26,11.66,-7.02
-8.30,13.06,-12.63
-8.12,14.83,-22.95
-7.26,18.37,-29.60
-6.23,29.05,-30.82
-4.94,45.59,-37.60
-3.66,60.36,-51.39
-1.22,71.23,-68.36
3.30,78.06,-83.50
8.18,80.26,-94.30
13.37,80.51,-98.82
16.05,81.18,-93.32
15.75,82.58,-78.49
15.38,84.59,-61.65
16.48,84.29,-49.13
18.07,78.12,-41.63
18.13,66.65,-38.21
15.63,51.21,-35.83
12.27,33.14,-32.41
10.44,5.92,-25.45
12.45,-29.36,-15.14
7.93,-51.51,-4.94
1.40,-62.19,5.55
-2.81,-63.11,13.92
-5.19,-56.40,19.47















-,-,-
0.06,-13.49,12.27
0.43,-14.34,12.70
0.98,-15.08,13.06
1.89,-15.69,12.88
4.03,-16.48,12.15
6.71,-15.93,8.48
6.77,-10.50,3.05
9.34,-8.24,2.81
10.99,-7.39,3.97
10.01,-4.94,3.05
5.00,-4.88,2.20
0.85,-7.32,-0.37
0.73,-8.00,-0.73
2.08,-7.39,0.55
3.85,-6.59,1.59
5.49,-6.04,2.38
6.77,-5.55,3.36
7.63,-5.25,4.03
7.63,-4.94,4.27
6.23,-5.62,3.78
4.15,-6.96,2.44
2.81,-7.57,1.65
2.08,-7.81,1.16
1.89,-8.06,0.79
1.95,-8.48,0.85
2.26,-8.73,1.28
3.36,-8.67,2.14
5.86,-8.30,3.42
9.70,-7.20,5.37
14.04,-6.53,6.96
19.29,-5.80,7.51
24.60,-8.30,8.24
30.58,-13.37,8.73
38.39,-12.33,7.81
51.64,-12.45,14.22
69.76,-15.81,22.95
88.01,-14.59,31.62
106.38,-24.60,35.46
109.92,-31.92,25.15
100.95,-32.59,21.67
80.14,-28.99,14.10
52.73,-21.24,3.85
31.01,-12.70,4.21
16.78,0.06,4.09
7.14,-1.71,3.72
1.53,-9.34,1.65
-1.34,-13.31,1.40
-3.30,-13.55,0.31
-9.09,-12.21,-3.60
-17.70,-10.74,-9.03
-26.18,-7.69,-14.59
-34.55,-2.93,-18.80
-41.32,6.59,-22.89
-48.71,19.47,-24.17
-55.54,33.45,-12.33
-63.29,49.13,-2.62
-66.65,60.06,-4.03
-65.25,60.00,-7.32
-63.42,51.51,-4.88
-59.45,37.90,4.27
-50.05,20.45,18.55
-35.95,-1.59,34.91
-20.02,-21.18,44.92
-11.35,-22.28,21.24
-2.38,-14.22,3.30
18.37,-4.58,7.93
35.03,12.45,16.42
52.61,19.71,25.57
71.23,15.93,35.58
92.65,4.33,43.52
114.81,-11.78,52.12
125.61,-10.93,47.91
119.26,-24.17,31.07
93.02,-19.47,11.72
57.01,-15.99,3.91
32.84,-12.08,-1.34
16.24,-5.86,-2.69
4.58,5.62,-5.00
-1.95,14.34,-5.00
-5.07,15.50,-3.36
-10.74,10.68,-7.08
-19.65,6.65,-16.78
-30.09,4.46,-41.02
-39.12,6.59,-71.47
-48.40,14.77,-91.06
-47.61,21.30,-102.84
-33.08,12.94,-107.97
-18.13,-7.39,-105.59
-6.10,-22.64,-92.59
0.24,-27.04,-65.61
3.54,-31.37,-30.58
10.44,-38.45,2.50
22.34,-35.58,24.54
15.87,-9.83,28.63
15.01,-9.09,21.48
11.05,-18.43,5.37
6.47,-15.93,7.93
7.69,-5.43,40.41
11.78,14.47,93.69
21.12,38.76,139.71
33.81,53.71,161.25
43.03,57.25,174.87
49.44,57.80,182.92
41.75,54.02,174.74
34.42,42.36,150.88
23.62,27.47,118.71
12.94,18.37,91.25
3.60,15.01,62.01
-2.44,7.20,32.78
-6.47,5.31,23.07
-6.65,9.52,8.24
-3.97,11.54,-5.31
-2.56,12.63,-15.14
-2.75,12.63,-32.78
-3.85,11.41,-70.56
-5.49,13.49,-112.55
-7.32,14.95,-146.85
-7.51,9.83,-174.62
-5.92,-1.22,-193.85
-3.23,-14.65,-195.62
1.95,-28.14,-173.22
9.89,-40.04,-131.35
18.80,-53.65,-83.31
24.54,-70.37,-42.72
26.31,-88.26,-15.56
23.01,-101.38,2.99
4.70,-71.41,16.78
-10.50,-44.92,17.46
5.31,-43.88,5.86
15.14,-29.91,18.25
25.57,-0.92,68.42
32.10,25.51,139.10
48.58,44.31,171.81
58.53,60.85,181.82
53.53,74.04,206.54
47.79,78.49,237.79
40.65,68.97,234.62
32.10,47.79,195.31
24.96,26.18,142.70
17.58,3.48,99.30
9.70,-9.09,72.51
-2.08,-11.11,46.33
-3.36,-8.36,24.17
-2.75,-4.64,12.51
-4.76,1.77,0.49
-5.98,5.86,-13.49
-7.57,12.57,-20.69
-13.61,20.39,-36.44
-14.77,29.54,-66.10
-17.70,42.72,-80.75
-22.89,63.29,-84.35
-25.51,85.08,-88.32
-25.33,102.54,-93.32
-26.49,112.37,-98.69
-28.75,112.30,-105.29
-32.41,104.86,-115.42
-38.39,93.20,-127.44
-46.51,79.77,-141.42
-53.47,65.61,-159.48
-62.56,49.26,-181.95
-75.99,30.76,-209.11
-90.52,10.93,-239.69
-100.89,-10.80,-269.17
-116.39,-31.01,-292.11
-140.01,-46.94,-309.14
-124.15,-67.38,-314.15
-108.22,-85.88,-300.84
-116.46,-104.74,-279.97
-131.10,-127.81,-264.83
-142.70,-152.59,-245.48
-158.75,-173.16,-227.17
-153.44,-194.34,-207.58
-161.07,-212.46,-193.66
-190.67,-231.32,-179.69
-224.67,-247.25,-157.35
-236.51,-253.85,-133.54
-254.94,-252.75,-115.72
-273.68,-253.11,-105.10
-237.43,-247.74,-81.42
-178.22,-231.93,-46.45















-,-,-
-2.75,1.71,1.10
-2.93,1.22,0.67
-3.17,0.55,0.24
-3.36,-0.12,0.31
-3.54,-0.79,0.55
-2.38,-1.53,1.10
-1.46,-2.14,1.46
-0.61,-2.26,1.22
-0.37,-2.01,0.73
-0.43,-1.34,0.85
0.12,-0.24,1.28
1.53,1.04,1.71
2.62,1.77,2.01
2.93,2.26,2.14
2.62,1.89,1.95
2.26,1.22,1.71
1.89,0.55,1.89
1.77,0.12,1.95
1.83,-0.49,1.83
1.65,-0.55,1.59
1.59,-0.37,1.95
1.77,0.18,2.69
1.89,0.31,3.30
2.50,-0.18,3.23
2.20,-1.10,3.60
1.95,-3.66,4.33
0.49,-5.62,4.70
-1.22,-6.41,4.88
-2.26,-7.63,5.13
-2.81,-9.34,3.42
-1.04,-11.54,1.83
0.55,-12.39,1.22
3.17,-11.54,1.34
7.20,-10.99,2.44
10.99,-11.47,4.27
15.01,-12.51,6.71
20.51,-17.21,8.97
29.24,-23.62,12.39
36.80,-23.25,15.32
46.81,-23.74,19.17
54.63,-13.67,22.03
64.82,-15.44,26.06
62.62,-16.78,25.51
46.94,-16.66,21.12
30.76,-16.24,18.01
15.01,-8.54,15.08
6.41,-3.66,10.56
-0.67,0.24,5.55
-3.66,-2.75,2.56
-4.21,-4.82,1.71
-4.15,-3.60,1.10
-4.33,-0.98,0.31
-4.76,2.99,-0.49
-6.10,7.08,-1.83
-6.65,10.31,-2.99
-5.13,12.21,-3.91
-8.36,12.70,-6.53
-11.96,12.08,-9.95
-16.11,12.27,-12.82
-20.32,16.60,-17.27
-20.57,21.91,-14.47
-18.86,28.20,-4.64
-18.19,32.23,1.83
-16.30,33.33,-0.18
-15.93,33.02,-4.39
-16.91,32.04,-6.35
-17.64,31.25,-4.70
-19.29,29.42,-0.55
-21.85,26.43,4.03
-23.38,20.81,7.63
-23.13,13.06,9.52
-21.18,3.60,10.74
-18.49,-6.41,13.31
-15.20,-17.21,17.64
-10.19,-29.60,22.40
-2.20,-45.23,26.98
2.93,-46.94,19.10
9.40,-25.57,1.04
24.54,-20.57,-0.61
29.30,-14.47,8.30
34.73,-5.43,17.58
46.51,-2.08,21.24
58.78,-11.41,18.68
70.56,-16.36,18.62
78.80,-18.01,15.38
85.63,-11.78,13.12
78.25,-8.85,14.53
52.86,-3.17,10.07
29.97,-4.15,2.20
10.31,-3.60,0.55
-4.21,-2.32,-1.04
-14.89,-7.51,-4.76
-21.48,-10.13,-6.90
-21.61,-6.77,-5.80
-18.25,1.04,-4.27
-15.20,12.82,-3.36
-14.53,22.95,-1.95
-15.69,28.93,-2.87
-11.72,31.13,-6.59
-8.97,32.78,-15.75
-7.63,36.44,-30.33
-6.10,39.37,-40.77
-5.62,41.75,-46.20
-4.27,42.48,-46.81
-2.69,38.64,-43.03
-1.28,29.30,-37.05
-1.77,17.40,-30.94
-3.97,5.49,-25.88
-5.92,-5.13,-22.58
-6.59,-16.30,-21.12
-5.55,-30.27,-18.62
-5.74,-43.95,-13.12
-5.31,-53.16,-4.94
-4.21,-58.17,5.37
-3.91,-58.84,14.77
-8.06,-32.84,7.32
-1.04,-19.29,-0.12
1.59,-19.78,-2.32
-4.15,-10.93,3.30
2.50,0.24,16.17
16.17,4.27,39.67
22.71,13.24,65.80
27.65,21.67,88.93
29.17,24.60,100.52
28.38,25.27,101.56
24.29,18.55,97.60
15.08,19.10,81.12
15.69,12.94,66.65
14.71,4.39,52.67
9.40,10.25,24.84
4.94,12.21,6.23
2.14,10.19,3.72
3.23,10.13,4.15
3.66,9.83,3.48
1.65,9.34,-1.34
-4.94,7.81,-18.31
-13.24,1.89,-47.97
-15.63,-6.47,-67.93
-14.16,-5.92,-69.27
-11.23,5.07,-57.43
-7.57,18.68,-45.53
-2.26,24.84,-42.66
2.08,23.44,-47.91
5.80,16.78,-54.87
6.77,7.57,-57.80
6.96,-2.01,-56.03
5.98,-11.90,-51.94
2.87,-23.13,-44.92
0.00,-35.52,-32.35
-0.73,-45.41,-16.11
0.98,-51.88,2.01
0.06,-55.05,17.46
-5.49,-40.77,12.33
0.00,-26.49,-1.71
8.91,-27.65,-4.58
5.62,-20.26,3.66
10.19,-7.02,20.94
21.42,-0.31,41.63
31.92,8.91,66.96
35.58,19.59,84.96
45.04,23.56,109.50
47.79,26.86,124.39
46.88,27.40,124.69
37.23,21.85,113.46
25.76,18.07,88.38
21.12,14.89,68.48
14.40,8.79,54.99
6.16,0.98,25.45
7.08,-3.97,19.53
1.77,-1.59,18.01
0.73,2.32,8.97
1.59,4.58,3.91
1.04,6.53,4.09
-1.04,8.67,2.44
-4.39,11.35,-3.72
-9.95,15.38,-15.93
-17.76,19.96,-29.05
-22.03,20.63,-32.41
-23.68,27.16,-27.53















 
-,-,-
1.40,-3.17,-0.12
1.40,-2.87,-0.43
1.16,-2.50,-0.31
1.59,-2.08,-0.12
2.69,-1.71,0.00
3.48,-1.53,0.43
4.15,-1.89,1.10
4.15,-3.05,1.16
3.48,-4.27,0.92
3.48,-5.00,0.55
3.11,-5.19,0.61
2.38,-4.94,0.73
2.38,-4.39,0.67
2.32,-3.60,0.61
1.83,-2.56,1.04
2.81,-1.46,1.28
3.23,-0.43,1.53
3.42,0.43,1.77
3.78,1.04,1.59
3.54,0.92,1.59
3.17,0.24,1.16
2.93,-0.55,0.37
2.38,-1.16,0.06
1.77,-1.34,0.00
1.77,-1.16,0.31
1.83,-0.79,0.67
2.08,-0.18,1.34
2.93,0.49,1.95
3.54,0.73,2.14
4.64,0.67,2.14
6.16,0.18,2.50
8.06,0.00,3.17
8.54,-0.67,4.15
7.51,-2.08,4.94
7.75,-5.37,6.71
12.45,-15.50,13.85
19.10,-21.55,21.30
25.15,-11.54,21.79
37.60,-4.39,25.21
52.55,-7.51,32.59
64.21,-3.30,34.55
72.02,-4.33,29.11
66.71,-9.46,20.75
50.23,-9.58,14.28
26.92,-4.76,7.75
8.97,-0.85,2.08
-1.34,-2.26,-0.31
-6.35,-5.98,-1.53
-8.85,-10.13,-3.54
-10.68,-10.25,-5.00
-14.65,-7.08,-6.35
-17.82,0.31,-7.20
-20.75,13.79,-6.29
-22.95,26.00,-3.72
-24.78,30.33,-4.64
-23.13,31.92,-5.19
-22.40,28.69,-4.58
-22.40,26.37,0.67
-23.44,24.35,5.86
-25.63,24.29,6.16
-26.18,23.32,2.75
-24.90,20.75,-1.46
-27.83,18.68,-3.72
-28.08,17.33,-3.42
-25.27,13.92,-1.34
-22.03,6.71,1.71
-18.68,-2.50,5.37
-15.20,-12.27,8.91
-11.41,-20.87,11.78
-7.20,-16.60,5.68
-0.73,-13.79,0.12
4.21,-15.63,0.31
6.90,-11.47,5.07
15.20,-5.80,13.67
27.83,-2.93,21.24
42.18,-5.49,27.04
55.05,-14.83,27.59
62.99,-14.65,18.92
72.27,-17.03,13.06
68.05,-10.62,10.31
55.54,-6.10,9.16
36.80,-1.53,10.80
18.31,-1.71,5.49
5.19,-4.39,1.22
-5.92,-2.75,-1.83
-12.51,-5.86,-4.70
-15.99,-6.71,-6.59
-17.64,-2.01,-7.08
-16.85,7.69,-6.77
-14.04,18.62,-5.00
-11.17,25.09,-4.64
-6.35,23.99,-6.10
-4.52,21.67,-14.65
-3.05,20.69,-29.54
-0.37,19.17,-40.22
-0.43,16.78,-44.31
-0.79,13.31,-42.18
-0.43,9.09,-36.07
-1.22,3.48,-29.17
-1.95,-2.99,-22.22
-0.67,-11.54,-15.14
2.14,-23.50,-7.32
2.26,-36.32,-0.67
2.14,-45.35,4.64
-0.24,-29.17,0.18
1.46,-16.60,-1.46
6.53,-20.57,1.28
-1.40,-15.38,2.14
-4.82,-8.12,2.56
-5.68,-4.09,3.30
-3.23,-2.81,7.87
6.23,-1.28,28.87
12.33,6.23,52.43
18.19,16.05,71.72
23.86,16.91,88.13
23.62,14.89,82.21
25.88,13.06,73.43
19.84,12.15,63.72
18.49,13.49,56.21
14.77,12.08,52.12
8.91,9.89,28.81
8.36,6.04,26.67
-1.34,7.39,14.71
-3.36,6.41,3.78
-5.43,5.43,1.16
-7.02,6.35,-0.37
-8.91,8.85,-3.11
-12.63,13.37,-14.53
-14.89,17.46,-34.36
-14.77,12.70,-49.93
-13.06,7.02,-54.38
-9.40,8.85,-52.19
-4.58,13.73,-46.26
-2.87,15.87,-41.38
-0.85,14.34,-40.89
1.89,9.46,-43.70
3.97,2.81,-47.24
6.47,-4.58,-48.71
9.28,-13.24,-46.26
8.85,-23.01,-39.12
5.55,-32.23,-29.91
2.69,-39.06,-20.14
1.22,-44.56,-6.29
-0.79,-46.14,7.69
-5.55,-27.22,5.49
2.81,-21.97,0.79
5.25,-21.61,-1.34
4.88,-14.59,0.18
6.59,-6.16,2.01
9.58,-2.26,8.12
14.89,-1.59,28.75
22.52,1.95,53.59
26.06,8.00,67.99
27.89,12.76,74.28
26.92,14.40,79.96
26.49,15.01,85.69
28.38,17.94,81.97
35.58,15.26,68.79
28.08,10.19,55.48
18.74,9.03,38.94
14.95,7.32,32.71
9.64,6.65,29.17
7.45,5.92,21.18
5.68,5.43,20.81
0.37,4.88,1.34
4.46,3.17,-3.97
3.48,3.48,0.43
4.03,4.58,2.50
5.43,5.31,2.38
5.13,5.68,2.01
2.44,7.08,1.59
-0.55,9.58,0.67
-2.08,10.68,0.31
-5.49,12.70,-2.75
-9.70,16.78,-9.03
-12.21,18.80,-15.44
-13.49,17.76,-18.68
-13.85,21.61,-21.30
-12.63,31.25,-23.25
-9.95,43.21,-23.99















 
-,-,-
2.01,-0.98,1.71
1.59,-1.10,1.71
1.77,-0.73,2.01
2.69,0.12,2.75
3.48,0.79,2.87
2.99,0.85,2.69
2.38,0.61,1.71
1.71,0.49,1.10
1.59,0.61,0.79
1.65,0.98,0.79
2.08,1.28,1.28
2.32,1.46,1.83
2.56,1.77,2.26
3.72,2.44,2.87
3.91,2.87,3.85
2.38,1.83,3.60
0.92,0.55,2.32
-0.06,-0.24,1.65
0.00,-0.49,1.46
0.67,-0.31,1.34
1.53,0.12,1.46
1.89,0.79,1.22
1.83,1.04,0.79
1.28,0.79,0.49
1.16,0.61,0.24
1.34,0.55,0.37
1.65,0.43,0.85
2.44,0.85,1.53
3.36,1.46,2.14
4.33,2.26,2.99
5.25,3.42,4.15
6.84,3.54,5.80
9.40,1.53,7.32
10.07,4.76,9.40
13.61,-1.40,11.90
22.77,-20.57,14.28
31.37,-9.34,15.26
39.55,-1.65,19.84
52.25,-11.96,22.95
60.91,-13.31,23.01
51.21,-5.80,20.75
28.38,-3.60,14.34
8.73,-2.32,5.13
-4.27,0.06,-0.85
-9.52,0.61,-3.66
-10.68,-3.54,-4.09
-9.70,-5.37,-4.33
-9.46,-3.36,-4.46
-11.17,0.79,-4.39
-14.95,6.90,-5.80
-19.65,15.44,-8.30
-23.13,28.38,-11.17
-23.01,35.89,-6.77
-24.41,34.91,2.08
-26.18,33.08,9.22
-27.59,29.79,11.35
-30.27,26.49,7.32
-31.37,23.80,0.98
-30.03,21.18,-2.44
-29.97,17.58,-0.79
-30.27,12.76,4.21
-26.49,6.59,9.40
-20.20,-1.34,14.53
-14.34,-9.83,17.40
-8.18,-7.26,7.81
3.11,-6.35,0.79
11.90,-7.08,4.52
20.69,-2.69,13.49
34.36,-2.50,25.51
46.26,-2.26,33.20
53.59,-6.41,31.62
61.71,-10.31,27.65
68.66,-16.60,25.15
65.49,-12.70,25.33
49.26,-3.42,25.51
36.56,0.37,18.49
30.03,-2.62,13.06
23.32,-1.46,10.31
12.70,-0.06,5.00
3.97,-0.61,0.24
-2.38,-1.89,-1.34
-5.55,-1.10,-1.65
-8.36,1.34,-2.99
-11.54,5.74,-4.70
-14.59,12.45,-7.51
-16.48,20.39,-11.84
-16.05,24.90,-16.11
-12.51,24.96,-23.07
-8.67,22.77,-28.75
-5.74,21.06,-35.10
-2.38,19.10,-41.26
0.31,14.83,-44.56
2.69,9.09,-43.95
2.44,2.50,-40.10
0.37,-2.99,-34.06
-1.22,-8.36,-26.49
-1.95,-15.56,-17.82
-2.08,-23.99,-8.85
-1.22,-32.35,-3.78
0.37,-39.00,-1.77
0.55,-25.63,-4.33
-1.71,-10.31,-7.02
4.39,-11.11,-2.20
1.71,-9.16,6.35
0.79,-2.75,6.96
-1.10,-0.73,5.25
-2.38,-0.61,8.97
4.88,-1.53,27.89
12.76,3.72,56.76
19.10,14.47,79.65
27.28,20.63,95.46
32.96,19.17,103.52
34.48,25.76,100.16
33.75,27.77,88.32
33.02,19.23,82.15
24.23,18.62,68.48
15.81,17.33,41.14
13.49,12.15,25.02
5.98,7.57,24.41
1.40,11.60,9.77
-2.08,11.17,2.38
-5.98,10.80,-1.77
-10.68,13.49,-10.68
-17.21,16.66,-32.04
-18.74,10.68,-61.52
-17.21,3.85,-80.57
-13.55,8.42,-80.93
-10.31,17.82,-69.09
-5.49,22.52,-57.07
0.06,19.59,-51.09
5.07,11.35,-49.56
8.42,0.79,-49.56
12.88,-9.83,-49.56
18.68,-22.34,-46.33
19.10,-37.17,-36.56
9.70,-48.58,-20.51
0.37,-52.80,-3.85
-4.09,-51.03,11.11
-6.65,-37.54,13.55
-6.23,-20.08,3.66
4.70,-19.96,2.81
7.08,-19.41,10.07
16.05,-9.22,24.11
24.48,0.55,49.13
28.14,8.42,71.17
36.25,13.00,89.48
39.55,21.00,99.49
40.22,25.09,104.86
33.94,24.48,95.89
27.77,23.50,89.78
18.13,23.25,77.15
11.90,18.37,57.01
10.74,5.98,35.71
7.69,5.31,25.02
1.59,3.48,11.84
1.22,-1.28,2.38
1.53,-1.40,0.37
0.18,0.00,0.18
-0.18,2.26,-0.12
0.18,4.58,-0.49
-0.31,6.29,-0.55
-0.73,7.57,-0.24
-0.06,8.67,0.49
0.06,9.52,1.16
-0.85,9.83,1.16
-2.38,10.07,-0.61
-4.15,11.96,-5.37
-5.86,11.84,-14.47
-8.12,12.02,-23.93
-8.24,12.88,-27.28
-6.23,16.11,-21.30
-5.19,24.23,-11.84
-3.11,36.07,-7.39
-0.24,43.64,-8.36
2.32,45.84,-12.39
5.43,45.84,-16.54
8.12,45.59,-18.55
10.38,44.43,-19.17
12.94,43.27,-19.04
13.18,43.58,-16.17















 
-,-,-
-1.40,-0.18,0.55
-0.06,-0.43,0.00
1.34,-0.37,-0.24
2.01,0.67,-0.31
2.38,1.83,-0.06
2.20,2.50,0.37
1.53,2.50,0.61
1.34,2.32,0.31
1.34,1.77,0.18
1.22,0.98,0.67
0.24,0.31,1.46
-0.67,0.24,2.08
-1.46,0.06,2.56
-2.08,-0.43,2.56
-1.77,-1.10,2.50
-1.40,-1.65,2.44
-0.43,-1.83,2.20
0.49,-1.16,1.89
0.79,-0.55,1.95
1.04,-0.49,2.44
1.46,-1.89,3.17
2.08,-2.69,2.26
5.37,-4.94,0.92
7.14,-8.97,0.31
5.74,-9.34,0.18
3.85,-9.34,-0.79
2.44,-8.91,-2.44
2.14,-8.85,-1.34
2.93,-7.08,2.14
8.00,-3.23,7.14
20.26,-4.76,14.95
31.86,-7.57,22.46
50.17,-11.47,31.62
65.86,-13.43,37.84
77.03,-12.39,35.03
77.09,-13.61,26.55
60.00,-12.82,20.32
36.93,-6.77,15.08
18.98,-0.55,10.44
6.96,0.49,6.53
0.61,-2.75,3.23
-2.20,-7.63,1.10
-3.85,-9.40,-1.22
-7.02,-5.55,-3.54
-10.62,0.98,-6.35
-13.06,5.98,-9.52
-17.09,14.04,-15.01
-19.41,21.00,-17.64
-21.67,21.18,-12.02
-24.90,22.09,-7.08
-29.05,22.83,-5.55
-34.61,23.19,-7.45
-38.09,24.90,-10.50
-39.12,27.95,-11.60
-38.15,29.17,-9.52
-35.46,24.60,-5.49
-31.13,14.47,-1.04
-25.02,2.08,5.31
-19.53,-8.85,12.76
-14.40,-19.96,20.26
-7.87,-35.03,26.79
-1.28,-36.44,21.48
0.24,-18.86,6.35
12.76,-18.62,1.77
15.69,-13.06,7.75
17.88,0.98,19.23
30.15,10.93,23.50
42.18,3.85,28.20
55.36,-4.76,32.59
68.97,-8.30,29.60
70.07,-0.98,29.79
57.13,-1.83,27.83
40.34,-5.37,18.86
29.54,-4.09,10.07
22.58,-2.81,8.42
19.59,-6.59,5.62
14.22,-5.62,4.21
7.93,-8.24,2.32
1.89,-8.48,-1.59
-1.89,-7.14,-3.54
-4.82,-3.42,-3.66
-6.96,2.20,-4.21
-9.03,8.24,-4.88
-10.25,13.43,-5.74
-10.50,17.21,-6.41
-9.95,20.20,-8.61
-7.02,20.26,-9.09
-5.37,21.18,-12.70
-5.86,28.08,-22.77
-6.04,31.31,-33.45
-4.03,29.30,-39.79
-2.08,24.78,-42.18
-1.16,19.47,-42.91
-1.59,13.73,-42.54
-1.46,7.87,-41.08
-0.85,1.34,-36.68
-0.55,-5.00,-28.81
-1.40,-10.74,-21.12
-1.95,-16.91,-15.32
-1.10,-24.66,-9.58
0.61,-32.84,-3.91
2.69,-40.59,3.11
7.02,-47.79,11.41
7.51,-39.79,13.61
-0.18,-15.81,7.02
3.36,-16.11,0.98
-0.92,-15.63,3.05
-0.12,-5.98,10.74
5.43,-2.20,26.98
11.29,1.10,52.98
20.81,10.99,77.88
29.79,18.86,96.07
34.24,20.63,107.54
33.20,23.25,101.81
28.14,23.07,90.09
25.82,18.43,78.25
19.35,16.72,67.50
16.36,14.89,49.32
9.83,6.77,35.28
4.33,4.21,11.11
1.53,2.99,0.49
-0.79,3.36,-0.55
-1.53,5.07,-0.37
-1.83,8.79,-2.26
-2.14,13.79,-8.06
-6.53,17.40,-21.73
-12.94,15.50,-42.11
-14.10,8.42,-49.50
-12.76,6.77,-44.56
-10.25,16.42,-39.43
-7.39,25.57,-39.73
-3.91,25.76,-44.25
-0.61,20.57,-50.05
1.16,13.06,-54.93
3.30,2.69,-56.21
6.59,-10.50,-51.51
13.24,-25.76,-42.36
19.29,-40.28,-29.91
16.66,-52.12,-14.04
7.69,-59.94,1.89
-0.24,-50.48,12.15
-8.79,-25.27,9.16
0.31,-21.06,4.33
0.55,-20.08,7.26
8.36,-8.54,21.48
19.47,2.93,48.58
29.36,10.44,80.08
41.69,14.71,100.95
42.79,17.70,102.36
43.82,19.65,106.57
33.87,22.58,102.48
25.63,14.04,83.68
19.29,7.69,65.61
15.99,-0.06,48.34
12.57,1.53,38.70
8.85,4.33,26.31
3.66,1.71,12.39
2.50,1.59,0.37
0.92,2.56,-1.95
-1.53,4.21,-0.67
-2.14,7.02,-1.65
-3.17,9.16,-3.05
-3.78,10.86,-3.66
-4.76,12.70,-3.60
-6.65,15.26,-3.72
-8.12,17.27,-4.09
-9.58,19.35,-3.30
-10.01,23.50,-5.00
-9.09,30.64,-9.64
-8.48,41.99,-15.75
-6.96,54.14,-23.99
-4.27,64.15,-32.35
-0.61,70.37,-36.93
0.79,73.73,-34.55
1.89,75.74,-26.31
2.81,77.03,-15.99
4.03,77.45,-8.61
4.76,76.48,-6.16
4.21,74.34,-5.55
1.46,70.50,-5.62















 
-,-,-
2.56,-6.16,2.26
3.60,-5.19,2.99
3.30,-3.85,3.23
3.36,-2.99,2.69
0.43,-2.56,2.62
-3.66,-2.75,2.50
-5.62,-4.27,2.99
-5.62,-6.16,3.30
-3.97,-7.87,3.30
-2.20,-9.28,3.11
-0.92,-10.74,2.38
0.18,-11.05,1.77
1.10,-10.19,2.01
2.75,-8.67,2.14
4.09,-7.39,1.95
5.13,-6.47,1.22
5.25,-5.80,0.24
4.70,-5.19,-0.73
4.46,-4.64,-1.16
4.27,-4.27,-1.71
4.03,-3.85,-1.53
4.52,-3.66,-1.16
5.00,-3.48,-0.61
5.98,-3.66,0.24
6.29,-3.85,0.73
6.47,-3.85,1.04
6.71,-3.66,1.46
6.59,-2.99,1.83
6.53,-2.01,2.01
6.04,-0.98,2.20
5.19,-0.24,2.44
5.07,0.73,2.38
5.86,1.89,2.93
6.71,2.75,3.30
8.36,2.81,3.11
11.54,1.34,2.69
17.58,-6.35,2.50
23.62,-17.82,3.36
26.55,-9.16,1.95
32.04,-11.23,0.37
33.51,-9.70,1.95
37.41,-11.78,4.27
37.54,-14.16,4.70
35.10,-5.49,7.51
28.26,-8.67,9.03
20.08,-9.46,6.96
10.13,-5.68,3.36
1.71,-4.39,3.78
-5.19,0.55,0.85
-7.57,-2.93,-0.98
-8.18,-5.19,-2.20
-8.48,-4.46,-2.75
-9.77,-2.56,-3.48
-13.18,-0.98,-5.31
-18.37,0.85,-8.61
-22.89,4.09,-11.90
-26.37,10.13,-14.53
-28.99,20.20,-14.59
-27.65,28.87,-2.44
-28.56,31.25,13.55
-29.66,30.03,15.38
-26.73,26.55,6.71
-26.00,21.30,-2.26
-27.04,17.33,-3.78
-28.26,14.10,-0.18
-27.59,8.54,5.49
-23.56,0.37,11.29
-17.46,-9.40,16.97
-10.31,-12.21,14.59
-3.78,-8.00,4.82
6.23,-8.61,1.22
12.70,-6.41,5.55
19.65,0.73,13.00
31.07,2.44,19.47
40.10,-2.75,24.17
49.80,-3.23,25.51
60.30,-5.49,27.28
64.33,-9.64,25.76
57.43,-3.54,20.87
47.49,-5.07,19.35
37.48,-2.32,16.72
30.58,-1.04,13.73
21.79,0.06,10.50
11.60,-2.50,6.41
1.89,-1.46,0.79
-3.97,-1.10,-0.85
-7.69,-1.71,-1.04
-9.46,-0.49,-1.46
-11.05,2.99,-2.08
-12.08,7.87,-3.30
-13.06,15.01,-6.65
-12.70,21.06,-8.61
-11.23,22.52,-16.66
-7.87,21.18,-28.63
-5.37,19.78,-38.70
-3.30,18.92,-44.86
-2.56,16.97,-47.36
-2.20,13.00,-45.72
-1.89,6.71,-40.89
-1.10,-1.22,-34.24
-1.22,-8.85,-26.43
-1.46,-17.40,-15.69
-0.12,-26.86,-2.26
0.06,-36.01,11.11
0.55,-42.60,19.78
-2.62,-24.48,12.02
1.53,-14.40,1.77
8.91,-15.75,2.01
5.62,-7.02,8.54
4.46,2.08,11.11
6.04,3.78,18.25
10.44,2.87,36.99
21.79,7.63,64.76
29.30,16.97,85.51
35.10,21.06,99.06
29.66,24.60,98.63
26.37,23.25,91.37
18.01,20.39,79.53
12.88,17.21,60.30
11.60,13.12,51.33
7.32,9.16,41.14
5.55,7.14,27.10
0.98,4.52,14.47
1.34,6.04,0.98
1.34,8.06,-0.43
-0.37,10.25,-1.28
-4.88,13.18,-13.12
-11.66,14.04,-38.27
-17.03,7.08,-62.07
-20.63,1.71,-71.47
-18.37,2.44,-64.45
-15.81,11.35,-52.80
-11.11,17.15,-46.33
-6.59,15.32,-45.10
-2.01,9.09,-45.84
1.53,1.46,-45.90
5.49,-6.23,-45.04
12.57,-16.30,-44.56
21.24,-30.27,-40.71
24.41,-45.78,-28.87
17.33,-56.21,-7.75
6.59,-48.46,7.51
-5.49,-18.98,7.81
-0.18,-17.03,3.05
3.05,-20.75,2.99
7.14,-11.11,14.10
9.03,-1.04,21.12
17.76,0.67,36.01
28.56,0.12,67.69
34.61,5.74,88.56
38.39,22.34,94.73
36.01,24.29,98.33
32.90,19.71,100.83
27.10,18.19,88.32
21.18,17.58,72.94
16.97,12.82,58.65
11.05,9.46,45.84
7.39,4.21,21.42
5.68,1.89,13.43
1.65,1.34,7.32
1.10,2.93,0.43
-1.10,4.76,0.67
-3.11,6.90,-0.43
-4.09,9.52,-3.72
-6.53,11.47,-6.96
-8.79,13.79,-9.83
-10.25,16.54,-13.12
-10.56,17.70,-14.89
-10.99,18.62,-15.08
-11.11,21.12,-14.77
-12.27,22.71,-15.26
-12.70,29.72,-20.45
-11.90,40.71,-28.14
-10.44,51.45,-34.55
-8.24,59.81,-36.80
-4.27,67.20,-34.73
0.92,73.12,-28.50
6.23,76.72,-21.97
12.08,78.67,-18.19
17.70,79.28,-16.66















 
-,-,-
1.95,-2.75,2.14
1.89,-3.54,2.26
1.83,-4.76,2.62
2.01,-5.80,3.05
1.59,-3.91,1.65
2.32,-1.65,0.43
2.38,-2.56,1.16
3.36,-3.42,1.40
3.85,-2.75,0.55
4.09,-3.85,0.31
3.91,-5.92,0.49
2.87,-6.59,0.49
2.44,-7.51,-0.12
1.46,-7.69,-0.61
1.40,-7.32,-0.92
0.98,-7.14,-1.53
0.73,-7.02,-1.77
1.10,-6.65,-1.83
1.71,-5.86,-1.40
2.44,-4.82,-0.37
3.66,-3.60,0.55
4.58,-2.69,1.53
5.19,-2.14,2.14
5.62,-2.08,2.38
5.13,-2.87,1.83
3.54,-4.15,0.85
2.01,-5.55,-0.06
0.98,-6.04,-0.49
0.73,-5.98,-0.37
1.22,-4.70,-0.06
2.93,-3.60,0.43
4.15,-2.56,0.92
5.37,-1.77,1.46
7.14,-0.98,2.38
8.30,0.06,3.60
9.46,0.79,4.88
10.13,0.61,5.92
13.61,0.31,7.26
19.96,-4.09,9.09
30.88,-13.31,14.10
40.71,-9.16,16.91
54.14,-4.76,20.39
54.57,0.06,22.89
56.70,-5.92,19.71
56.40,-7.57,14.65
47.73,-3.97,10.56
29.66,-2.56,1.77
13.06,-3.48,-1.46
-1.83,-6.16,-1.65
-8.97,-7.81,-4.76
-14.16,-10.74,-6.77
-16.78,-10.50,-7.93
-16.48,-5.43,-7.69
-15.32,2.32,-6.96
-16.72,10.74,-7.20
-19.23,17.70,-8.54
-21.73,24.90,-7.02
-24.35,32.04,-0.55
-26.92,32.65,7.63
-29.85,31.86,6.10
-32.71,33.02,-2.75
-34.85,36.74,-9.58
-37.23,41.44,-11.05
-37.78,42.85,-9.34
-35.89,39.37,-7.20
-31.31,31.56,-4.88
-23.62,19.41,-1.28
-15.26,4.76,5.55
-10.74,-9.28,14.47
-7.45,-22.28,23.25
-1.95,-36.62,31.19
6.04,-52.86,37.23
16.11,-41.75,29.36
14.47,-16.11,13.85
25.39,-12.88,8.67
28.75,-5.55,15.50
35.22,7.14,20.14
50.90,3.85,17.21
64.51,-8.42,11.96
77.51,-10.50,10.19
78.19,-5.49,12.63
61.28,-5.37,15.01
34.55,-2.01,8.18
17.64,-8.48,4.03
9.70,-9.40,3.54
4.76,-5.49,4.27
1.40,-4.27,1.53
-0.43,-7.39,-0.61
-3.30,-7.63,-2.26
-6.53,-4.58,-3.42
-9.89,0.61,-3.78
-11.23,7.87,-3.97
-11.23,15.69,-4.52
-11.66,22.89,-7.63
-12.39,24.72,-13.12
-11.66,23.32,-26.43
-10.44,22.16,-37.54
-10.68,22.71,-43.70
-10.01,23.25,-45.10
-6.90,21.24,-42.42
-2.32,17.03,-36.25
1.16,9.52,-28.02
2.87,0.31,-21.36
5.13,-8.54,-15.75
9.34,-19.53,-8.48
11.54,-32.65,-1.10
13.61,-45.72,5.00
14.89,-54.87,8.24
7.14,-33.26,4.39
-0.61,-17.76,4.94
2.01,-19.41,-0.43
-0.61,-15.20,1.04
-1.16,-5.68,5.37
-0.67,-0.43,9.77
5.43,3.91,20.81
16.54,6.53,53.65
22.95,15.50,78.25
30.40,21.85,85.63
27.89,21.42,83.44
20.94,19.65,73.79
16.54,20.14,67.93
9.03,15.87,58.59
10.44,15.93,49.68
4.39,16.97,34.00
3.42,14.04,22.64
-1.34,13.43,14.04
-1.59,10.68,0.85
-2.14,10.38,-0.98
-3.85,12.57,-2.32
-5.68,13.79,-19.17
-6.04,10.01,-47.42
-8.97,2.87,-67.02
-11.78,2.08,-73.61
-8.67,5.92,-67.14
-5.80,10.62,-53.89
-0.55,11.78,-43.40
6.77,7.14,-38.70
12.15,-1.40,-36.07
17.03,-10.56,-33.45
22.16,-21.06,-30.03
26.12,-34.67,-26.06
25.02,-49.74,-18.74
15.63,-60.91,-7.08
1.71,-43.27,-3.05
-6.84,-22.89,-5.13
-0.98,-24.96,-4.58
-1.59,-23.32,-0.06
2.38,-12.94,-0.18
3.72,-6.10,-1.22
3.97,-1.40,4.52
9.03,3.17,21.97
16.85,5.74,56.46
22.03,10.50,76.97
31.98,14.83,90.03
31.31,21.97,99.55
26.55,23.13,99.49
25.33,20.69,95.34
23.01,22.22,89.29
18.86,20.69,78.98
13.00,13.79,55.85
10.56,8.91,31.19
7.26,4.76,20.57
1.83,-0.18,18.62
-0.06,0.73,5.25
0.67,1.53,-1.04
0.67,2.99,0.92
0.92,5.07,0.85
0.61,6.47,-0.98
-2.08,7.45,-2.26
-4.46,7.81,-3.30
-6.10,8.18,-4.03
-7.63,9.83,-4.39
-9.95,13.37,-6.90
-11.11,15.08,-12.70
-11.17,17.33,-18.68
-10.56,18.07,-21.91
-11.54,22.77,-23.80
-11.29,33.20,-25.51
-9.52,45.90,-28.14
-8.18,56.70,-30.70















 
-,-,-
3.17,1.65,1.34
2.75,1.28,0.98
2.62,0.67,1.34
2.26,-0.06,1.95
1.83,0.06,1.89
1.89,0.31,1.83
2.20,0.37,1.95
2.26,0.18,2.14
1.95,-0.31,2.50
1.04,-1.34,2.56
0.73,-2.08,1.77
0.67,-2.62,1.16
1.71,-2.93,1.10
2.38,-1.77,1.40
2.44,-1.16,1.65
2.38,-1.65,1.83
2.20,-2.14,2.08
2.38,-2.32,2.01
2.87,-2.26,1.71
3.42,-2.50,0.92
3.42,-3.30,0.49
3.11,-4.21,0.37
2.99,-4.94,0.06
4.09,-5.80,-0.06
5.49,-6.90,0.24
6.90,-7.81,0.73
8.18,-8.48,1.16
8.85,-8.42,1.83
9.95,-7.51,2.75
11.90,-5.43,4.03
17.52,-6.10,4.39
25.45,-10.31,6.53
33.57,-12.39,8.91
43.70,-14.71,13.85
53.47,-14.77,16.97
58.23,-12.88,13.43
56.03,-11.72,7.02
49.01,-15.14,7.20
30.88,-12.57,7.14
10.99,-9.95,-0.37
-3.05,-9.40,-4.03
-11.23,-8.18,-5.00
-14.16,-11.54,-5.19
-15.56,-10.31,-5.74
-15.63,-4.88,-5.55
-14.77,1.59,-4.94
-14.53,8.12,-5.07
-16.24,13.67,-6.71
-19.59,21.79,-9.28
-23.13,29.24,-7.75
-25.51,29.05,1.10
-29.30,31.62,4.52
-29.42,34.79,-1.46
-28.08,35.58,-7.75
-27.40,33.69,-9.16
-27.10,29.17,-6.04
-25.70,23.56,-2.14
-21.85,16.78,2.69
-17.09,7.75,8.12
-13.85,-2.93,14.77
-12.63,-13.79,22.03
-10.19,-24.60,29.54
-2.38,-37.17,34.79
3.54,-31.13,23.68
3.17,-19.59,6.23
17.52,-15.20,0.61
22.89,-7.75,9.77
29.05,6.77,17.09
40.59,14.59,17.82
47.91,-0.61,16.24
59.57,-15.99,17.21
60.79,-11.29,20.14
50.72,-9.77,16.72
39.79,-7.45,9.58
25.82,-3.17,6.16
20.63,-7.69,1.89
17.76,-5.74,3.66
12.15,-5.25,5.31
5.31,-2.62,1.40
0.92,-2.62,-1.16
-2.26,-0.73,-1.34
-3.66,3.78,-1.28
-5.00,9.52,-1.22
-6.53,14.16,-1.53
-8.24,18.49,-3.91
-8.12,21.36,-5.00
-8.12,20.45,-7.45
-8.36,22.22,-16.66
-7.20,23.99,-27.40
-4.76,22.77,-34.73
-1.71,19.53,-39.49
1.65,14.10,-43.58
3.97,6.23,-46.94
7.45,-2.44,-48.46
10.99,-11.54,-45.29
13.67,-23.68,-33.39
11.84,-36.19,-13.24
4.94,-45.17,5.86
-2.14,-49.38,18.19
-9.70,-32.96,12.94
-17.70,-14.77,3.11
-6.41,-19.78,1.59
-2.01,-15.63,1.04
2.50,-0.67,2.14
4.82,10.93,20.94
14.10,15.14,72.51
23.62,22.40,110.35
35.46,32.10,124.39
39.18,30.52,129.15
31.86,29.72,118.90
23.74,26.25,96.68
16.97,18.74,71.72
10.38,14.40,51.39
6.23,6.65,34.55
3.91,7.81,16.72
1.53,10.13,4.52
0.18,11.17,0.06
-1.71,12.21,-4.09
-3.91,12.57,-14.47
-7.08,8.18,-35.10
-10.01,1.83,-61.16
-12.76,1.28,-78.12
-14.04,8.61,-80.32
-11.47,15.56,-73.55
-5.92,16.42,-63.05
0.85,12.70,-55.11
8.00,5.74,-51.21
13.73,-3.42,-47.49
17.82,-15.69,-41.99
19.65,-31.19,-31.74
17.15,-45.59,-17.52
12.45,-56.34,-3.66
5.86,-58.84,8.42
-5.19,-36.38,9.77
-5.80,-25.57,3.11
3.17,-21.79,-1.95
8.48,-14.10,5.49
15.75,-2.93,15.56
13.37,2.32,24.84
28.69,-0.31,56.70
34.97,6.96,95.09
36.38,21.55,118.65
34.91,29.97,119.45
27.40,27.22,104.25
21.18,17.33,82.03
14.77,11.41,63.29
9.52,8.36,41.38
8.18,2.26,34.36
1.28,-0.98,15.20
0.49,0.73,-1.22
-1.40,1.34,-5.19
-3.54,3.42,-3.97
-4.88,6.77,-4.09
-7.20,10.74,-9.34
-8.91,13.49,-19.17
-9.16,16.11,-23.19
-11.47,21.36,-19.35
-12.70,28.20,-16.85
-13.06,34.36,-16.05
-13.43,43.40,-17.33
-11.41,54.38,-22.52
-10.38,62.26,-30.03
-9.64,66.47,-38.15
-8.12,68.36,-45.04
-3.30,66.22,-49.56
2.14,60.06,-52.43
4.82,52.92,-51.88
7.32,45.17,-44.98
10.68,35.46,-34.36
11.35,23.62,-23.86
11.17,8.91,-16.05
12.15,-11.90,-10.93
13.67,-42.30,-6.59
10.93,-69.40,-4.88
7.63,-80.08,-5.92
7.14,-79.59,-6.29
5.86,-72.57,-4.88
5.00,-60.18,-2.69
5.07,-43.64,-0.12
4.88,-26.00,0.85















 
-,-,-
1.10,-8.97,-0.43
-0.79,-9.95,-0.92
-1.10,-10.19,-0.79
-0.79,-9.77,-0.98
-0.49,-8.97,-1.34
0.12,-7.81,-1.28
1.04,-6.35,-0.55
1.95,-5.07,0.67
2.26,-4.33,1.28
2.56,-4.15,1.40
2.44,-4.58,1.77
1.83,-5.43,1.59
1.89,-6.35,1.04
2.14,-6.23,0.85
2.69,-5.49,1.28
2.93,-4.70,1.46
2.93,-3.78,1.65
2.99,-3.05,1.46
1.89,-2.62,1.04
0.92,-2.75,0.67
0.67,-2.69,0.12
1.16,-2.08,0.24
2.01,-1.22,0.61
3.11,-0.67,1.04
2.99,-0.85,1.04
1.95,-2.01,0.55
0.92,-2.87,-0.12
0.92,-2.93,0.43
1.28,-2.50,1.65
2.01,-1.89,2.38
1.77,-1.34,3.11
1.40,-0.73,4.15
2.81,-0.85,5.49
6.35,-1.65,7.69
13.61,-10.93,10.38
22.95,-25.09,8.61
32.17,-25.33,7.02
44.56,-29.17,13.79
49.01,-21.12,19.23
50.23,-16.91,20.08
37.17,-6.47,18.49
24.11,-3.11,13.73
13.24,-5.74,8.06
3.30,-6.41,2.99
-5.19,-3.42,-0.55
-8.42,-4.64,-2.14
-8.61,-5.68,-3.05
-8.42,-3.72,-3.97
-9.28,0.06,-4.46
-9.58,5.62,-5.19
-10.38,11.78,-6.29
-12.27,18.68,-7.87
-14.65,29.17,-8.73
-15.08,39.18,-4.39
-15.50,42.24,5.49
-16.72,40.77,12.02
-17.52,36.38,10.68
-19.41,32.29,3.48
-19.53,26.98,-2.99
-22.52,20.63,-4.88
-22.34,14.89,-3.48
-19.96,10.07,-0.73
-17.52,4.52,2.38
-14.71,-1.77,5.74
-11.72,-7.93,9.28
-9.03,-9.70,10.01
-6.65,-7.69,6.53
-2.26,-8.24,4.39
5.19,-13.37,2.44
13.06,-10.56,4.70
14.95,-5.31,9.40
16.66,-0.98,13.00
26.43,-7.63,15.81
38.33,-12.94,21.48
49.93,-11.78,24.72
58.41,-12.21,25.27
58.90,-11.60,19.23
55.97,-12.76,17.09
46.51,-11.96,13.85
35.40,-12.88,9.52
20.75,-7.20,6.53
10.07,-10.31,-0.49
3.23,-3.42,-2.81
-3.54,0.43,-3.60
-5.37,-1.16,-4.46
-6.65,0.31,-4.76
-7.75,5.25,-4.70
-7.51,12.39,-6.10
-7.26,23.86,-8.67
-5.31,33.45,-7.45
-3.54,36.25,-10.07
-0.85,33.57,-16.97
0.12,30.33,-23.74
0.43,27.47,-27.71
2.32,23.50,-28.75
8.48,17.70,-27.59
13.18,10.44,-24.72
11.23,2.62,-21.85
11.54,-4.39,-20.51
10.93,-11.96,-19.65
11.11,-22.16,-16.97
7.93,-33.02,-11.41
2.62,-41.26,-4.70
-0.12,-46.26,1.59
-3.78,-38.70,2.26
-8.48,-24.90,0.85
-4.76,-20.81,2.38
-3.85,-17.33,1.77
-5.43,-13.31,2.44
-9.03,-7.93,2.56
-8.54,-5.98,5.19
-3.36,-4.27,13.85
7.57,-4.33,42.48
8.67,0.55,59.88
16.30,9.95,69.64
15.93,13.61,69.52
15.20,20.26,66.65
11.05,24.48,60.61
14.22,15.81,57.37
9.70,14.04,43.27
11.29,11.41,40.95
-0.24,10.74,25.15
1.65,9.70,15.08
-0.79,8.85,14.65
-2.14,8.67,7.32
0.85,8.48,-2.20
1.53,9.95,-5.07
-2.01,12.94,-13.43
-3.78,14.22,-32.96
-3.42,14.34,-51.15
-4.64,10.25,-57.80
-4.09,9.28,-55.05
-2.56,13.98,-49.38
1.59,18.43,-44.86
5.68,17.40,-42.18
8.97,10.19,-41.08
11.96,0.43,-41.08
16.05,-9.70,-40.16
19.41,-21.06,-37.05
22.83,-35.46,-28.38
21.73,-48.89,-14.28
10.19,-54.69,0.31
-1.65,-45.35,7.39
-12.45,-33.39,2.44
-12.33,-32.78,1.40
-10.86,-32.35,2.44
-9.16,-26.31,2.50
-5.62,-16.48,0.67
-1.28,-9.22,1.04
8.97,-2.20,19.53
22.40,10.56,60.97
30.52,18.31,95.09
32.78,23.99,102.11
33.57,26.55,102.42
28.38,22.64,105.90
19.29,20.26,100.46
16.42,17.40,84.41
15.50,11.05,66.65
14.65,7.63,46.51
10.93,2.93,36.99
5.80,1.28,23.86
3.72,0.61,24.72
-2.38,2.50,12.57
-0.37,2.50,-1.59
-0.61,3.54,-2.75
-2.99,6.10,-1.71
-4.33,8.18,-3.78
-5.92,10.56,-6.04
-8.00,14.71,-8.06
-8.91,18.37,-8.48
-11.05,22.16,-8.85
-13.92,27.53,-13.85
-16.30,30.70,-22.77
-16.17,34.61,-31.49
-15.63,41.08,-37.60
-10.86,51.45,-44.31
-5.49,60.61,-51.39
0.12,65.06,-55.24
7.26,66.28,-53.89
16.30,61.46,-47.42















 
-,-,-
1.46,1.71,0.43
1.53,1.65,0.18
1.59,1.65,-0.12
1.34,1.77,-0.31
1.46,1.77,-0.18
1.95,1.46,0.18
2.20,1.10,0.85
2.32,0.73,1.34
2.50,0.37,1.34
2.62,0.00,1.53
2.62,-0.06,1.59
2.38,0.18,1.65
1.95,0.37,1.89
1.53,0.12,1.77
1.59,0.24,1.46
1.28,0.31,1.53
0.85,0.43,1.46
0.67,0.55,0.98
0.92,0.43,0.61
0.98,0.06,0.55
1.40,0.12,0.73
2.14,0.00,1.10
2.44,-0.24,1.46
2.14,0.12,1.46
1.95,0.12,0.98
1.40,0.31,0.67
0.67,0.61,0.37
-0.18,1.28,0.85
-0.67,0.55,2.01
-0.92,-1.40,3.42
-0.43,-4.33,4.88
0.61,-8.85,6.41
1.89,-15.44,7.69
3.17,-22.34,9.22
4.64,-25.57,9.46
9.52,-25.21,7.75
13.00,-26.79,6.59
16.97,-31.56,2.81
23.80,-30.40,3.17
27.59,-21.48,7.93
33.45,-19.35,11.35
46.02,-23.44,13.37
54.75,-18.25,14.28
59.20,-9.89,14.77
59.51,-2.99,12.51
48.71,1.71,10.86
30.27,12.39,8.24
14.47,15.87,2.93
5.37,5.43,-2.01
-0.61,-3.23,-3.30
-10.50,-4.94,-6.47
-18.74,-9.64,-11.47
-26.86,-11.23,-13.43
-32.78,-3.60,-10.80
-36.87,8.61,-3.30
-41.32,18.01,3.48
-42.42,24.11,6.90
-43.64,26.61,5.19
-43.64,27.53,-1.16
-38.64,25.33,-5.37
-32.23,16.72,-5.19
-23.25,3.23,-1.59
-11.78,-11.35,6.04
-2.99,-22.77,14.28
0.49,-24.84,17.27
3.42,-22.71,15.01
11.05,-19.41,12.08
20.45,-13.43,17.27
30.88,-8.48,27.34
41.81,-0.61,33.26
55.73,1.46,35.89
67.44,-0.43,32.78
76.72,-4.58,26.79
78.55,-0.73,21.30
72.02,5.07,8.24
56.15,2.99,-0.24
34.18,2.81,-5.49
16.36,-0.31,-7.57
3.36,-4.82,-8.30
-6.71,-7.75,-9.22
-14.40,-10.99,-12.33
-19.41,-9.64,-13.92
-20.45,-1.04,-12.02
-19.29,12.08,-9.40
-15.75,18.74,-8.73
-13.31,23.07,-12.88
-10.86,26.67,-21.97
-7.75,28.44,-31.56
-6.23,28.26,-38.45
-2.56,25.82,-43.15
0.79,19.35,-44.74
1.22,9.58,-42.85
0.61,-2.20,-35.58
0.61,-14.71,-23.68
2.87,-29.24,-9.40
3.97,-41.38,5.31
-1.10,-36.50,13.79
-7.87,-25.09,12.15
-8.18,-23.93,8.91
-4.88,-25.45,9.09
0.85,-20.39,18.13
11.60,-9.77,35.40
25.02,-2.44,63.35
35.22,7.14,86.12
39.92,17.40,98.63
38.51,25.27,107.30
28.26,27.71,98.88
20.81,24.35,80.32
12.27,18.07,60.24
6.90,16.30,44.13
5.13,15.75,38.39
3.78,11.90,31.37
-2.38,11.29,16.54
-4.64,13.37,-5.37
-4.09,18.43,-18.68
-5.86,21.85,-30.94
-4.64,23.25,-51.82
-3.42,24.48,-72.63
-4.58,26.37,-86.24
-4.82,24.90,-92.29
-4.94,18.13,-90.39
-2.38,7.81,-78.86
2.01,-2.56,-58.84
7.51,-13.55,-35.89
12.63,-28.93,-16.78
16.24,-45.10,-3.30
15.01,-46.69,6.29
2.75,-27.65,13.43
-1.40,-21.06,13.31
-0.92,-25.76,6.96
2.62,-29.54,14.59
7.81,-27.16,28.99
20.32,-12.21,52.55
31.62,0.55,82.09
38.88,6.53,101.20
41.26,13.67,104.55
37.11,14.89,100.16
29.36,14.40,84.96
23.99,12.21,68.79
15.93,9.58,53.96
9.58,8.54,43.33
8.61,6.90,32.04
4.15,2.56,22.46
3.72,-1.22,3.85
3.97,-2.26,-1.16
1.53,-1.95,-0.73
-0.31,-0.67,-2.20
-2.44,1.65,-5.55
-4.15,5.00,-9.34
-5.62,8.97,-11.17
-6.53,13.18,-10.74
-7.87,17.03,-8.97
-10.93,23.93,-9.46
-13.98,32.96,-15.87
-14.95,41.93,-26.31
-14.77,48.40,-33.20
-15.14,57.98,-37.41
-11.66,68.42,-42.05
-5.13,73.85,-44.31
3.66,73.06,-40.83
9.70,70.19,-33.63
12.57,67.08,-29.60
18.19,59.51,-29.11
21.73,47.79,-28.75
25.94,35.10,-27.89
31.01,22.71,-27.47
32.71,11.84,-27.16
30.03,3.91,-26.37
25.21,-1.53,-24.96
20.57,-5.49,-21.85
19.59,-11.05,-17.15
20.26,-14.40,-12.94
18.62,-12.02,-10.01
13.55,-9.28,-4.27
7.51,-6.10,4.94
4.70,-5.80,13.00
5.49,-9.77,15.93
5.19,-16.24,12.51
3.72,-21.24,6.77
1.28,-21.85,2.99















 
-,-,-
2.20,-4.15,0.79
2.62,-4.27,1.16
2.87,-3.85,1.04
3.17,-3.97,0.92
3.05,-4.39,0.98
3.11,-4.58,1.04
3.11,-4.82,1.04
2.87,-5.19,1.04
2.93,-5.62,0.92
3.66,-5.68,1.40
3.54,-5.98,1.77
2.50,-6.16,1.28
1.89,-5.92,0.43
1.95,-5.86,-0.37
2.38,-5.68,-0.43
3.11,-5.80,0.00
3.11,-5.86,0.37
3.17,-5.68,0.12
3.23,-5.43,-0.49
3.30,-4.82,-0.79
2.87,-4.58,-0.92
2.56,-4.46,-1.22
2.56,-4.39,-1.10
2.56,-4.27,-0.85
2.81,-4.15,-0.85
3.05,-4.39,-0.98
2.93,-4.88,-0.92
2.38,-5.19,-0.79
1.89,-5.55,-1.04
1.40,-5.55,-1.16
1.65,-5.19,-1.22
1.95,-4.58,-0.79
2.26,-3.78,-0.06
2.99,-3.05,0.37
3.54,-2.69,0.85
4.03,-2.32,0.79
4.03,-2.62,0.24
3.11,-3.60,-0.24
3.48,-4.52,-0.61
3.11,-5.25,-1.22
2.20,-5.80,-1.10
2.26,-5.92,-0.73
2.20,-5.80,-0.73
1.83,-5.31,-0.92
1.95,-4.64,-0.61
2.62,-3.97,-0.18
2.99,-2.99,0.49
2.62,-2.14,0.98
2.14,-1.89,0.61
2.38,-1.59,0.12
2.81,-1.71,0.18
2.99,-1.77,0.55
3.11,-1.89,0.73
4.21,-2.20,0.85
5.80,-2.81,0.92
6.35,-3.23,0.92
6.04,-3.30,0.85
6.23,-2.62,0.92
6.77,-1.22,1.65
9.40,2.69,3.23
12.82,8.67,5.37
17.33,10.74,7.32
25.39,5.13,8.91
37.84,0.49,8.79
50.48,2.08,11.54
57.07,1.59,11.17
57.25,3.11,9.70
41.63,9.83,6.59
30.09,5.49,-1.59
25.02,1.83,-0.98
19.10,5.31,3.85
10.50,1.22,5.68
-1.77,3.85,0.61
-13.79,-2.50,-5.25
-27.65,-10.31,-10.38
-35.46,-15.50,-15.63
-38.64,-14.89,-18.31
-39.18,-5.00,-17.94
-38.94,12.39,-10.13
-41.87,24.23,4.09
-44.31,30.21,9.58
-41.26,30.46,5.07
-37.11,24.05,-2.01
-33.69,13.79,-4.21
-26.31,1.10,-2.20
-14.89,-12.02,3.72
-4.52,-23.01,14.10
1.40,-26.37,23.32
5.49,-16.72,23.13
19.23,-4.58,18.49
34.42,2.93,19.23
46.02,6.77,25.94
57.74,10.07,31.80
69.40,7.45,31.13
74.46,7.14,23.13
66.22,9.03,19.65
42.72,14.59,9.58
29.24,5.62,-3.60
18.86,-8.30,-9.28
14.47,-7.81,-10.62
3.11,-6.84,-11.17
-8.00,-3.05,-14.59
-16.72,-3.66,-18.92
-22.64,-6.41,-27.77
-24.35,-5.62,-40.47
-25.09,-1.10,-55.79
-25.09,6.84,-67.32
-23.62,12.94,-73.55
-18.13,11.05,-74.83
-8.42,1.65,-67.93
-1.83,-9.28,-52.67
3.85,-17.94,-31.80
10.13,-27.04,-9.64
18.92,-40.41,11.72
19.23,-39.12,29.72
0.43,-13.85,27.40
2.20,-1.95,14.59
14.83,-1.22,19.84
21.97,-1.89,52.31
29.79,9.09,84.17
39.86,28.14,107.54
43.70,33.14,126.65
32.96,33.20,123.05
22.64,29.24,102.48
12.63,20.94,78.49
3.85,12.70,48.77
-1.89,0.61,21.61
-2.32,-1.95,-2.99
-1.89,-3.60,-26.37
-5.25,-2.50,-49.74
-8.97,3.97,-67.99
-13.43,11.60,-79.90
-14.59,13.73,-90.58
-11.54,6.65,-100.40
-8.79,-6.10,-102.72
-5.25,-18.37,-93.26
3.30,-31.07,-70.80
17.27,-42.91,-28.08
18.86,-42.36,24.60
8.06,-19.29,49.38
7.45,4.46,39.31
24.54,6.90,45.59
29.91,-0.79,70.80
34.73,-2.32,89.36
38.76,7.63,96.44
40.47,16.66,99.85
34.85,13.00,94.12
28.87,19.53,77.33
21.48,21.24,70.86
13.12,22.22,65.61
5.98,25.76,46.51
4.27,23.07,34.67
2.26,15.44,19.96
2.14,5.80,7.02
-0.31,2.50,-9.58
-2.56,1.71,-18.07
-8.54,3.48,-22.95
-13.67,8.42,-32.04
-18.68,13.67,-46.75
-24.90,30.58,-65.31
-31.37,55.48,-82.21
-37.23,75.93,-97.53
-44.19,87.40,-108.70
-50.84,90.39,-108.58
-57.92,87.77,-100.34
-64.21,81.67,-89.23
-65.86,73.55,-75.99
-64.82,63.66,-68.36
-63.29,55.36,-67.14
-57.68,48.65,-73.36
-55.97,41.14,-84.05
-62.26,31.62,-89.60
-72.14,21.42,-89.05
-76.66,10.19,-86.36
-73.91,-1.10,-81.18
-73.61,-11.29,-73.24
-71.72,-20.87,-63.66
-70.50,-26.79,-53.47
-76.42,-29.11,-45.84
-84.17,-31.43,-47.36