-,-,-
-7.51,-5.92,-1.46
-6.77,-7.08,-0.79
-6.04,-8.18,0.43
-4.58,-8.24,1.77
-3.23,-7.69,3.54
-2.14,-7.32,4.94
-1.22,-7.39,5.74
-0.79,-9.89,5.55
-2.01,-13.73,5.92
-3.85,-16.54,8.18
-6.16,-17.33,8.73
-6.65,-14.47,0.73
-3.66,-9.70,-5.49
-2.08,-9.70,-2.69
-1.22,-9.40,0.37
2.01,-5.86,-0.49
2.62,-3.11,-0.43
2.93,-0.79,0.18
3.48,1.16,0.12
2.44,1.34,0.06
1.71,0.31,-0.06
0.73,-1.46,-0.18
0.31,-3.05,-0.12
0.67,-4.58,-0.12
1.40,-5.80,0.00
2.08,-6.96,0.31
2.08,-8.18,0.61
1.71,-8.91,0.55
1.59,-8.54,0.24
1.46,-7.75,-0.06
1.59,-6.29,0.06
2.26,-4.46,0.49
3.11,-2.93,1.28
4.82,-2.01,1.59
6.47,-1.95,1.71
7.08,-2.56,1.71
7.81,-3.91,1.95
6.41,-4.88,1.77
3.11,-5.68,0.98
1.71,-5.31,0.12
0.92,-4.15,-0.43
1.34,-2.38,-0.92
2.87,-0.55,-1.04
3.54,0.73,-0.61
3.54,0.92,0.31
2.44,0.43,1.59
1.53,0.31,3.72
2.62,2.14,9.40
4.70,5.00,16.72
8.85,7.93,30.15
10.31,9.70,36.80
10.86,8.00,29.05
15.20,9.09,31.92
16.30,22.03,53.16
19.78,23.25,69.40
19.96,21.30,81.36
19.65,24.78,80.38
20.39,24.54,74.52
13.06,21.48,58.47
10.07,11.96,53.65
4.76,10.07,61.77
5.37,11.47,67.44
4.58,12.51,71.17
1.89,10.86,60.18
4.82,11.41,51.88
2.26,10.93,47.24
-4.70,7.26,31.07
-2.99,5.25,14.47
-5.13,3.30,15.14
-5.80,1.46,11.54
-3.91,1.83,5.62
-3.66,1.83,-0.79
-5.19,2.01,-3.78
-8.42,2.87,-5.62
-12.02,3.72,-8.85
-15.93,3.97,-13.98
-20.14,3.78,-20.75
-22.64,6.10,-24.23
-24.84,4.76,-27.59
-26.92,3.91,-33.45
-29.91,7.87,-39.79
-33.51,11.54,-44.37
-36.80,16.17,-46.51
-39.06,19.59,-44.80
-40.83,20.87,-41.14
-41.20,19.41,-36.07
-41.69,16.36,-30.03
-41.63,13.12,-21.85
-39.49,10.38,-11.78
-36.44,6.59,-0.61
-35.46,1.40,8.85
-35.58,-4.52,14.10
-34.55,-11.54,16.91
-31.92,-19.71,20.26
-28.81,-29.85,25.76
-26.12,-39.98,30.46
-15.50,-34.67,11.17
-6.59,-26.31,-2.87
7.26,-23.44,2.14
19.65,-16.24,6.16
27.65,-5.31,6.96
38.82,0.43,10.86
51.21,2.99,15.26
58.65,-3.11,18.07
60.67,-8.91,19.41
63.29,-13.67,21.67
67.99,-21.73,22.89
76.35,-26.73,20.08
83.44,-27.89,15.44
89.78,-31.49,18.68
92.35,-24.29,23.80
93.26,-22.83,24.84
93.51,-25.63,28.26
89.84,-12.76,24.41
86.12,-13.31,24.48
84.78,-22.58,23.32
84.96,-18.62,20.63
79.71,-25.09,18.55
72.81,-21.24,19.78
64.33,-10.44,19.04
59.51,-18.13,16.85
51.57,-7.69,9.16
46.51,-8.61,8.73
41.44,-14.53,13.12
37.05,-3.85,8.97
34.97,-1.71,10.31
36.38,-8.00,10.99
36.80,-9.09,8.24
33.63,-10.50,5.98
29.17,-9.34,6.47
25.63,-5.00,4.46
22.28,-6.10,0.24
17.76,2.56,0.24
12.08,8.30,2.87
6.29,8.97,3.78
2.62,5.68,4.03
-1.22,1.16,3.23
-4.76,-2.01,1.53
-7.75,-3.66,-0.06
-9.58,-3.42,-1.22
-9.70,-2.38,-2.14
-9.03,-0.79,-2.01
-6.96,1.04,-1.53
-3.17,2.75,-0.73
-0.24,3.78,0.24
1.46,3.48,0.61
2.99,2.56,1.10
3.72,2.08,1.46
3.42,2.08,2.44
2.75,2.50,2.62
2.32,3.36,3.05
0.79,5.00,2.81
-0.73,6.35,2.14
-3.48,8.06,1.04
-7.51,10.80,-0.18
-10.93,16.36,-0.98
-14.53,26.55,-0.12
-18.19,39.73,-0.92
-21.42,58.11,-2.62
-20.32,78.80,-3.23
-9.83,103.33,-16.36
12.08,121.70,-34.67
33.87,132.57,-47.30
47.79,140.26,-51.39
54.50,141.60,-48.58
56.58,132.32,-41.50
54.57,115.78,-34.12
48.03,98.14,-27.77
40.83,78.92,-22.71
32.90,55.60,-18.31
26.73,34.61,-14.04
21.97,18.49,-8.61
17.52,7.20,-3.36
14.40,0.61,-0.18
13.00,-1.71,0.37
12.45,-2.38,0.73
11.29,-0.79,1.16
10.44,2.32,1.28
9.95,5.07,0.85
9.40,5.43,-0.79















-,-,-
0.24,-0.85,-0.98
0.31,-0.43,-1.65
0.18,-0.85,-2.56
-0.43,-1.89,-3.17
-0.37,-2.20,-3.66
0.49,-2.87,-3.66
-0.06,-4.09,-3.72
-0.61,-4.15,-4.15
-1.22,-3.85,-4.15
-2.01,-3.36,-4.03
-2.44,-3.60,-4.33
-2.56,-3.91,-4.82
-2.14,-3.78,-4.70
-1.53,-3.17,-3.78
-1.04,-2.26,-2.38
-0.31,-0.67,-1.28
-0.06,0.67,-0.73
0.00,1.34,-1.40
0.18,0.92,-3.17
0.18,0.37,-4.27
0.24,0.98,-4.64
0.18,1.40,-4.03
0.00,1.34,-2.69
-0.06,0.55,-0.98
0.06,-0.31,-0.85
0.79,-1.53,-1.40
1.04,-2.87,-1.40
0.24,-3.36,-0.55
0.12,-3.85,-0.43
-0.31,-5.55,-0.79
-0.85,-8.42,-1.46
-1.59,-12.27,-1.59
-2.38,-15.50,1.16
-3.85,-18.55,5.62
-4.58,-22.22,8.42
-5.07,-24.35,8.97
-4.15,-23.44,8.67
-0.61,-18.62,3.48
3.91,-12.70,2.69
7.02,-10.38,6.10
10.19,-6.53,6.29
11.72,-4.15,5.74
9.52,-4.76,5.37
7.57,-5.98,4.27
6.77,-6.71,5.74
6.53,-5.92,10.25
8.67,-2.08,18.80
10.19,1.89,29.54
11.78,5.37,40.47
14.04,15.50,60.24
20.32,22.16,91.55
25.15,30.27,109.31
31.92,32.65,118.10
32.04,34.48,119.14
31.80,27.77,107.73
31.49,28.81,94.12
26.92,20.14,74.46
20.02,11.96,55.24
15.81,7.93,42.72
9.83,5.98,36.07
8.36,5.74,26.00
7.08,3.54,20.69
4.15,2.14,1.59
3.11,0.37,-3.78
2.44,-0.73,-4.82
1.34,-1.34,-7.51
-3.78,-2.20,-11.54
-8.97,-2.99,-16.97
-12.76,-2.99,-22.46
-18.07,-2.93,-28.81
-24.23,-3.05,-37.54
-30.82,-4.33,-43.70
-37.72,-2.20,-47.67
-45.53,4.39,-49.19
-50.60,14.22,-49.99
-51.45,22.83,-45.96
-49.38,27.47,-38.09
-46.88,26.79,-28.75
-43.88,22.09,-19.78
-40.10,15.69,-11.90
-37.60,9.16,-5.68
-35.77,4.03,-1.10
-32.78,-0.85,3.85
-28.38,-8.42,10.68
-23.80,-20.57,18.25
-19.53,-32.71,22.16
-11.41,-34.79,17.15
-3.23,-24.41,1.71
9.64,-19.71,1.22
19.29,-17.03,8.61
31.37,-7.45,12.76
43.64,-0.37,16.54
56.09,3.23,21.48
66.71,4.21,23.68
71.78,-7.26,24.48
75.38,-16.17,22.77
78.49,-16.11,20.63
83.98,-26.98,19.17
93.75,-30.64,21.79
102.11,-29.91,21.67
109.50,-37.54,19.29
110.11,-39.25,20.81
105.22,-30.09,15.56
96.37,-20.94,13.55
92.29,-22.16,16.48
89.29,-16.05,17.21
86.18,-8.30,15.44
82.03,-16.85,18.13
78.61,-8.30,17.03
71.84,-7.08,14.71
70.43,-16.42,11.90
66.16,-8.85,8.97
61.40,-13.79,2.62
54.81,-14.10,-0.98
45.59,-6.84,4.15
38.76,-12.08,1.10
33.75,-9.09,-1.95
27.95,-10.74,-0.85
22.03,-6.90,2.81
14.77,-0.98,3.23
11.05,-6.35,2.99
11.66,-7.08,3.36
11.72,-5.43,2.32
8.73,-3.36,1.83
4.64,-3.11,1.40
1.71,-4.27,1.22
-1.16,-5.31,1.28
-4.33,-5.49,1.22
-8.48,-5.00,0.92
-11.23,-4.09,-0.18
-11.54,-2.56,-0.79
-9.58,0.00,-0.85
-5.49,3.54,-0.18
-2.14,6.71,0.92
1.04,8.91,1.53
2.38,9.34,1.16
1.83,8.48,0.49
-0.06,6.04,-0.18
-1.59,3.36,-0.79
-2.87,1.71,-0.79
-3.30,0.31,-0.67
-2.01,-0.49,-0.37
-0.37,-0.79,0.73
0.73,-0.92,1.83
1.10,-0.85,2.69
1.28,-0.43,3.36
0.43,0.24,3.91
-0.55,1.46,3.66
-1.53,2.32,3.05
-2.62,3.05,2.20
-2.56,3.97,1.65
-1.95,5.19,1.77
-1.83,6.47,1.65
-3.05,7.57,1.34
-5.37,8.48,0.43
-8.06,10.38,-0.79
-10.25,13.85,-1.65
-11.47,18.92,-2.87
-13.61,25.82,-5.13
-17.15,35.95,-9.22
-18.01,35.77,-9.77
-17.82,44.49,-17.09
-15.01,60.00,-33.81
-6.90,70.98,-53.89
3.48,76.54,-67.08
9.52,78.55,-70.07
12.57,76.78,-64.88
14.40,70.86,-54.63
14.16,58.47,-44.49
11.84,40.83,-38.57
7.26,21.91,-36.19
2.38,4.82,-34.55
-1.16,-7.75,-33.02
-2.75,-18.92,-31.25
-5.00,-29.17,-29.24
-7.69,-37.29,-27.16
-10.99,-43.46,-26.55
-14.47,-45.96,-26.67
-16.72,-43.76,-25.57
-18.98,-37.96,-22.89















-,-,-
0.55,-2.32,0.85
0.67,-2.32,0.79
0.79,-2.20,0.67
0.98,-2.20,0.61
1.16,-2.38,0.92
1.40,-2.69,0.98
1.28,-2.81,0.73
1.34,-2.93,0.43
0.85,-2.75,0.31
0.37,-2.62,0.06
0.12,-2.62,0.24
0.43,-2.38,0.06
0.85,-2.26,0.06
1.04,-2.44,0.12
1.16,-2.75,0.31
1.28,-2.99,0.73
1.10,-3.17,1.10
0.73,-3.30,0.85
0.61,-3.42,0.73
0.37,-3.54,0.67
0.00,-3.48,0.37
-0.37,-3.36,0.18
-0.24,-2.99,0.18
0.12,-2.75,0.12
0.55,-2.20,0.06
1.46,-1.59,0.43
1.83,-1.34,0.92
1.77,-1.28,1.28
1.40,-1.53,1.22
1.04,-1.59,0.85
1.04,-1.40,0.73
1.16,-1.53,0.73
1.28,-1.34,0.92
1.34,-1.04,1.16
1.83,-0.79,1.53
2.20,-0.55,2.08
2.81,-1.04,2.44
2.87,-1.77,2.44
2.20,-2.56,2.08
2.01,-2.87,2.26
2.01,-2.44,3.91
2.50,-0.79,8.12
5.07,4.33,19.23
10.01,12.33,39.49
14.47,15.26,49.99
17.82,21.48,62.50
20.57,29.42,84.11
23.01,30.09,73.97
25.70,35.34,85.69
24.60,34.48,88.26
26.43,32.84,81.36
23.93,27.83,75.68
21.12,23.32,61.28
13.37,15.87,35.52
9.70,14.04,28.87
8.00,17.94,42.05
7.08,16.36,40.53
7.75,12.76,31.62
7.63,12.88,36.68
4.76,10.99,20.45
4.39,9.64,8.30
2.32,6.90,0.61
1.46,4.82,-6.29
1.04,3.66,-9.83
-4.39,0.24,-15.14
-14.22,-4.70,-26.00
-25.76,-9.70,-43.82
-37.17,-11.05,-65.98
-48.65,0.24,-77.15
-55.48,20.75,-72.45
-57.68,38.64,-59.08
-54.38,46.94,-47.67
-47.36,45.17,-41.50
-39.79,38.33,-37.23
-34.06,30.33,-30.88
-31.74,22.89,-22.16
-30.09,16.17,-13.49
-27.16,11.90,-4.94
-24.78,9.70,2.20
-23.19,7.81,8.54
-21.24,3.97,14.10
-18.43,-3.78,19.96
-15.87,-15.87,27.16
-12.02,-31.31,35.71
-7.20,-45.84,40.59
-2.14,-45.29,32.96
4.52,-26.31,12.21
20.32,-18.07,11.96
32.47,-11.96,19.65
46.26,-7.26,21.61
55.11,-7.81,20.57
62.87,-8.85,19.65
66.89,-10.56,18.55
68.18,-22.95,16.78
73.97,-29.05,14.71
83.01,-29.48,12.21
90.58,-30.58,12.63
98.75,-28.63,14.65
105.10,-30.03,21.12
106.38,-30.52,20.75
100.65,-27.65,15.26
93.99,-25.57,19.41
87.52,-14.34,22.64
86.00,-14.53,21.12
85.94,-19.96,17.46
84.29,-11.17,15.32
80.38,-17.46,18.07
79.65,-24.96,11.23
76.05,-20.69,11.72
71.17,-20.20,6.59
61.89,-23.62,8.36
50.84,-24.35,4.09
41.02,-17.21,0.92
30.82,-12.27,3.60
29.42,-12.27,4.15
29.85,-5.19,8.00
31.01,-1.40,8.97
32.84,-6.96,10.01
34.18,0.00,6.04
30.82,-9.40,3.66
29.60,-14.83,1.89
20.87,-4.27,0.55
13.85,-3.85,-0.55
11.35,-2.99,0.18
9.64,-1.65,1.10
8.91,-3.11,1.22
8.54,-2.44,1.65
6.90,0.31,3.48
5.19,0.92,4.46
3.60,0.67,4.39
0.31,0.12,3.30
-2.81,-0.85,1.95
-5.13,-1.28,0.73
-6.84,-0.61,-0.43
-8.42,0.49,-1.16
-5.98,2.81,-1.22
-0.31,6.65,0.00
4.39,9.83,1.83
6.41,10.74,3.72
5.98,9.58,4.88
4.39,7.51,5.25
2.50,5.13,4.58
0.06,2.38,3.11
-2.14,-0.12,1.77
-5.74,-1.89,0.55
-10.01,-2.50,-1.10
-12.39,-2.01,-1.89
-11.23,0.00,-1.28
-7.45,3.42,0.49
-3.66,7.69,2.81
-1.71,11.05,4.88
-2.01,12.70,5.98
-3.78,13.37,5.86
-6.47,13.85,4.88
-11.17,14.47,2.44
-16.36,16.11,-0.49
-21.55,19.71,-3.17
-27.34,25.70,-6.35
-32.90,36.56,-8.00
-34.30,45.17,-7.87
-30.94,58.29,-21.48
-22.34,76.35,-43.21
-8.91,88.07,-57.56
2.69,95.64,-61.58
10.38,98.57,-59.57
14.28,96.44,-55.54
15.08,90.45,-50.96
14.40,77.21,-45.59
12.21,57.80,-40.47
9.77,37.96,-37.84
7.45,19.47,-36.44
5.55,3.36,-34.67
4.15,-8.48,-31.13
2.44,-18.80,-26.61
-0.18,-27.40,-22.58
-3.36,-32.84,-19.23
-6.16,-33.87,-15.38
-9.40,-30.03,-10.68
-10.86,-22.77,-7.02
-11.17,-15.26,-6.10















-,-,-
3.30,-3.91,1.59
3.36,-3.72,1.71
3.72,-4.64,1.46
2.81,-6.16,0.98
1.40,-7.39,0.61
1.16,-8.30,0.49
1.34,-8.30,0.37
1.40,-7.75,0.49
1.22,-6.77,0.49
1.53,-5.98,0.43
1.83,-4.94,0.61
2.14,-3.85,0.92
2.56,-3.05,1.10
2.56,-2.44,1.28
2.62,-1.83,1.28
2.75,-1.46,1.28
2.56,-1.10,1.22
2.38,-0.92,1.34
2.20,-0.79,1.22
2.26,-0.67,1.40
2.32,-0.73,0.98
2.26,-1.04,0.61
2.20,-1.22,0.31
1.95,-1.28,0.12
2.01,-1.10,-0.12
2.32,-0.67,0.37
2.32,-0.37,0.79
2.38,-0.55,0.98
2.32,-0.98,1.28
2.50,-1.34,1.34
2.62,-2.08,1.16
2.38,-2.81,0.85
1.77,-3.72,0.24
1.04,-4.52,-0.12
0.49,-4.88,-0.43
0.18,-4.88,-0.43
0.67,-4.21,0.06
1.77,-3.23,1.65
3.05,-1.83,5.86
4.94,0.73,15.50
6.84,4.94,25.21
9.46,7.32,26.31
12.15,8.91,31.07
13.18,13.79,44.68
15.87,18.62,59.14
16.36,20.14,68.24
15.87,24.84,73.85
15.01,27.71,77.94
16.36,31.86,87.28
18.98,33.14,92.35
18.37,28.75,85.08
16.78,24.29,61.52
13.49,23.01,51.03
10.01,23.44,44.74
7.69,16.66,42.72
5.74,11.23,29.36
5.31,8.61,24.48
3.60,3.60,12.15
4.94,1.28,0.00
4.15,-0.31,-3.60
0.67,-2.56,-5.62
-4.94,-5.19,-8.91
-10.31,-7.26,-11.72
-14.28,-7.93,-15.20
-17.88,-8.06,-21.06
-23.62,-5.86,-30.03
-30.33,-0.31,-36.07
-35.89,3.66,-42.11
-42.97,8.97,-47.12
-47.67,19.17,-51.76
-50.60,29.36,-56.64
-51.64,37.96,-58.35
-50.54,41.44,-54.02
-48.77,39.49,-44.80
-44.49,32.78,-34.55
-40.16,23.86,-24.78
-35.77,14.53,-14.59
-31.01,6.10,-3.66
-26.06,0.31,6.35
-23.01,-3.97,14.28
-22.09,-9.03,20.39
-21.55,-15.69,25.76
-21.12,-23.93,31.62
-19.23,-33.81,36.68
-16.54,-42.85,36.32
-8.67,-33.57,16.54
1.83,-17.82,1.34
15.14,-11.78,3.48
18.07,-11.54,11.23
25.63,-2.50,13.12
35.10,3.17,15.08
43.52,6.23,17.27
48.10,4.09,17.58
49.32,-3.66,17.40
48.95,-11.54,19.84
48.52,-9.58,14.65
49.68,-9.77,12.82
52.55,-8.54,16.78
59.94,-16.91,19.84
70.13,-24.96,21.12
79.41,-22.16,17.40
87.28,-29.91,19.59
94.85,-38.45,22.09
101.50,-38.15,19.35
105.59,-37.60,21.30
110.17,-36.32,25.45
115.66,-26.49,23.80
122.25,-29.42,22.77
130.00,-31.56,23.62
131.53,-29.66,26.31
125.61,-31.80,20.69
107.18,-31.07,14.77
88.07,-30.33,9.40
65.12,-21.48,4.33
45.90,-15.44,-0.61
30.82,-8.91,2.56
23.13,-7.93,2.26
20.32,-0.55,3.66
15.87,5.19,5.68
12.21,0.12,4.52
7.81,-2.14,3.17
3.30,-5.37,1.83
-0.73,-7.87,1.28
-4.39,-8.97,0.37
-7.45,-8.24,-0.61
-9.89,-5.62,-0.98
-10.93,-2.01,-0.98
-9.70,3.05,0.00
-7.14,9.58,1.89
-4.88,16.24,4.15
-3.30,22.46,6.16
-1.95,28.02,7.81
-0.18,31.74,8.91
-1.40,33.51,8.18
-5.49,33.14,5.92
-12.82,32.04,2.81
-19.90,32.65,-0.37
-27.47,36.01,-3.17
-32.53,45.17,-8.30
-29.30,55.60,-9.22
-23.80,69.09,-16.48
-18.43,86.49,-36.56
-14.16,100.52,-56.40
-10.25,108.58,-68.54
-5.86,111.15,-72.45
-2.69,105.10,-70.19
-0.12,94.79,-65.37
1.77,83.37,-62.26
4.64,72.57,-61.52
7.63,63.84,-61.28
10.25,57.50,-59.51
12.39,54.32,-55.42
12.94,53.71,-49.07
11.11,54.14,-41.75
10.56,54.69,-35.16
10.62,52.92,-29.85
9.52,48.77,-26.06
8.54,42.66,-25.02
7.39,35.58,-26.37
5.43,27.77,-27.59
3.23,20.69,-26.00
1.77,14.59,-21.85
-1.16,8.97,-16.66
-4.46,4.39,-12.08
-7.75,2.14,-8.97
-11.54,2.93,-7.26
-15.26,5.25,-6.84
-19.10,7.32,-7.26
-21.67,8.42,-7.69
-21.97,8.91,-8.18
-24.17,8.00,-6.84
-22.77,7.87,-4.64
-20.32,8.79,-2.50
-17.52,9.16,0.73
-16.48,8.18,4.15
-16.30,5.92,6.65
-15.63,0.73,7.63
-16.17,-6.41,9.28
-19.17,-13.92,11.23















-,-,-
-0.12,-2.14,1.40
0.49,-0.31,1.04
0.92,0.73,0.37
1.04,1.34,0.12
1.22,1.83,0.37
0.98,2.32,0.61
0.73,2.26,0.55
0.43,2.01,0.24
0.31,2.01,-0.06
0.49,1.83,-0.24
0.18,1.16,-0.18
-0.24,0.67,0.12
-0.49,0.55,0.55
-0.61,0.24,1.22
-0.49,-0.31,1.59
-0.24,-0.73,1.65
-0.06,-0.85,1.59
0.24,-0.79,1.22
0.31,-0.43,0.43
0.06,0.06,-0.24
-0.24,0.55,-0.24
-0.18,1.04,0.00
0.00,1.59,0.12
0.12,1.28,0.37
0.18,0.98,0.61
0.24,0.98,0.55
0.12,0.79,0.31
0.12,0.55,-0.12
0.43,0.18,-0.12
0.37,-0.37,0.37
0.37,-1.16,0.43
0.12,-1.89,-0.24
-0.85,-2.14,-0.49
-2.32,-2.20,-0.67
-4.46,-2.50,-0.98
-5.80,-2.99,0.00
-5.80,-5.43,1.34
-5.86,-10.31,2.20
-5.92,-17.46,2.01
-7.45,-23.86,2.01
-8.54,-26.61,4.21
-8.00,-28.93,7.75
-6.29,-32.41,11.47
-7.14,-28.50,8.00
-6.23,-18.49,-2.08
-1.10,-14.10,2.87
-0.31,-10.31,4.27
2.69,-4.33,3.60
4.39,0.12,8.73
8.36,2.32,20.39
11.05,6.23,41.32
17.40,10.31,65.86
23.56,12.63,82.28
26.86,14.53,80.63
28.44,15.14,80.63
28.50,16.42,81.42
28.93,17.58,85.02
28.93,15.44,82.34
26.92,14.40,74.46
23.44,10.93,58.23
19.17,7.57,54.08
14.16,5.13,46.75
8.30,3.05,33.75
4.46,-0.24,9.83
2.93,0.06,12.94
3.42,1.04,13.98
3.30,0.31,0.85
3.66,0.55,-3.30
3.54,-0.06,-5.43
-0.06,-2.32,-10.62
-6.71,-5.43,-18.43
-14.47,-9.52,-30.58
-25.51,-14.10,-44.19
-36.87,-14.04,-50.90
-45.41,-9.40,-42.85
-48.16,0.31,-38.09
-48.95,12.27,-36.50
-48.28,21.61,-35.58
-46.81,27.28,-34.61
-44.25,27.16,-32.47
-40.89,23.93,-27.95
-37.11,18.98,-19.04
-34.61,12.21,-7.51
-33.26,6.84,2.81
-30.64,4.27,10.68
-26.18,0.06,15.63
-20.87,-9.16,19.17
-16.30,-22.16,22.77
-12.33,-26.43,15.26
-4.03,-19.90,0.61
14.83,-13.67,4.09
20.26,-12.70,10.44
28.69,-4.21,11.29
39.98,1.59,13.79
52.43,3.30,19.59
63.96,-0.73,24.35
75.62,-6.29,25.51
85.27,-13.92,30.09
93.26,-15.63,25.76
101.07,-23.74,23.74
111.45,-26.31,19.78
120.42,-31.01,22.03
128.54,-34.73,22.09
130.62,-37.90,15.56
129.03,-41.69,9.03
122.13,-39.31,9.40
116.15,-34.79,15.26
105.29,-29.17,12.88
93.99,-23.93,5.55
83.37,-22.52,3.78
72.88,-19.41,7.69
61.34,-16.78,2.81
47.97,-6.71,0.67
35.52,-0.73,2.20
24.66,1.53,3.30
18.68,-3.72,1.04
9.46,-4.09,1.83
1.89,-12.70,-0.85
-2.93,-19.96,-3.23
-5.62,-23.44,-4.39
-7.81,-23.86,-4.58
-9.77,-21.67,-4.58
-10.86,-17.58,-4.52
-12.33,-12.70,-4.46
-14.47,-7.75,-4.52
-16.78,-2.93,-4.82
-17.88,2.38,-4.64
-16.78,7.57,-4.03
-14.40,12.33,-3.97
-11.29,18.68,-5.31
-10.13,26.79,-1.71
-10.86,29.54,-5.25
-13.31,31.92,-19.17
-16.17,33.87,-31.68
-13.85,40.83,-39.73
-8.12,50.05,-45.90
-0.43,59.45,-52.67
7.08,67.38,-58.35
14.59,70.56,-59.88
21.12,68.79,-57.13
25.09,65.00,-52.55
27.77,60.24,-48.77
31.37,55.91,-46.57
36.07,51.94,-45.90
39.55,47.49,-46.63
39.73,43.03,-47.42
36.13,40.10,-45.72
29.24,38.02,-40.77
23.50,35.95,-35.58
19.29,31.86,-31.07
15.87,26.25,-27.34
12.51,18.86,-23.32
9.83,10.68,-19.65
6.96,4.21,-16.24
3.54,0.18,-12.63
0.61,-1.65,-9.09
-1.16,-1.95,-6.04
-2.75,-2.20,-4.03
-4.03,-2.87,-1.65
-4.94,-3.23,1.40
-5.07,-3.91,3.30
-4.94,-5.00,3.05
-4.76,-5.74,1.59
-5.19,-6.10,1.04
-5.43,-6.77,1.65
-5.92,-6.90,3.66
-6.29,-5.68,6.16
-5.74,-3.36,7.45
-4.70,-1.46,7.57
-3.11,-0.98,6.96
-2.14,-1.22,6.35
-1.46,-1.22,5.43
-1.22,-0.37,4.15
-0.73,0.12,3.23
0.12,0.43,3.23
0.55,0.06,3.85
0.49,-0.98,5.25
-0.18,-2.08,6.59
-1.28,-2.75,7.26















-,-,-
0.79,-0.85,2.26
1.04,-1.16,2.26
1.22,-1.22,2.08
1.34,-1.28,1.53
1.22,-1.65,1.28
0.98,-2.20,1.22
0.98,-2.75,1.34
1.28,-3.36,1.53
1.77,-3.78,2.32
1.89,-3.66,2.69
1.34,-3.48,2.62
1.28,-3.48,2.08
1.46,-3.72,1.59
1.59,-4.15,1.16
1.53,-4.58,1.16
1.10,-5.92,1.28
0.37,-7.63,1.53
-0.37,-9.46,1.89
-0.92,-11.47,2.62
-1.59,-14.47,3.30
-2.87,-17.09,4.09
-4.46,-19.53,4.46
-5.55,-18.86,2.93
-4.21,-12.94,-1.95
-1.46,-10.99,-3.42
0.00,-10.44,0.55
2.81,-5.92,0.79
6.04,-1.59,-0.55
7.87,0.06,1.10
8.48,1.71,1.77
8.24,1.95,2.56
8.00,-0.98,2.69
5.80,-5.37,1.16
2.01,-10.80,-0.55
-1.71,-15.87,-1.89
-3.91,-19.35,-2.62
-5.13,-21.12,-3.05
-5.86,-21.12,-2.56
-5.86,-20.02,-1.59
-5.37,-17.88,0.06
-4.27,-14.40,5.55
-2.56,-9.52,21.73
-1.46,-1.95,49.80
-1.28,9.77,82.70
0.67,20.94,102.42
3.60,26.25,110.66
6.41,25.45,114.62
10.50,27.10,109.07
14.47,31.49,102.66
16.91,32.04,91.31
18.25,27.34,74.22
19.23,15.56,62.56
17.52,16.36,46.81
13.24,10.19,35.83
10.25,6.90,28.69
10.01,6.96,23.99
8.61,5.19,21.97
8.24,5.31,16.91
6.47,2.62,9.09
5.55,-1.71,-3.78
4.46,-3.11,-8.48
2.69,-4.03,-12.45
-1.83,-4.21,-18.86
-10.68,-5.25,-26.18
-20.45,-5.43,-39.49
-32.04,-2.26,-59.39
-44.37,-2.75,-63.84
-56.03,1.89,-55.18
-64.39,14.95,-49.32
-68.54,27.89,-48.77
-70.80,35.46,-50.17
-70.19,36.38,-51.15
-66.53,30.27,-50.35
-61.52,19.23,-46.75
-56.09,6.71,-38.39
-48.71,-4.70,-24.17
-40.59,-15.87,-5.49
-35.40,-28.38,13.00
-32.47,-40.28,26.37
-29.36,-51.09,33.81
-19.96,-44.98,21.36
-12.15,-32.47,2.20
8.36,-26.18,-0.31
19.23,-25.33,7.51
30.46,-11.60,11.66
46.26,-0.98,14.10
63.90,-0.12,19.90
79.16,0.37,24.66
92.22,-10.25,32.78
103.39,-18.31,34.79
111.63,-25.70,30.82
116.64,-31.68,29.05
121.95,-30.09,36.50
126.04,-33.26,38.21
128.17,-37.72,33.63
124.63,-36.93,29.79
117.07,-31.37,26.18
107.97,-34.73,22.34
99.91,-27.40,18.86
91.00,-20.75,21.85
83.98,-15.93,20.02
76.66,-11.72,20.45
65.86,-8.85,20.81
56.34,-5.68,18.19
43.33,7.87,15.44
31.13,8.73,13.67
26.18,1.28,11.60
20.20,3.91,8.48
13.92,0.31,5.25
9.70,-4.15,2.93
9.03,-6.90,1.28
12.70,-7.08,0.98
15.81,-5.19,2.08
16.05,-2.62,2.69
13.49,0.00,3.30
10.38,2.87,2.99
7.14,5.07,2.87
3.42,6.59,2.99
-0.73,7.63,3.23
-5.19,7.87,2.75
-10.19,7.75,1.10
-11.29,8.00,-0.67
-8.00,9.64,-1.28
-4.70,12.76,-0.92
-3.11,15.69,-0.67
-3.78,17.82,-1.34
-4.15,19.84,-2.26
-3.91,21.91,-2.44
-6.90,24.11,-2.81
-12.63,25.76,-4.27
-19.53,26.55,-7.14
-24.90,28.38,-10.86
-28.75,42.30,-17.94
-28.56,72.75,-27.53
-21.24,98.63,-32.47
-5.55,113.89,-33.87
11.23,119.14,-32.59
22.89,118.96,-29.30
28.81,109.19,-25.15
30.46,85.27,-21.30
26.92,56.52,-18.19
20.14,30.88,-15.50
11.17,13.73,-13.00
4.70,8.18,-10.01
2.99,9.89,-5.25
3.91,16.42,0.67
5.55,24.29,7.32
6.77,30.27,13.00
8.12,32.10,15.81
8.79,29.66,13.61
6.96,22.40,7.69
2.62,14.10,1.71
-3.72,5.00,-1.04
-10.38,-3.11,-0.79
-15.01,-10.80,0.37
-18.55,-19.23,0.24
-21.42,-26.00,-1.59
-22.34,-28.50,-3.54
-20.02,-26.18,-4.21
-15.38,-21.67,-3.17
-10.68,-15.38,-2.08
-7.81,-7.51,-3.05
-6.65,0.31,-6.29
-8.67,7.20,-11.05
-11.84,10.44,-14.89
-15.56,8.42,-15.08
-20.26,0.92,-12.15
-24.66,-7.81,-8.67
-29.30,-15.44,-6.71
-33.02,-19.71,-6.16
-35.10,-20.32,-6.35
-35.46,-18.86,-6.23
-33.39,-15.75,-5.19
-30.70,-12.57,-4.58
-25.88,-10.31,-4.76
-23.01,-7.69,-5.49
-21.18,-5.19,-4.27
-18.07,-3.11,-1.10
-15.63,-2.01,1.95
-13.00,-2.44,2.69















-,-,-
1.65,0.79,0.43
0.79,0.67,0.43
0.61,1.28,0.24
0.43,1.40,0.18
0.73,1.10,0.43
1.16,0.61,0.79
1.28,0.43,0.73
1.16,0.37,0.85
1.59,0.18,1.04
2.01,0.12,1.10
2.08,-0.24,0.98
1.65,-0.79,0.67
1.77,-1.16,0.43
1.83,-0.92,0.37
1.83,-0.98,0.24
1.46,-0.55,0.24
1.10,0.06,0.18
0.79,0.31,0.55
0.67,0.18,0.43
0.92,0.00,0.06
1.28,0.00,-0.24
1.59,0.31,-0.61
1.53,0.37,-0.85
1.59,0.06,-0.98
1.77,0.24,-1.10
2.20,0.43,-0.85
2.14,0.24,-0.73
1.89,-0.18,-0.85
2.08,-0.43,-0.85
1.95,0.00,-1.10
1.95,0.55,-0.92
1.89,1.10,-0.55
1.77,0.98,0.06
1.77,0.55,0.67
1.59,-0.37,1.22
1.53,-1.77,1.16
1.10,-3.85,0.55
0.12,-5.62,0.12
-0.12,-7.32,1.65
-0.55,-12.63,3.23
-2.81,-17.94,4.21
-5.00,-22.58,5.13
-6.29,-27.47,6.10
-7.20,-32.10,8.79
-8.42,-31.49,9.77
-6.35,-21.36,0.18
-3.23,-15.75,-2.93
-3.30,-12.57,1.95
0.85,-4.39,2.56
5.31,4.03,4.27
6.84,11.23,11.29
8.85,15.93,19.29
12.45,15.81,29.42
14.04,14.59,37.66
12.70,16.48,36.13
10.93,16.54,44.62
6.29,15.26,58.53
3.30,16.42,75.87
3.23,19.23,82.95
7.57,21.48,89.90
11.05,21.67,88.62
13.12,20.63,80.44
11.17,20.14,75.56
9.22,19.35,65.73
5.80,16.36,61.71
3.97,11.78,46.33
2.87,8.30,36.32
2.08,4.88,28.93
2.99,3.54,31.19
3.48,2.20,21.67
3.66,1.71,10.93
2.38,1.04,3.60
1.53,1.53,-0.79
0.43,2.20,-3.60
-1.77,1.65,-6.71
-4.70,0.24,-11.72
-9.03,-1.46,-21.00
-14.34,-1.71,-31.74
-21.61,-6.65,-42.66
-29.60,-8.12,-47.36
-39.00,-3.05,-47.91
-45.90,5.55,-46.88
-49.07,17.15,-45.47
-48.95,24.48,-43.88
-45.29,25.63,-41.50
-41.93,20.14,-35.95
-43.70,13.06,-27.71
-45.10,8.36,-19.78
-43.58,5.00,-12.51
-37.17,-0.92,-3.91
-29.79,-12.21,8.24
-24.78,-27.34,21.79
-21.79,-41.81,29.54
-14.77,-37.72,16.97
-4.94,-22.09,-0.24
9.40,-18.49,1.40
17.88,-20.39,7.26
26.43,-7.75,9.09
36.80,0.49,12.76
49.93,7.08,17.82
60.36,9.89,21.67
68.24,1.53,26.49
75.50,-5.55,32.29
80.51,-8.79,32.47
83.31,-18.43,27.47
84.29,-24.17,25.82
85.94,-26.98,26.86
91.31,-31.19,23.01
99.43,-29.66,26.18
105.96,-34.61,30.15
111.88,-26.43,28.93
108.83,-20.51,27.83
105.16,-20.39,25.02
97.53,-11.90,24.17
83.74,-11.23,24.29
67.99,-15.50,16.42
54.69,-4.94,14.04
44.25,-10.93,14.83
42.54,-7.57,8.06
42.79,-11.11,7.08
41.93,-12.39,5.98
39.12,-12.76,2.62
34.73,-7.63,3.36
30.58,-2.93,2.93
28.50,-1.89,3.91
23.50,5.25,2.56
17.94,-6.47,0.37
14.77,-3.30,-2.14
9.28,1.04,1.16
6.84,-0.61,2.69
7.75,-3.78,1.65
8.00,-5.68,0.43
6.47,-6.77,0.00
4.94,-3.85,1.22
3.17,1.10,2.56
3.05,2.99,3.11
3.42,3.42,2.99
3.17,3.23,2.44
3.30,2.62,2.32
2.81,1.22,1.53
2.81,-0.31,0.18
3.60,-1.46,-0.55
5.13,-1.83,-0.67
5.92,-1.53,-0.31
4.88,-0.92,-0.37
3.72,-0.43,-0.49
4.33,-0.12,0.18
4.82,-0.06,0.85
3.17,-0.67,0.49
0.85,-1.77,-0.37
-2.26,-2.62,-1.10
-6.04,-3.30,-2.50
-11.60,-3.11,-3.72
-17.64,-0.85,-4.70
-23.80,4.09,-5.98
-29.36,11.90,-8.06
-36.62,24.05,-10.01
-40.04,44.25,-10.99
-31.86,61.89,-7.26
-13.85,83.25,-6.10
6.65,105.29,-16.30
23.80,127.08,-36.13
37.41,141.91,-53.53
50.29,143.86,-60.91
61.77,132.32,-60.18
69.64,113.16,-57.25
73.18,92.35,-54.44
73.91,73.73,-51.94
75.74,57.68,-48.34
78.92,42.42,-42.11
78.92,27.95,-33.94
71.66,20.08,-26.12
58.17,22.71,-20.14
44.74,33.45,-16.91
32.47,45.10,-12.51
23.50,52.86,-4.94
15.87,52.43,4.27
8.18,43.09,13.92
-0.49,31.13,20.94















-,-,-
1.22,-0.18,0.31
0.67,-0.61,0.06
0.18,-1.16,0.06
0.18,-1.16,0.00
0.37,-1.16,0.06
0.92,-1.34,0.12
1.10,-1.59,0.24
1.28,-1.59,0.37
1.34,-1.46,0.31
1.16,-1.34,0.43
1.28,-1.22,0.61
1.10,-0.79,0.55
0.61,-0.79,0.12
0.37,-0.49,0.06
0.73,0.00,0.00
1.34,0.00,0.12
1.59,-0.37,0.43
1.53,-0.92,0.55
0.98,-1.40,0.61
0.43,-1.89,0.37
-0.49,-2.20,0.06
-1.59,-2.32,-0.12
-1.53,-2.14,-0.37
-2.01,-1.83,-0.61
-1.71,-1.40,-0.31
-0.92,-0.43,0.00
-0.49,0.24,0.24
-0.06,0.73,0.37
0.24,1.10,0.24
0.67,1.53,0.43
0.85,1.65,0.61
0.73,1.40,0.79
0.55,0.98,0.61
0.06,0.49,0.55
-0.73,0.24,0.31
-1.22,-0.06,0.00
-2.14,-0.31,0.06
-2.75,-0.24,0.24
-2.62,0.12,2.14
-1.83,1.65,8.24
-2.08,3.17,10.86
-0.85,3.54,9.03
0.37,7.08,27.65
1.83,9.95,50.60
7.32,13.85,54.32
9.77,19.84,62.81
9.89,24.23,81.30
10.25,26.86,91.80
14.28,27.22,92.71
14.83,23.80,95.83
14.71,23.62,86.61
21.97,24.60,76.60
13.73,23.80,70.50
10.68,19.35,59.27
8.85,15.08,56.64
4.46,14.53,44.49
4.21,10.25,37.35
1.77,8.12,27.47
0.12,3.97,9.77
-0.61,2.93,3.72
-0.85,2.99,0.79
-0.06,3.72,-1.40
0.37,3.97,-2.99
-2.26,3.42,-5.86
-7.75,1.59,-10.19
-11.72,-0.06,-13.98
-15.20,0.49,-15.26
-17.70,4.46,-16.17
-19.65,2.62,-15.32
-21.36,6.47,-18.98
-22.34,12.45,-24.35
-24.41,17.58,-31.13
-27.77,21.97,-39.79
-31.62,24.72,-48.58
-33.63,25.09,-56.03
-35.89,23.86,-59.63
-37.60,21.73,-58.11
-38.45,18.13,-52.61
-39.61,14.71,-44.25
-41.93,13.43,-33.08
-43.58,14.16,-20.63
-43.15,13.37,-8.54
-41.20,7.20,2.50
-36.62,-4.64,12.57
-35.22,-19.35,20.87
-35.34,-36.19,26.67
-33.69,-52.12,30.52
-31.01,-63.54,32.47
-23.80,-60.12,24.05
-12.39,-40.71,2.87
8.06,-29.91,0.73
21.67,-28.99,7.08
33.20,-14.22,14.95
43.76,1.46,17.33
53.96,10.74,20.08
59.75,13.12,21.12
61.65,3.05,21.36
63.17,-10.74,25.09
68.66,-18.86,27.65
75.32,-22.77,27.71
87.77,-29.42,26.92
104.25,-36.80,31.92
120.36,-38.02,38.57
129.76,-38.57,44.07
130.49,-38.64,42.60
121.95,-31.92,35.71
109.62,-20.63,32.04
99.73,-23.32,27.10
94.36,-17.52,25.02
90.76,-15.26,21.61
88.07,-22.28,19.65
77.51,-19.47,14.10
67.08,-17.70,12.76
56.82,-16.91,13.37
52.67,-6.65,11.78
50.60,-4.82,12.08
50.66,-0.61,11.47
43.88,7.87,8.00
36.19,-8.48,5.13
29.91,5.43,2.56
20.87,5.68,4.52
17.76,-4.46,5.68
13.73,9.09,2.44
5.86,4.82,1.83
1.53,-2.81,0.98
-2.69,-2.50,-1.16
-8.48,-2.99,-1.46
-13.24,-4.33,-1.53
-16.66,-4.58,-2.01
-20.45,-3.23,-3.78
-23.74,0.31,-5.07
-26.43,7.08,-6.16
-28.75,17.21,-7.39
-28.69,30.94,-8.00
-25.39,49.87,-8.18
-19.65,64.03,-8.79
-13.85,73.55,-6.59
-10.44,86.79,-8.54
-5.00,104.74,-22.46
1.40,123.05,-43.09
6.84,138.49,-59.63
10.38,149.35,-69.46
13.43,152.71,-72.27
14.34,148.62,-71.29
14.89,139.77,-67.81
17.03,123.84,-60.61
18.01,100.40,-51.27
17.82,76.23,-43.70
17.03,57.37,-39.49
14.28,45.41,-36.62
10.56,38.64,-32.59
8.54,34.06,-26.98
7.26,29.60,-21.18
6.04,24.29,-16.91
3.72,17.70,-14.83
1.65,9.34,-16.30
-1.28,-0.18,-19.84
-4.46,-9.22,-22.46
-7.93,-17.46,-21.85
-10.44,-24.60,-18.31
-12.02,-31.13,-13.18
-14.77,-36.07,-7.75
-16.85,-37.60,-4.09
-17.33,-35.28,-2.50
-17.52,-29.36,-2.01
-17.70,-20.87,-1.59
-16.66,-10.50,-0.37
-15.32,-0.98,1.83
-13.92,5.13,4.76
-12.76,5.80,7.14
-12.33,0.98,8.48
-13.61,-6.59,8.85
-17.40,-14.53,9.16
-22.09,-20.08,9.46
-24.66,-23.62,10.38
-26.18,-25.33,12.02
-25.76,-25.51,13.98
-25.02,-25.63,16.30
-23.99,-25.39,17.82
-23.38,-25.70,17.70















-,-,-
0.43,-1.10,0.49
0.79,-0.79,0.31
1.22,-0.55,0.49
1.40,-0.31,0.61
1.40,-0.12,0.55
1.59,0.00,0.55
1.77,0.12,0.79
1.89,-0.06,0.85
2.01,-0.12,0.67
1.95,-0.12,0.55
1.77,-0.18,0.79
1.46,-0.12,0.12
1.77,0.18,0.18
1.77,0.31,1.40
1.77,0.55,2.14
1.53,0.67,1.59
0.85,0.24,0.67
0.43,-0.31,0.00
0.18,-0.67,0.55
0.00,-1.10,0.43
0.00,-0.92,-0.67
0.61,-0.31,-1.28
1.04,0.37,-0.98
1.77,0.98,-0.79
2.01,1.40,-0.24
1.65,1.65,0.43
1.40,1.65,0.73
1.40,1.40,0.61
1.46,1.34,0.67
1.22,0.98,0.49
0.85,0.61,0.49
0.98,0.49,0.43
1.10,0.43,0.79
1.53,0.55,0.98
2.14,0.18,1.40
2.26,-0.06,1.46
2.44,-0.49,1.16
2.56,-0.92,0.67
2.69,-0.79,0.49
2.99,-0.55,0.73
3.42,-1.04,1.34
3.97,-1.53,1.77
4.88,-2.26,1.95
6.04,-3.66,2.32
7.08,-5.62,2.75
8.18,-8.42,3.78
6.53,-12.15,4.94
4.33,-14.89,6.04
1.89,-17.70,6.29
-0.67,-20.26,6.65
-2.38,-23.13,7.39
-3.05,-26.92,7.81
-2.93,-24.17,4.21
-1.83,-17.82,-1.04
1.83,-15.20,0.92
4.52,-10.50,3.36
5.62,-3.54,6.04
8.97,3.17,13.67
14.34,6.23,22.58
18.92,8.73,43.15
22.40,9.95,70.92
23.44,14.22,80.99
22.89,15.75,90.52
21.12,17.88,96.98
18.31,18.80,95.03
14.22,14.59,89.72
12.51,12.70,78.25
10.68,13.06,67.02
7.39,10.44,52.06
6.16,8.00,43.88
2.08,2.87,23.80
1.59,3.54,19.41
-0.49,4.64,24.35
-2.32,3.36,14.89
-2.38,3.30,-0.61
-3.54,2.75,-5.55
-4.21,2.32,-8.12
-6.04,-0.18,-12.45
-10.19,-2.93,-20.81
-16.66,-2.44,-33.57
-23.93,-4.39,-46.45
-32.35,-1.34,-57.25
-44.07,4.82,-59.81
-53.83,16.97,-58.29
-58.35,28.14,-56.34
-58.17,31.68,-52.49
-55.60,29.72,-47.06
-53.47,24.17,-39.92
-51.09,16.91,-30.21
-48.71,10.31,-18.01
-46.26,5.43,-5.37
-41.38,0.85,5.86
-33.39,-3.60,14.95
-27.47,-11.54,21.36
-24.05,-24.66,25.70
-20.45,-38.76,28.50
-16.11,-49.26,28.38
-7.93,-43.88,22.16
0.92,-22.89,8.67
18.13,-16.17,6.84
29.17,-13.98,13.31
41.26,-3.17,19.78
53.83,-0.31,19.59
60.55,-4.03,16.11
60.79,2.44,15.99
56.58,5.68,15.93
52.61,-4.33,9.70
53.89,-13.61,8.48
60.36,-16.66,10.93
73.00,-21.18,8.85
84.59,-28.93,9.52
91.06,-27.22,15.26
95.09,-24.41,14.65
97.47,-26.18,13.37
99.06,-25.27,13.49
99.06,-25.94,9.34
98.63,-26.00,10.38
99.18,-27.71,13.24
99.18,-27.71,24.48
94.73,-24.84,21.00
89.42,-26.31,14.16
82.21,-23.13,12.57
76.42,-25.82,4.94
68.36,-19.84,4.94
66.22,-21.97,7.39
62.19,-11.96,7.45
54.38,-16.24,4.39
41.63,-9.89,1.40
25.70,-11.23,-2.62
16.11,-13.92,-5.31
9.22,-3.78,-2.14
2.62,-2.44,1.16
-0.79,-8.36,0.61
-4.09,-14.89,-1.46
-8.18,-19.17,-3.54
-12.33,-20.08,-5.25
-14.71,-18.01,-6.41
-16.30,-13.79,-6.71
-16.91,-8.54,-7.39
-16.05,-3.78,-7.39
-13.73,1.40,-6.23
-9.03,7.57,-3.97
-4.46,13.37,-1.53
-2.56,17.94,0.49
-2.99,20.81,0.73
-4.21,22.77,-0.24
-7.20,24.41,-1.95
-10.19,27.10,-3.91
-10.93,32.04,-4.52
-10.74,38.82,-4.46
-11.35,48.71,-6.59
-10.19,48.28,-6.84
-7.39,49.01,-6.35
-4.03,53.47,-10.38
-0.98,59.51,-20.51
2.32,66.59,-34.24
4.58,72.33,-44.19
6.77,75.26,-47.55
7.81,74.28,-46.33
7.26,69.52,-45.10
4.64,63.29,-45.53
3.30,57.56,-48.52
2.14,53.10,-53.83
2.93,49.07,-60.12
4.88,44.98,-64.03
6.10,40.59,-62.93
6.53,35.95,-55.42
5.98,31.43,-43.27
4.82,27.28,-30.52
4.27,23.50,-20.14
2.93,20.20,-12.08
0.61,17.09,-5.92
-1.65,12.88,-2.08
-4.27,6.77,0.43
-6.84,0.43,0.73
-9.09,-3.91,-0.55
-10.07,-6.41,-2.32
-10.01,-7.63,-2.69
-8.91,-7.39,-1.40
-7.87,-7.14,0.61















-,-,-
0.49,-2.26,0.55
0.18,-2.69,-0.12
-0.06,-2.62,0.00
0.79,-2.56,0.61
1.40,-2.81,1.10
1.65,-3.85,0.98
0.67,-4.46,0.67
-0.18,-5.37,0.55
-1.53,-6.71,0.00
-1.83,-7.39,-0.79
-1.40,-7.26,-0.55
-0.73,-6.96,0.67
-0.49,-6.71,0.98
0.00,-7.02,0.67
0.24,-7.26,1.83
0.67,-6.41,1.95
1.95,-6.23,2.20
3.72,-7.14,3.05
4.70,-9.16,3.30
3.85,-11.47,2.93
1.89,-13.61,2.93
0.06,-15.56,2.93
-1.22,-15.50,2.38
-1.59,-14.89,2.08
-1.59,-14.04,2.56
-1.04,-13.85,3.54
-0.73,-14.71,0.37
0.49,-14.16,-3.54
1.16,-13.85,-3.11
0.73,-12.88,-2.62
1.04,-11.11,-1.53
1.34,-9.46,-0.31
1.40,-8.06,0.00
1.71,-5.98,0.31
2.87,-4.33,0.73
4.09,-3.54,1.10
4.46,-4.33,0.92
3.78,-6.23,0.37
2.01,-8.42,0.18
0.12,-10.38,0.12
-0.37,-11.05,0.55
0.67,-10.50,1.46
1.89,-8.42,3.30
2.75,-5.43,7.57
4.15,-1.40,17.76
6.96,4.82,43.46
12.02,10.07,70.50
16.05,17.46,74.71
19.29,23.68,76.42
19.41,27.22,80.75
20.51,34.18,92.41
19.29,30.52,93.51
18.07,25.76,86.79
18.49,26.00,81.79
16.17,23.32,82.58
15.69,25.76,79.35
12.51,22.58,62.56
11.54,15.75,60.91
8.85,15.14,50.66
5.92,10.25,29.91
4.52,4.76,24.78
0.61,2.56,18.74
-3.30,1.28,-0.98
-4.33,-0.49,-8.54
-7.02,-2.26,-10.07
-12.15,-4.76,-14.34
-17.40,-7.32,-22.64
-21.91,-7.20,-31.92
-28.26,-5.19,-42.79
-34.24,0.49,-54.02
-39.43,9.95,-59.94
-41.08,19.41,-59.27
-40.53,26.55,-55.97
-39.31,30.52,-51.57
-37.66,31.86,-47.67
-36.74,31.19,-44.56
-35.95,27.59,-40.53
-34.97,21.12,-32.29
-33.87,13.18,-19.53
-32.53,4.15,-3.30
-31.01,-4.09,13.43
-30.52,-13.00,26.43
-29.66,-23.74,33.26
-27.89,-36.80,37.05
-26.67,-49.56,39.12
-22.03,-50.90,34.73
-16.97,-36.38,14.71
7.26,-21.12,2.14
23.50,-24.29,8.61
31.31,-18.01,20.69
44.43,-5.00,23.56
56.70,2.20,25.88
64.64,2.44,27.89
67.50,-2.87,25.70
63.42,-12.57,15.81
58.90,-30.40,6.41
55.91,-33.63,7.93
58.65,-45.35,4.70
67.14,-43.88,0.85
76.48,-40.89,5.37
90.64,-41.44,11.72
98.75,-41.81,13.18
106.32,-37.90,8.73
113.77,-38.88,11.23
123.66,-36.19,14.77
134.52,-37.84,12.33
144.96,-38.09,14.95
137.27,-35.52,18.92
113.40,-28.20,8.97
86.91,-29.24,4.15
70.19,-28.02,5.74
58.47,-22.03,11.11
54.02,-16.48,13.92
52.61,-9.16,10.44
51.64,-5.62,10.74
42.18,2.26,13.18
28.93,9.58,11.41
16.78,7.69,7.75
10.68,3.66,5.07
8.91,-1.22,2.81
6.77,-4.64,1.10
4.58,-6.96,-0.18
3.23,-8.79,-1.95
2.56,-9.77,-3.05
1.53,-10.13,-3.17
1.40,-8.79,-3.30
3.17,-5.74,-2.14
4.76,-1.89,-0.24
5.13,2.44,1.16
5.25,6.23,2.26
3.54,9.09,3.11
1.83,10.38,2.81
0.49,9.83,2.75
-1.22,8.54,2.01
-2.87,6.84,0.55
-3.85,5.25,-0.73
-4.33,4.64,-1.34
-4.27,4.33,-2.38
-4.27,4.39,-2.69
-4.46,4.27,-2.69
-5.31,4.21,-3.11
-6.04,4.39,-2.93
-7.26,4.88,-2.93
-8.48,5.55,-3.54
-11.29,6.47,-4.27
-16.17,6.90,-5.98
-22.89,8.24,-9.28
-31.80,10.01,-12.63
-41.32,15.20,-16.66
-50.60,23.07,-23.13
-56.95,35.16,-27.47
-59.51,53.41,-36.93
-54.57,72.14,-53.10
-47.36,82.95,-69.40
-41.93,85.33,-82.09
-36.56,82.03,-92.16
-33.63,75.07,-100.71
-34.18,67.26,-108.09
-39.31,61.65,-113.59
-47.18,59.45,-115.66
-53.77,61.34,-114.56
-56.03,65.67,-110.47
-54.44,69.58,-104.06
-49.87,71.17,-95.76
-42.79,70.01,-86.55
-36.87,67.50,-77.27
-36.25,64.94,-69.27
-36.19,61.83,-64.51
-35.46,59.02,-63.78
-37.90,56.82,-64.51
-37.05,56.03,-65.67
-34.48,57.13,-66.22
-33.81,61.71,-67.02
-31.92,67.81,-65.49
-27.28,72.81,-61.71
-20.87,73.00,-58.29
-12.39,66.53,-55.48
-9.03,54.32,-52.73
-13.37,39.31,-50.72
-20.51,23.50,-49.80















-,-,-
30.21,-22.28,82.34
23.93,-16.85,63.60
19.17,-1.83,46.88
16.05,13.55,41.08
16.91,21.79,46.51
17.82,23.99,51.76
12.33,22.40,51.88
6.71,13.79,44.86
1.77,0.79,30.70
-2.08,-10.07,15.14
-3.11,-14.59,4.70
-3.91,-10.07,1.71
-4.21,0.24,4.39
-0.06,12.88,9.83
8.00,18.68,17.33
13.55,12.39,23.13
11.17,-0.73,24.17
4.70,-14.77,21.79
-2.93,-25.33,18.68
-7.39,-31.07,18.13
-5.98,-34.61,23.32
-2.14,-38.09,30.33
5.55,-41.20,33.45
8.36,-43.21,29.17
7.51,-41.08,21.36
7.39,-35.22,17.15
8.73,-30.64,18.68
9.64,-29.54,23.25
8.97,-34.00,26.92
8.54,-40.95,28.75
5.74,-40.28,27.71
4.15,-27.53,24.35
8.42,-10.93,19.04
13.00,5.80,12.21
19.04,26.06,5.37
19.71,31.80,-0.18
17.33,23.93,-3.60
14.59,15.32,-1.65
8.42,8.06,7.02
2.56,1.34,14.89
-1.16,-5.07,15.32
-3.17,-11.35,7.69
-5.55,-18.19,-4.15
-8.91,-26.49,-16.54
-11.84,-33.75,-26.73
-12.88,-37.54,-33.45
-11.78,-37.48,-36.93
-7.63,-34.42,-39.12
1.04,-29.97,-38.76
9.52,-26.61,-32.47
10.80,-24.60,-22.46
6.84,-17.27,-15.08
3.91,-6.16,-12.15
-0.31,-0.06,-9.64
-2.69,4.15,-7.02
-4.21,5.74,-4.39
-5.86,3.54,-1.53
-7.57,-0.85,0.85
-10.01,-5.19,1.59
-11.90,-8.79,1.16
-13.37,-12.21,1.71
-14.89,-14.40,1.16
-15.99,-15.99,-0.85
-15.20,-19.41,-2.32
-15.08,-22.40,-3.54
-14.16,-20.87,-4.39
-11.78,-15.50,-4.03
-9.28,-9.28,-3.60
-5.49,-4.27,-3.11
-1.10,-1.04,-1.71
0.55,2.38,0.00
0.49,6.47,0.18
-0.43,9.09,-0.98
-2.14,8.91,-3.85
-4.88,6.77,-6.84
-7.39,4.21,-8.97
-9.83,1.83,-9.64
-11.29,1.40,-8.73
-10.74,2.14,-6.65
-9.64,2.32,-4.82
-6.96,0.37,-3.11
-4.15,-3.05,-1.22
-3.42,-4.39,0.67
-3.23,-2.44,1.40
-3.60,0.49,-0.18
-2.56,2.01,-2.50
-2.01,-0.43,-4.21
-1.65,-4.27,-5.00
-1.77,-6.59,-4.58
-2.99,-7.02,-3.91
-3.78,-7.93,-3.23
-4.09,-9.89,-2.56
-4.46,-12.57,-1.83
-4.27,-12.51,-2.01
-3.85,-4.09,-4.21
0.98,-2.99,-3.23
2.26,-3.54,1.40
3.17,-0.43,4.52
5.86,1.77,4.70
7.93,2.08,4.33
7.87,0.43,3.97
8.30,-2.08,3.11
7.32,-5.07,2.14
3.30,-7.26,0.49
-2.26,-8.91,-0.98
-3.54,-11.11,2.62
-0.55,-13.31,21.97
-0.12,-6.71,40.34
8.18,-4.94,52.25
17.03,0.85,67.20
22.46,8.73,80.69
25.15,13.06,89.97
23.44,14.04,89.11
17.64,9.64,72.08
6.90,5.55,38.94
1.10,6.23,10.01
-3.48,1.40,19.29
-11.11,0.43,18.13
-14.89,1.10,-4.76
-17.82,0.24,-10.31
-23.99,0.61,-11.78
-29.79,6.77,-19.53
-34.48,19.17,-30.58
-38.09,26.67,-36.99
-42.24,32.96,-33.33
-41.75,41.99,-26.25
-41.26,47.79,-23.32
-36.38,42.36,-21.12
-29.36,27.47,-14.53
-22.40,7.08,-3.78
-16.60,-16.30,8.48
-13.31,-36.19,18.01
-11.66,-49.32,21.73
-11.66,-50.23,16.60
-12.08,-20.02,-4.39
12.33,-16.42,-8.06
21.61,-15.69,2.26
30.82,-9.70,15.93
48.22,-3.23,18.43
69.34,-15.50,21.48
85.88,-23.68,19.47
98.21,-26.61,15.93
104.98,-26.00,10.62
108.03,-23.99,13.31
105.41,-20.87,22.89
94.54,-16.24,22.16
75.38,-18.80,15.44
47.36,-13.85,4.76
28.75,-16.36,5.13
11.60,-6.41,4.64
2.99,-7.20,-0.67
-1.65,-17.15,-4.09
-3.11,-22.03,-6.53
-3.11,-20.14,-5.80
-4.39,-13.92,-3.48
-3.36,-5.49,-0.24
-0.92,3.42,4.64
0.24,11.47,8.73
-0.37,15.87,10.50
-3.11,16.85,10.13
-7.14,15.56,8.30
-9.83,13.55,5.74
-11.23,12.33,2.32
-11.11,12.76,-0.92
-10.01,17.70,-4.58
-7.45,24.84,-5.68
-5.62,36.19,-10.31
-0.55,53.28,-11.72
7.63,69.76,-10.62
15.69,82.89,-11.60
24.11,86.91,-12.27
29.85,82.34,-11.23
32.41,72.20,-10.13
33.57,61.40,-10.56
33.02,53.65,-12.33
31.86,48.03,-13.06
29.30,42.18,-11.35
26.06,34.97,-9.58
24.72,25.70,-8.85
23.50,12.27,-8.91















 
-,-,-
1.83,-8.85,3.30
1.16,-9.22,3.54
1.28,-9.09,3.48
1.10,-8.67,3.23
1.04,-7.02,1.95
1.40,-5.80,0.92
2.14,-3.30,0.31
3.42,-2.50,2.26
3.54,-0.92,3.42
4.09,1.04,3.36
4.70,0.79,3.30
4.46,0.00,3.36
3.36,-1.04,2.93
2.44,-2.08,1.40
2.08,-3.05,-0.18
2.08,-3.97,-0.18
2.32,-3.97,-0.12
3.30,-3.30,0.00
3.78,-2.62,0.43
3.97,-1.95,0.85
4.15,-1.40,1.04
3.97,-1.16,1.22
3.54,-1.04,1.46
3.36,-1.04,1.65
3.05,-1.04,1.89
2.99,-0.98,2.08
2.93,-1.16,1.89
2.81,-1.16,1.46
2.75,-1.10,1.10
3.11,-0.79,1.04
3.60,-0.73,0.98
3.36,-0.61,0.79
2.81,-0.79,0.37
2.81,-0.92,0.24
4.33,-0.49,1.34
5.74,0.67,5.00
9.40,2.69,16.48
13.00,4.46,29.66
16.24,7.63,36.25
20.14,9.52,49.74
19.29,13.67,53.22
22.22,14.65,54.87
23.01,16.05,60.97
24.66,20.02,63.29
23.50,15.01,63.05
16.42,14.04,46.45
14.71,7.57,32.84
7.02,4.88,23.01
1.77,1.46,8.79
0.37,-1.65,5.62
-1.95,-2.32,1.16
-5.80,-2.93,-2.32
-10.56,-3.60,-4.52
-14.04,-2.56,-8.00
-17.94,-0.55,-18.31
-19.84,-0.37,-29.11
-24.54,1.59,-32.35
-28.38,2.01,-30.94
-31.98,6.10,-26.61
-33.57,14.89,-23.32
-34.12,26.49,-21.85
-32.17,34.24,-20.81
-29.60,34.79,-19.96
-27.28,30.58,-17.94
-26.86,29.97,-14.95
-22.83,29.11,-8.54
-16.54,10.62,0.43
-14.65,-5.80,4.94
-11.17,-22.09,8.85
-8.54,-38.51,12.27
-5.43,-53.89,15.81
-2.87,-64.51,18.49
-8.79,-37.84,0.98
-0.92,-17.46,-11.60
12.33,-20.81,-5.62
12.27,-19.65,2.38
19.53,-10.13,5.62
32.90,-1.22,7.87
43.95,2.08,13.79
54.69,0.92,18.98
66.65,-7.14,20.45
78.49,-20.81,13.43
89.05,-21.36,11.90
97.84,-29.54,9.70
103.03,-23.93,9.16
102.42,-18.49,14.04
98.02,-14.59,16.30
89.17,-13.79,7.26
75.26,-11.54,4.64
60.61,-7.81,1.59
48.58,-4.88,3.11
38.94,-5.37,5.13
30.82,-1.46,6.96
21.85,-2.56,5.80
13.92,-6.77,2.32
7.57,-10.01,-1.34
2.99,-11.47,-2.99
1.16,-11.17,-3.05
0.98,-8.24,-2.56
1.22,-4.46,-1.71
0.61,-0.31,-0.61
0.49,3.66,0.31
1.40,6.96,2.14
2.62,9.22,4.27
4.64,9.64,5.74
7.81,7.87,6.53
10.44,2.62,5.37
9.89,-5.49,-0.37
6.96,-7.51,-7.08
2.50,-5.13,-3.91
-1.04,-2.20,-2.32
-3.11,4.70,-0.55
-5.68,9.89,2.38
-7.39,14.28,3.97
-9.77,21.67,2.75
-10.13,32.23,2.20
-11.11,44.92,1.95
-12.27,64.21,-1.34
-8.61,82.52,-6.35
-3.42,96.62,-12.57
2.62,104.37,-16.85
10.13,103.39,-17.82
16.66,95.03,-16.42
20.08,80.87,-14.10
20.81,65.67,-11.47
19.59,52.19,-8.85
17.03,40.22,-5.68
15.87,24.29,-1.04
12.76,5.07,3.42
9.89,-5.68,5.62
9.28,-14.16,6.23
6.35,-25.63,4.94
9.16,-44.80,3.05
11.66,-58.47,0.31
11.90,-57.56,-3.23
13.49,-51.27,-5.07
13.18,-42.36,-5.37
12.27,-30.33,-3.66
11.47,-18.49,-0.73
10.25,-9.09,1.40
8.73,-2.81,0.85
6.84,1.10,-2.20
5.43,3.05,-5.68
3.72,2.69,-8.06
0.18,1.34,-8.12
-4.03,0.00,-7.63
-8.30,-0.61,-8.30
-12.88,-0.18,-9.89
-16.24,2.75,-11.35
-19.10,8.06,-10.74
-20.57,11.35,-7.45
-22.28,9.83,-3.60
-24.05,5.92,-1.04
-26.86,2.44,-1.71
-28.75,0.55,-5.68
-30.03,0.55,-11.66
-32.10,3.60,-16.42
-33.33,9.58,-18.55
-33.20,16.72,-17.09
-31.31,21.42,-13.06
-28.32,20.87,-8.73
-24.54,14.89,-5.00
-21.42,4.94,-3.17
-18.92,-5.98,-2.14
-17.94,-14.83,-1.04
-17.52,-19.78,0.18
-16.48,-20.08,1.83
-14.47,-16.78,3.30
-11.05,-12.02,4.09
-7.08,-7.45,3.91
-3.66,-4.27,2.56
-2.08,-1.46,0.67
-2.87,1.71,-1.53
-4.70,5.00,-2.81
-6.71,8.24,-2.93
-7.14,10.50,-1.53
-6.35,11.90,0.67
-4.88,13.00,2.93
-2.99,13.31,4.21
0.06,11.84,3.78















 
-,-,-
1.53,1.83,1.59
1.65,1.77,1.34
1.65,0.98,1.28
1.53,0.06,1.22
1.77,-0.49,1.10
1.65,-0.73,0.92
1.34,-0.79,1.10
1.16,-0.73,1.04
1.16,-0.67,0.85
1.10,-0.61,0.67
0.92,-0.61,0.73
0.98,-0.37,0.67
0.98,0.06,0.79
1.59,0.06,0.73
1.83,-0.31,0.73
1.95,-0.67,0.98
1.71,-1.10,1.16
1.89,-1.71,1.16
1.95,-2.26,1.65
1.71,-2.50,1.89
2.01,-2.56,2.08
2.38,-2.87,2.14
2.69,-3.36,2.14
2.50,-3.54,2.32
2.38,-3.48,2.44
2.50,-3.48,2.26
2.20,-4.09,1.59
2.62,-5.19,0.98
3.54,-7.51,1.16
4.21,-11.23,1.40
4.33,-15.75,1.83
3.78,-18.74,2.01
2.26,-13.49,-1.89
4.94,-7.39,-2.62
7.20,-7.57,1.10
8.36,-5.92,5.00
8.97,-1.16,5.80
10.01,1.10,9.64
10.93,1.46,21.85
11.05,1.71,41.08
11.60,4.82,53.28
15.08,8.18,62.26
23.38,11.29,66.89
41.75,11.41,77.39
25.63,9.16,73.97
20.87,10.50,55.97
13.24,7.63,39.92
4.03,1.53,25.51
-1.28,1.53,11.72
-6.04,-0.79,2.75
-7.57,-3.36,-3.54
-7.51,-3.91,-4.46
-9.64,-4.09,-6.47
-12.94,-5.19,-14.65
-18.49,-5.86,-29.24
-24.90,-6.53,-38.33
-31.74,-8.73,-38.70
-38.02,-5.62,-35.46
-43.58,1.95,-30.88
-47.18,12.15,-25.94
-45.78,19.96,-21.12
-41.44,20.94,-15.56
-35.52,13.79,-9.46
-27.89,1.28,-2.99
-21.00,-11.84,3.66
-15.32,-22.77,10.01
-8.61,-31.01,16.42
-5.80,-30.33,13.85
-0.37,-11.72,-2.32
13.37,-10.38,-3.48
11.41,-12.15,1.83
14.89,-5.49,8.18
24.54,0.67,11.17
36.01,-0.85,15.63
47.61,-4.94,20.20
59.88,-4.64,19.29
73.18,-5.55,16.54
84.78,-8.42,15.99
95.46,-13.49,16.66
106.57,-18.74,11.29
109.56,-16.17,7.81
105.77,-14.53,8.91
96.19,-13.92,7.26
82.46,-7.51,8.36
68.73,-10.07,11.29
51.57,-4.46,9.40
38.94,-6.84,8.00
23.68,-5.07,5.98
13.37,-3.91,2.20
4.64,-9.95,0.55
1.77,-15.32,-1.65
-0.37,-16.24,-2.99
-2.01,-13.31,-3.05
-2.44,-8.06,-2.01
-1.89,-2.08,-0.73
-1.40,3.54,1.04
-1.04,7.57,2.56
-1.65,9.46,3.85
-3.17,10.01,4.15
-4.52,9.70,4.03
-5.07,9.16,3.66
-5.19,9.28,3.66
-5.49,9.64,3.85
-6.59,9.95,3.42
-8.24,10.74,1.77
-10.62,13.12,-1.95
-12.57,17.21,-4.39
-15.93,23.07,-9.70
-15.32,28.32,-17.70
-14.04,35.64,-16.85
-11.35,47.42,-11.96
-6.96,61.22,-9.28
-2.01,71.90,-9.64
3.54,75.44,-11.60
10.01,71.47,-14.04
14.59,65.86,-16.42
18.43,60.97,-17.27
21.06,56.70,-16.24
22.58,52.55,-13.18
22.52,47.67,-9.34
22.22,41.75,-5.98
22.28,33.81,-4.03
22.22,24.78,-3.36
22.28,14.89,-2.87
24.11,1.65,-0.85
23.50,-11.05,0.92
22.71,-18.31,1.53
20.45,-22.83,2.01
15.14,-23.86,2.75
9.22,-21.61,2.50
4.03,-17.64,2.01
-0.06,-13.55,2.01
-1.77,-10.19,2.44
-1.83,-8.97,1.95
-0.18,-11.54,0.61
1.40,-16.66,-1.71
0.18,-22.03,-3.66
-4.94,-32.71,-6.23
-6.53,-58.96,-9.40
-8.97,-84.05,-13.73
-11.90,-86.43,-17.64
-14.16,-75.56,-18.92
-14.83,-62.99,-16.91
-17.21,-45.17,-12.39
-19.84,-23.32,-7.32
-21.18,-3.72,-4.94
-22.77,12.15,-6.23
-21.79,24.60,-9.64
-20.57,32.71,-11.72
-18.80,36.80,-11.23
-15.63,36.87,-9.09
-13.31,33.02,-5.80
-13.06,26.98,-3.66
-13.18,20.39,-3.60
-13.55,14.40,-4.76
-13.61,10.56,-6.96
-11.96,9.95,-8.00
-8.24,12.88,-5.68
-3.78,17.15,1.46
-0.31,17.82,13.67
-2.50,11.72,25.39
-8.12,5.00,26.00
-12.76,3.36,10.99
-16.05,8.06,-11.29
-15.87,16.17,-26.67
-11.35,22.77,-25.88
-5.62,26.12,-13.00
-0.06,26.98,0.85
3.78,25.63,10.56
5.13,23.50,14.34
4.76,19.71,15.38
4.21,15.75,15.75
4.21,13.06,16.11
5.00,12.27,15.69
6.47,12.57,13.98
7.93,12.70,11.54
8.61,12.39,9.03
8.54,11.84,7.02
8.36,10.44,5.25
7.39,7.69,4.46















 
-,-,-
1.65,-1.65,1.28
1.77,-1.34,1.04
1.95,-0.92,0.85
2.32,-0.85,0.92
2.32,-0.67,1.10
2.14,-0.55,1.10
2.14,-0.24,1.10
1.89,-0.06,1.40
1.83,-0.18,1.40
1.95,-0.06,1.65
2.44,0.12,1.83
2.56,0.00,1.95
2.81,-0.43,1.83
2.69,-0.92,1.59
2.75,-1.28,1.40
2.56,-1.59,1.10
2.56,-1.40,0.49
2.62,-0.98,0.37
2.50,-0.55,0.73
2.20,-0.12,0.55
1.65,0.12,0.24
1.40,0.06,0.12
1.28,0.00,0.12
1.46,-0.18,-0.06
1.40,-0.43,-0.18
1.40,-0.79,-0.43
1.59,-0.85,-0.67
2.32,-0.85,0.12
4.64,-0.73,5.68
6.10,0.67,15.99
9.28,2.38,25.02
13.24,6.71,33.51
17.46,11.11,43.52
21.61,16.78,65.06
19.96,18.01,75.87
20.02,20.87,70.50
18.98,17.64,58.41
14.71,13.85,46.20
12.51,10.80,38.27
6.59,9.58,26.12
3.11,7.39,17.82
-2.44,0.79,9.09
-3.11,-1.59,0.31
-4.88,-2.14,-1.53
-7.87,-1.71,-1.83
-9.70,-1.28,-3.54
-12.15,-1.16,-5.31
-15.50,-1.71,-10.01
-20.08,-2.01,-18.25
-24.90,1.04,-21.85
-28.26,6.59,-20.20
-28.56,11.96,-15.87
-28.08,15.38,-13.06
-26.92,20.20,-15.56
-24.72,24.23,-19.04
-22.22,24.60,-19.78
-18.37,20.63,-17.52
-14.40,13.31,-13.43
-11.84,4.88,-8.36
-9.09,-2.44,-3.91
-7.32,-8.61,2.01
-5.86,-15.20,8.42
-3.85,-24.72,13.61
-2.26,-37.78,16.91
-3.85,-35.83,8.97
-5.62,-13.61,-7.87
4.46,-17.76,-10.74
2.81,-22.40,-3.78
5.00,-15.44,0.85
13.00,-7.81,3.17
18.80,-2.44,5.80
23.25,2.26,8.24
30.40,6.16,10.44
37.84,6.77,13.98
47.85,-3.97,17.21
60.42,-19.71,12.21
77.09,-28.32,7.39
86.79,-26.43,5.07
98.63,-32.71,5.62
101.75,-26.06,7.51
96.62,-17.64,9.52
84.35,-14.65,19.41
66.89,-10.07,19.90
53.10,-6.23,18.19
39.18,-3.91,15.63
30.40,-3.11,10.93
25.88,-13.18,9.03
19.59,-9.22,4.33
13.24,-8.24,1.46
8.42,-12.63,1.16
7.87,-14.65,0.92
6.96,-12.94,0.79
5.98,-9.28,1.16
5.00,-4.76,2.01
4.33,-0.37,2.50
3.48,3.48,2.75
2.69,5.92,3.11
1.16,6.59,3.11
0.00,6.10,2.62
-1.28,4.70,1.77
-1.65,3.36,0.85
-1.59,2.26,0.67
-1.34,2.08,0.37
-1.77,2.32,0.12
-2.81,3.78,-0.12
-3.54,6.16,-0.12
-5.00,9.09,0.49
-7.57,12.39,0.67
-11.05,16.36,0.43
-13.92,20.51,0.37
-15.99,25.45,-0.31
-15.81,32.35,-2.44
-12.02,37.05,0.49
-11.90,45.96,1.40
-9.58,62.38,-4.58
-4.94,78.55,-13.55
0.67,90.58,-21.12
7.75,98.51,-25.09
15.08,101.44,-26.18
23.44,99.12,-25.02
30.70,92.53,-23.74
33.39,83.86,-21.67
34.48,73.85,-16.60
34.00,61.83,-9.89
32.47,48.40,-3.78
28.20,35.22,2.08
21.73,22.03,8.42
15.63,5.00,15.20
7.81,-7.02,20.45
3.72,-14.34,25.21
-0.12,-20.57,28.75
-2.20,-24.48,30.33
-2.99,-26.67,29.60
-5.74,-27.71,27.77
-9.89,-29.85,24.54
-12.76,-41.75,20.39
-10.74,-63.84,17.64
-10.38,-76.54,13.18
-8.36,-73.91,8.42
-4.21,-69.58,3.78
-3.42,-63.23,-0.61
-3.85,-50.35,-3.30
-3.97,-33.02,-4.27
-4.70,-15.69,-4.46
-5.55,-0.79,-4.03
-4.58,10.56,-4.46
-3.05,17.09,-6.53
-1.53,18.55,-9.77
-0.73,16.17,-12.08
-1.04,12.33,-12.27
-1.95,8.12,-12.02
-2.50,4.88,-12.39
-2.08,2.93,-12.94
-2.08,3.60,-13.37
-0.73,7.08,-13.24
1.83,13.55,-11.41
5.07,19.59,-5.92
7.32,17.70,5.19
4.15,6.47,17.03
-4.82,-1.89,16.60
-13.85,1.65,-0.24
-17.09,12.76,-21.73
-13.98,21.30,-32.59
-8.36,22.83,-26.61
-2.69,19.10,-12.39
2.99,15.08,-2.01
6.96,11.96,2.20
7.75,10.07,2.62
5.62,9.83,3.11
3.11,10.62,5.07
1.34,11.96,6.71
1.10,13.43,5.68
2.44,15.38,2.87
4.39,16.78,0.06
5.19,16.42,-1.34
5.74,14.77,-1.71
5.31,12.15,-1.83
5.13,9.16,-1.89
5.19,5.25,-1.34
5.13,1.34,-0.43















 
-,-,-
1.77,-0.79,1.34
1.71,-2.26,1.89
1.65,-3.48,2.26
1.59,-5.13,2.62
2.08,-7.81,2.44
1.89,-10.86,2.38
1.46,-13.61,2.81
1.16,-16.24,3.54
1.16,-18.19,4.21
1.22,-19.59,4.52
0.55,-17.52,1.40
0.67,-9.40,-4.46
4.03,-7.81,-3.30
4.39,-6.84,0.06
5.07,-4.21,1.10
4.64,-1.95,1.53
4.27,-2.50,1.71
4.52,-3.72,1.22
4.33,-4.33,1.10
3.48,-4.88,1.16
2.44,-5.13,0.67
1.77,-5.13,0.37
2.08,-4.58,0.43
2.69,-3.91,0.79
3.05,-3.17,0.98
3.11,-2.44,0.98
2.81,-1.77,0.92
3.23,-1.53,1.04
3.78,-1.40,3.11
6.10,-1.22,13.00
6.84,-0.49,21.00
10.13,5.19,29.24
13.31,10.07,42.24
16.91,11.17,56.21
20.87,16.42,69.46
19.59,22.28,67.26
20.14,20.87,60.67
18.98,15.75,53.28
14.53,13.18,44.31
8.73,8.85,33.51
2.62,0.85,18.01
-1.16,-0.49,6.41
-2.93,-0.92,1.16
-4.76,-2.69,0.55
-5.86,-2.93,-1.10
-8.48,-2.01,-3.48
-12.39,-0.37,-6.71
-18.13,3.30,-13.85
-23.25,3.30,-23.74
-26.61,8.06,-26.12
-29.42,13.49,-21.12
-31.62,16.91,-14.89
-32.35,21.12,-12.63
-30.21,25.39,-13.73
-27.16,27.95,-14.53
-24.05,27.16,-13.18
-20.87,22.28,-9.64
-18.31,15.14,-5.25
-15.93,8.79,-1.65
-13.37,4.21,1.89
-10.62,-5.00,5.49
-8.85,-13.31,7.81
-6.23,-23.01,11.72
-2.99,-35.16,13.31
-4.76,-19.17,-2.50
5.37,-12.45,-6.29
9.16,-16.36,-0.85
12.15,-11.41,3.91
18.62,-4.09,6.59
22.22,1.71,8.42
24.05,3.85,9.52
26.12,1.22,10.31
27.16,-6.23,10.99
27.59,-7.63,9.16
31.62,-10.44,11.29
38.64,-20.02,14.04
49.80,-20.08,10.93
66.65,-27.89,7.14
83.44,-28.08,8.97
98.21,-30.52,8.06
106.75,-32.84,6.47
101.01,-27.83,2.62
93.32,-26.25,-2.99
83.92,-19.90,-1.77
76.11,-18.43,6.04
60.36,-5.74,10.80
47.61,-10.38,8.18
32.47,-6.35,3.48
22.03,-8.54,0.98
12.02,-5.31,2.75
6.71,-7.87,2.44
4.21,-12.21,1.10
2.38,-13.37,-0.18
1.40,-11.41,-0.61
1.22,-7.57,0.00
1.59,-2.81,1.16
1.65,1.59,2.56
1.46,5.25,3.42
1.04,7.57,4.33
0.67,8.48,4.46
-0.24,8.00,3.66
-1.65,6.96,2.50
-3.30,5.92,1.59
-4.33,5.55,0.73
-5.00,5.62,0.61
-5.49,5.98,0.24
-7.26,6.53,-0.61
-9.89,8.18,-1.40
-13.31,11.17,-2.01
-16.42,16.91,-2.87
-19.23,26.18,-2.62
-20.08,33.08,-1.10
-18.55,35.34,2.20
-16.48,37.17,7.20
-16.85,48.16,1.10
-11.54,62.19,-10.31
-5.74,74.16,-20.26
0.00,82.15,-25.51
6.71,85.88,-27.53
14.83,85.69,-28.26
23.01,82.70,-28.02
27.16,77.51,-26.25
29.17,70.07,-23.99
29.97,62.26,-21.06
29.97,53.04,-16.42
29.05,41.81,-10.50
27.16,31.68,-4.88
25.09,21.36,1.95
20.81,12.88,9.77
18.98,5.19,14.89
16.78,-3.36,16.91
13.31,-12.70,19.10
9.16,-21.48,20.45
4.94,-26.86,20.94
1.04,-29.30,19.96
-5.25,-32.35,15.69
-7.20,-45.78,9.46
-6.59,-63.90,3.11
-6.65,-70.98,-1.71
-3.85,-67.57,-2.87
-3.36,-61.58,-1.40
-4.46,-52.73,0.55
-5.80,-39.31,1.22
-6.04,-23.68,0.37
-5.74,-8.91,-2.26
-4.88,3.30,-5.68
-2.93,12.51,-9.83
-1.40,18.07,-12.88
-0.49,20.94,-14.59
-0.06,22.28,-14.34
-0.31,22.71,-12.33
-0.55,22.64,-10.86
-1.22,23.38,-10.44
-0.85,24.90,-10.19
1.10,26.49,-8.85
4.76,24.23,-5.00
10.99,11.72,2.69
12.76,-13.06,14.65
-0.06,-36.01,23.19
-21.12,-35.10,14.04
-32.17,-7.39,-11.84
-27.71,23.74,-32.41
-19.71,39.00,-31.31
-11.23,38.94,-15.99
-2.32,33.39,-2.20
4.15,28.81,3.78
7.32,22.28,3.97
5.55,14.59,2.69
2.69,7.69,3.42
0.06,3.78,4.33
-0.37,4.82,4.94
-0.18,8.30,5.80
1.46,11.90,6.04
3.54,13.00,5.19
4.39,10.80,3.85
4.21,7.63,2.14
3.72,5.68,0.67
2.99,4.03,1.10
2.44,2.38,2.81
2.08,1.34,4.33















 
-,-,-
0.92,-5.31,-0.73
0.73,-4.88,-0.18
0.73,-4.03,-0.12
0.73,-3.23,0.12
0.61,-2.08,0.67
0.85,-1.10,1.40
0.98,-0.43,1.77
1.22,-0.06,2.01
1.40,0.06,2.14
1.65,0.06,1.83
1.65,0.00,1.65
1.46,-0.24,1.34
1.28,-0.37,0.85
0.85,-0.73,0.37
0.79,-1.10,0.18
0.67,-1.22,0.24
0.73,-1.22,0.43
0.85,-1.10,0.49
1.28,-0.92,0.49
1.53,-0.79,0.85
1.83,-0.85,0.98
2.08,-0.92,0.98
1.89,-1.28,1.16
1.40,-1.71,1.22
1.40,-1.65,0.98
1.34,-1.65,1.16
1.65,-1.34,1.16
2.01,-1.04,1.10
2.50,-0.43,1.16
2.50,0.12,0.92
2.62,0.49,1.28
3.42,0.73,3.85
7.02,0.55,14.71
9.64,3.11,31.92
14.71,9.34,44.98
18.86,15.50,50.66
22.40,16.78,58.65
23.68,20.20,62.56
24.17,20.63,66.35
21.00,19.78,63.84
16.11,18.98,49.56
13.92,15.20,38.51
7.87,8.61,26.49
3.66,4.33,10.44
0.98,2.38,3.97
-2.14,0.85,3.60
-2.08,-0.06,2.01
-2.87,0.37,0.12
-4.64,1.34,-0.18
-7.45,2.99,-2.14
-9.52,5.13,-5.43
-12.76,7.39,-9.89
-15.32,7.93,-13.18
-20.45,15.26,-15.50
-21.06,19.59,-10.80
-21.48,16.48,-5.07
-21.73,15.38,-5.31
-22.16,16.78,-9.46
-22.58,19.10,-11.78
-21.97,20.87,-10.93
-20.81,23.99,-8.67
-18.62,24.90,-4.88
-15.93,13.31,-0.06
-12.82,0.98,2.56
-8.85,-9.16,4.94
-7.26,-18.55,8.18
-5.13,-26.12,12.08
-4.88,-21.42,6.84
-2.44,-6.96,-5.55
5.55,-10.44,-5.74
6.47,-13.31,-3.05
9.46,-10.07,0.24
13.61,-5.25,3.72
16.54,-1.83,6.59
21.42,0.37,8.06
26.73,-0.31,9.09
33.08,-8.61,10.07
37.41,-11.17,8.42
44.25,-15.93,9.95
49.68,-24.17,11.05
56.82,-27.47,4.82
65.12,-23.07,3.66
75.44,-27.65,12.33
87.22,-26.25,10.68
92.41,-21.73,11.05
88.93,-22.40,11.11
78.92,-16.91,10.19
62.50,-9.64,9.64
46.51,-8.30,6.96
32.84,-3.17,1.95
23.99,-11.66,1.83
14.59,-3.17,2.75
5.62,-7.39,3.23
2.44,-14.04,0.24
0.85,-15.81,-1.53
-0.12,-13.31,-1.95
-0.73,-8.67,-1.71
0.24,-3.11,-0.79
0.79,2.44,0.85
0.92,6.59,1.83
0.06,8.54,2.38
-2.01,8.24,2.69
-4.03,7.08,2.14
-5.07,6.47,1.46
-5.68,6.53,0.92
-6.10,6.77,0.24
-7.32,7.32,-0.55
-8.67,7.81,-1.04
-9.89,8.61,-1.95
-10.86,10.13,-2.56
-13.00,12.51,-2.38
-15.20,17.88,-2.56
-16.97,29.17,-2.69
-15.26,34.18,2.01
-13.43,33.63,9.03
-11.35,37.11,5.49
-5.55,42.48,-5.98
-0.67,46.81,-16.42
2.99,49.68,-22.16
7.63,51.33,-24.29
13.43,51.39,-25.33
18.37,48.95,-24.72
21.97,45.35,-22.95
24.54,42.97,-22.03
26.73,42.05,-21.48
30.15,40.22,-19.71
34.12,34.73,-17.09
37.29,25.45,-14.77
38.45,18.74,-12.51
39.86,13.92,-8.48
40.34,9.16,-3.54
38.39,7.93,1.40
35.89,9.89,6.04
32.29,12.88,10.56
24.96,16.85,15.20
16.30,20.14,19.71
6.65,22.09,22.28
-1.46,20.94,22.83
-6.47,15.32,22.58
-9.95,6.77,21.97
-13.12,-2.75,21.73
-14.10,-10.38,22.64
-13.73,-15.20,25.70
-14.40,-19.47,30.88
-17.88,-24.84,35.10
-19.17,-34.48,35.71
-19.84,-44.68,32.35
-20.75,-52.92,26.43
-20.81,-61.04,17.88
-21.00,-69.09,7.02
-19.17,-74.16,-3.91
-16.36,-75.20,-12.51
-12.57,-73.36,-17.33
-8.79,-70.37,-19.71
-7.20,-66.22,-23.80
-5.92,-59.57,-33.87
-6.47,-48.16,-50.29
-7.75,-30.40,-65.92
-5.92,-6.04,-71.17
-1.22,21.12,-62.87
5.37,46.51,-45.47
11.66,61.22,-24.48
13.06,58.04,-6.65
9.34,42.91,0.79
3.42,27.71,-3.91
-3.60,19.90,-17.94
-7.02,20.08,-31.56
-5.07,25.88,-34.06
-0.49,32.53,-23.99
4.15,37.11,-8.54
9.09,37.78,4.21
14.34,34.00,10.25
17.27,26.98,7.81
15.44,17.33,6.77
12.82,7.81,10.38
8.91,1.77,15.08
6.84,-0.92,18.62
5.98,-2.14,17.88
6.16,-4.21,12.94
5.13,-6.29,5.74















 
-,-,-
1.53,0.18,1.10
1.59,0.18,0.85
1.53,0.24,0.67
1.65,0.18,0.43
1.53,0.12,0.55
1.71,0.12,0.73
1.83,0.18,0.92
1.95,0.43,1.10
2.32,0.55,1.53
2.08,0.37,1.65
2.14,0.31,1.46
1.77,0.18,1.28
1.71,0.06,1.22
1.40,-0.24,1.10
1.34,-0.31,0.85
1.65,-0.12,0.98
2.01,0.18,1.22
2.01,0.43,1.53
2.14,0.67,1.65
2.20,0.67,1.65
1.95,0.43,1.46
1.77,0.24,1.04
1.46,0.31,0.98
1.53,0.24,0.85
2.01,0.31,0.98
2.14,0.24,0.98
2.01,0.18,0.98
2.69,0.18,0.61
3.66,0.31,0.55
5.49,0.98,5.92
10.56,2.93,21.42
14.47,6.41,37.60
17.94,12.33,50.11
23.19,17.94,57.19
24.48,18.49,63.90
23.50,15.69,58.47
19.41,16.97,47.49
17.33,15.20,35.28
13.98,11.60,34.61
8.79,7.63,25.57
5.00,4.27,7.26
1.28,0.31,0.92
-2.20,-1.22,1.34
-3.36,-0.61,0.37
-4.58,0.73,-0.61
-6.29,2.26,-0.49
-6.59,3.54,-1.77
-7.57,4.58,-2.75
-9.09,5.19,-3.72
-10.56,5.86,-4.33
-12.39,8.36,-4.82
-15.44,12.51,-8.67
-15.56,17.82,-7.39
-18.98,20.39,-1.22
-24.78,20.20,-4.27
-24.60,20.02,-12.15
-24.11,20.08,-15.44
-23.19,21.24,-12.33
-21.85,23.50,-7.14
-19.84,27.10,-3.23
-16.91,20.14,0.06
-14.34,7.57,1.10
-11.90,-3.42,1.89
-10.62,-10.74,3.78
-9.03,-15.99,6.71
-5.92,-21.97,9.58
-3.48,-19.23,3.85
-0.67,-7.45,-6.41
5.74,-9.89,-7.14
6.71,-12.63,-4.27
9.40,-9.46,-2.08
13.06,-7.93,2.38
16.24,-6.96,4.76
22.77,-7.75,4.58
28.56,-10.07,3.66
35.03,-13.37,4.70
41.87,-10.50,7.93
50.35,-19.65,6.90
60.18,-26.92,5.31
69.58,-30.09,3.78
78.55,-31.43,4.03
88.56,-38.70,8.73
96.07,-41.93,5.86
95.15,-40.53,-0.85
85.02,-37.29,-9.16
72.45,-32.41,-5.49
57.01,-25.88,-0.79
43.46,-18.01,2.01
30.52,-18.07,-2.50
20.69,-14.47,-3.48
9.46,-8.73,0.12
3.05,-11.29,-0.73
1.10,-16.60,-2.44
0.55,-17.46,-2.81
0.43,-14.77,-2.38
0.67,-10.44,-1.59
0.73,-5.49,-0.18
1.46,-0.55,1.16
2.50,4.21,2.81
3.36,7.57,4.03
3.66,9.09,4.58
3.60,8.61,4.70
3.11,7.08,4.64
2.14,5.19,4.03
1.16,3.97,3.30
0.79,3.42,2.69
1.34,3.42,2.81
2.20,3.91,3.11
2.93,3.91,3.05
2.62,3.72,2.69
1.28,3.54,2.14
-0.49,3.66,1.46
-2.08,4.76,0.73
-3.23,6.90,0.79
-4.94,9.89,1.04
-7.20,13.67,1.10
-9.64,17.88,0.49
-12.63,22.64,-1.16
-13.61,29.91,-3.85
-11.66,39.31,0.49
-12.70,54.87,0.12
-9.95,76.05,-13.43
-0.92,90.03,-30.33
8.73,94.91,-42.05
17.21,94.60,-46.51
24.66,90.58,-44.56
31.49,84.59,-39.55
36.01,78.98,-32.41
37.84,74.71,-24.72
39.73,70.98,-18.01
41.63,66.35,-13.61
42.85,59.02,-10.62
43.33,49.44,-8.36
43.33,40.83,-7.20
38.51,35.22,-4.94
28.14,30.27,3.05
17.64,26.92,15.38
7.93,24.41,26.98
1.83,19.10,35.28
-2.99,11.17,39.67
-7.51,2.08,41.26
-11.11,-6.41,41.38
-12.21,-13.98,40.34
-13.43,-21.24,38.09
-15.63,-27.10,34.97
-17.09,-30.88,31.56
-20.75,-31.19,29.30
-22.89,-32.65,26.55
-21.67,-39.43,24.66
-19.35,-40.34,23.19
-19.04,-35.22,20.20
-18.80,-30.64,14.59
-18.98,-27.89,10.07
-18.31,-24.23,8.48
-16.17,-20.75,7.81
-14.47,-17.40,4.64
-13.00,-12.45,-1.28
-10.31,-7.02,-6.65
-7.75,-0.92,-10.19
-6.84,6.90,-11.05
-6.77,16.17,-10.19
-6.71,24.72,-9.03
-6.47,30.82,-8.24
-5.49,33.33,-7.51
-4.88,29.97,-6.96
-3.54,21.12,-7.51
-1.04,9.58,-9.09
0.98,-0.73,-10.68
1.04,-7.51,-12.70
0.92,-11.11,-16.30
3.42,-13.06,-19.35
6.59,-14.16,-19.71
8.54,-13.98,-16.36
8.79,-14.04,-10.80
7.45,-13.18,-6.16
5.98,-11.96,-4.15
5.13,-12.39,-4.70
3.97,-13.79,-6.35
2.93,-15.75,-7.57
3.72,-18.31,-8.85















 
-,-,-
0.06,0.55,-0.92
-0.55,0.73,0.12
-0.85,0.73,0.85
-0.98,0.37,0.98
-1.34,-0.67,0.85
-1.40,-1.34,0.61
-0.73,-1.65,0.06
-0.98,-1.40,-0.49
-1.34,-0.73,-0.92
-1.77,0.24,-1.04
-1.22,1.04,-1.28
-0.24,0.55,-1.46
1.28,-0.98,-1.28
2.38,-2.01,-0.55
2.56,-2.14,-0.12
1.77,-1.77,0.43
0.98,-1.16,0.79
-0.12,-0.73,0.79
-0.55,-0.73,0.55
-0.24,-1.22,0.24
0.43,-1.83,-0.06
0.43,-2.01,-0.37
0.31,-1.53,-0.37
0.12,-1.10,-0.37
-0.55,-0.49,-1.28
-1.10,0.18,-2.38
-1.22,0.67,-3.17
-0.73,1.46,-3.36
0.37,1.95,-2.75
0.79,1.71,-1.04
0.85,1.46,0.49
0.92,1.10,1.16
0.37,0.43,0.73
0.31,-0.31,-0.37
0.24,-1.28,-0.85
0.37,-2.01,-0.79
-0.61,-2.62,-0.79
-0.43,-4.27,-1.28
-0.06,-6.65,-1.53
0.12,-9.64,-1.10
-0.43,-12.15,0.24
-1.16,-13.49,1.83
-1.40,-13.73,2.87
-1.46,-13.67,2.81
-1.10,-12.45,1.34
-0.24,-10.19,-0.85
1.16,-9.52,-1.28
1.95,-8.85,-1.28
3.78,-7.45,-1.46
5.07,-6.41,-0.43
4.64,-5.00,0.79
4.21,-4.09,0.12
3.91,-4.82,-0.37
2.32,-5.62,0.37
1.34,-5.92,0.49
1.65,-5.49,0.31
2.50,-5.00,0.73
3.30,-4.27,1.34
4.03,-3.97,1.59
4.03,-4.21,1.53
3.85,-4.70,1.65
4.09,-5.13,1.46
3.66,-5.62,1.28
3.42,-6.04,1.10
3.11,-6.16,0.67
3.48,-5.43,0.49
3.36,-4.27,0.31
3.30,-2.99,0.43
2.87,-1.95,0.79
2.56,-1.34,0.85
2.08,-0.98,0.98
2.20,-0.61,1.16
2.69,-0.61,1.16
3.91,-0.85,0.79
4.09,-1.22,0.18
4.46,-1.40,-0.49
4.27,-1.65,-0.31
4.15,-1.65,0.49
3.85,-1.28,1.16
4.09,-0.31,1.89
4.94,0.67,3.23
7.14,1.77,6.47
13.00,1.95,21.91
14.95,8.85,41.81
18.43,10.44,43.09
19.10,12.76,39.12
17.46,12.21,27.47
16.05,8.18,22.03
13.12,5.55,21.48
13.31,4.27,30.21
10.38,3.17,25.02
11.96,4.03,16.54
12.70,3.11,23.07
14.83,4.88,35.89
17.58,5.74,39.92
22.95,8.97,50.66
22.16,14.16,54.50
22.83,14.04,46.08
18.31,12.63,31.98
14.53,12.70,30.21
9.58,10.38,25.82
4.09,7.87,9.83
2.50,3.42,1.65
-1.95,0.31,0.37
-3.05,-1.22,-0.92
-4.15,-1.46,-1.95
-6.90,0.18,-3.42
-10.07,3.30,-7.14
-11.84,8.85,-14.04
-13.43,15.87,-20.51
-16.05,23.80,-20.02
-21.36,35.46,-14.16
-24.29,41.93,-6.35
-26.61,46.81,-4.88
-23.32,48.95,-7.57
-20.51,43.82,-8.97
-18.68,37.05,-8.00
-3.97,37.29,0.18
0.92,40.53,18.13
-2.93,18.80,25.57
3.42,-11.96,26.00
4.70,-29.60,24.23
5.62,-38.45,23.38
-1.95,-29.66,13.55
-2.69,-16.17,2.38
9.83,-23.07,1.04
19.53,-20.45,5.49
20.32,-9.77,9.22
21.30,-2.38,11.05
27.47,-5.92,9.52
38.02,-24.60,2.75
49.44,-37.78,-3.60
58.41,-41.99,-5.74
67.38,-46.26,-5.43
77.39,-48.65,-3.97
78.86,-40.71,-9.03
79.59,-36.68,-8.00
71.96,-35.22,-3.36
55.24,-22.34,5.98
39.00,-17.64,3.72
28.08,-16.36,3.17
18.43,-15.50,2.99
14.04,-11.29,0.92
11.17,-16.60,1.10
10.50,-20.08,-0.31
9.22,-17.03,-0.18
6.23,-13.12,0.67
3.78,-9.64,0.31
2.32,-5.80,-0.55
1.59,-2.20,-0.92
1.10,0.61,-0.24
0.98,2.56,0.12
1.10,3.30,0.67
1.34,3.23,1.46
1.16,2.26,1.95
0.24,0.85,1.95
-1.40,-0.31,1.40
-1.83,0.00,0.85
-2.14,1.95,0.73
-2.14,5.00,1.16
-2.69,8.67,1.59
-4.76,13.06,0.85
-8.67,19.41,-2.08
-12.82,29.17,-6.16
-18.43,43.76,-15.32
-18.74,56.95,-22.64
-16.91,67.99,-18.98
-16.66,83.98,-13.92
-12.27,99.24,-13.49
-6.77,108.52,-17.03
0.43,110.35,-21.24
7.02,104.37,-23.13
12.33,92.04,-22.22
16.66,73.06,-19.96
20.63,49.93,-18.31
21.73,33.69,-17.64
22.95,25.88,-17.27
23.44,25.02,-16.17
20.63,26.06,-10.99
17.94,24.66,-4.09















 
-,-,-
2.93,-3.85,2.14
2.93,-3.30,2.26
2.87,-2.75,2.44
3.11,-2.20,1.89
2.81,-2.20,1.22
2.38,-2.69,0.61
2.32,-2.99,0.43
2.14,-3.36,0.49
1.71,-3.72,0.55
1.28,-3.72,0.43
1.10,-3.66,0.37
0.85,-3.30,0.43
0.98,-3.23,0.31
1.40,-3.11,0.37
1.59,-2.99,0.55
1.46,-2.87,0.79
1.71,-2.20,0.79
1.89,-1.83,0.92
1.59,-1.65,1.04
1.40,-1.71,0.92
1.53,-1.77,0.61
1.46,-1.77,0.49
1.22,-1.89,0.24
1.10,-1.77,0.12
1.28,-1.59,-0.24
1.34,-1.40,-0.43
1.77,-1.16,-0.43
2.75,-0.73,0.24
3.54,-0.24,2.26
4.21,0.61,4.46
5.25,2.14,6.96
10.56,1.89,19.41
11.72,5.19,40.16
15.01,9.28,52.49
17.88,10.07,55.79
21.91,12.27,59.88
19.23,12.70,63.23
19.04,16.05,60.00
19.17,12.94,56.95
18.19,12.27,55.05
19.96,11.84,47.12
26.31,5.68,41.32
13.12,4.03,29.05
10.86,5.07,21.18
9.58,2.32,25.15
10.25,0.43,35.58
7.63,3.60,26.92
9.58,5.07,19.65
3.42,3.85,17.40
3.78,4.70,8.85
2.69,5.13,10.44
0.73,6.41,10.56
-0.18,7.32,5.07
-1.34,7.51,-0.12
-4.64,6.65,-2.08
-8.97,5.13,-5.07
-12.39,4.09,-11.84
-15.87,4.33,-23.32
-16.42,5.68,-30.40
-20.26,11.96,-27.53
-22.83,18.25,-23.56
-23.50,19.10,-17.64
-24.90,18.19,-12.08
-26.00,18.49,-9.52
-26.31,18.13,-9.83
-25.76,15.87,-10.80
-23.56,12.82,-10.68
-20.45,8.24,-8.42
-16.91,2.08,-4.94
-13.92,-4.52,-0.85
-12.88,-10.13,3.36
-11.47,-14.47,7.87
-9.22,-19.59,12.15
-8.00,-21.97,12.51
-6.41,-16.91,9.89
-4.03,-13.49,8.30
-0.55,-11.11,7.63
3.85,-9.46,6.23
10.31,-12.57,4.46
13.85,-10.31,5.37
16.05,-5.43,6.53
19.84,-1.95,7.63
23.07,-0.43,8.61
26.61,-0.92,10.01
31.07,-6.59,9.77
37.54,-18.80,4.33
42.91,-22.46,0.37
47.06,-24.54,-2.81
51.82,-13.92,-0.85
60.91,-22.22,2.08
67.57,-21.61,0.61
80.51,-20.32,4.52
83.44,-20.69,6.65
86.91,-11.84,0.37
88.26,-9.70,5.37
84.84,-8.24,2.62
81.54,-3.17,5.31
77.33,-5.43,4.46
71.35,-9.28,0.31
67.63,-8.91,3.30
61.22,-5.80,6.04
52.73,-2.50,3.48
40.22,5.62,4.39
26.79,10.44,6.53
14.83,0.67,3.72
10.25,-6.41,-1.04
6.35,-7.63,0.00
2.26,-8.54,-0.12
0.18,-9.83,-1.65
0.37,-9.95,-2.69
1.46,-7.93,-2.99
1.83,-5.68,-2.87
1.46,-3.17,-2.56
0.43,-0.92,-2.26
-1.46,0.85,-1.95
-1.89,2.20,-1.95
-2.26,2.93,-1.59
-2.75,2.93,-0.79
-2.32,2.56,-0.31
-1.77,2.08,0.06
-1.40,1.71,0.49
-0.61,1.53,0.92
0.31,1.40,1.16
0.67,1.10,1.10
0.00,0.49,0.79
-0.85,-0.06,0.24
-1.89,-0.31,-0.06
-2.38,0.24,-0.31
-2.50,1.16,-0.24
-2.93,2.93,0.12
-3.17,4.88,0.73
-3.30,7.14,1.34
-3.60,9.46,1.95
-4.33,11.66,2.20
-6.10,13.61,1.89
-8.36,15.38,1.16
-10.38,17.40,0.31
-12.15,19.53,-1.04
-14.16,21.79,-2.99
-14.89,24.48,-4.70
-14.40,28.26,-6.35
-12.45,31.01,-3.66
-11.47,29.17,3.91
-14.22,33.45,1.16
-13.85,40.59,-11.66
-11.35,45.17,-21.91
-10.62,46.57,-24.90
-9.34,46.02,-23.62
-7.20,44.01,-19.84
-5.86,41.50,-15.56
-4.76,39.37,-12.02
-2.99,37.17,-9.70
-1.10,34.24,-8.85
0.98,29.72,-7.45
2.26,24.90,-5.49
3.30,22.34,-3.66
4.46,19.71,-0.98
4.52,16.48,1.95
4.09,12.57,4.27
3.42,8.18,5.80
2.56,3.23,6.16
2.14,-1.59,5.37
1.46,-6.47,3.97
1.16,-10.86,2.32
1.40,-14.28,0.61
1.46,-17.15,-0.79
1.65,-20.08,-2.08
1.95,-21.55,-3.72
2.75,-23.32,-5.07
3.60,-25.39,-6.84
4.15,-26.67,-9.16
5.98,-26.92,-11.96
8.24,-27.65,-15.38
9.22,-28.02,-18.49
9.34,-27.22,-20.87
8.85,-25.02,-22.77
8.18,-21.24,-24.35
7.81,-16.60,-25.57
8.00,-11.72,-26.18
8.91,-7.87,-25.57















 
-,-,-
3.72,-2.01,0.85
3.72,-3.23,0.73
2.56,-4.39,0.43
1.46,-5.43,-0.24
0.98,-5.86,-0.85
0.73,-6.10,-1.16
0.31,-5.49,-1.04
1.22,-4.76,-0.24
1.40,-4.64,-0.18
2.32,-3.78,-1.04
3.30,-3.23,-0.55
3.30,-3.23,1.65
2.87,-2.32,2.69
3.54,-1.28,2.56
3.60,-0.79,2.56
3.54,-0.55,2.75
3.42,-0.31,2.81
3.17,-0.55,2.38
2.99,-0.92,1.95
2.93,-1.34,1.71
2.75,-1.89,1.89
2.93,-2.26,1.89
3.05,-2.38,1.89
2.99,-2.14,2.32
3.05,-1.65,2.26
3.30,-1.16,2.26
3.11,-0.49,2.01
3.54,0.12,1.89
3.66,0.67,1.89
3.36,1.22,2.14
3.42,1.59,2.50
3.30,1.77,2.26
2.99,1.83,1.59
3.05,1.71,0.85
2.69,1.65,0.43
1.77,1.46,0.85
2.20,0.85,3.97
6.96,-0.43,17.27
8.67,0.98,34.61
18.62,2.93,52.43
23.50,4.58,64.15
26.86,4.82,66.83
30.21,6.65,67.50
28.81,5.92,63.17
29.97,5.55,56.95
27.04,-0.18,51.15
22.77,0.43,37.23
20.51,0.31,25.02
20.32,-2.38,25.94
19.84,-2.81,27.28
7.20,-0.55,13.85
5.86,-0.55,4.03
1.71,-1.83,4.03
0.98,-2.20,4.39
1.04,-1.89,3.66
0.12,-1.10,3.05
-0.98,0.12,2.26
-2.50,1.95,1.40
-3.48,3.54,0.12
-3.85,4.64,-0.92
-5.25,5.13,-1.46
-8.18,5.07,-3.23
-11.84,4.70,-7.57
-15.81,4.58,-14.22
-19.23,4.39,-22.95
-20.08,0.61,-21.97
-23.19,-2.62,-16.60
-26.00,-1.40,-13.37
-28.32,-0.37,-11.11
-30.76,-1.16,-8.73
-32.59,-0.73,-7.69
-33.08,-1.10,-7.87
-31.98,-2.56,-8.42
-29.97,-3.97,-7.32
-27.89,-3.85,-4.52
-25.51,-1.95,0.06
-20.94,-4.03,5.49
-17.40,-9.95,9.34
-13.37,-14.53,10.74
-9.28,-17.33,10.38
-5.00,-14.16,9.22
0.49,-7.39,9.03
7.32,-5.80,6.84
13.12,-5.55,7.14
16.54,-4.70,10.44
18.01,-2.69,12.94
17.21,-0.67,13.31
14.34,-0.61,12.21
10.44,-1.53,10.25
7.75,-2.75,7.87
5.80,-4.03,5.80
4.82,-5.31,3.72
5.13,-6.53,2.01
5.86,-7.81,0.79
6.84,-8.97,0.12
9.22,-9.28,0.06
10.93,-9.09,0.43
12.39,-8.61,1.04
13.73,-7.51,1.46
15.93,-6.04,2.32
19.96,-4.09,3.97
25.02,-1.89,6.59
34.06,-0.18,9.95
45.78,-0.49,11.72
59.94,0.67,11.17
73.24,3.23,12.27
83.50,-1.40,8.97
90.70,1.89,5.13
93.81,7.14,-1.28
94.79,-3.30,-3.23
92.59,1.83,-7.87
89.36,7.32,-6.04
79.90,8.61,-6.65
72.69,8.18,-6.96
62.87,7.93,-0.43
53.47,10.19,-4.21
46.20,9.83,-7.93
37.29,3.60,-5.31
26.73,6.29,-1.34
15.56,6.16,1.46
5.74,-1.16,0.24
0.43,-6.35,1.04
-3.17,-10.74,-1.28
-5.92,-12.51,-4.52
-8.06,-12.70,-7.02
-9.40,-11.72,-8.00
-8.42,-9.52,-7.57
-6.84,-6.53,-6.29
-5.62,-3.36,-5.13
-6.04,-0.79,-4.27
-8.06,2.01,-3.72
-10.07,4.70,-3.23
-12.08,7.39,-2.38
-14.47,10.38,-1.83
-17.40,14.34,-1.28
-18.98,18.86,-1.28
-18.55,23.62,-1.46
-17.03,29.11,-1.95
-16.17,30.03,-2.14
-15.75,31.19,-4.52
-13.79,33.39,-7.63
-11.84,36.87,-13.24
-8.42,40.65,-18.74
-5.19,43.21,-21.97
-2.50,44.07,-22.09
0.85,43.21,-20.26
3.66,40.47,-17.27
5.43,36.74,-14.53
5.55,33.81,-11.90
4.88,32.53,-9.40
2.50,32.10,-6.90
-0.24,32.35,-4.76
-2.75,32.71,-2.75
-3.97,32.84,-0.49
-4.21,31.86,1.77
-3.72,29.42,4.03
-2.69,25.70,5.98
-2.14,21.61,7.57
-1.95,17.33,9.22
-2.50,13.85,10.01
-3.48,11.05,10.13
-3.97,9.40,9.64
-4.76,8.79,8.12
-5.92,9.09,6.71
-7.57,10.31,5.80
-8.61,11.72,5.00
-8.54,12.45,4.58
-7.81,12.15,4.46
-7.14,11.41,5.13
-6.53,10.93,6.41
-6.23,10.93,8.06
-6.53,12.27,9.58
-6.59,13.85,11.23
-6.53,14.16,12.45
-6.29,14.22,12.57
-5.62,13.67,11.23
-4.70,12.51,9.03
-3.54,11.41,6.59
-2.56,10.50,4.88
-1.22,9.64,3.42