-,-,-
-3.17,-7.20,-1.89
-3.30,-3.05,-2.14
-1.59,0.12,-0.92
0.49,1.46,0.49
1.83,0.24,1.77
3.78,-1.89,2.20
5.62,-4.39,1.40
4.76,-5.74,0.31
2.81,-5.43,-1.28
0.31,-3.54,-1.83
-1.40,-2.01,-2.62
-1.59,-0.43,-3.60
-1.40,1.59,-3.60
-1.95,4.15,-3.42
-2.14,6.16,-3.54
-1.59,7.57,-3.85
-0.79,8.67,-2.62
-0.85,9.83,-0.85
-1.59,10.01,0.12
-2.38,9.89,-0.37
-3.48,10.62,-1.46
-4.15,12.15,-2.32
-3.91,13.79,-3.05
-2.20,14.40,-3.54
0.00,10.19,-2.01
1.59,1.28,1.71
2.69,-6.35,5.00
4.33,-14.83,10.38
4.21,-27.34,17.70
1.04,-38.57,21.55
-2.14,-40.77,15.81
0.31,-26.73,-0.37
6.16,-21.91,8.61
4.33,-19.78,11.66
1.89,-7.81,11.60
1.10,5.37,30.52
7.32,24.72,69.27
17.15,38.51,91.61
26.43,44.01,94.54
37.78,42.42,93.69
21.91,42.18,82.52
20.94,38.39,70.43
9.77,36.44,60.91
-4.88,27.28,47.55
-12.45,15.99,30.58
-19.10,11.11,14.22
-22.83,7.39,-0.24
-17.40,8.48,0.92
-21.18,10.31,-0.55
-26.98,8.79,-14.89
-34.24,8.54,-34.18
-41.93,10.56,-57.43
-48.10,18.01,-77.45
-54.87,25.76,-79.83
-57.07,28.38,-58.29
-53.28,19.59,-28.32
-43.95,-0.55,-6.77
-36.32,-24.48,9.16
-36.68,-48.34,27.47
-33.75,-62.26,36.62
-19.10,-44.31,6.90
15.14,-23.68,-0.79
29.66,-14.04,10.19
46.69,0.49,14.04
64.03,-2.44,23.32
81.91,-11.11,30.58
99.79,-22.16,29.11
113.34,-28.02,33.51
124.82,-28.93,34.55
134.09,-25.45,38.64
139.95,-19.96,41.81
146.12,-25.88,44.62
145.26,-24.48,45.65
131.65,-21.36,31.56
99.67,-11.84,22.89
67.32,0.61,20.45
38.82,3.66,15.32
17.52,3.60,7.69
7.93,6.10,3.48
1.77,0.43,1.83
0.00,-6.53,1.46
-2.81,-6.35,-0.79
-5.74,1.83,-7.63
-11.54,13.55,-20.20
-19.90,17.64,-48.46
-26.25,14.34,-70.43
-31.98,19.65,-75.87
-36.80,36.25,-84.17
-39.12,47.12,-99.79
-36.62,40.89,-108.34
-28.32,20.45,-105.77
-20.45,-3.97,-97.17
-13.49,-22.64,-88.07
-9.52,-33.63,-78.31
-6.16,-39.06,-66.83
-7.51,-44.98,-47.24
-12.45,-49.80,-21.55
-17.70,-49.44,2.75
-12.33,-42.48,16.42
-8.30,-21.61,0.79
-6.59,-12.15,-3.30
-10.74,-18.92,2.44
-8.91,-13.79,1.46
-3.97,-6.90,2.08
0.12,2.14,16.85
5.98,17.27,51.39
14.89,30.40,94.36
23.86,42.11,125.24
28.38,58.65,152.59
28.63,66.47,168.76
27.22,63.48,172.73
24.72,58.47,169.37
19.96,46.88,157.29
15.87,33.57,130.68
13.00,25.02,101.07
6.35,13.67,82.34
1.04,6.53,67.20
-1.46,6.59,48.65
-0.06,5.07,41.38
-1.28,8.91,33.02
0.00,11.41,16.17
3.17,13.55,3.11
3.48,15.08,-1.59
2.20,15.20,-8.73
-2.99,14.40,-27.95
-7.63,10.86,-65.92
-14.65,6.10,-105.10
-26.31,5.92,-116.52
-33.75,15.26,-102.23
-29.85,25.51,-81.91
-20.63,29.24,-68.97
-12.94,23.44,-62.13
-10.19,9.40,-56.76
-9.70,-5.43,-51.82
-9.03,-19.90,-43.58
-6.71,-37.35,-28.99
-2.75,-57.56,-6.35
2.26,-75.50,19.41
11.41,-72.94,29.36
21.85,-35.71,11.29
48.34,-26.73,4.94
52.19,-24.41,13.06
65.86,-19.53,17.33
75.26,-27.10,23.80
80.38,-25.94,25.63
68.66,-15.93,21.67
51.57,-16.17,13.61
35.22,-13.79,7.32
22.71,-6.65,-0.61
16.17,-4.21,-3.72
8.73,-1.22,-3.66
3.48,-1.95,-4.33
-2.01,-2.26,-5.49
-11.54,-4.94,-5.86
-17.88,-4.52,-6.71
-21.42,3.11,-7.45
-25.21,17.46,-8.54
-28.93,36.50,-13.24
-31.37,48.89,-14.04
-30.21,61.34,-16.91
-15.99,79.35,-27.16
2.87,94.06,-36.01
21.00,102.29,-37.05
31.92,102.84,-32.90
39.12,99.79,-28.20
44.92,93.14,-24.72
47.55,81.54,-22.34
46.75,66.77,-19.65
41.81,55.42,-16.17
33.14,49.07,-13.06
26.49,44.01,-8.73
22.09,37.11,-2.44
17.94,28.26,4.21
14.53,17.58,9.16
11.29,5.13,11.23
7.08,-5.92,9.95
6.90,-12.88,4.70
9.09,-16.66,0.49
14.53,-19.35,-2.08
18.55,-22.58,-3.42















-,-,-
2.08,-6.16,-0.55
1.46,-6.41,-0.85
1.22,-5.92,-1.10
1.40,-4.64,-0.85
1.77,-3.11,-0.43
2.32,-1.40,0.18
2.62,0.18,0.85
2.93,1.59,1.40
3.17,2.38,1.65
2.81,2.62,1.59
2.56,2.44,1.46
2.50,1.53,1.04
2.14,0.24,0.79
1.65,-0.85,0.67
0.98,-1.83,0.49
0.55,-2.14,0.31
0.43,-1.89,0.24
0.61,-0.98,0.49
1.40,0.31,0.73
1.89,1.59,1.10
2.14,2.69,1.34
2.32,3.17,1.46
2.44,2.99,1.46
2.38,2.32,1.10
2.08,1.59,0.85
1.77,0.85,0.55
1.40,0.12,0.37
1.40,-0.06,0.55
1.65,-0.06,0.55
1.71,-0.06,0.92
1.28,0.12,1.04
1.10,-0.06,0.92
0.73,-0.18,1.34
0.55,-0.12,2.62
0.43,0.24,7.20
0.12,2.50,19.10
3.85,11.05,41.26
8.73,21.30,72.14
11.54,31.92,89.66
15.81,37.41,94.97
12.70,39.00,89.90
9.52,28.81,66.65
7.32,26.98,50.90
3.78,22.52,42.36
10.56,21.79,34.06
4.09,16.11,25.02
5.43,8.42,19.78
-8.91,4.21,2.81
-11.41,-0.06,-12.08
-18.25,-6.35,-18.01
-30.76,-11.29,-21.61
-39.92,-12.39,-34.18
-48.40,-5.43,-48.71
-57.62,3.85,-58.17
-64.58,11.96,-65.86
-65.73,17.52,-68.85
-68.05,16.91,-62.99
-65.86,11.78,-50.11
-55.42,2.32,-32.78
-44.19,-7.39,-13.06
-34.42,-17.58,6.84
-28.08,-30.58,25.70
-20.87,-36.74,27.77
-8.97,-27.28,4.46
11.96,-14.77,1.40
29.60,-5.80,13.06
52.67,-1.65,26.25
73.36,-5.43,33.45
94.06,-12.45,39.92
111.02,-20.57,43.82
125.55,-16.54,42.30
138.12,-20.87,46.57
145.08,-16.05,50.17
144.84,-17.76,45.72
136.54,-13.85,34.55
123.11,-12.15,30.46
110.78,-15.38,30.52
91.74,-12.21,23.56
69.46,-6.77,17.33
49.13,-5.07,10.93
35.83,-5.62,5.00
23.44,1.83,5.43
10.13,0.79,4.27
1.04,0.55,-0.31
-7.57,-1.40,-2.20
-14.28,-0.61,-3.66
-19.41,5.86,-7.51
-24.23,18.07,-14.83
-31.68,30.21,-29.30
-38.70,31.92,-59.20
-45.41,35.10,-80.63
-49.99,43.95,-95.52
-48.16,49.13,-110.41
-40.59,42.79,-120.30
-34.18,27.83,-120.24
-31.37,10.07,-110.72
-32.17,-5.86,-94.85
-31.37,-18.49,-75.68
-26.73,-28.99,-56.88
-16.85,-36.87,-42.85
-17.94,-45.59,-30.03
-16.17,-52.49,-14.22
-16.30,-54.50,4.70
-12.76,-41.02,11.66
-7.63,-18.62,5.98
-4.21,-15.38,9.52
-3.97,-17.40,9.16
-0.85,-11.47,5.37
1.16,-5.98,7.51
0.55,-0.85,24.84
2.99,6.23,53.04
7.57,22.46,87.04
16.78,39.25,120.67
24.29,47.61,139.89
26.67,54.26,150.63
23.86,59.63,152.22
22.52,61.46,153.99
19.65,50.11,151.49
16.42,38.88,134.03
12.02,30.58,103.76
10.68,25.02,87.22
8.61,21.55,74.71
8.48,12.94,53.41
7.69,11.60,40.95
5.43,8.00,32.71
3.48,5.98,20.45
1.34,6.41,13.18
-2.32,6.35,3.54
-1.10,7.02,-1.83
-1.95,9.89,-3.85
-2.32,14.10,-9.77
-4.58,21.12,-21.36
-11.41,23.50,-47.61
-16.24,19.84,-80.44
-18.55,13.12,-96.74
-20.81,13.98,-95.95
-21.61,20.39,-88.56
-20.45,25.63,-81.42
-16.48,22.64,-75.26
-10.56,13.06,-67.99
-5.13,1.95,-59.81
-2.08,-7.81,-50.60
-1.04,-19.29,-38.88
2.50,-34.79,-24.05
5.98,-53.22,-6.77
8.61,-71.17,10.31
14.10,-80.02,23.56
19.04,-45.53,19.65
23.86,-31.19,10.44
31.25,-31.13,9.16
32.71,-25.39,11.47
40.34,-18.98,11.72
51.45,-16.91,16.91
61.83,-7.81,21.06
68.73,-15.01,22.46
75.68,-23.62,27.95
76.90,-18.68,27.10
73.91,-23.01,19.90
66.89,-19.78,17.94
52.98,-13.73,15.44
35.40,-9.40,10.99
18.07,-6.35,5.68
5.92,2.69,3.36
-1.22,-3.78,2.75
-7.20,-9.22,0.43
-12.88,-16.11,-3.05
-18.13,-21.61,-5.13
-20.39,-20.69,-6.71
-18.01,-14.71,-6.96
-13.18,-5.00,-5.43
-9.22,6.47,-4.15
-8.79,17.21,-3.42
-8.67,26.12,-3.05
-9.03,33.02,-3.11
-8.97,38.64,-3.42
-9.40,45.29,-7.87
-9.34,46.39,-11.90
-11.05,54.63,-19.53
-10.44,71.23,-33.08
-2.08,85.21,-43.82















-,-,-
3.05,-1.53,2.20
2.20,-1.28,1.53
1.34,-0.43,0.73
0.98,0.06,0.12
1.04,0.12,-0.24
1.10,0.24,-0.12
0.85,0.79,0.43
0.55,1.28,0.92
0.61,0.98,1.16
0.24,0.31,1.16
0.12,0.00,0.85
0.18,0.06,1.10
0.73,-0.06,1.59
1.28,0.43,1.77
1.34,1.04,1.53
1.40,1.71,1.10
0.98,2.26,1.10
0.55,2.50,1.53
0.24,2.08,1.40
-0.06,1.28,0.98
0.00,0.92,0.43
0.31,0.61,0.24
0.61,0.61,0.49
1.04,0.55,0.67
1.28,0.18,0.18
1.59,-0.73,-0.92
1.83,-0.92,-1.89
2.14,-0.43,-2.08
2.44,-0.61,-1.46
3.23,-2.26,-0.55
4.33,-6.96,1.10
3.42,-13.43,2.87
2.44,-18.92,5.00
1.04,-23.62,6.65
1.59,-28.63,9.16
0.24,-31.01,10.38
-1.04,-29.54,11.47
-0.79,-24.54,10.38
-0.12,-14.83,4.64
0.37,-9.52,5.25
0.49,-6.16,11.66
2.50,5.31,28.50
4.76,19.65,59.75
9.58,30.94,85.21
15.44,36.01,99.91
17.27,37.66,100.34
14.59,36.13,86.06
18.74,30.33,68.91
20.94,19.84,58.47
1.95,12.21,31.25
0.73,9.83,10.74
1.83,4.27,0.92
-1.59,-2.81,-3.54
-11.54,-8.79,-11.11
-17.88,-12.76,-20.26
-23.01,-9.64,-31.68
-25.88,-8.42,-41.75
-32.78,-1.71,-52.31
-39.25,8.00,-62.62
-44.49,15.38,-68.73
-48.10,17.70,-70.50
-49.62,15.81,-67.26
-48.83,13.92,-56.88
-44.56,11.47,-39.92
-37.90,5.68,-19.17
-30.33,-4.46,2.20
-26.61,-18.19,24.11
-27.53,-35.22,44.62
-26.86,-46.94,51.15
-15.56,-35.03,12.51
5.43,-17.09,1.59
16.48,-11.11,17.40
34.79,0.00,22.34
54.44,11.78,29.42
72.57,6.96,45.41
91.43,-3.17,53.04
106.20,-12.57,52.55
114.93,-23.19,50.96
122.50,-22.40,46.45
128.36,-19.84,44.62
129.58,-15.63,39.43
126.22,-14.77,36.99
117.74,-16.30,32.47
103.39,-15.50,26.12
78.74,-15.01,17.58
55.48,-11.84,7.75
34.79,-3.78,4.76
22.58,-1.89,2.87
11.96,0.92,-1.46
3.85,0.00,-2.44
-2.93,-1.40,-3.42
-9.52,-0.92,-4.70
-17.09,0.98,-8.54
-23.32,6.47,-15.81
-30.21,15.08,-30.09
-36.62,20.81,-56.46
-39.92,23.38,-78.19
-41.93,28.50,-91.55
-39.06,32.71,-103.94
-34.85,32.71,-114.87
-30.40,26.49,-122.62
-27.16,15.56,-126.71
-24.66,1.71,-124.51
-25.33,-9.83,-114.50
-25.51,-17.82,-96.25
-24.48,-22.34,-72.39
-19.96,-26.98,-44.49
-12.94,-34.18,-13.06
-8.54,-44.31,14.53
-8.30,-50.17,29.85
-4.52,-36.80,19.10
14.77,-21.36,4.39
13.79,-19.23,5.68
4.15,-22.16,8.48
5.13,-15.87,7.14
6.59,-9.40,13.43
6.71,-2.20,38.02
13.24,7.08,74.52
18.37,20.51,103.88
24.66,33.94,126.71
27.10,44.62,148.13
27.71,47.42,155.70
27.04,52.55,162.66
22.64,54.32,166.81
19.84,53.59,162.17
16.30,45.72,150.82
12.27,36.44,129.52
7.32,29.48,106.99
4.76,18.49,82.09
3.85,12.70,62.99
2.93,14.16,46.45
1.04,8.79,28.14
0.85,6.59,16.97
1.16,7.39,11.23
0.00,8.67,1.28
-0.98,10.74,-4.03
-4.03,13.06,-9.70
-9.09,15.26,-15.44
-14.04,14.59,-22.46
-17.70,12.82,-38.76
-17.09,10.68,-53.71
-17.88,11.54,-66.59
-19.23,12.76,-84.41
-19.90,8.79,-101.32
-20.20,2.93,-112.61
-20.57,-2.99,-119.32
-21.97,-9.22,-119.87
-24.17,-16.05,-111.21
-24.66,-24.29,-89.97
-23.74,-35.03,-56.70
-21.42,-45.41,-20.39
-12.70,-53.89,5.98
-5.62,-55.73,18.31
2.44,-40.16,10.13
14.28,-30.46,3.11
28.81,-25.88,6.90
46.20,-19.47,11.17
66.10,-17.94,14.22
83.07,-28.20,16.66
93.32,-21.12,22.83
98.02,-28.38,30.76
96.01,-22.64,29.91
84.96,-21.61,25.63
72.08,-17.76,25.76
62.74,-14.83,25.45
54.26,-15.26,19.90
46.88,-14.34,13.00
35.16,-12.27,8.79
21.85,-9.09,6.47
11.90,-3.60,6.04
6.84,-1.10,6.10
4.64,-5.13,4.88
1.95,-10.01,3.17
-1.40,-12.82,1.40
-3.66,-12.39,-0.49
-3.91,-8.18,-2.20
-3.66,-2.14,-3.23
-3.66,4.27,-3.60
-5.49,8.97,-3.48















-,-,-
1.77,1.40,-15.38
1.77,1.59,-0.12
1.71,1.77,-0.49
2.14,2.01,-0.85
1.95,2.32,-0.79
2.14,2.75,-0.79
2.56,3.23,-0.73
2.69,3.66,-0.85
2.87,3.78,-0.85
2.99,3.48,-0.49
2.99,3.17,-0.49
2.93,2.75,-0.79
2.62,2.50,-0.73
2.20,2.50,-0.37
2.08,2.93,-0.24
2.26,3.05,-0.67
2.62,2.93,-1.10
2.93,3.05,-1.40
3.36,3.42,-1.28
3.36,3.78,-0.73
3.36,4.58,-0.67
3.72,4.76,-0.92
4.21,4.27,-1.77
4.64,3.54,-2.50
4.94,2.99,-2.50
5.00,2.62,-1.95
5.13,2.14,-1.53
5.13,1.46,-1.46
4.52,0.85,-1.10
3.66,0.73,-0.61
2.87,0.55,-0.18
2.38,0.79,-0.37
2.44,0.85,-0.43
2.01,1.16,0.18
1.77,1.65,1.10
1.53,1.83,1.65
1.46,1.83,1.59
1.22,1.34,1.40
1.10,0.79,1.46
0.92,0.49,1.59
0.18,0.24,1.95
-0.49,0.00,2.62
-0.98,-0.49,3.23
-1.59,-0.92,3.78
-1.83,-1.10,3.66
-1.65,-1.04,3.30
-1.22,-0.85,2.99
-0.43,-0.61,2.62
-0.24,-0.12,2.93
-0.24,-0.12,3.23
-0.12,-0.67,2.93
-0.49,-1.16,2.50
-1.10,-1.59,2.50
-1.40,-1.95,2.50
-0.85,-2.50,2.26
-0.73,-3.05,2.08
-0.85,-3.23,2.32
-1.16,-3.72,2.93
-1.59,-4.21,3.11
-1.77,-5.19,2.99
-2.01,-6.47,2.81
-2.32,-7.93,2.87
-2.69,-9.28,2.81
-3.36,-10.68,3.30
-4.39,-10.74,3.36
-5.19,-9.03,3.54
-5.13,-7.39,3.42
-4.39,-6.35,2.26
-3.11,-5.86,0.79
-1.95,-5.49,-0.06
-0.79,-5.37,-0.37
-0.24,-5.00,-0.61
-0.24,-5.13,-0.61
0.43,-7.75,-0.67
1.77,-15.08,-0.85
1.89,-26.00,0.18
-0.92,-36.07,3.60
-5.37,-44.62,9.77
-9.40,-50.17,14.53
-12.39,-50.60,16.48
-10.99,-47.42,13.49
-10.07,-35.89,-2.69
-6.47,-25.51,-0.92
-6.53,-16.17,8.73
-4.70,-0.85,20.51
1.65,15.08,46.69
9.28,30.52,78.61
19.47,40.47,95.89
26.49,40.77,100.04
25.15,39.25,94.91
19.65,33.51,87.95
13.31,27.77,71.96
10.74,20.57,62.62
8.61,17.15,50.11
6.53,14.04,38.70
1.28,6.90,13.49
0.18,3.05,1.28
-2.93,2.81,2.87
-4.58,2.08,-0.98
-7.39,1.34,-5.74
-12.63,0.55,-9.64
-18.62,0.98,-15.75
-22.71,-0.43,-29.60
-24.72,2.14,-48.89
-29.17,9.03,-67.63
-33.81,15.32,-82.82
-36.07,22.16,-84.78
-35.46,27.34,-72.69
-31.74,28.26,-54.63
-31.01,22.16,-37.96
-31.49,11.72,-22.28
-32.53,-1.22,-3.17
-33.51,-18.07,19.90
-35.03,-38.02,40.53
-31.86,-54.20,50.29
-17.03,-50.90,28.63
1.65,-32.84,1.83
22.58,-23.38,6.53
36.32,-14.47,14.77
54.99,-5.86,19.17
76.35,-10.13,29.54
95.28,-22.34,36.74
109.19,-37.23,37.17
118.84,-39.67,37.96
124.63,-37.96,38.45
130.49,-36.87,36.07
131.47,-32.47,38.09
125.61,-31.80,40.53
113.40,-29.91,37.54
91.74,-21.48,30.27
64.88,-4.88,18.92
44.07,-4.88,12.45
26.61,7.39,9.34
10.74,15.81,5.92
1.71,13.73,1.77
-5.19,6.84,-0.49
-14.71,-0.31,-3.60
-24.72,-2.87,-9.64
-33.87,1.22,-19.41
-42.66,10.93,-40.47
-47.79,17.70,-77.82
-50.23,23.74,-103.27
-51.09,31.80,-116.88
-46.08,36.50,-126.40
-40.77,36.68,-130.07
-36.01,31.56,-126.77
-31.74,19.53,-115.60
-27.28,2.50,-98.69
-22.95,-15.26,-77.64
-17.46,-29.79,-50.72
-12.88,-41.02,-21.24
-9.58,-51.33,5.80
-11.96,-55.42,26.37
-13.12,-42.72,18.62
-13.67,-27.47,6.04
-2.32,-26.25,1.40
-4.70,-23.93,0.85
-5.55,-12.70,2.20
-3.54,3.30,18.98
4.27,24.17,62.87
19.04,36.99,107.48
29.85,48.03,135.86
36.80,54.69,156.56
39.37,56.70,171.08
40.16,60.00,174.32
37.48,57.31,172.55
31.43,49.32,160.89
21.12,38.02,130.31
13.67,27.53,102.17
6.16,18.01,84.53
3.85,11.35,67.63
4.64,10.31,55.36
5.19,8.79,37.90
5.62,10.80,27.16
2.50,10.62,12.88
-0.43,10.93,0.49
-2.87,11.90,-1.95
-4.09,11.90,-3.66
-3.42,13.12,-10.13
-5.13,15.63,-26.31















-,-,-
0.49,1.40,-1.28
0.73,0.55,-0.61
1.10,-0.24,-0.31
0.73,-0.55,-0.12
0.18,-0.43,0.24
0.00,-0.12,0.67
-0.31,-0.12,0.79
-0.37,-0.43,0.55
0.31,-0.18,0.24
0.92,0.37,0.37
1.10,0.55,0.49
1.10,0.92,0.61
0.98,0.85,0.49
0.67,0.61,0.12
0.55,0.92,-0.55
0.43,1.28,-0.98
0.37,1.59,-1.16
0.55,2.08,-1.16
0.31,2.26,-1.04
-0.06,2.08,-0.67
-0.06,1.59,-0.92
0.06,0.79,-1.71
0.43,0.43,-2.01
0.67,0.00,-1.59
0.92,0.43,-1.53
1.16,0.37,-1.53
1.22,0.06,-1.46
0.92,-0.49,-0.79
0.12,-1.28,-0.67
-1.04,-2.56,-1.10
-1.34,-4.70,-0.49
-0.49,-10.01,1.71
-0.49,-16.97,4.70
-1.16,-23.68,8.12
-1.95,-30.27,11.72
-1.65,-37.78,15.81
-1.22,-45.29,19.10
-2.50,-50.23,19.71
-4.09,-51.45,19.47
-4.94,-46.02,18.55
-7.45,-34.12,4.82
0.18,-25.82,0.55
4.46,-20.08,3.11
7.20,-9.22,3.72
9.58,-0.61,9.22
13.31,7.02,25.02
21.00,14.04,54.14
24.05,22.58,85.02
24.29,26.25,96.80
21.85,27.71,95.09
16.42,24.60,84.78
10.13,21.06,68.97
5.74,16.42,50.78
2.26,13.06,42.54
-1.65,12.45,32.23
-4.70,9.89,20.63
-7.08,11.41,16.30
-10.93,11.90,12.70
-14.77,7.75,2.62
-19.04,4.82,-9.34
-23.56,3.54,-15.75
-29.24,7.14,-19.17
-35.16,15.99,-28.81
-40.47,24.35,-44.01
-42.91,30.03,-56.21
-42.66,30.27,-59.75
-40.41,25.45,-52.61
-37.05,14.77,-36.99
-34.67,0.24,-16.42
-30.15,-16.36,5.98
-24.90,-36.32,29.54
-19.29,-51.64,44.62
-6.71,-42.30,24.96
12.45,-25.15,6.10
41.50,-17.27,13.92
58.65,-10.62,23.56
76.29,-5.74,24.11
96.37,-21.67,22.58
111.15,-28.69,23.74
116.27,-34.61,18.49
118.59,-28.93,18.43
119.81,-27.22,21.67
120.61,-22.83,19.10
117.07,-27.89,14.77
107.67,-28.50,5.49
84.11,-21.42,2.20
54.38,-10.86,2.38
30.52,-3.17,-5.25
11.54,2.69,-4.46
1.04,6.35,-0.18
-8.61,6.96,-0.73
-16.72,0.55,-3.17
-23.13,-2.44,-4.52
-26.55,0.61,-6.59
-28.38,8.97,-11.66
-31.13,22.09,-23.62
-34.79,31.86,-43.95
-36.32,33.14,-69.82
-38.64,36.44,-87.40
-37.84,40.34,-100.89
-35.52,38.82,-112.73
-34.18,34.30,-120.73
-32.90,25.94,-123.54
-30.64,13.31,-119.32
-27.28,-1.65,-106.38
-23.32,-16.97,-86.00
-20.32,-30.40,-61.52
-16.97,-40.89,-36.68
-12.08,-48.71,-13.79
-6.47,-56.95,8.36
-3.78,-64.82,30.58
-5.92,-52.92,29.91
-10.38,-28.38,12.76
2.56,-27.22,8.24
2.56,-29.60,4.21
-2.99,-22.28,2.38
-3.54,-11.60,9.28
-1.22,-0.61,42.48
7.57,10.80,80.20
19.23,27.16,117.25
30.33,42.05,155.33
38.02,49.01,184.14
41.99,60.42,192.02
39.73,62.19,188.66
33.45,51.70,176.39
25.15,47.73,149.41
18.74,36.01,111.21
17.27,29.05,95.89
13.06,22.16,85.21
9.16,19.04,68.30
5.92,16.78,49.07
0.37,12.76,36.99
-3.23,9.58,19.41
-4.52,7.32,6.10
-2.69,8.12,-2.93
0.67,11.17,-8.97
-3.60,16.91,-26.61
-6.96,19.71,-59.08
-12.27,16.48,-96.01
-18.55,9.83,-115.84
-26.98,9.16,-116.03
-31.62,16.48,-108.28
-29.91,22.77,-99.67
-25.70,20.81,-90.33
-19.90,12.45,-79.96
-14.16,0.79,-67.44
-10.44,-11.23,-54.32
-6.84,-25.27,-39.92
-1.95,-42.97,-20.32
2.14,-60.30,2.56
6.65,-73.06,20.39
13.79,-56.82,17.64
23.50,-34.30,13.67
43.21,-28.50,14.83
51.64,-20.75,13.55
60.79,-13.37,12.63
70.19,-15.26,15.38
80.99,-27.71,10.25
90.09,-39.00,2.56
92.59,-42.72,6.04
86.98,-39.43,5.68
75.99,-31.31,2.87
64.94,-25.02,3.23
50.05,-21.36,2.32
32.35,-12.27,3.17
14.59,-5.92,4.52
4.58,-6.29,4.15
-0.98,-6.53,3.05
-4.46,-9.46,2.26
-7.69,-12.21,0.67
-10.44,-11.96,-2.20
-13.67,-8.12,-4.09
-16.17,-0.92,-5.25
-17.27,9.89,-5.74
-16.42,21.73,-5.80
-15.01,32.10,-5.92
-16.91,40.41,-7.26
-20.20,45.53,-11.29
-21.06,46.94,-16.91















-,-,-
1.53,1.22,1.10
1.22,0.18,1.10
0.98,0.31,1.34
1.04,0.37,1.65
0.98,0.12,1.95
0.85,-0.31,1.95
0.92,-0.43,2.38
0.49,-0.24,2.93
0.31,0.06,3.17
0.37,0.12,2.69
0.61,-0.12,2.38
0.85,-0.24,2.38
1.16,-0.18,2.32
1.22,-0.43,2.01
1.40,-0.49,1.59
1.16,-0.61,1.04
1.22,-0.49,0.55
1.16,-0.61,-0.06
1.22,-0.49,-0.67
1.04,0.12,-0.73
0.92,0.67,-0.37
0.85,1.28,-0.06
1.22,1.46,-0.12
1.53,1.65,-0.49
1.89,1.77,-1.16
2.26,2.08,-2.20
2.69,2.56,-3.11
2.99,3.23,-3.42
3.48,3.11,-3.05
3.23,2.01,-2.56
2.81,0.06,-2.62
1.46,-1.46,-2.81
0.61,-2.75,-1.10
-0.67,-4.70,0.98
-3.05,-8.06,1.95
-5.07,-15.87,2.99
-6.84,-25.39,4.82
-9.40,-33.57,7.57
-12.02,-37.78,10.07
-10.01,-32.41,4.52
-6.90,-22.28,-3.42
-2.93,-18.86,-2.08
-0.85,-16.78,2.01
1.95,-9.03,2.69
2.50,-2.87,7.20
2.62,4.46,21.91
3.48,14.47,49.50
5.37,24.78,78.19
8.30,31.25,95.40
7.63,34.97,105.04
4.03,36.38,96.44
0.73,30.27,79.77
-3.60,23.13,65.31
-7.93,16.48,44.43
-10.44,12.27,27.47
-11.90,8.97,12.70
-12.63,2.56,2.01
-13.67,-1.46,-5.80
-16.17,-2.01,-10.56
-22.52,-1.04,-20.39
-30.40,4.52,-33.69
-40.95,13.37,-48.34
-47.79,23.25,-62.81
-50.29,30.40,-74.89
-48.10,30.46,-80.63
-44.86,22.83,-75.93
-41.75,9.16,-59.20
-37.29,-5.92,-34.79
-32.47,-21.91,-8.48
-30.09,-39.43,16.91
-29.05,-57.07,39.43
-23.74,-59.14,38.88
-8.18,-32.78,3.36
11.29,-19.29,1.10
23.74,-10.25,9.70
38.64,5.92,15.93
57.19,8.00,30.27
75.68,4.09,39.55
89.97,-2.93,41.63
100.22,-13.98,44.98
110.66,-22.22,48.46
119.08,-22.09,52.12
122.80,-23.56,50.84
121.52,-20.63,47.79
110.60,-19.29,45.96
98.33,-12.63,31.80
80.87,-8.36,23.32
60.06,-8.24,16.36
41.14,-9.40,12.21
21.18,5.13,3.23
8.73,4.94,1.34
2.32,2.08,2.44
-2.01,-1.34,1.53
-4.33,-1.22,-0.79
-7.81,3.97,-6.47
-12.45,9.77,-20.08
-17.88,12.45,-46.26
-22.46,13.12,-69.15
-22.16,18.62,-80.08
-21.42,30.27,-86.49
-16.30,37.54,-95.40
-9.70,32.35,-104.19
-6.47,16.97,-108.95
-7.20,-0.98,-106.99
-10.44,-15.69,-93.93
-11.78,-26.73,-68.42
-10.62,-36.01,-38.21
-5.80,-45.96,-9.22
-3.30,-56.76,15.26
0.12,-47.06,19.78
8.12,-23.38,12.82
17.46,-21.73,10.93
9.77,-19.59,7.81
1.89,-11.84,7.32
1.59,-4.58,27.22
6.77,3.85,64.03
13.61,13.49,93.02
15.75,26.61,110.72
15.26,37.84,129.33
12.27,47.42,143.92
12.57,50.84,155.58
9.89,38.02,161.38
9.28,32.84,143.55
8.67,30.27,119.81
9.89,29.11,102.91
8.12,25.27,88.13
4.58,23.44,70.50
0.00,19.96,53.41
-2.44,18.55,49.50
-0.12,18.74,42.79
-3.91,17.76,27.04
-4.15,16.85,9.28
-4.09,15.87,-1.53
-6.84,16.42,-12.88
-8.79,16.24,-40.95
-6.04,14.34,-86.55
-3.97,18.62,-127.44
-3.97,22.71,-147.89
-5.68,20.81,-141.60
-6.16,12.94,-117.13
-7.08,0.73,-85.75
-9.22,-11.78,-58.17
-12.08,-24.66,-40.04
-14.89,-41.32,-29.36
-16.78,-61.10,-19.59
-15.93,-81.30,-5.25
-10.62,-89.54,6.65
-0.79,-62.99,1.16
12.33,-47.91,-3.66
26.00,-36.56,-0.73
37.05,-17.94,4.82
55.85,-3.30,10.07
73.85,-1.83,18.01
84.90,-12.21,25.21
89.36,-19.53,28.99
89.72,-19.78,30.70
88.50,-19.84,25.33
90.45,-24.72,24.11
90.03,-22.09,15.69
85.75,-18.43,9.83
66.16,-18.68,11.35
40.04,-11.96,6.71
22.40,-5.80,2.62
10.99,-2.87,2.69
4.03,-2.62,1.65
-1.95,-11.05,1.04
-7.69,-18.19,-0.12
-12.63,-19.47,-0.67
-15.63,-14.95,-0.98
-17.03,-6.41,-0.98
-16.85,5.00,-0.24
-15.87,18.68,0.98
-15.08,32.47,1.71
-15.56,45.35,1.95
-16.48,59.88,-1.65
-14.65,67.93,-7.45
-6.59,69.76,-15.87
4.58,73.00,-30.58
16.72,79.96,-44.31















-,-,-
0.92,-0.37,0.49
0.85,-0.49,0.24
0.73,-1.10,0.24
0.49,-1.65,0.18
0.37,-2.01,0.12
-0.31,-2.38,0.00
-0.61,-2.32,-0.12
-0.67,-2.20,-0.55
-0.37,-1.89,-0.79
-0.31,-1.46,-0.98
0.06,-0.49,-0.85
0.79,-0.18,-1.34
1.28,-0.18,-1.95
1.71,0.00,-2.99
1.65,0.61,-3.42
1.22,1.22,-3.05
1.04,1.04,-3.23
1.28,0.55,-3.60
1.22,0.12,-3.23
1.10,0.06,-2.26
1.77,0.12,-2.26
2.38,0.24,-3.05
2.62,0.49,-4.03
2.20,0.67,-4.82
1.89,1.22,-4.70
1.46,1.59,-4.27
1.53,1.65,-4.03
1.71,1.34,-4.03
1.34,0.85,-3.97
1.46,0.06,-3.72
1.22,-0.61,-2.99
0.92,-0.73,-2.38
0.24,-1.40,-2.26
-0.79,-2.44,-2.44
-2.08,-4.27,-2.32
-3.23,-7.08,-2.26
-4.21,-10.56,-1.53
-5.62,-15.38,0.49
-7.45,-22.71,3.97
-7.87,-30.64,7.26
-9.09,-36.62,8.91
-5.86,-32.35,1.59
-2.56,-23.99,-2.14
-1.65,-19.71,1.16
-4.03,-17.09,3.05
-3.91,-9.58,5.55
-3.36,0.18,16.42
-2.56,12.51,50.96
0.85,28.81,89.97
8.18,38.88,114.50
12.27,42.85,119.45
10.19,34.42,102.36
6.10,24.96,81.97
1.89,19.04,65.43
-2.14,15.32,56.46
-6.23,10.68,34.00
-7.14,7.26,23.74
-11.41,7.02,26.00
-14.28,6.04,9.22
-15.87,2.44,-2.50
-19.29,0.00,-5.92
-21.48,-0.37,-9.83
-25.63,0.92,-16.17
-31.68,6.59,-25.63
-40.22,12.45,-36.25
-46.69,18.31,-49.80
-49.19,23.80,-62.99
-49.56,25.70,-67.57
-49.50,23.44,-61.16
-46.63,16.78,-48.03
-44.07,6.41,-32.41
-43.21,-4.70,-16.24
-39.25,-19.04,0.31
-35.22,-37.41,17.09
-28.63,-44.62,15.75
-14.95,-31.62,-5.07
-0.18,-23.32,-3.23
8.91,-16.97,3.11
23.56,-4.76,5.13
39.73,-1.34,11.84
57.07,-7.26,21.79
71.17,-18.31,27.10
83.92,-30.15,35.40
93.44,-33.02,38.39
106.14,-33.63,41.08
119.26,-37.11,42.66
131.71,-39.31,42.42
136.72,-39.98,38.64
131.41,-35.10,42.24
119.20,-25.33,39.25
99.67,-13.43,32.84
76.48,-7.32,27.22
55.36,-3.66,18.68
32.17,4.76,10.99
12.21,2.99,8.91
-0.24,3.85,4.46
-6.96,2.56,1.10
-9.28,0.00,1.40
-11.11,4.15,-2.01
-15.01,14.04,-11.90
-20.39,24.78,-34.00
-26.18,27.40,-63.96
-28.02,28.99,-85.08
-26.86,35.58,-99.79
-21.12,42.42,-113.10
-15.63,43.27,-121.34
-12.70,38.45,-121.22
-12.15,28.63,-110.90
-12.27,14.28,-92.35
-12.63,-2.81,-69.03
-13.43,-19.47,-45.29
-11.66,-34.18,-24.78
-9.09,-48.71,-8.61
-8.24,-61.71,3.72
-9.40,-62.19,9.64
-0.37,-34.48,0.67
6.10,-22.77,3.23
9.52,-20.14,3.54
1.77,-15.87,2.01
-1.53,-9.16,-1.83
-2.14,-4.76,-2.75
-1.28,-0.73,3.30
-2.99,8.30,30.46
-5.31,26.73,72.45
-1.65,44.25,102.60
8.42,53.77,130.98
13.67,46.39,155.03
15.63,52.98,160.34
14.83,58.11,161.38
14.71,54.87,161.87
13.55,44.92,149.29
11.17,28.81,127.99
6.47,16.97,99.85
2.75,8.61,65.37
2.99,9.03,55.05
0.43,6.53,44.68
0.31,6.04,27.83
0.06,8.18,25.09
-0.85,10.99,33.81
-1.34,10.99,18.43
0.37,8.91,1.83
-2.08,9.09,-3.11
-2.14,10.19,-11.60
-1.10,8.12,-36.87
-2.44,2.44,-87.04
-5.80,-2.20,-118.10
-15.01,2.26,-122.25
-19.10,12.82,-112.98
-16.42,21.18,-100.28
-11.11,20.63,-88.99
-6.10,11.17,-78.43
-3.91,-2.44,-66.47
-4.21,-15.87,-53.10
-4.82,-31.74,-39.79
-7.45,-50.78,-23.44
-10.50,-67.93,-2.69
-13.37,-79.28,16.60
-8.30,-65.25,11.35
-5.00,-46.75,-2.99
9.16,-37.60,-7.57
13.43,-29.60,0.31
21.18,-14.65,4.52
32.17,-4.39,7.75
43.03,-2.62,13.73
52.43,-2.01,18.31
61.89,-7.08,19.59
71.66,-23.19,16.17
78.98,-34.18,9.46
80.32,-33.33,9.46
79.83,-34.85,3.72
79.04,-37.96,1.22
73.85,-39.12,5.37
65.49,-35.03,0.67
52.12,-27.89,0.55
37.05,-17.33,5.37
22.58,-8.00,2.93
9.83,-5.86,0.12
-0.18,-9.95,-2.08
-7.14,-19.35,-3.91
-13.24,-24.54,-5.07















-,-,-
2.14,-2.38,-0.12
2.01,-2.75,0.00
1.83,-3.30,0.00
1.89,-3.97,-0.06
1.83,-4.33,-0.24
1.28,-4.27,-0.12
1.34,-3.91,0.00
1.65,-3.17,0.18
1.65,-2.44,0.43
1.83,-1.95,0.31
1.77,-1.83,0.24
1.71,-1.95,0.24
1.77,-2.08,-0.12
1.95,-2.69,-0.49
1.40,-3.36,-0.55
1.28,-3.78,-0.92
1.40,-3.72,-1.28
1.34,-3.54,-1.40
1.53,-3.11,-1.40
1.77,-2.62,-1.22
1.95,-2.08,-0.67
2.56,-1.10,-0.55
3.66,-0.37,-0.24
4.39,0.06,0.06
4.76,0.18,0.18
4.58,-0.43,0.43
3.85,-1.10,0.55
2.87,-1.46,0.55
2.26,-1.77,0.61
2.20,-2.14,0.67
2.26,-2.20,0.55
1.95,-2.69,0.49
1.28,-3.23,0.31
0.31,-3.78,0.00
-0.49,-4.15,0.12
-1.22,-4.09,0.98
-0.67,-3.36,8.18
2.08,-0.85,32.17
2.20,6.84,56.21
4.39,15.87,84.23
6.16,31.86,104.92
9.03,41.08,105.29
8.97,39.43,97.96
4.33,36.50,87.71
0.12,32.65,76.54
-2.62,28.75,64.70
-4.52,21.55,40.95
-4.58,15.99,29.60
2.75,9.40,27.83
-3.30,1.95,18.31
-13.18,-2.08,-2.01
-17.64,-6.10,-10.31
-25.27,-6.90,-15.01
-32.96,-3.36,-28.63
-41.02,4.33,-44.25
-51.33,11.35,-58.47
-57.19,17.58,-68.60
-56.88,22.52,-71.78
-52.86,24.41,-65.80
-47.67,21.00,-51.64
-42.42,10.31,-32.96
-36.62,-3.17,-13.43
-32.10,-16.54,6.23
-28.69,-31.80,24.90
-24.23,-38.82,26.79
-13.73,-25.39,0.31
-1.10,-13.43,-2.14
9.22,-9.34,7.93
26.00,-2.14,11.23
47.18,6.90,15.87
68.60,6.04,24.96
86.12,-7.02,36.32
100.95,-18.55,40.41
111.27,-28.56,37.17
119.57,-22.83,42.11
124.76,-28.69,41.02
130.92,-28.14,30.03
132.20,-27.65,28.38
132.08,-30.09,25.94
121.95,-31.74,19.90
100.46,-28.69,14.77
70.25,-14.77,8.12
48.65,-8.61,3.60
30.21,-1.46,2.38
13.18,9.64,1.77
2.26,10.86,2.44
-2.14,8.48,3.17
-5.13,5.98,3.30
-8.00,7.51,1.16
-10.99,12.33,-4.27
-15.93,18.31,-15.81
-21.42,20.51,-41.99
-26.98,18.98,-70.98
-32.59,21.73,-89.97
-37.23,30.03,-104.13
-37.90,36.80,-115.72
-34.91,35.28,-122.07
-30.76,27.89,-119.87
-27.59,19.59,-109.19
-25.33,10.99,-92.65
-21.73,0.12,-74.40
-17.82,-12.21,-57.86
-14.65,-24.48,-43.40
-8.67,-37.29,-27.34
-4.82,-50.78,-7.87
-1.95,-62.26,13.67
-0.55,-59.51,26.12
4.15,-31.25,16.17
4.27,-20.94,10.80
6.35,-24.84,3.30
2.69,-21.61,0.24
4.64,-12.27,0.31
6.10,-4.52,14.89
7.51,6.16,57.50
12.45,19.23,102.66
20.87,28.20,140.44
25.45,39.00,166.14
28.56,44.37,182.07
31.62,48.58,188.29
31.80,44.49,193.73
29.11,39.55,181.70
27.59,33.63,148.99
23.01,25.21,124.88
13.12,14.95,96.68
5.19,12.88,70.56
-0.18,7.87,55.48
0.24,5.80,43.46
-2.81,7.63,25.88
-3.72,9.28,5.07
-0.98,10.56,-3.11
-2.14,13.73,-9.22
-7.26,15.32,-24.96
-10.80,13.61,-59.94
-14.10,10.56,-97.84
-16.85,8.48,-113.10
-18.55,12.08,-108.95
-17.88,18.68,-94.54
-15.99,23.19,-80.20
-16.48,20.26,-70.50
-19.23,10.86,-64.58
-21.73,-0.37,-60.55
-20.87,-11.54,-55.30
-16.24,-25.27,-46.14
-10.01,-40.89,-32.59
-5.13,-53.83,-14.40
0.31,-60.61,3.97
10.62,-44.43,11.84
23.50,-26.79,9.34
49.44,-19.59,8.36
65.19,-17.88,12.63
77.39,-21.18,16.11
89.23,-29.36,18.62
96.07,-24.90,22.83
101.62,-27.40,24.05
100.04,-17.94,21.79
88.26,-21.73,15.93
73.85,-24.72,8.61
59.51,-23.25,5.98
45.41,-21.12,0.06
30.40,-17.52,-3.36
19.10,-10.62,-0.49
6.41,-8.91,0.43
0.24,-13.67,-2.01
-5.68,-18.92,-3.30
-11.29,-19.47,-4.09
-17.40,-16.85,-4.46
-23.07,-11.47,-5.13
-24.35,-4.03,-5.25
-22.28,4.09,-4.88
-16.78,12.76,-4.21
-11.60,21.18,-2.50
-9.28,27.53,-1.10
-9.09,32.17,0.12
-8.97,36.68,0.98
-8.91,41.38,-1.65
-9.64,49.07,-3.42
-8.67,54.32,-7.39
-7.39,63.66,-27.77
-3.66,74.83,-48.77
1.16,87.04,-57.62















-,-,-
2.62,-2.50,1.04
3.05,-3.05,0.79
2.44,-3.54,0.55
2.08,-3.91,0.37
2.01,-3.91,0.31
2.26,-3.23,0.31
2.32,-2.69,0.55
2.44,-2.26,0.67
2.20,-1.83,1.10
2.01,-1.46,1.46
2.38,-1.10,1.71
2.32,-0.85,1.77
1.89,-0.85,1.65
1.53,-0.92,1.40
1.59,-0.67,1.04
1.71,-0.92,1.22
1.46,-0.92,0.79
1.28,-1.16,0.55
0.98,-1.46,0.43
1.40,-1.71,0.24
1.77,-1.77,0.18
1.89,-1.77,0.55
2.01,-1.83,0.73
1.83,-2.01,0.67
1.59,-2.01,0.67
1.83,-1.95,0.67
2.01,-2.26,0.55
1.83,-2.93,0.18
1.59,-3.60,0.43
1.34,-4.03,2.38
1.28,-2.56,12.33
3.11,4.03,38.15
4.82,16.42,62.01
12.33,25.02,78.80
15.44,28.38,86.06
16.78,31.68,86.73
14.83,34.30,86.79
11.29,34.30,82.34
8.61,33.26,76.11
5.37,27.10,68.30
3.11,18.31,47.49
-0.31,10.56,17.64
-2.14,7.08,3.30
-6.10,5.68,5.49
-9.58,5.13,7.63
-14.47,1.83,1.83
-18.92,-3.60,-8.61
-25.76,-4.46,-15.63
-36.38,3.05,-27.28
-44.86,16.91,-41.75
-52.55,25.09,-50.42
-57.50,31.68,-55.97
-57.43,33.39,-57.98
-54.02,30.64,-53.77
-48.34,23.99,-44.01
-42.48,12.08,-29.79
-35.46,-2.08,-11.54
-29.30,-14.95,7.08
-26.49,-26.98,23.07
-24.48,-33.69,26.18
-14.10,-25.09,5.13
-5.86,-10.93,-1.04
6.65,-7.51,8.18
21.79,-4.33,12.45
41.69,2.99,17.33
62.68,0.55,25.76
78.80,-4.52,31.19
90.88,-18.19,34.55
101.20,-31.74,34.67
111.63,-35.40,31.92
122.86,-35.58,34.73
134.52,-35.22,37.48
143.49,-35.64,37.60
147.28,-28.93,41.32
140.38,-23.93,40.53
125.37,-17.03,31.62
98.21,-14.10,20.14
69.03,-10.01,10.80
40.41,-8.06,7.39
15.99,3.23,-0.06
1.40,10.86,-0.67
-4.46,6.29,0.00
-7.93,-1.34,-0.37
-13.73,-2.93,-1.40
-19.29,1.22,-3.05
-24.29,10.99,-5.62
-26.61,25.15,-14.16
-29.36,37.90,-27.04
-29.66,44.07,-45.29
-31.25,49.13,-65.92
-28.75,54.50,-87.04
-24.05,53.53,-103.70
-19.10,46.88,-114.75
-15.01,35.40,-118.35
-12.33,20.32,-112.18
-10.93,4.46,-97.96
-10.56,-8.00,-80.51
-11.66,-17.52,-62.93
-14.89,-25.45,-46.26
-16.97,-33.14,-29.79
-20.57,-40.16,-14.16
-23.74,-48.10,-2.62
-25.33,-55.79,5.37
-24.35,-60.49,10.93
-20.69,-56.88,10.62
-9.40,-41.26,-3.05
3.97,-26.86,-0.85
14.22,-15.63,6.41
12.70,-7.02,5.74
9.77,-1.40,6.71
8.97,2.99,20.69
13.98,13.12,54.75
18.13,26.37,94.91
23.19,37.11,135.93
27.40,49.62,164.25
33.94,57.07,189.94
34.06,54.44,205.02
27.16,50.17,192.57
18.74,45.59,175.96
8.54,28.08,149.96
4.03,17.88,105.90
1.53,15.14,74.89
-0.73,13.49,65.19
0.85,13.67,48.58
1.65,14.47,39.49
2.01,15.99,27.22
1.95,16.17,18.62
2.01,14.34,4.15
1.16,12.39,-6.90
-3.72,8.00,-26.92
-7.08,-1.34,-67.93
-10.07,-6.53,-105.35
-15.50,-6.96,-127.01
-21.36,-3.54,-137.27
-27.59,0.31,-134.64
-28.75,1.16,-122.19
-26.79,0.31,-105.59
-23.25,-2.62,-88.01
-21.30,-9.34,-69.46
-20.20,-20.81,-51.33
-18.80,-35.89,-33.33
-18.13,-51.76,-14.47
-17.03,-65.92,3.97
-11.72,-58.11,9.46
-0.06,-42.97,5.00
23.68,-33.87,3.78
44.31,-22.46,8.48
70.37,-23.44,9.09
89.60,-26.92,8.85
100.16,-22.03,23.56
107.79,-28.69,29.66
106.63,-30.94,25.02
88.07,-28.75,22.03
64.15,-17.03,17.64
43.88,-10.19,12.94
30.15,-6.04,11.17
19.96,-4.64,5.80
9.89,-4.46,6.35
3.23,-4.46,5.31
-1.22,-5.43,2.26
-4.52,-6.16,0.92
-8.06,-2.50,-0.73
-11.66,6.04,-1.89
-14.34,16.17,-3.30
-17.94,25.15,-5.00
-23.19,33.14,-9.22
-27.89,41.44,-16.30
-30.58,50.42,-19.96
-27.28,58.11,-34.36
-16.91,68.85,-50.90
-1.59,79.65,-61.16
14.53,88.68,-66.28
27.89,93.14,-64.82
37.66,92.53,-59.27
43.58,88.75,-52.31
45.78,83.74,-47.97
46.08,78.98,-45.47
44.92,75.13,-42.42
42.11,70.86,-39.25
38.02,64.33,-36.80















-,-,-
-1.59,-2.01,9.89
-2.56,-3.11,9.40
-3.54,-3.85,8.91
-4.64,-3.66,8.85
-5.13,-3.36,8.48
-4.58,-3.36,7.20
-3.72,-3.97,5.25
-2.87,-4.58,2.62
-1.59,-4.58,-0.43
-0.98,-3.91,-3.11
-1.16,-2.56,-5.00
-1.28,-1.83,-8.24
-1.71,-1.34,-11.05
-2.81,-0.12,-11.47
-3.11,1.53,-10.13
-3.11,1.89,-8.24
-2.75,0.79,-6.29
-2.50,-0.55,-4.46
-2.01,-1.71,-3.66
-1.34,-3.23,-3.66
-0.92,-4.46,-3.97
-1.77,-5.25,-3.91
-3.23,-5.92,-2.99
-4.52,-6.47,-1.40
-5.19,-6.65,-0.49
-4.88,-6.47,-0.49
-3.72,-5.49,-1.28
-2.44,-3.85,-2.01
-0.79,-2.20,-2.20
0.79,-0.98,-2.56
1.46,-0.49,-2.75
1.53,0.00,-3.36
1.28,0.06,-4.03
0.18,-0.67,-4.39
-1.65,-2.62,-4.39
-3.72,-6.47,-3.78
-5.68,-10.62,-2.56
-6.90,-13.61,1.04
-6.41,-16.85,6.71
-4.09,-19.04,9.83
-0.49,-23.38,13.06
1.40,-30.94,18.31
1.22,-37.84,22.03
-2.08,-29.30,10.31
4.03,-24.60,10.19
6.10,-22.46,32.04
7.14,-12.02,61.52
13.73,5.80,87.95
22.16,19.96,113.65
27.34,33.51,115.72
29.42,39.18,111.69
25.21,40.83,98.75
20.02,37.29,75.62
11.23,28.38,52.86
4.15,24.54,35.58
-3.91,18.01,26.25
-12.27,9.58,6.84
-19.17,-0.24,-8.61
-25.63,-5.80,-14.89
-31.62,-2.26,-20.45
-39.06,12.15,-27.10
-44.62,23.01,-36.93
-48.16,28.02,-52.43
-48.46,27.53,-65.31
-47.36,23.86,-68.60
-44.31,17.70,-59.14
-37.60,5.68,-38.70
-30.27,-9.52,-11.60
-26.06,-26.37,14.10
-27.22,-38.76,30.15
-26.43,-30.46,16.91
-20.14,-11.84,2.69
-0.18,-2.08,10.80
15.38,-2.87,12.45
35.64,5.13,12.08
62.62,6.77,23.44
91.13,-0.31,35.16
112.61,-14.83,41.08
127.69,-42.36,35.28
136.54,-53.28,28.75
138.00,-56.82,22.71
133.48,-51.39,16.17
123.41,-37.72,12.76
111.88,-29.30,16.17
94.36,-23.80,10.25
68.85,-19.41,6.41
45.04,-15.63,1.59
22.03,-10.80,-1.89
6.41,1.65,-3.42
-3.91,15.93,-2.93
-8.24,18.98,-2.75
-11.66,15.20,-3.17
-16.17,12.57,-8.12
-21.73,14.83,-21.06
-27.95,16.85,-48.03
-33.33,18.55,-83.62
-38.64,23.01,-113.40
-42.60,24.54,-134.83
-43.15,19.71,-149.48
-39.12,9.03,-154.60
-33.87,-5.37,-145.39
-28.63,-19.96,-119.93
-25.45,-29.05,-79.41
-24.60,-33.20,-37.54
-20.20,-39.18,-8.06
-16.72,-49.32,8.18
-21.12,-49.99,11.78
-21.30,-39.00,1.95
-14.95,-24.41,-5.80
-2.08,-19.29,0.00
1.71,-17.46,6.16
1.65,-9.46,10.62
4.82,-1.04,33.87
16.05,11.05,69.89
39.00,29.48,122.01
59.08,44.07,167.11
72.20,61.95,207.09
75.68,72.63,237.06
72.75,73.49,247.99
61.16,58.29,232.30
44.49,42.36,191.47
27.83,27.34,152.65
14.22,19.53,122.68
6.84,14.89,98.08
3.66,1.89,81.67
-10.68,-2.50,41.08
-11.05,-0.12,19.84
-8.54,7.45,19.17
-2.99,13.06,4.70
-1.46,15.87,-6.47
-2.69,18.01,-17.70
-5.13,12.45,-48.16
-6.65,4.82,-98.27
-12.21,1.04,-128.05
-18.68,-0.24,-132.81
-24.54,4.15,-127.32
-28.99,10.80,-115.91
-31.07,12.63,-101.99
-32.71,4.52,-86.06
-33.94,-7.69,-70.43
-31.43,-21.36,-56.64
-28.02,-36.25,-43.09
-22.16,-50.48,-24.41
-13.61,-59.63,-2.38
-1.22,-48.40,8.06
12.57,-29.60,9.03
41.93,-23.13,9.28
65.43,-21.73,8.54
85.08,-9.70,9.70
98.45,-7.39,22.22
110.90,-24.78,21.06
117.86,-40.71,20.20
111.94,-40.71,15.01
82.28,-28.02,13.92
55.36,-17.76,9.03
42.05,-17.09,3.78
31.86,-20.39,0.18
21.61,-15.81,-4.15
12.08,-13.37,-4.27
5.86,-10.07,-3.78
3.23,-9.83,-3.30
1.22,-8.85,-1.83
-0.61,-6.47,-0.55
-3.05,-2.93,0.31
-6.53,0.49,-1.04
-10.68,2.44,-3.60
-15.44,3.42,-6.29
-19.10,5.07,-8.24
-18.43,8.42,-9.22
-15.01,13.00,-10.44
-11.17,17.88,-12.39
-8.85,21.67,-12.88
-8.48,25.70,-20.94
-7.69,32.96,-39.61
-4.15,48.52,-57.62
1.77,65.12,-71.23
7.75,75.38,-82.09
14.10,80.02,-91.86
19.47,80.20,-98.14
21.73,76.05,-99.85















-,-,-
2.38,0.92,1.04
1.89,-0.37,0.37
1.22,-0.98,-0.43
0.18,-0.73,-0.85
-0.24,-0.12,-1.40
0.00,0.49,-1.40
0.67,0.98,-0.43
1.22,1.59,1.10
1.89,2.20,1.77
2.26,2.14,0.67
2.44,1.77,-0.61
2.08,1.53,-0.37
1.59,0.98,0.79
1.53,0.00,1.22
1.53,-0.98,0.92
1.10,-1.71,1.40
0.85,-1.77,2.20
0.73,-2.08,2.44
0.79,-2.75,2.32
0.55,-3.11,1.89
0.73,-2.32,1.83
0.79,-1.34,2.01
1.10,-0.49,2.32
1.28,0.06,2.26
1.28,0.06,1.77
1.40,-0.43,1.89
1.40,-1.22,2.14
1.46,-2.44,2.50
1.22,-4.21,2.75
0.61,-6.47,3.23
-0.37,-8.85,4.03
-0.67,-12.51,4.64
-0.43,-17.21,5.25
-0.92,-20.75,5.19
-2.14,-16.78,-0.18
1.53,-12.76,-2.75
4.52,-11.90,0.98
3.72,-7.26,4.94
4.27,-2.20,7.63
6.29,2.50,14.16
10.07,5.13,26.86
14.89,6.77,42.79
16.24,9.40,45.04
15.08,12.57,44.68
12.02,14.65,47.06
9.70,19.41,52.49
5.37,17.27,48.52
4.70,12.15,32.78
2.01,4.64,13.00
0.37,3.60,1.22
-3.72,3.11,0.85
-4.58,2.81,-0.85
-6.41,2.93,-2.93
-8.06,3.36,-4.52
-9.46,5.25,-5.68
-10.74,8.48,-6.65
-11.11,15.08,-4.76
-11.84,22.77,0.79
-10.86,19.23,1.89
-13.55,16.60,-9.83
-17.33,18.13,-23.86
-21.36,21.79,-28.93
-23.25,26.37,-27.47
-21.30,27.10,-23.80
-17.82,21.73,-18.62
-14.83,12.63,-11.90
-12.45,2.93,-4.52
-10.68,-5.31,2.99
-10.31,-12.94,9.64
-10.44,-20.75,12.82
-9.52,-29.48,12.39
-7.20,-38.39,11.96
-5.68,-39.25,7.32
-5.68,-19.17,-6.35
6.77,-16.30,-4.52
7.93,-13.85,2.26
13.98,-4.94,5.25
22.89,1.89,6.65
30.70,1.34,9.95
40.59,-1.53,10.68
54.14,-4.58,10.62
68.91,-11.41,11.90
84.47,-17.15,16.36
94.30,-18.19,14.40
97.47,-13.98,14.59
92.59,-15.14,16.05
82.82,-6.90,15.44
62.44,-4.21,14.34
39.00,-3.66,8.42
20.02,0.06,3.36
8.36,2.01,3.72
1.04,-3.66,2.50
-5.62,-11.29,-1.89
-12.08,-13.85,-4.70
-17.52,-9.09,-5.49
-18.92,0.67,-6.04
-18.01,11.84,-6.04
-15.99,21.42,-8.91
-13.24,27.95,-16.36
-12.94,31.92,-31.43
-10.38,38.15,-44.80
-6.23,40.65,-52.31
-1.77,36.32,-52.92
0.61,25.21,-46.39
1.34,10.62,-33.81
0.85,-3.42,-17.64
0.37,-17.52,-3.72
0.31,-34.06,4.88
2.20,-50.78,8.00
3.60,-62.68,9.28
-6.10,-42.66,1.22
-5.00,-21.18,-7.02
1.10,-24.54,-0.67
-3.66,-11.84,7.57
1.22,4.88,16.72
9.09,20.26,46.14
16.91,26.67,83.50
25.39,29.66,100.16
32.41,30.03,106.87
29.05,30.46,105.71
19.71,26.67,84.17
14.71,15.99,65.31
9.34,11.35,48.65
3.05,8.54,28.93
2.32,2.75,15.81
1.04,6.04,8.97
-1.16,7.14,-1.95
-0.43,8.06,-4.70
-2.99,9.34,-10.25
-8.06,10.31,-31.37
-10.50,5.07,-51.82
-14.53,1.89,-60.91
-18.19,9.95,-60.30
-18.80,17.40,-51.21
-16.11,17.33,-39.06
-11.47,11.72,-30.21
-6.71,3.30,-23.50
-1.95,-6.23,-13.67
2.01,-17.64,-0.06
5.55,-33.26,13.79
6.65,-49.38,22.71
-1.53,-32.71,10.19
12.76,-20.81,-2.26
22.09,-18.80,4.58
22.58,-6.53,10.99
31.56,-1.34,14.04
41.50,-7.32,15.32
49.26,-13.00,13.73
45.23,-5.07,14.71
34.73,-5.19,11.84
24.84,-5.74,8.73
16.97,-6.16,1.71
10.99,-4.03,-0.85
4.76,-1.83,-2.93
0.61,-5.74,-4.46
-1.10,-9.46,-6.65
-2.87,-8.54,-6.65
-3.30,-4.21,-5.19
-3.30,1.46,-3.60
-3.42,8.85,-1.53
-4.39,15.38,-0.73
-5.49,20.14,-1.77
-5.37,25.45,2.20
-6.53,41.44,8.06
-7.26,67.44,-3.72
-0.37,89.42,-22.71
10.93,102.17,-33.26
22.58,107.18,-37.90
30.64,106.81,-42.54
36.50,99.49,-45.90
38.88,87.40,-44.80
37.60,74.52,-39.61
34.55,63.17,-32.04
32.53,50.29,-23.01
31.25,36.93,-15.01
30.70,22.46,-8.67
30.64,7.32,-4.58
30.40,-4.52,-1.71
25.70,-11.23,2.62
17.46,-12.27,6.23















 
-,-,-
3.36,-2.50,0.98
3.72,-2.93,0.98
4.15,-3.23,0.67
3.91,-3.11,0.37
3.66,-2.56,0.43
3.72,-2.14,0.61
4.03,-2.14,0.49
3.17,-1.89,0.73
1.71,-0.92,0.61
0.98,0.00,0.12
0.73,0.12,-0.24
0.79,-0.31,0.06
0.67,-0.43,0.98
0.67,-0.12,1.46
0.79,0.43,1.40
1.53,0.73,1.22
2.20,0.49,1.46
3.05,0.06,2.08
2.62,0.12,2.50
1.53,0.37,2.38
0.73,0.79,1.65
0.43,0.55,1.28
0.18,-0.73,1.95
0.55,-1.89,2.56
1.28,-3.42,2.69
2.26,-6.29,2.38
2.81,-10.93,2.32
3.23,-16.54,3.17
2.69,-21.48,4.21
0.12,-17.82,-0.18
1.16,-13.49,-3.97
1.83,-15.14,-2.62
-0.12,-11.47,1.83
-1.10,-4.82,7.69
1.28,2.93,20.57
5.31,10.19,40.59
10.86,16.72,58.41
16.17,19.59,69.46
16.54,23.86,68.30
11.90,24.72,59.51
6.10,21.12,46.57
7.69,15.14,36.87
5.31,12.15,23.38
-1.10,8.36,10.74
-6.47,2.50,-4.82
-9.89,-2.81,-12.02
-15.01,-6.47,-17.15
-19.04,-4.94,-27.83
-22.52,-1.77,-37.05
-27.04,0.85,-41.14
-32.59,5.86,-40.47
-35.89,15.20,-36.13
-38.27,25.27,-31.43
-37.23,28.50,-25.15
-30.70,18.07,-16.30
-23.07,2.44,-5.92
-16.72,-11.05,5.92
-11.05,-24.66,19.23
-8.06,-39.43,26.86
-13.67,-23.44,7.45
2.20,-14.47,-1.77
6.71,-15.14,3.17
11.96,-5.55,14.34
26.18,4.82,18.62
44.07,4.33,22.03
62.13,-6.04,25.39
76.35,-9.16,24.05
84.11,-10.62,20.08
87.71,-12.39,14.65
85.82,-8.48,11.05
82.21,-9.34,11.23
74.40,-10.93,7.26
57.68,-10.13,6.65
32.78,-7.63,6.16
9.28,-5.68,4.46
-6.04,-4.46,-2.75
-13.73,-10.44,-8.12
-16.54,-15.99,-9.03
-16.91,-13.49,-7.20
-16.17,-5.07,-4.33
-12.45,4.94,-1.89
-7.87,13.18,0.12
-3.85,21.30,-2.44
-0.85,26.86,-6.71
-1.16,21.55,-15.44
-3.97,14.47,-32.10
-6.04,11.05,-49.80
-7.69,7.51,-61.83
-9.34,1.53,-63.90
-7.45,-7.08,-52.55
-2.87,-16.36,-33.39
2.32,-24.11,-12.82
7.57,-30.64,7.02
9.22,-29.66,19.96
1.77,-6.29,13.37
12.27,-4.88,10.56
6.71,-5.43,14.77
4.82,2.08,34.42
9.64,7.02,53.34
18.19,16.66,67.32
19.84,24.54,80.57
17.76,26.92,88.99
16.60,28.26,81.73
13.67,24.90,71.90
8.97,21.61,56.76
3.60,20.02,41.14
0.37,13.98,30.58
-4.39,8.54,14.71
-4.21,7.75,-3.42
-5.31,7.14,-7.81
-6.41,8.67,-13.31
-8.79,13.06,-24.78
-8.67,13.92,-42.18
-9.95,15.50,-60.61
-8.24,17.21,-67.93
-5.13,15.99,-57.62
-3.54,12.88,-38.33
-1.16,7.69,-22.09
2.44,-1.77,-11.11
4.70,-17.21,-0.37
5.43,-37.11,10.50
3.05,-54.38,19.10
-5.98,-45.23,12.76
-0.43,-26.92,-3.72
19.96,-26.43,-2.32
28.02,-16.60,0.79
47.12,-3.36,5.92
61.65,-8.85,14.65
70.31,-15.01,12.02
62.68,-12.76,12.33
48.03,-4.94,13.31
34.36,-4.58,10.01
23.93,-6.59,9.46
13.18,-7.32,1.16
0.18,-5.86,-0.98
-7.39,-12.82,-2.44
-9.77,-18.86,-4.39
-10.62,-17.15,-5.07
-9.64,-11.41,-3.97
-5.49,-2.87,-3.36
-2.62,7.75,-2.50
-1.71,18.98,-1.28
-2.38,28.75,-1.59
-3.54,37.84,-4.94
-3.91,42.18,-4.27
-6.71,49.26,-7.87
-4.94,61.95,-19.41
-1.28,73.18,-29.97
4.64,79.41,-33.69
11.41,81.60,-32.10
16.91,81.85,-28.75
22.52,80.51,-25.45
27.34,77.09,-23.44
29.72,75.01,-21.97
29.48,74.40,-18.74
29.36,73.36,-13.24
28.38,70.25,-7.02
26.25,65.73,-2.14
23.74,59.94,3.05
21.36,52.37,7.93
18.74,43.40,10.31
17.09,33.51,9.28
16.97,22.52,7.75
16.36,11.90,7.51
14.34,3.42,8.79
10.07,-4.94,10.07
5.86,-14.16,8.97
3.78,-21.91,4.82
3.30,-29.36,2.01
2.26,-36.93,1.22
-0.12,-42.72,1.16
-3.42,-44.13,1.34
-6.47,-41.63,2.87
-9.77,-40.34,5.92
-11.05,-53.22,11.17
-12.45,-67.93,15.63
-14.40,-64.76,15.75
-13.49,-57.31,13.67
-14.34,-50.05,11.47
-15.14,-40.10,9.89















 
-,-,-
1.95,0.85,0.73
1.83,0.67,0.85
1.65,0.73,1.28
1.65,0.92,1.40
1.71,0.79,1.71
1.71,0.24,2.14
1.71,-0.67,2.69
1.40,-2.32,3.48
1.46,-5.13,3.60
1.71,-10.01,3.48
1.22,-16.78,3.23
0.61,-23.19,2.93
-1.65,-22.22,-0.73
-2.93,-12.82,-6.35
-0.55,-10.25,-5.86
-1.83,-6.84,-1.65
-0.43,-1.10,1.40
2.26,3.78,1.71
4.27,6.04,2.20
4.33,6.04,2.99
4.27,4.88,3.23
3.97,2.87,3.05
3.23,-0.06,2.99
2.50,-2.69,3.23
2.87,-3.97,2.56
3.54,-4.64,1.83
3.05,-4.58,1.59
2.75,-2.87,3.42
0.98,-0.18,11.66
0.67,4.88,29.66
1.77,9.22,49.50
6.16,18.43,62.26
9.58,20.51,64.70
10.25,17.64,59.45
8.67,18.13,47.73
4.52,16.91,30.21
2.69,13.00,18.49
0.49,9.52,6.59
-1.04,4.70,-4.33
-5.13,-2.08,-10.19
-13.73,-9.58,-21.61
-21.61,-12.76,-36.93
-29.42,-11.35,-44.86
-39.25,-5.25,-47.06
-44.07,5.86,-46.57
-43.46,18.62,-42.24
-43.46,32.35,-33.39
-38.64,35.34,-21.00
-31.62,26.31,-9.46
-24.35,12.70,-0.18
-14.83,-3.91,11.72
-6.47,-28.93,26.49
-0.37,-50.84,38.21
5.68,-48.77,34.73
5.07,-15.14,12.51
28.02,-8.97,8.91
32.10,-6.29,18.37
39.37,-2.08,30.70
58.72,-3.17,34.79
72.51,-2.44,30.52
82.52,-15.32,25.02
90.39,-13.73,21.18
92.59,-10.38,15.56
90.52,-5.31,12.39
81.67,-6.29,10.19
69.09,-4.33,5.55
52.49,-4.76,5.86
27.83,-1.04,0.79
11.84,-2.81,-6.65
-2.44,-4.03,-3.23
-11.11,-8.61,-4.64
-17.27,-16.36,-7.02
-20.57,-14.65,-7.26
-19.71,-1.89,-5.80
-16.17,9.89,-3.17
-11.66,16.54,-2.50
-6.90,21.12,-9.16
-4.03,23.56,-22.83
-5.25,24.78,-38.09
-6.90,28.08,-48.89
-6.77,29.79,-53.83
-5.43,26.37,-51.88
-1.40,17.27,-43.82
3.97,4.39,-33.08
8.30,-8.54,-21.12
13.31,-22.52,-7.69
16.97,-38.15,7.02
17.64,-53.34,21.30
9.46,-50.72,21.97
-4.94,-21.36,2.93
3.78,-21.91,-0.55
-3.17,-21.91,4.46
-3.91,-7.02,8.67
2.20,9.16,23.32
6.59,22.09,56.27
16.11,28.50,80.20
22.64,29.85,84.78
24.35,28.26,76.84
20.63,25.51,69.09
15.69,22.89,60.73
7.51,17.76,40.59
3.91,14.22,33.20
-3.17,10.80,28.93
-5.37,11.54,14.40
-6.29,8.30,2.20
-4.21,5.49,-5.55
-3.78,5.43,-8.73
-5.07,8.85,-14.40
-5.80,11.72,-28.44
-6.10,12.45,-51.33
-8.42,13.00,-69.27
-9.09,13.18,-69.89
-9.83,11.41,-54.26
-10.56,7.26,-34.18
-8.97,0.55,-18.49
-6.23,-8.91,-6.96
-3.48,-24.11,1.40
-1.28,-41.44,9.09
-0.31,-55.79,15.08
-5.92,-43.21,4.33
2.75,-25.21,-5.31
17.64,-22.52,1.04
24.48,-12.63,9.52
39.92,-6.10,5.98
51.64,-1.40,9.89
57.92,-6.10,19.84
60.55,-3.78,17.76
59.02,-9.16,12.21
48.77,-8.30,9.58
37.48,-6.53,2.62
27.34,-6.53,0.92
19.78,-5.49,2.44
9.28,-2.08,0.73
0.79,-6.35,-2.32
-4.09,-12.02,-4.15
-6.71,-14.40,-5.07
-8.24,-12.27,-5.13
-9.70,-7.14,-4.27
-10.62,-0.49,-4.03
-11.78,7.26,-3.85
-12.02,15.69,-3.66
-12.02,23.62,-3.48
-12.45,30.21,-3.17
-13.79,38.02,-2.81
-12.45,45.17,2.99
-11.72,53.65,-0.37
-4.88,64.33,-15.81
2.32,71.47,-26.67
8.48,75.13,-25.94
14.77,75.20,-20.02
19.35,72.27,-14.04
22.34,65.55,-10.31
24.11,57.43,-9.22
24.96,50.42,-8.36
24.41,45.84,-6.71
23.01,43.15,-3.54
21.00,41.56,0.49
19.53,39.92,4.76
18.55,36.56,8.97
17.33,31.25,12.39
16.05,24.29,14.40
15.08,16.97,15.26
12.33,9.70,15.56
7.75,6.10,14.89
2.81,5.86,13.55
-1.28,7.20,14.04
-3.48,8.06,17.15
-4.33,5.07,21.42
-5.62,-1.89,24.05
-8.73,-9.09,23.32
-12.39,-15.32,21.00
-15.26,-19.71,19.59
-16.30,-23.56,17.58
-18.68,-32.53,13.12
-19.71,-51.57,9.52
-22.22,-64.76,6.65
-25.82,-63.35,4.46
-27.16,-56.21,4.64
-27.59,-45.65,5.37
-25.82,-33.57,5.86















 
-,-,-
0.92,3.11,1.40
0.73,2.69,0.92
0.73,2.20,0.24
0.85,1.89,-0.37
1.22,1.34,0.00
1.34,1.10,0.67
1.77,1.10,0.43
2.01,0.98,-0.24
2.38,0.92,-0.31
2.32,0.67,-0.24
1.65,0.55,-0.12
1.40,1.04,-0.06
1.40,1.65,-0.18
1.53,1.89,-0.37
1.28,2.32,-0.55
1.34,2.56,-1.10
1.28,2.38,-1.28
1.59,1.71,-0.85
2.01,0.24,-0.24
2.44,-1.40,0.31
2.44,-3.11,1.40
2.44,-4.88,2.14
2.50,-6.59,2.75
1.95,-7.51,3.30
2.01,-7.51,3.30
2.56,-8.85,3.17
2.38,-11.66,2.56
2.38,-14.04,2.44
4.15,-16.78,4.52
4.15,-21.30,7.39
2.93,-20.26,5.19
3.17,-12.27,0.98
3.30,-10.68,2.38
1.89,-6.53,8.24
-0.12,-1.16,22.52
-0.85,5.43,36.56
4.88,12.76,46.14
8.73,17.94,49.74
10.31,19.90,48.89
9.95,16.72,38.02
9.34,9.03,30.15
6.16,9.77,17.58
4.27,8.54,10.80
0.73,4.52,12.82
0.31,2.81,11.29
-1.89,2.81,7.02
-5.80,1.95,-0.79
-9.40,0.24,-7.32
-13.18,1.89,-12.45
-16.72,6.71,-14.10
-19.47,9.22,-10.13
-21.12,13.67,-12.21
-18.80,17.52,-16.24
-17.27,19.29,-15.38
-17.64,18.92,-10.86
-15.26,14.04,-6.35
-13.06,4.64,-3.30
-10.93,-6.90,0.61
-9.09,-19.17,5.74
-6.53,-30.46,11.60
-3.60,-39.86,14.40
-5.37,-27.89,1.40
2.81,-17.27,-8.54
8.00,-19.65,-2.14
10.44,-13.73,5.37
20.94,-4.82,5.55
37.17,-1.65,5.19
55.48,0.12,12.70
71.47,0.43,19.65
85.63,-2.50,19.90
95.21,-8.67,16.30
94.60,-8.24,16.42
81.24,-6.47,15.50
61.95,-2.20,10.74
45.35,-3.66,8.73
29.60,-2.75,8.85
14.83,-4.76,2.20
3.23,-1.53,-4.64
-5.37,-5.07,-3.60
-8.24,-11.11,-3.78
-10.01,-12.02,-4.64
-11.29,-8.30,-4.88
-11.60,-2.08,-5.07
-11.23,5.49,-7.39
-11.47,12.08,-13.18
-10.99,13.61,-23.68
-11.66,8.97,-35.58
-12.88,5.80,-46.57
-12.39,6.10,-54.93
-10.74,3.85,-57.50
-8.61,-1.95,-51.03
-5.13,-8.30,-38.33
-1.46,-14.22,-22.83
3.78,-22.34,-7.51
9.77,-33.63,5.80
9.64,-32.29,9.52
4.58,-11.78,2.93
14.28,-10.68,7.08
8.24,-10.93,11.60
1.77,-6.47,8.73
-0.37,-3.48,8.00
-1.34,-1.59,21.85
5.07,4.21,43.95
16.11,17.46,67.63
24.48,26.43,86.18
25.21,29.60,89.66
23.99,30.88,80.57
18.19,30.03,68.36
12.82,24.78,59.39
7.81,17.58,48.34
4.33,15.26,39.12
-0.61,18.19,24.78
-4.03,16.60,14.59
-6.10,11.96,10.38
-2.93,10.07,2.44
-3.42,11.35,-8.48
-5.86,12.57,-18.37
-7.45,12.57,-30.09
-7.63,15.32,-46.02
-5.55,17.15,-57.92
-2.75,16.17,-60.42
-2.44,12.57,-52.49
-1.71,7.08,-36.80
2.50,1.59,-19.71
2.20,-4.09,-4.88
0.43,-12.02,5.19
-1.22,-22.58,12.70
-1.65,-34.67,18.31
-2.56,-34.79,14.16
-3.11,-19.41,1.77
9.58,-17.70,-0.92
15.75,-13.92,6.41
21.30,-6.41,7.75
29.42,-2.01,2.99
36.93,-11.11,-1.04
41.20,-5.31,-2.50
45.59,-3.36,6.96
43.52,0.55,8.00
43.09,-5.55,1.95
38.21,-8.00,0.43
29.91,-9.64,1.83
17.70,-6.65,-0.49
5.55,-5.55,-2.50
-2.50,-5.31,-2.75
-5.13,-8.00,-2.99
-5.00,-9.83,-3.72
-4.88,-8.97,-3.85
-5.19,-5.68,-3.66
-4.94,-1.53,-2.99
-4.58,2.56,-2.32
-4.64,6.23,-1.65
-5.92,9.89,-1.28
-6.90,13.12,-1.59
-6.84,16.24,-2.08
-6.71,20.94,-3.11
-6.04,27.65,-4.09
-5.07,30.40,-2.20
-4.76,37.60,-8.54
0.06,46.75,-20.57
4.94,55.97,-28.32
9.40,63.90,-30.88
14.40,70.01,-28.99
19.35,74.28,-24.54
23.62,74.95,-20.87
28.26,70.92,-19.84
31.62,62.62,-18.62
34.00,54.02,-17.27
36.07,47.24,-14.71
37.23,41.38,-10.44
37.72,36.07,-7.57
37.48,31.19,-5.86
35.83,26.86,-3.97
32.71,24.29,-0.37
28.93,23.38,4.70
25.27,23.25,10.13
21.42,23.25,15.63
17.46,21.97,20.14
14.28,18.68,23.07
11.90,13.85,23.56
9.95,9.34,22.46















 
-,-,-
1.83,-1.04,1.71
1.65,-1.28,1.04
1.40,-1.16,0.18
1.34,-0.61,-0.12
1.22,0.55,0.49
1.40,1.28,0.98
1.95,0.92,1.34
2.20,0.55,1.28
2.14,0.61,1.10
2.14,0.85,1.34
1.65,0.73,1.65
1.34,0.37,1.46
1.10,0.06,1.71
0.79,-0.18,2.08
0.79,-0.49,2.32
0.92,-0.49,1.89
1.16,-0.49,1.34
1.46,-0.43,1.04
1.71,-0.37,1.10
1.95,-0.06,1.10
1.59,0.55,1.10
1.53,1.28,0.73
1.83,1.83,0.49
2.20,1.65,0.49
2.87,0.79,0.92
3.11,-0.49,1.65
3.48,-3.11,2.75
5.62,-9.22,3.36
7.75,-20.08,4.09
7.39,-27.65,3.23
2.32,-17.70,-3.54
5.25,-18.19,-5.49
5.07,-17.88,1.53
2.14,-11.90,6.47
2.01,-4.58,5.98
2.93,1.16,10.86
2.93,7.69,33.08
4.52,16.30,59.81
12.39,25.33,73.61
18.80,27.59,74.95
18.07,28.75,67.32
14.77,29.97,58.04
9.77,24.05,45.72
0.24,18.13,22.09
0.00,10.01,5.55
-2.14,2.14,3.85
-9.40,-1.22,-4.88
-12.21,-4.94,-14.59
-17.21,-5.13,-22.77
-19.29,-4.03,-32.65
-24.23,-3.91,-39.79
-31.31,0.06,-44.68
-34.55,9.83,-45.47
-34.79,22.83,-38.09
-32.29,31.92,-25.45
-27.77,30.58,-14.47
-21.18,18.86,-6.29
-15.38,1.59,3.36
-10.86,-16.36,16.60
-7.39,-30.52,31.07
-2.99,-41.99,43.09
-5.80,-32.47,33.57
2.01,-13.00,8.91
22.03,-13.18,5.62
27.34,-10.13,15.01
42.30,-0.49,20.08
61.46,-3.91,23.56
73.49,-10.13,23.99
85.02,-20.02,17.09
85.39,-15.56,9.83
73.55,-7.45,11.78
59.33,-4.21,9.52
45.78,-0.85,5.43
33.20,-0.31,1.95
18.62,0.43,-0.49
3.60,-1.04,-3.42
-7.87,-2.69,-5.92
-14.22,-8.67,-7.39
-18.98,-11.05,-6.59
-19.90,-3.60,-7.32
-17.94,8.61,-5.43
-16.66,13.37,-4.88
-13.12,15.75,-8.91
-9.34,15.63,-15.20
-9.58,12.82,-31.19
-9.46,11.90,-51.21
-6.96,11.29,-66.04
-5.55,9.16,-71.53
-3.54,2.62,-68.54
-0.79,-6.59,-57.37
2.81,-16.42,-39.98
5.80,-25.94,-19.65
6.59,-35.83,-0.98
5.49,-45.17,15.01
-6.59,-36.19,15.01
-14.04,-13.43,1.59
2.50,-15.75,2.93
3.05,-12.63,9.03
10.62,0.73,24.60
21.55,16.24,61.52
29.60,23.56,88.56
40.95,29.17,100.16
42.42,35.83,100.10
40.83,37.90,93.44
33.75,35.34,83.31
26.25,29.42,70.43
15.44,20.26,52.55
8.24,12.33,41.69
0.79,10.86,28.50
-2.93,8.18,15.01
-5.19,4.76,5.74
-6.35,4.64,2.93
-6.29,7.69,0.55
-4.88,11.54,-4.88
-4.33,18.98,-14.10
-5.74,21.55,-27.59
-10.68,19.71,-43.58
-15.99,19.10,-52.43
-17.09,18.80,-49.87
-14.71,13.67,-38.70
-10.74,5.07,-25.21
-6.59,-5.62,-14.83
-3.36,-17.70,-8.00
-1.40,-31.31,-1.95
-0.43,-44.86,5.43
0.49,-53.10,11.29
-2.93,-29.36,3.05
17.09,-21.24,-4.76
31.86,-21.36,-5.13
45.35,-21.24,-1.04
56.64,-16.85,0.06
59.27,-11.84,3.36
58.17,-11.60,6.90
53.53,-8.67,10.50
42.36,-7.08,5.68
31.01,-5.19,0.31
19.59,-2.56,0.24
10.62,-1.22,-0.73
2.50,-1.77,-0.49
-1.59,-8.24,-1.95
-3.42,-12.33,-3.05
-5.07,-10.56,-3.05
-6.53,-5.68,-2.75
-6.65,0.31,-2.75
-6.35,8.48,-2.56
-6.10,17.09,-2.08
-5.07,24.78,-1.22
-3.48,30.46,-1.53
-2.62,35.03,-0.37
-3.91,43.58,-1.53
-2.50,57.31,-14.65
1.77,66.47,-28.02
6.47,72.88,-33.69
13.73,78.55,-31.68
17.15,83.44,-24.23
20.08,85.57,-18.31
24.17,83.37,-17.09
27.16,75.20,-17.64
28.63,63.60,-18.13
28.44,52.25,-17.09
24.90,43.95,-13.37
19.78,39.06,-7.63
14.04,36.87,-3.54
8.61,35.95,0.55
5.00,33.69,4.27
2.81,28.50,6.35
1.16,21.12,7.75
0.73,12.02,9.03
0.67,1.34,11.05
0.24,-8.12,12.88
-0.85,-15.69,14.28
-2.32,-20.87,15.01
-3.66,-27.71,15.44
-7.14,-37.23,13.67
-14.47,-39.12,9.89
-18.92,-31.74,6.59
-19.84,-23.07,5.00
-19.35,-17.70,5.31
-13.79,-28.44,7.02
-6.16,-55.18,8.12















 
-,-,-
2.08,1.22,-0.55
2.20,1.77,-1.22
1.95,2.32,-1.34
1.89,2.50,-1.40
2.26,2.69,-1.16
2.38,2.81,-0.18
2.20,2.38,1.16
1.95,2.01,1.89
1.53,1.83,2.08
1.40,1.65,1.95
1.71,0.98,1.89
2.01,0.12,2.44
2.62,-0.98,3.17
2.81,-2.44,4.21
3.05,-3.42,5.19
3.60,-3.97,6.04
3.60,-4.46,6.10
3.17,-4.70,5.86
2.62,-4.76,5.55
2.81,-5.31,5.31
3.66,-6.53,5.43
4.58,-8.79,5.92
5.68,-13.55,6.65
6.04,-19.53,7.51
6.84,-26.73,9.52
7.39,-35.58,12.02
1.10,-30.82,7.93
-2.01,-17.33,-1.28
4.70,-12.82,-1.89
2.08,-9.70,5.19
1.83,-3.97,16.72
3.17,5.86,34.36
6.96,12.76,49.68
12.82,18.80,64.39
16.17,25.45,74.65
12.27,26.37,66.71
11.96,23.93,48.83
9.28,20.08,41.99
1.28,17.58,33.63
-3.17,10.68,20.57
-1.46,1.65,6.16
-5.19,-2.99,-6.65
-10.74,-6.16,-14.47
-16.30,-7.93,-24.78
-19.35,-10.99,-37.11
-23.80,-9.52,-44.74
-28.69,-2.69,-45.78
-29.05,5.86,-41.08
-28.32,14.16,-32.47
-25.63,19.84,-22.46
-20.51,17.40,-12.33
-14.40,8.36,-1.40
-9.58,-4.64,11.05
-6.71,-17.58,21.85
-3.60,-27.47,30.15
-5.55,-22.95,24.17
1.28,-8.91,6.53
18.74,-9.03,2.26
26.79,-2.75,8.73
33.51,5.80,15.26
47.30,0.73,18.55
62.50,-2.75,21.36
79.53,-6.29,21.55
89.60,-7.20,16.85
85.02,-6.47,13.85
68.85,-7.14,14.89
53.22,-11.35,10.13
41.69,-13.43,6.47
32.47,-8.91,0.98
21.48,-6.96,-1.71
10.38,-4.64,0.43
-0.31,0.98,2.50
-5.37,-4.58,1.65
-7.69,-8.61,0.31
-9.28,-7.08,-2.20
-12.45,-0.92,-5.55
-14.47,5.68,-12.51
-15.44,11.35,-26.00
-14.22,10.50,-39.79
-14.83,11.35,-48.10
-14.10,17.70,-53.41
-12.70,23.50,-57.92
-10.19,23.25,-56.95
-3.48,16.17,-47.55
2.62,4.15,-33.81
6.41,-7.20,-19.41
9.16,-17.15,-6.53
11.96,-29.54,6.23
13.79,-43.82,19.84
1.28,-32.04,19.90
-9.40,-11.35,7.32
4.21,-18.07,0.37
3.36,-16.05,0.98
0.73,-4.39,2.99
5.92,5.86,19.90
10.13,12.27,58.65
21.79,22.09,90.76
31.43,32.71,99.49
31.74,37.96,95.52
27.89,31.74,84.35
20.45,21.61,75.68
14.04,20.20,57.74
5.43,17.82,44.98
-1.77,10.93,31.01
-5.62,5.19,17.70
-6.53,1.83,0.85
-6.10,0.79,-5.49
-8.36,4.39,-9.16
-9.09,8.36,-19.71
-12.15,9.03,-36.56
-16.24,9.70,-54.50
-17.82,11.84,-66.77
-17.15,13.37,-69.89
-16.30,10.19,-63.42
-13.24,2.20,-47.67
-7.87,-7.57,-27.28
-0.67,-18.92,-9.40
6.47,-35.58,3.72
10.93,-54.63,14.77
5.13,-46.57,15.93
1.65,-20.87,8.12
27.53,-15.87,5.19
36.93,-7.51,11.84
43.64,-0.43,11.23
52.73,1.34,8.73
54.75,-4.33,5.98
57.43,-5.98,1.71
47.79,-6.29,0.92
34.06,-7.87,-1.16
21.73,-10.93,-2.75
13.61,-7.39,-3.36
6.77,-4.39,-1.71
-0.61,-0.73,-0.24
-4.15,-6.53,-1.22
-4.15,-11.11,-2.93
-4.39,-10.86,-3.36
-6.29,-7.45,-3.17
-6.04,-2.62,-3.17
-5.74,4.21,-2.87
-5.74,12.15,-1.22
-4.70,20.02,0.00
-5.31,27.95,-1.22
-4.09,34.55,-0.31
-4.76,37.66,1.83
-6.04,45.10,-4.46
-2.01,52.80,-16.42
2.44,56.46,-28.38
7.69,56.58,-34.79
11.66,56.76,-34.42
13.31,57.86,-29.72
13.37,59.75,-22.52
13.37,60.67,-15.69
12.82,60.24,-9.83
13.00,58.11,-5.62
12.88,53.16,-3.36
13.49,45.17,-1.65
13.24,34.73,0.00
11.41,23.56,1.16
7.63,13.31,1.83
3.48,4.03,2.56
-1.04,-2.81,4.52
-4.27,-8.42,6.35
-7.20,-14.04,7.51
-9.40,-18.55,7.08
-10.99,-20.14,5.86
-9.83,-20.51,4.27
-8.67,-22.40,2.44
-8.85,-25.21,0.85
-11.96,-27.28,0.00
-18.55,-35.46,-0.43
-6.10,-70.25,1.46
-1.65,-110.96,5.92
-13.31,-113.16,11.54
-15.38,-87.77,14.71
-13.49,-60.49,13.55
-14.16,-33.39,12.21
-13.24,-4.33,9.77
-8.06,23.80,4.52
-2.01,43.95,-2.20
1.10,54.63,-6.71















 
-,-,-
1.16,-0.85,1.77
1.40,-0.73,1.40
1.59,-0.49,1.04
2.01,-0.43,1.10
2.50,-0.24,1.10
2.87,-0.37,1.04
3.11,-0.61,1.04
3.42,-0.92,1.59
3.72,-2.14,2.69
3.85,-3.42,3.42
4.15,-5.31,3.72
3.85,-8.06,4.33
3.11,-10.86,4.76
2.14,-12.70,4.88
1.77,-13.61,4.94
1.65,-14.04,5.19
1.46,-13.12,4.39
1.28,-10.19,2.08
2.08,-6.59,-0.67
3.42,-4.03,-1.04
4.21,-2.93,0.00
5.74,-3.42,0.31
7.39,-4.76,-0.18
7.69,-7.08,-1.28
7.57,-9.58,-0.37
3.85,-9.16,0.85
-0.18,-8.36,1.95
-3.60,-6.77,3.05
-2.69,-4.39,8.97
-2.08,-0.98,23.93
1.10,7.75,43.40
4.76,17.64,52.31
11.41,24.66,55.60
9.64,23.01,48.40
7.14,20.39,36.74
4.27,15.87,30.76
-2.87,12.94,27.04
-8.54,10.13,14.89
-9.58,4.70,0.00
-10.99,-0.24,-7.75
-13.18,-0.98,-12.51
-15.38,0.37,-15.56
-20.75,2.56,-21.67
-25.39,6.53,-29.97
-28.99,12.39,-33.45
-29.91,19.96,-29.60
-28.14,22.16,-21.00
-22.52,16.85,-11.17
-14.71,4.64,-1.40
-7.32,-11.78,8.12
-2.26,-27.77,17.27
1.10,-39.67,24.54
0.31,-30.40,17.52
3.78,-12.02,4.64
21.18,-9.70,3.91
24.48,-4.46,11.84
35.95,5.92,18.43
53.41,5.00,17.94
71.35,1.10,19.53
85.21,-2.69,20.57
90.64,-7.81,19.59
77.09,-10.99,14.95
58.90,-12.51,10.93
43.70,-7.93,8.67
32.59,-5.31,5.00
19.47,-0.43,2.08
4.58,3.42,0.06
-3.42,-4.52,-1.89
-7.75,-11.78,-2.62
-10.01,-12.39,-3.36
-12.15,-6.47,-4.03
-11.41,2.50,-4.76
-8.97,10.44,-9.64
-6.16,14.04,-23.38
-4.33,10.62,-39.98
-6.35,9.34,-51.09
-8.79,14.16,-57.50
-7.51,16.78,-57.56
-3.97,13.12,-51.51
1.53,4.70,-40.41
4.70,-4.15,-26.12
7.63,-12.82,-10.31
13.61,-24.17,5.49
15.50,-38.39,19.96
12.45,-47.12,27.77
-5.00,-24.60,16.05
-4.52,-13.92,7.39
-1.77,-16.66,3.42
-1.28,-10.68,3.54
6.90,1.10,6.35
12.27,10.19,31.13
19.84,20.63,70.19
26.31,29.91,88.13
29.91,36.74,89.97
26.37,40.95,80.32
22.03,33.20,74.40
13.61,22.77,55.42
9.83,17.70,36.87
1.65,15.20,25.39
-3.48,11.17,19.71
-7.02,6.65,16.78
-6.96,4.09,6.65
-8.54,2.20,-3.11
-8.85,3.97,-8.73
-10.50,12.63,-13.92
-10.50,18.43,-22.58
-10.38,18.74,-31.86
-10.56,20.08,-36.01
-10.01,23.93,-37.66
-6.59,24.41,-37.11
-3.91,20.20,-34.06
-2.69,13.18,-28.63
-2.69,4.21,-21.55
-2.69,-6.16,-13.24
-1.22,-19.04,-3.97
2.44,-36.25,5.98
6.53,-55.36,15.69
9.95,-69.95,22.28
1.46,-46.69,12.57
13.06,-25.70,4.76
35.16,-14.71,1.59
44.86,-3.05,1.28
52.12,-1.16,3.91
53.65,1.22,8.97
57.25,-5.92,6.41
59.20,-9.34,4.03
57.19,-11.41,4.03
45.96,-11.35,1.34
30.52,-10.44,0.98
21.06,-9.70,-0.98
11.11,-8.54,-2.93
3.48,-10.44,-1.77
-2.08,-15.63,-1.10
-4.70,-19.78,-2.62
-5.55,-17.88,-3.23
-4.46,-12.21,-2.26
-1.89,-5.07,-0.61
0.79,2.20,0.67
2.56,8.67,2.01
3.05,12.63,2.81
1.95,14.28,3.11
-1.04,14.28,2.01
-3.97,13.55,-0.24
-7.14,13.49,-3.97
-9.64,16.60,-8.61
-11.11,22.22,-12.51
-12.76,35.16,-19.84
-11.96,53.53,-25.15
-9.34,73.61,-30.70
-4.58,90.52,-36.99
2.81,101.68,-42.42
12.88,107.48,-46.45
20.69,108.22,-48.52
27.95,101.32,-48.58
33.94,89.60,-47.55
36.50,79.04,-45.29
36.62,71.96,-40.95
35.89,65.49,-34.36
36.07,56.40,-27.77
36.56,43.58,-22.77
35.46,29.24,-18.19
31.37,15.44,-12.39
24.96,2.69,-5.25
17.33,-8.24,1.28
11.54,-17.52,6.23
6.84,-23.56,9.40
1.89,-26.37,11.66
-5.19,-25.51,14.47
-6.65,-22.58,16.54
-3.78,-18.01,17.09
-6.71,-14.16,17.52
-7.69,-11.78,17.88
-8.48,-11.17,17.70
-13.37,-16.42,17.88
-15.14,-38.82,19.23
-11.90,-76.60,22.89
-17.64,-95.28,25.94
-23.38,-86.30,26.31
-19.23,-72.33,25.70
-16.78,-60.67,25.39















 
-,-,-
1.59,0.67,0.92
1.71,0.85,0.18
2.20,0.67,-0.31
2.75,0.79,-0.49
2.99,1.34,0.31
3.05,1.59,1.22
2.62,0.98,1.59
2.44,0.67,1.22
2.08,0.12,0.73
1.65,-0.31,0.61
1.65,-0.67,0.92
1.71,-1.34,0.85
2.20,-1.95,1.04
2.75,-2.14,1.34
2.93,-2.26,2.26
2.20,-2.93,3.05
1.77,-4.52,3.30
2.69,-6.84,3.36
3.97,-11.29,3.66
4.33,-17.27,4.39
3.91,-23.13,5.80
2.87,-26.98,7.63
0.98,-27.77,9.22
-0.92,-25.02,7.75
-0.79,-22.40,6.23
0.92,-19.71,6.41
2.62,-14.40,5.13
4.82,-8.73,4.39
6.41,-4.33,7.20
6.77,0.00,15.56
7.02,2.56,27.22
8.54,6.35,34.97
12.08,8.36,42.42
7.75,11.96,46.14
6.29,12.88,41.99
4.52,13.55,34.91
2.32,11.54,31.31
-0.31,13.79,30.64
-2.50,16.05,25.70
-4.03,13.98,18.55
-4.39,10.07,6.16
-4.58,6.53,-1.71
-8.06,5.31,-5.80
-10.07,6.16,-9.40
-11.78,10.86,-12.51
-13.06,15.50,-13.79
-14.34,18.74,-15.44
-15.44,18.74,-15.26
-16.91,17.58,-12.08
-18.37,14.65,-6.90
-16.60,9.46,-3.72
-12.57,1.83,-0.79
-6.77,-8.42,3.48
-1.71,-17.94,7.02
3.11,-23.93,7.08
6.16,-21.42,5.49
12.21,-14.83,6.04
19.04,-7.93,8.79
28.63,-4.15,12.21
43.58,-6.65,13.92
61.46,-20.63,11.72
74.22,-33.14,8.48
81.60,-39.67,3.17
81.79,-41.44,-0.98
67.63,-36.01,-3.23
53.96,-29.48,-5.80
46.51,-25.94,-3.17
33.81,-20.75,-1.10
22.95,-14.22,0.18
11.90,-11.11,-1.59
3.42,-7.63,-3.30
-2.81,-6.59,-3.72
-6.16,-7.45,-3.36
-8.36,-5.07,-2.62
-8.85,2.01,-2.93
-8.61,12.70,-4.46
-8.24,21.24,-9.40
-7.81,22.64,-24.54
-5.49,17.76,-42.18
-4.58,14.71,-54.38
-5.19,15.20,-60.18
-4.94,14.47,-58.11
-4.33,11.29,-49.56
-3.36,5.80,-36.87
-0.61,-1.46,-21.61
2.08,-9.95,-6.04
5.37,-21.91,9.46
7.87,-34.42,24.78
3.78,-31.19,28.08
0.55,-20.87,20.94
0.31,-16.42,10.25
3.36,-14.65,5.49
3.23,-8.91,8.73
6.65,0.55,19.23
9.95,11.05,29.11
18.92,17.52,51.15
21.67,20.14,77.33
22.83,23.74,82.46
24.90,24.60,75.87
18.31,24.17,63.54
13.37,18.31,53.16
7.45,15.20,46.26
2.99,12.39,38.33
2.14,11.47,29.42
-0.12,10.07,24.48
-3.36,11.17,12.94
-3.30,9.22,1.34
-4.94,6.47,-2.75
-6.47,8.67,-9.58
-8.30,16.72,-22.64
-7.20,17.82,-41.87
-4.03,10.38,-52.19
-4.21,5.00,-48.16
-6.16,6.47,-36.19
-9.58,8.85,-25.27
-10.56,6.10,-20.26
-8.67,-3.11,-19.41
-5.86,-15.08,-17.70
-1.83,-26.06,-12.15
0.61,-31.80,-4.76
0.00,-30.76,0.43
-1.16,-26.98,2.08
-0.49,-22.95,0.55
3.66,-20.45,1.71
8.18,-19.71,1.59
13.31,-15.93,1.71
18.68,-5.19,3.48
24.96,3.42,4.64
33.94,-2.56,6.41
46.75,-16.24,6.04
52.67,-13.55,3.30
49.19,-11.84,2.14
36.13,-17.15,-2.01
25.57,-15.81,-7.39
17.64,-15.44,-2.99
10.80,-15.01,2.08
7.02,-13.73,2.26
4.88,-15.87,1.22
4.09,-16.42,0.49
4.64,-14.10,-0.24
4.64,-10.38,-1.34
4.88,-6.90,-2.62
2.99,-4.33,-3.48
0.43,-2.50,-4.70
-1.71,-0.24,-5.07
-3.30,2.08,-4.88
-4.70,4.09,-4.33
-5.13,7.32,-4.03
-5.37,11.60,-3.91
-6.23,16.97,-4.46
-6.77,24.78,-5.80
-8.30,37.23,-8.30
-7.32,52.92,-6.35
-7.93,72.94,-5.43
-6.90,96.68,-15.56
0.73,114.56,-29.72
10.13,123.41,-41.75
21.73,120.36,-49.93
32.90,111.63,-53.47
42.11,103.27,-53.65
47.12,97.23,-50.90
51.09,92.65,-45.17
55.54,87.16,-37.72
59.20,81.73,-29.85
61.10,77.51,-22.16
61.71,74.89,-15.38
61.58,73.73,-8.06
60.49,72.88,-0.49
56.34,71.96,8.73
50.17,70.62,18.31
43.52,67.69,26.06
36.87,62.38,31.13
33.81,55.54,34.73
22.71,49.44,38.39
15.20,43.03,41.81
11.11,38.02,42.66
4.76,33.94,39.98
-1.10,29.36,34.55
-5.62,23.13,28.50
-9.22,15.56,23.86















 
-,-,-
2.20,-6.59,3.54
2.08,-6.10,3.11
1.83,-5.80,2.81
1.28,-5.31,2.56
1.59,-4.76,2.01
2.62,-4.15,1.46
3.23,-3.42,1.34
3.66,-2.56,1.34
3.66,-1.71,1.28
3.23,-1.28,0.98
2.50,-1.04,1.10
2.20,-0.92,1.04
1.22,-1.28,0.79
0.67,-1.53,0.43
0.79,-1.46,0.61
1.10,-1.28,1.04
1.59,-0.92,1.34
2.38,-0.43,1.65
2.26,-0.06,1.65
1.77,0.12,1.40
1.71,0.06,1.10
1.71,-0.31,1.16
1.95,-0.24,1.40
1.77,-0.49,1.71
1.89,-1.04,1.59
1.46,-1.83,1.65
0.85,-2.38,0.92
0.31,-2.99,0.00
0.18,-2.99,-0.24
0.79,-2.08,0.24
3.05,1.40,6.77
5.86,10.80,30.88
2.56,16.78,48.16
7.93,13.67,41.75
11.47,14.53,32.84
8.54,18.07,29.36
6.71,14.10,32.35
5.13,13.00,34.79
5.00,13.73,27.59
3.66,10.50,10.68
2.62,7.08,3.60
-1.34,4.58,4.82
-4.39,2.14,1.71
-5.80,0.98,-3.42
-8.06,1.40,-6.04
-10.13,2.87,-7.87
-12.21,4.70,-10.44
-15.69,7.87,-16.24
-18.80,11.05,-19.65
-23.19,18.01,-22.58
-25.94,26.79,-22.95
-28.93,33.45,-21.55
-28.02,34.79,-20.69
-24.05,30.76,-18.49
-21.18,22.83,-13.31
-17.40,11.78,-5.49
-12.02,-1.53,4.09
-7.02,-16.60,14.83
-2.44,-31.01,24.05
3.66,-43.03,29.24
6.90,-45.17,26.18
18.31,-34.00,18.25
19.96,-22.95,14.16
25.21,-15.44,12.57
40.89,-13.73,11.66
55.30,-15.44,16.05
65.55,-15.87,21.30
72.88,-14.16,23.93
76.60,-8.85,19.53
79.71,-11.11,15.01
68.66,-8.00,7.69
51.64,-3.72,3.60
34.55,-2.01,-3.05
23.25,-8.36,-8.00
10.50,-6.77,-6.90
-2.26,-5.86,-5.19
-11.47,-10.01,-5.00
-18.25,-14.59,-6.29
-22.09,-8.24,-7.69
-21.55,0.06,-6.71
-20.81,6.59,-6.35
-16.17,17.46,-10.13
-11.72,18.92,-15.87
-8.73,20.87,-27.28
-4.33,16.24,-40.34
-3.36,11.54,-50.11
-2.50,10.74,-54.69
0.37,10.07,-51.27
1.77,7.39,-42.54
3.54,1.77,-33.14
6.59,-5.98,-24.11
10.68,-18.19,-14.16
14.04,-34.00,-1.71
13.24,-42.42,11.41
4.64,-31.25,18.01
-2.20,-25.21,18.25
-6.23,-22.83,8.36
-3.30,-20.14,2.99
-3.05,-12.70,6.41
0.06,-2.26,13.31
5.68,6.47,30.46
12.33,19.96,67.57
13.61,31.31,93.99
14.47,32.59,97.84
9.64,30.58,85.75
6.84,27.59,72.81
3.91,25.57,65.31
1.65,16.72,52.31
1.89,13.31,34.48
1.40,10.68,23.99
-3.17,8.24,19.41
-3.17,6.53,13.18
-3.42,7.02,0.85
-3.05,7.57,-8.61
-3.54,9.28,-12.08
-5.13,12.94,-19.90
-6.29,13.98,-39.18
-5.80,11.96,-58.47
-7.63,8.97,-67.81
-9.40,10.68,-63.23
-9.58,15.50,-50.72
-10.38,17.82,-38.45
-8.30,12.51,-29.91
-4.09,1.40,-22.89
0.24,-11.66,-14.47
5.31,-26.25,-3.72
11.54,-42.97,8.00
15.99,-58.04,19.10
12.21,-52.25,22.22
11.84,-33.45,13.67
20.94,-20.81,4.46
32.59,-12.08,6.10
36.56,-2.99,12.76
43.64,4.70,13.37
43.46,7.14,8.85
43.64,-1.34,0.18
43.52,-5.86,-0.12
38.02,-5.92,0.31
34.36,-8.73,-2.20
33.57,-14.34,-4.46
30.88,-17.33,-0.06
26.98,-14.04,0.06
21.73,-9.83,-2.20
14.65,-8.36,-1.34
8.06,-10.19,-0.92
5.68,-9.22,-0.61
4.76,-6.90,0.73
5.86,-4.82,1.71
8.30,-2.87,2.01
9.95,-1.95,1.28
10.56,-1.16,0.31
7.87,-0.73,-0.18
4.15,-0.49,-1.65
1.95,0.00,-2.99
0.55,0.43,-2.99
-0.61,1.10,-2.69
-1.46,2.01,-2.69
-2.44,3.78,-2.87
-4.21,6.84,-3.54
-5.62,12.63,-4.70
-6.53,20.51,-5.62
-7.75,29.48,-7.02
-8.00,35.52,-8.00
-5.07,39.86,-4.58
-4.94,53.65,-2.99
-3.54,75.07,-11.41
1.83,93.75,-25.88
9.89,104.61,-37.96
19.35,107.12,-44.31
29.17,104.37,-45.78
38.70,97.11,-44.07
45.04,86.91,-40.04
47.67,76.60,-34.24
47.97,67.63,-26.49
45.17,60.06,-17.94
39.67,53.53,-10.07
31.37,48.10,-3.42
22.52,43.09,1.95
15.38,37.54,5.86
11.29,30.15,7.02















 
-,-,-
1.34,-1.59,0.06
1.04,-1.53,1.16
1.34,-1.16,2.01
1.28,-0.92,2.50
1.28,-1.04,2.38
1.28,-1.28,2.08
1.40,-1.59,2.14
1.46,-1.77,2.14
1.65,-1.77,1.95
1.77,-1.77,1.59
2.01,-1.77,1.16
1.95,-1.46,0.85
2.44,-1.46,0.73
2.44,-1.65,1.28
2.44,-2.01,1.95
2.50,-2.38,2.62
2.62,-2.87,2.44
2.69,-3.05,2.44
2.20,-3.11,2.69
2.01,-3.23,2.81
2.26,-3.91,2.75
2.87,-5.07,2.87
3.85,-7.02,3.30
5.25,-10.01,3.91
7.57,-14.83,4.21
9.77,-20.81,5.07
11.66,-26.31,5.98
11.66,-29.54,6.77
9.28,-25.57,7.14
5.31,-15.08,6.41
5.62,-9.77,6.16
6.59,-9.52,7.75
8.30,-5.74,14.28
9.40,1.53,30.88
7.87,6.96,43.82
11.29,8.85,50.84
13.43,11.05,52.98
16.78,10.68,54.32
19.04,13.85,48.34
11.41,13.98,35.28
5.68,7.93,30.33
0.85,4.52,27.71
-5.13,2.62,18.13
-9.09,0.24,2.08
-11.23,-3.17,-7.20
-14.04,-6.59,-11.78
-16.30,-8.48,-16.85
-20.63,-6.53,-23.86
-25.94,-2.99,-28.50
-31.62,0.49,-33.20
-34.91,2.32,-35.46
-34.85,3.48,-32.84
-31.92,3.17,-26.18
-27.28,-0.73,-18.19
-20.81,-7.26,-10.01
-13.73,-15.93,-2.38
-7.51,-26.43,5.92
-3.36,-37.78,14.40
-0.92,-43.64,18.74
-1.77,-33.20,15.69
5.13,-19.41,9.34
16.78,-12.88,6.35
22.09,-7.39,7.81
32.47,0.67,9.70
46.94,7.39,13.31
66.10,17.64,19.96
84.23,21.12,21.00
99.67,23.32,20.94
104.61,27.16,23.86
96.80,34.24,17.82
79.41,27.47,10.07
53.28,19.10,7.69
39.43,9.22,1.28
30.27,-0.37,-2.50
21.48,-3.42,-6.71
12.21,-5.74,-6.59
4.09,-10.19,-4.52
-3.05,-10.86,-4.21
-8.97,-14.77,-5.62
-15.01,-16.72,-8.00
-20.02,-15.44,-11.72
-22.95,-11.29,-17.21
-23.74,-6.35,-22.22
-23.13,-0.37,-24.96
-22.34,5.55,-32.17
-20.14,9.40,-42.66
-19.90,14.22,-51.76
-18.55,17.70,-58.41
-13.79,15.75,-62.26
-7.87,9.77,-61.10
-2.50,2.56,-53.22
2.75,-4.46,-38.70
7.02,-10.13,-20.63
10.38,-16.42,-4.09
15.38,-25.76,9.40
21.00,-37.96,19.65
19.65,-42.60,27.71
0.55,-17.21,24.48
-3.11,-1.53,11.23
8.06,0.24,5.68
12.33,-8.97,13.31
16.05,-6.71,25.33
22.46,5.13,41.14
27.89,12.27,66.89
29.79,21.30,85.27
33.87,23.62,99.67
31.31,20.45,105.29
24.60,19.65,98.21
19.65,18.37,81.54
13.37,15.56,62.93
10.44,6.96,48.16
3.54,5.86,33.20
1.46,1.16,18.49
-4.70,-1.89,4.33
-3.85,-2.99,-4.46
-5.07,-3.78,-8.18
-6.53,-3.97,-10.25
-9.58,-3.36,-15.75
-12.02,-1.40,-27.04
-15.99,0.49,-40.65
-17.88,-0.73,-50.90
-18.68,-2.62,-49.01
-20.02,-0.85,-41.93
-19.41,4.82,-35.89
-18.01,10.86,-31.07
-14.47,12.39,-26.55
-8.73,6.84,-22.89
-2.93,-3.78,-19.84
1.59,-15.14,-16.05
6.84,-24.11,-10.31
10.93,-25.33,-2.38
12.39,-12.21,8.79
19.35,-0.73,14.77
37.35,3.60,14.83
55.11,5.19,16.72
70.31,5.13,19.96
79.96,15.69,16.60
86.73,17.76,14.83
86.30,20.63,10.31
79.53,25.63,7.26
61.71,18.74,0.85
47.97,12.63,-5.07
39.43,10.68,-4.58
28.50,8.97,-1.89
16.11,3.85,-2.26
6.65,6.29,-6.96
-0.37,0.61,-4.52
-5.74,-6.53,-4.94
-8.06,-12.08,-7.45
-10.31,-15.38,-10.19
-11.90,-15.69,-12.63
-12.21,-12.63,-14.53
-12.21,-5.49,-17.76
-14.95,3.30,-20.81
-23.74,18.55,-31.98
-31.92,39.06,-50.05
-38.45,58.96,-67.81
-40.22,73.55,-84.17
-51.45,84.35,-104.06
-56.82,87.46,-125.43
-59.08,85.27,-139.40
-58.29,80.69,-143.98
-55.18,71.66,-139.53
-52.49,57.19,-129.82
-56.88,41.56,-117.61
-62.93,29.36,-107.67
-70.50,19.41,-105.04
-81.97,8.91,-110.78
-94.60,-4.21,-122.99
-117.07,-21.36,-137.88
-127.50,-46.14,-150.39
-135.25,-70.13,-153.14
-149.05,-86.67,-145.32
-151.67,-98.88,-126.28
-190.73,-101.32,-115.23
-222.11,-101.14,-114.26
-221.13,-108.52,-114.50
-217.96,-115.05,-118.71
-266.24,-121.77,-138.61
-284.61,-125.61,-157.04