-,-,-
0.31,-1.65,-0.55
1.04,-2.62,0.31
1.10,-4.94,1.22
0.24,-7.02,2.08
-0.67,-9.28,2.93
-2.20,-11.11,3.30
-3.17,-11.78,2.69
-3.60,-11.47,2.81
-3.30,-11.17,3.91
-2.14,-12.33,4.94
-2.01,-15.08,6.35
-2.56,-17.64,7.93
-3.05,-19.35,9.28
-2.56,-18.80,6.53
-1.46,-12.63,-3.05
-1.22,-9.83,-3.91
-3.17,-10.80,-0.61
-0.79,-7.45,-0.85
1.53,-3.54,-0.24
2.44,-2.20,0.73
3.78,-1.83,0.98
4.39,-2.08,1.65
5.25,-3.36,2.26
5.37,-5.68,2.62
3.66,-8.06,2.75
0.61,-10.38,2.44
-2.50,-11.29,2.08
-3.85,-10.19,1.83
-4.09,-7.81,2.26
-4.21,-5.07,4.09
-2.44,-0.79,8.97
0.67,5.62,21.91
4.76,13.43,46.14
8.67,23.32,62.56
12.45,31.98,67.14
15.56,39.12,86.98
13.92,46.14,104.06
20.63,48.83,105.16
27.16,47.24,97.66
13.24,40.47,76.78
15.69,28.26,57.68
4.88,19.96,31.62
9.16,13.49,31.86
-3.91,10.25,15.44
-2.38,7.69,0.85
0.31,4.82,-0.24
-7.81,0.18,-2.50
-12.45,-3.54,-6.53
-18.07,-5.86,-18.92
-24.05,-3.97,-37.54
-31.49,0.06,-50.35
-40.53,10.50,-57.74
-45.29,26.79,-62.13
-44.19,42.05,-63.42
-38.76,50.90,-62.44
-32.53,49.62,-57.98
-25.94,40.89,-47.61
-20.57,29.79,-30.27
-18.74,17.27,-7.75
-15.38,4.46,13.67
-14.34,-6.23,31.31
-14.71,-17.94,44.43
-14.89,-28.56,51.82
-10.99,-33.94,53.77
-1.16,-23.19,25.94
14.40,-11.41,10.31
24.84,-4.15,17.15
45.04,4.82,23.68
68.48,0.79,30.09
86.67,-12.57,33.08
102.48,-28.38,26.55
113.59,-34.48,23.80
119.69,-39.31,26.67
118.77,-37.78,26.55
110.17,-33.14,19.96
94.36,-29.72,18.86
73.49,-21.79,19.65
50.84,-13.61,14.95
29.91,-7.45,10.31
13.18,-0.18,8.36
2.75,6.59,3.60
-3.78,5.98,0.67
-8.73,2.26,-1.65
-11.84,1.04,-9.28
-14.34,5.31,-23.56
-17.58,4.52,-49.19
-18.74,0.61,-71.41
-22.16,5.19,-85.75
-23.80,13.37,-101.32
-24.17,16.97,-114.14
-21.42,14.28,-117.74
-18.80,5.80,-111.76
-16.78,-5.43,-96.01
-14.53,-19.78,-72.33
-13.24,-35.46,-45.04
-11.60,-47.00,-18.25
-12.08,-52.73,3.23
-13.43,-49.68,17.09
0.92,-28.99,4.09
6.23,-15.32,5.19
-3.36,-15.01,12.76
-1.89,-10.93,8.97
2.26,1.77,15.08
5.74,14.71,50.35
13.43,29.17,91.25
25.27,44.56,123.96
32.29,56.40,147.34
34.91,59.14,162.29
38.57,62.50,167.66
40.34,64.94,171.69
35.10,59.81,168.27
27.71,45.17,155.40
20.08,33.20,115.91
15.63,23.50,83.80
7.75,14.16,67.08
2.08,10.93,53.53
2.08,12.08,37.11
2.62,12.88,28.81
0.55,12.70,9.95
3.66,12.70,0.79
-1.28,13.00,-6.71
-5.00,12.08,-31.92
-8.97,4.27,-77.76
-14.34,-4.21,-118.59
-21.97,-6.53,-140.26
-25.09,-5.62,-144.53
-24.54,-4.94,-132.45
-25.39,-6.10,-107.67
-26.18,-8.91,-79.96
-28.50,-14.71,-57.13
-30.88,-27.16,-40.28
-32.59,-43.88,-23.19
-28.75,-56.64,-2.20
-14.16,-51.51,4.09
0.67,-31.25,-2.99
21.18,-17.40,0.06
36.68,-13.55,4.64
61.71,-19.41,9.28
79.16,-18.80,13.43
92.59,-23.80,17.33
92.47,-28.02,12.02
73.49,-22.95,9.28
48.22,-15.38,3.11
31.92,-9.46,0.24
24.11,-11.11,3.48
15.81,-4.76,5.13
8.48,-3.48,1.40
2.20,-0.79,-0.92
-2.56,-0.43,-1.59
-6.23,-0.31,-2.50
-8.85,3.23,-3.97
-12.15,9.03,-9.46
-17.27,16.05,-19.29
-23.68,17.09,-44.13
-27.65,16.48,-69.46
-27.65,20.14,-85.63
-23.99,23.01,-95.03
-19.59,20.20,-99.67
-13.31,10.62,-98.21
-4.58,-4.88,-87.95
-0.67,-20.75,-66.53
-2.38,-32.71,-32.90
-3.66,-41.56,2.38
-7.32,-49.80,29.60
-12.57,-54.75,43.58
-11.84,-44.56,19.96
-5.00,-38.45,4.58
-1.22,-32.84,4.15
-9.09,-18.68,20.14
4.70,5.31,56.21
14.04,27.59,84.23
30.33,43.40,109.44
40.22,54.87,136.66
44.49,63.78,160.77
45.35,64.70,179.38
41.93,63.84,182.25
39.18,62.81,183.04
30.27,52.73,166.14
25.39,41.26,139.04
17.82,27.16,114.81















-,-,-
2.32,4.39,-3.11
2.20,4.09,-3.36
2.26,4.03,-3.42
2.14,3.48,-3.30
1.65,3.17,-2.56
1.46,2.87,-1.65
0.92,2.75,-0.43
0.55,2.56,0.61
0.49,2.50,1.04
0.73,2.20,1.04
0.79,2.20,1.10
1.22,2.56,1.10
1.59,3.23,1.10
1.53,3.72,0.85
1.34,3.72,0.79
1.28,2.99,0.92
1.04,1.77,1.16
0.67,1.10,1.04
0.31,0.67,1.40
0.43,0.73,1.77
0.49,-0.18,1.95
0.73,-1.53,2.08
0.79,-2.44,2.32
1.04,-3.05,1.89
1.10,-3.05,1.65
1.34,-2.56,1.22
1.71,-2.44,0.67
2.26,-2.93,0.67
2.44,-5.13,1.16
1.89,-9.28,1.89
1.83,-15.69,3.72
1.34,-26.00,6.35
-1.10,-36.50,8.18
-2.69,-44.68,9.22
-3.54,-47.12,8.97
-2.69,-35.46,0.06
-0.43,-28.44,-0.31
-4.39,-25.63,2.56
-4.39,-19.04,1.53
-4.52,-11.54,8.12
-5.43,-3.11,29.42
0.06,7.63,59.14
8.18,18.25,85.51
16.48,30.82,108.52
20.81,39.49,123.66
21.55,41.99,116.88
19.29,37.66,101.26
14.40,31.25,87.95
21.42,29.11,72.08
12.51,26.12,63.48
0.18,20.45,45.10
-3.23,13.55,27.83
-6.71,10.44,10.25
-8.06,7.20,-0.73
-8.79,4.15,-3.54
-9.83,1.77,-5.25
-4.64,0.12,-10.86
-15.99,1.83,-25.63
-23.07,4.82,-43.33
-32.17,7.69,-59.27
-43.58,12.57,-66.16
-50.42,23.13,-69.40
-49.87,31.07,-68.54
-45.53,32.71,-60.79
-38.82,27.34,-47.42
-33.87,17.21,-30.27
-30.58,5.92,-13.18
-26.86,-4.15,1.34
-21.00,-16.60,14.89
-17.64,-32.65,26.79
-16.91,-38.27,29.48
-12.51,-23.13,8.24
-3.78,-9.52,2.44
3.72,-9.77,10.80
21.06,-3.54,10.80
40.53,7.20,15.20
57.25,4.15,23.80
76.23,-1.53,28.26
97.35,-21.55,29.11
113.65,-34.00,25.09
123.47,-35.34,27.10
123.60,-34.67,29.85
112.37,-34.91,25.76
96.80,-29.30,22.16
81.91,-26.00,21.79
63.72,-13.67,18.92
43.64,-10.74,10.01
24.48,-5.92,3.42
10.86,-2.62,1.71
2.44,1.71,0.79
-3.72,3.17,0.67
-8.97,1.16,-1.46
-11.60,1.22,-4.94
-12.82,5.74,-9.58
-14.47,10.01,-23.32
-16.85,8.85,-51.76
-20.26,8.79,-73.85
-24.60,16.85,-83.86
-28.69,29.30,-89.84
-31.07,39.25,-95.58
-30.64,42.72,-100.65
-28.44,37.84,-103.39
-24.78,23.93,-102.05
-17.76,2.87,-95.03
-9.16,-18.80,-80.51
-4.21,-35.77,-58.35
-3.78,-47.97,-31.62
-4.70,-58.23,-3.48
-6.04,-65.37,21.00
-12.70,-60.18,27.59
-11.72,-36.68,5.92
-2.20,-23.62,1.71
3.48,-24.11,4.33
-0.12,-14.53,3.72
1.40,-2.44,8.24
5.74,9.40,34.00
14.16,26.92,83.25
23.74,45.17,126.28
32.17,60.18,152.77
39.43,68.48,172.06
39.73,69.89,181.21
33.20,66.41,181.34
25.45,50.23,163.39
18.74,37.35,133.54
13.37,30.03,99.79
8.61,21.30,75.62
4.09,17.03,65.19
0.31,12.57,53.47
-3.30,10.56,36.99
-3.91,11.05,20.57
-4.03,11.35,9.22
-4.70,10.68,-0.06
-6.71,9.77,-6.77
-9.40,9.09,-27.22
-9.95,4.64,-69.82
-12.63,-0.43,-111.69
-18.49,0.37,-135.07
-25.76,6.96,-135.56
-27.95,11.17,-117.68
-23.56,7.39,-89.48
-17.70,-2.62,-61.22
-10.56,-15.20,-38.45
-5.98,-31.74,-18.92
-3.66,-48.71,0.79
-0.61,-60.97,16.66
5.80,-42.91,10.44
26.73,-23.56,5.43
31.07,-21.67,7.63
42.54,-7.32,4.58
51.09,3.11,8.06
56.21,0.12,15.63
64.03,-12.76,18.55
73.49,-22.89,15.69
64.58,-17.52,10.80
47.06,-18.55,0.73
32.90,-18.68,-5.62
25.09,-16.36,-4.33
15.26,-6.10,-5.92
5.00,-6.90,-8.91
-5.13,-4.70,-10.07
-11.96,-2.26,-10.13
-16.48,-1.34,-10.01
-18.19,0.55,-12.76
-19.04,4.52,-16.36
-21.06,8.00,-29.30
-22.40,10.01,-51.33
-22.95,17.46,-64.33
-20.26,28.14,-72.51
-18.92,31.68,-82.52
-17.88,24.66,-92.65
-17.33,10.38,-97.53
-16.85,-6.59,-92.35
-16.36,-24.05,-72.51
-15.08,-39.49,-37.60
-13.85,-48.58,0.37
-11.29,-52.92,28.93
-9.83,-49.50,30.09
-6.84,-38.64,13.37
2.62,-32.29,4.88
-0.85,-24.84,2.56















-,-,-
1.40,-0.61,1.71
1.53,-0.49,1.28
1.34,-0.18,0.79
1.16,-0.06,0.24
0.85,-0.12,-0.24
0.49,-0.55,-0.49
0.24,-0.73,-0.85
0.12,-0.85,-0.61
0.31,-0.61,-0.31
0.92,-0.06,0.00
1.59,0.37,0.37
2.14,0.49,0.49
2.26,0.55,0.55
2.50,0.18,0.55
2.44,-0.24,0.49
1.83,-0.79,-0.12
1.40,-1.22,-0.49
1.53,-0.85,-0.37
1.77,-0.37,0.00
1.95,-0.06,0.31
2.14,0.18,0.92
2.32,0.31,1.34
2.14,0.37,1.95
2.14,0.73,2.32
2.14,0.85,2.69
2.14,1.22,2.81
2.14,1.83,2.62
2.44,2.38,1.77
2.44,2.44,1.16
2.26,1.89,1.16
2.32,1.34,1.16
2.20,0.31,1.22
1.95,-0.73,1.46
1.83,-1.53,0.92
1.59,-2.20,0.49
1.10,-2.44,0.18
0.49,-2.26,0.55
-0.18,-1.65,0.79
-0.06,-0.18,2.50
0.18,1.53,7.75
1.77,3.42,17.82
5.00,8.00,35.83
7.39,13.49,53.59
9.77,16.60,58.29
11.84,21.00,57.25
11.05,18.37,55.42
10.50,20.75,55.18
11.72,21.85,60.67
13.24,24.96,63.96
13.18,25.51,63.60
12.21,22.09,58.11
10.07,19.78,56.88
4.15,17.52,39.73
4.39,14.83,19.71
0.79,14.10,25.70
-1.40,15.75,22.89
-0.31,17.52,13.06
-0.49,17.94,5.37
-3.17,18.43,1.34
-6.53,18.98,-1.22
-9.22,19.84,-3.78
-12.33,21.61,-11.60
-14.89,18.62,-22.40
-19.41,18.13,-31.56
-26.37,20.87,-41.69
-32.10,31.31,-48.52
-34.73,45.59,-49.87
-33.75,55.05,-45.78
-31.43,55.79,-38.76
-29.11,49.56,-31.86
-27.47,38.70,-24.48
-25.76,25.27,-14.77
-24.78,12.21,-3.66
-24.41,2.08,7.57
-25.21,-5.00,17.03
-25.27,-13.24,23.44
-25.27,-23.74,27.95
-26.55,-33.39,30.94
-25.51,-40.22,33.39
-16.48,-37.41,20.57
-4.15,-27.65,-0.06
3.97,-15.08,-0.73
11.96,-14.47,8.67
28.56,-3.36,12.82
46.69,-1.22,15.08
62.26,-10.93,13.12
76.90,-29.48,9.46
88.81,-45.04,9.83
97.35,-48.34,10.44
104.86,-47.12,16.17
111.15,-45.84,21.30
114.50,-42.54,22.52
112.18,-35.28,31.98
95.46,-25.45,35.77
72.27,-18.62,23.07
49.74,-8.73,8.24
33.45,-9.58,0.24
19.29,-5.19,-0.37
6.10,-0.24,-0.55
-5.49,3.11,-2.69
-13.37,2.01,-3.66
-20.51,1.16,-8.48
-25.70,4.46,-20.02
-29.66,9.40,-47.18
-31.19,10.68,-67.14
-33.45,18.55,-73.30
-34.79,31.62,-82.82
-34.48,41.14,-97.78
-33.08,42.24,-112.73
-28.08,34.12,-119.38
-23.80,19.53,-111.82
-22.03,2.14,-91.80
-18.37,-13.18,-64.15
-12.82,-25.57,-35.10
-5.43,-37.23,-11.41
0.31,-48.77,5.25
2.69,-58.11,19.78
1.83,-53.10,21.79
-0.61,-29.72,12.02
5.86,-21.79,9.64
1.59,-23.56,5.00
1.95,-13.98,4.33
0.49,-3.54,12.33
2.87,8.54,38.45
13.67,23.74,74.95
28.32,38.70,119.08
37.90,51.64,154.79
43.70,57.43,164.12
42.30,59.33,165.71
35.16,56.40,159.79
26.92,46.69,139.22
19.23,39.31,114.87
10.38,30.15,84.84
6.59,20.08,57.19
2.75,15.44,45.10
0.31,13.73,41.87
-4.33,12.27,22.58
-6.16,9.40,1.16
-6.96,9.09,-3.05
-7.75,11.60,-8.30
-9.83,15.50,-29.05
-11.66,13.18,-62.99
-15.20,10.86,-102.11
-17.88,5.92,-128.23
-20.81,-1.40,-133.42
-24.17,-8.42,-119.26
-24.05,-15.81,-89.66
-20.02,-25.27,-54.44
-15.14,-36.50,-22.83
-9.22,-48.71,0.67
-0.79,-48.52,6.29
11.41,-25.94,-0.67
37.05,-15.63,1.65
60.97,-27.10,-1.71
74.71,-17.94,-3.60
79.28,-16.91,8.54
81.85,-15.14,13.67
75.74,-17.27,12.02
50.72,-13.00,3.11
26.86,-15.56,-5.13
11.84,-8.91,-4.27
1.22,1.16,-3.85
-5.68,2.87,-4.58
-9.58,-2.32,-5.62
-11.60,-3.72,-7.20
-10.86,-0.92,-9.34
-9.09,6.04,-13.06
-9.34,13.79,-18.92
-11.11,17.58,-36.62
-18.19,19.90,-51.82
-25.45,25.45,-58.04
-29.91,30.94,-64.15
-28.99,33.20,-71.66
-23.74,28.99,-75.87
-17.64,16.54,-72.51
-13.67,0.43,-62.81
-12.21,-13.73,-50.84
-10.50,-28.32,-38.45
-9.40,-42.24,-26.49
-9.22,-52.73,-14.22















-,-,-
-3.72,-13.49,8.61
-5.86,-17.09,9.58
-8.00,-17.58,10.38
-9.70,-17.09,10.93
-10.74,-16.42,11.90
-11.23,-15.81,12.76
-11.47,-16.17,13.00
-11.54,-16.72,12.51
-10.99,-17.46,11.60
-10.74,-17.64,10.50
-10.19,-16.91,9.64
-9.34,-15.20,8.91
-8.61,-13.67,8.12
-8.24,-11.96,6.90
-6.47,-10.44,6.35
-6.04,-9.03,6.77
-5.86,-7.02,6.71
-5.43,-5.13,5.68
-4.52,-3.36,4.46
-3.42,-2.38,3.48
-2.32,-2.01,2.75
-1.89,-1.83,2.38
-1.40,-1.53,2.26
-1.22,-1.16,2.38
-1.04,-0.73,2.20
-1.16,-0.67,2.20
-1.04,-1.28,2.50
-0.98,-2.38,2.93
-1.22,-3.48,3.30
-1.65,-4.52,3.48
-2.01,-5.80,3.78
-2.81,-6.53,4.09
-3.72,-7.08,4.39
-4.64,-7.26,3.91
-5.49,-7.26,2.93
-6.65,-6.29,1.46
-6.71,-4.76,0.49
-6.59,-3.66,0.06
-7.57,-3.48,-0.43
-8.97,-3.78,-1.46
-10.01,-5.00,-2.99
-11.23,-7.02,-4.15
-12.21,-9.64,-5.00
-12.33,-14.65,-5.25
-12.94,-21.36,-4.15
-14.53,-26.98,-0.73
-15.69,-32.53,5.62
-16.60,-39.25,12.70
-16.17,-47.30,18.55
-14.65,-56.03,21.91
-10.86,-54.57,14.10
-3.66,-41.14,2.20
2.20,-30.15,9.34
1.10,-23.44,12.15
0.18,-10.07,17.58
5.19,4.09,43.15
13.37,20.26,83.01
25.51,34.79,110.53
34.42,42.85,122.07
33.63,45.17,114.01
29.11,41.14,93.87
22.09,33.20,78.67
14.40,27.40,65.31
8.67,21.55,49.01
2.99,16.17,36.68
-1.40,10.68,23.07
-4.88,6.10,12.33
-6.47,3.30,0.67
-8.48,0.79,-5.31
-11.90,-0.98,-8.91
-16.97,0.67,-21.42
-22.71,5.07,-40.53
-30.27,8.73,-57.62
-36.07,12.45,-69.03
-36.32,19.78,-71.90
-34.67,24.05,-65.31
-33.57,23.93,-51.88
-30.40,18.31,-34.00
-27.95,7.75,-14.28
-26.55,-3.54,5.80
-26.25,-16.42,25.21
-24.66,-25.63,28.93
-18.07,-20.32,4.21
-7.51,0.67,3.36
1.40,-1.04,14.95
15.26,0.98,10.56
33.94,9.40,16.05
53.89,8.30,31.68
70.86,-2.08,40.34
87.10,-18.86,35.52
99.98,-36.01,25.82
111.21,-45.96,19.90
117.55,-46.88,23.62
117.86,-48.03,22.71
109.56,-39.37,22.58
86.24,-29.79,19.78
62.26,-18.92,11.29
40.47,-14.77,5.80
22.09,-6.04,2.87
8.91,-0.24,-0.37
-0.37,4.33,-2.20
-6.59,6.29,-3.78
-11.17,2.87,-4.82
-14.95,0.43,-9.89
-18.19,3.23,-20.02
-22.16,6.84,-40.89
-24.72,5.25,-67.75
-27.89,8.06,-84.41
-32.04,15.81,-96.50
-33.75,21.73,-108.34
-31.98,19.96,-117.80
-29.30,9.34,-118.10
-24.72,-5.31,-104.68
-22.16,-18.37,-78.06
-21.85,-28.81,-45.90
-18.62,-36.74,-18.49
-13.37,-43.82,0.61
-5.19,-46.57,7.45
3.48,-31.80,-4.15
7.75,-19.17,3.36
5.74,-13.12,10.31
0.92,-9.89,6.53
-3.05,-4.52,8.48
-2.32,2.50,28.44
7.39,11.23,65.43
20.94,30.46,103.64
34.85,47.12,134.77
45.96,62.50,163.64
51.15,72.33,193.24
52.86,74.28,197.02
49.44,65.31,176.33
36.80,57.50,143.55
23.62,44.80,103.39
13.43,28.56,79.16
5.68,21.61,63.90
1.10,13.98,47.67
-1.89,10.25,16.42
-3.36,6.47,-0.79
-4.64,4.33,-2.81
-5.86,4.58,-6.53
-7.51,7.08,-24.48
-8.85,6.59,-58.41
-9.16,3.17,-95.58
-10.86,-0.18,-122.50
-15.56,-0.24,-136.60
-20.26,-0.67,-133.85
-25.88,-3.48,-112.49
-26.37,-9.28,-76.42
-19.71,-21.06,-36.32
-13.43,-36.32,-5.00
-10.13,-49.01,13.55
-7.51,-49.68,11.47
1.40,-34.36,0.92
25.88,-27.22,0.43
48.22,-17.09,-0.61
69.82,-10.62,6.47
80.99,-20.14,16.05
85.27,-25.88,16.17
81.79,-25.15,13.98
61.83,-20.45,10.50
39.18,-10.38,0.12
23.32,-0.92,-4.21
13.06,0.37,-4.09
4.64,8.79,-3.91
-1.95,6.47,-4.94
-9.16,1.95,-9.52
-17.64,0.92,-17.70
-26.00,3.54,-29.97
-30.40,7.02,-50.84
-34.18,12.63,-73.97
-37.54,22.28,-90.21
-38.09,30.64,-101.62
-33.45,30.46,-108.28
-26.73,19.71,-106.57
-24.96,2.93,-95.15
-25.76,-12.39,-72.57
-24.48,-25.21,-40.34
-23.93,-35.77,-6.90
-23.68,-45.17,18.19















-,-,-
2.99,0.85,2.62
2.75,-0.55,4.09
2.44,-1.77,5.37
2.38,-4.39,6.35
0.85,-7.87,6.53
-1.46,-9.58,5.74
-3.48,-8.24,4.33
-3.36,-5.92,3.78
-2.14,-4.64,4.52
-1.10,-3.97,5.07
-0.31,-2.81,4.52
0.73,-1.71,3.48
1.83,-0.73,2.93
3.11,-0.67,2.14
2.69,-1.34,1.16
1.83,-1.28,0.49
0.79,-1.59,0.43
0.49,-1.77,0.73
0.37,-1.89,1.34
0.43,-2.20,2.14
0.67,-2.99,2.62
0.85,-4.94,3.60
0.31,-8.24,4.94
-0.61,-11.84,7.39
-2.32,-12.76,7.08
-2.87,-9.89,0.73
-1.16,-9.34,-0.61
-0.67,-8.00,0.06
-0.12,-5.98,0.31
0.06,-4.70,0.98
1.46,-4.03,1.71
3.05,-3.97,2.20
3.54,-5.31,2.56
2.32,-7.39,2.69
0.73,-10.25,2.75
-0.37,-12.51,2.38
-2.56,-13.79,1.95
-5.13,-13.73,2.75
-7.81,-10.86,6.71
-6.96,-6.35,13.73
-3.78,-0.31,26.18
0.12,12.02,58.41
9.46,21.67,81.79
17.52,25.09,92.35
22.71,33.20,97.05
23.07,32.78,87.46
19.90,27.47,72.02
13.31,25.45,61.52
9.22,19.41,50.05
4.88,15.99,38.39
2.81,16.42,39.00
-1.77,15.01,30.27
-0.79,14.71,13.92
-1.65,14.83,12.51
-2.01,15.87,10.19
-2.50,12.57,-0.55
-3.97,8.54,-8.36
-5.62,5.43,-13.73
-8.30,5.43,-20.14
-12.63,10.74,-33.33
-15.63,23.68,-46.02
-17.27,33.20,-53.65
-16.91,44.07,-53.83
-14.71,49.07,-45.65
-10.99,45.23,-32.90
-12.02,32.71,-19.65
-14.71,15.87,-6.77
-18.43,0.98,7.08
-21.73,-11.47,23.13
-25.21,-23.74,36.99
-21.61,-21.48,20.57
-14.04,-16.85,4.15
3.60,-10.93,8.42
17.03,-7.63,10.31
30.70,2.56,10.56
49.56,0.67,14.34
69.03,-10.80,19.65
82.52,-32.90,23.68
95.15,-43.46,21.91
103.70,-48.89,17.46
109.44,-54.75,13.55
110.72,-51.70,16.30
99.24,-45.90,16.36
75.07,-41.44,8.42
51.27,-24.05,1.04
31.74,-16.78,0.98
17.70,-8.54,2.32
5.25,-0.37,1.40
-0.92,-1.34,-0.43
-6.53,-1.83,-1.83
-11.66,-0.43,-5.19
-15.38,3.78,-10.86
-19.04,11.41,-21.61
-23.44,20.57,-43.33
-26.98,24.54,-73.43
-31.01,30.88,-96.62
-34.18,37.54,-115.11
-34.61,38.45,-129.88
-33.63,30.46,-137.63
-35.16,15.99,-133.30
-34.91,-2.38,-116.15
-29.60,-21.48,-89.60
-23.50,-38.51,-61.22
-15.32,-52.67,-34.79
-6.23,-64.21,-9.52
-11.78,-71.53,14.40
-18.13,-72.14,30.88
-20.14,-58.53,15.50
-15.63,-45.72,-0.24
-12.21,-41.93,0.55
-21.48,-34.30,-1.59
-30.58,-20.14,-5.37
-21.79,-7.39,3.54
-11.05,3.54,29.48
7.20,20.32,80.57
29.54,35.46,128.05
50.23,47.73,165.22
65.00,55.48,181.82
72.88,64.15,196.66
73.61,69.89,205.51
65.06,65.61,200.81
50.23,56.52,171.14
34.61,47.55,134.52
22.77,36.07,101.07
11.54,25.45,79.41
2.56,15.20,52.73
-0.61,14.22,30.09
-3.48,14.10,13.06
-2.75,13.43,1.77
-5.13,12.76,-3.78
-9.95,16.42,-25.57
-11.23,15.99,-65.06
-10.99,11.05,-104.37
-10.07,6.53,-134.22
-10.25,4.21,-152.47
-18.55,3.72,-150.51
-27.16,3.05,-123.90
-32.84,0.06,-82.70
-34.24,-8.12,-43.88
-30.03,-26.79,-17.03
-25.39,-50.72,-0.98
-19.78,-67.38,7.75
-10.68,-56.58,0.92
11.66,-32.84,-6.35
44.80,-36.01,-9.77
67.81,-46.63,-17.58
76.29,-37.05,-10.50
75.26,-33.51,2.75
70.13,-24.84,4.03
61.16,-25.82,0.92
43.88,-22.16,-3.36
27.53,-17.94,-4.64
13.12,-7.69,-1.89
5.80,-4.52,-2.32
-0.31,-2.38,-0.18
-5.80,1.22,0.31
-10.13,3.17,-3.11
-13.12,7.26,-7.63
-16.78,13.00,-18.07
-18.98,16.05,-41.99
-20.32,14.04,-65.80
-23.80,12.08,-80.26
-26.49,10.93,-91.92
-26.86,9.83,-102.97
-28.14,6.47,-109.01
-31.19,0.61,-103.45
-30.21,-6.65,-81.79
-26.06,-18.62,-47.97
-20.57,-34.24,-13.73
-14.65,-45.29,10.86
-21.73,-47.00,20.14
-12.51,-40.95,1.16
-4.21,-32.59,-2.44
4.94,-29.97,10.56
0.67,-25.57,10.80
-7.26,-20.14,4.94
-8.91,-17.70,14.77
-4.46,-11.23,49.68
5.43,3.66,84.59
22.58,24.78,119.26















-,-,-
2.08,2.14,-0.85
2.44,1.77,-0.49
2.50,1.10,-0.06
2.44,0.43,0.67
2.32,0.06,1.46
2.44,-0.18,1.65
2.56,-0.79,1.40
2.50,-2.08,1.40
1.89,-3.30,1.65
1.65,-3.78,1.89
1.28,-4.39,2.38
1.04,-5.00,2.87
0.55,-5.19,3.30
0.18,-4.70,3.48
0.31,-3.72,3.42
0.79,-2.62,3.05
1.04,-1.83,2.75
1.59,-0.85,2.50
2.38,0.18,2.14
3.05,0.92,1.89
3.05,1.59,1.46
3.23,2.14,1.04
2.87,2.56,0.98
2.50,2.81,1.22
2.14,2.62,1.28
1.89,2.38,0.98
1.77,2.44,0.55
1.59,2.62,0.43
1.71,2.87,0.49
2.26,2.93,0.31
2.50,2.69,-0.12
2.56,2.50,-0.12
2.56,2.32,-0.18
2.50,2.14,-0.18
2.62,1.83,0.06
2.20,1.28,0.49
1.65,0.98,1.04
1.28,0.73,1.04
0.79,0.85,0.85
0.31,0.85,0.49
0.31,1.04,0.24
0.55,1.34,0.12
0.92,1.77,0.00
0.85,1.77,-0.31
0.98,1.65,-0.31
0.79,1.16,0.12
0.79,0.92,0.43
0.79,0.49,0.92
0.67,-0.31,1.10
0.31,-1.22,1.10
-0.61,-2.50,0.67
-0.61,-5.19,0.85
-0.85,-10.68,1.71
-3.78,-17.15,3.17
-6.23,-21.97,4.94
-8.00,-26.73,7.14
-8.91,-32.53,9.09
-9.46,-38.88,11.11
-7.45,-46.39,13.18
-6.59,-51.45,13.24
-4.33,-41.14,-2.20
-0.12,-31.56,-2.38
-7.51,-28.93,8.79
-14.47,-25.94,12.08
-15.56,-14.95,24.29
-14.89,0.92,61.89
-6.04,19.71,102.48
5.00,39.06,123.05
12.39,47.61,123.23
10.31,45.72,108.58
2.75,41.14,88.87
-4.58,34.67,73.61
-13.31,25.94,49.44
-13.12,18.92,25.51
-12.76,12.94,17.82
-14.59,5.98,5.55
-14.40,-1.59,-6.47
-18.98,-4.52,-15.01
-22.89,-1.59,-29.11
-26.31,4.21,-49.38
-33.81,10.68,-69.89
-41.32,17.76,-84.47
-46.63,22.95,-94.24
-48.52,24.48,-96.50
-52.43,21.79,-86.55
-52.98,13.31,-64.51
-50.23,0.00,-36.32
-46.57,-17.21,-4.88
-44.56,-36.56,27.53
-43.82,-52.61,53.53
-37.66,-46.51,28.81
-11.96,-31.43,-0.31
1.77,-14.04,14.22
18.92,-5.86,25.51
51.03,2.32,32.04
72.45,-0.85,45.96
94.06,-18.37,57.68
110.53,-35.10,59.33
124.82,-45.47,55.85
131.04,-48.65,56.58
128.05,-37.78,56.52
115.36,-23.32,55.66
101.32,-12.33,43.95
84.84,-8.97,34.42
62.01,-8.30,18.43
37.23,-5.86,6.29
14.59,-1.71,-3.30
0.12,7.57,-5.92
-8.97,13.12,-5.92
-13.00,11.29,-5.31
-15.44,12.08,-10.13
-17.52,20.63,-23.56
-18.74,26.43,-46.75
-19.65,32.10,-71.29
-19.71,42.54,-89.05
-15.26,49.50,-102.29
-8.54,44.49,-112.43
-2.38,28.44,-116.09
0.06,5.25,-108.95
-2.20,-16.66,-90.09
-5.98,-33.39,-61.46
-6.04,-47.30,-25.76
-8.30,-59.14,8.97
-6.53,-66.71,32.90
-15.75,-48.58,22.28
-6.71,-26.06,6.96
-9.52,-27.28,3.30
-19.35,-30.46,3.72
-17.88,-15.81,6.96
-10.01,1.53,39.98
4.03,13.24,88.13
19.23,33.51,124.82
31.13,51.03,147.40
34.97,67.75,167.48
34.97,70.07,177.25
28.63,64.64,171.87
21.24,54.02,151.37
14.59,43.15,122.19
9.77,34.48,94.36
7.63,25.09,65.98
5.80,18.25,44.80
5.55,15.50,33.57
4.58,15.99,27.83
4.39,13.73,10.68
4.39,11.29,-3.97
-0.85,10.19,-18.62
-2.14,5.43,-51.76
0.00,0.43,-91.49
-0.06,-1.53,-120.54
-3.85,-5.62,-130.55
-11.60,-14.28,-118.41
-15.93,-26.55,-90.15
-15.50,-40.53,-57.13
-10.62,-55.42,-27.16
-1.16,-47.36,-6.65
12.08,-22.89,5.43
32.41,-17.70,4.46
48.22,-29.85,-2.62
62.07,-29.30,-11.78
71.78,-24.60,-7.69
80.99,-27.53,5.31
90.52,-30.82,11.35
85.88,-27.77,8.54
64.45,-27.34,3.66
37.35,-18.86,-1.83
19.53,-5.00,-4.27
8.61,3.17,-1.53
0.55,8.18,0.31
-6.47,7.39,-2.44
-12.15,0.98,-7.39
-16.72,-7.69,-21.55
-21.18,-13.67,-50.66
-23.80,-12.76,-79.71
-22.89,-1.10,-95.95
-20.57,15.99,-104.68
-11.96,26.00,-111.69
-6.29,21.67,-113.59
-5.43,4.21,-104.68
-9.52,-16.97,-79.77
-11.05,-34.79,-41.32















-,-,-
0.55,-4.58,1.22
0.55,-4.15,2.14
0.37,-4.21,2.75
-0.12,-4.76,2.75
-0.67,-5.31,2.75
-1.40,-6.04,3.66
-1.89,-7.69,4.15
-1.77,-10.50,4.09
-2.32,-12.82,4.46
-3.05,-13.49,5.07
-3.60,-12.76,4.58
-3.72,-11.41,3.97
-3.30,-10.13,3.72
-2.38,-9.52,4.03
-2.01,-9.34,4.70
-1.59,-7.57,2.56
0.06,-3.72,-1.22
-0.43,-2.20,-0.55
-0.49,-1.95,0.31
2.01,-0.49,-0.55
1.95,0.73,-0.12
2.01,0.49,0.67
2.08,-0.24,1.65
1.59,-0.73,2.56
1.83,-1.95,3.17
2.81,-4.46,3.60
2.50,-5.62,3.11
2.99,-6.10,1.89
2.26,-7.75,1.34
0.18,-10.07,-0.49
-1.10,-10.74,-1.83
-2.50,-10.01,-1.10
-3.11,-7.93,2.20
-3.91,-4.21,13.61
-4.64,4.46,39.18
-2.69,18.07,72.88
0.67,29.42,91.74
4.33,36.56,103.52
3.72,38.21,101.14
3.17,32.90,88.44
2.01,28.02,74.04
-0.18,21.79,60.12
-2.08,16.78,43.76
-2.99,12.88,36.13
-7.45,10.93,26.61
-6.35,7.26,7.87
-9.28,3.66,-1.16
-12.27,0.61,-2.93
-14.65,-1.53,-4.64
-18.55,-0.31,-12.08
-22.64,3.05,-27.28
-27.53,9.03,-42.72
-35.77,15.81,-56.95
-42.91,26.55,-67.38
-47.97,39.73,-70.68
-49.56,49.07,-64.51
-45.78,49.13,-52.73
-38.27,40.28,-39.06
-32.35,23.32,-23.62
-30.27,3.05,-3.54
-29.17,-16.17,19.41
-27.10,-34.36,40.04
-27.89,-48.71,51.70
-18.13,-40.16,25.70
-9.58,-21.48,0.18
-2.93,-11.23,5.13
7.75,-13.24,11.60
27.40,-0.18,12.33
48.58,7.08,20.63
70.07,-8.48,36.32
87.83,-23.56,45.41
104.25,-39.37,41.50
118.23,-51.15,43.64
126.59,-48.16,49.13
133.73,-43.33,46.26
133.73,-38.64,46.81
122.56,-34.97,41.50
97.17,-29.85,32.53
66.35,-17.88,18.68
37.11,-0.49,12.08
17.09,5.13,9.34
6.04,11.23,5.86
-0.31,8.42,3.05
-4.58,2.87,2.08
-7.26,-0.18,-0.92
-10.13,1.28,-6.71
-13.43,3.72,-20.26
-16.05,7.26,-47.42
-17.21,11.72,-68.60
-18.80,21.55,-78.43
-17.70,33.94,-88.32
-14.04,38.33,-99.79
-10.56,31.49,-108.70
-8.48,16.78,-112.12
-7.51,-0.37,-106.51
-8.18,-16.54,-88.07
-6.29,-31.01,-58.84
-2.32,-44.37,-25.57
2.38,-58.65,3.17
0.31,-57.92,16.48
-4.27,-27.16,5.80
-0.12,-20.45,8.61
-4.64,-25.09,3.42
-16.30,-21.06,0.18
-10.68,-9.83,17.46
-6.53,4.27,64.33
6.47,20.32,110.35
22.28,39.00,145.75
31.25,50.11,168.70
34.18,51.82,176.88
31.98,50.78,164.98
29.97,50.96,151.98
22.52,45.23,132.63
16.66,37.60,107.12
8.36,31.13,83.07
2.56,24.23,60.73
-3.05,16.36,44.98
-6.59,11.35,29.24
-10.44,11.54,19.29
-10.99,11.90,2.93
-9.83,12.70,-5.86
-8.97,17.58,-17.70
-3.72,19.59,-41.38
2.62,15.69,-80.14
0.18,7.14,-113.22
-10.19,-1.10,-127.93
-21.61,-6.10,-125.06
-28.81,-12.27,-105.22
-29.30,-21.91,-72.20
-26.18,-34.61,-35.95
-20.69,-49.01,-6.41
-7.51,-49.74,6.71
4.21,-28.20,4.52
25.51,-19.41,2.32
46.26,-23.80,0.43
68.05,-36.93,-2.81
79.10,-30.33,1.83
84.35,-31.80,10.19
83.25,-21.30,16.42
66.65,-15.44,13.79
47.06,-16.85,9.46
32.17,-9.16,8.48
23.80,-1.65,9.09
15.14,0.73,5.49
5.43,6.23,4.70
-0.73,10.80,1.53
-4.21,10.50,-1.10
-9.34,9.28,-5.86
-14.83,12.08,-15.20
-20.45,14.89,-43.21
-25.94,14.16,-78.55
-31.31,15.56,-103.94
-32.17,18.80,-120.79
-28.32,16.66,-127.56
-21.85,6.90,-120.79
-21.06,-6.77,-100.89
-17.64,-20.81,-68.91
-13.92,-33.69,-29.66
-10.50,-45.65,7.14
-8.30,-54.63,34.36
-4.27,-44.43,27.53
-1.71,-28.81,17.94
2.87,-28.32,5.86
-4.58,-23.86,6.23
3.85,-8.12,36.87
13.37,11.96,86.12
26.00,31.49,122.38
40.41,45.23,147.58
46.39,57.31,165.28
49.19,59.08,181.82
48.95,52.98,191.04
45.53,51.39,181.82
34.61,42.18,172.30
22.03,32.41,145.39
11.72,23.44,118.59
5.13,10.99,93.32
4.52,0.92,74.22
1.77,-2.32,56.21
-0.06,-2.38,33.57
1.95,0.18,23.32















-,-,-
-1.89,-7.08,1.53
-1.71,-7.75,2.32
-0.98,-9.70,2.75
-0.79,-12.27,2.87
-1.10,-14.47,3.30
-2.99,-15.50,4.03
-5.19,-14.77,4.76
-6.77,-12.45,5.19
-6.41,-10.74,4.09
-4.52,-10.01,3.23
-3.72,-9.40,3.23
-2.32,-8.30,3.30
-1.83,-6.96,2.69
-1.28,-5.19,1.65
-0.85,-3.05,0.55
-0.73,-1.16,-0.73
-0.31,0.61,-1.89
1.04,1.83,-3.05
1.59,2.62,-3.23
1.83,3.11,-3.30
1.40,3.36,-3.48
0.49,3.05,-3.23
0.73,2.38,-2.20
1.22,2.38,-1.10
0.92,2.44,-0.12
0.67,2.08,0.79
1.22,1.16,2.01
1.59,-0.37,2.81
1.71,-2.08,3.54
1.95,-4.33,4.33
3.60,-10.44,6.29
2.81,-21.42,8.73
0.43,-29.72,11.54
-0.79,-25.94,8.79
-2.08,-17.33,6.41
-5.86,-14.83,9.58
-12.45,-9.89,20.75
-10.68,3.48,49.19
-1.28,22.22,88.68
10.13,31.80,117.68
14.47,36.38,120.42
14.89,34.61,109.31
10.99,34.73,94.60
5.25,35.28,71.23
0.67,28.99,59.08
-6.29,22.58,53.16
-9.52,17.58,35.34
-11.47,11.41,16.85
-17.21,10.07,12.15
-23.13,9.09,4.52
-26.18,10.74,-8.42
-28.08,11.90,-18.43
-29.91,11.54,-27.95
-29.36,12.21,-40.22
-27.28,14.53,-48.71
-25.57,14.28,-48.89
-24.78,10.13,-40.41
-22.64,3.36,-25.82
-20.02,-5.80,-9.46
-17.94,-12.33,0.49
-14.28,-8.30,-0.43
-9.52,-2.26,2.20
-3.30,-5.62,5.68
6.53,-2.50,5.49
20.14,1.46,13.31
38.02,-6.77,28.87
58.29,-15.26,38.94
77.03,-29.36,38.94
89.42,-38.82,37.90
102.11,-38.15,29.05
113.71,-36.01,24.11
117.19,-40.71,23.74
105.22,-36.01,24.96
76.78,-26.86,21.91
49.62,-19.23,11.17
30.21,-13.43,3.60
17.09,-4.09,-2.75
6.90,-3.97,-1.77
-1.04,1.04,1.53
-5.80,2.44,0.61
-7.57,2.26,-1.77
-7.57,6.47,-6.71
-7.87,10.25,-18.37
-10.44,10.68,-43.88
-13.18,11.60,-69.58
-15.32,18.86,-88.32
-15.81,25.45,-103.94
-15.75,24.23,-115.78
-17.03,16.91,-120.54
-20.45,7.81,-116.03
-23.13,-0.98,-102.29
-22.34,-7.81,-80.81
-17.21,-17.52,-55.24
-12.33,-32.96,-29.05
-9.09,-50.54,-4.27
-8.61,-64.03,18.01
-9.58,-54.57,17.46
-2.81,-33.57,11.05
15.26,-23.80,12.02
7.08,-16.17,7.14
7.02,-6.10,4.15
6.04,0.73,13.55
9.58,5.62,45.78
18.13,17.21,99.12
23.99,35.40,138.98
32.65,47.97,162.96
35.16,50.35,169.13
33.63,47.79,164.25
28.38,41.14,149.41
22.34,38.15,129.88
14.34,24.54,99.91
7.75,15.08,69.52
2.44,12.27,52.98
-1.22,13.12,42.05
-3.30,12.88,25.57
-3.97,12.63,13.06
-4.21,12.27,2.38
-4.46,10.56,-10.01
-5.19,10.31,-30.03
-6.84,8.42,-65.49
-9.28,9.34,-103.58
-11.11,11.17,-129.46
-15.44,10.19,-135.68
-17.94,5.37,-117.19
-13.06,-2.56,-80.38
-6.04,-14.28,-41.63
2.50,-30.33,-12.27
10.13,-49.62,7.32
17.88,-63.48,18.98
25.27,-37.66,15.81
40.77,-16.48,12.63
50.35,-21.97,10.25
52.31,-19.78,6.77
50.54,-14.65,5.19
50.29,-11.72,5.31
48.16,-9.28,5.13
45.29,-16.85,5.86
36.44,-18.49,0.85
23.13,-12.63,-4.88
12.63,-6.53,-5.25
6.10,-2.93,-6.65
-2.08,-1.65,-9.22
-10.93,-2.32,-13.24
-18.13,-1.83,-17.46
-21.55,0.00,-22.03
-20.69,2.44,-33.94
-17.21,6.77,-50.11
-14.47,11.66,-63.84
-12.88,15.75,-75.93
-11.84,15.44,-86.61
-11.78,10.07,-93.02
-14.65,0.31,-91.31
-19.35,-9.83,-77.58
-21.55,-19.90,-53.83
-20.14,-31.37,-26.79
-17.46,-42.11,-2.99
-14.47,-49.32,15.20
-11.17,-48.22,20.14
-10.80,-34.91,12.02
0.37,-27.04,7.87
1.46,-21.00,3.48
1.65,-9.16,6.77
8.48,5.49,33.39
18.01,17.21,76.23
27.89,26.37,101.20
36.50,31.62,120.85
38.70,36.68,139.65
41.75,39.37,150.45
42.54,39.37,152.28
40.89,34.73,155.09
37.23,28.38,155.52
31.43,25.21,137.94
23.93,17.82,118.65
17.09,4.58,104.61
12.02,1.04,85.39
6.53,-4.03,68.66
2.81,-2.56,57.50
3.66,-1.89,59.45
-0.49,0.55,37.72
2.81,4.76,30.70















-,-,-
0.73,0.18,0.24
1.16,0.18,0.61
1.53,0.24,1.10
2.14,0.67,1.10
2.99,0.98,0.55
3.72,1.16,0.00
3.91,1.34,-0.98
3.23,1.71,-2.08
2.44,2.44,-3.17
2.20,3.17,-3.78
2.20,4.03,-3.97
2.69,4.09,-3.97
2.81,3.66,-3.78
2.62,2.81,-3.23
2.08,1.89,-2.50
1.65,1.53,-1.77
0.92,1.34,-1.16
0.12,0.98,-0.85
-0.31,0.43,-0.67
-0.61,0.24,-0.18
-0.61,0.37,0.67
-0.31,0.31,1.04
0.00,-0.43,1.22
0.12,-0.67,0.85
0.43,-0.06,0.49
0.73,0.73,0.43
0.43,0.79,0.92
0.37,-0.55,1.65
0.31,-4.09,2.99
1.16,-13.85,5.92
-0.79,-29.36,10.93
-4.58,-40.22,17.40
-7.81,-45.47,23.32
-9.77,-41.20,20.32
-11.54,-28.14,11.96
-6.77,-17.76,12.76
-6.41,-7.20,28.02
-2.56,10.01,59.81
10.13,27.77,84.66
25.09,35.46,115.42
28.14,35.46,117.92
28.75,38.94,102.78
23.38,34.73,89.78
15.08,26.55,79.04
5.62,18.80,49.07
0.37,12.76,28.63
-5.98,9.46,25.21
-9.89,4.88,17.76
-11.23,1.65,4.82
-14.40,-1.65,-6.90
-19.04,0.49,-19.10
-24.72,7.57,-31.31
-29.30,12.70,-42.91
-30.03,16.11,-55.05
-28.02,18.86,-63.54
-24.54,18.01,-61.95
-23.44,14.53,-46.88
-25.51,8.61,-22.64
-24.84,-0.67,0.79
-22.64,-10.50,15.01
-14.89,-12.76,7.69
-8.48,-1.16,3.54
-2.01,1.71,9.89
6.35,3.11,10.80
19.59,10.38,14.53
35.95,8.79,26.31
54.93,-3.17,38.51
73.97,-18.92,40.89
88.26,-33.75,33.81
100.16,-41.93,26.67
103.58,-44.80,16.60
89.17,-42.54,12.88
66.28,-31.56,13.73
50.54,-25.76,3.91
40.47,-18.92,-0.92
29.91,-14.53,3.36
19.23,-9.22,-0.67
10.38,-6.71,-7.20
2.75,9.03,-5.25
0.06,8.24,-7.02
-1.59,3.91,-19.65
-5.07,1.59,-39.98
-9.16,8.24,-58.41
-12.33,18.31,-77.15
-14.89,24.11,-96.80
-17.52,22.22,-112.61
-18.37,12.33,-121.46
-21.18,-1.83,-118.65
-24.72,-14.89,-102.36
-26.37,-24.84,-77.45
-24.11,-33.81,-48.71
-17.52,-45.47,-19.78
-13.49,-56.58,5.07
-15.63,-48.65,9.95
-14.22,-28.87,1.65
-5.68,-24.60,10.31
-6.59,-23.13,10.31
-6.96,-14.10,7.02
-5.80,-4.70,20.02
1.53,7.20,47.61
17.58,20.32,90.70
32.04,38.64,131.65
43.88,47.79,158.08
48.52,54.99,167.42
49.13,55.11,180.66
44.92,57.80,177.80
40.04,48.52,156.62
29.11,35.83,118.84
18.86,22.95,75.56
8.48,10.44,47.30
1.22,4.21,29.24
-3.48,5.07,24.23
-4.27,4.09,5.31
-3.60,2.62,-7.93
-5.86,6.35,-19.78
-8.79,9.58,-47.73
-7.63,8.85,-80.93
-4.03,4.27,-100.28
-4.82,-1.16,-106.75
-10.86,-4.58,-100.59
-17.52,-7.08,-81.73
-20.45,-12.45,-53.71
-17.33,-21.36,-23.32
-10.86,-32.78,0.49
-1.77,-28.87,4.03
10.07,-14.89,-0.18
30.58,-15.26,-0.73
48.40,-19.65,-1.89
60.24,-21.00,2.44
67.20,-28.08,4.70
59.75,-24.35,3.36
39.18,-15.44,-1.59
21.06,-12.02,-8.30
9.40,-2.08,-7.75
4.39,4.82,-7.75
0.85,10.38,-8.61
-2.81,2.14,-16.54
-7.87,-3.85,-32.23
-13.85,-3.97,-48.10
-16.30,3.60,-61.95
-15.93,16.36,-75.26
-11.54,26.61,-85.94
-7.14,29.24,-90.27
-10.80,24.35,-88.32
-13.98,12.51,-82.95
-13.92,-2.50,-75.07
-12.02,-16.78,-59.14
-10.80,-30.21,-36.07
-9.58,-43.21,-10.74
-6.35,-53.34,12.82
-7.75,-56.70,30.52
-15.81,-41.14,20.39
-10.93,-35.03,9.95
-4.15,-31.07,5.62
-0.79,-20.14,5.31
0.24,-7.32,19.35
5.80,3.66,54.93
18.74,13.24,98.21
30.15,27.04,131.90
40.53,35.22,157.71
44.49,36.19,172.97
45.84,37.11,184.39
44.37,37.90,196.53
41.63,34.67,196.72
38.09,29.11,184.02
28.87,21.30,161.80
20.69,16.78,138.12
12.51,7.08,113.46
6.41,1.71,83.37
2.26,3.30,65.31
3.48,3.30,56.15
4.76,3.72,47.73
8.73,4.82,22.95
8.85,3.23,19.84
8.18,2.62,10.13
7.81,1.89,3.72
6.71,0.12,4.64
6.23,-0.12,3.23
5.98,0.00,1.53
6.10,0.37,-0.49















-,-,-
-0.67,-0.67,-0.37
0.79,0.24,-0.31
2.01,0.67,0.06
2.69,0.61,0.67
3.11,-0.06,1.28
4.33,-0.18,2.32
5.80,0.67,3.97
7.51,2.20,5.62
9.22,3.48,6.53
9.46,4.03,6.53
8.61,3.91,5.43
6.77,2.50,3.36
4.76,-0.12,0.98
3.23,-2.50,-1.22
2.20,-4.52,-2.69
1.59,-5.80,-3.30
0.37,-6.53,-3.48
-0.24,-6.29,-3.23
0.06,-4.88,-2.69
1.40,-2.75,-2.08
2.75,-0.55,-1.22
3.17,1.28,-0.67
2.14,2.38,-0.67
0.00,2.62,-1.04
-1.83,2.56,-1.34
-2.14,2.93,-0.61
-0.67,3.48,0.55
1.22,4.09,1.53
2.93,4.21,2.32
3.11,3.66,3.05
1.22,2.26,7.02
1.40,0.79,23.25
2.69,5.98,46.81
7.93,7.75,60.36
13.31,7.20,65.80
13.43,13.73,74.04
14.65,21.91,79.59
16.17,23.32,83.44
12.39,21.00,70.19
6.10,22.83,49.80
-1.65,20.75,40.34
-7.93,19.35,42.54
-12.21,14.53,26.67
-11.17,14.71,18.13
-14.40,13.24,16.42
-16.54,10.86,5.19
-22.52,5.80,-7.20
-30.70,4.03,-17.64
-41.26,13.24,-25.21
-46.88,28.44,-38.09
-47.30,44.43,-51.70
-44.43,50.96,-55.42
-39.73,45.35,-46.39
-34.91,29.60,-27.83
-31.07,7.26,-4.03
-30.03,-14.47,20.45
-29.79,-33.75,36.99
-25.02,-37.41,18.25
-22.22,-24.54,2.93
-2.38,-3.97,7.93
19.29,-2.14,12.02
39.37,17.15,13.31
61.65,17.70,18.55
81.73,-6.65,23.93
97.41,-18.25,18.74
113.28,-35.64,14.71
128.11,-48.89,6.41
137.33,-55.91,1.89
137.27,-55.48,0.98
126.83,-46.94,-4.27
112.79,-42.79,-4.52
87.16,-29.48,-0.67
55.18,-18.74,-2.38
25.57,-7.81,-2.38
2.81,0.37,-5.25
-13.55,3.72,-4.76
-24.66,-6.29,-4.88
-30.33,-12.63,-6.47
-32.71,-7.87,-7.57
-30.15,6.16,-10.01
-28.50,20.14,-16.30
-31.86,27.83,-34.91
-35.22,30.15,-58.53
-39.37,30.70,-81.60
-40.65,33.57,-103.52
-39.55,32.96,-119.08
-33.87,27.53,-124.51
-24.54,16.72,-115.91
-16.24,3.11,-93.81
-10.93,-9.64,-65.31
-5.37,-21.61,-37.78
-1.34,-32.71,-14.28
1.40,-43.82,4.46
3.11,-52.19,20.69
3.72,-47.24,21.97
-1.65,-23.01,8.97
4.03,-15.01,13.98
-1.16,-14.16,12.08
-0.67,-5.68,17.52
5.07,6.96,54.57
19.90,18.86,97.05
37.60,31.25,123.90
48.95,41.44,152.47
53.65,46.39,172.91
54.87,48.28,179.32
51.51,46.94,174.01
43.70,40.41,161.38
33.08,36.50,140.08
22.28,31.25,110.17
13.06,22.95,82.95
4.70,10.93,58.96
-0.49,5.92,33.14
-5.49,4.88,21.00
-7.87,5.13,0.55
-7.69,3.91,-4.33
-9.64,4.39,-12.63
-12.76,8.36,-39.31
-15.38,9.16,-78.00
-17.09,8.12,-109.74
-18.25,6.71,-119.75
-18.86,0.06,-107.06
-19.53,-9.28,-81.12
-18.80,-23.32,-52.00
-15.14,-40.34,-24.35
-10.62,-50.66,-1.04
-4.15,-36.74,7.45
7.57,-24.17,10.68
33.75,-17.03,5.07
55.05,-17.70,-5.07
69.15,-7.45,-9.16
74.34,-8.06,-1.28
79.77,-19.53,-5.25
67.93,-21.85,-13.55
44.43,-27.65,-20.87
19.17,-19.41,-18.01
5.25,-13.55,-19.53
-6.35,-7.45,-18.86
-16.85,-7.63,-20.08
-26.79,-6.10,-28.14
-32.71,-2.81,-43.70
-32.04,3.36,-66.41
-28.44,16.97,-86.91
-18.92,29.54,-103.52
-8.73,30.15,-114.44
-2.08,19.17,-114.87
0.61,2.38,-99.49
-5.49,-11.35,-66.96
-5.98,-19.71,-25.09
-2.44,-30.58,11.29
0.85,-46.81,34.30
-2.38,-59.45,42.30
-12.70,-48.77,17.70
-13.12,-41.93,2.56
-4.33,-39.98,-0.49
2.38,-25.63,0.67
8.67,-2.81,21.79
26.06,12.88,64.27
53.71,26.43,120.91
78.00,41.81,172.73
92.77,50.23,195.13
96.13,58.65,213.38
90.03,63.54,217.47
79.35,57.19,200.74
62.07,43.40,180.91
47.06,27.34,152.59
33.87,11.96,115.11
22.58,3.36,89.11
12.21,-2.69,71.23
7.20,-6.47,56.09
3.91,-4.52,30.94
3.97,-4.94,20.75
7.08,-2.93,16.66
9.03,1.77,8.30
8.73,4.09,4.64
7.02,4.03,3.91
4.39,3.30,0.49
2.08,2.08,-2.08
1.04,2.20,-3.17
-0.85,2.87,-4.39
-2.99,3.97,-5.98















-,-,-
0.79,-2.93,1.22
0.31,-3.17,1.40
-0.31,-3.78,2.38
-1.22,-4.27,4.03
-2.14,-4.64,5.07
-2.56,-4.88,5.55
-2.99,-5.49,5.92
-3.42,-6.29,6.29
-3.42,-6.90,5.74
-3.05,-6.77,4.76
-2.87,-5.62,4.09
-1.95,-4.09,3.91
-0.61,-3.11,2.81
0.49,-1.77,1.53
1.40,-0.67,0.79
2.32,0.37,0.73
3.05,1.04,1.22
3.23,1.04,1.65
2.38,0.67,1.77
0.79,1.10,1.10
0.00,1.83,0.06
-0.18,1.83,-0.67
0.00,1.40,-0.92
0.24,0.79,-0.49
0.79,0.61,-0.43
1.46,0.92,-0.31
1.89,0.31,0.00
2.32,-0.67,0.37
2.08,-1.89,1.22
1.34,-3.85,2.75
0.49,-7.26,4.03
-1.71,-12.27,5.98
-4.58,-18.13,9.28
-7.14,-22.83,11.05
-7.75,-23.86,7.51
-4.58,-20.87,4.46
0.67,-13.92,3.91
7.63,-8.73,7.87
11.11,-3.05,10.80
13.61,1.95,10.74
12.45,3.97,11.66
11.05,3.17,16.91
9.34,8.48,33.20
6.47,16.78,57.62
1.95,18.49,66.71
1.53,15.87,62.32
-2.38,16.85,60.61
-4.82,16.17,54.69
-4.58,15.08,44.37
-5.62,15.56,36.07
-5.86,15.50,24.29
-4.70,11.47,12.15
-3.30,7.32,-1.46
-3.66,4.64,-8.12
-6.35,2.01,-12.82
-9.77,-0.79,-23.32
-14.34,-3.78,-37.60
-21.97,-3.60,-50.23
-27.95,3.11,-58.96
-29.42,14.89,-59.45
-27.34,22.64,-50.72
-21.36,21.42,-35.58
-16.24,11.35,-17.46
-15.44,-0.61,0.85
-16.97,-10.74,18.01
-17.82,-20.94,33.57
-15.44,-31.07,43.88
-9.52,-31.43,36.93
2.38,-20.02,13.92
19.90,-14.59,11.29
33.81,-10.31,23.07
51.51,-9.34,27.40
66.59,-7.02,26.86
82.21,-13.55,29.36
89.78,-13.00,30.03
83.07,-10.07,26.12
60.18,-1.40,18.31
45.35,-0.79,17.15
34.00,2.93,15.93
26.06,5.31,8.73
19.35,-1.83,6.65
8.91,-4.94,6.23
-0.61,-4.21,-2.44
-5.80,-4.46,-5.07
-7.39,-3.85,-5.00
-6.90,1.34,-6.16
-5.31,8.67,-12.57
-1.71,9.09,-26.25
1.22,8.24,-41.99
3.60,10.38,-53.47
6.59,11.60,-60.91
10.38,9.28,-58.47
11.54,3.36,-44.01
9.52,-4.39,-23.25
6.10,-13.55,-3.36
3.48,-26.31,14.40
-0.24,-36.87,26.86
-8.00,-25.09,18.19
-6.71,-20.75,9.16
-8.61,-20.69,14.40
-8.48,-7.75,36.38
-2.01,8.00,55.60
4.09,24.72,75.01
10.62,38.39,85.94
14.22,47.24,86.24
13.55,48.16,78.12
9.83,44.25,58.47
6.41,34.55,34.61
1.77,25.57,21.79
-4.52,20.75,5.98
-7.14,9.52,-15.14
-10.38,2.87,-30.15
-10.99,-2.38,-47.61
-9.70,-1.40,-62.99
-6.16,2.01,-69.40
-0.61,0.37,-71.23
0.61,-6.47,-62.74
-1.28,-15.14,-37.29
-3.66,-23.80,-5.37
-3.97,-32.71,20.94
-4.94,-39.49,34.24
-4.03,-31.92,20.69
11.72,-26.00,7.63
27.53,-27.47,17.58
38.88,-16.24,17.82
49.38,-13.12,17.15
43.52,-10.68,18.01
31.25,-7.93,12.51
22.52,-2.62,7.14
18.98,0.67,1.77
16.42,0.12,-1.77
11.29,3.60,-4.70
5.86,7.20,-10.07
0.24,11.17,-17.70
-3.54,14.95,-23.86
-4.03,17.03,-33.75
-2.44,16.72,-42.72
-1.34,13.00,-44.01
-0.98,6.47,-38.21
-0.43,-1.34,-28.38
-0.18,-9.22,-16.05
-1.65,-17.15,-4.94
-2.99,-25.94,3.54
-3.85,-34.12,10.99
-7.08,-29.60,7.32
-5.80,-22.28,1.22
-4.09,-23.07,4.58
-4.76,-15.69,7.87
-0.55,-2.69,17.40
5.74,15.01,44.92
15.75,29.54,74.40
26.55,40.28,90.45
31.07,48.16,106.20
29.54,51.39,109.50
27.16,50.78,103.39
22.71,40.34,95.34
16.42,35.10,74.34
12.51,29.66,56.52
9.95,18.80,52.00
7.08,12.76,37.48
3.91,6.71,16.05
3.36,-1.65,0.31
3.05,-1.40,-1.28
3.36,0.43,-1.46
3.23,2.56,-2.08
0.92,3.91,-4.52
-1.95,5.80,-7.93
-4.64,6.96,-11.72
-5.25,8.18,-15.81
-5.68,8.36,-21.67
-4.82,10.50,-24.48
-3.78,14.04,-22.58
-1.16,20.57,-23.19
1.95,29.36,-28.75
6.04,38.27,-36.56
11.05,45.29,-42.91
14.59,51.39,-47.36
16.97,56.46,-50.96
20.63,57.13,-53.59
26.00,51.82,-54.20















 
-,-,-
2.08,-0.12,1.83
2.14,0.49,1.28
1.83,1.10,0.43
1.53,1.77,-0.24
1.71,2.01,-0.18
2.01,1.46,0.49
2.26,1.04,0.73
1.77,0.61,0.67
0.85,0.31,-0.24
0.24,0.24,-1.77
-0.18,0.85,-3.17
-0.61,1.77,-3.97
-0.67,3.05,-4.76
0.49,4.39,-5.13
0.49,4.46,-4.39
0.73,3.05,-3.54
1.16,2.20,-2.75
0.67,1.46,-1.16
-0.24,0.85,-0.31
-1.16,0.73,-0.61
-1.10,1.40,-1.77
-0.18,1.53,-2.20
0.67,0.73,-1.28
0.98,-0.31,0.61
0.92,-1.10,1.71
1.04,-1.83,1.89
1.40,-1.89,1.16
0.85,-1.10,0.12
0.43,0.73,-0.98
0.73,1.89,-2.01
1.10,2.87,-2.93
1.65,2.93,-3.30
1.83,2.38,-2.56
1.89,1.53,-1.34
1.40,0.73,-0.67
1.10,0.06,-0.98
1.28,-0.37,-1.83
1.77,-0.73,-2.26
1.46,-1.53,-2.08
0.55,-2.93,-1.04
-0.18,-6.23,2.08
-0.18,-11.78,7.26
-2.01,-18.62,11.41
-5.07,-21.24,9.46
-4.58,-18.25,3.60
-0.67,-11.72,1.46
2.62,-5.49,11.23
4.46,1.53,20.75
8.00,12.82,39.00
8.54,25.33,61.34
10.01,35.28,72.27
11.29,38.51,80.93
4.94,41.38,80.99
-0.61,42.24,66.71
-1.34,34.91,51.45
-9.03,26.92,34.61
-15.38,14.28,11.05
-18.37,3.17,-8.61
-19.96,-3.11,-25.76
-19.96,-3.91,-38.94
-21.24,0.79,-51.88
-22.03,11.66,-62.50
-25.63,21.42,-70.68
-27.53,24.60,-77.33
-26.61,21.00,-74.40
-21.97,12.76,-54.14
-16.54,2.62,-22.52
-12.21,-8.73,9.70
-11.66,-23.62,37.54
-10.74,-38.45,56.82
-6.90,-50.78,72.57
-7.81,-45.72,64.03
0.43,-25.82,18.92
23.99,-21.91,22.77
31.62,-16.85,44.92
52.80,-8.97,42.48
71.47,-4.09,36.68
82.95,-4.15,44.74
89.72,-5.98,42.91
86.73,-11.35,30.21
69.03,-6.41,18.80
42.54,-4.58,7.75
28.14,-8.24,1.22
17.58,-5.55,-5.62
11.66,-7.45,-11.60
3.91,-4.64,-10.25
-5.62,4.39,-10.93
-9.46,9.09,-14.59
-10.93,6.71,-20.69
-12.21,4.27,-32.10
-11.17,5.13,-43.03
-6.29,6.35,-49.62
0.31,4.15,-50.42
4.58,-0.67,-46.39
4.64,-6.65,-40.71
2.01,-14.16,-32.53
-0.55,-22.09,-18.43
-1.40,-31.01,-2.14
-1.71,-37.05,10.74
-0.73,-24.90,5.19
8.12,-18.01,4.46
5.31,-18.31,12.57
-0.61,-16.42,12.02
-1.83,-11.72,14.16
-0.18,-0.37,31.68
4.94,20.51,62.74
11.29,39.37,86.91
20.39,45.41,91.67
26.49,46.69,90.58
22.16,46.26,84.11
18.55,45.35,73.12
16.36,39.49,64.33
10.62,37.11,44.43
6.59,31.07,28.44
1.22,19.47,9.58
-1.59,11.90,-0.61
-3.11,6.84,-6.29
-2.69,4.27,-13.98
-4.39,2.50,-30.09
-5.25,-3.54,-52.86
-7.87,-9.22,-77.88
-9.64,-8.97,-97.41
-7.69,-6.29,-94.06
-4.03,-5.13,-61.95
-2.26,-6.77,-22.71
-1.28,-12.27,4.52
-4.58,-23.07,20.26
-10.01,-36.62,27.16
-12.45,-33.81,13.37
3.30,-27.65,3.60
16.60,-25.57,11.90
30.15,-17.15,14.77
43.82,-10.01,18.01
50.66,-8.12,18.07
46.08,-5.19,15.26
33.57,-2.81,10.50
20.39,-1.65,5.98
13.67,-1.71,1.53
10.74,0.49,0.00
7.87,4.88,-1.77
4.09,10.86,-4.33
0.49,13.00,-9.83
-1.22,9.77,-19.90
-2.93,3.17,-32.53
-6.29,-1.16,-45.53
-7.51,-3.72,-52.92
-6.29,-7.14,-53.83
-3.60,-13.00,-47.49
-2.38,-20.08,-36.56
-2.99,-25.09,-23.68
-2.62,-29.54,-8.24
-2.99,-26.25,1.65
0.73,-15.08,4.46
2.56,-12.57,11.60
-2.75,-11.96,14.89
-2.99,-9.64,15.75
-0.61,-1.95,32.78
8.48,13.98,65.92
17.27,36.13,97.84
29.85,51.03,118.04
39.31,60.49,127.14
40.71,65.12,136.23
32.35,65.61,122.74
25.15,56.70,100.40
17.76,39.79,71.41
14.59,29.54,49.01
7.63,22.95,37.05
2.81,18.62,19.84
0.92,13.06,9.46
-0.98,8.97,5.25
-3.30,4.94,-9.58
-5.31,5.00,-15.81
-10.44,8.18,-25.70
-12.33,7.02,-46.57
-13.24,6.10,-55.73
-11.66,15.32,-54.50
-4.82,32.65,-51.88
3.66,50.54,-52.43
10.31,64.94,-55.79
13.79,74.46,-59.27















 
-,-,-
1.71,1.40,0.67
1.77,1.46,0.85
1.46,1.22,1.16
1.28,1.10,1.77
1.10,0.79,1.89
1.28,0.31,1.46
1.53,-0.06,0.92
1.59,0.12,0.79
1.65,0.49,0.85
1.65,0.92,0.37
1.59,1.22,-0.06
1.28,1.71,-0.24
0.98,2.50,-0.06
1.10,2.87,0.00
1.46,2.56,0.18
1.53,1.46,0.61
1.71,0.85,0.55
1.28,0.85,0.31
1.34,1.34,0.43
1.53,1.77,1.16
1.40,2.38,2.14
0.85,2.26,2.38
0.55,2.20,1.46
0.61,2.01,0.49
0.79,2.26,0.31
1.53,2.08,0.92
2.01,1.77,1.65
2.14,1.77,2.38
1.59,1.59,2.99
0.55,1.04,3.85
-1.22,0.18,4.70
-4.39,-2.20,5.25
-4.58,-6.53,7.14
-3.11,-9.58,10.44
-2.08,-6.41,8.61
1.10,-2.32,4.58
3.30,-2.75,5.62
3.42,-0.92,10.62
4.15,1.53,15.69
5.25,3.36,26.18
4.09,12.15,47.61
4.64,23.74,63.96
4.03,31.19,63.35
1.22,31.25,54.87
-5.19,23.32,42.72
-10.01,17.15,29.36
-11.47,13.92,19.53
-11.11,9.22,7.93
-9.83,2.87,-3.30
-10.99,-1.83,-14.53
-15.20,-3.17,-20.26
-20.94,-2.14,-25.15
-24.35,0.73,-34.12
-26.12,4.64,-42.72
-24.84,6.71,-46.14
-19.41,5.55,-38.64
-12.33,0.79,-21.73
-6.84,-8.12,-2.44
-2.75,-21.06,14.40
-0.49,-33.69,27.71
-2.14,-28.20,23.68
4.33,-12.27,8.18
14.59,-9.52,11.60
19.41,-4.76,18.74
31.56,2.26,19.10
44.92,6.23,21.91
59.94,6.65,26.43
74.28,1.04,33.94
80.20,-1.95,29.60
81.54,-8.91,24.29
71.90,-8.73,16.30
57.68,-6.59,7.87
44.68,-1.89,5.43
38.64,-3.91,3.97
32.23,-2.56,3.30
26.06,-3.97,2.08
15.50,-2.69,0.18
3.91,2.69,-2.81
-4.33,2.93,-3.78
-10.99,-0.12,-5.37
-16.17,-0.43,-10.86
-18.37,1.59,-13.92
-18.13,2.69,-17.94
-16.97,4.33,-27.65
-15.14,3.72,-38.39
-11.90,0.12,-47.85
-7.14,-4.46,-56.88
-1.65,-9.89,-64.09
3.11,-15.99,-65.00
5.43,-20.75,-54.08
5.25,-22.40,-31.13
6.41,-24.72,-3.30
9.09,-31.80,23.50
5.68,-31.56,31.43
1.77,-13.79,12.39
4.82,-14.95,8.12
-6.29,-15.08,21.30
-7.39,-3.23,32.53
0.06,10.93,51.94
5.43,22.89,78.06
11.60,31.80,86.00
14.53,40.10,90.03
14.89,49.74,88.56
13.37,48.65,75.13
13.79,41.38,57.98
10.80,36.99,47.42
7.02,37.84,37.78
4.58,31.25,18.62
3.85,21.24,-0.55
0.37,12.15,-10.38
-3.05,4.39,-18.19
-5.19,-4.94,-34.06
-9.28,-10.19,-52.92
-15.50,-9.16,-68.85
-15.14,-7.45,-78.49
-10.31,-8.79,-77.15
-6.41,-11.54,-62.01
-3.05,-13.43,-34.36
1.16,-15.63,-3.30
4.39,-21.12,20.57
4.64,-31.07,32.53
3.60,-24.60,19.29
14.95,-14.04,2.93
29.85,-15.81,10.86
42.30,-16.85,15.81
55.05,-7.32,17.88
62.32,-4.21,25.33
57.56,-7.20,17.40
43.64,-6.23,8.48
27.95,-5.74,4.21
15.69,-4.15,1.34
8.61,0.92,1.46
5.49,1.71,1.22
-0.06,6.35,0.73
-5.07,7.20,-3.17
-7.51,4.33,-5.80
-9.40,2.99,-7.02
-10.74,5.80,-10.86
-10.01,10.13,-14.59
-7.63,10.13,-20.20
-4.09,5.00,-31.86
-1.34,0.79,-42.42
-0.43,-1.59,-49.74
1.77,-3.54,-52.37
3.85,-6.29,-45.04
3.85,-9.52,-29.11
4.15,-13.00,-10.13
4.76,-17.27,6.77
3.78,-18.98,15.44
2.38,-9.83,8.36
4.27,-10.86,8.06
-2.93,-15.01,11.60
-4.21,-14.83,12.45
-1.22,-9.16,25.15
4.33,0.67,50.66
11.47,18.31,73.67
21.91,32.84,100.46
28.69,43.76,116.27
33.08,44.56,118.53
31.25,41.87,112.98
26.25,37.23,100.34
22.46,36.38,93.20
17.15,32.35,82.09
14.71,24.96,62.56
11.41,21.61,54.08
6.65,14.04,38.27
4.15,9.16,31.13
-0.79,3.60,14.47
-1.46,-0.92,-0.06
-1.10,-1.53,-3.91
-1.22,-0.18,-3.85
-1.40,2.93,-4.27
-1.59,7.39,-5.55
-2.50,11.11,-9.34
-3.60,14.34,-12.51
-4.58,17.21,-11.47
-5.92,18.13,-13.55
-7.87,18.43,-22.83
-9.77,17.88,-32.23
-10.74,16.30,-35.40















 
-,-,-
2.38,1.22,1.46
2.69,0.67,1.59
2.87,0.43,1.71
2.93,0.00,1.83
2.75,-0.61,1.83
2.01,-1.04,1.65
1.22,-1.34,1.46
1.04,-1.34,0.92
0.98,-1.04,0.67
1.10,-0.67,1.04
1.53,-0.24,1.16
1.83,0.12,1.46
1.89,0.31,1.71
2.20,0.31,1.83
2.08,0.06,1.65
2.08,-0.43,1.59
1.83,-0.98,1.34
1.59,-1.59,1.16
1.34,-2.26,0.98
0.85,-2.87,0.61
0.12,-3.30,0.55
-0.06,-3.48,0.31
0.31,-2.99,0.43
0.37,-2.01,0.73
0.31,-1.22,1.10
0.18,-0.55,0.98
-0.06,0.61,3.05
0.49,6.41,16.42
3.23,15.44,33.39
5.74,22.64,42.54
9.58,21.12,46.51
9.22,21.12,46.20
7.69,21.12,39.06
5.68,22.09,35.83
2.01,24.17,31.62
2.08,22.09,25.39
0.92,23.38,20.81
0.55,22.64,17.94
-2.32,11.84,4.15
-4.64,2.38,-8.06
-8.85,-2.20,-10.07
-10.62,-3.48,-11.05
-9.89,-2.69,-17.09
-11.05,-0.98,-24.17
-14.71,1.71,-27.47
-18.62,-0.55,-28.69
-22.83,-2.26,-28.81
-25.33,-1.95,-22.52
-26.18,-0.92,-11.05
-24.11,-0.73,-1.77
-20.51,-2.14,-1.59
-15.08,-4.76,-1.77
-9.89,-9.16,3.66
-2.08,-10.86,4.94
10.25,-8.48,5.62
23.86,-5.74,10.50
36.87,-0.06,14.34
53.34,-2.08,17.88
64.94,-4.70,20.32
76.29,-13.43,28.02
82.70,-17.94,29.05
79.96,-16.24,22.89
65.80,-5.19,22.03
47.61,-0.31,16.60
34.61,-0.67,14.71
24.41,0.73,10.50
17.58,1.40,4.21
11.54,4.58,4.21
5.86,4.88,6.65
-1.10,8.06,-0.79
-4.70,6.96,-6.10
-7.63,6.84,-7.20
-9.89,9.64,-11.41
-10.01,6.71,-22.64
-10.38,1.40,-40.65
-9.95,-2.99,-57.37
-5.31,-6.35,-70.31
0.85,-10.01,-77.27
5.49,-13.00,-75.74
5.25,-15.44,-62.19
4.09,-18.86,-39.79
5.55,-26.37,-15.93
9.40,-36.38,4.33
9.83,-42.97,18.62
-1.83,-23.44,11.66
-2.75,-7.57,5.55
-5.31,-11.72,7.63
-10.38,-13.73,10.07
-9.28,-9.70,6.90
-10.38,-2.50,12.21
-9.89,10.56,35.52
-7.45,29.24,62.62
3.23,47.61,95.52
13.55,63.60,116.21
24.05,67.44,115.97
25.15,68.42,113.34
17.94,65.12,99.24
16.54,52.37,73.49
20.32,42.85,54.63
11.17,34.85,31.25
7.32,27.77,19.96
0.49,17.94,8.91
-4.82,7.63,-4.21
-8.24,-0.06,-14.65
-11.35,-4.64,-24.66
-13.24,-11.72,-37.35
-13.79,-18.31,-49.62
-11.72,-21.85,-56.40
-7.57,-22.83,-55.97
-5.37,-21.79,-45.53
-3.85,-18.98,-27.71
-0.43,-15.81,-12.15
4.94,-10.38,-3.36
10.99,-4.52,2.01
19.90,-6.10,7.08
30.52,-11.90,9.46
40.22,-11.11,11.47
51.33,-10.13,17.70
56.27,-4.58,15.69
50.11,-3.91,14.65
33.51,-5.19,7.87
15.81,-5.92,-0.73
8.30,-5.74,-3.48
5.25,-2.62,-1.46
1.40,1.83,-3.23
-1.77,6.90,-8.48
-3.72,7.45,-9.58
-5.25,9.03,-10.44
-4.82,13.98,-12.45
-3.36,14.47,-18.37
-1.10,8.36,-31.07
0.85,0.55,-40.95
1.22,-5.25,-44.49
2.69,-10.56,-40.59
6.04,-15.14,-29.97
7.63,-19.53,-15.01
10.38,-26.43,0.00
6.47,-19.78,4.70
4.88,-12.02,2.75
0.98,-16.72,5.00
-2.56,-17.70,7.75
-2.20,-14.95,8.24
-0.18,-11.66,10.13
0.49,-3.54,23.25
-0.49,11.23,46.94
5.00,34.91,80.32
15.56,54.93,107.60
25.82,59.81,117.68
27.28,55.54,107.67
24.66,49.62,97.05
19.17,40.77,83.92
10.86,31.07,63.29
7.14,24.48,43.03
8.73,21.85,39.73
5.62,18.37,39.79
2.26,13.12,27.40
2.62,2.99,3.23
2.93,-0.06,-1.40
1.53,0.37,-1.16
2.87,1.77,-2.01
3.42,3.78,-2.69
3.30,6.59,-3.97
2.44,9.46,-3.97
1.34,10.86,-4.52
0.55,11.96,-5.31
-0.61,13.18,-7.26
-1.77,14.28,-10.19
-2.38,12.02,-16.54
-2.81,9.95,-23.38
-3.30,9.95,-25.63
-2.99,13.18,-24.66
-1.40,21.91,-25.88
1.34,31.56,-29.79
4.58,38.21,-33.51
8.97,39.25,-33.14
12.33,37.23,-28.87
14.53,33.08,-23.68
15.32,27.83,-19.78
15.38,21.48,-16.85
14.59,8.97,-13.00















 
-,-,-
1.16,0.12,0.85
1.28,-0.85,1.22
0.98,-1.65,1.46
0.49,-2.14,1.71
0.18,-2.08,1.53
0.24,-1.65,1.40
0.12,-1.65,1.46
0.06,-1.83,1.16
0.43,-1.40,0.79
0.79,-0.55,0.92
1.16,0.31,1.04
1.40,1.04,1.40
1.83,1.34,1.77
2.26,1.65,1.89
2.75,1.71,1.95
2.62,1.34,1.89
2.50,1.10,1.40
2.44,0.49,1.04
2.26,0.61,0.67
2.08,0.79,0.67
2.14,1.04,1.16
1.83,0.79,2.08
1.59,0.55,2.62
1.53,0.06,2.69
1.28,-0.12,1.83
1.40,-0.24,1.16
1.59,-0.24,0.92
1.71,-0.43,0.73
2.01,-0.67,0.18
2.38,-0.73,-0.67
2.81,-0.79,-0.61
2.56,-1.34,0.12
2.75,-2.99,2.01
2.38,-6.77,4.76
1.40,-11.05,7.69
0.31,-15.81,10.68
-1.04,-17.70,10.74
-0.73,-11.60,3.78
3.11,-9.22,-1.04
5.43,-10.99,3.11
5.98,-7.51,9.77
7.81,-1.59,14.22
11.29,3.48,29.11
12.82,13.49,53.59
13.79,25.39,68.66
19.17,32.96,76.72
19.10,32.04,74.58
16.48,26.79,58.11
16.97,21.73,39.06
17.09,17.33,25.21
7.69,12.88,19.04
0.73,4.82,2.38
-0.79,0.31,-8.06
-5.07,-1.71,-11.90
-10.56,-4.76,-17.21
-14.22,-8.18,-25.76
-17.94,-11.47,-34.24
-23.93,-11.54,-41.93
-26.49,-8.00,-46.39
-26.43,-2.62,-44.74
-24.29,2.20,-37.54
-21.00,5.00,-26.61
-18.92,5.31,-14.04
-17.21,3.42,-2.14
-16.11,-1.53,11.29
-15.26,-9.46,24.84
-14.28,-12.94,22.03
-7.69,-9.83,5.13
3.66,-8.85,3.85
6.84,-5.98,11.05
18.55,4.33,13.12
32.47,10.01,17.94
48.77,6.16,25.88
62.38,-1.40,29.79
73.97,-5.80,30.27
83.37,-13.31,31.98
81.60,-7.39,23.19
75.93,-6.59,11.54
63.11,-8.00,7.57
46.88,-6.84,5.92
32.29,-6.16,1.95
19.65,-3.91,2.44
9.46,0.55,1.04
0.73,5.62,-5.13
-5.00,5.07,-6.16
-9.83,-0.67,-6.59
-13.31,-3.23,-8.67
-15.50,-0.85,-14.16
-15.87,1.77,-23.86
-15.69,1.40,-39.98
-14.34,-1.16,-53.28
-12.45,-3.85,-63.54
-8.61,-6.23,-72.63
-3.30,-8.18,-75.93
-1.34,-12.45,-67.57
2.20,-18.01,-47.67
5.55,-22.77,-22.03
9.34,-29.11,2.01
11.60,-35.16,19.96
6.53,-16.05,15.93
7.51,-5.00,11.17
-0.06,-10.07,12.45
-8.85,-12.82,16.78
-7.75,-4.82,27.71
-3.36,5.74,55.60
0.49,25.21,87.59
8.24,42.18,96.92
15.75,46.45,95.21
16.30,50.72,82.15
16.85,46.45,69.46
13.79,38.70,48.58
11.29,34.73,27.47
6.77,32.96,20.69
1.28,27.65,7.75
0.55,18.43,-7.93
-1.10,12.21,-18.92
-4.03,2.14,-30.21
-7.75,-4.88,-47.30
-11.54,-8.48,-63.05
-9.64,-11.84,-71.11
-4.39,-16.60,-67.75
-4.52,-19.53,-53.10
-2.75,-21.12,-31.07
0.31,-23.13,-4.27
5.07,-28.50,21.18
7.39,-19.53,24.54
17.09,-5.37,13.49
29.72,-5.07,16.97
33.94,-5.31,21.91
40.65,-1.10,24.17
43.40,3.48,27.59
41.02,-0.24,24.78
31.25,2.20,13.61
19.41,6.53,6.29
11.78,-0.43,0.31
5.00,-0.31,-4.27
-1.46,5.13,-6.23
-5.31,4.21,-9.22
-6.90,5.43,-12.02
-7.87,6.90,-14.53
-6.65,6.04,-17.76
-4.70,4.70,-27.22
-2.20,3.42,-39.61
0.18,-0.92,-48.95
0.92,-7.02,-51.51
0.98,-12.76,-45.59
1.16,-16.91,-32.71
1.10,-19.78,-14.47
2.50,-25.45,4.33
4.88,-25.33,15.08
4.76,-9.70,11.72
7.87,-8.61,11.41
1.53,-11.17,14.16
-1.95,-9.46,13.00
-2.69,-7.26,16.91
-2.44,1.40,37.60
1.22,17.52,65.92
10.01,34.73,100.46
18.43,47.18,117.61
23.56,50.66,113.59
22.16,48.34,99.49
19.96,39.67,79.71
17.76,33.94,67.69
14.77,30.40,51.27
12.33,21.36,39.73
9.52,13.49,23.01
8.06,10.19,22.89
4.52,7.75,19.96
2.44,4.33,1.59
2.01,2.08,-5.43
1.34,2.14,-4.58
1.28,3.05,-4.88
1.89,5.43,-4.33
1.65,7.75,-4.03
1.77,10.13,-3.85
1.46,12.08,-3.85
1.10,14.10,-4.58
0.49,16.97,-6.71
-0.37,16.66,-11.54
-2.01,15.81,-19.47















 
-,-,-
1.16,1.04,-1.53
1.59,0.98,-1.59
2.26,0.67,-1.59
2.44,0.61,-1.10
2.38,0.85,-0.79
2.14,0.85,-0.85
1.83,0.73,-0.85
1.77,0.61,-0.85
1.65,0.37,-0.49
1.53,-0.37,0.49
1.10,-0.67,1.28
0.85,-0.55,1.71
0.55,-0.85,1.83
0.24,-1.22,1.65
0.43,-1.46,1.16
0.55,-1.71,0.67
0.67,-2.20,0.37
0.79,-2.32,0.24
1.34,-2.14,0.43
1.40,-2.56,1.04
1.10,-3.60,1.77
0.31,-4.52,2.62
-0.06,-5.37,3.36
-0.49,-5.92,4.03
-0.31,-6.53,4.64
0.31,-6.53,3.54
1.53,-4.58,0.00
3.91,-4.33,-0.98
5.37,-5.74,0.31
6.47,-7.93,0.18
6.10,-5.92,2.75
4.03,-3.42,4.70
2.62,-4.03,5.43
0.92,-4.70,9.16
0.49,-4.33,23.13
0.31,4.33,48.03
4.70,19.23,63.96
10.25,26.92,68.91
12.21,30.09,68.54
9.58,29.24,48.28
8.36,22.46,27.22
3.30,16.11,18.07
-2.08,15.81,18.49
-6.10,16.85,13.79
-8.30,13.67,2.38
-10.93,10.19,-3.36
-17.58,6.41,-9.70
-20.45,7.87,-18.25
-20.51,6.90,-19.41
-20.39,2.93,-20.94
-19.47,-2.38,-22.52
-19.47,-5.49,-21.42
-19.41,-7.08,-17.46
-17.52,-6.59,-11.23
-11.17,-7.81,-4.58
-2.01,-9.28,1.65
6.90,-6.84,6.29
15.38,-1.28,8.73
25.88,0.92,13.43
37.41,5.13,16.78
52.31,6.41,21.91
66.16,2.38,24.72
77.21,-3.66,21.73
80.63,-8.00,17.64
70.98,-5.98,18.31
55.36,-0.43,15.93
42.60,0.24,14.47
33.94,0.85,9.89
27.28,-0.98,3.11
18.55,-5.07,6.96
6.59,-1.22,1.10
-0.49,-0.31,-5.07
-5.25,-0.06,-6.96
-8.67,-1.34,-8.00
-11.17,-0.85,-10.93
-12.15,0.18,-15.99
-13.79,-1.89,-26.43
-14.83,-5.19,-40.04
-15.81,-7.93,-50.72
-15.38,-10.93,-59.14
-12.82,-15.20,-64.45
-10.50,-20.32,-61.65
-8.30,-23.68,-48.58
-4.70,-25.57,-28.32
0.67,-28.56,-6.10
4.52,-19.04,5.19
5.37,-1.95,6.96
8.18,-2.50,11.05
0.24,-5.86,14.77
-1.53,-5.25,15.99
-1.53,-3.54,23.99
0.61,7.87,49.50
6.71,25.09,78.31
14.83,36.68,95.70
19.90,41.69,98.33
18.62,39.61,81.67
15.20,38.94,64.09
11.54,36.01,40.41
10.68,31.07,31.43
7.14,25.82,20.14
6.77,21.24,13.85
8.85,15.81,1.65
4.76,11.60,-10.80
0.37,7.87,-22.22
-3.11,0.06,-36.68
-7.63,-3.97,-54.99
-10.13,-3.97,-69.27
-10.31,-3.91,-75.68
-11.05,-7.26,-68.18
-10.80,-11.90,-46.75
-7.81,-17.46,-19.65
-2.44,-23.19,6.29
2.69,-32.04,29.05
3.11,-23.19,28.38
9.64,-8.97,10.86
25.15,-7.87,15.44
34.30,-6.41,22.89
52.55,-6.84,19.90
66.53,-4.76,20.63
69.64,-5.07,19.04
60.91,-1.71,20.32
44.74,1.71,14.22
29.48,0.98,4.27
19.53,-0.55,-0.55
14.16,-1.95,-2.01
9.22,-2.20,-2.81
5.00,-4.82,-4.70
-0.92,-1.16,-7.81
-5.92,2.14,-11.66
-8.67,4.58,-13.79
-11.72,8.54,-15.87
-14.40,10.93,-19.23
-16.54,12.51,-30.15
-17.03,13.43,-41.75
-15.50,11.23,-49.74
-10.68,4.76,-53.89
-6.47,-4.52,-52.80
-5.62,-13.49,-43.95
-4.58,-18.86,-27.22
-3.11,-20.94,-5.07
-1.16,-25.63,17.33
-0.37,-31.37,29.91
-1.95,-19.10,18.43
4.39,-12.88,5.55
1.10,-16.11,11.84
-0.18,-12.21,17.52
5.43,-3.78,26.55
10.62,8.30,47.97
15.32,19.90,72.63
22.09,31.80,96.37
27.28,42.66,108.15
30.09,49.44,111.33
28.81,44.07,107.42
23.74,34.24,90.58
17.15,25.82,67.75
12.27,20.45,63.78
3.48,14.10,60.97
1.95,10.80,45.17
0.92,5.92,28.44
0.00,2.44,18.55
-1.89,-1.46,3.60
0.55,-2.26,-5.43
1.34,0.73,-6.10
1.83,6.16,-7.32
1.95,12.15,-8.61
1.53,17.82,-12.02
1.28,20.14,-15.20
0.18,19.29,-17.82
-1.53,19.96,-21.30
-2.56,21.24,-22.28
-3.05,23.68,-21.12
-3.60,28.20,-20.02
-2.56,33.87,-23.68
0.00,38.09,-30.94
2.38,40.71,-37.41
5.07,42.85,-40.04
7.75,44.01,-38.88
10.68,43.70,-34.42
11.41,42.42,-27.16
10.44,40.83,-20.02















 
-,-,-
4.03,-3.48,4.39
4.09,-4.21,5.25
3.66,-4.64,5.74
2.93,-5.19,5.43
2.75,-5.55,4.64
2.20,-5.37,3.78
1.59,-4.76,3.54
1.04,-4.33,3.36
0.67,-4.33,2.99
0.85,-4.82,2.93
1.34,-5.43,3.23
1.83,-5.80,2.93
1.83,-4.03,0.92
2.20,-1.65,0.37
1.71,-0.79,1.65
1.53,0.18,1.71
2.08,1.53,1.16
2.01,1.65,0.98
2.01,1.53,1.22
2.08,1.46,1.59
2.08,1.22,1.59
2.14,0.12,1.89
2.50,-1.59,2.44
2.62,-3.11,2.08
3.30,-5.55,2.75
2.32,-6.96,4.58
0.92,-7.14,3.78
0.55,-6.71,6.16
0.49,-4.52,16.91
0.43,3.11,38.33
3.60,13.98,57.98
9.22,24.90,68.54
12.88,28.56,68.79
10.74,32.71,57.43
8.24,29.72,46.57
2.99,23.44,32.17
0.06,14.83,21.30
-2.75,10.68,11.05
-3.72,6.77,-2.14
-5.31,2.08,-10.13
-9.83,-2.20,-16.11
-15.63,-7.69,-27.10
-23.38,-11.66,-38.64
-32.23,-6.96,-49.26
-37.60,3.60,-57.01
-36.56,14.65,-56.09
-33.69,19.65,-45.47
-27.77,18.98,-30.46
-19.96,13.24,-15.01
-14.04,1.89,0.85
-10.74,-9.83,19.04
-7.32,-20.51,38.64
-1.10,-31.01,55.97
5.74,-29.60,50.66
13.49,-9.28,15.32
34.79,-2.08,12.33
38.02,-1.53,28.69
53.59,-4.70,34.36
72.75,2.01,28.87
89.29,-0.49,27.22
96.25,-5.98,24.17
100.28,-13.00,21.06
89.78,-11.29,17.03
67.08,-9.16,14.65
43.88,-1.10,11.11
30.88,-0.24,8.18
22.40,-4.52,1.95
12.21,-5.68,0.67
2.56,-5.86,-0.85
-5.07,-3.60,-4.70
-9.46,-3.54,-6.65
-11.41,-3.91,-6.53
-11.90,-1.34,-8.73
-10.38,6.16,-11.35
-8.67,10.74,-14.65
-8.67,7.14,-26.25
-9.52,-0.37,-39.55
-10.07,-5.55,-50.78
-10.19,-9.83,-60.00
-9.09,-13.67,-66.04
-7.14,-17.33,-67.20
-5.43,-21.67,-58.41
-2.38,-26.31,-38.70
2.62,-32.17,-14.34
7.26,-37.29,6.71
6.90,-24.60,13.67
4.70,-8.79,9.70
7.32,-11.54,8.48
-4.21,-13.49,10.93
-6.71,-6.71,17.76
-2.93,2.38,34.55
2.50,16.36,59.69
8.48,35.77,86.85
18.07,45.78,102.42
22.58,50.35,98.33
21.91,48.83,81.54
18.62,45.17,61.40
14.83,40.22,49.99
10.80,34.97,38.57
7.75,28.38,26.37
3.66,23.38,13.24
-1.71,17.21,-1.59
-3.48,10.13,-10.56
-3.60,8.24,-16.36
-3.91,5.55,-23.80
-5.55,-0.67,-38.45
-7.08,-5.62,-55.79
-8.24,-8.73,-65.98
-8.54,-10.38,-63.05
-6.41,-11.23,-46.33
-2.38,-12.21,-22.77
2.87,-14.89,-0.79
7.02,-22.09,16.85
7.63,-16.78,19.65
11.60,-6.04,10.13
22.34,-10.74,12.02
26.92,-16.54,16.36
33.87,-5.62,16.42
42.30,3.17,18.19
42.05,6.23,16.24
32.96,1.04,9.83
19.78,-4.27,3.60
9.40,-1.77,-1.83
4.76,-1.16,-4.21
0.49,1.71,-6.16
-2.26,1.71,-7.63
-4.52,2.75,-9.89
-5.31,3.66,-11.96
-4.94,5.00,-13.18
-4.46,4.52,-17.15
-3.36,2.75,-27.83
-1.95,0.24,-37.41
-1.34,-2.38,-42.79
-0.79,-6.35,-43.52
-0.67,-10.07,-39.98
-1.89,-13.55,-33.69
-1.65,-18.80,-24.48
-0.18,-28.08,-10.93
-2.56,-34.85,2.01
-8.00,-24.05,2.75
-6.53,-16.85,-2.99
-5.00,-18.74,-1.40
-7.14,-17.40,6.65
-4.88,-13.06,7.75
-2.14,-10.44,5.98
1.16,-5.68,12.02
3.54,5.19,32.78
9.58,20.87,72.33
15.20,36.07,98.51
23.13,42.11,105.41
27.89,41.32,109.74
27.10,43.88,107.12
24.78,44.01,96.19
23.32,42.54,82.40
20.63,38.45,70.74
16.24,30.40,61.46
11.35,15.87,45.10
7.87,8.85,35.77
2.69,3.85,29.11
1.59,1.53,20.32
1.65,1.59,15.63
1.53,0.18,7.14
1.77,1.04,2.87
2.14,1.71,-0.73
2.14,2.26,-2.44
1.53,3.30,-2.20
0.49,3.78,-1.89
-0.06,4.27,-1.04
0.06,4.76,-0.06
0.12,4.70,0.24
-0.92,3.85,0.18
-1.65,3.11,-0.37
-1.59,3.36,-0.55
-1.04,4.33,-0.92
-1.16,6.29,-2.38
-1.83,9.09,-4.46
-2.26,10.31,-5.92
-4.58,12.57,-12.94
-5.80,15.32,-25.57
-6.59,20.69,-31.19















 
-,-,-
1.89,0.12,0.61
1.59,0.12,0.43
1.40,0.06,-0.43
1.34,0.12,-0.55
1.22,-0.06,-0.12
1.16,-0.18,0.06
1.28,-0.18,-0.37
1.22,0.18,-0.79
1.40,0.85,-1.22
1.28,1.16,-1.22
1.46,1.28,-0.73
1.46,1.59,-0.24
1.71,1.40,0.24
1.83,0.61,0.73
1.53,-0.06,0.98
1.40,-0.67,0.79
1.34,-0.98,0.55
1.28,-1.04,0.67
1.28,-0.85,0.98
1.28,-0.73,1.40
1.34,-0.79,1.53
1.22,-0.85,1.40
1.04,-1.46,1.28
0.79,-3.05,1.65
-0.61,-3.66,2.01
-0.67,-3.23,2.50
-0.61,-3.78,2.93
-0.73,-5.31,2.99
-1.22,-6.35,2.38
-0.92,-7.45,0.61
0.12,-10.74,-0.73
0.31,-13.85,0.55
0.37,-14.28,4.70
-0.12,-12.39,8.36
-1.10,-10.01,9.46
0.73,-8.30,11.35
0.92,-3.36,25.39
1.59,9.34,51.09
4.88,23.99,70.62
10.86,32.47,70.74
14.22,33.26,60.18
12.63,29.91,45.17
10.19,26.12,37.35
5.37,23.25,33.33
0.92,21.73,22.16
-2.62,18.01,10.62
-4.52,11.72,2.32
-7.26,5.74,-2.69
-9.09,1.22,-13.06
-10.01,-0.37,-22.89
-14.47,-1.65,-29.66
-18.43,-4.39,-35.89
-21.91,-7.45,-39.73
-24.29,-6.41,-40.47
-25.63,-4.03,-34.30
-24.78,0.00,-23.68
-22.40,2.87,-12.63
-18.43,1.95,-3.97
-13.61,-2.99,5.00
-9.40,-9.40,11.96
-3.17,-11.05,12.21
5.74,-8.79,9.46
13.06,-6.77,9.09
21.42,-3.11,13.79
30.52,-2.26,19.59
41.56,-3.66,23.32
54.26,-6.84,24.17
68.12,-15.44,25.70
74.65,-10.56,29.48
79.53,-14.95,28.63
75.99,-14.47,19.29
58.96,-6.84,15.93
39.55,-4.03,10.86
21.73,-1.46,4.39
10.68,-5.25,-1.77
3.78,-5.98,-3.23
-1.83,-4.33,-3.91
-4.15,-5.31,-5.19
-7.08,-4.39,-7.45
-8.91,0.37,-11.90
-8.73,7.14,-16.85
-8.85,9.95,-29.24
-6.96,3.66,-45.65
-5.19,-4.39,-56.58
-6.29,-8.61,-60.91
-7.75,-11.66,-60.55
-7.87,-14.65,-57.13
-6.96,-17.21,-48.83
-4.03,-20.69,-34.00
-0.18,-25.88,-15.56
3.48,-32.29,1.95
6.65,-29.42,13.43
7.51,-16.36,12.70
7.69,-10.86,9.64
4.27,-12.45,10.99
-0.92,-10.68,12.63
-2.44,-5.49,13.98
-1.71,2.50,28.56
4.03,15.75,60.18
13.37,32.10,82.21
23.80,44.19,94.79
29.11,48.52,100.59
28.20,49.32,95.15
22.22,45.29,76.42
15.93,40.53,52.19
10.93,27.40,41.87
4.58,23.80,35.64
0.06,19.29,25.51
-2.81,11.84,9.83
-3.36,5.31,-6.41
-3.72,5.00,-11.84
-3.42,7.81,-14.28
-2.20,10.19,-24.84
-2.32,10.62,-38.94
-4.82,5.43,-57.86
-8.24,-2.99,-74.34
-12.94,-7.45,-74.77
-16.36,-7.26,-59.75
-14.28,-6.77,-37.84
-8.91,-9.95,-16.11
-3.54,-17.94,0.98
0.06,-27.16,12.70
0.18,-24.17,15.69
3.97,-17.94,11.78
10.74,-19.04,10.07
17.70,-21.55,10.31
23.25,-10.56,4.52
32.29,-0.37,8.00
41.08,-5.43,13.85
39.86,-7.39,14.16
30.94,-0.43,4.94
21.91,-2.44,-1.95
13.61,3.42,-3.11
10.93,4.03,-1.71
7.69,2.44,-3.91
5.68,-0.37,-5.55
3.85,-2.26,-8.18
2.38,-1.04,-10.19
-0.43,1.04,-15.01
-3.05,0.92,-24.35
-4.58,-0.31,-35.16
-6.65,-2.99,-43.82
-8.30,-2.44,-50.90
-9.09,-1.71,-54.14
-9.34,-3.78,-52.06
-8.67,-9.34,-45.90
-7.87,-15.63,-36.32
-6.90,-20.45,-21.73
-5.62,-23.99,-4.64
-5.80,-26.61,9.34
-5.43,-23.32,12.70
-3.17,-19.23,6.04
-1.65,-17.94,5.49
-1.28,-16.54,10.80
-0.43,-13.98,11.41
1.89,-9.89,10.44
5.25,-2.81,19.78
11.96,10.13,49.99
17.40,25.39,77.09
26.79,31.31,102.11
30.40,41.26,116.33
34.24,53.96,120.42
33.81,49.68,114.93
32.23,40.95,97.84
27.95,33.81,71.53
23.25,22.95,60.67
17.15,15.32,51.15
13.06,7.08,39.73
9.22,3.42,29.05
7.69,0.18,19.23
6.04,-2.62,6.77
5.92,-3.54,-1.53
5.92,-1.89,-3.66
6.47,0.49,-3.66
5.43,2.14,-3.91
3.60,2.69,-4.15
2.32,2.93,-4.15
1.89,3.72,-3.78
1.53,5.07,-3.54
0.85,6.77,-3.85















 
-,-,-
2.08,-5.55,2.32
2.01,-4.52,2.20
1.77,-3.54,1.95
1.65,-2.44,1.95
1.46,-1.28,1.77
1.95,-0.06,1.71
2.69,1.53,1.77
3.78,2.62,2.08
4.39,3.23,2.32
4.58,2.81,2.50
4.46,1.95,2.62
3.48,0.55,2.62
2.32,-0.98,2.87
1.34,-2.14,3.48
1.46,-2.62,4.09
1.53,-2.50,4.94
2.14,-2.38,7.63
3.78,-2.14,19.47
4.33,0.31,25.94
6.96,2.75,26.00
8.91,4.64,20.45
10.74,7.75,32.35
9.22,12.08,45.35
10.44,13.73,49.01
9.77,13.00,43.88
8.85,11.54,39.98
5.68,11.23,40.16
2.14,12.08,27.83
1.34,8.06,22.89
-2.08,7.32,23.56
-2.75,6.10,14.89
-3.85,4.03,3.17
-3.36,4.70,-2.69
-4.03,7.87,-4.39
-5.25,12.08,-6.35
-6.41,17.09,-9.09
-7.63,24.72,-13.12
-8.61,32.10,-17.88
-10.93,32.04,-19.47
-14.77,25.51,-21.00
-17.82,17.88,-21.42
-19.84,11.78,-20.20
-19.23,6.10,-16.97
-18.37,-1.04,-11.41
-17.03,-8.73,-4.21
-14.71,-16.97,5.49
-10.99,-25.33,15.99
-7.57,-29.72,19.10
0.06,-24.41,13.06
11.47,-16.48,9.03
18.68,-10.01,10.80
28.56,-6.59,14.22
41.14,-2.56,16.30
54.99,0.43,17.94
67.63,-2.50,16.30
76.72,-5.07,17.40
77.39,-1.89,14.77
67.08,7.57,10.74
52.55,6.71,9.64
38.88,5.00,7.81
27.53,4.39,3.60
16.72,4.33,-0.61
5.74,3.85,-5.00
-1.53,3.11,-7.93
-7.45,1.34,-9.03
-10.01,-1.22,-9.83
-11.23,0.55,-12.27
-11.41,6.65,-17.15
-12.33,10.93,-26.49
-12.39,7.63,-39.73
-13.37,0.73,-51.45
-15.14,-4.21,-59.27
-16.66,-7.93,-64.64
-15.32,-12.27,-65.80
-12.33,-15.50,-58.29
-8.54,-16.85,-43.76
-5.80,-17.33,-27.65
-2.20,-21.36,-14.40
-0.18,-27.89,-5.00
-1.04,-26.79,-0.24
-2.44,-18.31,-1.40
0.24,-11.17,0.43
2.93,-10.44,3.97
4.03,-9.58,9.40
4.46,-5.25,10.80
5.25,-1.10,12.08
7.93,2.44,23.44
12.88,5.86,40.83
20.63,10.68,64.15
27.65,22.58,93.20
33.26,35.71,110.05
33.69,46.45,111.51
30.64,46.75,93.87
26.31,38.51,70.19
21.06,31.31,58.72
13.18,27.34,48.83
6.53,20.94,35.52
1.28,13.12,17.46
-1.95,6.53,2.44
-3.97,1.95,-5.62
-3.72,1.59,-9.16
-3.17,6.16,-16.17
-5.74,10.25,-31.56
-10.80,10.13,-58.47
-13.31,4.88,-81.97
-15.63,-2.81,-91.37
-18.98,-6.35,-82.21
-21.06,-3.66,-61.10
-19.96,-0.55,-39.37
-15.01,-2.81,-23.01
-10.50,-10.80,-10.13
-7.57,-21.00,3.60
-3.42,-31.13,21.48
-1.77,-29.54,30.21
4.03,-15.63,19.71
18.25,-10.50,12.70
33.45,-16.66,16.97
44.13,-11.05,18.13
54.14,-1.65,14.47
56.40,5.31,14.04
53.65,5.13,13.00
39.49,3.60,3.66
24.29,8.54,-0.98
14.22,4.39,-4.15
6.96,6.59,-4.76
-0.12,10.25,-6.47
-6.90,8.30,-12.70
-10.74,0.85,-16.17
-13.24,-3.17,-18.98
-13.67,-2.38,-22.34
-13.06,0.55,-29.48
-11.35,0.92,-40.22
-9.09,1.22,-46.45
-6.84,2.08,-48.71
-4.82,-0.43,-48.52
-4.09,-6.04,-45.17
-4.39,-11.60,-38.76
-4.21,-16.11,-30.33
-3.30,-19.59,-19.65
-0.98,-24.66,-6.90
0.79,-31.49,7.51
-2.26,-31.31,18.31
-3.17,-20.45,16.05
0.00,-16.60,8.18
1.65,-19.35,11.84
2.81,-16.66,14.83
4.70,-11.11,12.57
5.07,-6.96,10.80
6.04,-4.46,15.14
10.99,-1.22,33.33
16.30,5.62,65.43
19.90,18.31,90.52
28.26,30.15,109.56
31.86,41.14,122.99
35.16,47.36,127.69
35.77,44.25,121.15
35.34,36.50,104.31
34.61,35.03,96.56
28.14,32.41,82.82
22.28,27.28,67.02
16.91,18.98,57.50
9.34,13.43,34.67
6.59,7.02,21.48
3.30,8.24,22.58
0.85,0.18,4.64
1.40,-2.50,-6.41
2.01,-1.10,-5.80
0.49,1.77,-5.74
0.00,5.37,-8.61
-0.06,9.77,-10.07
0.06,14.40,-10.93
-0.37,18.13,-12.02
-0.37,18.74,-12.27
-0.31,19.23,-15.44
-0.49,19.23,-21.30
-1.40,17.94,-27.95
-1.59,14.34,-34.91
-2.38,12.02,-35.46
-3.17,14.28,-32.23
-4.03,21.00,-28.14















 
-,-,-
0.37,-4.52,3.97
0.18,-5.07,4.03
0.18,-5.13,4.58
0.06,-5.19,5.13
0.18,-5.19,5.43
0.37,-5.13,5.13
0.37,-5.07,5.00
0.61,-5.49,5.13
1.04,-6.84,5.00
1.40,-9.89,4.33
1.16,-11.60,3.48
1.53,-10.25,3.54
1.65,-8.85,3.66
2.14,-7.63,4.39
2.44,-6.29,4.58
2.69,-4.94,4.15
2.32,-3.48,3.48
1.83,-1.95,3.05
2.08,-0.79,2.81
2.32,0.00,2.69
2.75,1.04,2.99
3.48,1.28,3.54
3.97,0.79,4.15
3.85,0.31,4.58
3.54,-0.43,4.27
3.36,-1.34,3.48
2.62,-2.75,3.30
1.89,-3.91,3.23
1.53,-5.07,2.87
1.40,-5.98,2.62
1.22,-5.92,2.38
1.65,-5.00,2.08
2.26,-3.36,2.44
4.09,-1.53,4.27
6.90,1.46,20.08
8.36,12.51,42.79
11.90,25.39,58.84
16.85,27.53,65.92
16.17,25.63,65.19
14.71,24.54,54.32
14.22,21.97,44.56
8.61,15.08,34.55
6.71,8.24,30.52
2.99,5.49,22.95
0.43,3.05,13.06
-3.23,-0.67,2.32
-4.39,-5.86,-4.82
-5.98,-8.61,-7.02
-8.79,-10.68,-9.64
-13.00,-12.51,-15.08
-17.58,-9.09,-20.81
-22.28,-4.15,-24.35
-26.86,0.18,-28.99
-29.60,0.79,-29.42
-30.82,1.04,-24.60
-28.93,1.53,-17.15
-25.82,-0.18,-9.16
-22.09,-2.99,-2.44
-19.41,-6.10,3.97
-18.74,-7.45,8.06
-16.24,-6.77,8.18
-7.51,-6.71,8.24
7.87,-12.45,12.45
21.97,-7.63,13.85
36.93,-1.10,15.08
47.36,-0.92,15.81
60.55,-2.99,17.94
73.61,-9.64,21.06
80.26,-11.47,14.40
81.18,-11.17,9.52
73.61,-9.77,10.13
59.45,-2.93,10.56
44.07,1.71,3.36
34.12,8.67,0.31
26.49,10.01,5.98
19.53,3.42,6.77
9.70,9.89,-0.49
1.46,3.30,-4.82
-8.00,-2.20,-7.57
-15.87,-8.42,-10.13
-22.16,-13.06,-13.18
-24.66,-10.74,-16.72
-24.90,-3.60,-21.12
-24.90,3.78,-26.25
-23.01,7.75,-40.53
-18.31,4.27,-54.93
-16.85,-2.93,-62.87
-15.44,-11.35,-68.42
-11.84,-20.45,-72.39
-9.52,-26.86,-71.35
-8.36,-28.26,-61.77
-7.63,-25.27,-44.07
-4.27,-21.67,-21.97
0.12,-22.09,0.18
3.48,-26.12,19.78
3.91,-23.32,29.11
-0.18,-6.16,17.46
9.70,-0.31,6.96
15.08,-1.16,8.42
9.09,-4.64,13.67
10.93,-1.22,22.22
16.24,6.16,43.88
22.34,18.37,81.85
27.22,32.71,109.86
30.09,38.15,110.05
30.27,35.83,95.70
25.70,36.25,85.02
15.81,30.46,68.66
6.16,24.54,38.51
1.59,19.59,19.90
-3.05,14.89,13.43
-2.50,9.03,6.96
-2.62,7.08,0.79
-2.69,5.07,-9.89
-2.93,3.97,-15.01
-4.39,4.39,-19.84
-5.86,-0.73,-33.20
-8.85,-9.89,-51.70
-12.57,-17.94,-62.13
-14.77,-17.70,-60.55
-14.65,-12.45,-46.26
-10.07,-7.02,-26.67
-2.81,-5.55,-8.91
3.85,-6.23,3.05
9.52,-1.16,9.83
18.55,4.76,10.01
25.51,4.15,7.51
32.35,7.81,5.80
42.72,1.16,9.52
52.00,-3.97,12.33
57.80,-0.31,9.77
49.99,5.92,6.10
34.61,0.55,3.91
20.08,-2.08,-2.32
9.09,3.48,-2.99
3.11,3.05,-2.99
-4.94,3.23,-8.06
-11.35,0.00,-13.00
-15.75,-5.62,-14.40
-16.78,-6.96,-14.95
-17.33,-2.99,-17.46
-14.47,1.34,-19.53
-11.72,4.03,-21.48
-10.07,2.69,-26.49
-8.61,-1.65,-36.99
-7.45,-7.75,-44.74
-9.40,-13.31,-46.39
-10.68,-16.05,-43.09
-10.93,-15.08,-36.74
-9.83,-12.57,-29.17
-7.20,-11.05,-19.47
-5.31,-11.60,-8.36
-4.58,-13.00,1.10
-4.39,-12.33,4.58
-2.38,-9.52,-0.85
2.93,-9.16,-5.86
7.20,-9.70,-5.68
7.45,-9.64,0.24
8.61,-8.54,1.10
10.93,-4.09,3.97
10.50,1.65,6.96
10.19,4.39,6.84
10.74,5.43,6.77
9.34,5.49,7.39
10.19,4.94,9.64
15.26,6.16,23.68
18.37,11.60,38.45
25.76,11.23,52.92
26.98,14.28,68.24
31.86,19.53,80.57
37.90,24.84,102.84
41.87,33.08,126.83
42.05,37.84,132.45
43.52,35.03,126.46
35.95,33.26,111.88
28.08,28.81,93.51
22.64,25.57,85.63
16.66,24.90,76.23
10.31,24.11,65.73
5.43,20.94,50.78