-,-,-
-0.55,1.65,-3.54
-0.06,1.28,-2.32
-0.06,0.85,-0.79
-0.06,0.43,-0.43
-0.12,0.18,-0.61
-1.04,0.24,-1.22
-1.40,1.22,-2.50
-1.59,2.56,-3.72
-1.77,3.30,-4.33
-1.53,3.36,-4.09
-1.10,3.05,-2.62
-0.92,2.87,-0.85
-0.61,2.56,-0.06
-0.24,1.77,-0.18
0.00,0.49,-0.67
0.24,-0.31,-0.85
0.98,-0.73,-0.79
0.98,-0.79,-0.98
1.16,-0.79,-1.53
1.22,-1.28,-1.95
0.79,-1.46,-1.83
0.37,-1.22,-1.71
0.85,-1.10,-2.01
1.10,-0.98,-1.89
0.79,-1.22,-1.04
0.92,-1.71,0.12
1.28,-2.75,0.00
1.34,-4.27,-0.43
0.85,-6.29,-0.18
-0.49,-9.22,0.37
-1.65,-13.55,0.31
-3.11,-19.17,0.85
-5.19,-25.09,2.87
-6.84,-30.76,5.25
-8.67,-36.38,7.51
-11.17,-39.92,9.03
-14.40,-35.16,5.07
-6.96,-20.57,-8.18
9.52,-17.33,-4.76
4.52,-13.31,0.73
11.29,-4.70,2.69
16.05,0.79,7.20
22.52,5.55,27.59
27.28,12.02,60.00
30.58,13.06,71.29
30.70,10.13,76.42
25.51,10.25,76.84
19.23,9.52,69.21
15.69,7.69,61.34
11.84,6.41,58.84
9.52,8.97,48.65
11.35,9.52,36.87
7.51,6.53,25.27
6.47,4.76,17.46
3.91,3.54,12.08
1.22,2.93,2.08
0.31,3.66,-3.60
-2.75,4.46,-4.21
-5.62,5.19,-5.98
-7.57,6.04,-11.60
-7.51,7.81,-21.12
-7.69,8.42,-38.21
-5.37,8.24,-54.26
-1.10,6.41,-62.99
1.89,8.18,-64.03
4.46,11.78,-60.18
6.47,11.96,-54.75
7.26,4.94,-50.35
8.54,-6.10,-47.42
11.60,-18.62,-44.01
15.26,-33.39,-37.23
16.72,-47.91,-25.76
15.50,-58.53,-8.85
10.19,-62.68,9.09
0.67,-49.80,12.57
7.45,-24.54,-3.30
19.17,-24.23,-5.00
-0.73,-26.37,-3.66
-2.69,-21.67,-4.64
1.71,-16.85,4.27
2.62,-9.58,28.56
6.90,2.62,49.01
14.22,11.29,70.86
15.93,16.30,83.31
19.71,21.97,82.64
19.71,22.46,83.62
18.98,21.85,71.96
17.15,24.29,50.35
15.20,20.39,27.28
6.41,18.07,13.12
-1.46,12.51,-0.31
-8.67,5.80,-6.29
-13.37,-0.12,-8.06
-18.19,-3.48,-9.70
-23.99,-4.03,-12.82
-28.99,-1.53,-18.31
-34.42,5.98,-26.86
-40.95,19.17,-37.29
-49.80,29.05,-35.77
-64.33,36.07,-29.24
-70.74,48.46,-27.47
-69.64,60.30,-30.94
-66.53,66.89,-34.85
-65.73,65.19,-35.03
-60.30,51.70,-30.64
-53.65,32.29,-21.48
-49.19,13.49,-8.97
-46.45,-0.92,4.52
-46.33,-8.61,18.01
-45.29,-15.63,27.22
-42.54,-26.92,32.04
-38.02,-39.67,34.67
-34.48,-43.95,28.32
-25.94,-22.28,-4.82
12.21,-7.08,-12.08
18.07,-11.17,2.56
19.47,-7.32,10.38
34.85,1.28,7.63
42.72,2.56,7.87
51.15,-2.81,8.24
60.79,-7.14,8.67
65.61,-12.39,11.41
70.13,-13.73,9.58
79.59,-19.10,11.29
88.99,-22.28,15.44
98.45,-24.78,10.38
108.76,-32.23,11.47
117.92,-36.99,18.62
124.69,-41.99,17.88
131.65,-41.20,13.79
132.51,-42.42,16.72
126.89,-39.37,20.63
117.43,-28.50,21.36
106.93,-21.73,21.18
97.35,-17.94,15.26
83.74,-15.32,14.40
66.77,-7.02,13.00
46.63,-5.74,12.33
30.21,2.20,11.41
18.37,3.30,9.64
12.15,-1.83,6.65
8.85,-4.94,2.75
4.27,-10.31,-0.43
1.28,-14.95,-1.95
0.37,-16.30,-2.32
0.37,-14.53,-1.34
-1.04,-10.62,0.49
-2.32,-5.74,2.08
-2.26,-0.73,1.89
-4.27,3.17,1.89
-6.47,6.16,1.59
-8.42,8.73,1.16
-7.87,10.99,1.16
-4.82,13.67,1.95
-1.46,16.24,2.93
-0.79,18.07,3.48
-2.26,18.98,3.60
-3.85,19.53,3.05
-5.62,20.14,1.95
-7.87,20.39,0.31
-9.16,20.08,-1.28
-11.84,18.98,-3.05
-16.60,19.29,-4.76
-21.55,23.99,-6.35
-23.19,39.61,-14.95
-20.75,64.76,-29.05
-16.30,89.60,-41.50
-11.47,110.60,-46.94
-6.16,122.68,-45.90
-0.61,125.79,-42.05
3.54,122.50,-38.94
3.85,116.52,-36.50
-0.61,113.28,-33.81
-6.10,117.13,-29.60
-10.31,127.08,-24.17
-11.29,137.02,-19.17
-9.09,139.89,-15.63
-6.16,135.01,-13.00
-3.23,125.18,-10.56
-0.61,112.12,-7.75















-,-,-
-0.98,3.72,-3.42
-0.92,4.03,-3.17
-0.92,4.03,-1.89
-0.85,3.36,-0.79
-0.43,2.20,-0.18
0.43,0.92,-0.06
1.77,-0.79,0.49
1.10,-2.14,1.46
0.67,-2.75,2.20
0.49,-3.60,2.26
-0.18,-4.82,2.50
-0.49,-6.10,2.99
-0.37,-6.84,3.78
-0.24,-7.08,4.88
0.37,-7.20,6.04
0.73,-7.69,6.65
1.28,-7.69,7.32
1.22,-6.77,8.00
0.73,-5.55,8.12
1.10,-4.52,8.54
1.16,-3.72,8.61
1.16,-2.50,8.30
1.40,-1.53,7.69
1.53,-1.10,5.92
1.10,-0.55,3.72
1.10,1.22,1.04
1.53,3.60,-1.83
1.83,4.70,-4.64
1.59,4.39,-7.45
0.67,4.09,-9.83
0.00,4.39,-10.86
-0.24,3.30,-10.50
-0.67,-1.40,-8.18
-1.04,-8.18,-5.43
-3.66,-15.93,-3.42
-7.20,-22.46,-0.67
-9.64,-27.40,4.52
-11.78,-30.82,10.31
-13.18,-30.58,11.96
-11.29,-22.16,3.36
0.24,-13.12,1.10
4.64,-9.89,9.70
3.72,-2.99,24.90
10.62,8.18,46.81
19.35,18.25,65.98
25.76,26.49,89.11
27.77,29.42,108.40
28.93,25.88,117.37
29.48,28.08,109.50
31.74,23.86,92.35
42.30,15.99,75.32
30.58,12.02,57.98
14.47,11.47,37.54
8.12,10.80,9.03
6.41,6.47,3.54
5.37,0.98,8.24
11.41,0.79,2.69
5.68,2.38,-6.35
3.48,3.23,-13.61
0.92,0.79,-32.41
0.18,-6.47,-57.07
-0.49,-10.50,-76.72
-1.10,-7.32,-92.10
-1.95,-3.42,-102.60
-4.82,-1.04,-104.00
-4.21,-1.59,-96.74
-0.06,-3.11,-81.97
8.48,-6.10,-60.55
16.36,-13.61,-38.70
22.40,-28.50,-21.30
24.29,-47.36,-7.69
19.96,-62.50,5.37
11.96,-67.26,18.43
1.59,-44.62,12.21
11.11,-18.01,1.53
18.31,-19.96,6.35
5.98,-22.58,19.04
9.46,-13.31,33.45
17.27,-5.19,55.97
19.47,2.50,77.09
21.79,7.69,92.53
22.71,14.59,102.72
22.40,23.32,98.88
18.25,25.09,93.99
13.00,22.71,84.17
11.60,22.03,66.96
10.56,20.69,52.61
4.27,18.13,35.89
-1.22,14.34,18.68
-7.93,8.06,12.63
-16.05,2.26,-2.38
-23.99,-3.60,-18.25
-31.98,-6.65,-25.88
-41.44,-3.30,-31.43
-49.44,4.82,-39.18
-56.95,13.31,-50.35
-62.81,25.27,-64.45
-68.24,36.13,-76.05
-74.22,44.86,-78.43
-72.57,48.46,-68.42
-68.60,45.35,-48.46
-66.71,37.11,-25.51
-62.68,25.51,-6.35
-59.20,10.80,8.36
-54.93,-5.86,20.32
-50.90,-25.76,29.48
-49.80,-42.72,31.68
-47.12,-34.91,8.30
-17.76,-11.96,-13.73
10.93,-6.53,-4.09
19.41,-8.91,11.23
36.13,5.37,18.31
54.87,12.94,20.75
63.84,2.38,22.34
72.69,-12.82,21.06
83.01,-24.17,19.17
91.55,-25.02,20.75
99.00,-26.92,19.78
107.54,-27.10,20.08
114.99,-31.01,22.64
120.97,-41.14,21.36
124.33,-43.82,18.01
124.21,-47.85,19.04
122.74,-49.19,23.68
117.43,-38.88,19.53
112.00,-38.94,10.07
105.35,-39.00,13.55
95.34,-34.24,13.31
86.49,-26.06,12.51
71.78,-21.91,11.60
56.46,-15.93,19.41
41.56,1.95,18.92
26.79,5.49,11.05
14.40,1.89,5.62
6.77,1.10,3.42
0.98,-6.65,0.43
-2.81,-13.67,-0.67
-5.13,-17.03,-0.92
-7.32,-16.97,-0.37
-7.02,-14.22,0.24
-6.84,-11.96,1.10
-7.14,-7.39,2.14
-4.88,-3.23,1.95
-3.72,-0.06,2.81
-1.89,3.36,3.72
-0.12,5.68,4.33
2.20,7.02,4.09
2.93,6.90,3.17
2.01,5.25,2.38
-0.18,2.69,1.10
-3.17,0.31,-0.92
-5.98,-1.28,-2.44
-6.65,-1.59,-2.93
-5.31,-0.73,-2.44
-2.99,0.67,-1.40
-0.18,1.95,0.06
1.71,2.56,1.59
2.38,2.50,2.93
2.50,1.77,3.54
3.05,1.34,3.66
2.87,1.22,4.03
1.16,0.85,4.09
0.43,0.98,3.78
0.61,1.46,3.72
0.67,1.83,3.72
0.61,1.95,3.48
0.67,1.95,2.93
1.40,1.89,2.01
2.38,1.95,1.71
3.36,2.38,2.01
3.60,2.75,2.38
2.99,2.69,2.87
2.32,2.81,2.93
2.14,2.99,2.69
1.89,2.93,2.26
1.04,2.99,1.71
-0.18,3.36,1.16
-2.81,3.72,-0.24
-5.62,4.58,-2.14















-,-,-
-0.18,3.05,-1.65
0.06,3.05,-2.26
0.85,2.20,-2.75
0.92,0.98,-2.62
1.10,0.24,-2.14
1.34,-0.43,-2.08
1.10,-0.61,-2.14
0.79,0.12,-2.14
0.79,0.73,-2.26
0.43,1.16,-3.11
0.24,1.40,-3.72
0.61,0.92,-3.54
1.10,0.24,-2.50
1.83,-0.67,-1.40
2.56,-1.40,-0.73
2.81,-1.77,-0.24
3.30,-2.01,-0.43
3.66,-2.44,-0.31
3.97,-3.91,0.55
3.54,-5.55,1.83
2.20,-6.47,2.69
-0.55,-6.53,2.32
-2.14,-5.92,0.92
-2.93,-5.86,0.24
-3.17,-5.86,0.31
-3.17,-5.07,1.28
-2.75,-3.85,1.65
-1.83,-2.75,1.40
-0.92,-2.01,0.98
-0.43,-1.46,0.92
0.12,-1.65,1.28
0.43,-2.08,1.71
0.31,-2.50,1.95
-0.92,-3.36,1.95
-2.56,-4.88,1.59
-4.27,-6.59,0.92
-5.49,-9.09,0.92
-6.65,-13.18,3.17
-8.06,-19.17,6.16
-10.01,-25.76,8.36
-11.96,-31.01,9.77
-13.31,-26.37,-0.06
-1.71,-20.63,-5.31
3.91,-16.97,1.77
4.15,-10.68,8.00
6.10,-2.38,12.82
6.90,4.94,23.50
10.13,10.74,49.07
13.73,14.59,79.77
19.53,19.96,92.47
25.57,24.35,97.11
28.87,26.49,102.29
30.94,23.68,103.27
31.49,19.04,99.37
37.23,17.21,83.80
42.72,19.29,76.84
30.21,18.55,67.32
23.25,17.27,52.31
13.31,13.06,25.88
7.20,2.26,14.28
4.03,-1.71,21.30
3.11,0.24,20.87
3.48,2.62,8.54
3.66,3.42,2.62
4.82,4.03,-7.87
5.92,5.74,-14.53
6.04,6.65,-23.19
5.80,2.08,-44.49
3.36,-1.46,-73.79
-1.77,-0.49,-94.30
-3.36,4.09,-99.67
-3.17,9.77,-93.26
-0.73,13.18,-82.76
2.87,10.86,-72.75
5.86,2.69,-64.39
7.63,-8.61,-58.35
10.93,-23.13,-53.16
15.50,-41.02,-44.56
17.46,-58.04,-27.04
15.26,-70.01,-3.42
10.80,-72.94,17.33
6.29,-65.37,24.72
4.82,-39.12,5.98
25.02,-29.54,0.73
20.02,-28.99,5.74
10.07,-20.94,8.36
10.31,-10.62,13.43
10.74,-1.04,33.63
16.78,11.17,65.55
24.54,17.40,96.92
29.36,19.17,119.81
28.32,24.96,125.00
25.70,29.30,117.98
17.33,28.44,99.49
15.14,26.55,72.94
18.13,25.09,49.50
13.37,19.84,38.27
8.67,14.95,31.37
0.06,9.46,20.39
-8.18,3.42,1.65
-13.12,-1.95,-12.88
-17.64,-5.98,-20.87
-22.16,-7.39,-25.21
-27.40,-5.49,-31.74
-34.24,-0.61,-47.18
-40.77,9.03,-62.68
-50.60,14.16,-72.69
-57.43,20.45,-80.51
-64.21,25.21,-80.44
-68.54,29.97,-70.80
-70.98,35.77,-57.31
-69.76,39.31,-45.04
-67.38,37.72,-35.46
-63.60,31.37,-25.51
-58.53,21.42,-12.08
-54.50,9.34,2.93
-51.09,-4.21,16.91
-45.59,-20.32,28.81
-42.97,-36.44,38.94
-43.64,-44.13,37.60
-35.16,-32.29,4.58
-3.05,-9.77,-6.84
18.07,-1.65,2.20
22.22,-3.78,13.61
38.76,8.00,17.09
59.63,10.86,21.97
70.19,6.96,26.61
75.20,-2.81,18.25
79.04,-15.99,12.02
81.67,-28.63,12.02
83.25,-33.33,13.06
87.34,-34.48,9.34
93.69,-38.64,17.46
95.46,-41.02,21.30
99.55,-43.09,14.10
100.46,-49.50,13.73
97.90,-48.89,14.65
91.80,-47.85,13.98
84.41,-44.80,10.25
74.10,-35.77,14.71
64.51,-31.80,18.07
55.24,-20.81,17.52
48.10,-15.81,13.49
42.42,-8.67,11.41
39.18,-0.37,9.46
34.48,0.43,11.60
29.24,4.94,10.99
23.86,3.60,10.19
18.13,10.31,9.77
12.45,12.57,9.28
6.96,6.77,7.45
3.72,-0.55,5.49
-0.92,-7.26,3.78
-6.10,-11.96,2.56
-9.64,-12.88,1.83
-11.29,-10.80,1.28
-12.39,-6.59,0.00
-12.63,-2.08,-1.22
-11.72,3.23,-0.85
-10.31,9.58,0.00
-9.03,15.69,0.31
-9.16,20.51,-0.49
-9.46,24.35,-2.20
-11.23,27.77,-3.91
-12.63,30.88,-5.98
-13.06,34.18,-8.61
-13.18,35.22,-10.25
-14.04,30.33,-17.88
-11.35,26.00,-34.06
-5.49,34.00,-46.94
-0.92,49.01,-54.02
5.19,63.11,-57.80
12.21,72.14,-60.06
18.49,73.49,-60.18
22.64,68.42,-57.31
24.54,59.75,-52.67
24.60,46.39,-47.61
20.14,28.02,-43.15
14.04,10.13,-40.41
9.89,-4.46,-38.15















-,-,-
2.14,0.24,-1.10
2.26,1.22,-0.85
2.50,1.71,-1.16
2.87,1.89,-1.59
2.93,1.83,-1.65
2.56,1.89,-1.10
2.69,1.89,-0.61
2.69,1.83,0.43
1.95,1.16,0.61
1.71,0.73,0.06
1.46,0.67,-0.24
0.85,0.85,0.06
0.98,1.28,0.37
1.10,1.22,0.73
1.16,1.10,0.61
1.40,0.85,0.55
1.28,0.67,0.49
1.53,0.73,0.43
1.83,0.79,0.18
1.83,1.04,-0.18
1.83,0.98,-0.55
1.53,0.92,-0.73
1.53,0.67,-0.79
1.28,0.43,-0.92
1.22,-0.06,-1.16
1.34,-0.67,-1.22
1.28,-0.85,-1.46
1.89,-1.04,-1.46
1.83,-1.22,-0.85
1.40,-1.40,-0.49
1.77,-1.65,-0.85
1.71,-2.01,-0.67
1.59,-1.95,-0.31
1.83,-1.89,0.00
1.95,-2.01,0.18
2.26,-2.14,0.12
3.11,-2.44,-0.24
3.36,-2.93,-0.18
3.54,-3.48,-0.55
4.39,-3.97,-1.34
5.07,-4.27,-2.38
5.74,-4.39,-2.93
7.63,-4.09,-2.87
8.48,-4.46,-3.36
8.36,-3.91,-4.33
7.32,-2.50,-5.00
5.49,-1.10,-4.58
3.05,-0.24,-3.78
1.89,-0.98,-2.93
1.04,-2.81,-1.59
-0.06,-5.49,0.31
-1.04,-8.24,2.81
-2.26,-10.13,5.19
-4.58,-10.01,7.20
-7.14,-8.06,8.18
-9.40,-6.04,9.03
-11.84,-4.21,9.46
-12.70,-5.37,9.34
-14.34,-10.86,8.00
-15.99,-18.49,6.84
-17.82,-24.96,5.86
-19.90,-28.99,4.82
-22.64,-30.03,1.95
-24.72,-31.07,-5.62
-18.80,-33.33,-13.61
-9.89,-32.59,-15.87
-3.11,-31.80,-13.00
1.04,-32.35,-4.82
4.70,-25.09,0.98
7.08,-16.72,4.27
10.01,-14.95,10.56
7.45,-9.46,28.02
10.44,2.62,66.59
10.44,14.89,98.14
19.84,23.68,117.25
30.82,30.46,134.77
46.69,24.17,147.09
50.05,19.29,137.15
40.22,22.03,113.22
31.43,21.48,96.98
24.66,18.19,65.43
24.05,13.79,44.86
17.21,8.12,32.41
11.35,3.97,22.28
4.88,1.53,-0.49
8.85,0.61,-8.79
4.09,0.67,-13.31
-1.16,2.38,-22.16
-5.68,2.93,-42.97
-8.06,-1.10,-67.75
-9.22,-7.20,-82.89
-9.34,-6.23,-95.46
-8.24,-2.50,-109.01
-4.82,0.92,-114.38
-4.39,2.14,-109.92
-2.01,0.00,-101.14
2.14,-5.13,-92.16
6.41,-12.02,-81.36
11.35,-21.97,-65.86
15.50,-35.16,-47.49
18.07,-49.62,-27.16
17.82,-61.71,-3.91
15.26,-67.44,18.62
10.19,-65.43,31.19
5.25,-40.41,15.44
20.26,-21.06,6.04
20.45,-21.18,29.30
16.72,-11.60,60.67
28.20,-1.71,81.30
33.45,4.15,101.75
35.83,9.09,118.47
35.03,15.87,122.07
33.08,17.70,123.11
24.78,21.73,113.28
18.43,21.06,88.50
14.95,22.52,72.88
9.46,22.09,61.46
2.87,15.20,40.95
-4.15,9.16,6.16
-11.41,3.36,-9.03
-19.10,-2.20,-10.86
-21.30,-6.23,-18.19
-24.05,-8.30,-25.15
-30.94,-5.92,-33.08
-39.06,3.60,-47.55
-48.22,11.35,-60.00
-62.81,20.26,-64.70
-69.95,34.06,-62.50
-70.92,46.94,-52.31
-70.68,57.80,-39.55
-68.79,62.99,-28.93
-65.31,58.78,-19.53
-61.34,45.59,-7.75
-56.15,25.94,5.25
-49.99,4.15,19.23
-43.46,-17.64,33.39
-38.09,-39.00,42.48
-33.20,-49.56,38.64
-23.80,-35.83,5.07
9.22,-17.70,-5.13
30.03,-10.38,4.70
39.31,2.62,15.99
60.06,9.52,19.29
82.95,-2.87,23.01
102.97,-20.14,28.75
117.55,-38.21,27.34
126.95,-47.18,15.08
133.00,-54.69,11.05
134.58,-52.00,12.76
134.46,-51.33,8.73
133.06,-54.20,7.75
124.82,-57.25,2.32
115.60,-47.18,-8.18
100.22,-44.37,5.49
82.76,-31.68,14.16
69.03,-24.48,11.60
55.11,-15.87,9.09
43.52,-13.55,8.97
35.46,-5.43,12.02
27.16,-1.34,11.54
22.16,-3.11,7.93
17.88,-4.03,5.25
12.82,-7.57,2.32
6.35,-12.08,0.00
2.01,-15.20,-1.28
-0.79,-16.05,-1.34
-3.23,-14.22,-0.37
-5.49,-10.38,0.73
-6.53,-5.37,2.20
-5.98,0.43,3.85
-5.25,7.14,5.37
-4.15,12.82,5.98
-4.52,16.97,5.80
-6.53,19.65,4.46
-9.28,21.48,2.62
-10.62,22.52,0.67
-10.44,22.58,-1.53
-9.52,21.24,-3.91
-9.89,17.58,-8.24
-11.05,10.62,-15.20















-,-,-
0.55,0.43,-2.44
0.37,0.79,-2.62
0.43,1.10,-2.69
0.49,1.10,-3.17
0.61,0.73,-3.66
0.61,0.55,-4.27
0.12,0.18,-5.43
0.00,-0.24,-7.45
0.31,-0.55,-9.22
0.43,-1.04,-9.83
-0.12,-1.53,-8.85
0.06,-2.44,-6.65
0.06,-3.97,-4.64
-0.24,-5.80,-2.93
-0.85,-7.69,-0.49
-1.77,-9.64,2.01
-3.05,-11.41,3.72
-4.52,-13.00,3.97
-6.10,-14.40,3.36
-6.96,-15.08,2.75
-7.32,-14.89,2.26
-7.14,-13.79,1.77
-7.20,-11.84,1.16
-6.53,-9.16,-0.12
-4.70,-5.74,-1.95
-1.53,-1.59,-2.62
1.22,1.95,-2.01
3.23,4.15,-1.95
4.33,4.88,-2.99
4.33,5.31,-3.97
3.72,5.68,-4.46
3.42,5.98,-4.39
2.69,6.41,-3.97
1.95,6.10,-2.81
1.53,3.91,-0.67
0.92,0.92,1.71
0.31,-2.01,3.66
0.37,-4.76,5.07
1.28,-7.63,6.53
2.32,-12.57,6.77
2.26,-18.49,4.33
1.28,-23.13,2.50
1.04,-26.37,5.68
-0.06,-30.40,11.72
-2.26,-30.09,10.31
-2.81,-24.05,0.06
2.26,-20.87,0.61
-0.06,-16.54,12.08
1.59,-6.71,31.49
10.93,-1.46,51.88
24.29,6.29,76.72
40.41,15.50,94.48
54.44,23.44,112.24
52.49,29.11,126.34
46.08,25.76,134.46
39.55,18.43,125.18
35.64,20.57,105.65
29.05,22.71,90.15
24.54,21.91,64.82
21.36,20.45,47.00
18.86,15.63,32.84
13.85,9.52,25.88
9.09,7.32,6.41
6.77,5.68,-7.14
4.76,2.44,-11.41
2.99,1.10,-19.23
-0.55,-0.55,-33.33
-2.32,-1.46,-56.70
-2.87,2.01,-81.48
-0.85,5.68,-101.38
2.08,5.80,-115.78
4.09,3.42,-122.50
3.60,-0.85,-118.47
4.39,-5.92,-103.52
10.19,-15.69,-80.63
18.86,-30.15,-53.59
23.99,-46.69,-28.02
24.72,-62.74,-7.32
21.00,-72.27,10.68
10.07,-59.45,20.94
1.04,-26.61,6.59
18.07,-22.77,0.37
13.67,-26.31,15.01
11.41,-15.87,35.83
14.34,-6.53,56.46
25.33,2.26,79.59
32.04,9.09,103.45
34.85,16.54,111.33
32.35,22.22,116.46
25.27,20.63,99.12
20.32,20.75,70.19
13.12,24.54,53.16
6.35,26.49,49.68
1.28,20.69,31.19
-1.53,17.03,14.89
-8.36,12.88,12.94
-14.65,5.31,-2.81
-18.74,-0.98,-15.08
-29.17,-4.09,-20.08
-40.22,-5.00,-34.30
-49.50,4.70,-51.76
-59.57,20.08,-68.85
-65.12,31.07,-87.89
-67.81,36.25,-98.02
-70.74,40.34,-89.66
-70.31,43.46,-66.77
-65.80,42.54,-40.65
-60.79,36.32,-17.58
-55.97,23.99,1.53
-51.94,4.39,19.53
-50.23,-21.30,35.34
-50.60,-49.01,49.80
-50.42,-69.40,57.19
-49.80,-62.50,19.29
-24.41,-32.53,-13.55
24.66,-8.30,-5.92
29.79,-12.76,12.02
45.90,0.98,16.30
69.40,6.29,19.78
85.94,2.99,22.46
97.47,-8.36,27.16
104.06,-24.35,24.60
109.50,-35.83,15.14
115.42,-44.98,11.17
121.09,-48.22,9.22
127.26,-52.92,7.69
134.09,-52.49,6.96
137.88,-57.56,5.07
133.79,-53.47,5.25
119.69,-46.69,9.52
97.11,-33.02,7.51
73.18,-21.36,8.06
48.40,-7.69,6.71
32.78,-1.71,2.81
21.24,6.59,7.51
12.08,10.31,8.54
5.00,7.32,8.54
-0.79,-4.64,5.19
-5.19,-16.42,-0.06
-10.01,-23.86,-3.72
-14.59,-26.43,-5.25
-16.11,-24.35,-5.80
-13.37,-18.31,-4.94
-9.09,-9.89,-2.99
-4.88,-1.22,-0.31
-0.67,7.14,2.44
3.11,14.53,4.70
5.80,19.90,6.29
6.35,23.13,6.53
6.16,24.23,5.80
5.55,23.25,4.82
3.97,21.00,2.81
2.01,17.21,-0.43
-1.40,12.08,-4.76
-5.62,7.81,-9.40
-10.01,5.13,-11.66
-15.14,5.68,-13.37
-19.04,8.61,-21.06
-23.13,17.88,-37.78
-24.54,33.69,-56.09
-26.00,49.01,-69.58
-28.38,62.87,-80.20
-27.89,73.55,-92.47
-25.88,76.97,-109.07
-23.01,71.90,-130.55
-20.14,61.89,-155.76
-19.29,50.23,-178.83
-21.73,40.59,-194.64
-25.33,34.73,-201.42
-28.02,33.02,-198.91
-29.11,32.23,-186.77
-27.34,30.58,-166.08
-26.61,26.49,-140.38
-26.55,19.84,-115.72
-28.02,11.41,-97.17
-29.30,2.44,-88.20
-29.91,-5.00,-87.71
-30.64,-9.52,-91.00
-32.23,-10.93,-93.14















-,-,-
1.71,-0.73,1.22
1.46,-0.67,0.73
1.16,-0.43,0.43
1.16,-0.31,0.12
1.16,-0.18,0.06
1.28,-0.18,0.06
1.16,-0.18,0.18
1.46,-0.61,0.00
1.46,-0.92,-0.12
0.73,-1.04,-0.37
0.18,-1.04,-0.49
0.00,-0.92,-0.06
0.37,-0.55,-0.24
0.79,-0.18,-0.61
1.04,-0.18,-0.12
1.53,-0.37,0.24
1.83,-0.79,0.06
1.40,-1.46,0.00
0.61,-2.26,-0.31
-0.06,-2.87,-0.92
-0.73,-3.36,-1.53
-1.46,-3.54,-1.65
-1.95,-3.17,-1.65
-1.71,-2.32,-1.40
-0.92,-1.34,-0.61
0.12,-0.06,0.37
1.16,0.98,1.04
1.65,1.59,1.65
1.89,1.46,1.95
1.65,0.98,1.71
1.28,0.24,1.34
0.61,-0.55,1.10
0.37,-1.22,0.79
0.24,-1.46,0.79
-0.18,-1.34,1.04
-1.53,-0.55,1.77
-2.87,2.38,5.92
-3.30,5.31,14.04
-1.40,7.75,27.16
2.56,10.86,44.01
10.99,15.26,71.47
16.30,19.59,90.27
21.06,21.85,95.83
24.35,25.15,103.52
22.03,25.51,102.11
23.07,23.68,95.15
19.41,20.94,80.08
19.17,15.32,67.02
16.97,15.50,59.88
13.67,11.66,52.37
8.06,8.36,38.51
6.04,5.92,29.11
0.79,7.75,33.57
0.49,10.99,26.73
0.00,12.94,25.63
1.77,14.77,21.73
2.62,14.47,8.67
5.80,13.85,0.49
9.22,10.44,-7.26
9.89,3.97,-30.03
13.24,0.98,-68.48
16.05,5.25,-105.29
15.56,13.67,-129.21
12.82,20.63,-132.87
11.66,22.64,-114.62
13.31,19.17,-85.51
16.05,10.13,-61.40
18.98,-1.65,-48.95
16.30,-14.77,-44.13
12.27,-29.11,-42.79
8.73,-44.56,-43.52
6.59,-62.19,-41.81
4.03,-79.04,-30.88
0.49,-91.25,-9.70
-0.61,-99.06,18.07
-8.85,-84.53,30.33
-8.18,-43.46,4.64
5.68,-36.99,-4.15
-7.93,-38.15,9.64
-3.91,-28.26,42.85
6.53,-13.12,64.27
14.83,-6.47,79.10
25.76,1.46,89.48
31.62,19.04,103.64
31.25,34.30,123.54
24.11,36.56,122.68
14.10,34.73,91.98
9.22,36.62,63.17
6.41,36.99,48.71
2.20,32.53,36.01
-2.26,27.40,26.49
-13.18,20.63,17.94
-23.99,10.99,-1.34
-31.43,2.69,-17.52
-39.86,1.22,-23.86
-49.87,8.30,-34.91
-59.94,16.17,-53.53
-74.89,31.86,-78.06
-83.13,48.65,-97.41
-87.04,57.62,-104.43
-86.73,56.40,-97.72
-81.60,47.91,-80.02
-81.05,35.58,-57.43
-77.27,22.46,-35.40
-70.25,8.18,-14.04
-67.20,-4.94,6.77
-64.27,-18.19,25.27
-58.53,-34.00,36.80
-55.60,-52.19,41.99
-48.34,-48.28,10.19
-23.38,-30.94,-15.32
-2.32,-15.20,-8.73
7.20,-13.49,4.64
21.73,-1.40,9.58
34.67,10.31,11.60
49.07,10.68,21.73
61.83,1.59,35.10
76.35,-11.35,43.52
87.22,-18.80,42.79
96.25,-24.72,37.23
104.43,-34.79,34.97
111.82,-37.60,40.83
117.13,-47.24,40.22
121.15,-49.19,35.28
121.46,-45.96,35.83
119.75,-41.26,37.41
117.61,-35.34,41.56
115.60,-34.73,45.29
112.30,-31.37,42.79
107.60,-28.63,32.23
101.38,-28.26,27.95
88.68,-30.70,25.33
74.46,-19.47,15.08
60.97,-11.96,14.04
47.61,-6.41,11.78
40.59,-2.56,10.86
36.07,-6.10,12.82
32.41,-3.78,9.28
22.28,2.32,6.96
13.61,0.43,4.39
9.34,-2.01,3.48
7.51,-5.68,3.42
5.19,-8.54,3.66
4.33,-9.34,3.97
5.00,-7.57,4.52
6.10,-4.39,5.25
7.14,-0.49,6.23
8.06,3.78,7.08
8.30,7.45,7.32
7.32,9.34,7.20
4.88,9.89,6.10
1.53,9.22,4.27
-2.32,7.75,2.62
-4.76,6.41,1.16
-4.94,6.04,0.67
-3.60,6.29,0.43
-0.98,6.65,0.49
0.37,6.53,1.04
0.92,5.92,1.46
0.43,5.13,1.95
-1.04,4.33,2.01
-3.23,3.91,1.22
-5.55,3.72,0.37
-8.06,4.21,-0.12
-9.22,5.62,0.24
-8.30,7.87,1.16
-5.92,11.35,2.87
-3.66,15.56,4.88
-1.34,20.20,6.04
-0.24,24.84,5.62
-0.67,31.31,6.23
-2.08,37.48,8.79
-4.94,41.26,3.85
-9.03,50.29,-7.87
-10.01,63.72,-18.74
-9.46,80.08,-24.96
-4.70,95.34,-27.77
5.07,106.08,-27.10
14.77,113.89,-22.64
21.67,115.42,-15.81















-,-,-
3.05,-4.15,1.65
1.22,-3.72,1.83
-1.04,-3.91,1.46
-1.46,-3.78,1.10
-1.83,-2.87,0.06
-1.46,-1.53,-1.28
-0.67,0.12,-1.83
0.37,1.40,-1.34
1.28,2.81,-0.43
1.53,4.27,-0.24
1.77,4.88,0.00
2.14,4.76,0.31
2.32,3.97,0.49
2.32,3.11,0.24
2.08,2.62,-0.06
1.95,2.69,0.00
1.77,2.56,0.49
1.53,2.20,0.79
1.34,1.83,1.16
1.34,1.28,1.89
1.40,1.04,3.05
1.71,0.85,3.91
1.53,0.73,4.27
1.22,0.85,4.33
1.34,0.85,4.21
1.46,0.85,4.70
1.53,1.04,5.37
1.22,1.53,5.98
1.04,2.01,6.29
0.85,2.01,5.74
0.06,1.46,4.33
-0.73,0.98,2.81
-1.04,-0.37,1.77
-0.61,-2.32,0.98
0.18,-4.15,0.00
0.73,-5.25,-1.22
0.12,-6.04,-2.50
-1.83,-8.67,-4.03
-4.88,-13.31,-5.92
-7.69,-18.80,-6.29
-9.34,-24.78,-3.36
-9.64,-32.04,2.38
-8.61,-41.56,9.77
-8.79,-49.99,16.24
-9.03,-50.66,15.44
-8.30,-28.87,-3.85
6.47,-22.09,-4.64
1.53,-22.52,3.60
-2.69,-16.78,10.13
0.49,-3.78,27.16
7.69,8.48,59.51
19.71,19.04,91.92
31.13,24.23,117.61
38.57,29.79,137.70
43.03,33.02,145.81
42.79,30.03,143.07
36.87,25.70,128.17
29.60,22.52,103.15
21.91,15.81,69.95
14.04,10.01,29.60
10.44,2.93,18.92
7.08,-2.20,23.93
5.86,-2.20,5.37
4.94,-1.34,-7.93
4.33,-0.98,-10.86
6.10,-1.10,-14.28
5.31,-0.55,-20.81
2.81,-2.81,-34.06
1.95,-7.32,-55.97
1.83,-11.78,-81.42
2.50,-10.62,-103.09
2.38,-5.92,-118.96
1.22,-2.56,-126.22
0.55,-3.91,-122.68
1.77,-9.22,-109.13
6.71,-17.58,-89.78
13.85,-28.69,-68.48
20.63,-43.21,-47.12
24.84,-60.49,-26.31
25.51,-75.26,-5.25
23.38,-63.23,5.37
24.05,-20.20,2.38
32.41,-8.73,8.12
21.18,-16.30,19.41
16.48,-19.84,28.20
17.46,-21.06,51.39
18.98,-17.40,80.32
30.09,-3.48,111.88
40.16,2.87,141.17
40.95,0.24,148.01
34.73,11.47,131.23
26.06,19.35,108.70
14.40,23.32,99.24
7.69,27.28,86.61
2.99,26.06,66.04
0.18,22.16,34.36
-2.08,19.29,18.98
-6.16,16.48,21.42
-11.96,13.67,3.17
-14.77,10.31,-17.15
-20.08,5.49,-27.04
-28.69,3.05,-40.10
-40.53,8.54,-56.76
-54.38,14.04,-76.42
-74.16,23.19,-89.97
-88.01,41.26,-92.77
-94.48,57.13,-86.73
-95.58,64.33,-76.66
-90.88,61.22,-68.24
-84.96,49.07,-61.52
-78.49,33.33,-53.04
-73.30,20.02,-41.32
-67.32,10.44,-27.28
-60.49,1.34,-10.80
-53.59,-9.22,7.81
-45.65,-22.95,28.63
-38.76,-38.45,46.81
-33.94,-56.09,60.36
-29.79,-63.66,54.75
-13.85,-36.80,11.47
22.46,-13.73,3.91
41.69,-5.31,16.48
56.34,-6.47,26.55
80.26,-3.72,28.32
98.51,0.00,35.64
111.33,-6.35,39.98
118.96,-21.42,45.90
123.54,-34.06,48.03
125.12,-38.51,47.61
122.99,-41.93,50.11
120.73,-34.42,57.68
119.51,-28.93,54.81
120.42,-24.48,47.85
120.00,-24.29,43.64
118.53,-23.07,38.21
112.18,-25.82,26.37
102.11,-23.25,17.58
93.26,-19.71,14.16
97.29,-11.29,12.82
85.51,-8.00,9.40
62.01,-3.66,11.72
47.24,-1.83,8.73
34.12,6.23,11.84
21.06,4.64,11.60
13.98,1.71,8.48
10.86,1.10,4.15
6.90,0.24,1.77
4.21,-4.09,0.85
3.72,-9.40,-0.55
2.93,-12.88,-0.98
1.71,-13.37,-0.55
0.73,-11.96,-0.06
-1.46,-9.40,0.18
-4.09,-6.65,0.24
-5.68,-3.91,0.18
-5.19,-0.12,0.98
-3.30,4.39,2.56
-1.40,7.51,3.54
-1.04,8.67,3.36
-1.89,7.75,2.38
-2.99,6.04,0.73
-3.66,4.21,-0.79
-4.64,2.32,-1.89
-5.43,0.92,-2.38
-6.53,0.18,-2.62
-7.32,0.31,-2.75
-8.42,1.10,-2.26
-8.85,3.11,-1.59
-6.35,6.29,-0.31
-4.15,10.31,1.71
-3.72,14.28,3.48
-4.15,18.13,4.03
-5.74,21.85,3.54
-6.59,25.63,1.53
-7.26,29.91,-0.49
-9.34,33.69,0.12
-11.66,32.41,-2.99
-12.88,36.50,-11.05
-8.48,45.78,-23.38
-3.05,56.88,-30.46















-,-,-
-1.28,0.55,-8.24
-1.71,0.85,-9.89
-1.77,1.28,-10.93
-1.16,2.20,-11.60
-0.61,2.75,-12.15
-0.31,2.81,-13.06
0.00,2.20,-13.73
0.55,2.08,-13.00
0.06,1.89,-10.74
-0.18,1.40,-7.75
0.18,1.22,-5.00
0.55,0.61,-2.75
0.85,-0.18,-0.55
0.85,-0.98,0.79
0.67,-1.59,1.28
0.85,-1.65,1.28
0.67,-1.71,1.71
0.24,-1.71,2.56
0.43,-1.53,3.11
0.61,-1.71,4.09
0.73,-1.53,4.58
0.67,-1.16,4.82
0.61,-0.98,4.70
0.24,-0.98,4.03
0.12,-0.98,3.11
0.18,-0.85,2.26
0.00,-0.79,1.59
0.12,-0.79,0.61
0.06,-1.53,-0.55
-0.61,-2.14,-1.40
-1.28,-2.26,-2.69
-1.59,-1.83,-4.27
-1.40,-1.04,-6.41
-1.89,0.00,-8.85
-4.88,1.34,-10.99
-8.24,1.28,-13.06
-9.40,-1.04,-15.08
-10.19,-6.84,-15.81
-10.93,-15.20,-14.34
-11.05,-22.83,-9.64
-11.05,-27.77,-3.17
-10.86,-31.25,4.21
-10.38,-31.62,9.83
-8.48,-29.11,11.17
-5.00,-27.34,12.33
-3.66,-27.28,15.26
-3.97,-19.29,8.79
1.83,-11.17,8.91
4.82,-4.82,32.10
7.08,-5.00,63.78
20.63,-0.79,87.10
34.06,5.68,102.23
39.25,13.00,108.83
41.08,16.60,110.41
38.57,18.37,101.75
34.67,18.62,87.77
32.35,13.73,73.36
30.46,9.95,63.54
31.31,8.79,50.96
23.86,7.57,28.99
25.21,3.85,21.24
10.44,3.60,11.11
6.65,5.49,-3.05
3.91,7.14,-6.71
4.39,8.48,-9.16
6.10,9.46,-15.56
7.39,7.14,-25.27
7.93,4.21,-37.84
8.00,4.58,-57.74
7.32,5.19,-77.21
4.52,2.99,-91.80
3.60,-2.87,-98.21
2.26,-7.63,-94.85
2.62,-11.47,-84.96
6.59,-17.09,-73.55
13.61,-26.61,-63.17
21.24,-38.70,-52.92
25.63,-50.72,-40.34
24.17,-58.84,-24.60
25.63,-56.82,-7.51
19.47,-30.58,1.34
15.38,-9.16,7.02
11.05,-14.28,5.98
6.77,-22.22,6.23
10.01,-19.10,19.53
13.98,-11.29,51.21
20.14,-2.75,87.22
29.11,7.14,105.71
36.87,9.34,116.82
34.73,13.92,117.13
32.96,14.83,110.23
26.25,12.02,97.90
20.87,13.85,84.35
15.63,17.46,75.74
8.42,16.91,67.99
1.77,17.88,44.37
1.83,13.18,25.94
-2.26,12.63,23.44
-6.16,9.09,18.01
-12.33,6.84,0.31
-15.50,4.76,-15.50
-19.04,2.44,-23.93
-24.17,3.05,-35.71
-29.42,6.23,-51.15
-36.25,8.91,-67.02
-56.27,19.84,-78.67
-72.45,35.10,-80.02
-81.12,47.24,-71.41
-81.97,53.47,-60.73
-75.68,51.88,-52.61
-67.08,43.27,-44.13
-59.81,31.13,-33.39
-53.71,19.47,-20.08
-48.52,8.85,-5.92
-43.88,-1.71,8.54
-38.21,-15.01,24.05
-33.94,-31.19,38.82
-28.81,-48.58,49.93
-23.19,-64.21,53.53
-11.23,-56.82,34.42
5.62,-30.27,5.25
36.80,-14.16,3.17
51.70,-9.52,17.33
62.26,-11.41,22.77
78.12,-10.19,23.68
87.52,-4.21,25.21
92.35,-4.39,20.45
92.96,-4.52,20.02
94.85,-16.24,20.57
102.42,-20.75,20.75
113.10,-29.05,21.18
123.23,-30.76,19.35
133.30,-37.17,17.70
139.53,-29.54,21.36
136.90,-34.30,26.18
128.17,-29.30,29.24
114.32,-21.61,29.42
102.36,-14.53,27.83
91.92,-10.07,23.86
84.59,-8.00,24.29
77.51,0.73,26.49
67.81,-1.10,20.57
57.80,1.71,14.89
45.59,2.56,16.60
32.84,5.74,12.76
22.58,3.72,5.98
15.14,6.77,5.19
6.59,5.98,5.19
1.16,-2.26,1.22
-2.26,-9.58,-3.11
-6.04,-14.47,-5.49
-9.34,-15.63,-6.16
-9.95,-13.43,-6.29
-8.91,-9.28,-5.31
-6.71,-4.39,-3.91
-4.39,0.61,-1.65
-2.26,5.31,0.98
-1.40,8.42,2.87
-2.14,9.46,2.99
-2.01,9.22,2.69
-1.16,8.00,2.32
-0.85,6.29,1.53
-1.34,4.15,0.55
-2.56,2.14,-0.24
-3.78,0.61,-1.04
-4.58,0.00,-1.34
-4.70,0.37,-1.28
-4.03,1.28,-0.92
-2.93,2.01,-0.43
-1.77,2.93,0.37
-0.31,3.42,0.73
0.79,3.36,0.98
1.22,2.75,1.28
0.55,1.77,1.40
-0.55,0.98,1.28
-1.53,0.31,1.53
-2.08,0.55,1.89
-2.08,1.46,2.32
-1.59,3.54,2.93
-0.92,6.10,3.48















-,-,-
-5.13,-2.01,-5.31
-5.00,-2.26,-5.86
-5.07,-2.56,-5.49
-5.25,-2.69,-3.91
-5.13,-2.93,-1.53
-4.64,-2.75,0.67
-2.69,-1.77,1.83
-1.46,-1.53,2.99
-1.46,-1.46,3.78
-0.79,-1.34,4.33
-0.31,-1.16,3.85
0.43,-1.28,2.93
0.98,-1.34,1.95
0.92,-0.37,1.46
1.28,1.34,1.46
1.59,2.44,1.46
1.83,1.65,1.22
2.01,1.10,1.22
1.71,1.34,1.40
1.89,1.71,1.46
1.95,1.83,1.65
1.89,1.40,2.26
1.71,0.92,2.99
1.40,0.85,3.91
0.67,0.79,4.39
0.00,0.79,4.70
-0.92,0.67,4.88
-1.10,-0.06,5.07
-0.43,-1.65,5.31
0.18,-4.03,6.04
0.73,-7.93,7.32
0.31,-11.17,8.00
0.37,-15.63,8.97
0.31,-23.80,10.50
-1.34,-29.36,9.46
-1.77,-31.56,9.46
-1.95,-26.31,1.95
2.32,-20.02,0.37
6.23,-12.94,15.69
10.68,-5.92,44.86
20.94,4.94,74.34
34.79,19.84,94.91
51.45,29.24,115.91
55.54,30.58,129.15
56.15,29.97,132.08
54.14,26.67,127.20
49.07,27.89,116.70
40.65,27.47,91.13
32.04,14.89,63.96
23.80,5.92,47.00
21.12,3.66,35.03
18.19,2.14,30.88
15.93,0.67,16.97
13.49,-0.24,2.38
7.63,0.37,-3.78
2.75,1.22,-4.21
2.08,3.66,-7.51
2.44,7.08,-16.48
4.39,5.37,-34.91
5.00,2.75,-58.84
5.49,2.44,-79.59
3.48,2.99,-90.70
3.42,3.97,-93.08
5.13,3.05,-89.48
8.61,-1.53,-82.46
13.18,-8.42,-72.14
16.85,-18.37,-58.11
19.84,-32.35,-41.75
21.73,-49.87,-23.07
19.23,-65.67,-5.37
14.59,-73.18,5.92
4.39,-43.40,3.05
9.58,-23.86,2.20
10.62,-27.22,0.98
3.30,-26.67,5.55
7.26,-18.31,25.09
23.68,-4.82,68.79
34.91,7.14,105.35
41.02,6.41,114.99
39.18,6.71,113.28
32.41,16.60,101.62
24.84,17.52,82.40
18.86,16.91,61.04
12.88,16.91,49.68
4.70,15.01,35.71
-1.65,9.58,18.01
-7.87,4.64,7.14
-14.40,-0.73,-2.62
-19.90,-4.46,-16.60
-26.49,-6.96,-23.44
-34.18,-7.57,-29.11
-42.60,-1.59,-36.93
-53.28,8.85,-46.33
-65.80,16.60,-56.09
-73.85,25.21,-62.26
-73.97,31.01,-59.57
-74.58,36.19,-51.64
-73.85,41.32,-43.58
-70.31,40.47,-35.28
-65.80,33.75,-25.45
-61.28,23.13,-13.43
-55.91,10.56,-2.08
-53.10,-2.32,8.42
-50.05,-15.56,16.66
-46.26,-28.14,20.69
-41.44,-35.95,19.47
-31.19,-26.25,-0.12
-8.54,-9.28,-8.79
11.90,-10.01,-0.37
21.85,-11.11,8.00
39.12,2.69,11.78
58.90,2.50,18.07
72.51,-2.08,22.03
81.36,-9.34,16.60
90.76,-24.96,13.67
92.65,-26.98,15.14
96.56,-29.85,14.71
99.12,-37.35,20.02
97.96,-36.80,23.13
102.48,-37.35,27.47
109.86,-45.96,35.10
110.23,-43.64,34.55
111.88,-41.32,34.67
111.82,-37.84,30.70
108.58,-35.28,28.63
100.34,-27.40,26.79
90.09,-26.43,17.21
80.93,-23.38,16.60
72.27,-20.02,12.57
69.34,-16.48,10.31
59.63,-11.84,9.58
51.94,-13.73,3.60
41.26,-4.15,4.46
31.49,-12.70,-2.69
25.02,-4.70,-2.50
18.13,-9.70,-2.50
12.70,-5.00,-0.06
6.10,-0.24,0.37
2.32,-3.85,-0.61
1.04,-6.71,-1.22
-0.73,-8.36,-1.28
-4.39,-8.91,-0.98
-7.87,-7.81,-0.98
-9.34,-4.88,-0.92
-6.47,-0.24,0.00
-3.48,5.74,1.53
-2.26,10.74,3.05
-2.44,13.79,4.15
-2.75,15.56,4.94
-2.50,16.36,5.43
-2.38,15.81,5.31
-2.87,14.28,5.19
-3.30,11.96,4.64
-2.32,9.46,4.03
-0.73,7.08,3.42
-1.34,5.13,2.87
-3.30,3.48,2.38
-5.31,2.56,1.83
-8.12,3.60,1.53
-9.77,6.29,0.79
-11.23,10.68,0.67
-12.33,16.48,0.67
-13.37,23.19,-1.53
-15.26,33.81,-1.46
-15.81,38.64,-0.55
-21.79,45.04,-9.40
-23.93,55.30,-22.83
-19.41,68.36,-33.26
-12.82,81.05,-37.29
-3.42,91.55,-38.51
7.93,97.96,-38.39
17.15,99.00,-36.07
22.64,95.95,-31.19
24.78,91.25,-25.15
23.86,85.75,-20.20
20.87,80.57,-16.66
17.58,75.26,-13.61
14.28,68.12,-10.13
11.29,57.13,-6.16
8.42,45.04,-4.09















-,-,-
1.53,-7.02,-0.79
1.65,-5.92,-0.85
1.89,-5.49,-1.16
1.59,-5.62,-1.28
0.92,-6.04,-0.98
1.22,-6.59,-0.98
1.16,-6.84,-0.85
0.79,-6.77,-0.61
0.24,-6.41,-0.31
0.00,-5.74,-0.37
0.43,-4.88,-0.43
1.22,-4.21,-0.24
1.40,-3.72,-0.18
1.28,-3.60,0.00
0.79,-3.72,0.18
0.67,-3.72,0.37
0.55,-3.36,0.55
0.43,-2.69,0.55
0.61,-2.08,0.49
1.34,-1.46,0.79
2.14,-0.79,0.92
2.62,-0.61,0.85
3.17,-0.79,0.92
3.85,-0.92,0.61
4.39,-0.98,0.24
4.09,-0.73,0.55
3.60,-0.24,0.79
3.66,0.61,1.16
4.27,1.40,1.77
5.13,1.77,2.56
5.62,2.20,4.46
6.77,2.93,7.51
7.14,3.54,10.74
6.23,5.19,12.15
6.65,5.74,14.95
11.66,7.02,27.89
21.36,10.86,58.78
29.91,15.26,85.08
38.39,25.82,111.08
43.95,30.70,118.65
52.00,34.36,124.88
47.91,32.47,124.33
44.01,21.24,114.38
37.35,15.93,93.69
33.26,12.82,80.75
28.81,9.64,71.90
19.84,10.07,49.80
14.53,7.69,17.70
10.56,4.15,10.31
7.57,0.49,13.49
7.87,0.18,7.69
7.51,0.43,0.67
5.80,1.34,-1.71
3.97,3.97,-3.48
3.60,8.06,-6.47
2.01,13.00,-13.73
-1.71,17.82,-27.83
-4.76,15.50,-49.38
-6.90,8.54,-70.25
-8.00,4.88,-86.00
-8.54,3.48,-99.24
-6.53,6.41,-104.31
-2.01,8.97,-100.34
2.08,7.75,-92.65
6.35,1.28,-86.30
10.99,-7.81,-81.79
16.48,-18.25,-75.13
21.67,-30.76,-62.50
24.72,-44.68,-44.49
23.38,-57.98,-24.90
19.23,-68.48,-7.93
13.85,-73.79,7.02
7.39,-71.53,20.75
1.28,-56.70,22.22
-0.98,-32.29,5.74
11.41,-28.75,0.55
9.95,-29.66,3.91
5.68,-21.79,7.81
7.75,-10.86,13.92
10.19,-3.36,27.83
16.54,3.36,46.81
22.16,11.41,72.57
29.85,15.99,96.25
37.11,23.56,116.64
41.14,29.48,132.87
38.88,26.49,138.00
34.73,25.70,129.76
27.89,21.48,114.07
21.61,14.65,94.48
16.60,11.54,71.59
13.73,10.07,39.73
11.66,7.02,40.83
6.84,7.32,34.18
2.69,2.56,12.27
1.10,0.12,0.37
-1.40,-1.83,-0.37
-1.71,-2.62,-2.62
-2.87,-2.93,-6.35
-5.37,-3.17,-11.41
-11.35,-2.62,-17.70
-19.41,-0.24,-26.31
-26.98,6.29,-35.22
-31.86,13.49,-41.44
-38.33,15.69,-40.71
-43.64,17.82,-38.70
-50.17,24.05,-38.09
-54.69,32.78,-37.29
-58.11,42.66,-35.89
-59.51,48.89,-34.36
-62.68,50.84,-34.12
-63.29,52.00,-33.63
-59.51,51.33,-30.09
-54.02,48.03,-22.16
-49.44,43.09,-11.96
-45.78,36.38,-4.76
-41.87,26.31,-1.28
-38.57,14.16,2.08
-36.50,3.91,5.86
-33.33,-4.58,9.89
-29.36,-14.10,13.85
-25.94,-25.57,16.85
-23.80,-35.22,18.55
-21.00,-39.92,15.63
-16.05,-34.67,6.59
-10.01,-19.29,-5.25
5.68,-12.94,-6.29
14.65,-16.91,0.12
16.24,-15.14,6.65
22.09,-11.54,7.14
29.24,-10.86,6.77
34.06,-10.80,8.06
36.13,-14.40,9.22
36.74,-25.82,8.00
37.11,-21.12,11.60
39.31,-18.01,13.85
49.38,-31.68,18.55
57.86,-22.28,23.50
69.64,-23.13,25.09
84.05,-30.40,20.20
90.03,-35.58,14.16
87.83,-36.62,15.87
90.21,-39.49,17.27
92.16,-39.92,16.17
92.90,-33.87,10.99
92.16,-40.53,8.24
90.76,-43.33,8.79
85.51,-50.66,2.14
81.97,-60.73,-6.23
76.48,-52.61,-10.62
66.10,-49.13,-8.12
63.11,-49.62,-10.80
59.14,-39.06,-7.87
53.53,-36.32,-4.46
48.03,-30.52,-10.19
39.06,-18.62,-8.42
33.81,-17.82,0.24
28.02,-10.44,2.08
26.06,-8.48,1.65
23.86,-0.55,6.47
19.17,2.20,6.77
19.23,0.37,4.82
17.03,0.67,5.55
14.34,-4.33,3.97
10.38,-5.49,2.56
5.92,-5.25,2.38
2.56,-6.23,2.56
1.46,-6.41,2.87
0.98,-5.74,2.87
0.43,-4.70,2.69
-0.18,-2.99,2.20
-0.49,-1.10,1.77
-0.31,1.71,1.46
0.31,5.00,1.53
0.37,7.93,1.10
0.67,10.50,0.31
1.83,12.21,0.55
2.38,13.00,1.28
2.56,12.63,1.53
1.83,11.47,1.59
0.79,9.70,1.04















-,-,-
-91.13,-33.33,-31.92
-92.83,-4.70,-48.10
-80.57,16.05,-52.19
-62.26,23.50,-46.45
-46.51,16.85,-36.80
-30.94,2.26,-27.59
-32.59,-10.19,-24.17
-42.79,-21.48,-24.90
-57.62,-30.27,-20.57
-63.84,-36.80,-11.96
-57.50,-42.05,-3.30
-50.96,-45.84,5.37
-44.31,-44.49,11.35
-42.97,-36.99,15.08
-38.33,-25.39,19.59
-29.66,-13.92,27.04
-17.88,-8.00,37.60
-8.54,-8.97,47.91
2.14,-13.73,56.58
10.99,-22.40,63.90
10.74,-31.74,64.58
10.68,-38.70,54.38
7.26,-42.91,37.17
-1.10,-41.56,18.19
-6.23,-36.32,4.03
-8.85,-29.36,-0.73
-9.95,-21.18,4.03
-10.13,-14.47,9.77
-8.91,-11.23,9.16
-6.90,-12.51,2.50
-5.31,-15.26,-6.65
-5.86,-13.98,-15.14
-6.16,-9.09,-20.69
-7.20,-4.88,-23.56
-6.65,-2.20,-23.38
-5.68,-1.10,-20.39
-6.84,-1.53,-15.38
-7.57,-2.81,-10.44
-7.02,-6.04,-5.98
-4.52,-12.57,-2.20
-0.12,-18.01,-1.40
7.08,-11.96,-5.55
14.34,-7.32,-2.62
19.78,-7.20,2.75
24.60,-6.04,1.95
27.89,-3.85,2.01
27.95,-2.01,6.41
21.24,-3.23,5.92
11.29,-6.71,1.46
1.89,-9.58,-2.50
-3.72,-9.70,-3.91
-5.74,-7.69,-3.42
-5.13,-4.21,4.27
-0.85,5.00,28.38
4.27,18.86,65.73
6.65,32.35,79.10
13.37,36.93,86.06
9.03,35.34,76.90
8.91,25.76,58.65
7.26,17.40,41.08
3.17,12.08,35.28
-2.87,9.89,19.53
-4.82,4.88,10.50
-10.74,2.08,1.59
-12.21,0.92,-3.42
-14.22,1.65,-4.27
-12.27,4.39,-5.37
-7.02,8.00,-6.10
-1.89,8.54,-11.35
6.59,0.18,-36.56
19.84,-10.56,-72.14
28.81,-16.05,-91.13
31.74,-13.61,-80.20
31.56,-9.77,-51.94
31.31,-9.70,-28.99
33.63,-15.56,-15.75
33.94,-29.85,-6.10
31.49,-49.19,6.10
19.78,-62.38,26.31
0.18,-43.88,24.29
-6.35,-27.71,3.85
-15.38,-23.01,18.55
-20.94,-6.35,36.99
-13.92,13.79,46.75
-10.99,38.76,71.35
-3.60,54.20,93.93
3.42,60.79,93.69
6.10,53.59,75.62
7.69,39.18,42.60
3.11,34.00,37.29
-5.31,24.54,20.14
-7.81,13.12,2.93
-13.61,1.83,-6.35
-18.68,-5.55,-10.07
-23.56,-10.01,-21.55
-28.56,-12.82,-44.19
-34.06,-11.11,-60.30
-36.32,-6.59,-71.11
-31.62,7.87,-76.72
-28.69,25.57,-68.54
-24.29,33.94,-55.60
-20.20,29.30,-43.40
-21.24,16.42,-27.28
-26.25,1.95,-7.45
-29.91,-13.31,13.43
-32.41,-33.20,34.79
-35.64,-53.04,52.25
-26.92,-52.80,29.48
-4.27,-41.93,-4.27
5.80,-33.75,5.62
15.08,-14.65,12.08
39.86,-0.79,10.68
68.36,-7.81,26.61
99.12,-20.81,41.99
117.80,-24.78,45.17
129.70,-25.94,41.14
131.35,-24.66,47.06
127.87,-14.89,39.37
117.68,-11.47,37.41
90.33,-8.18,27.53
61.40,-0.06,18.07
31.19,14.77,16.24
14.16,0.61,14.16
1.46,-11.23,2.69
-6.04,-28.02,1.16
-11.96,-36.07,1.46
-13.79,-32.71,1.89
-13.49,-20.69,2.26
-11.23,-4.15,2.20
-8.30,13.61,2.20
-6.53,29.66,0.73
-6.90,41.87,-0.98
-9.40,49.99,-4.33
-13.06,57.07,-13.73
-13.12,54.44,-26.06
-5.43,49.44,-38.82
7.02,61.22,-54.81
21.85,80.75,-67.14
37.60,97.96,-65.43
50.29,106.20,-54.57
58.84,110.84,-48.28
69.03,112.61,-48.52
80.02,112.85,-48.95
88.07,111.51,-44.86
91.25,108.03,-37.66
90.39,100.83,-28.26
87.10,86.61,-14.34
81.79,64.39,5.98
71.84,44.56,29.91
56.03,33.02,52.55
32.04,32.41,69.15
11.29,38.27,75.93
-3.66,41.75,77.64
-15.38,37.66,79.77
-26.00,27.53,82.89
-35.89,15.69,84.23
-40.16,0.00,81.42
-40.77,-23.19,71.17
-41.63,-50.60,51.09
-46.94,-71.72,28.14
-54.32,-78.92,10.86
-60.00,-73.18,1.46
-62.87,-59.33,-4.33
-59.51,-44.07,-10.93
-51.82,-29.72,-17.52
-43.21,-17.58,-23.86
-34.67,-9.95,-32.84
-26.12,-7.63,-43.58
-19.78,-12.15,-55.48
-15.14,-23.13,-65.19
-16.97,-32.90,-70.07
-21.42,-38.39,-70.50
-26.12,-39.49,-61.71
-29.48,-34.67,-41.81
-31.43,-19.53,-20.26
-29.05,-0.85,-8.61
-20.57,8.79,-7.14
-11.96,5.37,-7.14
-6.41,-6.41,-4.21
-1.77,-19.90,-1.34















 
-,-,-
4.58,3.36,1.65
4.58,4.09,1.65
4.33,4.03,1.46
3.97,3.23,1.46
3.60,2.08,1.40
2.62,0.79,1.10
1.65,-0.67,0.67
1.16,-1.95,0.24
0.92,-2.75,-0.18
1.04,-3.05,-0.24
0.98,-2.87,0.24
1.34,-1.89,0.67
1.89,-0.73,0.92
2.56,0.55,1.28
2.87,1.71,1.46
2.93,2.32,1.77
2.99,2.50,1.71
3.17,1.89,1.65
3.23,1.34,1.77
2.87,0.73,1.71
3.05,0.31,1.71
3.54,0.12,1.83
3.30,0.24,1.83
3.17,0.24,1.83
3.23,0.43,1.77
3.48,0.61,1.89
3.36,0.43,1.65
2.56,-0.12,1.53
2.32,-0.49,1.22
1.83,-0.85,0.92
1.46,-1.16,0.37
1.53,-1.28,0.43
1.95,-1.22,0.55
2.14,-0.79,0.73
2.50,0.06,1.16
2.75,0.92,1.53
3.11,1.71,1.77
3.48,2.14,1.65
3.48,2.26,1.59
3.30,1.95,1.71
3.30,1.40,1.71
2.93,0.98,1.71
2.56,0.73,1.59
2.75,0.73,1.71
2.62,0.92,1.71
2.38,1.16,1.77
1.77,1.16,1.83
0.73,2.14,2.75
0.43,6.96,12.82
0.00,28.02,61.40
4.15,50.90,117.61
8.61,71.29,152.77
20.14,79.53,152.59
26.92,78.61,132.02
25.51,60.30,95.40
25.21,44.56,57.80
17.94,30.94,34.67
10.25,19.71,11.41
5.00,11.54,-6.35
0.00,4.64,-11.72
-5.80,-2.20,-17.27
-11.29,-10.31,-34.12
-15.38,-25.02,-62.56
-17.46,-39.79,-82.09
-15.75,-46.94,-90.58
-7.32,-46.94,-91.37
-1.04,-40.53,-83.31
4.46,-30.58,-68.79
9.52,-21.00,-51.94
14.28,-14.77,-36.93
17.64,-14.95,-26.86
19.29,-20.87,-18.31
19.71,-28.44,-5.86
19.04,-18.80,3.30
19.41,-4.64,14.10
16.78,-2.38,23.25
8.79,-4.88,32.41
4.03,-2.01,50.54
-1.10,7.51,68.85
-1.10,14.59,71.96
-1.46,26.12,79.41
-4.09,35.58,71.59
-5.86,39.92,63.05
-7.02,32.78,40.83
-10.01,17.70,11.72
-17.33,9.28,-0.37
-27.04,12.08,1.59
-34.12,16.97,1.53
-40.04,11.11,-12.08
-44.25,5.86,-28.08
-47.55,1.77,-41.81
-46.26,2.32,-63.05
-42.54,7.39,-83.62
-35.64,11.05,-87.89
-28.14,10.93,-70.43
-23.50,7.20,-42.42
-21.67,-0.49,-17.09
-21.18,-11.11,2.44
-22.46,-27.40,23.32
-25.76,-45.47,48.89
-27.22,-56.52,59.81
-5.92,-40.04,10.86
7.14,-31.13,-1.34
8.18,-24.78,13.67
18.43,-10.80,13.49
36.80,1.71,9.09
50.96,13.43,16.42
75.01,13.67,27.65
103.33,-7.39,44.37
118.29,-21.48,49.80
123.35,-32.84,49.68
117.98,-32.47,46.33
114.75,-30.46,44.49
107.73,-18.13,42.48
98.57,-13.12,34.61
76.29,-1.71,30.76
53.22,-6.41,24.11
35.34,-2.62,14.10
21.12,-0.73,9.40
10.38,-4.94,5.49
1.16,-10.68,0.37
-5.86,-21.42,-1.46
-11.84,-28.02,-2.08
-15.75,-28.26,-2.87
-17.33,-23.01,-3.54
-15.99,-13.49,-4.03
-12.21,-2.01,-3.97
-7.87,11.17,-3.36
-3.36,24.05,-2.62
-0.67,34.06,-2.32
-2.20,40.04,-2.20
-3.72,42.66,-3.48
-5.19,41.02,-11.66
-2.14,31.56,-32.71
6.96,29.91,-46.63
14.77,38.27,-52.06
25.15,48.40,-53.71
36.68,54.87,-50.72
43.64,56.52,-44.13
48.77,55.18,-37.48
53.04,52.80,-30.88
57.50,49.74,-23.86
61.34,46.45,-16.54
64.45,42.79,-9.46
66.96,39.00,-2.93
68.54,34.00,2.81
67.93,27.34,7.45
64.45,20.08,12.08
57.50,14.04,16.17
49.50,10.86,18.13
41.50,10.62,16.30
33.57,14.34,12.02
27.34,21.18,7.45
23.07,27.65,4.39
19.10,32.53,5.00
15.63,36.50,10.13
12.39,40.53,18.92
8.12,44.37,27.71
3.36,48.65,35.89
-1.04,52.06,43.76
-4.15,53.65,50.72
-4.70,52.06,56.21
-3.78,46.39,58.35
-4.76,35.89,56.34
-5.19,20.51,49.93
-10.44,2.56,39.61
-19.17,-13.31,27.16
-27.83,-27.22,16.54
-36.56,-38.94,10.86
-43.76,-46.63,10.13
-49.32,-49.13,12.39
-53.65,-48.10,14.59
-53.34,-45.29,13.12
-51.88,-40.41,8.06
-50.84,-34.91,2.14
-50.35,-27.22,-3.36
-49.38,-17.03,-8.73
-45.35,-7.75,-15.38
-40.59,-2.62,-21.97
-35.83,-1.16,-27.28















 
-,-,-
-0.67,-6.90,-0.61
-0.31,-6.10,-0.12
-0.92,-5.31,0.31
0.06,-4.70,0.24
0.67,-4.15,0.49
0.92,-3.54,0.67
1.65,-3.11,0.00
1.28,-2.99,0.00
1.04,-2.81,0.31
1.59,-2.26,0.31
1.40,-1.59,0.43
2.14,-0.85,0.49
1.77,-0.37,0.43
1.46,0.37,0.61
2.08,1.10,0.85
2.26,1.59,0.98
2.44,1.89,1.10
2.56,1.53,1.04
2.50,1.28,1.22
2.69,0.85,1.10
2.75,0.24,1.16
2.44,-0.31,0.85
2.08,-0.92,0.73
1.28,-1.53,0.18
0.61,-1.95,-0.37
-0.37,-2.20,-0.98
-1.34,-1.77,-1.46
-1.10,0.18,0.98
4.03,4.09,12.70
7.51,18.55,45.72
6.29,43.82,82.70
8.67,55.05,101.87
13.24,52.12,96.01
13.98,44.56,78.19
12.76,34.73,63.84
6.84,25.76,41.75
3.23,17.21,25.02
1.71,13.61,23.19
0.12,15.26,26.31
-0.12,14.53,23.32
0.49,10.56,7.63
2.32,8.30,-0.37
-1.83,7.81,-0.49
-2.20,5.49,-2.50
-1.53,1.95,-9.16
-2.14,-6.16,-28.56
-0.61,-21.55,-47.97
0.00,-35.28,-58.59
0.92,-33.08,-65.49
6.59,-20.26,-67.38
12.76,-8.42,-63.35
18.07,-3.91,-57.19
21.97,-4.82,-51.27
22.22,-6.96,-44.86
20.45,-9.16,-34.67
21.06,-13.06,-20.02
22.09,-17.88,-3.05
21.61,-25.82,14.34
17.40,-36.13,30.21
7.39,-44.25,43.95
-0.73,-31.01,28.87
3.30,-24.78,2.87
-2.26,-28.02,3.66
-10.31,-21.06,11.78
-5.86,-5.19,21.24
-3.66,14.89,42.66
0.37,29.36,66.16
6.41,41.56,85.27
10.25,53.59,90.88
12.63,55.05,87.40
11.17,55.97,76.54
8.00,47.30,61.89
5.25,35.28,40.83
2.69,33.57,31.37
-3.54,25.02,27.22
-6.90,15.50,9.77
-9.46,4.21,-2.14
-11.35,-1.71,-7.57
-13.43,-4.15,-8.67
-15.38,-5.68,-11.35
-19.53,-7.02,-22.40
-26.49,-9.77,-41.63
-34.06,-14.34,-59.63
-36.25,-16.91,-62.13
-33.45,-10.38,-56.34
-31.31,2.75,-51.94
-29.66,19.35,-50.72
-28.26,30.70,-49.26
-27.65,34.30,-44.86
-28.38,32.17,-38.33
-29.42,26.37,-29.24
-29.17,14.22,-15.01
-29.17,-0.67,0.43
-29.48,-13.37,15.26
-29.30,-24.96,27.83
-30.40,-36.99,37.60
-32.78,-48.95,43.27
-22.34,-45.23,19.41
-9.22,-31.86,-10.99
-2.14,-28.75,-5.74
4.15,-26.25,8.67
14.10,-13.98,8.91
26.73,-2.99,7.14
35.64,6.59,12.51
49.68,12.27,21.30
68.12,6.71,33.08
81.85,0.61,41.14
95.89,-9.46,44.68
107.60,-13.92,48.65
112.24,-17.64,46.63
110.84,-16.66,45.35
101.99,-14.10,46.08
91.00,-10.31,37.23
78.19,-9.64,33.69
60.18,-5.00,25.88
44.43,-4.33,19.41
29.11,-11.96,12.88
15.75,-5.86,5.00
5.55,-4.88,0.37
1.46,-13.55,0.37
-2.08,-20.57,0.00
-6.59,-24.11,-0.85
-9.58,-24.35,-1.28
-10.74,-20.69,-1.95
-10.13,-14.95,-2.87
-7.93,-8.00,-3.17
-4.94,-0.92,-2.38
-2.93,5.86,-1.34
-2.50,11.29,-0.31
-2.62,15.50,0.67
-2.93,19.17,1.34
-3.48,22.58,1.34
-4.46,24.96,0.49
-6.53,26.61,-1.10
-9.28,27.47,-3.30
-12.76,27.71,-7.20
-15.75,23.93,-23.74
-11.72,17.27,-48.46
-1.40,24.72,-58.84
9.58,42.48,-57.56
23.44,61.58,-52.31
34.06,72.57,-45.84
41.63,72.27,-42.18
46.33,64.39,-39.73
48.22,51.45,-36.68
46.81,34.12,-29.79
41.63,14.10,-18.80
34.36,-1.89,-8.36
27.83,-11.84,-0.06
22.77,-15.81,8.00
20.02,-15.75,16.30
19.23,-15.63,22.22
20.75,-16.48,23.93
22.34,-18.92,21.55
23.25,-21.36,16.36
22.95,-22.28,10.80
19.41,-22.03,7.26
13.00,-20.87,6.53
5.55,-19.53,6.90
-1.04,-17.27,6.90
-4.94,-14.59,6.23
-6.90,-12.33,5.37
-7.69,-10.38,4.94
-6.65,-8.54,3.85
-6.16,-7.32,1.77
-6.90,-5.55,-0.98
-7.45,-3.60,-3.05
-7.87,-2.26,-4.09
-8.67,-1.77,-4.46
-9.70,-1.53,-4.21
-10.31,-1.16,-3.11
-11.05,-0.67,-1.22
-12.94,0.24,0.37
-14.04,1.95,0.43
-15.20,3.54,-1.10
-16.30,5.19,-2.87
-17.03,6.35,-4.09
-17.76,7.26,-5.31
-18.43,8.30,-6.53
-18.86,9.16,-7.81















 
-,-,-
-0.31,-4.94,3.85
-1.04,-6.59,4.94
-2.26,-8.91,6.16
-3.23,-12.15,7.93
-3.85,-15.50,9.95
-4.39,-19.41,12.02
-4.64,-24.48,14.10
-6.35,-29.91,17.40
-9.46,-35.64,20.02
-13.06,-33.57,12.02
-3.42,-26.00,-3.91
0.92,-29.79,-1.65
-4.58,-29.17,1.04
1.40,-25.39,-0.12
3.72,-21.48,-1.65
2.20,-18.68,-1.53
2.87,-15.93,-1.46
3.48,-12.63,-1.10
2.99,-9.58,-0.49
2.01,-7.51,0.00
1.40,-6.29,0.43
1.53,-5.13,0.61
2.20,-4.21,0.43
2.56,-3.78,0.18
1.65,-3.91,-0.06
0.49,-4.21,-0.61
-0.67,-4.52,-0.79
-1.16,-4.94,-0.73
-1.89,-5.13,0.24
-3.97,-3.23,4.58
1.65,7.08,28.63
4.82,27.10,70.19
6.29,44.92,92.35
11.47,54.20,96.44
14.34,54.32,85.33
18.43,48.58,65.86
19.65,34.91,52.43
14.59,24.35,31.98
15.75,21.55,20.14
10.93,17.33,23.68
5.98,12.63,13.98
3.91,9.22,4.64
1.28,6.65,2.62
-1.10,4.58,1.40
-4.64,2.56,-1.22
-8.54,0.79,-4.88
-11.84,-0.55,-12.57
-9.83,-7.14,-31.68
-6.04,-23.68,-50.11
-4.15,-33.14,-60.42
-2.01,-28.08,-67.69
5.13,-15.14,-70.19
12.88,-4.03,-66.71
19.59,0.37,-60.36
25.51,-1.95,-53.16
28.87,-7.81,-44.74
30.76,-15.56,-32.17
32.17,-24.84,-13.98
32.35,-36.62,5.86
29.42,-49.80,24.35
20.75,-58.17,39.25
11.05,-40.65,28.14
12.51,-22.09,6.29
5.43,-24.96,8.61
-6.23,-22.46,25.33
-5.07,-9.83,42.05
-3.78,8.36,57.31
-1.53,24.35,72.75
5.92,32.84,78.74
13.73,44.19,80.99
17.27,58.72,84.59
16.17,58.04,74.65
10.74,41.02,59.69
5.80,30.58,42.36
0.00,28.50,26.12
-6.71,22.16,11.96
-11.47,12.21,-5.07
-16.48,5.55,-10.86
-21.73,0.55,-12.27
-28.08,-3.30,-15.20
-35.22,-3.97,-23.38
-45.35,2.08,-40.47
-53.10,-0.67,-57.43
-57.37,-2.69,-71.72
-57.01,1.10,-79.41
-53.59,7.20,-77.33
-49.80,13.31,-66.89
-44.92,15.99,-51.76
-37.23,11.96,-35.10
-31.01,4.27,-17.52
-26.61,-3.66,1.40
-23.56,-11.78,22.71
-21.36,-23.25,43.76
-20.20,-38.21,60.42
-10.74,-39.43,43.52
10.56,-29.97,4.39
18.01,-23.68,0.37
20.87,-15.75,10.68
34.06,-0.73,13.31
49.80,10.68,12.94
62.44,12.70,21.48
80.87,1.46,31.86
95.03,-11.60,33.08
100.89,-14.53,28.63
104.98,-24.29,24.17
103.45,-24.23,20.20
101.50,-20.69,20.32
102.60,-20.14,27.28
96.80,-12.70,25.57
92.65,-14.04,21.42
82.34,-10.68,24.84
64.64,-1.95,24.48
51.51,-6.96,18.43
35.34,-2.01,10.19
24.17,-1.16,8.24
13.18,-0.18,5.19
4.94,-2.81,1.28
0.12,-11.47,0.73
-4.33,-18.43,0.49
-8.36,-22.22,0.24
-10.44,-22.22,0.06
-10.50,-18.55,0.31
-8.18,-12.63,0.49
-5.00,-5.92,1.28
-1.77,0.43,2.32
0.61,6.29,3.23
2.14,10.50,3.78
2.14,13.00,4.39
1.65,14.53,4.58
0.61,14.95,4.52
-0.37,15.01,4.39
-1.46,14.95,3.78
-2.08,15.32,3.05
-3.11,16.30,2.38
-4.70,17.58,1.28
-6.23,19.41,0.24
-7.32,21.61,-0.31
-7.81,24.72,-1.28
-8.79,26.67,-8.00
-9.46,22.58,-26.49
-4.58,20.75,-36.07
0.31,30.58,-32.04
6.23,45.72,-26.18
13.73,56.88,-25.39
20.02,60.61,-28.69
24.41,59.02,-30.88
26.06,54.69,-28.38
25.51,48.89,-22.52
23.74,42.66,-16.48
21.42,37.17,-11.72
18.49,32.53,-7.69
15.14,26.43,-3.66
12.08,16.78,0.73
8.54,6.71,3.78
6.04,-0.79,4.58
3.42,-4.46,4.88
1.65,-4.58,5.43
0.92,-2.26,6.47
0.24,1.16,6.84
0.31,4.64,6.23
0.61,6.35,5.00
0.24,5.86,4.27
-0.79,4.27,4.39
-2.87,2.01,4.64
-4.46,0.00,4.58
-5.55,-1.83,4.15
-5.68,-3.17,3.72
-5.31,-3.17,3.30
-4.70,-2.20,3.42
-4.64,-1.16,3.42
-4.21,0.06,3.17
-3.97,1.65,3.17
-3.97,3.72,3.72
-3.36,5.19,3.85
-2.26,4.76,3.91
-1.53,3.05,3.72
-0.31,1.53,3.17
0.12,0.61,2.44
0.24,0.55,1.77
0.49,1.04,1.65















 
-,-,-
4.27,-1.10,0.49
3.85,-1.16,0.24
2.62,-1.77,-0.18
1.83,-2.75,-0.43
1.59,-3.54,-0.37
1.71,-3.72,-0.24
1.71,-3.97,-0.43
2.26,-3.85,-0.24
2.50,-3.30,-0.18
2.69,-2.38,0.06
2.93,-1.71,0.18
2.93,-0.98,0.49
3.30,-0.18,0.49
3.54,0.18,0.37
4.15,0.67,0.43
3.97,0.73,0.61
3.91,0.85,0.98
3.85,0.92,1.40
4.03,0.85,1.77
5.13,0.85,2.26
4.88,0.37,2.69
4.88,-0.06,2.99
4.52,-0.31,2.62
3.85,-0.85,2.32
3.17,-1.16,2.01
2.75,-1.40,1.53
2.26,-1.77,1.04
2.38,-1.65,0.67
2.69,-1.71,0.55
3.30,-1.83,0.55
5.49,-0.67,3.36
10.07,5.31,17.21
15.63,13.67,45.17
13.43,26.12,72.27
15.93,32.04,74.16
17.82,34.18,66.10
18.43,24.54,55.18
14.53,21.06,43.33
16.30,19.29,34.61
11.35,17.70,34.24
8.73,18.01,28.87
6.41,16.72,27.71
2.44,11.60,17.09
1.46,7.20,2.50
-1.71,5.49,-0.79
-6.10,3.97,-0.85
-7.75,2.26,-2.32
-9.40,0.98,-4.21
-11.54,0.55,-8.30
-12.57,-0.85,-19.84
-11.41,-6.47,-37.66
-7.20,-20.20,-49.44
-5.19,-24.84,-57.31
-2.26,-18.37,-63.48
3.11,-7.39,-64.64
8.12,-0.43,-60.06
12.70,1.65,-51.88
16.42,-0.98,-41.81
16.97,-5.74,-31.74
19.35,-11.17,-20.81
20.32,-16.11,-6.90
21.12,-22.22,10.44
21.91,-31.92,27.71
18.37,-36.38,33.87
21.06,-15.44,13.18
22.77,-13.85,5.43
11.84,-18.80,6.65
4.27,-18.55,7.75
5.43,-15.81,6.35
4.76,-11.35,17.15
4.46,-2.99,31.19
6.90,9.46,46.69
7.81,22.77,64.76
8.30,39.43,72.45
11.90,44.07,80.20
8.97,43.46,81.91
8.91,40.71,57.74
9.34,41.81,50.11
3.42,34.48,44.13
1.71,22.52,20.94
0.00,17.58,11.78
-5.25,16.91,18.43
-8.42,10.38,5.43
-6.35,5.00,-4.76
-10.56,1.65,-5.80
-13.79,-1.40,-8.06
-18.25,-3.85,-12.82
-23.86,-6.16,-26.79
-30.88,-9.89,-46.26
-38.33,-12.33,-53.77
-44.31,-10.38,-45.10
-47.18,0.24,-36.56
-46.33,16.66,-36.38
-43.27,29.36,-40.71
-41.26,35.34,-43.52
-37.66,33.94,-39.43
-33.94,25.02,-27.71
-31.49,11.47,-12.70
-29.30,-1.16,1.71
-26.73,-10.56,15.75
-22.34,-19.23,29.24
-18.55,-30.46,39.37
-16.42,-41.32,42.42
-2.93,-33.45,17.09
3.36,-23.07,-4.58
10.99,-24.54,1.83
12.76,-20.94,8.67
22.22,-11.72,7.26
31.86,-5.43,8.00
40.89,0.79,11.72
48.34,5.25,15.99
54.14,0.00,22.03
55.73,1.53,20.94
56.15,9.64,17.88
65.31,-14.47,24.66
76.84,-16.72,23.56
85.82,-10.56,24.41
87.71,-10.50,26.61
90.94,-12.63,25.39
90.09,-5.86,24.29
87.52,-6.35,25.09
78.12,0.49,24.05
67.44,-7.75,18.98
52.92,-6.41,13.92
37.60,0.00,7.93
22.95,-1.10,8.67
15.08,-6.16,6.96
7.26,-2.99,2.14
0.37,-9.09,-0.55
-4.88,-16.42,-2.56
-9.64,-20.94,-3.85
-11.96,-21.61,-4.39
-12.70,-18.62,-4.58
-12.27,-13.43,-4.52
-10.74,-7.39,-4.33
-8.61,-0.79,-3.72
-8.00,6.90,-2.20
-7.20,15.20,-0.85
-7.14,22.52,-0.06
-9.03,28.87,0.12
-13.31,34.79,-0.24
-14.28,41.08,-0.31
-13.06,47.67,-1.04
-13.31,53.10,-8.85
-11.29,49.32,-29.36
-5.31,48.46,-44.19
2.08,56.82,-49.80
9.58,68.24,-52.25
16.66,77.64,-52.37
22.46,83.19,-49.07
23.99,86.24,-41.63
22.22,86.79,-33.14
22.09,83.80,-27.59
20.94,76.97,-24.60
18.98,69.03,-22.83
14.89,62.44,-21.36
12.21,57.19,-19.41
9.83,52.98,-16.24
7.57,50.42,-12.70
5.92,48.65,-9.46
5.13,46.57,-6.84
4.39,43.27,-4.94
2.38,39.67,-4.27
0.61,36.74,-3.91
-0.43,33.57,-3.72
-0.85,30.82,-3.97
-0.49,28.44,-4.46
-0.49,26.00,-4.76
0.06,22.46,-4.88
-0.37,19.10,-5.07
-0.98,18.92,-6.41
0.92,20.81,-8.00
3.42,22.22,-8.97
5.00,22.83,-9.40
6.59,24.05,-10.13
8.91,25.21,-9.95
10.74,25.09,-9.34
10.93,23.93,-8.36
9.77,22.52,-7.14
8.54,22.52,-6.41















 
-,-,-
3.05,-5.55,1.28
3.72,-4.15,1.16
4.03,-2.75,1.46
3.48,-1.83,1.53
2.87,-1.40,1.16
2.56,-1.22,0.85
2.44,-1.16,0.67
2.69,-1.04,0.37
2.69,-1.10,0.31
2.87,-0.85,0.67
3.11,-0.61,0.49
3.17,-0.18,0.55
2.75,0.18,0.92
2.50,0.49,0.98
2.38,0.67,0.79
2.26,0.73,0.73
2.44,0.79,0.61
2.32,0.31,0.61
1.95,-0.37,0.73
2.08,-0.98,0.61
2.20,-1.71,0.37
2.14,-2.14,0.49
2.01,-2.01,0.85
2.14,-1.77,1.34
2.56,-1.53,1.53
3.05,-1.40,1.53
3.17,-1.28,1.40
3.17,-1.40,1.46
3.54,-1.77,1.83
3.72,-1.65,5.13
5.68,-0.06,16.42
12.94,10.56,43.15
16.97,29.72,80.93
21.55,41.87,105.65
26.12,51.57,110.29
31.07,45.96,102.42
27.71,40.22,81.42
23.32,33.45,56.95
17.52,25.51,47.49
9.40,16.78,29.48
5.55,12.27,13.31
0.73,8.12,8.97
-3.11,5.98,2.99
-4.39,5.00,-0.49
-6.16,4.09,-2.81
-8.42,3.60,-6.71
-11.90,-0.06,-23.01
-12.15,-9.09,-42.42
-13.00,-21.97,-52.98
-15.93,-30.21,-60.00
-13.43,-26.12,-62.99
-5.74,-13.67,-59.94
3.66,-2.75,-53.96
9.52,0.85,-48.28
16.60,-2.38,-43.95
22.58,-8.61,-40.22
22.28,-14.71,-34.48
19.53,-20.14,-25.39
15.87,-26.12,-13.06
13.67,-35.28,1.28
12.21,-47.12,17.46
9.09,-54.32,27.77
15.14,-33.08,11.23
20.32,-27.47,5.98
14.40,-29.54,6.90
5.80,-27.16,6.90
6.77,-24.72,3.36
2.44,-22.03,6.04
-1.65,-13.55,19.17
3.48,0.49,48.34
11.54,17.58,86.18
16.97,37.23,102.72
21.00,50.17,104.06
17.27,52.06,85.39
13.18,45.41,63.54
8.85,39.25,43.46
5.80,37.17,36.99
0.55,30.27,28.38
-4.03,20.75,12.45
-8.79,13.24,0.31
-15.56,5.25,-5.49
-20.02,-1.65,-8.97
-23.56,-6.41,-11.60
-28.56,-9.40,-16.72
-35.71,-11.29,-30.27
-45.29,-9.64,-48.03
-52.25,-10.25,-54.14
-56.21,-6.04,-51.51
-58.90,6.59,-47.24
-56.27,19.65,-43.40
-50.96,24.96,-38.82
-45.23,21.48,-31.31
-40.41,11.17,-19.59
-36.68,-0.98,-3.05
-33.39,-11.35,15.99
-30.03,-23.13,34.00
-29.05,-34.06,40.89
-12.51,-31.92,6.53
-5.62,-22.89,-11.96
0.49,-18.74,-2.14
4.27,-23.38,7.57
19.65,-14.89,5.49
30.15,-6.65,7.75
38.27,-0.55,11.84
51.82,4.33,16.54
66.47,-2.87,24.29
76.11,-7.51,26.55
79.53,-7.39,23.74
85.02,-20.51,22.64
91.31,-22.95,24.29
96.50,-21.48,27.65
104.80,-23.99,28.87
111.02,-24.72,31.37
107.91,-18.01,24.54
101.93,-20.45,19.23
89.84,-13.37,19.59
82.40,-11.54,18.01
71.96,-2.14,13.85
65.98,-6.10,12.57
51.64,5.25,17.27
38.94,1.65,10.93
27.28,-4.03,7.93
14.95,-2.81,6.16
5.55,-3.05,2.93
-2.20,-8.42,0.55
-6.35,-15.63,-2.01
-9.16,-20.14,-3.48
-11.54,-21.00,-3.66
-12.02,-18.74,-3.54
-10.01,-13.85,-3.17
-6.84,-7.20,-2.20
-3.30,-0.37,-0.73
-0.67,6.10,0.61
1.16,11.78,1.89
2.32,16.05,2.75
3.05,18.43,2.69
3.36,18.68,2.08
2.56,16.91,1.59
0.67,14.28,0.98
-1.83,11.29,0.18
-3.36,8.54,-0.31
-4.27,7.20,-0.31
-4.94,7.08,-0.49
-5.13,8.61,-0.31
-5.07,11.60,0.37
-4.94,16.24,1.28
-4.46,22.58,2.38
-4.27,29.66,3.30
-5.98,36.01,3.30
-8.18,41.38,2.99
-8.91,45.10,1.95
-10.80,44.80,-2.69
-6.53,42.97,-13.24
-3.60,48.77,-25.39
-3.05,58.11,-34.18
1.34,66.65,-40.04
7.32,72.75,-42.36
12.51,75.74,-40.34
16.72,77.82,-35.95
20.20,79.22,-30.70
20.75,78.80,-25.57
19.84,76.42,-21.42
17.03,74.16,-18.13
13.98,71.59,-15.26
11.72,67.87,-12.88
9.22,62.50,-11.54
6.77,55.60,-10.74
5.37,49.13,-10.07
4.27,41.93,-8.48
3.17,34.61,-6.41
2.62,29.54,-4.76
1.89,26.92,-3.60
1.16,26.37,-2.62
0.61,26.79,-2.50
-0.31,27.59,-3.30
-1.71,29.36,-4.27
-1.89,30.15,-4.82
-0.55,29.05,-5.00
0.49,26.55,-4.94
1.10,24.48,-4.88















 
-,-,-
0.24,-0.18,-0.55
0.06,0.31,-0.18
0.43,1.04,-0.24
0.85,1.46,-0.61
1.53,1.71,-1.10
1.77,1.40,-1.10
1.95,1.04,-0.73
1.95,0.55,-0.37
2.14,0.12,-0.06
2.26,-0.24,0.24
2.38,-0.49,0.31
2.20,-0.49,0.06
2.08,-0.43,0.18
1.95,-0.49,0.55
1.53,-0.67,1.10
1.28,-1.04,1.65
0.98,-1.22,1.95
0.55,-1.77,2.32
0.55,-2.81,2.87
0.61,-4.76,3.66
0.31,-6.29,4.09
0.55,-7.20,4.82
0.55,-7.57,5.37
1.16,-7.20,5.98
2.01,-7.26,7.08
2.69,-7.69,8.12
2.14,-8.30,8.91
1.65,-9.95,10.44
0.98,-12.94,12.51
-0.24,-17.46,14.71
-1.89,-24.78,17.70
-4.09,-27.47,14.95
1.34,-19.10,-0.79
0.37,-17.94,-5.68
-0.49,-17.88,-4.52
0.31,-16.05,-0.98
5.25,-11.17,-0.67
7.81,-8.18,-1.16
8.12,-6.10,0.24
13.00,-4.70,6.41
22.22,-5.49,23.80
21.00,2.99,36.56
23.38,12.57,59.94
28.14,20.39,83.80
26.61,26.37,93.69
26.12,27.28,91.74
24.66,32.29,84.23
21.06,27.04,71.53
16.54,21.61,58.29
10.68,10.19,33.33
9.83,4.76,14.40
7.57,8.24,20.81
2.69,11.47,24.66
1.77,6.96,8.54
1.89,4.15,1.34
-1.53,2.38,1.04
-5.37,0.92,-0.18
-8.54,-0.37,-4.15
-12.76,-4.82,-17.09
-14.59,-13.55,-37.60
-12.08,-26.12,-52.00
-13.85,-31.25,-59.08
-13.31,-26.00,-62.62
-7.14,-16.17,-62.87
0.98,-8.54,-60.36
8.24,-7.20,-55.36
14.89,-9.89,-48.34
19.04,-13.79,-39.12
18.80,-18.43,-27.34
18.98,-27.89,-14.16
20.32,-40.59,0.43
19.59,-53.65,16.72
15.20,-52.25,21.67
18.62,-26.73,7.51
24.41,-24.41,6.59
15.38,-26.37,9.22
7.39,-23.50,11.17
6.16,-18.55,17.52
5.98,-10.99,29.54
13.49,0.55,50.05
19.59,23.32,76.78
20.94,42.36,94.54
20.69,48.03,86.67
19.17,39.06,66.04
13.00,33.20,43.88
4.03,30.82,28.87
-1.95,29.91,29.79
-7.93,23.56,22.28
-11.05,13.92,8.61
-14.95,3.54,-4.15
-19.41,-2.56,-9.77
-25.51,-6.29,-11.90
-31.07,-8.06,-15.99
-37.60,-3.97,-26.92
-44.37,0.67,-37.11
-48.22,-1.10,-39.98
-50.90,2.69,-43.64
-51.94,11.84,-45.96
-49.99,20.87,-44.74
-47.24,24.17,-39.67
-44.25,19.59,-30.40
-40.34,8.12,-18.07
-36.62,-5.37,-4.58
-33.14,-18.62,10.19
-26.98,-33.63,27.22
-22.34,-43.21,29.91
-2.93,-36.99,-2.20
7.32,-26.49,-7.32
8.24,-23.93,7.57
14.59,-15.08,11.72
38.09,-3.23,10.07
58.47,6.96,15.81
74.22,4.15,24.66
91.61,-10.80,28.69
107.12,-34.30,31.01
110.23,-37.48,24.90
110.17,-46.94,23.25
108.89,-43.95,17.27
108.83,-39.31,14.83
101.87,-32.96,20.69
84.23,-23.32,22.58
65.00,-9.70,22.28
46.02,-7.39,15.81
31.62,1.59,7.87
19.41,3.91,4.27
11.41,2.32,2.81
6.77,0.61,1.40
3.60,-5.31,1.59
1.10,-11.35,1.89
-0.67,-14.53,1.95
-1.40,-14.83,2.20
-0.92,-12.39,2.56
-0.37,-8.18,2.50
0.31,-3.60,2.38
0.73,0.92,2.69
1.77,5.07,2.87
2.69,8.36,3.11
3.42,10.74,3.36
4.46,11.78,3.42
4.94,11.23,3.30
4.09,8.85,2.81
2.32,6.29,2.08
0.43,4.03,1.28
-0.92,2.75,0.55
-1.04,2.62,0.18
-1.10,3.30,0.00
-0.55,5.07,0.06
0.37,7.08,0.61
1.04,9.34,1.71
1.34,11.11,2.08
1.59,12.70,2.69
0.92,14.22,3.11
0.06,15.75,3.05
-0.37,17.76,3.36
-0.98,20.08,3.72
-2.20,22.71,3.85
-2.50,25.21,3.48
-4.46,27.10,2.75
-8.30,28.75,1.77
-12.45,30.46,0.37
-15.14,30.40,-3.78
-14.28,27.47,-16.36
-10.19,29.91,-33.57
-10.50,39.25,-46.88
-5.55,49.19,-55.73
3.23,56.34,-61.83
14.59,59.14,-66.59
27.04,55.91,-71.84
38.39,47.30,-76.66
47.42,35.03,-80.02
54.63,20.14,-82.21
63.29,4.94,-83.80
73.06,-8.73,-84.47
82.09,-23.19,-83.80
86.00,-32.84,-79.47
83.37,-28.93,-70.50
76.97,-10.80,-58.65
69.27,15.56,-47.18
60.97,43.03,-37.90
56.76,63.84,-30.15















 
-,-,-
1.77,-3.91,0.98
1.89,-4.39,0.79
1.77,-4.88,1.16
1.22,-5.07,1.71
1.10,-5.68,1.71
1.10,-7.51,2.14
1.28,-10.80,2.93
0.37,-14.83,3.85
-1.34,-18.31,5.00
-3.78,-20.45,7.08
-6.10,-21.36,9.46
-6.96,-21.42,11.47
-7.08,-20.45,11.17
-5.86,-15.87,5.68
-2.56,-13.55,-1.71
0.24,-13.73,-2.93
0.79,-12.33,0.43
0.37,-9.83,1.53
1.10,-8.61,1.04
1.22,-9.77,0.79
1.59,-11.60,0.37
1.34,-12.88,0.06
1.16,-13.49,-0.31
0.61,-13.55,-0.37
0.31,-13.43,-0.55
0.55,-13.31,-0.31
0.85,-12.88,-0.37
0.79,-12.70,-0.18
0.79,-12.45,-0.31
0.31,-12.33,-1.16
-0.24,-11.84,-1.71
-0.06,-11.05,-1.65
0.37,-9.52,-0.37
3.11,-8.97,5.43
9.46,-5.98,24.84
14.89,6.04,54.26
17.94,20.87,74.77
20.39,32.04,84.84
21.12,35.16,87.77
18.68,31.74,76.84
16.72,26.06,58.53
13.73,22.46,45.65
8.00,15.26,28.69
5.68,9.40,14.83
4.39,10.13,12.94
1.10,10.44,18.86
0.24,6.16,6.77
2.01,4.94,0.18
0.06,5.92,0.31
-1.77,7.32,-0.67
-3.30,9.28,-3.48
-4.82,11.17,-8.61
-7.32,11.72,-17.15
-9.16,8.48,-30.64
-8.42,5.55,-37.05
-4.94,0.31,-37.29
-1.71,0.49,-41.14
5.31,2.75,-48.03
8.48,3.60,-52.80
11.11,3.05,-53.77
13.85,2.62,-49.99
15.63,1.83,-41.56
16.66,0.06,-31.43
17.46,-2.87,-23.13
17.58,-6.41,-18.13
17.09,-11.35,-14.77
16.42,-18.74,-10.99
14.89,-27.77,-5.80
11.78,-37.60,0.98
7.63,-45.96,9.58
3.66,-53.77,19.23
1.28,-61.46,28.20
0.06,-63.72,30.76
3.72,-47.73,16.30
9.40,-35.03,-0.49
11.84,-29.85,-2.01
9.70,-24.41,7.08
7.26,-16.42,6.71
4.94,-9.89,3.60
4.64,-6.23,5.49
9.28,-2.81,21.48
11.84,9.89,46.33
12.39,24.54,69.70
11.72,38.57,81.85
10.38,42.54,78.86
7.02,39.92,65.61
4.09,32.47,42.05
3.91,27.59,35.77
0.43,21.85,27.83
0.24,16.97,21.97
-1.89,13.24,19.41
-3.36,6.96,8.42
-5.19,2.08,-0.98
-9.34,-1.34,-4.70
-15.38,-3.85,-6.84
-20.51,-4.82,-9.89
-25.33,-1.59,-14.04
-30.94,10.38,-20.94
-35.95,16.85,-24.11
-39.98,14.34,-23.56
-39.98,8.06,-25.76
-44.56,4.88,-28.20
-45.65,16.42,-32.41
-46.75,25.15,-32.10
-45.53,20.81,-27.89
-40.65,9.64,-20.39
-38.27,-1.04,-9.70
-34.97,-7.69,2.99
-29.42,-12.82,18.43
-23.99,-20.63,33.57
-16.30,-26.31,29.48
-2.75,-23.50,2.32
8.67,-18.98,-3.42
11.17,-16.36,5.86
15.63,-11.41,10.86
29.97,-3.05,10.31
44.68,-0.61,14.65
56.95,0.18,19.90
74.34,-9.52,20.57
90.33,-26.79,21.55
103.70,-36.38,22.16
109.99,-37.23,18.37
114.93,-43.40,15.56
119.69,-35.71,17.33
113.71,-28.02,23.93
98.94,-17.94,26.18
77.58,-15.44,19.23
55.54,-13.85,18.19
33.87,-9.03,13.31
19.65,-11.78,7.63
9.09,-7.26,5.00
2.14,-10.44,4.27
-0.79,-18.43,3.11
-3.72,-22.95,1.77
-6.65,-23.19,1.04
-8.24,-20.32,0.55
-7.81,-15.63,-0.31
-6.10,-10.01,-1.22
-4.82,-4.39,-1.46
-3.85,0.73,-1.71
-2.81,5.43,-1.53
-1.10,9.58,-0.92
0.73,12.76,-0.12
2.01,13.92,0.31
2.75,13.31,1.16
2.99,11.54,1.71
2.20,8.48,1.95
0.55,4.88,1.71
-1.34,1.71,1.10
-2.81,-0.18,0.79
-3.17,-0.43,0.61
-2.44,0.43,0.49
-1.34,2.26,0.67
0.12,3.91,1.16
1.10,5.49,1.59
1.59,6.47,1.89
1.65,6.84,2.01
1.53,6.77,2.08
1.40,6.29,1.83
1.22,5.74,1.59
1.46,5.00,1.46
1.34,4.09,1.22
0.98,3.05,0.73
0.31,2.20,0.24
-0.98,1.83,0.06
-2.50,2.38,-0.06
-3.91,4.33,-0.61
-5.49,8.00,-0.85
-7.08,13.67,-1.59
-8.36,21.55,-2.38
-8.97,32.04,-3.17
-7.75,41.99,-5.86
-6.59,50.96,-15.14
-3.36,55.24,-28.81
4.94,57.25,-34.36
12.08,64.45,-35.34
18.55,75.13,-37.84
25.63,83.50,-41.93
33.39,88.50,-46.02
40.65,90.94,-47.24















 
-,-,-
1.16,-4.64,3.05
1.04,-4.58,2.81
0.73,-4.94,2.81
0.06,-5.55,2.62
-0.79,-6.04,2.20
-0.73,-6.23,1.16
-0.67,-6.16,0.49
-0.79,-5.86,-0.24
-1.28,-5.37,-1.10
-1.71,-4.52,-2.44
-1.59,-3.72,-2.99
-0.43,-2.56,-0.18
-0.73,-1.16,1.77
0.00,0.06,1.71
0.85,1.04,1.10
0.98,1.89,1.10
1.10,2.26,1.16
1.46,2.56,0.92
1.16,2.32,0.79
1.16,1.83,0.92
1.83,1.89,1.22
2.81,1.95,1.53
3.54,1.77,1.83
3.97,0.98,2.08
4.46,-0.12,2.75
4.58,-0.79,4.33
5.00,-0.92,7.75
6.84,1.22,14.04
8.97,6.90,23.93
11.72,11.72,35.46
13.92,19.84,47.00
21.12,26.18,65.98
20.87,35.64,79.04
25.21,37.05,86.98
24.66,33.75,81.05
23.50,25.15,58.65
26.00,19.47,52.00
20.51,20.20,45.90
18.13,17.94,38.82
11.90,12.82,28.08
7.02,7.39,17.82
0.98,3.91,4.15
-3.66,1.53,-3.54
-7.75,-0.31,-5.13
-9.40,-0.92,-6.77
-10.68,-0.43,-10.62
-11.90,0.43,-21.36
-11.72,-1.46,-42.66
-8.36,-10.99,-61.77
-7.93,-18.92,-74.34
-8.30,-17.33,-80.32
-6.65,-10.56,-78.74
-2.08,-3.05,-71.47
2.87,-1.89,-60.73
4.58,-6.59,-51.88
5.43,-13.61,-44.86
7.20,-20.32,-35.40
8.61,-27.04,-20.87
9.52,-35.58,-3.85
9.70,-45.59,12.02
9.03,-51.45,22.71
9.03,-39.37,19.10
17.03,-25.15,12.70
18.43,-23.50,7.45
10.07,-23.99,9.09
5.92,-18.31,20.69
5.80,-7.20,39.92
10.13,5.55,55.54
18.31,18.74,68.54
24.66,29.54,78.61
27.40,36.56,83.13
25.70,38.57,73.18
21.18,35.03,57.43
17.76,29.91,41.14
12.02,27.10,40.04
5.62,21.73,26.31
-0.24,12.02,8.73
-6.47,5.49,2.01
-10.80,2.87,2.69
-13.37,-0.37,1.34
-14.53,-5.19,-5.86
-16.54,-7.75,-11.29
-22.58,-4.27,-17.09
-33.02,6.59,-26.67
-42.36,10.68,-31.68
-49.26,9.28,-30.46
-54.81,9.40,-29.11
-58.35,14.16,-33.94
-57.62,20.32,-40.10
-56.03,20.02,-41.44
-53.04,13.61,-36.44
-50.35,5.49,-23.80
-47.67,-2.20,-7.57
-43.46,-9.09,8.30
-37.54,-17.27,23.13
-32.41,-27.34,35.28
-28.87,-38.33,45.84
-25.09,-47.91,52.31
-16.72,-44.43,34.36
-2.01,-39.98,6.59
10.13,-34.06,1.16
13.98,-28.32,9.22
23.74,-16.97,11.29
35.71,-2.56,12.02
43.88,8.61,14.34
49.19,13.18,16.48
51.57,8.42,17.09
49.74,0.00,15.50
49.50,-21.55,8.97
42.66,-18.43,3.42
34.30,-20.08,1.89
29.66,-14.10,0.12
26.92,-7.63,-0.61
30.46,-13.67,1.46
39.67,-21.61,2.62
49.99,-22.64,2.81
62.07,-15.93,3.17
79.53,-18.37,8.30
96.56,-13.06,20.26
109.44,-13.73,19.90
116.03,-18.74,13.00
112.85,-16.24,11.54
103.09,-2.75,13.98
87.34,14.71,15.63
76.60,7.69,9.83
64.94,11.90,7.02
51.88,17.09,4.70
38.94,11.05,5.31
25.45,7.39,3.97
12.76,3.05,1.40
4.64,-4.09,0.31
-1.04,-11.54,-1.04
-6.04,-18.31,-2.99
-9.03,-21.91,-3.85
-9.34,-21.61,-3.91
-9.09,-18.01,-3.85
-7.69,-12.27,-3.85
-4.88,-5.98,-3.66
-2.20,0.37,-2.81
-0.49,7.26,-1.22
1.10,12.51,0.06
1.89,15.26,1.04
2.38,16.17,1.34
2.44,15.63,1.83
1.65,13.67,2.14
0.49,11.05,1.71
-0.06,7.93,1.46
-0.06,5.68,1.16
0.06,4.52,1.16
0.31,4.76,1.40
0.61,6.53,1.77
1.77,9.52,1.89
3.60,13.06,2.08
5.00,16.66,2.62
5.49,19.59,2.93
5.31,22.22,3.11
4.58,25.02,3.11
3.60,28.26,2.81
1.71,31.74,2.08
-0.55,36.38,1.34
-2.26,42.48,0.61
-3.17,49.62,-1.46
-3.05,58.11,-5.80
-2.08,66.53,-16.30
4.15,69.82,-25.63
11.54,73.67,-29.60
17.94,79.22,-32.59
24.84,83.07,-35.71
29.91,84.84,-37.84
33.81,86.61,-38.39
37.29,87.10,-36.74
39.79,88.01,-33.33
42.05,90.21,-29.05
44.86,92.90,-25.21
47.12,94.18,-22.16
48.89,93.26,-19.84
50.42,90.03,-18.01
52.06,84.96,-15.44
52.67,79.10,-11.96
51.76,74.22,-7.75















 
-,-,-
-1.89,-16.24,1.04
-1.28,-17.15,0.49
-0.43,-17.46,0.18
-0.43,-17.64,0.31
0.00,-17.33,0.18
0.37,-16.78,0.00
0.24,-16.17,-0.06
0.24,-15.56,0.00
0.24,-14.53,0.12
0.31,-13.37,0.43
0.67,-12.45,1.04
1.16,-11.47,0.98
1.16,-11.11,0.79
0.98,-10.99,0.49
-0.12,-11.47,0.55
-0.12,-11.72,0.37
-0.37,-12.02,-0.06
-0.12,-12.15,-0.37
0.00,-12.08,-0.31
-0.31,-11.78,-0.37
-0.55,-11.47,-0.61
-0.73,-10.74,-0.67
-0.37,-10.13,-0.79
0.18,-9.28,-0.55
1.04,-8.30,-0.37
1.89,-7.57,0.00
2.62,-7.08,0.18
2.75,-6.84,0.06
2.75,-6.84,-0.06
2.75,-6.96,-0.24
3.66,-7.02,0.12
6.16,-6.47,2.08
13.49,-5.00,13.31
20.87,-3.78,33.63
24.29,-2.50,38.45
34.12,2.20,48.16
33.08,8.36,58.65
31.92,11.05,64.39
34.24,16.91,61.34
34.18,16.42,61.71
28.93,15.32,58.04
27.77,13.37,49.56
20.57,17.64,37.72
20.75,14.16,34.12
13.24,13.61,29.66
9.46,11.41,12.45
5.31,7.51,1.28
-0.12,4.33,-0.37
-6.10,0.85,-2.32
-10.56,-2.69,-4.58
-15.75,-5.86,-6.71
-20.08,-7.87,-10.07
-25.45,-7.93,-17.52
-30.58,-6.35,-36.32
-30.58,-6.16,-56.70
-29.05,-4.21,-64.33
-27.53,-0.73,-61.65
-24.23,2.01,-59.33
-19.29,0.00,-59.88
-15.32,-6.77,-61.52
-13.67,-15.26,-62.13
-11.60,-21.91,-59.57
-7.75,-24.78,-51.51
-3.54,-24.35,-38.51
0.98,-24.41,-22.77
5.55,-27.16,-6.59
8.85,-32.29,8.12
11.78,-38.15,20.94
14.16,-33.94,27.22
23.68,-13.55,21.06
34.55,-3.36,9.58
35.71,-3.42,5.31
29.24,-9.34,14.04
23.62,-16.60,26.55
23.13,-15.63,33.94
27.47,-8.61,37.17
37.29,-4.88,53.65
41.08,6.23,73.49
43.27,20.26,86.85
40.95,26.43,88.32
35.40,28.38,74.16
30.09,31.07,61.58
22.03,31.56,52.25
12.27,25.63,35.89
5.74,22.09,21.73
-3.48,17.15,8.42
-11.60,10.62,3.36
-18.98,4.21,0.18
-26.49,-2.20,-3.91
-34.55,-1.40,-2.69
-47.55,10.31,2.14
-58.04,12.08,-8.18
-64.51,9.58,-23.80
-70.31,4.33,-31.19
-74.65,0.92,-29.72
-75.38,-2.44,-26.18
-67.69,-8.73,-24.72
-53.10,-19.35,-20.32
-41.38,-28.20,-9.64
-34.36,-34.36,5.25
-30.94,-39.25,19.65
-26.55,-42.48,30.03
-20.26,-38.33,33.08
-10.86,-25.70,19.71
3.91,-11.54,6.65
14.77,-11.17,5.62
22.71,-11.05,6.47
28.56,-3.17,8.73
33.75,2.56,8.97
40.95,0.73,8.00
45.41,0.06,8.00
44.56,4.09,7.69
45.53,-3.11,2.50
49.50,-10.38,-0.37
53.53,-11.47,-1.71
56.09,-10.38,-3.85
61.10,-12.63,-7.81
68.73,-13.00,-10.25
81.54,-20.20,-6.77
90.09,-20.14,-12.63
95.89,-30.82,-26.98
98.27,-34.97,-27.83
89.60,-21.18,-20.14
81.97,-18.49,-11.05
73.24,-7.93,-2.01
63.23,4.21,2.87
51.09,19.90,9.40
34.42,39.06,16.30
24.60,29.91,15.20
19.10,17.15,10.44
14.04,6.77,7.08
7.39,-2.32,3.97
1.59,-9.09,0.85
-2.44,-13.73,-1.16
-5.92,-15.99,-2.62
-9.83,-16.54,-3.48
-12.94,-15.69,-4.03
-13.85,-12.76,-4.09
-11.17,-7.57,-3.66
-5.80,-0.92,-2.50
-1.34,5.80,-0.85
1.34,10.99,0.79
3.23,14.95,1.95
4.52,17.52,2.99
4.46,18.37,3.36
2.87,17.46,2.93
0.61,15.50,2.62
-0.92,13.55,2.44
-0.24,12.51,2.26
0.43,12.63,2.38
1.04,13.73,2.32
1.59,15.99,2.69
1.40,19.29,3.17
0.18,23.44,3.36
0.24,28.50,3.17
0.67,35.16,3.36
0.79,42.91,3.11
0.49,50.66,1.95
-0.31,57.13,-0.73
-2.20,64.03,-5.55
-3.97,74.04,-16.05
-1.89,83.25,-28.08
0.49,91.43,-35.16
1.34,96.80,-38.15
0.37,98.39,-38.88
-1.34,97.78,-38.94
-2.20,97.47,-38.64
1.04,96.07,-35.46
4.27,93.93,-28.69
6.41,91.92,-21.06
7.51,89.90,-14.89
6.77,88.50,-11.05
6.90,87.40,-8.54
6.53,87.52,-5.80
4.33,89.48,-2.81
0.92,90.70,1.04
-3.36,90.27,5.25
-6.77,87.59,9.40
-8.36,82.03,13.00
-8.36,74.95,15.32