-,-,-
-1.28,-15.08,-2.75
-2.56,-16.30,-3.11
-3.54,-16.48,-3.30
-2.87,-15.81,-3.23
-1.71,-13.98,-2.81
-0.12,-11.66,-2.38
1.71,-9.70,-1.83
3.54,-7.81,-0.85
5.43,-6.59,0.06
6.10,-5.80,0.92
4.52,-6.04,0.73
1.40,-6.96,-0.61
-0.85,-8.12,-2.08
-2.26,-8.85,-2.50
-2.38,-8.61,-2.93
-1.89,-7.51,-3.05
-1.34,-6.23,-2.44
0.24,-4.52,-1.65
1.89,-2.75,-0.73
3.17,-1.22,0.06
4.76,0.37,1.04
5.43,1.71,1.95
5.74,2.56,2.56
5.80,2.87,2.99
6.29,3.05,3.36
6.77,3.36,4.09
8.00,3.48,4.94
10.86,4.09,5.49
14.77,4.64,6.41
20.57,5.25,7.81
29.97,2.87,11.17
42.30,-8.73,18.13
58.29,-19.53,23.07
74.58,-20.39,26.73
87.34,-16.11,29.05
100.83,-17.33,32.96
111.76,-16.36,39.31
120.85,-26.43,39.00
121.83,-34.91,27.95
106.81,-32.04,23.19
80.93,-20.45,28.20
52.98,-2.32,24.78
30.88,9.58,10.13
9.83,10.38,4.21
-5.00,-1.40,-1.16
-13.79,-6.77,-6.53
-19.71,-12.70,-7.51
-23.01,-13.98,-7.08
-26.79,-9.58,-7.75
-31.13,-0.55,-8.18
-34.73,14.59,-8.67
-37.72,34.67,-10.31
-39.67,45.29,-8.61
-42.36,49.01,-4.82
-43.52,51.94,-1.65
-43.40,56.76,-4.15
-40.41,60.91,-10.25
-37.35,57.62,-13.67
-35.16,47.00,-11.05
-32.10,31.01,-5.19
-28.08,11.66,0.43
-22.83,-9.83,7.02
-18.19,-31.07,12.94
-8.12,-45.23,13.43
5.43,-28.44,1.28
17.52,-12.39,1.34
23.32,-7.51,6.23
16.85,-1.53,9.95
11.11,2.26,8.30
5.74,2.50,8.91
2.38,2.93,19.29
-0.61,4.03,46.45
-3.36,8.18,62.56
-2.56,10.25,74.89
-3.85,12.08,81.54
-5.07,14.53,85.94
-6.53,20.26,98.39
-7.63,25.82,100.95
-4.88,26.12,79.10
2.01,22.64,60.06
3.85,15.44,50.72
8.54,16.48,38.51
8.24,17.09,32.53
9.70,14.71,28.02
3.91,14.71,14.04
-0.43,14.83,2.69
-2.99,15.14,1.89
-2.08,16.78,2.01
1.04,18.31,-2.99
3.72,16.05,-14.47
7.93,13.61,-38.33
12.51,19.10,-59.69
14.34,27.40,-66.96
18.25,31.86,-62.44
24.23,27.71,-55.79
26.98,17.15,-50.48
20.94,5.31,-43.64
11.66,-3.42,-35.95
6.35,-12.33,-28.69
4.33,-24.48,-21.12
3.17,-39.79,-12.33
1.59,-56.88,-3.72
0.00,-72.75,4.09
1.10,-77.33,7.08
3.97,-50.90,-2.32
19.47,-35.46,-8.67
36.50,-26.37,-3.17
46.63,-12.27,6.96
62.68,-4.94,12.70
75.38,-12.27,17.27
85.21,-17.82,22.09
92.41,-24.96,21.67
96.92,-23.32,20.02
95.70,-21.24,18.74
94.06,-17.46,16.24
84.78,-17.52,7.93
78.61,-18.55,8.67
63.23,-13.06,6.23
37.35,-2.44,-2.93
10.44,-3.97,-5.25
-3.60,-7.81,-4.33
-14.77,-3.48,-5.49
-25.45,-3.17,-4.88
-33.14,-3.54,-4.33
-34.67,4.03,-4.58
-33.20,21.85,-4.39
-29.36,38.15,-5.37
-25.27,41.93,-4.58
-22.64,44.49,-14.16
-20.39,52.37,-32.96
-19.35,60.36,-50.66
-18.98,60.67,-62.50
-19.17,51.39,-72.33
-20.45,38.88,-84.96
-21.61,27.22,-98.02
-20.69,15.44,-106.69
-17.46,2.01,-106.99
-10.56,-13.31,-95.03
-5.80,-28.44,-71.96
-9.16,-39.79,-46.08
-8.61,-49.68,-23.07
-12.57,-60.49,-2.50
-17.09,-68.60,10.31
-17.64,-41.20,3.85
-10.13,-22.95,2.56
-3.30,-21.42,-6.96
-14.95,-16.60,-9.03
-11.17,-8.48,-6.35
-5.55,-6.59,7.93
-3.66,-4.52,35.71
0.55,-0.37,65.31
8.67,4.46,103.82
18.01,20.26,135.68
21.91,28.99,143.49
21.06,28.81,143.55
16.48,26.00,143.74
13.43,25.57,149.72
7.75,18.98,155.33
7.45,17.09,143.07
3.36,13.06,128.97
-1.46,5.43,116.03
-5.62,0.49,101.07
-7.75,-4.39,85.82
-7.08,-9.89,73.61
-6.04,-11.60,63.66
-7.32,-8.91,56.40
-6.47,-8.36,45.17
-3.17,-7.63,47.73
-9.52,-4.09,37.29
-7.69,-1.22,18.92
-4.70,-0.12,9.22
-1.83,1.40,6.29
2.62,3.36,4.39
4.76,4.39,3.48
4.03,4.88,1.77
2.44,4.33,-0.67
0.00,4.39,-2.44
-2.38,4.88,-3.42
-5.00,5.92,-4.15
-7.20,7.63,-4.94















-,-,-
2.20,-18.37,5.55
2.08,-20.87,5.86
2.69,-20.02,3.97
3.30,-11.90,-2.08
2.08,-6.35,-4.76
1.77,-8.97,-2.08
2.38,-10.44,1.16
3.60,-5.92,-0.49
4.82,-3.23,-2.38
4.46,-3.66,-1.89
3.85,-4.21,-1.28
3.60,-4.52,-1.28
3.54,-4.88,-1.04
3.78,-5.31,-1.04
3.11,-5.68,-0.85
3.48,-5.68,-0.73
4.03,-5.37,-0.43
4.64,-4.88,-0.12
5.13,-4.52,0.12
5.80,-4.64,0.12
5.55,-5.49,-0.06
4.15,-6.35,-0.85
3.11,-7.02,-1.34
2.56,-7.02,-1.22
2.26,-6.71,-1.34
1.95,-6.10,-1.46
1.89,-5.00,-1.22
2.44,-3.91,-0.98
3.30,-2.56,-0.37
4.15,-1.77,0.67
5.86,-1.10,1.59
8.61,-0.31,2.87
12.15,0.73,4.27
17.33,1.77,5.92
24.66,2.26,8.42
33.69,0.55,13.06
42.48,-4.15,17.76
51.76,-3.72,20.94
61.71,-5.98,23.01
70.98,-16.54,23.50
78.61,-20.81,23.44
81.54,-15.87,18.92
85.69,-25.33,14.95
84.66,-27.59,16.78
78.55,-21.48,16.66
72.20,-24.11,14.10
59.51,-15.01,13.37
46.57,-2.56,11.23
34.30,-3.05,14.47
20.08,1.46,12.02
11.96,7.39,5.68
5.31,8.91,4.70
0.73,2.69,4.15
-3.97,-2.26,1.77
-9.22,-5.37,-0.43
-14.71,-6.10,-2.20
-20.81,-4.46,-4.46
-25.88,-1.28,-7.02
-29.36,4.27,-9.34
-31.68,12.70,-12.63
-35.16,19.84,-13.55
-36.01,28.32,-12.27
-36.32,32.96,-13.31
-35.16,37.48,-14.53
-34.00,40.16,-14.71
-32.53,39.49,-15.50
-28.87,35.10,-16.36
-28.69,27.77,-15.75
-26.37,16.97,-12.27
-24.35,4.09,-6.29
-21.91,-7.45,0.61
-17.40,-18.37,6.59
-8.85,-26.00,8.18
-1.59,-19.96,0.79
-0.06,-9.22,-0.49
1.40,-4.58,3.17
-0.98,-5.13,4.82
-3.17,-1.65,2.81
-5.68,1.34,3.30
-5.37,4.15,12.27
-3.36,9.58,35.10
-1.04,20.63,60.24
4.70,25.51,83.19
9.40,27.59,102.48
12.57,33.02,112.61
15.20,30.76,104.98
14.83,25.45,95.52
12.21,21.06,75.62
25.57,14.77,56.03
16.42,9.58,53.22
7.57,6.65,31.37
10.80,7.81,19.96
0.61,7.32,12.94
-0.18,6.41,3.05
1.04,6.23,-3.23
0.98,6.59,-7.81
2.44,6.10,-16.72
5.55,8.24,-33.75
7.69,11.41,-50.29
7.20,13.98,-57.31
6.65,16.54,-54.57
8.12,19.96,-47.30
9.34,21.00,-42.36
9.03,17.15,-40.22
8.00,8.36,-38.21
6.90,-2.32,-34.24
7.26,-13.18,-26.73
8.79,-25.76,-15.38
8.97,-38.76,-3.48
10.50,-50.11,6.47
13.79,-59.27,12.94
20.87,-48.65,9.03
28.81,-20.94,2.99
37.66,-15.44,5.43
43.21,-22.77,10.38
49.80,-22.28,10.25
55.85,-14.89,8.79
62.81,-15.14,13.24
71.72,-19.78,17.33
83.13,-22.22,15.63
89.54,-21.73,13.49
88.44,-15.99,16.48
80.93,-14.34,11.84
69.70,-13.00,1.95
54.38,-9.95,-0.55
38.39,-5.00,3.85
18.13,4.21,9.64
1.22,3.36,7.08
-9.58,4.58,1.77
-16.05,-0.49,-0.61
-19.90,-4.94,-2.14
-22.28,-5.19,-3.60
-22.83,-1.65,-3.91
-23.25,5.37,-4.70
-24.17,15.99,-8.42
-26.25,27.40,-8.97
-25.21,32.71,-15.63
-21.42,35.46,-30.09
-16.11,39.55,-44.98
-12.27,45.96,-58.41
-9.34,50.66,-70.92
-5.92,49.56,-80.99
-3.91,41.50,-87.83
-2.56,28.20,-91.61
-1.46,12.82,-90.64
-1.16,-0.92,-82.21
2.50,-12.33,-67.20
6.35,-25.02,-46.51
2.32,-40.04,-24.11
4.39,-55.54,-6.84
3.97,-67.02,4.88
-4.64,-70.50,14.71
-15.63,-55.79,11.41
-24.11,-33.26,-2.75
-11.66,-22.95,-10.93
-5.00,-28.26,-9.09
-7.45,-22.64,-5.25
-1.22,-10.80,-4.52
5.19,-4.03,0.00
6.47,0.49,13.92
8.54,7.26,52.92
8.12,12.39,87.22
9.28,17.70,106.14
8.85,20.94,105.10
11.41,25.02,112.18
13.06,32.84,120.30
15.08,28.44,126.77
12.15,22.46,120.00
9.77,18.68,107.30
3.78,11.54,107.06
-2.01,9.70,96.13
-4.88,2.99,83.62
-5.31,-0.24,72.14
-4.46,2.01,69.15
-5.49,2.14,69.52
-6.84,-2.26,56.46
-1.40,-2.26,43.70
-4.94,-2.08,41.69
-6.10,-3.11,36.62
-5.00,-3.48,31.62















-,-,-
0.73,0.67,-0.61
1.71,-0.37,0.31
2.32,-1.34,0.79
1.89,-0.92,1.04
1.22,0.37,0.67
1.34,1.34,0.43
1.28,1.34,0.18
0.61,0.92,0.49
0.24,0.85,1.04
0.00,0.49,1.34
0.18,-0.37,1.22
-0.24,-0.98,1.40
-0.55,-0.73,1.65
-0.73,0.06,1.53
-0.85,0.73,1.28
-0.67,0.79,1.40
-0.24,0.31,1.40
-0.61,0.37,1.46
-1.22,0.98,1.65
-2.08,2.01,1.46
-2.62,2.44,0.98
-3.17,2.38,0.18
-3.30,2.32,-0.31
-3.60,2.50,-0.49
-3.97,2.69,-0.73
-4.27,2.75,-0.92
-4.58,2.93,-1.16
-5.13,2.99,-1.10
-5.74,2.93,-0.85
-7.26,2.75,-0.12
-9.46,1.28,0.73
-11.72,-1.83,1.89
-12.57,-7.69,4.64
-12.15,-18.62,9.16
-13.24,-32.53,13.85
-14.34,-41.87,17.21
-11.41,-42.91,15.38
-6.23,-27.89,-0.06
-0.37,-17.64,-4.64
2.50,-16.97,1.40
9.28,-9.89,6.35
23.86,0.98,10.25
42.79,2.20,19.04
61.16,-3.54,26.49
76.23,-15.26,28.14
83.92,-27.04,26.49
89.48,-27.77,23.25
94.30,-24.84,23.99
97.23,-25.82,25.51
98.57,-28.20,23.25
92.29,-27.04,18.98
70.13,-21.97,13.85
44.13,-15.20,11.23
21.48,-9.09,-2.26
8.79,-2.69,-4.82
-1.95,0.12,-3.05
-6.84,-5.37,-3.54
-9.52,-11.54,-3.91
-11.60,-12.27,-3.42
-11.84,-9.16,-2.99
-12.57,-4.15,-2.93
-13.18,1.71,-3.05
-14.16,7.75,-2.87
-16.78,12.63,-3.97
-21.12,17.94,-9.89
-27.47,22.16,-15.56
-31.86,24.96,-21.97
-35.16,28.08,-32.84
-36.56,34.24,-41.14
-34.61,39.00,-41.93
-33.02,38.94,-35.22
-30.82,33.02,-23.99
-27.16,20.75,-12.02
-22.77,3.23,0.06
-18.80,-14.89,13.85
-16.11,-32.29,24.60
-13.73,-33.08,19.84
-7.45,-19.47,5.25
5.74,-11.54,2.38
3.72,-9.22,5.98
2.20,-0.18,14.65
3.36,9.58,28.02
2.26,16.54,47.91
-0.61,20.63,75.50
-2.26,31.01,95.89
-1.95,28.87,104.98
-4.46,25.63,86.00
-2.62,23.07,72.45
-3.60,22.34,69.46
-1.53,23.50,63.96
2.56,18.68,55.85
3.66,17.64,44.43
0.00,12.63,19.04
1.16,11.96,-0.85
-0.43,11.54,-2.01
0.43,11.29,-1.40
1.40,9.46,-4.82
0.85,6.53,-12.88
1.04,1.59,-26.98
2.32,0.24,-46.08
1.40,4.64,-60.49
2.44,11.05,-63.05
3.72,15.26,-56.95
5.92,13.37,-48.22
7.57,6.04,-40.95
7.26,-2.14,-35.64
6.53,-10.93,-28.87
6.23,-23.44,-18.86
6.10,-38.21,-6.59
6.04,-51.76,5.86
7.93,-49.01,12.02
10.01,-24.66,5.00
24.17,-17.70,1.46
33.45,-16.17,6.41
42.97,-14.65,9.64
55.66,-15.01,10.74
61.95,-15.69,12.33
67.20,-18.37,12.08
72.63,-19.96,12.94
76.42,-17.03,9.52
78.74,-19.47,8.24
79.16,-18.55,10.19
75.32,-20.75,12.70
60.67,-20.51,0.49
40.28,-15.81,-6.65
17.52,-8.00,-6.41
2.69,-2.32,-5.19
-9.22,4.82,-4.39
-16.72,-0.24,-5.19
-21.55,-6.29,-6.59
-24.78,-7.26,-7.32
-25.39,-3.48,-7.08
-24.29,4.46,-8.30
-23.19,15.69,-9.52
-22.03,25.76,-19.96
-20.45,27.95,-39.49
-19.53,28.87,-54.63
-17.58,34.48,-65.67
-13.43,41.26,-76.60
-8.91,43.52,-87.65
-4.58,39.79,-94.97
-2.75,30.09,-93.69
-3.42,16.54,-86.36
-4.03,1.89,-75.01
-4.15,-11.17,-60.79
-4.09,-25.51,-45.96
-3.11,-41.44,-29.91
-0.85,-54.75,-12.88
-10.13,-59.51,2.87
-18.37,-55.66,12.51
-20.75,-38.27,-0.06
-16.17,-26.12,-12.51
-2.75,-20.69,-11.35
-1.46,-21.12,-5.31
-2.14,-14.16,-3.72
4.03,-5.49,-3.91
6.59,0.49,-1.77
5.55,4.03,6.59
7.93,5.49,28.32
12.63,11.47,56.34
18.25,16.91,80.69
22.46,24.11,94.91
27.47,21.00,103.82
27.16,21.91,110.05
26.37,21.42,113.95
26.25,17.46,119.51
25.02,15.75,123.05
27.53,15.69,125.98
28.14,11.72,134.22
24.54,3.30,126.34
23.38,0.79,111.45
21.42,1.77,109.07
14.53,-3.05,106.69
7.75,-5.74,93.81
2.08,-5.31,75.44
0.98,-2.69,68.18
-2.87,-4.88,62.99
-1.95,-5.37,48.71
4.39,-4.09,43.03
0.24,0.61,36.87















-,-,-
-1.53,2.62,-2.32
-2.01,2.14,-1.28
-2.32,1.83,-0.67
-2.87,2.01,-0.79
-3.11,1.71,-1.10
-3.05,1.04,-1.22
-3.23,0.37,-0.61
-3.11,-0.18,0.55
-2.01,-0.98,1.65
-1.65,-1.59,2.26
-1.28,-1.53,2.32
-1.65,-1.10,1.77
-2.75,-0.24,1.10
-3.91,1.16,0.61
-4.27,2.44,-0.12
-4.21,2.38,-0.67
-3.85,1.28,-0.49
-3.66,0.49,0.18
-3.78,-0.06,0.92
-3.72,-0.67,1.83
-3.66,-0.92,2.14
-3.48,-1.77,2.50
-3.48,-2.50,3.11
-4.03,-2.87,4.09
-4.58,-3.78,5.31
-4.09,-8.12,6.59
-3.60,-17.27,8.18
-3.66,-29.24,10.86
-5.55,-41.69,15.63
-7.93,-52.67,19.78
-10.19,-61.34,22.52
-3.54,-47.24,7.45
1.28,-32.04,-3.54
12.27,-25.51,-0.18
16.91,-17.58,4.46
28.87,-3.60,8.18
39.06,2.32,11.90
49.01,-0.37,12.88
54.20,-13.43,15.08
62.87,-28.44,18.31
74.71,-34.79,16.72
86.24,-41.99,13.37
92.77,-47.12,6.16
99.91,-52.00,-4.52
105.59,-50.29,-3.85
99.49,-49.32,5.74
88.01,-35.22,5.98
72.94,-21.73,9.52
52.98,-9.34,7.57
36.19,2.14,6.10
21.12,-0.12,5.55
11.90,-5.25,2.44
1.53,-1.59,-0.55
-5.00,-5.55,-2.38
-9.22,-10.13,-2.81
-13.55,-10.31,-3.36
-16.85,-7.39,-3.60
-19.65,-2.62,-3.85
-23.86,3.11,-4.76
-27.59,9.52,-5.92
-31.74,18.13,-8.54
-35.40,28.50,-13.12
-37.17,35.46,-11.78
-38.94,38.45,-9.70
-40.10,42.36,-13.79
-38.51,46.20,-22.16
-36.13,45.96,-30.03
-33.02,40.34,-31.68
-29.42,28.69,-25.76
-26.18,12.27,-13.92
-22.46,-5.43,0.18
-17.15,-23.32,13.12
-12.51,-39.67,19.65
-8.18,-30.94,6.65
-4.27,-17.33,1.71
8.24,-12.27,3.05
4.03,-9.64,2.56
-1.04,-3.36,2.14
-4.09,1.28,9.46
-2.56,7.93,34.12
-1.16,17.64,69.95
1.77,26.00,94.30
3.60,29.42,100.71
1.59,31.86,98.33
0.12,32.65,87.40
-1.04,28.75,80.87
-1.10,24.17,57.31
1.95,22.64,47.85
0.67,19.29,39.67
0.00,16.11,22.03
0.43,13.98,19.17
0.06,13.85,21.55
2.14,15.63,10.38
4.09,15.44,-1.71
4.03,11.54,-10.19
4.52,8.48,-25.45
5.80,11.47,-48.28
5.74,16.36,-64.33
5.74,21.30,-67.87
5.62,23.44,-61.83
6.65,20.94,-53.41
7.39,13.73,-46.81
6.59,3.66,-41.87
4.33,-6.71,-34.24
4.21,-20.87,-21.06
4.64,-38.88,-4.88
5.25,-56.52,9.77
6.96,-70.37,19.04
13.61,-55.11,14.71
14.28,-26.73,5.43
32.35,-18.74,4.39
40.41,-16.11,8.24
45.53,-13.31,5.62
51.03,-10.62,5.00
56.88,-11.23,5.68
65.86,-25.57,2.75
73.24,-36.19,-0.18
74.52,-43.15,-1.53
72.81,-39.00,-5.19
68.05,-32.10,-4.46
61.40,-28.56,-1.89
54.75,-27.53,-2.75
40.28,-20.02,-1.40
23.68,-22.77,-3.17
9.22,-8.12,-4.52
-5.37,0.00,-4.52
-11.05,-3.91,-5.13
-17.70,-6.29,-5.62
-22.34,-5.43,-6.04
-25.76,-0.92,-5.07
-26.18,7.87,-3.91
-27.04,18.74,-2.20
-27.53,31.74,-3.91
-27.10,41.81,-8.61
-25.63,45.29,-12.94
-22.95,44.19,-28.75
-18.49,41.75,-51.27
-13.61,39.79,-71.90
-10.25,37.60,-87.95
-8.36,32.84,-97.60
-9.34,24.54,-97.78
-12.51,13.67,-88.26
-16.30,3.36,-72.57
-18.98,-4.88,-54.81
-19.35,-13.43,-39.67
-17.40,-23.93,-27.53
-15.26,-34.55,-15.99
-14.04,-44.56,-4.09
-13.43,-52.55,7.32
-10.25,-42.18,1.59
-2.32,-27.89,-3.66
13.73,-22.28,3.17
13.12,-17.76,5.19
10.68,-9.28,3.05
11.17,-3.66,1.16
14.95,-2.44,6.84
16.05,0.31,19.47
21.85,0.55,39.06
27.04,-1.95,66.71
30.27,0.61,85.51
34.79,7.81,95.15
36.93,6.84,104.49
35.83,11.23,114.14
32.17,13.37,118.35
30.76,16.17,116.03
29.05,8.42,113.04
27.65,-0.85,116.58
25.57,-1.28,110.05
26.43,-0.49,106.20
19.29,-2.26,96.98
19.17,-7.81,89.78
9.16,-12.39,85.27
5.49,-6.47,74.95
3.48,-2.56,73.36
-3.11,1.22,53.41
2.26,-1.10,40.53
0.79,-1.28,33.63
2.26,-2.26,28.87
2.56,-2.50,24.17
1.28,-1.89,10.31















-,-,-
-0.79,0.06,-0.92
0.12,0.31,-0.49
-0.61,-0.79,-1.04
-2.38,-2.38,-1.89
-3.36,-3.72,-2.08
-3.66,-4.39,-2.14
-2.99,-4.33,-2.01
-2.08,-3.78,-1.46
-1.46,-3.05,-1.34
-1.46,-2.26,-1.34
-1.53,-1.34,-0.85
-0.73,-0.12,-0.24
0.55,1.04,0.06
1.65,1.83,0.37
2.69,2.20,0.85
3.17,1.95,0.67
2.81,0.85,-0.24
1.40,-0.67,-1.40
0.24,-2.01,-2.20
-0.85,-2.75,-2.38
-0.73,-2.56,-1.71
0.24,-1.53,-0.98
1.22,0.12,0.49
2.14,2.01,1.89
3.17,3.85,2.87
4.03,4.70,3.91
4.39,4.70,4.27
4.88,4.33,4.52
5.19,3.72,4.88
6.16,3.36,5.25
7.87,3.72,5.74
11.17,4.70,6.23
15.14,6.59,7.45
20.02,9.83,10.07
27.59,13.49,12.82
34.30,12.82,15.69
38.76,2.99,15.20
40.83,-4.94,12.45
44.13,-4.52,11.11
53.47,-18.07,8.12
68.91,-28.81,3.54
82.15,-31.74,3.66
89.90,-39.98,7.51
87.22,-42.85,9.40
75.44,-37.11,11.96
59.33,-28.50,10.13
46.57,-20.32,5.37
35.95,-12.21,8.24
26.67,-6.29,8.06
19.23,-5.74,3.05
12.94,-9.46,0.92
10.19,-13.37,-1.71
9.28,-13.43,-2.56
8.54,-11.35,-1.59
5.13,-11.66,-1.10
0.73,-11.66,-2.26
-4.15,-9.95,-3.78
-9.58,-7.39,-5.43
-14.83,-4.52,-7.63
-18.37,-1.83,-8.79
-19.59,1.46,-8.06
-19.90,4.15,-7.08
-20.32,6.35,-6.04
-20.69,8.61,-5.07
-22.34,12.94,-5.92
-23.50,17.33,-7.45
-25.21,22.71,-6.16
-26.12,29.60,-9.77
-26.18,37.11,-14.59
-26.12,44.37,-16.91
-26.98,47.61,-16.54
-28.32,44.49,-13.67
-28.38,34.06,-8.30
-25.94,18.31,-0.61
-21.85,0.79,9.03
-17.46,-12.94,16.78
-10.44,-17.27,19.29
-4.88,-9.70,10.56
6.53,-4.94,8.24
9.77,-4.82,8.36
4.88,-2.87,11.96
-1.46,3.48,27.53
-2.26,6.16,45.53
2.26,15.81,75.38
4.94,23.13,96.44
6.47,28.14,98.57
6.59,30.58,92.04
5.55,29.60,84.17
6.84,29.91,76.84
7.26,27.83,66.28
7.87,25.39,48.89
6.04,20.08,32.96
3.66,14.77,18.74
-0.18,10.80,12.76
-2.50,10.13,10.62
-2.56,9.52,3.42
-0.98,8.30,-3.91
-0.73,8.79,-10.38
0.37,12.57,-21.24
1.59,16.91,-40.95
3.23,18.31,-64.39
5.43,18.07,-78.12
7.87,17.40,-73.85
10.56,15.20,-58.72
11.05,9.28,-44.43
9.83,0.55,-34.97
8.18,-10.13,-25.33
8.06,-25.94,-11.41
7.75,-44.68,4.58
8.18,-61.22,17.27
11.54,-64.09,18.98
12.39,-39.06,7.14
25.09,-27.65,4.70
38.15,-24.23,6.90
44.98,-17.27,6.23
47.79,-11.47,9.89
53.34,-10.07,10.19
63.60,-16.85,6.59
72.63,-20.20,1.89
76.78,-18.80,0.00
77.88,-29.05,-6.71
71.47,-31.49,-8.12
60.36,-24.78,-5.92
43.82,-14.34,-3.78
27.77,-9.28,-6.77
10.86,-1.28,-6.96
-5.19,2.20,-6.16
-16.36,-5.74,-10.13
-25.09,-14.77,-12.82
-29.36,-16.66,-12.39
-28.81,-11.54,-9.52
-26.73,-1.83,-6.77
-26.49,10.44,-5.68
-28.87,23.07,-6.04
-32.96,35.95,-14.53
-33.33,44.92,-30.15
-29.79,42.30,-48.22
-27.47,38.09,-67.02
-24.84,38.21,-87.46
-21.55,39.55,-105.77
-18.55,39.86,-117.49
-14.77,36.13,-119.02
-13.24,26.12,-109.86
-13.79,11.72,-93.75
-16.05,-2.56,-73.79
-14.40,-17.94,-54.99
-1.04,-36.80,-41.32
-19.96,-45.65,-25.15
-18.80,-56.03,-8.30
-23.50,-65.61,7.93
-22.16,-66.77,15.69
-14.47,-51.45,-3.30
-4.64,-37.17,-1.04
7.93,-29.85,1.53
-5.74,-24.54,-1.95
-21.73,-19.35,-6.10
-28.50,-20.02,-8.67
-22.95,-25.39,5.00
-14.16,-21.55,34.79
1.71,-20.14,69.03
15.14,-16.78,88.68
26.06,-7.26,94.48
36.62,6.10,109.56
42.72,15.63,118.90
45.65,17.03,125.12
45.96,22.89,124.39
48.22,21.24,122.99
44.80,21.85,119.87
42.60,17.33,119.26
35.64,10.68,109.01
32.35,7.20,100.59
23.62,7.57,94.18
17.33,6.29,83.44
13.00,7.02,72.45
9.77,3.23,65.80
2.44,4.58,54.08
2.14,3.78,42.97
12.08,1.71,51.21
4.03,5.74,52.92
10.01,3.36,43.27















-,-,-
-8.85,-17.21,-1.34
-10.80,-16.48,-2.08
-12.94,-12.39,-3.11
-14.59,-7.93,-2.93
-14.53,-4.27,-2.75
-12.94,-2.26,-2.50
-10.01,-2.81,-2.38
-7.93,-4.21,-2.01
-8.12,-5.43,-1.04
-9.83,-5.68,0.06
-11.60,-4.82,0.92
-12.88,-2.99,2.14
-12.94,-0.61,3.36
-11.90,0.98,3.97
-10.68,0.24,3.42
-9.95,-0.73,2.56
-9.64,-0.98,2.32
-10.25,0.24,2.26
-9.83,0.85,1.59
-8.36,0.98,-0.73
-5.43,2.20,-3.42
-2.56,4.76,-4.09
-0.61,7.39,-3.05
-0.31,8.00,-0.79
-1.65,6.65,0.85
-4.03,3.91,1.53
-6.29,1.46,0.37
-7.75,0.79,-1.95
-9.22,2.99,-4.27
-8.91,6.90,-6.65
-7.32,10.74,-8.79
-6.41,14.10,-9.64
-6.90,16.17,-9.34
-10.38,16.48,-8.36
-14.59,13.92,-7.14
-18.98,7.45,-5.31
-23.01,-2.32,-2.44
-25.88,-13.18,2.69
-26.55,-26.12,7.45
-29.24,-38.76,12.27
-29.72,-51.03,18.74
-26.67,-63.17,24.54
-20.08,-59.39,15.99
-2.01,-40.59,-1.28
10.31,-27.04,0.18
24.54,-15.93,5.68
49.07,-13.67,7.75
68.54,-24.29,10.38
82.64,-37.84,14.28
97.60,-44.92,18.55
110.17,-47.73,24.72
118.29,-50.29,28.63
119.02,-39.98,31.01
111.21,-34.06,28.32
91.67,-28.93,25.02
66.35,-18.49,20.32
41.63,-7.69,14.89
16.24,3.17,7.57
-1.46,0.61,0.73
-14.22,-4.52,-5.55
-23.07,-13.12,-8.54
-29.79,-17.15,-9.34
-32.41,-12.45,-10.44
-33.75,0.24,-12.82
-36.50,16.91,-16.36
-39.67,31.62,-14.83
-41.44,40.65,-13.31
-40.95,46.51,-16.11
-38.57,51.94,-22.34
-35.64,56.40,-28.50
-33.39,55.42,-31.49
-33.02,48.52,-27.77
-32.10,35.16,-16.36
-27.77,13.79,-0.37
-21.79,-10.62,15.63
-16.72,-34.48,25.45
-12.88,-41.38,21.79
-1.71,-20.20,7.08
11.05,-8.79,8.91
5.49,-4.21,15.01
2.62,3.91,31.07
1.71,10.44,60.42
0.55,17.21,80.63
2.14,21.48,96.86
-0.92,21.55,106.63
-3.30,26.00,104.31
-0.92,28.93,92.16
-3.05,27.34,79.28
-2.32,20.39,66.71
-2.62,14.04,50.96
-0.98,14.22,32.17
-0.49,15.26,15.50
0.79,14.04,3.42
2.56,13.67,1.59
4.94,9.52,-1.28
7.08,3.72,-14.95
11.11,5.07,-39.00
16.05,12.27,-62.44
18.55,20.87,-75.32
16.42,25.27,-73.97
12.27,22.58,-64.39
9.28,13.06,-54.50
7.75,0.55,-46.75
6.04,-14.34,-38.94
4.15,-34.36,-26.31
2.32,-55.97,-7.45
2.56,-75.38,11.11
9.34,-66.41,13.00
18.80,-29.85,2.38
33.81,-21.36,2.20
40.65,-21.79,9.16
49.80,-15.99,10.38
60.55,-20.75,6.96
71.66,-17.58,11.60
81.30,-22.16,16.97
89.97,-24.35,17.82
90.94,-28.44,13.12
81.79,-20.63,9.58
69.34,-18.31,8.36
54.87,-8.91,6.29
35.22,0.98,3.23
16.72,-6.35,-2.44
-1.71,-2.08,-3.85
-14.40,2.32,-7.14
-21.97,-2.08,-5.74
-24.84,-4.15,-5.37
-25.63,0.18,-8.73
-24.90,12.94,-15.50
-22.46,28.38,-32.04
-17.09,33.75,-55.97
-14.04,38.88,-72.45
-13.79,49.93,-84.23
-9.83,61.28,-95.09
-4.58,62.01,-102.97
-1.46,48.28,-104.86
-0.92,24.66,-97.29
-5.37,-0.12,-78.37
0.73,-20.63,-52.43
0.12,-36.19,-23.19
-1.40,-52.06,-1.77
0.49,-70.01,14.16
-7.02,-73.97,23.13
-1.71,-39.73,12.21
7.39,-27.65,6.96
-13.00,-28.87,-1.71
-23.74,-22.40,-4.94
-22.22,-9.89,1.95
-13.67,-2.62,31.01
0.37,4.82,78.67
14.28,14.83,119.26
24.66,20.51,152.59
26.67,28.08,172.24
28.20,35.52,186.65
25.21,33.39,190.80
17.94,26.18,181.76
10.07,17.94,158.57
2.26,8.73,132.20
-2.01,6.71,112.43
-3.30,1.95,95.52
-2.08,1.28,82.28
0.43,3.66,68.12
-0.61,-1.10,56.82
0.73,2.93,34.97
2.01,3.54,20.20
3.72,2.08,11.60
4.03,0.55,6.90
3.97,-1.59,4.21
2.56,-2.69,4.27
1.10,-2.14,2.75
0.31,-0.98,0.31
0.06,0.98,-1.16
1.34,3.54,-1.83
1.83,5.62,-2.14
0.85,7.45,-2.69
-0.67,8.85,-4.03
-2.87,9.52,-6.59
-5.86,10.07,-14.22
-6.59,12.33,-31.49
-6.29,13.12,-39.06
-8.12,15.08,-35.22















-,-,-
-1.04,-9.09,-2.75
-1.22,-9.09,-2.62
-1.77,-9.58,-2.75
-2.26,-9.77,-2.62
-2.50,-9.46,-2.38
-2.93,-8.54,-2.20
-2.87,-7.08,-1.83
-2.69,-5.68,-1.22
-1.46,-3.97,-0.49
-0.37,-2.99,0.18
0.18,-2.93,0.49
0.43,-3.91,0.24
0.43,-5.43,-0.18
0.00,-7.08,-0.61
-1.04,-8.36,-1.46
-1.34,-9.16,-2.14
-1.53,-8.91,-1.95
-1.16,-7.81,-1.34
-0.49,-6.47,-0.79
0.06,-5.19,-0.18
1.04,-3.72,0.37
1.65,-2.75,0.79
2.14,-2.08,0.98
2.81,-1.77,1.22
3.85,-1.34,1.34
4.88,-1.16,1.89
6.59,-0.79,2.50
10.80,-0.31,4.03
17.88,-0.85,6.65
27.77,-0.43,9.70
41.20,-5.62,13.85
54.02,-17.52,17.58
65.43,-23.19,21.79
73.12,-28.44,21.06
78.92,-30.76,23.32
86.55,-37.60,26.73
93.93,-39.37,29.30
103.58,-38.57,34.00
110.11,-40.59,36.13
112.06,-48.83,27.53
109.62,-41.38,12.08
99.43,-38.82,10.50
77.76,-23.56,10.74
53.71,-9.83,8.79
27.16,0.37,7.75
6.10,9.09,2.38
-7.63,12.57,-0.55
-16.48,7.39,-3.36
-22.58,-0.24,-6.29
-27.65,-3.60,-7.39
-28.08,-1.40,-7.63
-25.88,6.10,-7.20
-24.72,16.85,-7.20
-25.70,30.94,-8.00
-27.53,41.14,-7.02
-29.97,44.92,-6.16
-33.08,46.57,-9.64
-35.58,47.91,-16.17
-36.44,47.79,-22.22
-36.38,46.02,-24.17
-35.28,42.54,-20.63
-31.74,34.12,-13.12
-26.98,19.17,-4.76
-22.40,2.69,2.93
-17.52,-11.29,10.38
-5.43,-25.57,16.30
6.04,-24.29,12.57
13.37,-6.84,11.11
19.59,2.38,13.00
9.70,2.87,14.59
1.65,3.54,26.55
-5.62,5.19,48.77
-6.04,9.52,66.71
-4.27,16.85,79.83
-5.43,22.71,101.81
-8.61,24.29,113.34
-8.91,36.68,106.45
-8.91,37.23,97.60
-9.40,34.36,92.47
-8.91,24.54,70.56
-3.91,25.21,48.58
-4.03,22.71,29.42
-1.65,21.79,22.34
0.00,22.03,17.52
6.29,23.13,3.42
10.93,21.36,-3.36
10.31,13.37,-11.47
8.85,10.74,-34.18
7.20,17.15,-58.65
5.25,25.94,-67.32
5.92,29.97,-61.77
11.11,25.09,-55.24
14.95,12.21,-50.23
15.26,-3.72,-44.07
13.67,-21.55,-34.55
11.78,-41.14,-21.73
10.93,-58.17,-5.86
12.63,-71.47,10.13
19.29,-66.28,14.53
24.72,-30.46,3.91
34.00,-21.00,1.83
41.87,-24.41,8.42
49.80,-16.48,10.80
56.76,-14.83,10.50
64.27,-21.55,14.77
71.72,-19.41,17.40
80.32,-19.90,19.90
86.43,-17.15,17.82
85.14,-13.92,13.18
77.09,-14.34,10.80
61.77,-13.18,4.21
37.54,-6.71,-3.17
15.50,-3.91,-8.42
-3.48,-3.66,-11.54
-17.46,0.67,-10.74
-28.20,3.05,-11.29
-35.10,1.89,-13.00
-36.38,3.23,-16.48
-34.73,13.00,-17.15
-32.78,25.63,-28.99
-26.79,33.02,-50.54
-18.86,37.17,-63.54
-12.08,44.68,-72.39
-7.20,51.15,-83.92
-2.01,50.05,-95.46
2.01,38.02,-99.85
3.42,18.86,-94.42
2.20,-0.85,-78.25
-0.43,-16.05,-55.36
-3.30,-31.01,-32.90
-3.11,-47.67,-14.34
-3.05,-63.05,0.85
-8.12,-71.35,12.94
-13.61,-53.65,7.39
-10.99,-39.55,-0.73
3.60,-33.45,-7.02
-1.77,-26.79,-7.57
-1.65,-16.17,-8.85
0.18,-7.51,-9.34
-3.72,-3.17,-3.91
-6.71,0.61,14.47
-2.20,4.94,57.98
1.59,11.35,103.82
6.35,20.57,121.09
11.05,27.95,121.70
15.69,30.94,122.07
18.80,28.32,131.29
15.20,24.90,141.36
11.66,22.83,138.18
6.29,23.19,134.09
1.95,16.91,128.97
-5.31,8.61,120.18
-10.93,7.69,104.00
-11.78,8.61,91.31
-13.92,4.52,92.04
-11.05,5.43,83.37
-10.86,0.92,71.53
-9.03,0.24,48.83
-5.43,2.14,42.24
-3.72,1.95,41.02
0.61,0.49,45.59
1.22,1.59,39.55
1.28,0.73,28.69
2.20,1.83,17.09
2.26,3.30,11.11
2.32,4.09,6.90
2.08,4.27,3.91
2.50,4.09,2.20
3.54,4.03,1.71
4.15,3.36,1.77
3.91,2.50,1.16
3.11,1.46,0.24
2.26,1.10,-0.79
1.65,1.40,-1.59
1.77,1.65,-2.20
2.01,1.83,-2.50
1.95,1.59,-2.93
1.95,1.22,-3.17
1.95,1.04,-3.11
2.01,0.61,-3.23















-,-,-
1.83,-5.19,-0.49
2.69,-3.85,0.12
3.91,-2.56,0.73
4.58,-2.08,1.04
3.72,-2.69,0.79
3.17,-3.23,0.49
3.48,-3.36,0.79
3.97,-3.78,1.28
3.91,-4.33,1.53
3.72,-4.82,1.59
3.85,-5.13,1.71
3.48,-4.94,1.46
3.48,-4.21,1.40
2.99,-3.54,1.53
2.44,-3.05,1.40
2.50,-3.23,1.04
2.32,-3.66,0.43
1.77,-4.33,-0.31
1.46,-5.00,-0.85
1.46,-5.68,-1.46
1.28,-5.92,-1.95
0.79,-5.74,-2.20
1.34,-4.82,-1.83
2.01,-3.48,-1.04
2.62,-2.20,-0.06
3.48,-1.28,0.31
3.78,-0.61,0.43
4.33,-0.67,0.24
4.88,-1.10,0.24
5.86,-1.34,0.67
8.97,-0.85,1.71
15.87,-0.12,3.72
26.25,-2.87,7.26
36.68,-11.35,10.62
45.84,-7.32,13.24
55.73,-15.44,14.53
62.99,-21.97,10.80
71.59,-26.67,3.66
80.20,-28.38,6.96
87.52,-33.75,10.68
95.64,-36.56,10.86
103.15,-41.56,5.86
106.08,-43.03,5.86
100.52,-36.93,4.27
91.19,-35.64,-1.16
73.91,-32.17,3.85
46.08,-19.78,8.00
27.04,-12.70,-1.77
5.37,-3.11,-2.26
-12.27,9.58,-3.36
-22.40,5.19,-3.91
-27.16,-2.75,-5.13
-28.63,-5.00,-6.53
-29.54,-3.17,-6.77
-30.76,2.87,-7.08
-33.51,14.22,-10.74
-36.62,24.96,-14.22
-40.65,36.19,-13.55
-45.78,48.95,-19.23
-47.91,61.89,-30.33
-47.18,68.97,-37.78
-44.68,69.15,-37.96
-40.89,62.19,-31.86
-36.13,48.58,-21.61
-30.46,31.68,-10.07
-24.78,12.82,0.61
-19.35,-5.68,11.17
-12.70,-23.32,20.63
-4.88,-40.89,27.16
-1.22,-51.70,28.69
3.23,-41.26,22.64
0.31,-20.81,14.04
7.45,-9.46,6.04
6.53,-6.77,4.58
1.65,-1.16,8.18
-0.98,7.14,19.59
-2.75,12.33,41.93
-4.33,17.03,65.19
-5.86,26.43,83.74
-6.71,28.20,84.66
-7.02,33.57,81.91
-10.44,22.77,84.17
-12.33,18.62,73.85
-9.34,22.95,56.70
-6.16,20.32,36.80
-0.92,19.96,31.49
0.92,18.62,31.07
5.62,21.55,24.35
7.20,22.09,13.85
6.71,20.08,3.30
4.64,16.66,-3.36
3.78,10.56,-12.15
5.92,7.51,-30.64
9.58,12.70,-52.19
9.46,19.90,-63.60
8.48,23.38,-60.85
8.91,18.43,-48.52
9.83,8.18,-34.73
8.79,-3.11,-23.80
8.06,-14.95,-14.83
8.85,-29.91,-5.62
8.06,-45.41,4.15
9.70,-56.09,10.99
15.50,-36.50,8.24
21.36,-21.85,3.91
37.11,-20.08,1.89
46.81,-20.32,3.85
58.11,-16.24,6.29
69.82,-15.08,11.29
79.22,-22.58,12.39
86.85,-26.43,10.62
92.29,-26.43,5.19
93.99,-31.74,3.23
91.43,-31.13,4.52
77.76,-24.60,2.38
57.25,-17.88,0.43
35.83,-13.31,-1.40
15.81,-7.81,-6.47
0.00,-4.58,-5.80
-11.66,-4.94,-5.55
-19.41,-8.48,-7.87
-25.15,-9.77,-9.22
-26.79,-6.96,-9.64
-26.18,-1.10,-9.58
-25.33,6.84,-12.21
-26.86,17.27,-14.83
-29.11,25.27,-27.16
-28.56,25.88,-53.53
-29.11,26.98,-73.12
-29.24,35.46,-85.63
-26.12,44.01,-96.50
-21.06,45.29,-107.12
-15.87,39.31,-114.38
-11.90,27.95,-115.97
-10.01,13.85,-111.39
-8.24,-1.40,-99.73
-4.64,-18.19,-80.99
3.66,-35.77,-56.09
14.34,-51.76,-26.67
10.74,-64.70,-1.22
7.81,-71.23,14.65
-2.50,-57.43,15.20
0.43,-28.75,8.36
6.47,-19.65,1.04
-7.75,-22.95,-7.57
-18.80,-24.60,-10.13
-16.97,-18.07,-8.79
-10.80,-9.46,-2.99
-8.97,-3.36,13.49
-11.11,4.70,31.56
-7.26,17.64,58.53
-3.54,27.53,86.85
-0.55,25.45,101.56
1.95,26.55,109.37
2.93,30.27,109.44
3.11,26.49,114.93
0.18,28.56,122.07
-1.22,27.04,123.84
-0.31,22.58,121.64
0.43,25.70,122.38
-0.55,21.67,121.28
-5.55,20.08,113.95
-5.31,15.63,109.56
-8.48,12.33,111.27
-7.63,13.49,97.11
-4.21,7.63,86.06
-4.03,4.33,76.66
-6.04,1.59,68.73
-5.68,1.34,58.17
-2.69,-2.20,66.28
-7.02,-2.32,57.37
-0.06,0.49,54.38
-3.05,-2.01,52.49
-2.75,-1.22,28.81
4.64,1.65,32.53
2.62,2.32,40.41
6.84,1.40,37.35
4.70,1.10,28.02
4.33,0.00,9.70
5.62,1.04,3.60















-,-,-
-0.85,5.68,-3.17
-0.98,5.25,-1.65
-1.40,4.70,-0.06
-1.89,4.09,0.79
-1.83,3.36,0.79
-2.08,2.14,0.92
-3.23,1.53,1.16
-4.27,1.71,1.46
-4.64,2.01,2.01
-4.15,1.77,3.42
-3.85,1.10,4.46
-3.54,0.06,5.43
-3.11,-1.28,5.62
-2.81,-2.50,5.62
-2.44,-3.60,5.43
-1.89,-4.82,5.00
-1.10,-5.86,4.21
-0.18,-6.10,3.48
0.85,-6.16,3.17
1.83,-6.10,3.05
2.20,-5.92,2.93
1.59,-5.00,2.69
0.43,-3.48,2.32
-0.79,-1.22,1.65
-0.55,0.55,0.49
0.67,1.28,-0.73
2.26,1.77,-1.10
2.75,1.83,-0.98
3.72,2.01,-0.31
4.39,1.16,1.04
7.08,-0.31,2.81
6.10,-1.46,5.49
3.05,-2.01,6.77
1.22,-2.56,6.65
-0.67,-3.85,5.92
-2.75,-5.25,5.98
-3.85,-7.57,7.02
-4.39,-12.45,8.67
-4.76,-19.23,11.35
-4.88,-29.05,16.24
-6.59,-39.12,20.75
-7.63,-44.19,21.61
-7.75,-39.31,13.24
-4.21,-27.89,-1.83
5.62,-24.96,-3.36
7.02,-21.91,-0.18
17.03,-13.00,2.56
30.40,-4.70,5.49
47.18,-9.28,8.79
60.79,-16.72,13.37
73.67,-28.69,13.24
88.38,-42.54,12.33
102.05,-52.37,10.99
116.46,-55.30,10.80
126.89,-53.22,11.17
127.50,-48.77,10.01
114.75,-42.24,10.56
94.18,-27.16,15.50
73.73,-11.60,17.82
51.76,1.77,16.17
28.75,6.71,13.67
9.46,5.25,8.85
-4.64,1.83,4.52
-12.70,-8.91,-0.49
-19.53,-17.33,-3.72
-24.78,-18.19,-6.84
-28.08,-11.84,-9.16
-29.85,2.01,-10.31
-30.76,17.33,-8.18
-31.68,25.70,-7.75
-33.14,33.69,-8.12
-36.93,39.79,-7.93
-38.76,44.62,-12.76
-36.50,47.55,-19.65
-32.78,44.25,-26.31
-26.31,34.12,-25.76
-19.47,17.70,-14.53
-14.65,-0.85,2.38
-10.38,-17.52,18.13
-8.48,-23.32,22.95
-8.48,-9.89,14.04
1.53,-2.56,10.56
2.44,3.17,17.03
-2.32,13.73,40.16
-0.37,21.00,75.01
0.24,26.92,101.14
0.79,32.04,109.37
-0.24,34.12,106.75
-2.93,30.82,97.90
-2.44,21.12,91.31
-3.17,19.59,77.94
0.06,17.94,56.15
3.72,16.36,43.40
2.93,14.40,26.98
5.55,13.31,8.30
6.65,10.99,0.37
5.43,8.18,-3.60
2.81,5.25,-10.19
2.20,1.95,-23.07
2.69,6.71,-39.25
2.44,16.97,-55.66
3.54,26.92,-66.28
5.68,30.52,-65.12
8.06,26.92,-55.60
9.34,18.86,-45.78
10.19,8.36,-38.70
9.16,-3.30,-30.33
8.36,-18.01,-15.38
8.30,-35.77,3.91
9.46,-53.47,20.39
14.65,-68.85,29.72
26.86,-58.04,25.45
32.65,-23.32,10.01
54.57,-16.11,10.25
64.15,-18.86,18.49
70.74,-16.66,18.92
78.86,-22.09,16.11
89.42,-20.69,11.23
93.32,-23.56,3.60
91.43,-25.27,-3.23
76.84,-15.44,-7.51
54.87,-11.17,-10.62
33.51,-3.54,-9.52
15.81,7.08,-2.62
5.62,6.84,1.04
-1.83,8.06,-0.06
-10.86,3.85,-3.36
-16.72,-4.70,-6.41
-22.16,-7.75,-10.13
-27.28,-2.81,-14.95
-31.98,8.18,-19.84
-34.06,18.07,-36.25
-33.02,24.05,-55.91
-31.80,32.41,-71.72
-26.79,40.71,-86.61
-19.84,43.76,-101.32
-13.00,41.08,-113.65
-8.54,33.39,-118.71
-6.65,21.97,-114.44
-6.16,7.32,-103.52
-6.47,-7.45,-91.49
-8.06,-20.75,-81.97
-13.85,-31.62,-73.30
-12.21,-41.08,-61.95
-25.88,-47.91,-41.81
-36.13,-54.08,-16.48
-38.64,-57.31,6.84
-36.50,-45.23,12.15
-24.48,-30.27,-0.85
-4.03,-28.26,-1.83
-3.54,-24.84,-2.26
-15.20,-17.09,-1.95
-16.17,-8.67,-2.20
-6.23,-6.23,23.19
2.26,-1.95,70.25
9.52,7.63,106.57
19.29,14.59,123.05
23.80,22.52,130.49
24.78,29.72,140.08
24.17,31.56,143.43
22.89,29.60,150.27
19.78,25.57,152.22
18.19,17.27,151.18
17.15,13.43,158.26
15.50,13.79,147.28
13.12,14.53,134.28
11.11,9.77,126.10
1.59,2.75,114.32
0.49,0.92,86.67
-1.28,0.06,73.49
-3.60,-5.07,60.42
-0.43,-4.88,49.68
1.16,-1.95,49.32
0.67,-3.30,40.04
-0.79,-1.10,24.78
-1.53,-0.37,12.57
-1.46,0.55,9.89
-0.61,2.20,8.67
1.28,3.60,6.23
1.95,3.91,3.97















-,-,-
2.93,-23.99,10.25
6.04,-19.84,4.70
7.45,-14.47,-0.43
12.02,-11.84,0.79
14.16,-8.97,2.50
13.92,-4.09,5.07
12.27,-2.20,5.13
11.78,-2.75,2.32
9.58,-4.46,0.43
6.90,-6.96,-0.61
5.25,-10.01,-1.59
4.58,-12.27,-2.14
4.46,-13.61,-2.50
3.05,-13.55,-2.50
2.26,-13.06,-2.75
3.05,-12.08,-2.08
3.23,-10.62,-1.59
3.48,-9.22,-1.34
2.56,-8.48,-1.71
1.59,-8.30,-2.38
1.10,-8.30,-2.44
0.61,-8.85,-2.38
0.18,-9.09,-2.44
-0.12,-9.16,-2.20
0.43,-8.42,-1.77
1.77,-7.02,-1.16
3.30,-6.04,-0.12
4.27,-5.13,0.61
4.76,-4.58,1.16
4.64,-4.21,1.65
4.88,-3.85,1.89
6.90,-2.69,2.50
10.31,-0.92,3.91
16.78,1.65,6.59
29.42,-0.24,9.70
47.49,-16.17,12.33
65.19,-27.71,14.22
82.28,-38.51,12.02
97.66,-45.90,12.70
105.59,-49.68,13.06
107.30,-51.88,9.83
101.81,-45.90,14.22
96.86,-43.58,10.38
86.12,-35.77,6.16
66.35,-23.38,4.82
41.32,-4.27,9.77
15.26,13.12,7.69
-1.28,17.03,1.34
-12.15,15.63,-1.59
-19.29,5.13,-4.39
-26.61,-3.48,-7.20
-31.80,-6.77,-9.70
-34.36,-4.70,-12.08
-36.80,5.19,-15.08
-38.02,20.14,-17.76
-36.87,31.43,-17.82
-37.11,41.99,-20.87
-36.74,50.05,-29.36
-35.95,53.28,-34.61
-35.58,50.48,-33.39
-34.55,44.62,-26.37
-29.60,33.81,-15.38
-22.34,17.27,-2.75
-16.97,-0.24,10.07
-12.39,-14.40,19.96
-7.69,-20.39,20.39
-4.46,-10.07,10.19
2.62,-1.10,10.93
4.88,4.21,18.55
1.10,10.93,36.19
-1.34,16.85,52.31
2.69,24.72,80.02
6.90,31.80,98.08
9.46,31.86,107.06
7.93,34.36,104.43
6.84,35.10,97.53
6.41,32.35,90.88
4.15,23.19,77.45
3.66,22.89,51.45
3.17,16.30,33.20
3.97,15.01,24.96
3.72,14.34,11.60
7.14,13.37,0.43
6.04,12.08,-2.44
0.85,11.17,-6.23
-4.39,10.50,-17.70
-5.55,13.55,-37.84
-3.66,19.04,-62.68
1.22,22.77,-82.46
4.94,27.10,-93.08
7.20,25.33,-88.99
8.12,18.07,-69.70
8.12,7.93,-46.81
8.30,-4.70,-29.05
9.40,-20.26,-15.93
10.56,-39.25,-3.66
11.11,-56.03,12.02
10.50,-63.90,27.95
12.08,-56.88,31.49
13.18,-26.55,16.48
29.91,-17.03,12.21
41.44,-12.21,16.72
45.04,-3.97,18.25
50.72,-0.24,18.80
63.17,-11.72,19.29
76.29,-20.26,16.78
87.71,-28.63,12.27
92.29,-33.14,3.17
87.83,-34.00,-2.62
77.94,-28.08,-3.54
67.20,-17.21,-0.92
55.91,-17.33,-2.20
43.76,-14.71,-8.67
32.04,-14.71,-11.78
19.53,-10.93,-9.52
8.00,-5.13,-6.41
-0.24,-1.04,-4.88
-6.84,-4.27,-5.37
-15.08,-5.92,-7.69
-24.60,-5.86,-10.80
-32.23,-1.59,-14.47
-37.90,8.42,-20.87
-41.38,22.64,-31.37
-41.93,32.41,-50.54
-40.71,41.32,-73.18
-37.60,51.57,-94.42
-31.80,56.64,-113.53
-23.19,53.53,-127.26
-18.92,43.21,-131.65
-18.49,28.02,-127.01
-20.45,9.16,-113.89
-16.91,-9.52,-94.91
-21.06,-24.23,-72.02
-25.57,-34.67,-47.12
-25.33,-43.70,-22.83
-27.59,-48.77,0.00
-27.77,-50.35,21.36
-26.18,-52.12,38.33
-24.48,-51.64,40.22
-16.72,-43.21,5.92
-4.82,-40.22,-6.29
4.64,-30.70,-1.28
-0.55,-20.57,1.77
-2.87,-8.54,-2.01
1.46,0.00,-4.03
9.03,5.49,1.22
17.03,8.85,19.23
26.31,14.28,56.46
34.06,21.91,99.00
42.05,23.07,127.32
46.20,20.69,133.18
45.17,22.40,128.66
38.15,18.19,114.07
32.53,15.50,109.07
28.63,13.49,105.96
27.10,16.48,115.84
29.24,20.81,132.87
27.77,21.67,142.94
27.22,17.64,145.26
24.11,14.16,142.64
20.87,11.78,135.80
15.32,10.31,118.65
14.40,10.07,93.44
12.51,7.57,81.54
10.74,6.35,81.05
3.97,-2.81,79.71
5.25,-4.15,70.98
5.13,-3.72,64.15
4.76,-4.15,58.04
2.50,-7.08,55.30
2.01,-1.34,44.13
2.08,0.43,36.19
6.35,3.54,37.05
7.45,4.52,40.47
4.46,3.05,25.27
6.96,3.30,11.23
3.36,2.38,9.46
2.20,1.46,11.35
4.03,0.24,15.08















-,-,-
0.92,-6.96,-3.48
0.61,-6.65,-3.54
0.55,-6.16,-3.36
1.22,-5.37,-2.69
2.08,-4.52,-2.26
3.23,-3.60,-1.71
3.48,-2.99,-1.34
3.23,-2.62,-1.16
2.44,-2.81,-1.46
1.83,-3.30,-1.77
2.08,-3.54,-1.77
2.50,-3.23,-1.40
3.36,-3.23,-1.04
3.72,-3.42,-0.73
3.42,-3.72,-0.67
2.38,-4.27,-0.92
1.77,-4.82,-1.46
1.28,-4.88,-1.83
1.04,-4.58,-1.89
0.98,-3.78,-1.77
-0.37,-3.54,-2.14
-0.85,-3.66,-2.50
-0.61,-3.42,-2.44
0.37,-2.93,-2.08
2.14,-2.38,-1.65
2.99,-2.08,-0.92
3.78,-1.71,-0.55
5.49,-1.10,-0.12
7.69,0.12,0.67
9.95,1.77,1.65
14.47,3.60,2.99
22.71,4.39,6.04
35.64,-0.37,11.54
52.31,-9.22,15.38
70.98,-13.85,15.99
82.34,-19.96,15.14
90.15,-21.55,15.08
91.13,-16.85,23.32
90.94,-15.44,28.38
89.48,-11.47,27.83
84.47,-9.16,28.99
63.42,-5.86,24.84
39.61,-1.40,16.66
22.95,-2.69,8.12
10.56,1.22,7.39
3.97,-6.71,3.48
-1.40,-8.97,-0.37
-9.28,-14.10,-3.23
-14.59,-17.33,-5.07
-16.85,-15.99,-5.80
-15.44,-11.05,-5.31
-12.27,-4.21,-3.66
-9.89,2.93,-1.53
-10.44,9.09,0.12
-11.29,13.24,0.55
-12.33,15.87,0.73
-15.32,18.68,0.31
-23.01,25.02,-3.05
-28.81,26.37,-7.08
-32.10,21.12,-9.70
-33.94,21.42,-14.04
-33.20,24.96,-18.86
-29.60,30.27,-20.45
-25.33,30.58,-17.52
-20.45,22.46,-10.80
-18.25,10.13,-3.11
-18.74,-1.10,3.78
-20.51,-8.06,9.16
-18.68,-14.59,13.67
-14.04,-16.66,14.04
-3.05,-4.82,4.58
10.56,-0.61,5.19
12.27,-0.73,8.73
7.39,2.87,7.39
6.77,9.28,16.48
2.75,13.73,34.30
4.21,13.43,52.61
8.48,14.22,77.45
7.45,20.39,84.35
9.77,22.52,78.06
13.43,19.53,72.75
11.05,18.49,63.35
7.20,11.35,29.97
11.47,11.29,18.62
6.04,11.41,24.41
3.05,12.27,6.71
1.28,9.22,0.43
-5.80,5.25,-0.85
-8.91,2.56,-3.78
-10.80,0.55,-10.99
-11.84,-2.87,-29.66
-8.79,-3.48,-49.32
-0.12,2.93,-49.93
8.06,17.46,-38.57
16.36,29.85,-30.94
21.85,32.90,-30.03
21.42,28.08,-29.54
18.07,18.55,-25.39
14.71,6.23,-15.81
10.19,-5.55,-2.56
5.00,-17.40,11.41
-0.31,-32.84,21.42
-6.90,-50.84,26.61
-13.31,-64.45,25.63
-13.98,-46.81,-2.38
1.53,-30.82,-13.31
15.87,-33.39,-3.48
26.12,-19.47,0.92
44.68,-6.29,6.04
59.81,-6.29,13.37
75.38,-10.50,19.29
77.51,-10.19,21.48
62.99,-10.07,17.09
46.33,-9.03,7.87
36.87,-9.89,4.70
30.58,-5.07,8.42
25.27,-5.43,7.14
19.35,-10.13,5.68
8.73,-6.16,0.85
0.37,-6.10,-3.66
-5.43,-6.96,-4.27
-11.11,-9.16,-4.82
-15.56,-7.69,-4.58
-18.25,-2.38,-3.54
-18.19,5.49,-1.28
-16.78,13.79,1.22
-14.89,20.87,1.89
-14.77,27.04,-5.43
-12.02,26.73,-23.38
-7.20,25.39,-38.21
-3.66,26.25,-47.97
-1.22,23.74,-54.08
1.95,14.47,-52.19
1.28,1.22,-44.98
-1.71,-9.95,-34.12
-3.97,-20.87,-21.06
-4.46,-35.40,-8.61
-2.50,-46.69,2.14
-5.00,-28.32,-2.32
-1.59,-15.56,-6.53
-0.31,-19.47,-5.25
-4.58,-14.16,-4.39
6.77,-2.69,11.17
16.36,11.47,50.78
28.63,18.62,80.99
40.65,24.23,112.61
43.52,25.09,129.64
39.00,26.79,128.36
33.14,22.77,114.81
23.32,20.39,95.03
16.48,14.95,63.05
15.20,8.24,59.14
4.27,0.12,45.04
1.28,-0.43,20.69
-2.32,-1.28,5.86
-3.72,-3.11,-1.16
-4.33,-3.30,-2.44
-3.30,-1.59,-2.01
-1.28,0.98,-1.16
-1.04,3.54,-0.61
-0.43,5.98,-0.61
-1.10,8.06,0.00
-2.99,9.58,-0.43
-3.91,10.56,-0.61
-5.19,11.54,-0.31
-5.92,12.94,-0.73
-7.08,15.14,-2.87
-7.57,18.13,-11.47
-5.74,19.71,-21.79
-3.30,26.25,-27.34
1.34,41.08,-29.48
9.28,57.19,-29.48
18.13,70.62,-28.20
26.55,80.38,-25.88
30.03,86.73,-24.60
29.79,89.97,-24.78
29.60,90.58,-26.37
27.53,88.50,-28.69
24.60,86.24,-32.53
21.73,84.84,-37.35















-,-,-
5.00,1.71,2.32
5.19,2.32,2.32
4.82,2.38,2.32
4.33,1.95,1.95
4.03,1.65,1.28
4.03,1.10,0.67
4.27,0.61,0.37
4.76,0.24,0.18
4.94,0.49,0.12
5.19,0.85,0.31
5.80,1.34,1.22
6.16,1.77,2.08
5.86,1.89,2.56
4.70,1.53,2.26
3.11,0.92,1.59
2.01,0.67,1.10
1.71,0.61,0.79
2.20,0.79,0.73
2.56,0.67,0.85
2.99,0.67,0.73
3.23,0.92,0.85
3.91,1.16,1.16
5.19,1.83,1.65
6.47,2.38,2.44
6.71,2.93,3.17
5.98,2.81,2.93
5.00,2.32,2.38
4.52,1.89,1.77
4.82,1.40,1.53
7.57,0.73,2.20
13.18,-1.04,4.21
22.09,-2.38,8.12
31.19,-5.92,11.17
38.70,-7.69,9.22
49.38,-12.27,9.95
60.36,-7.69,20.02
68.73,-3.11,22.77
82.95,-8.12,22.16
91.74,-5.55,22.22
89.05,-4.70,26.18
78.19,-7.63,23.19
55.85,-0.85,19.10
36.87,4.64,17.94
18.92,5.80,15.69
5.80,9.77,7.57
-2.75,0.98,1.65
-8.36,-8.91,-2.32
-14.28,-14.89,-4.39
-18.55,-16.17,-5.07
-18.19,-12.76,-4.64
-15.93,-7.45,-3.36
-14.10,-0.92,-1.46
-13.31,6.47,0.18
-13.12,13.43,1.16
-14.10,20.51,-0.12
-18.13,30.15,-4.27
-21.91,27.40,-5.68
-25.15,22.34,-6.16
-29.36,23.62,-11.05
-29.54,27.83,-17.09
-26.49,30.76,-19.47
-22.89,28.93,-17.21
-19.71,20.39,-11.41
-17.15,7.57,-4.33
-15.50,-5.37,2.32
-13.00,-17.09,9.09
-8.67,-28.32,16.05
-5.13,-26.37,13.12
1.22,-2.99,0.37
13.85,-1.89,4.33
11.72,-3.42,9.40
8.42,0.24,6.65
6.84,0.73,4.64
8.18,2.56,18.01
6.77,7.20,42.79
6.84,9.89,54.50
11.41,9.40,70.92
11.90,15.99,76.11
15.56,12.70,81.79
12.63,15.81,70.25
15.01,16.42,56.40
12.45,13.24,53.96
7.14,12.27,34.67
7.08,9.64,18.86
3.60,10.62,9.52
1.04,8.97,5.19
-1.28,7.75,3.36
-3.97,6.47,1.28
-6.90,5.55,-1.95
-9.52,3.97,-8.79
-10.38,-1.53,-26.92
-6.59,-4.88,-45.65
-2.93,-2.01,-49.38
1.71,9.34,-42.24
8.12,24.54,-34.36
12.94,32.84,-31.19
15.01,32.29,-31.62
15.63,25.27,-30.21
14.10,14.04,-23.68
10.86,1.59,-12.82
6.84,-10.19,-2.08
4.46,-23.68,8.30
2.14,-40.47,17.70
-2.62,-57.68,24.60
-7.32,-56.88,19.78
-5.37,-31.07,-3.91
16.97,-29.79,-7.39
23.62,-25.27,1.59
35.52,-6.47,8.42
54.57,3.42,16.91
69.89,3.42,25.02
74.58,-3.60,19.65
61.46,-8.24,10.50
42.54,-12.33,0.67
30.27,-9.64,-2.01
22.89,-4.58,-0.24
19.35,-2.87,-2.32
15.50,-0.37,-3.30
10.50,-4.94,-2.44
4.76,-8.00,-4.21
-1.16,-9.70,-5.25
-5.13,-6.10,-3.97
-8.91,-4.15,-3.17
-12.39,-0.79,-2.81
-14.47,4.52,-1.53
-15.32,10.74,0.61
-15.26,16.72,1.83
-15.08,21.79,-2.62
-13.61,24.11,-19.78
-10.13,26.37,-36.99
-8.36,28.93,-45.78
-7.26,28.69,-51.57
-6.16,22.34,-57.98
-6.16,10.07,-61.58
-7.20,-2.69,-57.19
-10.56,-13.18,-42.85
-8.54,-23.68,-21.06
-5.55,-34.85,0.31
-4.94,-45.65,15.26
-6.47,-36.68,8.67
-5.00,-12.15,-6.84
4.52,-14.34,-4.88
-0.49,-18.49,-1.59
2.56,-11.23,-3.30
6.35,-5.98,-1.34
11.90,-1.16,14.89
23.13,4.46,53.53
32.41,10.01,90.21
40.04,19.17,111.94
44.43,23.32,124.76
42.11,26.61,127.87
37.96,21.06,117.74
31.19,11.35,106.99
23.25,9.28,89.36
18.19,6.65,73.97
13.79,4.94,59.51
9.70,1.77,38.82
5.43,-1.16,32.96
1.89,-4.64,33.57
-0.31,-4.27,17.70
0.49,-1.46,4.03
0.49,0.55,-1.34
1.28,3.23,-1.04
2.14,5.25,-0.61
1.95,6.96,-0.85
0.00,8.00,-1.95
-3.23,8.61,-3.17
-5.80,10.44,-4.15
-7.75,12.76,-5.80
-11.54,18.62,-18.43
-12.21,26.00,-35.83
-11.23,29.79,-41.63
-7.87,42.48,-40.83
-5.31,63.78,-42.91
1.46,85.02,-53.04
8.18,100.83,-68.66
12.27,111.45,-83.98
15.14,117.31,-94.30
16.60,118.04,-98.63
16.42,114.69,-98.27















 -,-,-
0.24,0.55,0.92
0.18,0.85,1.10
0.00,1.40,0.73
0.24,1.65,0.43
0.61,2.08,0.18
0.92,2.26,0.67
1.22,1.59,1.71
0.85,0.31,2.50
0.73,-0.37,2.44
0.12,-0.06,2.32
0.00,0.18,2.14
0.18,0.06,2.20
0.18,-0.24,2.14
0.18,-0.67,1.59
0.31,-0.55,1.16
0.92,-0.06,1.34
1.04,-0.49,1.89
1.28,-0.79,2.26
1.10,-0.73,2.32
0.98,-0.73,2.38
1.04,-0.98,1.83
1.10,-0.98,0.98
0.73,-0.61,0.67
0.55,-0.24,1.46
0.49,-0.43,2.26
0.37,-0.98,2.62
0.37,-1.59,2.32
0.37,-2.01,1.71
0.85,-2.14,0.79
1.40,-1.40,0.12
1.83,-0.24,0.24
2.08,0.85,1.22
1.83,1.28,2.20
1.53,0.55,3.05
1.53,-1.04,4.15
1.71,-4.88,5.74
1.34,-10.68,6.35
0.92,-9.70,0.06
3.30,-8.24,-2.81
5.19,-9.95,-0.12
8.36,-9.34,0.37
15.50,-6.47,0.98
27.59,-6.47,4.39
48.77,-12.33,7.20
72.08,-15.44,13.06
90.88,-24.78,14.89
101.44,-20.69,13.06
105.10,-20.87,16.24
93.08,-12.88,23.38
74.95,-3.85,24.66
53.89,-1.53,20.08
34.79,-1.10,10.93
19.10,6.96,8.42
6.10,7.57,4.88
-3.85,-2.38,-0.85
-9.89,-12.27,-4.09
-14.77,-16.78,-5.19
-18.31,-15.44,-5.98
-20.45,-10.07,-7.20
-22.46,0.43,-10.74
-23.19,9.22,-10.07
-24.48,14.34,-7.45
-24.84,19.65,-8.42
-25.63,23.44,-8.30
-24.78,27.89,-7.26
-22.58,31.19,-7.69
-20.20,32.96,-9.40
-18.19,31.25,-10.44
-15.63,24.05,-8.73
-12.15,11.23,-4.64
-8.79,-4.27,0.85
-6.65,-16.85,7.02
-4.58,-25.45,13.61
-3.23,-23.32,13.06
1.77,-7.45,1.95
6.77,-7.51,2.50
-1.34,-11.29,2.99
-3.54,-6.16,4.70
0.61,7.32,26.92
6.96,15.14,52.49
16.72,21.42,79.96
24.72,19.47,86.24
25.51,21.48,80.26
23.44,18.07,68.60
19.90,15.81,48.58
20.51,18.19,36.99
20.69,22.28,47.73
15.01,21.12,37.84
13.24,12.51,17.15
8.24,10.07,3.97
3.36,4.52,-5.13
-1.04,-4.58,-20.75
-4.15,-9.89,-46.63
-9.16,-10.44,-61.95
-11.17,-4.33,-62.26
-5.07,5.62,-52.19
1.89,13.18,-39.06
6.04,15.38,-29.24
6.41,10.80,-21.67
4.94,1.16,-12.45
3.60,-10.86,-0.67
3.11,-26.73,12.45
2.20,-43.27,22.64
0.79,-26.92,10.56
16.60,-11.84,0.67
27.83,-12.88,8.24
36.56,-8.54,13.55
52.49,-7.26,18.13
67.14,-11.90,21.61
68.54,-8.12,15.20
52.19,-9.03,10.74
31.56,-5.43,4.88
15.20,-7.32,-0.61
6.65,1.16,-2.62
2.32,-1.77,-1.10
-3.36,0.18,-3.42
-8.97,1.34,-4.03
-11.35,0.06,-4.15
-10.68,0.06,-4.33
-9.40,2.50,-3.36
-8.00,4.82,-3.36
-7.93,5.43,-7.81
-8.48,7.32,-17.88
-8.85,13.98,-26.18
-7.75,20.32,-31.74
-7.87,21.85,-36.74
-9.64,16.42,-42.91
-12.94,5.98,-48.95
-17.64,-4.39,-53.71
-21.24,-13.18,-57.25
-22.58,-21.85,-58.11
-23.07,-32.41,-51.21
-20.08,-42.60,-30.70
-20.69,-45.35,-4.94
-19.10,-23.32,-1.83
-10.68,-5.80,-6.65
-2.56,-10.25,0.61
-3.85,-13.12,1.28
-3.11,-6.53,-2.14
2.44,-0.31,5.00
16.91,5.31,31.92
33.02,13.12,73.06
46.75,18.55,102.97
55.54,23.25,124.94
53.77,32.78,128.60
51.57,33.26,123.17
44.56,31.68,122.56
35.89,25.27,104.68
27.53,19.59,79.77
22.52,7.63,58.84
15.63,7.26,39.18
9.70,3.17,25.94
6.77,-2.38,24.90
1.83,-2.93,7.08
0.37,-3.48,-3.60
0.12,-3.23,-3.17
0.06,-1.53,-3.23
1.22,0.67,-3.48
3.11,3.30,-2.93
4.64,5.31,-1.77
4.94,6.16,-0.55
4.46,7.51,0.55
3.11,8.97,1.16
1.40,10.50,1.53
0.73,12.57,2.08
0.24,14.95,2.08
-0.37,17.82,1.59
-1.53,21.67,-3.60
-2.20,24.66,-18.86
0.24,31.56,-32.78
5.00,43.76,-36.87
12.33,56.46,-34.18
20.57,65.80,-29.48
26.55,70.74,-25.27
31.68,68.30,-22.52
35.34,61.34,-20.87
35.22,53.59,-19.41
33.63,47.55,-17.94
32.90,42.79,-16.36
31.31,38.27,-15.44















 -,-,-
3.17,0.31,2.38
3.11,0.06,2.75
2.69,-0.18,2.87
1.83,-0.24,2.50
1.16,0.24,1.83
0.98,1.22,1.16
1.04,1.89,0.98
1.40,1.77,0.79
1.59,1.46,0.67
1.83,0.98,0.49
1.83,0.67,0.43
1.46,0.49,0.24
0.73,0.85,-0.18
0.37,1.40,-0.79
0.37,1.89,-1.16
0.37,2.08,-0.55
0.55,1.71,0.37
0.92,1.16,0.73
0.85,0.43,0.49
0.73,-0.43,-0.06
0.37,-0.49,-0.12
-0.18,0.31,0.00
-0.18,1.04,-0.06
-0.43,0.98,-0.12
-0.31,0.73,0.49
-0.61,0.73,1.22
-0.49,0.49,1.89
-0.85,-0.67,2.20
-1.89,-2.69,2.32
-3.42,-5.62,2.62
-5.25,-9.22,3.36
-6.71,-13.06,4.33
-6.29,-9.46,-0.37
-4.27,-5.49,-4.88
-1.40,-6.47,-3.36
-0.12,-7.63,-0.73
2.75,-6.90,-0.92
6.77,-6.29,-1.40
15.50,-3.97,-0.37
30.64,-2.69,5.43
53.59,-11.11,14.71
71.96,-16.60,19.41
82.82,-24.96,18.25
90.70,-28.69,15.56
93.08,-22.22,14.53
89.78,-21.48,10.99
80.93,-17.82,10.86
57.31,-7.02,9.52
29.60,-1.46,9.77
5.13,1.16,3.97
-8.12,-0.67,-3.05
-16.97,-8.61,-5.55
-22.40,-14.89,-8.42
-24.66,-16.36,-9.95
-25.39,-11.35,-9.58
-24.54,-2.44,-7.69
-24.29,4.09,-6.65
-25.02,10.99,-7.20
-26.49,15.44,-6.10
-27.95,15.87,-4.27
-29.24,17.33,-3.60
-29.60,18.31,-3.11
-30.09,19.17,-4.21
-28.14,16.72,-7.20
-23.38,9.64,-8.18
-16.05,1.28,-5.55
-5.31,-2.50,-3.85
8.48,-3.54,1.40
17.52,-1.40,8.36
21.61,2.93,11.41
21.55,5.13,11.84
16.85,2.50,11.41
13.37,0.18,21.91
15.26,4.88,55.24
16.91,10.38,81.18
19.53,17.94,92.47
20.51,20.94,88.38
16.72,21.30,71.59
12.15,17.33,50.11
8.30,13.43,31.25
7.08,14.40,23.13
7.32,15.26,21.79
7.39,12.76,13.55
4.82,8.85,1.53
1.71,3.17,-9.16
-4.64,-3.48,-29.30
-8.18,-9.28,-52.49
-12.94,-7.81,-64.76
-15.93,2.14,-66.96
-11.90,13.37,-60.36
-5.43,17.64,-48.52
-0.24,14.89,-37.72
2.81,7.32,-27.47
3.72,-3.54,-14.40
3.05,-16.91,2.08
2.56,-35.10,18.92
-0.55,-50.29,27.77
-2.99,-27.83,5.80
15.63,-19.17,-1.40
22.46,-18.68,6.90
29.42,-7.45,12.51
44.74,1.65,16.48
54.57,2.08,21.12
64.15,-5.49,21.00
68.05,-10.74,19.78
59.63,-9.28,13.85
45.84,-7.51,7.45
28.32,-4.94,4.33
18.86,-4.76,4.15
12.02,-2.14,-0.31
5.62,-4.03,0.37
-2.14,-5.00,-3.11
-7.93,-5.07,-6.65
-12.15,-7.93,-7.69
-13.98,-8.36,-7.87
-14.16,-5.00,-6.77
-12.82,0.12,-5.07
-11.41,5.74,-4.21
-10.99,9.70,-4.03
-12.51,13.49,-11.29
-16.17,11.90,-31.49
-18.80,7.39,-48.16
-19.17,7.32,-57.43
-16.78,9.70,-63.96
-14.34,8.00,-66.83
-13.06,0.92,-59.14
-9.64,-6.84,-39.43
-6.04,-13.73,-14.47
-3.36,-22.09,6.47
-3.11,-27.10,14.71
2.62,-8.73,1.53
11.41,-6.53,1.83
7.14,-10.74,5.68
0.67,-9.22,2.32
-1.40,-6.90,0.43
-4.46,-3.66,6.16
4.82,2.50,26.12
20.51,8.42,67.50
33.39,18.86,98.45
41.56,26.79,112.98
45.29,28.99,116.46
46.63,26.12,117.37
41.56,25.82,108.46
33.75,21.30,92.59
25.76,15.14,73.30
19.23,13.37,54.87
9.58,9.34,34.36
3.85,2.08,16.85
0.18,-0.92,7.26
-0.92,-1.95,1.34
0.79,-1.83,-0.31
1.83,-0.73,0.06
2.08,0.85,-0.31
2.50,2.75,-1.04
2.50,4.39,-1.53
1.83,5.55,-1.83
1.10,6.41,-1.59
0.85,7.26,-1.04
0.73,7.75,-0.43
-0.12,8.12,0.24
-1.22,8.97,-0.12
-2.81,10.19,-1.89
-5.92,12.39,-9.83
-7.57,13.92,-17.64
-8.30,13.73,-14.89
-7.45,15.14,-8.48
-5.43,22.46,-7.63
-1.65,37.11,-11.35
3.97,51.09,-16.05
8.48,60.49,-20.02
12.70,67.20,-22.52
16.66,71.47,-23.32
19.59,71.78,-23.56
21.79,67.57,-24.05
23.19,59.88,-25.39
23.44,50.11,-26.37
22.71,40.22,-26.18
21.30,30.46,-25.39
19.47,18.37,-24.05
16.85,2.75,-21.91















 -,-,-
0.12,4.15,-1.46
-0.18,3.23,-0.61
-0.61,2.08,0.43
-1.04,0.61,1.10
-0.92,-0.12,1.28
-0.24,-0.85,0.98
-0.24,-1.16,0.49
-0.31,-0.49,-0.12
-0.24,0.49,-0.31
-0.18,1.59,-0.06
-0.18,1.71,0.61
0.00,1.65,0.73
0.31,1.28,0.31
0.49,0.73,-0.12
0.61,0.31,-0.06
0.67,0.06,0.37
0.49,-0.12,0.61
0.55,0.12,0.37
0.92,0.55,0.00
1.22,0.98,-0.06
1.65,1.10,0.00
2.01,1.22,0.49
2.14,1.40,1.22
1.65,1.16,2.08
0.98,-0.06,3.11
-0.49,-1.89,4.03
-1.34,-6.77,5.68
-2.87,-16.85,8.18
-6.71,-21.00,6.41
-6.41,-11.72,-4.76
-1.28,-12.63,-5.55
-0.55,-13.31,-2.44
5.07,-9.70,-0.55
16.48,-5.31,0.92
32.78,-1.89,6.47
52.06,-2.32,14.83
71.66,-8.67,20.14
85.33,-13.49,18.62
91.25,-18.19,15.50
91.55,-19.53,13.98
87.28,-15.81,15.50
73.67,-12.45,10.19
53.04,-6.41,5.31
30.64,-2.75,5.80
12.02,-0.12,8.54
-3.36,1.04,1.10
-11.41,-4.82,-3.97
-17.33,-12.08,-5.43
-21.61,-14.83,-7.63
-25.33,-11.78,-9.34
-28.08,-2.20,-9.40
-28.44,6.41,-10.93
-26.92,10.50,-9.52
-25.15,14.40,-4.76
-23.44,13.98,-3.36
-23.25,13.24,-5.13
-21.18,11.66,-5.68
-20.08,10.38,-5.13
-17.15,10.19,-5.86
-13.49,7.08,-4.70
-10.25,1.83,-2.87
-7.39,1.10,-4.33
-2.87,-0.31,-5.55
3.91,-3.17,0.73
7.08,-3.17,6.23
8.12,-0.85,5.68
8.18,-0.18,5.62
5.49,0.18,8.06
8.42,2.32,23.13
15.99,6.23,59.57
19.65,15.56,77.27
22.46,19.96,79.77
20.69,22.95,70.74
21.91,17.21,69.52
14.71,11.54,56.70
12.02,9.03,32.29
12.76,8.91,34.12
10.80,12.39,28.44
9.40,14.47,18.98
6.23,12.88,13.79
2.99,10.50,2.38
1.04,7.93,-1.34
-2.99,5.92,-5.98
-8.42,4.09,-25.57
-11.90,-0.24,-48.22
-15.08,-2.32,-60.36
-15.69,6.84,-62.62
-10.13,21.48,-54.20
-3.85,30.46,-42.05
1.40,30.76,-31.98
3.85,24.90,-24.72
5.49,13.73,-16.60
6.35,-0.79,-4.76
6.59,-14.95,9.09
6.65,-30.94,21.30
4.82,-50.29,28.69
2.69,-63.72,30.27
3.97,-34.79,7.69
25.02,-22.40,-1.83
36.56,-23.13,7.63
44.31,-9.70,13.55
57.86,-0.18,16.66
63.96,-0.43,21.12
72.39,-12.57,16.17
70.62,-17.94,1.59
56.95,-13.85,-2.69
42.66,-11.23,1.04
29.36,-4.15,3.11
22.77,-5.19,0.79
14.83,5.74,3.36
7.14,-0.98,2.26
1.40,-6.41,-2.20
-3.42,-6.23,-4.88
-7.63,-3.72,-4.46
-8.97,-3.11,-4.03
-10.68,-1.53,-3.60
-13.12,1.77,-3.05
-14.16,6.71,-2.01
-14.34,12.63,-0.79
-15.01,18.55,-1.59
-19.47,24.05,-15.38
-21.97,23.56,-37.23
-22.28,25.45,-49.32
-21.06,29.60,-56.15
-18.86,29.91,-64.09
-17.33,23.25,-70.98
-16.72,11.60,-71.47
-15.44,-1.04,-61.83
-13.24,-9.70,-43.40
-9.28,-16.36,-19.90
-4.09,-25.51,2.38
-2.69,-37.29,17.27
-4.70,-47.91,23.19
-1.10,-29.60,9.58
5.13,-8.42,-2.50
11.47,-13.61,1.16
1.34,-15.26,6.59
3.60,-7.20,3.66
4.33,-2.20,7.08
9.22,0.49,22.16
22.03,5.98,52.31
31.74,15.38,81.79
40.77,14.95,104.92
41.32,20.26,106.93
44.31,24.66,107.30
44.31,24.35,118.04
36.44,21.18,103.27
32.41,11.96,87.04
24.17,9.16,71.96
18.49,7.39,58.84
11.17,9.34,34.00
16.66,1.77,41.81
7.69,3.66,25.21
3.60,2.87,4.09
1.77,0.49,1.53
2.08,0.49,1.16
1.89,1.28,0.73
1.59,1.77,0.18
1.40,2.26,-0.73
1.16,2.44,-1.53
0.31,2.93,-1.95
-0.12,4.15,-2.14
-0.43,5.13,-1.28
0.12,6.35,-0.98
0.18,7.08,-0.49
0.00,7.75,-0.18
0.24,8.48,-0.12
-0.92,9.64,-0.18
-1.53,11.11,-0.92
-1.89,13.37,-2.08
-3.97,16.24,-8.00
-5.49,19.35,-18.80
-5.25,23.25,-22.28
-3.42,35.34,-23.25
2.75,53.04,-24.96
11.47,67.14,-25.94
20.45,74.71,-24.05
26.49,77.82,-20.81
29.97,77.03,-18.43
31.92,72.45,-16.42















 -,-,-
1.10,1.16,0.06
1.16,1.46,-0.06
1.16,1.83,-0.12
1.34,1.95,0.12
1.22,1.65,0.67
0.67,1.22,1.65
-0.06,1.28,2.56
-0.73,1.04,3.48
-1.22,-0.24,4.09
-1.77,-3.05,4.82
-3.17,-7.08,5.49
-4.46,-11.05,5.98
-4.94,-15.63,6.65
-5.98,-19.29,6.77
-4.21,-12.82,0.31
0.49,-9.40,-3.85
3.36,-10.44,-1.46
4.76,-9.89,0.00
7.02,-7.14,-1.16
5.62,-6.65,-1.28
4.39,-7.20,-2.01
3.97,-8.06,-2.50
2.75,-9.22,-2.44
1.77,-10.07,-2.44
1.53,-10.50,-2.20
1.89,-9.83,-1.59
3.48,-8.36,-1.04
6.29,-6.29,-0.31
9.46,-3.54,0.79
14.28,-1.46,2.32
22.89,0.31,4.39
35.83,2.01,7.63
53.89,-2.38,13.49
72.63,-18.55,18.98
86.00,-25.94,17.82
90.15,-24.66,12.08
87.16,-24.17,12.21
75.44,-18.07,12.08
67.14,-18.62,15.08
50.42,-12.88,8.85
34.30,-12.21,-1.22
17.64,2.62,2.32
5.74,2.14,2.08
-2.08,-0.55,-0.06
-7.02,-5.92,-2.44
-11.54,-10.19,-3.60
-13.67,-9.89,-3.85
-14.77,-5.92,-3.23
-15.56,-0.31,-2.62
-15.26,5.43,-1.95
-14.59,10.56,-1.46
-14.59,14.04,-2.01
-16.48,16.66,-3.23
-19.71,18.19,-4.94
-24.05,17.21,-7.69
-28.26,13.49,-10.50
-30.27,11.23,-12.27
-30.58,10.56,-12.51
-27.59,10.01,-8.48
-24.35,6.35,-2.14
-22.03,3.54,-1.34
-16.78,4.27,-5.31
-6.53,3.72,-2.75
2.69,-2.38,3.72
9.28,-3.78,5.37
13.61,0.12,7.14
15.63,5.31,18.68
24.72,10.31,46.75
31.86,12.94,76.23
34.00,19.10,90.03
30.15,25.63,86.55
22.09,23.74,74.04
14.04,20.69,55.79
11.35,17.27,45.41
6.35,12.94,31.07
5.55,10.62,18.98
4.82,10.07,5.98
4.94,9.03,-0.31
2.56,6.71,-2.38
-2.01,3.11,-7.39
-7.75,-0.24,-20.75
-12.82,-2.69,-39.61
-16.36,-2.75,-51.09
-15.20,3.48,-50.54
-9.58,13.92,-43.03
-2.01,23.01,-35.89
5.25,25.57,-30.82
9.58,21.24,-25.33
10.31,12.39,-16.72
7.81,1.53,-5.55
5.62,-9.77,7.02
4.82,-24.41,20.02
4.15,-43.88,31.01
2.50,-53.04,30.03
7.32,-28.87,0.73
24.35,-22.52,-2.93
26.79,-20.63,7.02
38.45,-6.16,9.83
52.98,2.99,15.26
65.06,-4.88,20.69
77.21,-9.83,19.96
76.48,-12.82,10.44
61.16,-16.05,1.59
43.58,-17.03,-2.75
29.85,-12.21,-2.20
22.83,-9.64,-0.85
17.70,-7.14,1.83
11.41,-5.37,-0.24
4.46,-2.69,-4.33
-0.18,-3.48,-4.39
-3.91,-4.76,-3.30
-7.14,-6.77,-2.81
-9.22,-5.55,-2.69
-9.40,-1.04,-1.59
-9.09,5.43,0.18
-9.09,11.84,1.22
-10.50,16.60,0.43
-14.59,19.78,-7.63
-18.01,21.18,-22.95
-19.59,24.84,-35.52
-20.57,29.11,-44.80
-22.64,29.42,-52.55
-22.77,24.41,-59.81
-21.73,15.32,-65.19
-19.23,4.64,-66.59
-17.46,-4.39,-61.40
-14.95,-11.17,-49.62
-11.60,-18.74,-31.25
-7.26,-28.44,-10.99
-4.64,-38.45,5.13
-5.31,-45.84,17.88
-8.91,-40.59,17.70
-6.71,-13.67,-5.31
3.85,-12.51,-6.77
5.19,-19.41,1.28
3.17,-11.78,0.92
6.23,-4.82,-0.85
5.98,-2.32,4.03
10.86,-1.46,13.49
26.06,1.89,43.03
33.08,9.64,72.33
41.75,19.47,88.56
48.03,21.73,103.27
50.60,20.08,109.62
51.39,24.05,114.62
47.79,28.02,118.29
40.22,26.49,107.48
32.65,18.49,87.71
23.68,14.04,66.10
17.82,9.34,57.31
10.25,5.98,45.90
7.75,2.62,41.99
3.91,0.79,28.87
1.77,-1.28,14.40
1.10,-0.98,2.01
2.08,0.00,1.40
3.42,1.22,2.75
3.60,2.01,2.20
2.93,2.14,1.83
2.50,2.38,1.04
1.95,2.38,0.18
1.28,2.56,-0.37
-0.06,2.93,-0.55
-1.34,3.36,-0.79
-1.59,4.39,-1.16
-2.08,5.19,-1.16
-3.54,6.53,-1.59
-5.31,7.75,-2.44
-8.00,9.70,-3.05
-11.11,14.40,-3.91
-14.10,21.67,-8.79
-15.63,26.31,-18.55
-13.92,33.57,-22.46
-9.40,47.36,-21.97
-3.54,62.93,-23.38
3.91,74.16,-27.71
11.17,78.67,-32.59
17.09,76.72,-35.16
21.85,68.66,-33.94
25.63,55.36,-31.68















 -,-,-
-1.89,-0.24,0.85
-2.56,-0.79,1.77
-2.69,-1.59,2.81
-2.87,-2.38,3.11
-2.87,-2.56,3.17
-2.93,-1.59,3.48
-2.81,-0.37,3.11
-1.89,0.37,2.14
-0.67,0.67,0.98
-0.12,0.61,0.43
0.61,0.24,0.43
1.16,-0.24,0.31
1.59,0.00,-0.12
1.46,0.61,-0.24
1.22,1.40,0.31
0.79,1.71,1.16
0.31,1.53,1.83
0.06,0.55,2.75
-0.06,-0.55,3.36
-0.18,-1.53,3.97
0.24,-2.44,3.91
-0.06,-3.11,3.66
-0.55,-4.15,4.33
-0.55,-5.98,5.49
0.79,-10.62,7.81
1.46,-19.10,10.31
1.89,-19.29,5.00
6.65,-11.29,-4.46
11.47,-14.77,-4.46
12.33,-14.28,-1.71
20.94,-7.81,-0.55
37.90,-0.06,3.78
57.13,-2.69,12.82
77.33,-18.49,19.23
95.70,-14.59,18.25
107.91,-22.22,16.60
106.63,-27.53,10.99
93.02,-20.63,0.61
73.61,-19.90,6.04
51.57,-10.62,15.14
30.76,-8.79,9.03
12.88,-5.55,2.08
-0.85,-0.61,-2.08
-9.34,-7.20,-3.36
-16.66,-15.50,-5.49
-22.16,-17.03,-8.12
-26.43,-10.01,-8.61
-27.22,-1.71,-8.67
-24.96,6.84,-7.63
-22.95,13.92,-5.19
-22.03,18.74,-4.03
-21.97,20.32,-2.50
-23.99,21.30,-0.37
-25.51,22.64,-0.61
-24.54,22.52,-3.17
-19.65,17.46,-4.15
-13.49,6.53,-2.01
-9.09,-5.55,1.95
-4.39,-6.29,-2.08
6.41,-2.99,-3.05
14.95,-3.05,6.41
16.42,-1.59,10.07
16.54,1.40,8.12
12.08,1.16,5.86
7.39,-0.92,6.29
8.00,0.67,16.30
16.66,5.31,42.97
26.98,8.36,76.66
29.30,20.08,83.62
32.71,27.04,84.41
26.18,28.93,71.11
23.07,24.66,57.19
18.80,17.27,45.65
15.20,16.11,41.08
10.19,15.63,29.66
8.18,12.15,24.96
3.05,10.25,12.94
0.85,7.39,0.73
-1.04,6.04,-2.08
-3.66,4.94,-3.91
-8.12,2.62,-17.33
-12.94,-3.60,-44.13
-16.48,-6.71,-63.23
-16.05,2.01,-65.19
-11.17,16.17,-52.86
-5.62,27.04,-39.31
-0.79,29.36,-30.64
3.60,24.35,-25.57
5.25,14.22,-19.35
5.07,1.65,-10.07
2.26,-10.50,0.98
1.10,-23.44,13.43
-0.61,-39.92,24.35
-3.36,-55.91,32.23
-2.32,-48.89,20.39
7.08,-22.77,-3.66
24.23,-19.90,0.24
26.37,-19.53,9.83
44.49,-2.81,11.84
60.18,4.33,18.01
70.74,-4.70,19.65
82.76,-13.85,10.07
80.93,-23.80,3.78
58.17,-20.20,2.75
35.64,-18.74,-2.14
20.39,-13.67,-4.27
13.43,-11.72,-1.16
5.62,-4.27,-1.40
-1.04,-2.38,-2.56
-5.31,-6.96,-3.48
-8.24,-9.83,-3.97
-10.74,-8.36,-3.72
-12.33,-4.21,-2.99
-12.51,2.50,-2.01
-13.00,9.83,-0.98
-13.43,16.24,-0.55
-14.77,20.63,-2.26
-19.41,23.01,-13.43
-23.19,23.19,-33.75
-24.48,23.80,-50.17
-22.89,25.51,-61.83
-20.26,25.09,-69.52
-17.94,21.12,-72.45
-14.83,11.90,-68.36
-10.44,0.85,-56.95
-8.91,-7.14,-41.93
-8.48,-13.12,-26.92
-7.63,-21.55,-14.22
-9.46,-32.10,-4.21
-15.81,-40.53,5.55
-22.28,-43.95,16.36
-25.15,-36.25,17.88
-14.71,-12.27,-4.58
-5.74,-0.61,-8.30
3.97,-1.95,4.39
2.50,-3.85,8.24
6.10,2.44,4.15
8.85,4.76,8.61
13.12,3.97,19.71
26.37,3.78,47.06
36.87,4.15,75.32
43.76,11.23,93.87
45.84,16.78,102.11
46.81,20.02,105.04
47.00,18.55,108.09
44.19,20.14,106.26
44.68,24.29,109.25
38.51,22.09,105.83
31.43,17.03,88.26
21.18,12.94,65.86
14.83,9.16,51.15
9.22,5.80,45.41
4.82,5.98,29.11
3.91,2.99,21.91
5.07,0.85,19.41
4.52,2.20,14.53
4.15,0.98,1.71
3.23,0.43,-0.61
2.26,0.49,-0.73
0.67,0.98,-1.89
-1.28,1.89,-3.23
-3.17,3.05,-3.85
-4.82,4.88,-4.21
-6.16,7.20,-4.33
-6.65,9.40,-4.82
-8.67,12.08,-9.16
-13.12,14.40,-25.63
-14.10,12.02,-40.83
-14.10,17.64,-44.49
-12.76,32.10,-43.58
-8.67,47.61,-43.46
-3.66,59.51,-44.49
0.73,66.53,-46.39
4.52,67.50,-48.46
8.79,63.90,-50.60
12.08,57.98,-52.31
14.16,51.21,-52.92
14.83,43.70,-51.51
15.01,35.89,-49.01
14.10,28.99,-45.78















 -,-,-
7.57,0.31,1.40
4.88,-1.46,0.55
2.93,-2.93,0.12
2.50,-3.42,0.12
3.36,-3.23,0.43
4.52,-2.01,0.79
5.19,-1.34,1.22
4.27,-0.67,1.34
3.60,-0.55,1.40
2.87,-0.24,1.28
2.20,0.06,1.10
2.32,0.18,0.67
2.44,0.24,0.73
1.16,0.18,0.55
-0.37,-0.43,-0.24
-1.10,-0.92,-0.73
-1.71,-1.28,-0.43
-1.59,-1.53,-0.67
-1.16,-1.77,-0.79
-0.61,-1.71,-0.61
-0.37,-1.40,-0.18
-0.55,-0.98,-0.12
-0.85,-0.49,0.00
-0.24,0.00,0.18
1.16,0.67,0.85
2.99,1.53,1.65
4.39,2.14,2.75
6.35,2.56,3.11
9.58,3.11,3.85
14.22,4.33,5.25
19.23,5.07,7.02
24.41,-1.89,7.20
28.14,-10.86,3.11
33.26,-11.05,0.98
40.22,-8.73,6.59
47.12,-20.32,6.04
52.43,-17.15,1.95
56.76,-22.09,0.49
54.44,-25.02,5.25
38.39,-21.12,6.10
22.83,-17.27,1.28
10.50,-1.65,4.21
2.56,-3.54,3.05
-3.17,-2.99,0.31
-7.51,-3.97,-2.93
-11.54,-5.98,-3.66
-11.78,-4.03,-3.05
-11.11,0.79,-1.40
-8.97,6.90,0.37
-8.54,12.51,1.40
-8.36,16.72,1.71
-9.77,19.10,1.46
-11.96,20.45,0.24
-13.31,22.64,-1.16
-15.01,28.75,-2.01
-16.54,27.10,-0.92
-17.94,20.75,-1.10
-17.40,15.44,-2.62
-17.33,10.07,-4.52
-16.30,4.88,-4.33
-13.98,1.46,-2.62
-9.77,0.79,-2.50
-4.09,4.70,-2.87
3.85,1.95,2.32
7.63,1.04,7.14
9.70,4.27,8.61
7.69,6.59,7.08
6.10,5.80,6.10
6.47,4.39,12.39
8.73,5.92,27.04
11.78,11.11,37.78
20.26,16.36,59.02
23.68,13.79,68.30
29.72,20.32,71.90
33.87,23.93,80.26
28.50,24.17,73.79
30.94,25.45,64.27
26.37,20.69,54.44
19.65,17.33,36.62
15.87,14.71,24.78
9.89,12.39,19.10
4.82,9.22,8.54
1.22,5.62,0.43
-1.16,2.87,-1.83
-3.42,1.83,-3.85
-6.71,2.14,-12.02
-10.99,0.79,-30.15
-15.01,-2.44,-47.55
-16.30,-5.31,-52.61
-13.37,-2.50,-43.15
-9.28,5.19,-30.21
-5.80,13.12,-23.32
-2.26,15.08,-23.13
-0.37,11.96,-23.74
-0.24,6.84,-21.42
-1.34,0.98,-15.26
-1.59,-4.88,-5.74
0.06,-11.72,5.49
2.32,-22.34,15.99
1.10,-34.18,20.81
1.46,-28.32,8.18
11.84,-21.97,-2.38
20.02,-21.30,-0.31
23.80,-16.42,4.70
32.65,-7.81,7.02
41.02,-6.23,10.62
48.65,-18.49,10.62
59.14,-25.63,11.11
62.99,-27.65,7.75
56.27,-23.07,6.35
48.22,-24.29,6.29
40.77,-20.94,1.65
36.74,-15.20,2.14
28.63,-16.48,-0.73
16.05,-5.62,0.49
1.59,-1.59,0.18
-6.35,-5.92,-3.36
-11.17,-9.70,-5.49
-13.85,-9.83,-6.65
-13.98,-6.90,-6.53
-13.12,-1.59,-5.62
-10.86,5.19,-4.27
-9.70,11.90,-2.87
-9.22,18.92,-1.65
-8.18,24.05,-0.55
-8.00,28.14,-1.04
-9.70,30.21,-7.51
-12.76,27.95,-23.86
-14.89,24.05,-39.25
-17.03,21.12,-49.99
-17.70,17.52,-57.19
-17.46,12.15,-61.10
-16.54,6.77,-61.04
-16.36,2.44,-56.58
-15.56,-1.16,-49.44
-16.17,-3.54,-40.34
-16.97,-5.98,-29.85
-13.67,-11.60,-17.94
-12.76,-20.51,-5.92
-13.43,-31.37,5.98
-12.51,-42.18,17.27
-10.31,-37.35,12.76
-7.26,-21.91,-5.55
4.94,-22.89,-7.26
6.16,-21.67,-0.12
1.22,-13.92,2.44
0.92,-6.77,0.92
3.91,-4.21,5.55
16.97,-4.76,31.43
34.97,0.98,70.68
45.35,11.41,90.27
55.97,22.16,104.55
57.56,26.18,106.87
55.73,28.14,103.52
51.03,20.08,97.35
41.44,19.90,85.57
33.14,14.83,67.81
24.48,7.45,55.42
19.35,4.15,39.73
13.67,-0.85,34.12
7.63,-3.30,18.68
5.80,-2.32,5.55
4.27,-2.14,2.69
4.21,-1.89,2.75
4.64,-1.04,2.32
3.54,-0.06,1.89
2.50,1.10,0.85
2.26,2.20,0.00
2.01,2.56,-0.79
1.65,2.32,-1.40
1.10,1.46,-1.71
0.18,0.61,-2.01
-0.06,-0.12,-2.20
0.43,0.12,-1.46
1.22,0.79,-0.55
1.22,1.95,0.12
1.40,3.05,0.55
1.22,4.09,0.85
1.16,4.88,0.92
1.40,5.49,1.28















 -,-,-
0.24,-4.58,-0.49
0.31,-4.52,-0.55
0.73,-3.97,0.06
1.04,-3.17,0.43
1.34,-2.50,0.18
1.89,-1.89,0.12
2.08,-1.46,0.06
3.42,-0.85,-0.06
4.03,-0.85,0.24
3.72,-1.34,0.06
3.23,-2.38,-0.43
2.81,-3.36,-0.79
2.32,-4.09,-0.67
2.32,-4.15,-0.61
2.87,-3.78,-0.43
3.85,-2.81,0.06
4.70,-1.59,0.73
3.42,-0.98,0.55
1.65,-1.16,-0.31
0.73,-1.34,-0.55
0.12,-1.34,0.00
0.49,-1.34,0.18
1.59,-0.92,0.12
2.62,-0.73,0.31
4.58,-0.12,1.10
7.81,1.04,1.77
11.54,3.30,3.42
15.93,5.31,5.55
23.13,2.44,8.06
29.60,-1.65,10.86
34.67,-4.94,11.05
41.63,-4.52,8.48
48.34,-8.24,5.92
55.05,-7.81,10.25
61.28,-6.53,17.82
59.14,2.87,21.06
55.54,-0.98,18.07
40.95,-1.22,6.29
25.45,-4.70,-0.37
12.02,1.22,0.67
3.91,3.97,2.56
-1.04,-1.40,1.40
-3.66,-6.41,-1.34
-5.80,-8.61,-3.36
-7.63,-8.00,-4.09
-9.52,-4.88,-4.64
-9.58,0.37,-4.70
-11.96,7.02,-4.52
-16.36,13.55,-4.52
-20.14,20.20,-4.88
-21.67,26.31,-5.07
-21.42,33.69,-3.05
-20.69,38.82,0.73
-19.29,38.09,1.46
-17.70,33.39,-2.14
-15.32,27.83,-8.61
-13.24,21.91,-12.82
-11.96,15.63,-11.17
-10.56,8.24,-6.29
-8.97,0.49,-2.01
-7.14,-7.14,2.01
-5.62,-14.34,6.47
-5.25,-21.00,11.17
-5.74,-18.55,7.87
-1.77,-12.94,1.34
3.36,-10.50,0.06
6.71,-11.72,3.60
5.92,-10.86,4.70
5.00,-7.32,3.23
2.93,-4.39,3.60
3.30,-1.28,9.64
9.95,2.32,27.65
18.68,5.25,53.96
24.78,15.32,65.98
31.49,20.45,81.67
27.34,21.36,77.64
25.57,19.41,66.35
21.36,21.55,55.11
17.27,17.70,42.54
16.36,14.34,38.09
11.41,11.23,25.63
6.84,10.07,11.54
3.23,8.67,4.33
0.73,7.81,1.65
-0.18,7.63,0.37
-2.32,8.12,-0.67
-3.36,9.52,-2.81
-3.78,11.78,-4.58
-5.62,16.11,-11.17
-7.20,18.68,-26.43
-5.68,13.37,-36.74
-3.23,9.77,-39.67
1.10,16.85,-38.94
6.71,26.67,-36.56
9.46,32.53,-33.87
10.13,30.46,-30.70
10.13,22.46,-26.61
8.91,12.33,-20.51
6.23,2.62,-12.82
2.20,-5.13,-4.88
-0.79,-13.18,3.42
-2.08,-25.88,11.90
-4.64,-42.18,19.41
-6.65,-58.29,26.06
-8.00,-67.99,26.18
-5.98,-54.75,6.47
12.15,-37.41,-4.21
27.10,-29.36,1.34
39.67,-17.82,9.83
51.45,0.98,16.05
59.27,12.39,19.59
62.38,-0.31,15.69
67.75,-21.79,3.97
69.34,-22.52,-3.05
57.37,-18.62,-9.52
46.69,-10.07,-10.19
35.03,-2.75,-4.03
20.87,5.13,-1.10
6.77,0.24,-2.38
-6.71,1.59,-5.92
-17.94,-3.54,-9.28
-26.73,-11.17,-12.27
-29.91,-14.10,-13.61
-27.53,-10.01,-12.39
-21.85,-0.98,-9.89
-17.09,13.31,-6.71
-13.00,25.27,-2.87
-11.41,28.20,0.61
-11.35,28.50,-3.17
-11.66,28.87,-13.61
-12.51,29.11,-27.71
-12.39,29.05,-38.70
-14.16,28.26,-47.55
-14.83,25.27,-55.24
-14.77,19.47,-60.61
-15.32,12.21,-60.36
-17.33,5.00,-54.44
-18.62,-1.16,-43.46
-18.25,-6.35,-29.30
-19.17,-12.02,-14.40
-18.49,-20.75,-1.28
-16.78,-32.65,9.83
-17.27,-44.31,17.94
-20.02,-46.51,18.49
-18.55,-29.97,1.34
-8.97,-19.53,-8.79
0.31,-21.00,-3.66
5.68,-22.22,3.23
9.46,-13.49,2.50
11.17,-6.16,1.83
10.62,-3.17,5.74
15.63,-4.82,18.01
24.48,-4.58,38.82
39.49,-1.89,67.87
50.66,3.78,92.71
56.64,13.06,105.47
56.58,18.68,106.63
52.31,19.23,101.20
47.67,17.15,95.34
44.25,21.12,84.29
40.53,19.90,75.01
36.87,16.36,68.18
29.48,6.77,58.35
20.02,5.49,31.37
13.43,5.62,16.66
10.31,1.22,22.77
7.87,-1.16,18.74
6.10,-0.06,4.15
3.66,-0.31,-1.04
1.89,-1.34,-1.77
0.37,-1.71,-3.48
-1.04,-1.10,-5.00
-1.83,0.18,-5.62
-2.14,2.44,-5.62
-2.75,5.68,-4.88
-2.62,9.40,-4.15
-1.83,13.06,-3.36
-0.61,16.66,-2.14
0.06,20.08,-1.10
-0.31,23.07,-0.79















 -,-,-
0.79,0.31,0.85
0.55,1.10,0.49
0.79,1.65,0.43
0.98,1.46,0.73
1.22,0.92,1.04
1.28,0.18,1.34
1.59,-0.49,1.59
1.77,-0.85,2.20
1.71,-0.92,2.69
1.28,-0.85,2.75
1.28,-0.67,2.38
1.46,-0.55,2.14
1.34,-0.67,2.20
1.22,-1.16,2.26
0.43,-2.26,2.38
-0.37,-2.99,2.50
-0.49,-2.87,2.50
-0.31,-2.50,2.38
-0.18,-2.62,2.20
-0.43,-3.11,1.71
-0.49,-2.75,1.53
-0.92,-2.14,1.89
-0.79,-0.98,1.77
-0.49,-0.24,1.46
-0.18,0.00,1.10
-0.12,0.18,1.10
-0.31,0.12,0.98
-0.49,0.24,0.98
-0.55,0.31,1.10
0.06,-0.06,1.71
0.43,-0.73,2.32
0.61,-1.59,2.93
0.12,-2.26,3.66
-1.53,-3.17,4.27
-2.99,-4.46,4.09
-4.52,-6.16,4.09
-6.16,-7.14,4.46
-7.26,-6.29,2.87
-5.92,-5.25,1.04
-3.54,-6.35,1.65
1.95,-10.13,2.44
10.38,-10.50,3.72
20.32,-6.65,5.19
33.26,-1.53,8.97
48.83,-1.89,13.49
61.28,-9.16,9.22
71.53,-18.98,0.55
79.28,-19.59,-0.49
79.65,-22.16,2.26
76.72,-15.14,3.42
62.07,-5.43,6.04
43.58,2.14,6.47
28.99,6.53,4.15
16.78,12.33,2.75
6.84,11.78,3.72
-3.60,5.07,-0.43
-11.23,-4.46,-4.58
-18.19,-11.66,-6.90
-23.62,-15.81,-9.34
-27.28,-15.20,-11.17
-30.15,-7.20,-11.47
-30.15,2.26,-7.45
-32.04,11.17,-5.31
-31.74,17.58,-4.76
-30.40,20.02,-3.11
-28.08,17.03,-0.55
-24.90,11.90,-0.06
-20.81,8.67,-1.77
-16.24,3.78,-2.50
-10.99,-0.24,-1.89
-2.62,-3.36,1.10
3.66,-5.62,4.27
7.69,-5.80,5.31
10.50,-4.94,4.58
11.90,-3.36,4.03
11.90,-2.87,4.21
9.64,-3.48,4.58
5.55,-5.31,2.99
4.27,-7.20,1.53
4.88,-9.52,6.23
2.01,-9.16,7.57
9.58,-8.97,13.55
25.39,-9.09,45.53
26.98,0.24,63.17
31.80,7.57,54.32
34.79,9.70,51.57
32.17,12.21,57.98
27.34,16.42,55.60
21.24,20.39,41.38
17.40,19.35,36.19
9.77,15.93,29.11
6.29,13.98,19.90
0.31,12.15,9.46
-3.30,10.86,0.31
-6.90,9.09,-3.97
-8.48,7.26,-5.86
-8.30,6.65,-9.58
-11.35,7.45,-21.91
-15.38,5.92,-42.60
-18.37,-1.34,-58.29
-19.53,-3.36,-61.52
-15.01,1.10,-52.49
-8.06,8.48,-39.18
-3.17,13.85,-28.99
-0.06,13.37,-23.50
1.10,6.96,-19.90
1.59,-3.48,-13.18
2.87,-14.71,-1.95
3.97,-25.94,13.49
2.44,-39.12,26.37
-2.32,-42.05,23.86
-1.95,-23.38,4.15
8.97,-8.73,-1.16
15.93,-14.53,6.10
25.39,-16.85,8.73
35.95,-6.65,8.97
44.01,4.27,13.67
55.11,7.02,16.30
66.10,-0.98,9.83
70.56,-12.76,-0.92
68.54,-20.51,-4.52
56.15,-14.40,-8.54
46.02,-12.27,-8.18
36.13,-8.30,-6.84
28.02,-0.06,-2.08
20.26,2.56,-3.72
13.85,3.17,-2.87
5.74,5.00,0.55
-0.06,-2.69,-1.16
-5.92,-10.13,-3.66
-12.21,-14.77,-5.62
-17.09,-16.36,-7.57
-19.23,-14.53,-8.61
-19.78,-10.01,-7.81
-17.33,-2.87,-5.80
-14.59,5.55,-4.88
-11.29,13.85,-4.64
-8.79,20.51,-5.25
-9.64,24.41,-12.63
-12.63,23.99,-30.03
-13.24,21.97,-45.47
-15.20,20.57,-54.26
-19.10,18.68,-61.40
-21.79,16.66,-68.48
-23.07,12.57,-71.72
-24.11,5.31,-67.44
-24.41,-2.69,-54.14
-23.25,-9.28,-34.61
-21.79,-15.08,-13.24
-20.81,-21.55,6.23
-20.02,-28.87,21.79
-18.13,-37.84,30.76
-14.28,-41.02,25.82
-12.15,-26.06,1.40
0.12,-16.17,-7.26
11.23,-18.19,1.65
16.91,-18.80,8.30
23.68,-11.47,6.96
24.48,-3.30,9.70
22.52,3.23,19.41
32.23,3.54,38.21
50.11,6.53,79.16
60.12,11.41,108.70
69.09,17.09,111.94
80.08,18.92,116.82
76.29,20.57,114.62
73.73,22.28,112.18
65.00,17.58,103.70
52.98,18.49,86.73
41.44,13.79,67.50
31.49,13.73,53.83
22.09,9.58,45.47
15.20,5.31,32.90
7.75,4.70,26.12
0.37,3.78,2.01
-2.75,0.43,-3.60
-7.14,-1.28,-2.26
-8.06,-0.67,-2.56
-7.81,0.85,-4.15
-9.83,2.32,-5.37
