-,-,-
-7.14,-8.67,9.70
-4.76,-12.21,11.35
-1.95,-15.20,12.63
2.01,-15.75,11.29
5.55,-10.31,5.49
6.04,-5.31,3.54
5.37,-7.51,4.64
3.91,-5.31,5.43
2.81,-4.15,2.75
2.26,-4.82,1.34
2.44,-4.76,0.98
2.75,-4.82,0.37
3.78,-4.76,0.43
5.31,-4.39,0.85
6.41,-4.33,1.16
6.47,-4.88,0.73
5.62,-5.62,0.06
4.27,-6.04,-0.67
3.05,-6.65,-1.28
2.50,-7.02,-1.34
2.08,-7.02,-1.22
2.56,-7.32,-1.22
2.75,-7.08,-1.16
3.05,-6.53,-1.04
3.78,-5.43,-0.61
4.64,-4.15,0.06
5.37,-2.62,0.67
6.04,-1.77,0.92
7.26,-1.83,1.34
10.50,-2.69,2.32
15.26,-4.15,3.85
23.56,-11.72,7.32
35.89,-18.86,13.85
53.65,-15.50,17.09
71.53,-18.37,21.18
87.83,-22.28,28.50
98.57,-27.89,32.53
102.84,-29.11,28.93
97.96,-25.70,27.22
84.17,-9.16,34.18
60.55,-5.07,26.73
43.64,-8.06,14.59
32.23,-7.32,11.54
25.94,-8.48,6.04
18.43,-9.40,1.28
6.77,-8.18,0.67
-2.99,-11.11,-2.14
-9.95,-13.31,-4.09
-15.20,-9.89,-5.49
-18.49,-2.87,-6.59
-20.20,6.23,-7.20
-23.68,17.15,-9.52
-29.05,28.32,-16.48
-32.23,35.22,-19.53
-37.66,37.17,-20.87
-40.83,40.16,-23.62
-41.81,47.42,-24.96
-38.57,52.86,-23.93
-31.62,50.23,-21.30
-25.27,38.27,-17.70
-22.46,20.69,-12.33
-20.69,1.22,-3.60
-17.58,-15.81,8.91
-13.85,-31.86,21.91
-8.12,-45.90,29.24
-2.08,-36.80,19.65
-5.43,-18.62,8.00
-3.85,-12.39,13.06
-15.08,-8.67,24.90
-19.23,0.37,18.37
-15.38,5.55,35.71
-19.78,18.19,65.55
-16.97,30.09,82.58
-15.56,29.54,91.19
-18.49,24.78,84.90
-10.99,25.27,66.77
-5.68,24.90,49.01
-2.75,23.62,45.78
6.35,22.89,38.45
8.61,22.71,29.54
14.95,19.59,20.63
14.10,19.78,7.63
18.62,19.04,-9.22
20.87,15.20,-29.91
24.54,14.53,-49.07
20.45,15.08,-56.95
12.45,14.34,-54.14
9.16,10.80,-45.72
9.52,1.65,-35.58
8.30,-13.24,-25.45
5.19,-30.76,-15.93
2.44,-47.18,-5.31
1.65,-59.81,4.76
6.41,-56.34,8.00
6.29,-34.00,-0.06
23.68,-25.76,-4.03
37.17,-25.21,3.72
56.95,-27.16,9.46
75.93,-30.64,13.24
88.93,-32.23,19.35
97.78,-31.31,19.35
94.67,-33.26,18.55
72.88,-28.26,19.35
50.48,-16.17,14.95
39.43,-2.99,10.31
22.77,8.48,7.08
9.28,4.27,9.03
-3.17,15.63,11.47
-10.99,14.89,7.02
-13.85,6.90,3.05
-14.71,7.75,-2.44
-14.89,16.42,-7.26
-16.97,26.43,-23.86
-17.52,33.57,-44.13
-19.10,39.18,-54.44
-20.45,51.70,-61.16
-18.62,68.18,-71.04
-14.89,76.66,-81.18
-10.25,70.74,-87.28
-3.91,52.73,-89.17
1.89,26.61,-85.75
8.54,1.04,-74.65
2.81,-16.78,-56.15
-1.34,-30.33,-36.99
-2.87,-45.23,-18.92
-2.20,-61.16,-1.83
-2.32,-73.97,13.61
-4.03,-69.52,17.09
-9.40,-39.92,9.03
8.30,-23.13,2.62
-0.43,-16.11,-2.99
-5.19,-3.66,-1.34
-2.01,8.18,1.40
3.72,12.39,31.49
6.71,15.99,82.89
11.23,19.90,121.77
10.99,10.38,148.50
4.94,9.64,152.28
3.60,17.09,148.32
-1.28,15.38,152.65
-4.64,8.30,156.80
-6.35,6.16,142.58
5.31,4.21,123.05
-0.18,1.34,97.96
0.06,-1.77,73.06
1.22,0.24,52.37
3.97,-0.12,47.85
1.22,4.58,37.29
2.50,9.58,18.86
6.77,15.75,7.63
8.00,19.78,0.55
4.21,21.12,-30.03
7.75,24.05,-79.35
10.68,30.03,-120.54
10.62,36.13,-144.78
11.29,40.16,-159.42
13.61,37.11,-168.33
17.76,26.31,-166.44
22.58,11.72,-154.24
26.86,-4.21,-135.13
28.87,-20.26,-114.20
32.29,-36.13,-97.35
27.89,-51.64,-84.53
14.47,-65.43,-71.53
-8.12,-77.09,-55.54
-24.11,-73.67,-39.86
-24.05,-49.87,-21.18
-17.15,-34.67,-3.30
-5.86,-33.94,-2.20
-5.43,-30.15,-9.34
-2.50,-21.30,-9.03
-1.40,-18.13,2.14
4.15,-19.29,29.30
6.35,-16.42,79.35
6.41,-4.15,122.19
8.85,6.71,148.80
6.47,14.71,163.82
7.02,21.73,173.83
2.50,21.61,179.02















-,-,-
-4.58,0.98,-1.95
-5.00,1.95,-0.55
-4.94,3.36,-0.06
-5.07,3.72,-0.18
-5.07,3.05,-1.28
-5.55,3.72,-2.20
-6.65,4.52,-2.14
-7.69,4.70,-1.10
-7.87,4.33,-0.18
-6.65,2.81,0.24
-5.19,0.24,0.92
-3.48,-2.20,1.53
-0.92,-3.42,2.26
2.32,-4.70,3.42
4.09,-5.43,4.88
4.64,-5.80,6.10
3.78,-6.77,6.71
2.75,-9.28,7.08
2.44,-12.27,6.41
2.50,-13.98,5.00
1.95,-13.98,3.36
0.49,-9.64,0.67
-0.12,-6.29,0.12
1.71,-8.54,0.85
4.58,-12.82,3.42
6.10,-10.74,3.60
6.53,-12.21,2.01
5.55,-15.14,1.40
5.13,-16.60,2.01
6.59,-15.63,2.93
10.07,-12.63,4.15
15.63,-8.24,5.92
23.25,-5.49,9.22
36.80,-13.24,15.14
51.15,-10.74,20.02
68.54,-8.61,25.33
82.40,-28.08,28.08
92.59,-28.02,26.25
102.11,-34.06,24.48
105.90,-37.29,25.45
104.13,-30.46,21.18
101.62,-30.40,29.54
81.73,-19.90,37.96
62.81,-10.86,25.02
43.52,-6.29,8.67
24.41,-2.14,2.56
8.67,-4.09,3.66
-0.55,-5.92,-0.61
-5.98,-9.16,-3.11
-12.08,-12.82,-3.66
-16.05,-11.96,-4.88
-18.98,-7.26,-7.26
-21.06,-0.61,-9.52
-23.01,10.13,-14.34
-25.82,22.28,-22.16
-28.50,31.80,-24.96
-32.23,34.00,-25.39
-35.64,37.35,-26.49
-37.23,40.10,-27.10
-37.17,41.08,-25.76
-34.30,38.09,-22.46
-28.63,28.08,-16.60
-23.32,12.45,-7.26
-20.02,-5.68,3.85
-17.03,-24.05,14.89
-5.55,-27.16,12.27
-9.34,-14.40,5.31
-6.77,-3.23,5.55
-8.42,1.89,16.05
-10.19,7.32,30.15
-11.84,11.35,39.06
-10.99,15.08,48.40
-13.06,20.51,74.58
-15.26,26.25,86.36
-14.04,31.13,85.75
-11.96,27.83,77.33
-8.24,28.32,69.15
-5.80,23.86,60.67
-3.42,23.13,50.11
-2.01,20.26,31.86
0.31,20.08,22.89
0.00,20.51,17.76
1.34,21.06,10.07
3.54,21.91,-0.85
6.04,25.09,-11.47
6.35,26.06,-24.54
8.24,27.10,-44.80
10.31,26.00,-60.91
10.01,21.67,-64.45
7.08,15.32,-55.54
4.21,6.53,-40.83
2.75,-3.54,-27.65
2.99,-15.14,-18.07
2.87,-29.48,-9.40
2.08,-44.98,0.37
3.97,-57.31,11.54
15.93,-56.88,15.32
18.19,-31.07,10.68
25.57,-18.86,8.73
39.12,-20.20,9.70
51.88,-26.73,14.04
63.66,-27.04,19.96
74.04,-27.59,18.01
83.25,-27.16,16.30
87.16,-29.54,21.61
84.11,-24.17,23.25
71.04,-20.69,18.13
52.43,-12.33,11.60
33.14,-1.71,4.82
15.26,-0.73,2.44
3.05,1.40,0.55
-6.77,6.10,0.24
-12.21,3.48,-0.92
-15.01,0.43,-2.75
-18.07,2.38,-6.59
-19.96,9.52,-11.35
-20.94,18.80,-17.82
-20.08,26.49,-38.02
-17.27,30.46,-60.00
-15.38,36.01,-74.83
-11.72,44.37,-86.61
-6.90,48.58,-98.08
-1.46,43.95,-107.24
1.22,31.19,-106.69
0.61,14.16,-93.14
-1.77,-2.81,-70.37
-2.93,-17.94,-44.31
-1.04,-33.69,-20.69
-0.73,-51.21,-4.33
-5.92,-65.80,7.51
-13.85,-63.35,11.29
-21.24,-39.86,2.81
-20.45,-25.70,-2.14
-8.54,-23.38,-3.85
-9.95,-16.66,0.24
-9.52,-0.37,11.90
-3.72,10.56,28.81
4.94,17.70,64.94
11.41,26.37,103.88
19.17,33.33,130.74
24.23,35.95,147.09
28.63,37.41,157.53
29.05,33.94,162.72
26.79,26.61,159.42
22.71,22.40,145.45
15.81,12.21,130.98
10.44,3.85,108.22
7.08,4.15,84.11
3.72,-2.26,67.57
2.20,1.46,57.13
-1.16,5.74,47.55
-2.20,11.66,27.65
-0.67,16.17,11.35
2.38,20.02,1.46
7.32,24.11,-7.51
6.47,24.72,-34.48
12.33,21.55,-78.25
14.77,18.68,-116.76
13.49,19.71,-143.07
11.47,21.42,-161.87
9.89,19.41,-175.11
11.11,13.06,-181.21
16.11,3.42,-177.25
11.41,-7.75,-157.84
2.75,-19.65,-126.46
-6.71,-28.50,-93.02
-10.99,-35.58,-64.45
-10.68,-45.29,-41.75
-8.36,-58.84,-21.79
-7.45,-70.50,-4.33
-2.69,-51.57,2.32
-2.20,-31.62,10.50
11.35,-24.17,6.29
3.72,-19.53,0.85
1.22,-17.94,8.73
2.99,-15.56,41.93
8.00,-8.48,82.09
18.55,1.34,120.18
25.88,13.24,158.81















-,-,-
-1.16,-10.80,3.97
-1.28,-8.42,1.16
-2.99,-5.80,-0.49
-2.75,-6.10,-0.67
-1.59,-6.96,-0.73
0.37,-6.71,0.37
0.92,-6.41,0.00
0.92,-5.43,-2.01
1.34,-5.98,-1.77
0.73,-8.06,-1.04
0.37,-10.25,-1.10
-0.18,-12.15,-1.10
-1.04,-13.18,-1.04
-1.34,-12.88,-0.98
-1.40,-11.54,-0.98
-1.34,-9.46,-0.79
-1.04,-7.02,-0.67
-0.85,-4.76,-0.24
-0.24,-2.69,0.06
0.73,-1.59,0.37
1.10,-1.59,0.73
0.85,-2.20,1.22
0.98,-2.93,1.34
0.73,-3.66,1.59
0.37,-4.09,1.28
-0.12,-4.52,0.73
-0.31,-4.27,0.92
-0.37,-3.54,1.10
-0.06,-2.62,1.16
0.00,-2.08,1.46
0.49,-1.83,1.95
1.28,-1.65,2.44
2.08,-1.59,3.36
3.97,-0.98,4.52
8.00,-1.10,6.71
14.77,-5.86,11.11
20.69,-4.94,14.04
31.86,-8.12,18.37
43.58,-11.41,23.25
59.33,-16.78,23.68
76.29,-27.95,25.21
87.52,-24.17,30.15
94.91,-36.68,29.11
90.76,-34.97,24.54
82.15,-29.85,15.93
72.08,-25.33,13.49
53.65,-18.68,7.14
37.66,-6.96,1.04
23.93,-6.90,3.91
14.28,-6.77,4.21
5.49,-8.85,1.04
-2.87,-6.96,-0.06
-8.73,-7.81,-0.92
-10.62,-7.57,-2.38
-12.02,-4.33,-3.78
-13.79,0.92,-5.25
-15.32,6.96,-6.90
-16.17,13.79,-8.12
-17.52,23.13,-12.15
-18.98,28.56,-13.55
-21.79,38.15,-13.43
-23.50,48.03,-18.98
-23.38,56.15,-27.83
-23.44,56.88,-33.87
-23.50,51.76,-34.24
-21.85,41.20,-29.17
-20.81,26.00,-18.13
-19.59,9.40,-2.93
-17.52,-5.49,14.22
-13.37,-21.06,30.33
-9.89,-31.37,36.01
-9.58,-20.94,19.10
-6.65,-8.97,12.39
-6.90,-1.65,11.60
-9.40,6.35,19.84
-5.98,20.51,39.86
-2.81,37.23,75.56
-4.33,46.39,110.47
-5.55,46.94,116.33
-5.68,45.35,105.10
-5.55,41.75,86.49
-4.94,38.57,71.66
-2.99,30.58,58.04
-2.08,22.64,35.22
4.46,22.89,23.62
3.91,20.57,22.89
6.77,18.01,12.63
11.23,14.71,-0.06
13.37,12.33,-12.70
15.81,10.31,-31.43
17.70,11.11,-47.91
14.83,10.38,-55.48
10.19,7.45,-54.26
6.65,1.89,-46.45
4.52,-5.68,-34.79
5.25,-16.48,-22.28
8.67,-31.01,-8.12
14.53,-47.30,7.45
23.44,-53.47,16.24
26.49,-28.81,11.84
33.87,-21.91,6.77
42.66,-29.85,7.69
49.38,-31.31,5.98
58.04,-28.99,7.26
66.35,-29.54,5.80
76.60,-35.16,3.66
74.89,-33.69,4.94
61.34,-31.80,8.30
37.35,-15.08,8.24
20.39,-2.62,1.10
5.86,4.33,-2.38
-6.10,11.78,-5.68
-14.10,9.52,-6.04
-18.07,2.32,-6.29
-20.08,0.92,-10.62
-19.90,7.51,-17.46
-17.94,15.14,-36.19
-14.83,20.81,-56.46
-11.29,27.71,-72.27
-7.14,34.79,-85.88
-2.81,35.52,-99.18
3.60,28.93,-109.31
8.97,15.56,-113.10
12.33,-1.40,-106.32
13.61,-18.13,-84.59
11.84,-34.85,-50.48
7.93,-49.56,-16.91
3.05,-59.57,5.49
-2.87,-57.80,14.77
-9.52,-34.00,7.45
-11.66,-23.38,5.98
-5.92,-24.54,0.61
-9.16,-20.39,-2.08
-10.07,-7.32,5.43
-3.60,6.59,34.61
9.40,20.51,82.21
16.66,25.51,119.26
25.27,31.31,136.47
27.59,36.32,151.06
26.37,39.67,169.01
22.71,40.22,180.60
20.02,37.90,176.27
15.20,30.40,151.37
11.29,19.10,122.01
5.86,11.96,97.11
1.83,6.04,77.15
0.12,4.64,61.77
-2.62,7.51,45.65
-2.38,12.21,31.19
-1.46,15.38,24.96
-2.08,17.09,12.82
1.65,19.90,-10.74
4.76,21.00,-45.72
11.90,19.47,-93.63
18.37,15.08,-139.59
21.48,11.72,-174.26
19.78,7.57,-193.79
14.10,0.12,-195.80
5.86,-8.24,-181.40
-3.30,-17.21,-155.27
-9.34,-26.37,-126.16
-11.47,-36.32,-99.24
-12.57,-48.77,-76.42
-13.12,-60.67,-56.52
-14.59,-69.95,-33.94
-13.24,-58.53,-14.04
-16.54,-35.03,2.69
-6.47,-28.14,7.02
-0.98,-25.63,0.92
0.31,-15.56,11.23
7.39,-8.91,43.21
14.22,-0.85,91.61
20.20,17.15,142.40
28.99,29.97,171.39
35.83,37.54,185.79
34.30,36.62,192.44
27.53,29.48,199.28
16.17,24.90,199.71
5.80,12.27,188.78















-,-,-
3.85,-6.53,0.98
2.93,-5.98,0.85
2.50,-5.07,0.98
3.42,-3.72,1.46
4.46,-2.56,1.89
4.46,-2.38,1.89
3.97,-2.75,1.65
3.54,-3.05,1.16
3.17,-3.23,0.79
2.69,-3.36,0.79
2.62,-3.05,1.04
2.99,-2.56,1.34
2.75,-2.26,1.34
2.26,-2.50,1.34
1.95,-2.93,1.40
2.08,-3.11,1.71
2.56,-2.81,2.01
3.54,-2.32,2.50
4.52,-1.28,3.30
6.16,-0.06,4.33
8.54,0.31,5.55
10.80,-2.08,6.77
11.11,-6.47,7.93
10.50,-11.35,8.85
8.48,-3.48,4.33
8.30,1.04,2.56
8.06,1.95,3.78
9.03,0.49,4.58
12.39,-2.93,5.55
18.55,-11.72,5.25
26.98,-20.75,5.86
37.84,-18.25,8.18
55.73,-14.95,15.01
71.78,-21.55,17.58
86.12,-31.13,15.56
92.35,-34.00,12.39
90.27,-35.89,8.54
82.21,-34.00,9.03
68.12,-23.50,9.03
52.19,-14.22,6.77
38.64,-11.84,5.19
26.86,-8.06,1.59
12.94,-0.92,-1.04
0.73,0.43,-1.53
-8.36,-5.68,-1.95
-14.83,-10.19,-3.78
-19.23,-9.64,-6.16
-22.46,-5.43,-8.73
-24.84,1.16,-12.57
-28.26,13.61,-18.01
-32.90,27.34,-20.26
-34.42,39.67,-25.27
-34.91,47.55,-28.69
-33.63,52.86,-28.87
-30.46,52.86,-26.98
-26.55,47.55,-23.32
-21.42,36.25,-16.91
-16.60,20.14,-7.63
-12.82,2.56,3.17
-9.58,-13.31,15.56
-5.92,-26.00,26.73
-0.12,-23.74,24.78
-2.81,-14.34,17.03
2.69,-8.42,9.58
-1.22,-8.24,7.32
-7.26,-3.11,11.23
-10.31,4.94,24.66
-8.42,12.94,47.55
-6.77,21.48,71.84
-6.16,26.61,79.83
-7.81,23.01,79.28
-12.63,23.13,71.96
-15.87,26.55,67.50
-17.40,32.29,65.98
-19.04,33.45,58.90
-16.97,33.33,47.30
-12.39,28.81,38.64
-10.38,27.10,29.60
-6.84,28.44,13.18
-1.04,28.63,-4.76
6.29,27.10,-18.43
13.55,26.86,-38.33
22.71,29.85,-63.17
26.49,29.30,-76.05
20.32,25.09,-69.52
12.45,19.10,-52.80
8.73,10.74,-37.78
8.91,-1.34,-26.98
10.07,-18.55,-16.66
9.77,-40.53,-4.21
9.34,-61.58,10.56
11.78,-78.43,26.12
20.14,-79.96,34.06
24.35,-42.42,25.88
40.71,-24.54,12.63
56.95,-34.18,5.80
64.51,-41.50,0.73
69.34,-42.05,2.32
66.41,-34.12,2.93
60.79,-35.10,0.67
52.61,-32.59,-4.21
42.79,-25.33,-7.75
34.73,-18.19,-5.68
25.33,-5.55,-4.70
16.97,-2.01,-2.99
5.62,4.46,-3.11
-2.93,12.08,-2.93
-7.39,13.00,-1.95
-9.64,11.60,-3.17
-11.60,10.62,-6.47
-14.34,12.70,-15.26
-17.46,16.24,-34.00
-19.96,23.80,-52.43
-21.85,35.03,-66.96
-21.61,44.37,-81.91
-20.63,47.67,-97.53
-19.53,44.07,-111.33
-16.60,32.41,-120.36
-10.31,13.73,-120.30
-0.43,-7.26,-105.16
2.38,-26.18,-73.79
-4.64,-41.56,-36.80
-14.53,-51.15,-6.47
-22.34,-56.58,13.43
-25.39,-60.36,24.72
-21.55,-55.05,13.85
-31.86,-40.95,1.71
-15.56,-26.49,-5.25
-11.90,-15.93,-6.59
-12.51,-1.65,-1.28
-5.55,15.08,12.57
10.31,21.73,47.55
23.19,24.23,94.12
29.30,28.81,126.34
32.10,30.03,143.01
31.92,28.50,158.26
30.03,29.79,166.93
28.08,32.84,166.81
24.60,33.08,159.61
19.71,27.65,145.45
14.53,16.05,117.43
12.70,3.85,94.42
7.93,-0.12,74.34
5.31,-1.04,58.35
4.33,2.50,51.27
3.30,8.00,34.73
7.26,12.39,11.84
9.58,16.11,4.88
10.80,20.08,-1.34
6.65,19.53,-26.43
4.09,15.20,-75.81
2.93,11.96,-128.66
0.92,14.83,-168.58
-1.65,18.31,-190.73
1.22,20.51,-194.58
-0.06,17.76,-181.40
-0.37,9.34,-156.43
-1.22,-0.61,-127.08
-0.18,-9.95,-101.01
0.12,-21.36,-81.36
1.34,-35.77,-67.50
-1.65,-50.42,-56.40
-11.17,-60.73,-43.95
-21.79,-64.27,-28.20
-28.08,-65.73,-7.45
-28.87,-65.37,6.23
-31.56,-49.93,3.23
-15.38,-34.85,2.26
-6.59,-24.54,-0.79
-2.26,-10.13,9.89
12.08,3.17,51.21
24.23,13.92,101.93
36.74,23.80,137.39
45.10,28.44,162.84
44.62,34.73,177.80
41.99,35.95,188.54
35.58,35.89,191.71
29.54,27.95,190.98
18.80,20.75,169.19















-,-,-
-0.18,-7.20,8.36
0.73,-12.82,10.56
0.55,-18.98,13.55
-0.24,-23.68,16.05
-0.61,-27.89,17.82
0.24,-32.23,19.41
1.59,-30.58,16.85
-0.67,-19.84,10.31
4.27,-14.47,5.00
8.06,-10.25,1.77
7.63,-4.76,2.75
8.06,-0.55,3.54
7.93,0.92,2.93
7.51,1.22,2.44
6.77,0.73,2.81
6.84,0.06,3.54
7.14,-0.31,3.42
6.71,-1.10,2.99
5.68,-1.89,2.44
5.07,-2.56,1.89
4.15,-3.30,1.65
3.72,-4.09,1.16
3.30,-4.46,0.55
2.26,-5.07,-0.12
0.49,-5.74,-1.04
-0.43,-5.80,-1.46
0.00,-5.13,-1.46
1.28,-3.66,-0.67
2.99,-2.20,0.31
4.46,-1.65,1.34
5.62,-1.89,2.08
7.32,-2.50,2.93
10.80,-3.17,4.46
17.40,-5.31,7.57
27.28,-6.90,12.94
39.92,-10.68,19.17
54.44,-12.45,20.94
69.15,-23.07,20.32
79.16,-25.88,20.20
86.79,-33.20,14.53
92.96,-41.08,8.48
92.83,-41.32,6.41
88.01,-37.66,3.17
74.83,-31.25,4.27
54.93,-21.00,0.98
31.62,-12.27,-4.76
9.46,1.53,-6.90
-5.00,2.99,-4.09
-14.04,-4.21,-5.07
-21.30,-11.96,-8.54
-26.73,-14.22,-11.84
-29.30,-9.64,-13.06
-27.89,-0.31,-13.37
-24.84,10.62,-10.31
-24.23,21.97,-8.24
-25.70,31.43,-10.74
-29.24,37.35,-11.72
-33.51,43.03,-11.90
-36.13,47.73,-12.27
-35.95,48.89,-14.34
-32.59,43.88,-17.52
-28.08,32.90,-17.15
-24.41,18.07,-10.99
-21.24,2.69,-1.34
-17.52,-9.95,8.85
-11.72,-17.70,17.15
-6.65,-13.67,17.76
-6.96,-8.00,17.76
-1.40,-3.11,13.18
-6.71,0.49,12.88
-15.50,10.99,26.79
-14.65,20.51,59.33
-12.45,25.21,89.05
-8.30,27.77,108.22
-7.63,27.89,112.24
-7.45,27.53,103.39
-8.36,27.95,85.02
-4.82,22.77,66.28
-0.92,20.14,52.73
-0.37,21.30,34.06
3.48,20.26,17.82
5.00,16.60,10.68
6.35,13.49,3.78
8.12,12.21,-7.69
9.09,10.25,-28.02
8.85,14.47,-50.11
4.46,23.07,-66.89
1.53,31.56,-75.13
-0.18,32.96,-73.12
-0.85,27.47,-63.11
0.24,17.70,-51.88
2.14,4.39,-40.53
2.20,-9.95,-26.43
3.48,-27.10,-9.64
6.29,-46.75,8.18
11.41,-65.55,27.65
16.72,-81.30,43.40
25.27,-59.51,40.22
26.25,-24.90,24.41
48.16,-20.26,17.82
53.41,-27.77,23.13
57.19,-27.22,26.43
63.23,-21.55,21.73
72.81,-20.08,17.15
73.30,-20.39,17.52
67.50,-24.29,12.33
50.11,-18.43,0.98
33.94,-12.08,-9.64
24.90,-10.44,-11.54
20.87,-6.16,-10.01
17.33,-6.23,-7.32
16.11,-15.56,-7.63
9.77,-18.37,-9.89
0.85,-13.00,-11.47
-7.93,-5.80,-10.56
-15.20,-0.06,-10.80
-23.38,5.07,-14.59
-29.97,14.95,-28.81
-31.62,25.21,-47.79
-31.19,36.74,-60.36
-29.17,47.85,-70.68
-24.78,54.44,-82.89
-19.17,52.19,-95.34
-14.95,40.04,-104.25
-11.90,22.03,-104.80
-8.73,3.54,-92.83
-6.96,-12.51,-68.73
-5.25,-27.10,-39.73
-2.62,-42.85,-11.35
1.71,-57.80,14.77
2.75,-57.92,28.93
-12.33,-35.28,24.35
-10.56,-25.45,12.39
-2.38,-23.07,-0.92
-11.60,-14.40,3.85
-7.20,-2.20,32.17
4.15,9.09,75.07
18.80,23.93,123.41
23.56,37.17,150.15
26.12,43.21,163.21
18.98,38.64,170.29
12.21,31.25,160.83
8.00,26.43,146.61
4.27,22.71,125.98
4.76,20.26,103.39
3.30,12.27,85.51
-0.49,10.62,67.32
-3.72,6.10,51.82
-6.59,7.87,38.70
-6.35,13.61,24.05
-4.76,15.75,13.12
-2.50,18.74,-1.65
2.69,22.64,-20.75
8.30,24.90,-50.60
14.59,28.14,-93.08
18.80,29.66,-134.40
19.41,28.99,-165.53
17.52,24.60,-185.12
18.68,15.81,-192.38
17.52,4.15,-186.28
13.31,-8.73,-170.47
9.58,-22.22,-148.74
0.24,-34.91,-124.94
-10.56,-44.13,-101.44
-17.52,-51.09,-80.63
-18.01,-58.96,-61.04
-14.04,-71.29,-39.37
-12.76,-85.33,-13.92
-16.36,-93.63,10.19
-19.35,-73.79,9.09
-25.88,-52.00,5.68
-6.84,-39.61,-0.73
-6.47,-29.05,-4.15
-7.14,-18.13,5.86
-0.12,-9.95,41.99
10.62,-0.92,87.89
22.40,11.17,128.85
32.29,25.45,157.10
34.42,34.42,176.21
32.96,37.48,177.67















-,-,-
-4.88,-34.67,9.83
-4.09,-31.68,6.59
-0.67,-20.20,-1.46
-0.85,-9.28,-2.32
-0.61,-6.29,1.22
2.26,-7.08,2.50
2.44,-3.66,2.01
1.46,-1.46,0.24
2.81,-2.81,-0.18
4.64,-4.76,0.73
5.19,-6.29,1.10
5.19,-8.18,0.73
4.88,-9.95,0.49
4.52,-11.11,0.31
3.54,-11.29,0.12
2.56,-10.50,-0.43
1.95,-9.34,-0.37
1.34,-8.12,-0.18
1.10,-7.32,-0.43
0.98,-6.53,-0.55
1.22,-6.23,-0.49
2.20,-5.92,-0.06
2.62,-6.23,0.12
1.53,-7.08,-0.18
1.04,-7.81,-0.98
0.61,-8.42,-1.28
0.92,-8.24,-1.34
1.34,-7.26,-1.28
1.83,-6.23,-0.98
2.32,-5.19,-0.49
3.85,-3.91,0.37
6.29,-2.69,1.95
9.52,-2.26,3.54
14.10,-3.36,5.80
20.45,-4.09,9.09
34.42,-7.02,17.03
53.83,-10.86,26.73
79.41,-16.11,34.79
100.22,-24.05,39.79
112.00,-27.10,42.24
110.47,-32.23,40.41
106.02,-30.64,35.16
95.76,-25.76,33.33
80.44,-14.53,30.76
60.42,-9.77,21.12
35.83,-0.24,12.33
13.31,4.03,8.42
-0.79,1.95,5.92
-8.85,-0.18,2.38
-14.59,-5.68,-2.62
-20.69,-9.03,-5.31
-28.50,-5.92,-9.34
-34.67,6.59,-15.87
-39.49,29.24,-21.42
-41.81,47.12,-20.94
-42.66,56.88,-15.99
-43.88,60.30,-16.54
-45.41,61.10,-23.07
-44.31,59.88,-30.64
-40.53,53.96,-33.75
-34.06,42.24,-30.03
-26.73,25.45,-21.85
-19.65,6.35,-11.66
-14.53,-12.15,-0.55
-10.68,-30.03,11.47
-6.71,-43.88,22.22
-1.04,-39.86,21.06
-3.97,-23.38,13.79
-6.29,-14.59,8.97
-12.57,-14.59,8.12
-21.00,-5.74,18.92
-24.35,6.90,46.39
-24.05,19.35,74.95
-19.59,27.47,95.95
-18.25,28.08,100.52
-17.70,28.14,90.15
-16.24,27.89,78.61
-16.17,22.52,71.17
-12.94,20.94,46.20
-7.32,18.98,26.86
-4.09,16.54,18.25
-2.75,21.06,17.76
1.71,22.89,5.43
7.39,23.07,-8.97
9.64,20.14,-18.31
10.50,16.91,-32.41
12.57,19.41,-51.21
13.00,22.83,-62.62
12.21,23.44,-63.78
10.62,17.33,-57.80
8.24,6.29,-47.91
7.51,-6.53,-37.23
9.28,-22.09,-27.28
10.07,-40.04,-16.11
10.93,-59.08,-0.85
13.61,-70.43,13.67
20.69,-47.24,13.67
27.47,-23.13,9.09
46.39,-24.78,12.15
61.10,-36.62,26.00
72.51,-31.43,37.72
83.68,-26.06,36.87
89.23,-24.90,34.18
86.18,-18.13,34.91
77.15,-17.15,27.89
58.65,-10.99,15.50
35.77,-6.96,7.87
17.33,-5.49,3.60
1.10,2.99,0.79
-12.94,17.52,-2.50
-22.09,15.50,-6.16
-26.49,11.90,-11.78
-29.97,14.16,-19.41
-31.19,24.54,-35.77
-32.53,39.67,-50.78
-31.74,56.27,-59.88
-23.19,64.64,-67.14
-12.02,59.63,-76.17
-4.33,43.82,-85.82
1.95,22.46,-90.52
5.80,0.73,-84.47
4.58,-15.93,-67.99
1.65,-28.69,-44.19
2.26,-40.83,-19.29
11.54,-52.98,-0.92
12.39,-61.83,14.59
10.74,-50.72,21.48
-6.23,-30.15,18.49
-11.23,-23.50,6.53
-15.26,-20.45,5.19
-10.74,-6.96,30.64
0.79,6.23,76.78
6.65,17.88,114.07
12.45,26.37,131.90
12.76,29.54,139.83
7.69,31.31,143.74
2.69,23.93,143.86
-0.55,19.47,133.12
-0.12,17.82,112.73
-0.98,12.45,95.15
-3.72,4.46,77.64
-4.52,1.40,62.26
-5.98,3.54,47.12
-5.98,8.48,31.37
-4.70,12.76,14.47
-4.33,14.65,2.69
-0.98,19.78,-10.44
2.50,26.43,-30.09
8.00,31.43,-64.64
13.67,38.21,-101.38
18.43,43.70,-128.11
19.35,43.33,-142.58
19.41,34.00,-146.73
20.87,18.98,-143.49
23.07,1.28,-132.87
24.60,-17.40,-113.04
26.25,-36.93,-87.16
27.65,-56.21,-61.77
24.96,-73.43,-40.16
14.65,-85.82,-22.16
6.65,-84.66,-11.17
-3.60,-54.14,-5.92
-14.53,-34.00,1.16
-12.02,-29.97,0.79
-11.60,-28.87,-1.53
-7.14,-17.33,12.51
-2.26,-4.46,51.64
3.72,4.58,96.92
12.39,10.68,132.57
15.38,17.58,156.98
10.99,26.25,171.26
3.66,31.19,172.12
-2.75,24.60,170.41
-8.85,10.13,155.88
-11.23,1.53,133.12
-12.15,-0.43,111.88
-8.91,-1.95,89.05
-5.37,-8.54,70.62
-2.87,-9.46,54.08
-2.14,-7.39,43.40















-,-,-
3.72,-3.60,-0.06
4.64,-4.33,1.28
3.48,-4.39,2.01
3.91,-4.46,0.73
3.72,-6.59,0.00
3.17,-8.24,0.24
2.81,-9.70,0.49
1.16,-11.47,0.24
-2.20,-13.00,-0.61
-5.07,-13.73,-1.83
-7.93,-13.18,-2.81
-6.53,-11.72,-2.87
-4.82,-10.01,-2.20
-2.93,-8.12,-1.77
-2.75,-6.65,-1.65
-0.12,-5.74,-1.53
0.92,-5.13,-0.73
0.79,-5.13,0.06
2.38,-5.25,0.98
1.95,-5.37,1.89
0.61,-5.49,1.83
-0.31,-5.31,1.16
0.18,-5.07,1.16
-0.18,-4.39,1.28
-1.16,-3.85,1.53
-1.16,-2.99,1.89
1.34,-1.46,3.17
2.75,0.61,4.46
5.62,2.81,6.35
8.97,4.82,8.12
14.89,5.55,10.01
23.93,0.61,14.65
34.73,-8.48,22.34
49.19,-17.52,28.44
65.67,-27.28,36.38
78.55,-29.11,41.38
89.78,-33.33,44.62
94.73,-30.21,47.91
94.12,-34.24,47.55
78.19,-29.91,38.70
60.00,-23.62,25.88
38.15,-13.73,13.92
23.19,-6.04,5.13
9.70,-8.06,5.62
-2.56,-3.17,-1.53
-8.91,-9.40,-5.49
-16.60,-16.91,-5.13
-20.81,-16.78,-6.41
-22.52,-9.52,-8.79
-23.74,1.77,-12.02
-24.84,14.34,-16.48
-26.73,25.09,-24.05
-26.86,35.89,-28.02
-26.18,44.01,-24.96
-27.65,49.62,-25.39
-29.85,54.26,-31.98
-31.43,55.66,-38.15
-32.10,51.33,-40.16
-30.33,40.83,-36.25
-26.37,23.86,-26.37
-24.41,2.56,-12.33
-24.17,-16.91,3.11
-21.79,-33.14,19.65
-17.76,-42.42,31.80
-0.85,-26.00,22.22
-10.93,-9.95,15.01
-16.72,1.46,17.76
-22.22,9.83,29.60
-21.12,17.46,41.63
-16.78,27.53,56.21
-13.18,31.25,72.27
-11.72,34.12,81.05
-11.17,34.73,79.10
-7.81,36.07,65.25
-6.71,27.40,48.77
-4.15,24.29,35.46
-4.82,22.71,32.53
-5.74,23.93,24.23
-3.91,27.04,24.35
-5.92,29.05,24.96
-1.34,28.56,13.79
5.31,26.25,-1.89
13.49,21.00,-18.80
20.20,15.01,-36.87
20.69,9.83,-46.57
16.36,3.36,-44.74
12.21,-3.78,-36.19
9.40,-13.73,-25.39
7.26,-26.92,-15.20
5.13,-40.71,-6.04
5.13,-47.61,1.40
10.80,-33.94,4.03
9.58,-27.22,2.87
18.19,-26.18,1.22
27.65,-27.22,1.89
39.31,-33.20,4.03
52.25,-37.78,8.73
67.99,-43.40,15.20
80.26,-43.09,20.02
85.82,-44.62,18.25
78.55,-40.77,14.22
62.13,-34.91,5.92
46.75,-26.92,5.19
31.19,-10.68,3.91
20.51,-7.81,-2.75
9.52,-3.78,-4.27
0.06,5.55,-1.83
-4.27,2.08,1.28
-7.63,-2.38,0.18
-12.51,-0.49,-7.08
-17.70,9.40,-23.13
-20.57,19.35,-44.49
-21.30,27.53,-58.17
-16.36,34.42,-64.45
-11.41,40.22,-71.84
-7.57,44.13,-82.70
-5.62,41.87,-92.04
-4.64,32.90,-95.15
1.10,17.40,-89.42
9.83,-3.72,-70.98
0.12,-19.23,-47.12
1.71,-32.84,-23.32
3.78,-48.83,0.24
2.93,-60.97,20.81
-0.79,-43.40,19.35
-5.43,-19.53,14.40
-3.11,-15.87,10.19
-11.29,-17.09,3.91
-15.75,-7.08,9.46
-9.77,9.22,37.54
-1.16,18.31,69.52
2.75,25.63,100.95
6.29,32.96,116.39
5.98,34.73,129.94
2.99,35.77,129.70
9.16,31.31,132.08
8.91,24.96,143.86
7.08,25.76,141.72
8.85,22.16,116.88
6.47,17.82,90.45
4.39,8.36,72.69
-0.31,5.37,69.40
-2.38,9.16,59.88
-1.34,11.90,52.06
-2.44,12.70,42.24
-3.85,17.70,33.63
-3.48,23.13,23.93
1.10,26.92,11.54
7.69,30.82,-13.24
17.27,28.56,-45.65
23.62,24.54,-87.83
23.74,22.58,-124.63
22.71,21.12,-145.26
21.00,15.63,-144.90
16.17,6.41,-125.12
10.50,-2.44,-99.85
7.26,-10.86,-82.76
5.68,-21.00,-76.60
4.94,-34.06,-76.48
3.11,-49.32,-77.82
1.77,-62.99,-77.70
0.49,-71.78,-72.51
-2.62,-69.46,-54.63
-5.98,-40.16,-25.57
-2.81,-23.62,-0.92
3.17,-18.98,10.80
-1.95,-16.36,9.03
-0.55,-9.70,25.88
-2.01,-0.18,67.02
1.65,10.19,112.49
7.81,22.89,145.14
21.79,30.82,163.39
22.58,33.33,177.73
19.47,28.08,184.69
15.50,25.94,172.55
14.89,16.72,152.95
9.22,11.54,126.83
7.69,11.17,97.60
5.00,6.35,65.92
5.13,0.18,48.34















-,-,-
-29.11,0.06,8.97
-29.66,2.50,8.48
-28.69,2.50,7.75
-26.49,0.79,7.57
-23.80,-1.46,7.02
-20.69,-2.62,5.80
-16.54,-2.99,3.97
-12.45,-2.81,2.38
-9.22,-2.56,2.38
-6.59,-2.56,2.87
-4.70,-2.26,2.93
-4.21,-2.20,2.32
-4.21,-1.34,1.10
-3.66,-0.06,-0.37
-3.23,1.34,-1.28
-2.56,3.05,-1.71
-1.71,4.46,-2.14
-0.67,4.33,-2.32
-0.12,3.05,-2.69
0.61,1.65,-2.62
1.34,0.37,-2.14
2.14,-0.31,-1.53
1.71,-0.31,-1.53
-0.06,-0.18,-1.59
-1.95,0.49,-1.65
-3.05,0.92,-1.59
-3.23,1.22,-1.04
-3.30,1.28,-0.18
-3.48,0.67,0.79
-3.17,-0.06,1.34
-2.56,-0.73,1.59
-2.20,-1.10,1.53
-2.93,-0.55,1.16
-4.03,1.53,0.73
-4.76,3.91,-0.12
-4.94,6.10,-0.98
-5.00,6.90,-1.34
-4.88,6.59,-1.22
-4.03,5.98,-1.16
-2.50,4.58,-0.37
-0.92,2.50,0.61
0.37,0.73,1.65
0.79,0.37,1.95
0.55,1.59,1.71
0.00,2.14,1.34
-0.18,2.26,0.92
-0.49,2.20,0.55
-1.59,2.32,0.06
-2.75,3.48,-0.24
-4.09,4.27,-0.61
-4.27,5.13,-1.40
-3.66,5.62,-2.14
-3.30,5.00,-2.62
-3.72,4.03,-2.75
-4.70,3.78,-2.32
-6.96,4.39,-2.38
-9.22,5.62,-3.60
-12.21,7.39,-4.46
-15.56,9.46,-5.13
-17.64,11.17,-5.49
-18.98,11.35,-5.19
-19.59,9.70,-4.03
-19.04,6.23,-2.32
-17.33,-0.06,0.49
-14.71,-10.13,4.94
-11.96,-25.70,10.93
-10.99,-42.05,17.64
-10.19,-54.20,24.54
-8.24,-62.07,31.74
-5.55,-58.35,29.48
6.59,-34.18,11.11
2.38,-25.82,7.14
3.97,-19.29,7.51
17.09,-7.39,8.30
39.12,-2.81,12.51
65.73,-23.80,20.32
87.83,-41.93,24.84
106.32,-53.47,24.35
118.23,-59.94,24.96
118.23,-52.55,28.81
108.52,-42.36,27.95
96.07,-31.92,25.02
81.67,-26.49,23.13
63.17,-19.65,19.71
36.87,-9.89,8.61
13.18,-10.44,0.92
-4.76,-3.97,-2.62
-12.63,-13.06,-3.78
-19.41,-19.90,-4.52
-25.15,-16.30,-8.67
-33.51,-1.95,-15.38
-40.59,23.93,-22.64
-44.62,38.70,-24.90
-49.62,46.94,-26.92
-52.12,50.11,-33.14
-53.53,53.04,-41.38
-50.60,50.78,-42.72
-43.58,39.61,-33.81
-33.39,21.48,-17.76
-24.29,0.00,1.28
-17.82,-22.16,23.86
-16.42,-33.45,42.36
-23.86,-14.65,31.74
-20.08,5.43,44.80
-20.14,23.86,87.28
-21.91,35.58,108.52
-12.63,35.71,106.81
-9.70,32.23,95.64
-9.77,31.19,85.45
-9.16,34.55,78.12
-7.57,29.54,59.51
-3.91,23.74,36.19
-2.81,17.27,17.88
0.18,12.70,6.16
5.92,8.91,-2.93
11.47,5.62,-16.60
13.00,9.09,-40.34
9.46,13.79,-61.52
5.55,13.73,-70.25
5.00,5.37,-62.93
7.75,-11.29,-44.80
11.35,-32.78,-23.38
15.32,-52.73,-5.55
20.14,-66.35,6.96
27.83,-39.37,10.56
36.38,-17.64,5.00
57.74,-30.27,-1.22
69.34,-43.27,-2.56
77.94,-42.60,-1.77
82.70,-38.57,9.64
75.56,-33.14,8.30
57.80,-28.32,-2.62
37.05,-17.76,-6.35
23.99,-9.03,-6.65
9.83,-3.54,-5.74
-2.26,3.97,-8.42
-10.25,8.85,-11.90
-13.92,7.14,-15.50
-14.22,7.14,-31.19
-13.31,14.34,-54.44
-13.06,26.73,-76.35
-10.62,37.90,-92.41
-8.85,39.37,-100.34
-6.96,29.54,-100.52
-6.35,10.74,-93.38
-5.31,-9.77,-76.97
-1.83,-26.73,-50.96
5.00,-41.02,-20.02
11.35,-53.41,10.38
3.78,-51.09,30.82
-12.02,-21.61,20.51
-13.92,-11.17,9.95
-9.03,-5.07,25.45
-8.42,7.14,60.73
-1.40,25.02,104.00
4.09,37.23,147.58
10.07,41.93,174.19
13.73,37.17,179.75
10.44,34.55,163.39
9.52,31.92,142.52
7.75,27.34,126.59
5.55,20.57,103.52
3.66,14.22,80.93
-0.49,8.79,57.56
-1.83,5.68,40.89
-3.36,8.73,27.59
-1.10,13.79,6.77
2.20,18.07,-13.00
5.49,20.08,-47.24
11.96,23.86,-98.51
16.66,26.73,-143.13
19.59,26.49,-173.34
24.05,18.31,-191.28
28.44,-0.67,-190.73
29.11,-25.27,-168.88
24.29,-51.88,-127.01
12.76,-72.69,-72.75
-2.56,-79.96,-23.25
-14.10,-67.32,5.98
-24.05,-31.31,14.04















-,-,-
0.43,-13.92,-1.71
0.98,-12.45,-2.50
1.83,-11.11,-2.62
2.26,-10.07,-2.14
2.93,-9.16,-1.95
3.17,-8.73,-2.08
2.99,-7.93,-1.77
3.17,-7.20,-0.73
4.15,-5.98,0.43
4.94,-4.88,1.53
5.86,-3.72,2.14
4.27,-2.75,2.08
7.69,-2.08,2.50
9.89,-2.08,4.03
13.06,-3.66,5.31
14.10,-3.66,6.59
14.34,-2.93,5.86
12.70,-0.67,5.25
11.47,0.67,6.04
10.68,-0.37,5.80
11.29,3.36,5.62
13.24,3.17,7.45
16.78,-2.93,10.62
17.40,-4.82,11.78
16.11,-3.78,7.26
16.42,-9.09,3.85
13.55,-14.34,3.91
15.87,-14.65,2.81
19.84,-8.00,2.14
29.72,-10.50,7.81
36.44,-12.08,12.27
49.44,-18.37,9.58
62.13,-30.33,11.05
70.80,-35.46,15.44
78.37,-38.45,17.64
82.21,-38.21,15.01
83.80,-29.30,16.17
81.85,-22.58,18.31
75.01,-20.39,13.18
64.03,-13.79,4.21
47.49,-8.67,3.72
29.36,-8.30,3.60
9.64,0.24,2.62
-5.55,-2.08,-0.49
-17.82,-11.29,-3.66
-27.34,-18.13,-6.10
-33.08,-14.83,-8.12
-35.89,-4.58,-10.07
-37.78,11.72,-11.96
-40.83,30.88,-11.72
-43.33,46.63,-11.41
-45.47,50.90,-7.57
-45.90,51.70,-7.75
-43.21,48.28,-13.85
-37.23,42.85,-20.51
-31.13,36.25,-25.02
-25.02,27.83,-24.35
-20.45,15.56,-17.03
-18.07,1.46,-5.74
-16.24,-11.29,6.29
-11.60,-20.87,17.27
-7.08,-13.43,17.64
-7.93,-6.29,15.81
-5.13,-0.85,16.42
-10.38,5.37,27.89
-10.86,12.27,57.50
-10.80,18.43,91.25
-8.00,24.29,112.85
-7.75,24.72,116.70
-7.63,23.38,111.51
-11.23,24.96,102.60
-11.41,27.22,88.62
-9.77,27.71,74.65
-9.03,19.04,52.67
-6.90,17.82,30.52
-5.74,20.51,25.21
-5.37,23.32,19.17
-2.62,23.13,5.98
0.24,23.68,-5.68
1.89,22.89,-13.49
4.33,17.58,-24.41
7.69,22.58,-44.07
7.02,34.73,-61.77
6.10,44.13,-71.23
7.02,44.07,-71.72
10.01,33.81,-65.00
13.12,18.31,-54.69
16.17,0.31,-43.40
18.80,-19.29,-30.09
22.83,-42.85,-12.39
26.31,-66.10,8.79
29.97,-84.35,29.85
35.89,-88.68,41.99
30.33,-42.18,33.51
34.42,-19.23,14.28
51.03,-22.34,10.13
62.50,-25.33,13.37
70.92,-21.85,12.76
81.48,-36.68,11.41
88.07,-35.16,12.02
84.78,-30.40,8.06
69.27,-22.16,-3.60
49.32,-16.30,-8.54
30.82,-4.33,-4.76
14.47,1.16,-1.95
0.67,4.21,-2.50
-13.00,5.19,-0.98
-22.52,2.56,-1.71
-27.47,-0.67,-5.80
-28.81,4.15,-10.13
-28.93,15.69,-23.68
-27.22,22.16,-36.99
-26.61,24.60,-43.21
-24.66,29.66,-53.16
-19.23,35.10,-70.25
-13.79,36.19,-89.11
-10.50,31.01,-102.42
-7.02,20.75,-103.76
-1.89,6.71,-90.88
4.33,-8.54,-67.93
10.50,-24.90,-41.26
14.77,-41.38,-15.32
11.96,-54.14,5.00
1.34,-57.68,15.32
-8.42,-38.33,11.41
-18.74,-24.84,6.59
-5.92,-22.34,0.73
-7.75,-16.85,2.75
-6.59,3.91,28.56
1.95,15.44,73.12
10.07,20.69,95.28
20.94,28.26,127.08
22.03,33.57,159.42
22.77,39.31,181.40
23.01,37.05,180.36
22.77,36.99,171.08
20.45,27.77,154.54
17.64,12.39,132.81
15.38,5.00,108.03
10.44,2.26,84.96
8.18,-0.79,64.45
8.00,0.31,49.44
7.14,5.19,35.16
10.74,5.68,30.40
11.41,10.74,17.76
14.83,17.21,-3.05
13.43,15.08,-34.24
15.14,14.53,-89.97
12.94,22.58,-133.85
5.07,36.44,-156.86
1.22,47.91,-171.39
1.04,49.74,-179.93
1.71,41.32,-179.14
2.01,26.18,-167.72
-0.98,10.68,-148.44
-2.75,-2.26,-126.46
-2.75,-15.01,-104.00
-0.37,-30.03,-81.18
1.89,-47.18,-58.65
0.61,-63.84,-36.87
-4.58,-77.33,-11.54
-9.09,-84.23,17.40
-8.79,-75.81,35.40
-14.77,-53.47,18.37
-6.23,-43.58,0.18
2.75,-28.69,8.67
1.89,-9.40,53.34
10.99,11.41,101.68
24.29,26.79,139.22
36.87,36.13,178.41
40.10,40.53,210.57
34.30,30.52,210.33
27.22,15.01,193.97
18.86,1.71,173.65
12.88,-8.06,150.63
8.42,-7.26,119.81
6.96,-10.07,94.48
4.64,-13.67,73.06
5.92,-11.05,51.33















-,-,-
1.22,0.06,2.20
0.61,0.00,2.01
-0.43,0.73,1.10
-0.98,1.40,0.12
-0.79,1.65,-0.79
-0.43,1.59,-1.04
0.06,1.59,-0.43
0.43,1.04,0.67
0.92,0.31,1.77
0.49,-0.37,2.44
-0.73,-0.61,2.38
-2.01,-0.55,2.56
-2.69,-0.37,2.87
-2.50,-1.28,3.54
-1.95,-2.81,4.21
-1.59,-4.76,5.49
-1.10,-6.47,6.71
-0.31,-7.81,7.57
-0.06,-9.70,7.81
0.06,-11.35,7.93
1.04,-13.00,8.24
1.22,-16.17,8.79
1.16,-19.53,9.40
2.38,-17.40,7.51
0.67,-8.61,2.62
-0.37,-5.31,1.46
2.69,-4.21,0.98
3.54,-1.46,1.71
3.85,-0.06,4.15
4.52,-0.18,3.91
5.25,-0.12,1.46
5.49,-1.65,1.46
5.55,-3.97,2.38
5.13,-5.98,2.56
4.39,-7.57,2.08
4.03,-8.54,1.04
3.17,-8.61,0.67
2.81,-7.93,0.67
3.11,-7.02,0.67
4.46,-6.47,1.16
5.55,-6.41,1.71
6.71,-6.23,2.14
7.87,-6.47,2.50
10.86,-7.26,3.78
17.40,-8.06,7.45
26.73,-10.01,11.29
41.14,-15.99,17.21
57.01,-22.22,26.31
75.13,-26.92,23.32
94.67,-32.84,17.33
108.52,-41.02,12.76
118.47,-49.68,14.10
115.17,-46.81,20.02
104.43,-42.18,20.14
84.66,-34.97,13.79
59.75,-20.14,9.16
37.17,-11.60,10.01
21.73,-12.27,6.59
7.81,-3.85,5.00
-2.44,-5.19,4.33
-8.36,-14.16,2.38
-14.04,-16.66,0.31
-19.17,-13.00,-2.81
-22.40,-6.10,-5.31
-25.21,3.11,-9.09
-28.99,13.43,-15.99
-32.65,22.46,-20.94
-38.94,35.95,-24.72
-41.93,42.30,-29.05
-43.76,44.31,-31.31
-43.27,43.21,-32.35
-40.95,40.34,-32.41
-37.66,33.94,-29.72
-32.41,22.03,-21.97
-25.39,4.58,-8.48
-19.04,-14.04,6.59
-11.41,-27.28,19.59
-4.76,-20.69,20.32
-7.08,-11.78,17.46
-0.55,-3.36,12.76
-7.39,3.05,20.75
-11.41,16.05,57.19
-9.89,25.88,104.31
-10.44,29.66,127.44
-7.81,31.68,128.85
-11.05,29.17,120.79
-12.76,25.21,109.56
-13.06,23.13,94.12
-9.46,20.02,70.86
-4.52,16.85,49.68
-3.36,16.91,31.86
0.67,19.59,18.55
4.21,17.33,9.34
7.75,14.47,-2.62
8.42,8.54,-22.89
8.42,8.91,-49.68
4.82,17.88,-69.64
0.49,26.25,-79.16
-1.59,27.28,-78.67
0.06,19.65,-69.70
3.23,5.55,-53.83
7.81,-10.25,-31.49
13.98,-30.09,-7.39
19.35,-54.26,11.41
25.15,-78.31,24.78
36.01,-67.44,28.99
31.19,-22.83,22.58
45.59,-25.82,12.45
60.24,-38.94,13.73
69.27,-40.22,16.05
79.35,-38.21,14.53
84.11,-33.39,10.13
76.60,-30.21,9.77
59.81,-27.65,2.99
42.24,-18.01,-2.87
26.86,-9.28,-3.78
17.33,3.17,-3.23
5.74,7.45,-4.09
-2.56,7.63,-6.16
-9.40,5.68,-6.47
-13.73,6.77,-13.06
-15.38,9.64,-26.86
-16.78,12.15,-37.90
-17.94,18.43,-46.26
-20.26,29.05,-57.68
-20.08,39.37,-74.46
-16.17,42.72,-92.53
-10.62,35.40,-106.57
-5.86,20.20,-113.22
-1.28,2.93,-109.37
3.11,-13.00,-91.49
7.87,-29.36,-59.88
12.08,-43.95,-22.34
12.88,-55.24,11.11
7.14,-54.32,30.15
-10.01,-34.06,21.24
-20.08,-26.67,6.65
-8.73,-20.14,8.54
-7.87,-7.32,30.33
-4.52,8.91,59.39
3.42,18.13,90.88
12.39,22.09,124.08
21.30,32.29,150.70
25.33,38.02,172.97
23.99,31.25,179.44
19.96,22.71,171.26
15.81,15.93,150.21
13.49,14.10,129.70
12.70,10.68,118.77
10.44,3.48,102.66
8.85,1.04,81.42
5.92,-2.87,63.42
5.19,-1.04,49.62
6.59,4.94,39.18
5.98,8.54,23.50
8.97,14.59,-1.95
12.76,18.19,-22.46
11.23,19.53,-68.42
12.63,24.05,-128.91
7.93,28.69,-175.54
2.38,31.37,-204.22
0.06,28.81,-218.38
2.93,18.80,-215.88
5.80,3.30,-195.07
7.63,-13.24,-160.10
8.54,-29.17,-118.10
2.81,-41.02,-77.21
-6.96,-47.42,-44.74
-11.60,-52.12,-22.89
-8.06,-57.86,-4.46
-2.08,-49.80,6.71
-12.63,-40.04,7.45
0.43,-29.54,-1.77
-0.31,-19.41,-0.73
-2.44,-9.40,26.43
2.14,0.37,71.96
20.87,12.51,111.94
32.29,17.64,147.64
38.70,23.99,180.11















-,-,-
1.16,1.65,1.89
1.28,1.77,2.01
0.55,2.01,2.26
-0.37,1.71,2.44
-0.61,0.98,2.08
-0.55,0.55,2.01
-0.67,0.24,3.17
-0.73,0.00,4.03
-0.43,-0.92,4.15
-0.55,-1.71,3.17
-0.92,-1.34,1.65
-0.92,0.18,0.31
-0.06,2.38,-0.24
1.16,3.42,0.00
1.83,2.56,0.79
1.95,0.79,1.83
1.71,-0.43,2.75
1.59,-0.43,2.87
1.34,-0.49,2.50
1.59,-0.31,1.59
1.46,-0.24,0.43
1.34,0.24,0.06
1.46,1.53,0.67
1.71,2.75,1.34
1.65,2.62,1.46
1.65,1.46,0.92
1.28,0.61,0.43
0.79,0.24,0.37
0.12,0.18,0.55
-1.10,0.61,0.79
-2.50,1.22,0.79
-4.33,2.56,1.40
-5.55,3.11,3.42
-6.10,0.49,7.14
-6.23,-5.74,11.17
-6.53,-12.57,12.45
-6.47,-10.93,4.88
-1.89,-7.63,-1.28
3.17,-9.70,0.85
6.71,-10.31,1.77
9.95,-7.20,0.85
15.32,-5.37,2.14
23.44,-4.82,6.35
33.94,-5.55,11.47
46.81,-11.78,13.55
61.95,-14.83,10.62
74.16,-16.11,14.59
80.63,-15.69,12.45
84.23,-19.84,12.70
76.17,-14.22,13.73
59.14,-8.73,15.93
41.02,-2.14,9.77
28.44,0.85,6.59
15.50,2.87,7.14
4.70,-2.75,5.13
-6.96,-7.02,-2.44
-15.50,-13.73,-6.04
-19.59,-16.30,-7.14
-20.63,-12.76,-6.29
-19.59,-4.58,-4.70
-16.66,5.00,-4.21
-15.32,13.06,-3.66
-15.99,20.45,-3.17
-17.27,23.80,-3.23
-18.86,24.72,-3.30
-18.86,25.09,-6.04
-17.58,24.41,-11.23
-15.69,21.67,-11.84
-14.04,16.48,-7.51
-13.00,9.28,-2.08
-10.74,0.37,3.85
-7.87,-10.07,9.09
-3.60,-16.48,10.56
0.79,-5.43,2.69
9.58,-1.65,0.18
14.47,-2.14,5.31
10.74,1.40,6.35
8.42,2.08,6.41
6.47,3.23,15.93
3.72,7.08,28.81
5.13,11.35,46.45
8.18,17.46,61.28
13.12,20.26,70.19
12.70,21.00,62.26
13.00,14.71,40.65
13.98,13.67,40.22
10.07,11.35,38.64
9.16,10.50,22.28
4.27,10.31,8.42
-1.53,8.73,3.97
-5.55,6.41,1.65
-6.96,4.64,-0.73
-6.84,3.48,-4.03
-8.12,-0.37,-18.01
-8.06,-6.10,-44.07
-5.80,-3.97,-54.14
-0.24,7.45,-44.07
9.40,18.07,-29.97
16.54,19.41,-22.83
16.11,13.18,-19.71
10.68,3.66,-12.76
5.55,-6.84,-1.22
3.48,-20.51,12.15
1.53,-38.09,24.66
0.55,-43.03,23.25
4.39,-24.35,-0.55
22.64,-24.72,-0.24
35.40,-21.85,9.83
56.15,-15.44,18.07
73.85,-13.06,21.79
85.39,-16.05,15.63
78.74,-17.40,5.80
56.64,-17.88,2.38
34.67,-13.73,-2.08
21.67,-8.48,-4.46
11.84,0.00,-0.92
4.27,1.89,0.18
-5.00,0.31,-2.08
-11.84,-5.68,-3.85
-16.60,-6.53,-4.70
-17.94,1.04,-4.39
-15.38,11.17,-3.54
-12.08,15.75,-4.03
-9.03,17.64,-15.08
-5.37,18.01,-30.21
-3.36,21.48,-37.72
-0.24,23.86,-41.75
3.97,18.86,-40.95
4.82,6.71,-32.10
3.85,-6.23,-17.33
3.23,-17.88,-2.69
3.48,-31.37,9.83
2.99,-37.78,11.54
0.00,-18.19,1.22
1.65,-15.14,-0.67
-1.83,-13.18,1.77
4.58,-0.73,16.17
14.71,9.40,51.27
22.28,22.52,84.59
25.70,32.10,96.19
24.90,31.68,103.45
20.14,26.49,90.82
15.87,23.80,70.31
11.17,18.68,62.87
5.80,16.78,41.81
5.62,13.12,28.02
1.53,9.58,14.89
-1.59,9.58,-0.55
-3.54,8.00,-5.37
-3.72,3.66,-20.51
-2.38,-0.49,-50.42
-1.83,1.16,-73.30
-1.53,9.28,-88.13
2.26,14.34,-100.46
5.43,10.62,-104.25
8.97,-0.31,-91.55
15.81,-15.75,-61.40
21.42,-33.75,-27.89
24.78,-50.96,-5.07
22.28,-60.30,7.45
8.30,-24.48,5.80
2.44,-15.14,4.15
-4.15,-25.15,3.23
0.73,-14.40,25.33
13.31,2.08,64.82
22.71,12.08,86.30
33.26,19.35,107.73
37.29,25.21,119.93
37.17,26.92,119.20
31.92,26.98,106.38
23.19,24.35,90.21
17.70,21.55,67.99
11.47,13.85,47.30
7.20,3.85,36.74
-0.73,1.40,22.58
-2.99,-4.09,8.91
-4.27,-4.70,-0.98
-3.78,-2.69,-5.19
-1.65,0.85,-3.36
0.92,5.31,-0.98
















-,-,-
1.04,1.59,0.92
1.04,1.77,0.73
1.40,1.71,0.37
1.53,1.83,0.24
1.40,2.14,0.12
1.28,2.44,0.18
1.59,2.50,0.31
1.53,2.08,0.49
1.40,1.65,0.67
1.22,1.59,0.73
1.34,1.65,0.73
1.59,1.53,0.92
1.46,1.34,1.22
1.71,0.73,1.46
2.08,0.18,1.95
1.83,-0.24,2.50
1.95,-0.43,2.87
2.01,-0.67,2.87
2.26,-0.79,2.69
2.50,-0.79,2.38
2.69,-0.61,2.01
2.50,-0.67,1.95
2.14,-0.37,2.01
2.50,0.92,2.14
2.99,1.71,1.89
3.30,1.40,1.65
3.36,1.10,0.85
3.05,1.40,0.12
2.32,2.32,-0.06
1.65,3.72,0.00
1.04,4.27,-0.55
0.67,4.15,-1.34
0.37,3.30,-2.08
-0.43,3.11,-2.01
-2.08,3.97,-1.83
-3.11,5.62,-2.01
-4.52,6.84,-2.14
-7.26,7.69,-1.89
-9.40,7.51,-1.59
-12.94,4.70,-0.43
-15.81,-1.34,2.87
-16.54,-13.12,8.91
-18.86,-30.58,15.99
-21.55,-46.88,22.03
-24.05,-50.29,19.78
-15.08,-29.05,-0.92
18.62,-18.07,2.26
37.23,-7.08,16.78
60.61,1.53,22.03
89.60,6.35,23.99
107.12,-1.71,29.48
112.55,-10.93,31.01
108.22,-13.73,29.66
84.29,-10.31,24.84
51.76,-6.04,16.24
22.28,-11.47,2.69
5.68,-8.00,-2.08
-4.39,-10.13,-4.46
-11.96,-16.54,-8.24
-19.17,-18.31,-11.60
-23.32,-13.49,-13.49
-22.77,-4.76,-12.27
-20.20,4.70,-10.19
-18.13,14.59,-8.54
-18.01,20.32,-6.84
-19.84,23.44,-5.43
-21.67,23.13,-4.58
-21.42,20.87,-5.00
-19.65,17.33,-5.80
-15.44,9.95,-4.52
-7.93,-0.12,-1.40
-0.73,-1.10,-1.65
8.42,-1.10,-0.55
12.51,-2.14,3.97
11.66,-1.04,7.08
8.06,-2.50,5.80
2.14,-4.94,4.27
1.16,-1.71,18.55
1.46,7.20,46.14
2.69,20.20,62.38
6.53,23.86,75.56
5.43,27.83,72.94
3.91,21.12,59.81
4.64,24.72,46.57
5.37,24.17,38.88
5.49,23.07,21.55
6.41,20.57,13.67
5.25,16.42,7.93
3.36,7.93,-0.55
-1.28,1.28,-17.15
-4.82,-2.14,-36.68
-8.24,1.22,-49.50
-7.02,9.40,-55.97
-1.77,17.09,-57.25
4.52,17.94,-48.83
9.22,11.54,-34.18
10.86,0.85,-21.42
8.48,-8.97,-11.11
3.48,-18.86,1.22
-0.92,-33.51,15.93
-4.82,-51.33,29.72
-13.00,-51.45,24.41
-4.94,-28.75,-1.40
16.60,-25.57,2.81
23.50,-12.70,10.56
46.69,4.39,14.77
67.63,5.19,25.09
82.46,-4.94,24.35
83.56,-11.90,16.36
63.05,-10.93,9.16
42.91,-7.75,2.56
30.58,-5.49,5.86
24.60,-4.76,3.48
16.85,-1.40,-0.06
7.69,-2.62,-1.04
-1.83,-4.76,-2.93
-10.31,-7.39,-5.25
-13.85,-8.36,-5.25
-13.98,-4.03,-4.03
-12.76,4.15,-2.14
-11.54,14.22,-1.95
-10.74,20.57,-7.32
-9.40,18.74,-18.98
-8.91,17.46,-31.98
-7.32,16.91,-42.97
-4.03,12.15,-47.73
-1.04,0.73,-38.76
-0.43,-13.00,-19.41
0.24,-24.66,-0.55
1.65,-33.69,12.21
1.28,-20.02,5.25
8.85,-9.95,2.44
1.34,-11.66,2.69
-1.22,-7.57,2.20
2.81,2.38,15.81
11.41,16.17,54.08
22.52,24.96,84.05
27.77,31.25,89.78
26.73,35.10,83.44
25.57,29.72,80.14
21.36,25.63,68.48
17.58,23.62,56.95
12.15,21.85,45.17
6.53,18.74,27.71
4.09,13.00,18.13
1.04,12.08,7.81
0.61,9.52,-1.89
0.61,4.52,-10.01
-1.40,-1.71,-33.69
-3.17,-6.23,-62.19
-3.60,-4.27,-83.25
-2.08,-0.61,-96.31
1.83,-0.92,-98.82
4.33,-7.63,-88.68
8.24,-17.94,-68.85
14.59,-29.24,-39.92
18.49,-41.20,-8.61
15.69,-49.93,17.15
-1.89,-21.91,17.21
-0.49,-10.80,8.79
-5.07,-21.79,9.46
-8.73,-17.52,17.70
10.31,0.06,56.58
21.30,15.08,86.98
33.20,28.14,97.05
37.48,28.26,101.50
38.15,29.66,101.44
33.02,38.33,96.44
30.76,35.10,95.34
22.09,26.00,66.22
13.92,18.19,41.44
9.22,10.38,37.78
5.68,0.37,21.67
2.50,-3.23,0.92
-0.12,-5.55,-3.66
-2.32,-6.10,-3.78
-3.72,-4.09,-4.70
-5.49,-0.98,-5.25
-6.53,3.36,-5.37
-6.96,8.12,-4.39
















-,-,-
0.61,-0.98,1.04
0.18,-0.85,1.10
-0.37,-0.55,1.65
-0.37,-0.43,2.08
-0.31,-0.43,2.44
-0.06,-0.43,1.95
0.06,-0.49,1.16
0.43,-0.24,0.37
0.49,0.61,0.00
0.73,1.22,0.43
0.73,1.04,1.46
0.79,0.61,2.01
0.43,0.24,1.65
0.24,0.12,1.16
0.00,0.06,0.49
0.12,0.24,0.37
0.06,0.55,0.55
0.18,0.79,1.10
0.67,-0.18,1.83
0.37,-0.98,2.14
-0.24,-1.10,2.01
-1.22,-0.92,1.28
-1.77,-1.04,1.04
-1.89,-1.28,1.16
-1.40,-2.08,1.65
-0.98,-3.42,2.38
-0.43,-4.94,3.48
-0.37,-6.35,4.46
-1.28,-3.60,1.95
1.16,-2.14,-0.12
1.89,-4.52,0.49
2.62,-5.31,1.28
3.97,-4.15,0.92
5.80,-2.87,0.79
9.03,-1.71,1.22
15.93,-1.34,3.42
29.05,-0.98,7.69
49.32,-8.54,12.82
70.56,-16.85,15.14
84.53,-16.78,16.78
91.61,-13.79,15.75
90.03,-10.50,13.49
76.66,-3.91,13.00
56.88,2.81,13.37
39.06,3.05,12.45
19.23,7.26,8.24
3.91,5.49,3.48
-8.97,-1.22,-1.16
-19.96,-6.71,-5.25
-28.69,-7.26,-6.41
-33.39,-2.87,-3.97
-34.48,1.65,-3.30
-33.69,4.58,-7.26
-33.08,8.85,-12.57
-33.14,12.15,-15.99
-31.25,13.43,-16.72
-26.25,12.39,-14.22
-20.14,8.42,-8.24
-11.54,-0.49,0.98
-4.27,-7.32,6.77
1.34,-0.67,2.14
9.77,0.85,4.39
7.32,2.26,6.65
4.21,4.58,8.12
3.97,5.68,22.95
4.21,11.72,50.42
8.79,20.57,70.50
10.93,27.65,82.46
9.03,28.08,73.73
6.47,26.25,61.40
4.76,21.00,46.51
4.21,18.86,38.70
1.89,14.65,21.18
2.20,13.37,9.83
1.65,13.06,4.58
1.46,12.33,0.37
1.95,9.58,-2.93
-0.24,2.87,-9.70
-1.83,-4.09,-29.05
-4.82,-6.71,-47.18
-8.06,-3.30,-56.76
-5.00,3.23,-54.38
1.04,5.98,-39.61
5.31,4.76,-22.34
8.24,-0.55,-9.83
7.39,-8.97,-2.38
4.15,-20.20,5.31
0.06,-34.24,14.22
-7.39,-29.36,8.97
0.85,-16.72,-0.79
12.45,-15.87,3.30
20.20,-8.06,9.03
39.49,-1.83,13.55
59.51,-8.42,18.07
72.45,-10.13,18.49
71.23,-10.62,10.01
53.22,-9.64,2.32
35.71,-7.81,-2.38
18.92,1.10,-1.28
13.12,-3.78,1.04
4.82,2.14,0.18
-4.15,2.38,-0.73
-10.99,-1.40,-3.97
-15.44,-4.70,-5.43
-17.64,-1.89,-6.41
-17.64,4.94,-8.61
-15.08,9.28,-11.54
-11.17,10.38,-21.73
-7.08,8.97,-34.61
-4.27,5.92,-43.95
-1.65,0.92,-47.91
0.06,-6.04,-43.64
1.59,-14.40,-28.38
6.53,-23.80,-5.80
6.23,-17.21,5.98
5.80,-1.10,9.22
4.88,-6.35,7.08
-3.42,-10.31,2.81
-5.80,-7.08,3.54
-4.15,1.77,27.71
7.63,16.85,64.76
18.55,30.58,94.36
24.96,32.41,101.44
27.40,30.21,93.20
24.29,32.29,83.80
20.02,31.01,67.63
19.04,27.77,55.54
14.71,22.16,42.60
10.99,16.97,30.03
6.96,16.66,16.05
4.76,13.31,4.88
5.25,8.18,-3.42
3.78,1.40,-16.36
1.95,-4.39,-39.73
-1.46,-7.32,-60.42
-4.52,-6.47,-76.48
-5.43,-4.27,-86.98
-4.21,-5.55,-91.31
-4.70,-11.41,-86.24
-2.50,-18.49,-71.96
2.50,-25.63,-50.90
6.41,-33.39,-27.16
7.63,-40.83,-6.29
2.50,-34.67,2.20
-0.55,-11.47,2.50
4.58,-14.40,4.21
-4.15,-17.27,2.32
-4.33,-12.45,0.43
-1.65,-5.37,7.39
4.39,0.24,27.89
14.77,10.44,57.01
28.26,25.63,88.26
35.52,32.41,107.06
38.02,34.67,109.07
38.09,35.40,104.92
34.85,33.81,99.73
30.33,26.73,88.32
22.46,19.23,65.80
15.93,11.47,41.75
9.77,1.65,27.95
3.05,-1.77,19.96
-2.14,-3.54,8.30
-3.78,-3.48,1.65
-2.44,-3.30,-1.83
0.00,-2.14,-2.08
2.44,0.00,-1.22
3.30,2.38,-0.73
3.11,4.70,0.49
3.42,6.16,1.28
3.66,7.08,1.83
3.36,7.51,1.77
2.14,7.08,1.28
-0.24,6.16,0.37
-2.38,6.04,-0.92
-4.21,7.02,-1.95
-6.10,10.25,-6.10
-8.42,14.71,-20.26
-9.40,15.44,-35.40
-9.34,18.19,-43.46
-8.61,28.75,-43.58
















-,-,-
3.54,2.14,1.16
3.11,1.34,1.71
2.26,0.85,2.20
1.34,0.79,2.50
0.55,0.79,2.62
0.31,0.55,2.20
0.67,0.37,1.40
0.79,0.24,0.92
0.79,0.79,1.10
1.10,1.46,1.53
1.16,1.83,1.83
1.28,1.46,1.89
1.53,0.92,2.20
1.53,0.55,2.87
1.16,0.55,3.54
0.73,0.49,3.85
0.00,0.37,4.52
-1.77,-0.49,5.49
-2.87,-2.26,6.59
-3.91,-5.07,7.75
-4.64,-8.30,8.61
-4.64,-12.21,8.79
-4.70,-16.85,8.48
-5.07,-20.39,7.69
-4.46,-23.62,8.67
-3.72,-28.14,10.13
-4.09,-26.98,4.64
0.92,-19.71,-4.33
3.72,-18.43,-3.54
2.99,-15.81,-0.85
11.96,-9.16,-1.46
20.94,-2.50,0.73
30.58,0.37,6.90
49.13,-11.84,13.24
64.45,-18.07,15.44
74.04,-19.35,16.78
79.22,-21.67,14.83
74.10,-16.85,17.76
61.95,-8.54,13.85
46.81,-5.37,6.59
28.14,0.98,1.59
10.01,9.46,0.43
-5.25,9.89,-0.61
-14.71,-2.01,-2.32
-21.18,-10.68,-4.58
-24.05,-13.55,-5.86
-27.95,-8.48,-7.32
-30.33,1.40,-8.85
-28.69,10.19,-6.35
-26.79,14.53,-8.06
-24.66,18.01,-13.55
-22.34,18.49,-15.81
-19.29,15.93,-12.08
-14.22,10.25,-5.49
-8.18,2.62,0.18
-3.72,0.92,0.06
1.53,1.22,-0.49
4.39,1.10,3.11
3.11,1.65,4.94
2.01,1.59,3.85
0.61,1.89,6.04
4.27,7.02,21.30
13.43,14.95,57.43
17.82,27.83,74.22
23.44,27.89,78.19
20.57,28.44,69.52
16.36,24.90,53.28
12.94,23.74,43.58
10.56,20.87,35.64
10.38,17.82,24.41
9.09,16.42,15.38
7.39,11.66,6.16
4.82,4.21,-3.54
2.20,-0.98,-18.31
-0.98,-1.46,-31.86
-6.59,1.40,-40.04
-11.29,6.90,-46.57
-11.11,10.93,-49.13
-10.19,8.12,-43.52
-8.79,-0.98,-30.94
-7.45,-11.84,-14.71
-5.86,-21.36,2.87
-2.69,-32.90,20.39
-4.09,-29.24,17.58
5.13,-13.49,1.40
19.10,-11.17,5.92
26.98,-5.74,15.44
47.73,0.24,20.81
61.77,4.27,24.96
73.73,-6.29,29.79
68.97,-8.67,23.93
49.62,-7.69,8.30
29.42,-3.42,1.53
18.62,-1.77,0.79
12.33,-1.34,0.24
3.97,3.85,-2.50
-4.27,6.10,-3.11
-10.93,2.08,-3.11
-14.89,-0.12,-5.62
-18.68,4.88,-11.72
-22.46,9.46,-22.71
-23.19,10.13,-29.91
-20.94,13.06,-34.12
-17.58,17.88,-39.61
-13.31,19.23,-44.74
-7.32,13.49,-45.59
-1.16,1.10,-40.71
1.89,-9.40,-31.07
5.19,-17.27,-16.17
10.86,-26.79,2.14
8.54,-36.62,18.01
0.67,-20.20,11.11
-0.37,-12.27,1.04
-1.83,-19.84,0.06
-5.80,-14.89,4.46
-2.50,-0.73,13.92
4.52,11.84,39.00
15.26,25.09,69.40
24.96,32.47,84.66
30.58,33.51,91.37
29.17,37.54,88.44
24.84,36.44,76.05
22.09,32.53,68.79
18.86,26.25,65.12
13.00,28.08,48.65
8.18,24.05,31.07
5.00,16.30,18.62
2.87,12.94,6.71
1.65,10.56,0.31
1.28,8.54,-3.11
-0.06,5.68,-20.32
-0.92,-1.22,-47.49
-3.91,-5.25,-71.29
-5.98,-3.30,-87.71
-4.88,-1.59,-93.93
-3.60,-5.13,-90.64
-2.44,-11.84,-77.82
1.34,-17.94,-57.01
8.36,-25.09,-32.29
13.61,-36.32,-10.50
14.65,-49.01,2.75
10.13,-34.79,1.71
3.78,-12.51,2.32
0.24,-19.47,0.61
-7.87,-22.71,-3.36
-5.86,-17.70,-2.26
2.56,-10.25,21.79
17.27,2.20,59.75
32.23,18.55,88.01
41.32,28.32,101.99
43.52,34.73,107.24
38.33,35.83,101.38
31.19,31.92,90.82
22.95,27.28,76.90
16.60,18.55,60.55
12.88,12.94,45.10
8.54,7.69,32.59
4.21,5.62,21.97
-0.31,-0.92,4.88
-0.79,-4.33,-1.83
-2.50,-4.46,-0.55
-3.30,-2.62,-1.16
-3.36,-0.18,-2.44
-2.56,3.54,-2.93
-2.32,7.39,-2.56
-2.50,10.74,-2.26
-3.11,13.98,-1.40
-3.91,17.70,-0.67
-4.39,20.69,-1.65
-5.62,22.46,-8.06
-5.74,25.33,-17.09
-4.09,30.40,-22.46
-0.12,38.45,-28.81
3.36,46.33,-36.93
6.35,50.84,-42.66
11.41,51.09,-40.95
17.03,48.10,-31.43
20.32,43.15,-20.63
20.20,37.90,-14.83
19.65,32.10,-13.79
















-,-,-
9.34,-6.90,2.75
6.71,-7.14,2.01
4.70,-6.47,1.46
3.54,-5.19,0.92
3.48,-3.36,0.24
3.91,-1.71,0.43
3.91,-0.79,0.31
3.17,-0.92,-0.12
3.05,-1.53,-0.61
4.82,-1.53,-0.12
6.16,-1.10,0.92
7.20,-1.04,2.01
7.69,-0.79,2.44
8.79,-0.12,2.87
9.46,1.16,3.60
8.54,1.59,3.36
5.98,0.79,2.50
3.72,-0.12,2.01
2.69,-0.31,1.77
2.62,0.49,1.71
4.52,1.53,2.14
8.79,1.83,3.23
18.86,-3.85,4.82
31.49,-12.45,3.66
42.97,-11.96,2.99
60.79,-25.94,4.52
73.61,-22.34,7.81
81.18,-16.72,13.24
70.62,-6.65,15.93
49.62,3.42,16.66
27.47,0.06,10.86
7.93,11.11,3.48
-7.20,17.21,1.22
-17.03,5.55,-0.98
-21.67,-3.48,-3.85
-23.07,-4.70,-4.33
-23.07,2.14,-5.43
-23.13,13.31,-8.79
-23.19,20.20,-12.51
-25.15,23.74,-21.24
-25.70,22.40,-28.02
-25.02,25.39,-30.46
-20.32,28.87,-28.63
-15.63,25.70,-21.61
-11.47,12.82,-8.24
-8.85,-5.49,8.30
-9.58,-20.02,23.80
-12.45,-13.92,14.16
-1.53,-0.98,3.60
8.06,6.10,29.97
13.98,18.25,64.58
24.78,33.94,81.42
26.79,37.96,86.73
25.76,39.49,87.22
24.17,39.79,82.70
22.22,37.17,62.81
15.93,29.48,29.17
11.17,25.63,20.51
7.32,20.39,14.16
7.20,14.04,3.66
5.00,3.78,-9.03
2.20,-2.69,-30.21
-2.93,-4.03,-45.04
-10.68,-3.78,-51.03
-11.90,-6.23,-51.09
-9.52,-13.61,-40.28
-6.16,-24.23,-19.47
-4.15,-33.57,0.37
-3.30,-21.00,3.30
9.58,-5.43,2.26
20.57,-7.02,8.42
33.63,-11.17,7.39
50.35,-16.78,4.94
63.29,-19.41,9.03
60.30,-7.08,11.78
43.64,-5.55,8.36
26.00,-6.71,2.14
13.85,-2.50,-0.06
5.80,-0.06,0.67
-1.40,2.38,-0.92
-6.41,0.18,-2.50
-9.77,-2.62,-4.21
-12.02,-0.49,-10.19
-14.71,2.81,-25.51
-14.89,3.36,-35.83
-12.57,3.36,-38.45
-9.16,2.32,-40.28
-6.35,-2.75,-39.92
-3.30,-9.16,-31.86
0.06,-15.93,-16.91
4.76,-21.79,-1.95
10.50,-8.36,2.08
15.44,2.20,7.75
7.93,-4.21,10.50
4.03,-7.57,8.54
7.32,-4.27,22.52
12.76,5.68,46.02
23.01,18.13,73.85
28.93,26.43,86.43
32.23,32.41,80.69
31.74,32.59,76.23
27.71,30.70,67.44
23.68,30.76,59.27
16.48,28.87,44.01
12.63,26.92,33.75
9.34,24.35,28.32
5.37,19.35,15.56
4.03,14.34,1.22
1.53,8.48,-7.87
-2.69,0.98,-28.87
-7.51,-3.54,-53.89
-10.56,-2.87,-71.96
-10.62,0.24,-82.15
-11.05,0.55,-86.18
-9.77,-3.48,-84.11
-8.54,-9.83,-73.85
-3.36,-17.46,-56.88
4.27,-26.86,-35.64
8.12,-39.31,-16.24
5.98,-51.03,-2.20
2.93,-45.90,2.62
1.16,-17.21,-0.18
5.92,-17.82,4.76
-2.26,-21.61,4.09
-1.22,-17.09,-1.59
-0.12,-10.93,4.46
10.50,6.16,39.79
26.61,27.40,84.35
41.69,43.21,115.97
50.17,48.77,131.77
53.22,43.03,135.74
49.44,42.91,127.08
41.26,37.05,107.91
28.81,30.27,77.64
21.73,18.37,63.35
12.88,12.15,51.09
3.66,7.93,31.74
-1.89,0.24,6.29
-3.17,-1.28,7.02
-4.76,-0.49,10.38
-4.58,-2.08,-0.24
-4.94,-0.31,-3.60
-5.68,4.03,-3.60
-6.04,8.97,-4.09
-7.87,12.33,-5.07
-9.70,14.89,-5.31
-11.35,18.19,-7.39
-14.40,24.11,-16.91
-14.28,23.80,-28.87
-12.08,22.95,-27.22
-8.42,33.75,-22.77
-1.71,49.07,-26.67
5.19,58.59,-35.40
11.29,61.16,-42.91
17.70,58.41,-45.65
24.05,47.12,-43.88
26.67,35.64,-42.18
27.47,26.61,-41.14
25.94,22.28,-38.45
25.57,19.71,-33.57
25.51,16.24,-29.11
23.93,9.16,-26.31
21.42,-7.14,-22.52
19.96,-25.09,-18.74
19.29,-34.30,-17.94
20.45,-36.19,-16.30
19.96,-34.85,-13.49
19.17,-31.31,-9.83
18.49,-26.92,-5.49
16.30,-23.99,-2.81
14.28,-22.77,-2.62
11.23,-22.83,-3.60
9.40,-23.13,-4.21
6.29,-23.44,-4.09
4.39,-24.90,-3.42
1.83,-25.51,-3.05
0.06,-23.86,-3.17
-0.73,-18.80,-3.11
-1.71,-11.17,-2.62
-1.59,-3.36,-1.40
















-,-,-
3.05,1.59,2.20
3.05,1.04,1.71
2.81,0.12,1.46
2.44,-0.85,1.40
2.08,-1.28,0.92
1.28,-1.04,0.67
0.73,-0.67,0.67
0.55,-0.24,0.98
0.92,0.37,1.40
1.59,0.92,1.89
1.71,1.28,2.01
1.95,1.10,2.01
2.44,0.92,2.14
2.93,0.85,2.14
2.69,0.55,2.08
1.59,0.00,1.53
0.79,-0.98,0.85
0.31,-1.65,0.61
-0.24,-1.83,0.67
-0.12,-1.22,0.79
0.00,-0.49,1.16
0.06,-1.71,1.28
0.61,-3.48,0.55
0.92,-3.48,0.12
1.22,-2.56,0.18
2.38,-1.83,0.43
3.30,-1.83,0.49
4.09,-2.69,0.49
5.00,-4.33,0.37
5.19,-6.10,-0.12
5.68,-8.18,-0.79
6.84,-9.40,-1.04
10.74,-8.67,-0.31
16.11,-6.71,1.71
25.02,-2.81,5.07
41.20,-0.98,10.86
58.35,-8.67,20.45
73.85,-20.57,26.18
82.64,-15.20,24.05
88.62,-14.40,19.59
90.58,-16.85,14.28
87.34,-14.16,15.44
72.02,-10.01,12.63
47.73,-7.81,5.74
22.34,-4.15,-0.61
3.48,-0.31,-2.75
-7.02,-0.61,-1.77
-13.98,-9.52,-3.48
-18.98,-15.87,-4.88
-22.03,-14.16,-5.92
-23.93,-5.86,-6.04
-22.34,4.46,-5.00
-20.57,16.17,-3.91
-20.39,23.13,-4.70
-21.12,23.32,-6.35
-22.64,21.36,-9.83
-24.17,18.43,-13.24
-26.31,14.47,-12.57
-25.51,10.74,-9.09
-20.20,3.54,-4.21
-15.01,-2.93,-0.18
-9.64,-3.48,-0.31
-2.08,-4.21,-0.24
0.49,-4.15,-1.28
5.00,-5.68,1.83
5.92,-3.36,4.58
8.24,1.34,13.06
15.93,6.65,39.86
22.03,15.81,67.38
27.22,27.89,76.97
28.20,30.27,78.37
22.71,27.34,66.10
19.90,26.73,45.35
15.93,28.87,40.22
14.10,28.44,40.10
10.19,23.56,33.63
7.63,18.01,18.25
1.71,15.50,3.48
-0.73,10.56,-4.15
-3.91,4.52,-9.40
-6.23,1.46,-26.06
-9.40,6.90,-46.02
-11.72,16.05,-57.86
-9.16,22.28,-59.63
-5.92,21.97,-53.10
-2.50,16.66,-41.20
-0.43,5.19,-25.88
-1.34,-7.63,-9.77
-1.65,-22.34,6.23
-0.24,-40.34,23.80
-0.18,-58.41,38.51
-1.95,-45.65,24.78
13.31,-21.91,2.26
29.79,-21.42,10.44
35.03,-6.65,17.27
52.37,8.24,17.15
57.31,3.66,18.68
58.47,-12.02,11.66
47.97,-22.09,1.22
33.33,-23.32,-10.19
23.44,-13.24,-7.51
15.32,-5.98,-1.53
8.36,-0.73,-1.04
1.83,3.17,-3.30
-2.87,1.95,-3.91
-6.41,-0.43,-3.48
-9.28,-2.69,-3.54
-12.51,-2.01,-4.27
-16.11,0.79,-4.88
-18.07,4.27,-9.28
-16.72,9.52,-20.69
-15.44,16.72,-31.37
-15.69,21.24,-38.45
-16.97,19.47,-44.98
-16.48,10.80,-50.66
-17.46,-1.28,-52.06
-18.92,-11.96,-49.87
-16.97,-22.58,-43.09
-13.61,-36.62,-28.26
-9.46,-50.48,-5.55
-8.24,-46.08,9.70
-5.37,-16.24,3.78
6.77,-13.67,3.66
2.26,-17.40,7.51
8.24,-5.74,4.88
15.50,5.49,13.31
27.53,20.14,48.71
49.07,33.14,93.99
62.13,44.68,126.10
65.00,45.96,129.46
56.52,44.31,112.12
46.63,33.14,93.20
33.94,28.50,72.69
21.97,23.99,53.41
12.02,17.15,32.17
7.14,9.77,18.68
0.43,9.09,3.91
-1.77,6.90,-3.78
-4.70,5.74,-9.58
-9.83,6.04,-30.40
-15.14,1.04,-59.75
-18.68,-1.22,-85.57
-20.45,1.40,-103.09
-20.45,2.50,-111.02
-18.98,-0.79,-105.29
-16.72,-6.16,-90.21
-15.26,-13.12,-73.43
-12.76,-21.97,-58.35
-5.62,-34.55,-40.59
-0.31,-49.32,-17.76
0.18,-60.55,6.59
-4.09,-43.76,13.55
-1.28,-17.58,5.62
2.44,-23.99,4.39
-0.67,-26.06,3.72
10.99,-13.79,14.10
27.34,0.79,60.42
41.75,19.84,96.25
57.43,28.38,115.23
63.23,32.53,121.89
61.71,35.28,117.68
53.04,36.32,104.25
44.07,33.14,95.21
33.26,25.82,79.96
22.77,19.53,58.59
12.88,13.49,39.00
7.02,4.94,22.77
3.42,0.18,11.90
1.46,-3.30,3.78
0.00,-5.25,0.18
-1.59,-4.39,-0.92
-2.32,-2.20,-2.08
-2.93,1.16,-2.99
-3.54,5.43,-2.81
-4.64,9.89,-2.20
-4.82,14.10,-1.83
-4.33,18.07,-0.55
-2.87,21.48,0.73
-2.01,24.41,1.34
-1.04,27.89,0.31
















-,-,-
-5.07,2.56,0.18
-4.82,2.38,0.92
-5.31,2.38,0.67
-4.82,3.17,-0.85
-4.21,4.21,-2.20
-3.23,5.07,-2.44
-2.01,5.43,-2.75
-0.55,4.64,-3.05
-0.67,1.71,-2.44
-0.98,-0.61,-1.77
-0.67,-1.34,-1.04
-0.49,-1.34,0.37
-0.85,-1.89,1.89
-1.53,-2.81,2.08
-2.62,-4.03,1.16
-4.09,-4.52,0.49
-4.76,-4.76,0.67
-5.37,-5.31,0.92
-5.62,-5.98,1.83
-5.62,-6.23,2.87
-5.43,-5.62,3.66
-5.43,-4.70,3.78
-5.80,-3.23,3.23
-6.47,-1.83,2.99
-6.47,-0.92,2.81
-5.98,-0.24,2.38
-5.68,0.67,1.77
-5.31,1.22,1.22
-5.19,1.65,0.18
-5.07,1.65,-1.34
-5.25,1.59,-2.56
-5.74,1.89,-3.60
-7.57,2.93,-4.33
-9.70,4.94,-5.00
-12.15,6.84,-5.07
-13.98,7.81,-4.64
-15.56,7.93,-3.85
-15.26,6.65,-1.46
-13.49,1.71,3.42
-10.93,-7.75,8.36
-8.24,-22.52,13.00
-7.63,-37.41,16.17
-6.96,-28.02,3.05
-0.24,-14.65,-7.08
5.80,-16.05,-0.85
9.95,-14.16,4.46
26.00,-4.27,6.41
46.94,0.24,14.34
71.29,-5.19,24.05
89.36,-16.78,26.86
98.21,-23.56,18.86
97.41,-26.37,15.56
75.68,-19.78,14.77
49.19,-11.35,1.28
28.32,-11.78,-4.94
15.50,-7.32,-2.81
5.55,1.28,2.50
-2.87,1.16,0.67
-9.46,-7.32,-1.59
-15.08,-11.72,-3.23
-19.04,-8.79,-4.46
-22.03,2.20,-7.26
-21.61,7.14,-4.21
-22.46,15.63,-3.36
-22.52,20.08,-6.96
-24.41,21.12,-8.85
-26.06,18.37,-7.51
-25.45,13.49,-5.25
-19.53,5.80,-5.25
-12.63,-0.55,-6.29
-4.64,-4.15,-1.95
0.92,-3.60,3.42
3.72,0.37,7.51
7.81,5.68,17.82
19.17,14.65,52.19
25.21,25.57,73.91
31.62,24.23,79.41
29.42,23.56,76.05
21.73,25.82,64.39
14.89,26.06,52.61
9.95,26.86,39.18
6.53,24.90,22.52
4.46,18.43,13.31
2.99,12.51,5.25
1.59,6.59,-3.23
-1.04,-2.20,-16.17
-3.17,-7.51,-35.22
-7.93,-8.61,-47.67
-12.39,-2.62,-54.08
-10.80,5.31,-54.69
-7.93,8.06,-45.35
-4.46,3.60,-30.40
-1.89,-5.43,-15.93
0.12,-17.76,-2.75
1.65,-33.69,12.02
1.40,-37.96,18.25
6.29,-13.55,3.23
25.02,-9.89,6.96
30.82,-10.25,14.34
47.79,-5.13,15.01
62.19,-13.67,19.53
68.60,-16.42,16.78
65.25,-18.49,12.63
52.12,-19.96,9.83
34.48,-13.49,3.91
21.36,-11.78,-0.18
11.78,-3.78,-0.61
4.21,0.06,-2.75
-2.38,1.28,-3.17
-8.00,0.85,-3.54
-11.96,-0.67,-4.03
-15.01,2.01,-6.41
-18.31,7.87,-19.59
-22.16,6.71,-40.77
-25.21,1.10,-52.06
-25.45,2.32,-58.17
-23.01,3.36,-59.39
-18.13,-2.14,-50.42
-11.23,-10.44,-31.13
-3.78,-18.49,-5.55
1.95,-21.36,13.43
2.38,-3.54,9.64
12.51,-2.08,9.34
9.22,-4.46,22.83
18.55,5.98,44.92
30.03,20.81,76.60
36.56,29.97,98.57
41.02,34.24,109.13
38.51,32.96,102.97
33.94,36.01,84.23
28.63,36.32,74.40
20.39,32.96,55.66
14.95,24.54,36.87
9.28,16.91,26.86
2.69,12.88,6.16
0.24,9.03,-5.49
-4.03,6.23,-17.21
-7.20,8.00,-42.36
-10.07,10.01,-70.74
-9.83,8.91,-94.54
-10.38,2.69,-109.44
-12.76,-6.53,-111.08
-13.18,-17.58,-97.17
-7.14,-30.82,-68.48
1.77,-45.53,-32.78
5.19,-59.14,-0.92
-1.22,-61.40,19.41
-7.75,-30.82,10.44
-0.79,-20.08,2.32
-2.56,-28.56,5.19
0.49,-20.69,8.42
16.97,-1.65,33.45
33.39,13.31,80.32
53.34,31.56,115.05
66.41,43.40,137.82
65.80,47.49,140.62
55.97,44.80,120.24
42.97,36.80,95.46
30.70,24.23,79.41
18.07,15.01,50.23
10.38,4.88,31.25
8.36,-0.61,29.11
4.27,-1.59,14.04
2.50,-3.97,-3.85
-0.31,-5.19,-5.49
-2.44,-4.09,-6.04
-2.62,-1.34,-6.41
-2.38,1.77,-5.31
-2.44,4.94,-3.97
-2.62,7.32,-3.05
-2.93,9.28,-2.08
-4.03,10.44,-1.77
-5.13,11.17,-2.01
-5.49,12.08,-2.62
-6.71,13.79,-7.20
-6.84,15.50,-20.51
-5.86,20.94,-31.92
-3.60,30.52,-37.54
-2.62,41.02,-41.08
-0.31,51.51,-42.42
















-,-,-
1.77,-3.17,1.40
1.59,-4.46,0.92
1.34,-4.70,0.85
1.46,-4.52,0.92
1.46,-4.21,1.04
1.59,-3.72,1.04
2.01,-3.48,1.34
3.11,-4.21,1.22
3.66,-6.23,0.92
1.89,-9.03,-0.12
-0.55,-12.57,-1.16
-2.08,-14.59,-1.77
-2.99,-14.89,-2.01
-2.99,-13.61,-1.89
-1.59,-11.35,-1.65
-0.31,-8.54,-1.04
0.98,-5.80,-0.06
1.89,-3.85,0.49
2.32,-2.87,0.79
2.38,-3.48,0.61
1.46,-5.37,-0.31
0.18,-7.87,-1.34
-0.79,-10.07,-1.59
-1.16,-11.11,-1.71
-0.98,-11.17,-1.65
-0.18,-9.77,-1.34
1.95,-7.32,-0.67
6.90,-3.91,-0.12
15.50,1.77,1.04
25.33,9.89,3.30
36.44,16.05,6.47
50.60,12.33,13.18
69.82,-12.08,19.65
86.49,-24.78,20.51
96.25,-30.33,24.72
85.69,-19.59,29.24
66.04,-14.65,25.15
40.77,-7.45,10.68
20.81,-0.61,2.99
5.62,3.36,2.50
-3.17,-1.40,1.83
-8.30,-6.84,-0.92
-11.54,-6.35,-2.50
-12.45,-0.43,-3.05
-11.54,8.00,-3.05
-10.86,15.44,-3.36
-10.80,21.30,-4.15
-12.63,25.33,-6.96
-15.99,28.38,-11.54
-18.92,27.10,-13.24
-21.67,24.90,-10.74
-24.54,23.01,-8.85
-26.37,17.76,-8.12
-21.61,5.37,-5.13
-12.88,-11.90,2.69
-4.70,-20.69,7.14
4.03,-13.24,4.58
14.16,-8.00,6.10
18.49,-3.97,9.83
22.22,2.08,14.47
26.55,8.12,34.91
26.79,13.55,55.11
31.43,15.81,71.04
30.94,26.00,75.81
27.40,31.68,72.69
21.00,31.07,59.39
14.65,28.69,41.56
10.25,22.89,33.14
4.46,17.82,22.40
0.55,12.08,-0.31
-1.65,5.68,-8.85
-5.49,3.17,-12.08
-10.80,1.77,-28.38
-15.01,-2.69,-48.40
-17.82,-2.08,-60.36
-16.48,5.80,-63.78
-12.02,12.94,-58.29
-6.29,13.12,-47.06
0.06,6.16,-33.39
5.74,-4.94,-17.03
8.30,-18.74,0.79
7.14,-35.58,19.47
4.88,-52.00,35.77
0.61,-42.24,27.47
10.93,-20.14,6.29
29.91,-19.10,9.46
38.51,-13.00,17.27
51.82,-6.10,16.54
57.37,-9.70,15.81
61.58,-21.36,9.22
57.68,-21.42,3.91
43.64,-21.91,-1.95
26.61,-14.34,-5.49
12.82,-6.71,-7.57
2.69,2.56,-3.48
-4.52,1.89,-2.44
-10.99,-3.42,-3.60
-15.32,-1.34,-5.00
-14.16,7.08,-5.31
-11.78,10.93,-6.10
-9.03,10.50,-11.23
-7.39,10.80,-19.84
-5.13,8.42,-27.22
-4.39,2.99,-32.29
-4.64,-3.72,-35.28
-5.80,-10.38,-34.48
-7.32,-16.60,-26.18
-7.69,-22.71,-11.35
-8.24,-21.06,-1.77
-5.92,-13.67,2.87
-3.42,-11.96,-0.24
0.24,-17.52,0.55
1.53,-16.05,-0.18
2.75,-8.24,1.34
14.95,1.10,21.12
33.69,20.94,73.61
45.96,41.50,110.29
51.70,46.69,109.19
44.49,38.94,82.64
37.60,30.03,65.73
24.96,23.44,57.56
16.30,19.71,42.11
9.09,15.14,36.80
0.85,11.78,18.25
-1.34,6.84,0.37
-3.30,2.56,-3.23
-2.81,3.85,-2.93
-3.23,7.45,-6.47
-5.13,8.00,-24.90
-7.08,1.46,-53.59
-10.62,-6.29,-78.12
-15.14,-11.17,-91.13
-19.41,-9.03,-94.85
-19.65,-7.51,-87.16
-16.97,-9.28,-68.36
-12.70,-14.89,-46.08
-8.73,-25.70,-27.71
-5.25,-39.67,-12.57
-2.20,-50.05,2.69
-0.61,-36.38,10.19
3.36,-20.26,9.40
6.47,-20.26,8.54
7.32,-17.76,5.00
7.45,-10.50,2.44
13.00,-5.37,16.11
24.66,-0.24,45.96
40.77,12.51,83.25
52.73,24.41,106.51
57.50,33.14,110.90
54.02,30.58,103.21
44.92,30.46,85.88
32.84,26.92,70.56
21.36,19.23,54.87
14.04,11.66,35.40
8.12,5.80,32.96
1.46,3.23,16.24
-1.34,-2.44,-2.56
-2.75,-4.03,-3.17
-3.36,-2.56,-1.40
-4.27,-0.55,-2.50
-5.00,1.28,-3.66
-5.92,4.27,-3.54
-5.43,8.00,-3.42
-4.15,11.90,-2.81
-3.72,14.77,-2.20
-4.76,17.03,-2.69
-5.62,18.92,-3.72
-7.14,22.22,-5.00
-9.64,28.93,-11.90
-11.05,39.06,-26.18
-7.20,47.49,-39.55
0.00,55.05,-52.49
8.24,58.11,-61.52
18.74,53.83,-63.54
27.89,47.79,-62.81
35.16,43.70,-61.52
38.88,40.59,-58.11
43.52,33.75,-54.20
45.53,22.09,-49.50
41.81,10.31,-45.47
















-,-,-
2.69,-5.49,2.44
0.98,-7.57,2.20
0.12,-9.28,1.46
-0.06,-9.52,1.10
0.18,-8.48,0.98
1.10,-6.77,1.04
2.32,-4.88,1.10
3.42,-3.66,1.16
4.27,-3.30,1.28
4.76,-3.85,1.65
5.68,-5.49,1.65
4.58,-7.81,1.71
3.11,-10.19,0.92
2.01,-12.33,0.49
1.46,-13.18,0.00
1.65,-12.33,-0.06
1.83,-10.38,0.00
2.75,-7.75,0.24
3.78,-4.76,0.73
2.93,-2.26,0.98
1.83,-1.04,0.18
1.04,-0.61,0.12
0.31,-0.31,0.43
0.43,-0.06,0.49
1.22,0.18,0.24
1.65,0.43,0.43
2.99,0.98,0.61
4.58,1.89,1.22
7.08,3.36,1.83
11.66,5.49,2.87
19.04,8.67,5.00
29.17,7.57,9.58
41.56,-8.42,14.77
49.87,-8.61,14.28
63.11,-12.02,17.64
67.99,-6.59,18.55
68.05,0.06,15.26
56.40,9.40,16.36
38.76,8.61,12.45
23.07,4.94,3.72
9.16,4.88,0.31
-2.69,-0.37,-4.03
-8.61,0.12,-5.13
-16.36,-3.60,-5.00
-19.78,-5.49,-7.45
-20.02,-2.99,-9.52
-20.32,7.14,-10.25
-19.71,22.34,-8.12
-18.80,26.61,-5.80
-17.09,23.19,-5.43
-14.28,16.78,-6.53
-13.18,11.41,-6.10
-11.96,6.35,-5.43
-10.13,0.92,-5.07
-7.08,-2.87,-4.27
-3.60,-6.53,-1.77
-0.18,-8.06,-0.24
3.42,-8.18,2.99
3.48,-6.47,6.84
3.60,-5.13,7.14
9.28,-2.93,19.10
15.99,7.63,48.10
22.40,19.71,71.66
25.82,19.78,80.26
24.17,22.95,72.57
21.18,25.88,57.50
19.65,28.26,48.16
18.55,32.23,45.65
16.24,32.23,34.18
16.24,27.28,23.86
17.40,20.14,14.71
15.50,15.01,0.55
8.48,10.50,-11.96
0.79,2.20,-28.50
-2.20,0.79,-44.07
-7.57,5.86,-54.20
-11.47,12.63,-62.38
-10.62,14.34,-65.49
-8.73,11.78,-57.86
-6.47,8.36,-44.74
-4.52,4.39,-31.31
-2.87,-1.71,-17.70
-1.77,-11.11,-2.32
-1.04,-24.54,14.28
-0.55,-40.53,29.72
-2.08,-55.66,41.99
-5.68,-57.25,38.51
-0.85,-37.35,15.50
21.91,-25.39,7.93
39.37,-14.16,14.47
52.00,4.52,21.12
59.39,13.61,21.73
62.50,-5.19,11.11
62.68,-15.08,2.87
51.15,-10.99,0.61
36.38,1.22,-3.23
23.86,7.63,-4.27
15.38,8.24,-2.44
7.81,4.52,-2.99
2.44,-1.65,-6.10
-3.36,-6.16,-5.86
-10.86,-8.73,-5.07
-14.71,-7.51,-6.53
-15.63,-1.10,-8.06
-14.89,5.74,-8.36
-14.65,13.67,-14.16
-13.18,13.98,-23.99
-14.16,8.18,-31.01
-14.95,3.30,-35.95
-13.55,0.49,-39.25
-13.55,-1.65,-40.59
-13.06,-5.86,-38.76
-10.50,-13.24,-33.08
-8.36,-22.58,-23.56
-5.98,-31.19,-8.97
-3.85,-28.38,2.38
-2.26,-16.97,7.14
-0.24,-14.22,5.80
-0.92,-17.64,3.60
2.93,-15.81,4.46
11.78,-6.77,17.21
24.17,7.14,49.32
36.99,22.09,83.19
48.46,33.57,101.38
54.38,41.93,103.58
52.06,42.48,99.49
43.76,38.57,84.84
35.71,37.41,70.43
28.93,31.01,65.06
18.80,24.96,44.62
10.19,14.40,20.69
2.38,3.91,9.52
-3.91,-1.83,1.04
-5.74,-4.21,-6.41
-6.96,-2.93,-9.40
-10.38,3.36,-23.44
-13.18,6.23,-49.87
-16.78,0.98,-70.62
-21.61,-4.09,-85.69
-24.11,-4.94,-96.13
-22.83,-4.03,-101.26
-20.63,-4.27,-97.41
-18.13,-7.20,-83.31
-13.06,-11.90,-60.85
-9.46,-16.48,-37.90
-6.29,-23.68,-18.68
-1.59,-36.68,-1.28
1.04,-50.11,15.08
3.36,-43.64,19.96
5.68,-21.97,16.05
6.16,-18.49,6.41
0.92,-22.58,3.66
4.94,-18.37,10.62
25.57,-7.20,43.52
41.26,12.33,83.07
55.91,26.98,114.38
61.34,31.56,123.54
60.97,39.12,113.28
53.77,39.86,96.19
47.06,33.26,88.62
34.67,25.63,70.43
25.76,20.14,44.37
16.54,13.61,33.51
7.75,9.58,17.03
1.16,2.01,6.47
-2.87,-3.42,-2.32
-4.70,-6.23,-4.21
-5.43,-5.92,-4.15
-5.25,-2.50,-4.58
-4.09,3.42,-5.00
-3.23,9.83,-5.07
-3.05,15.56,-5.19
-3.23,21.79,-5.19
-2.87,28.81,-5.31
-2.38,33.51,-9.70
-0.85,35.16,-19.78
0.92,38.64,-26.98
3.36,47.42,-33.51
6.71,57.56,-44.37
10.62,61.83,-56.64
















-,-,-
1.34,-1.40,0.85
1.59,-1.59,0.73
1.95,-1.46,0.67
1.95,-1.16,0.67
1.89,-1.16,0.61
1.95,-0.67,0.43
1.46,-0.12,0.67
1.46,0.31,0.73
1.16,0.31,0.67
0.98,0.06,0.61
0.12,-0.12,0.73
-0.12,-0.24,0.12
-0.06,-0.37,-0.37
-0.12,-0.79,-0.61
0.24,-0.92,-0.61
0.18,-0.92,-0.49
-0.37,-1.28,-0.73
-0.98,-1.71,-1.59
-1.16,-1.65,-1.71
-1.28,-1.40,-1.59
-0.98,-0.85,-1.28
0.00,0.06,-0.73
0.67,0.92,0.12
1.04,1.71,0.61
1.22,2.01,0.79
1.59,2.01,1.34
2.08,1.53,1.77
2.81,0.73,2.01
3.30,0.12,2.20
3.54,-0.18,2.56
3.85,0.24,2.69
4.52,0.79,2.87
6.47,1.71,2.56
10.50,4.39,3.30
14.40,6.59,5.49
20.20,2.44,8.18
25.57,-5.13,12.15
32.10,-7.69,12.21
40.95,-10.38,16.72
47.42,-5.13,19.29
55.18,1.40,16.60
60.85,-10.13,9.22
62.87,-12.51,5.49
59.57,-12.27,-2.14
49.68,-20.45,-8.24
33.57,-18.25,-11.66
16.42,-10.01,-8.67
3.36,-2.26,-4.46
-6.23,6.35,-2.56
-15.56,0.18,-3.11
-23.01,-2.44,-4.15
-28.50,3.66,-4.21
-28.87,17.88,-1.65
-26.12,21.42,2.26
-22.40,19.65,1.71
-18.92,15.87,-3.17
-16.36,11.60,-8.73
-14.47,11.47,-12.51
-12.02,12.76,-13.12
-8.48,13.12,-9.83
-3.97,9.34,-4.94
0.92,0.73,0.98
3.78,-8.97,7.87
4.88,-14.59,13.37
4.21,-9.58,11.29
5.25,-3.66,6.77
4.82,-3.85,7.51
6.29,-5.43,19.71
9.16,1.16,36.32
12.63,13.00,44.07
19.41,21.61,57.13
20.75,26.55,64.94
20.32,23.01,59.88
15.26,18.55,40.28
15.44,20.45,33.69
11.29,22.58,34.61
9.64,24.60,27.71
6.90,22.09,16.36
3.23,17.09,7.32
2.32,10.74,-2.01
1.95,4.33,-12.63
-0.73,1.40,-28.08
-2.50,3.36,-44.56
-4.52,4.46,-56.40
-3.11,3.97,-59.69
-0.92,0.79,-51.70
-0.49,-4.09,-36.50
-0.55,-8.18,-20.02
1.46,-14.22,-5.68
3.85,-25.94,7.87
4.64,-42.66,21.67
3.85,-56.64,30.46
1.59,-35.34,18.98
15.01,-7.32,7.75
28.44,-1.10,11.11
38.70,-6.47,16.78
51.33,-5.31,13.92
53.10,4.03,11.11
46.57,-1.83,5.43
39.79,-5.55,0.79
30.15,-9.77,2.69
17.76,-2.50,-2.38
9.16,0.49,-2.20
1.59,0.37,-1.77
-2.08,2.01,-2.75
-6.23,-0.79,-3.11
-9.34,-5.13,-4.27
-12.27,-6.59,-4.76
-14.40,-5.37,-6.04
-15.32,-1.10,-9.64
-17.76,5.55,-20.81
-17.15,6.65,-34.91
-16.36,4.58,-40.83
-15.01,4.70,-44.01
-12.08,2.87,-48.40
-10.86,-2.99,-52.06
-11.35,-10.31,-51.03
-10.50,-17.03,-42.85
-8.48,-21.97,-27.71
-5.74,-27.83,-6.96
-3.97,-34.85,14.47
-3.91,-32.96,23.25
-2.01,-12.15,9.09
3.78,-3.11,2.87
5.13,-9.03,8.54
8.54,-11.78,15.63
22.03,-4.82,26.31
36.93,11.11,59.27
49.19,29.11,92.77
59.08,38.21,109.44
59.81,40.10,107.12
53.10,36.44,88.93
44.98,32.53,83.31
31.68,29.97,66.96
21.85,20.75,45.47
13.61,14.65,29.54
4.76,9.09,14.95
-0.43,3.85,2.62
-5.68,0.79,-2.87
-7.02,-0.31,-6.16
-9.09,0.12,-8.30
-13.18,1.28,-21.12
-16.66,-0.43,-45.84
-22.40,-4.88,-66.35
-27.04,-9.16,-79.16
-26.86,-11.29,-88.38
-27.77,-10.50,-93.93
-26.67,-9.28,-94.12
-24.11,-11.41,-88.13
-21.79,-16.66,-76.66
-18.98,-22.28,-60.67
-15.87,-27.71,-41.56
-10.38,-36.07,-19.84
-2.50,-47.79,1.95
4.39,-49.13,15.93
9.52,-18.07,8.54
15.20,-2.44,7.20
11.54,-7.51,7.63
9.16,-13.37,5.31
16.72,-13.37,11.35
30.40,-3.17,43.09
47.06,19.53,83.80
67.57,39.73,118.41
80.20,48.10,140.38
83.80,51.76,148.80
72.69,49.80,136.66
60.61,43.21,115.72
46.20,35.03,91.55
33.20,25.57,67.02
21.91,18.92,45.65
13.49,12.94,31.92
6.59,7.20,30.88
-0.06,4.46,16.85
-5.13,1.04,-2.08
-7.14,-1.28,-6.29
-9.95,0.79,-5.62
-12.39,5.31,-9.89
-14.95,13.61,-19.53
-15.56,22.16,-31.92
-14.59,26.31,-40.10
