-,-,-
-1.59,-4.21,4.03
-1.53,-2.93,1.53
-0.12,-2.01,-1.16
1.95,-0.79,-2.81
3.30,1.22,-2.93
3.48,3.17,-1.95
2.56,3.30,-0.24
0.79,1.59,2.14
-1.22,-1.46,5.19
-1.71,-5.55,8.54
-5.92,-10.44,11.78
-7.81,-14.95,13.18
-9.70,-18.01,13.85
-8.97,-19.53,13.18
-7.93,-17.76,5.37
-1.89,-12.39,-2.93
1.40,-11.11,1.28
2.99,-9.58,1.34
4.03,-7.39,-0.49
3.23,-7.02,0.43
7.26,-5.92,1.46
11.66,-5.00,2.99
12.76,-5.68,3.78
10.74,-7.20,2.75
6.10,-9.58,1.16
1.95,-13.37,-1.22
-0.85,-17.40,-3.17
-2.20,-19.96,-4.15
-3.42,-20.94,-4.21
-3.23,-20.20,-3.72
-1.34,-18.25,-2.75
1.65,-14.77,-1.10
5.37,-10.62,0.85
10.74,-6.47,2.38
17.33,-3.66,4.15
21.42,-2.56,6.23
25.57,-5.43,8.18
32.10,-15.08,11.29
37.48,-23.74,12.08
39.43,-23.62,10.74
38.27,-8.61,9.83
30.88,-6.41,6.90
25.51,-9.58,6.41
23.80,-10.19,6.47
24.60,-11.11,9.09
28.63,-5.74,9.46
35.40,-9.77,9.77
45.90,-19.90,8.97
61.65,-33.33,15.81
77.03,-36.01,13.92
90.45,-41.81,10.56
101.07,-43.03,26.92
98.75,-33.94,34.79
95.64,-22.52,33.20
80.57,-13.31,31.74
57.56,-2.20,27.65
40.41,6.90,21.67
27.71,2.93,15.75
21.42,3.36,10.31
14.89,-1.77,6.29
10.25,-2.56,4.46
6.16,-4.94,2.75
1.46,-6.41,0.49
-6.77,-5.37,-2.56
-17.09,-2.81,-6.47
-29.72,2.08,-10.50
-40.77,11.17,-14.40
-45.78,25.82,-18.68
-46.39,48.28,-19.29
-43.15,69.09,-22.95
-35.95,82.40,-32.96
-27.71,83.98,-42.48
-22.71,75.56,-44.43
-18.80,60.18,-38.15
-15.69,38.39,-26.86
-12.88,14.40,-14.40
-9.28,-7.45,-1.59
-6.53,-23.25,15.08
-4.94,-34.48,32.41
-7.69,-43.64,45.04
-11.84,-34.97,31.19
-2.69,-17.15,12.33
1.40,-9.16,29.11
-2.75,-2.32,52.43
5.43,15.75,72.14
11.60,19.04,80.63
19.41,26.43,90.82
24.29,38.39,115.17
19.47,51.94,140.20
15.56,53.16,139.34
13.12,43.40,110.11
14.53,30.52,73.55
14.47,25.15,56.27
10.50,23.56,38.94
8.48,20.02,20.02
9.22,17.21,4.76
10.93,17.15,-3.54
8.79,14.04,-19.53
11.35,12.08,-52.61
14.10,19.78,-80.75
15.20,33.63,-99.30
18.55,42.36,-120.06
22.77,39.92,-144.71
24.84,28.38,-166.87
23.44,11.11,-178.16
21.91,-7.75,-174.32
18.49,-24.78,-156.25
18.31,-40.41,-126.40
14.47,-57.37,-86.18
0.92,-76.48,-45.10
-11.11,-86.91,-14.95
-17.21,-79.77,8.67
-24.05,-60.97,16.78
-11.54,-33.75,0.37
-0.37,-30.27,1.83
-13.18,-29.17,4.70
-9.83,-17.76,3.97
-7.87,-8.42,9.89
-10.62,-0.43,31.62
-10.80,11.78,68.18
-5.62,28.56,109.25
4.52,44.56,148.44
14.10,55.30,180.97
24.11,53.10,197.02
26.31,45.53,207.34
20.51,27.28,203.31
14.59,12.21,185.85
9.95,1.10,160.89
3.54,-4.88,139.53
3.54,-1.22,117.74
-2.56,-1.34,97.90
-1.04,-4.09,73.79
2.26,-3.42,52.25
4.46,-3.60,43.64
3.48,-1.10,20.26
7.32,1.46,4.76
8.30,1.34,3.23
12.33,1.89,1.46
8.00,2.20,-3.05
5.37,2.69,-6.65
-3.85,5.07,-10.56
-9.40,7.87,-15.32
-11.23,10.62,-21.97
-11.72,15.01,-28.02
-13.00,19.10,-33.02
-13.06,20.14,-37.96
-14.47,22.64,-40.28
-14.89,34.30,-44.86
-10.93,53.96,-52.55
-4.39,73.49,-63.78
5.25,88.62,-74.83
15.69,99.91,-79.90
22.89,107.60,-78.12
27.53,111.15,-72.63
39.06,110.66,-64.39
41.81,105.41,-57.62
41.87,95.76,-54.26
43.09,85.21,-55.54
41.69,75.38,-57.68
38.57,66.41,-57.62
34.97,57.92,-56.58
34.42,49.74,-56.15
28.81,42.66,-56.70
23.56,36.74,-58.59
15.50,33.39,-60.24
5.43,31.74,-59.33
-0.55,29.24,-52.55
-2.26,24.54,-39.55
-2.81,18.62,-25.82
-2.26,13.61,-18.86
-2.62,10.38,-21.30
-3.42,9.70,-29.36
-4.64,9.28,-36.68
-3.48,9.22,-41.38
-1.04,10.74,-44.01
-0.55,11.54,-46.51
1.40,10.50,-49.93
0.06,8.85,-55.42
-3.05,8.54,-61.04
-6.16,8.36,-63.60















-,-,-
1.28,-0.31,1.89
1.34,-0.61,1.34
1.22,-0.98,1.04
1.40,-1.04,0.73
1.40,-0.92,0.61
1.22,-0.92,0.31
0.12,-0.73,-0.12
-0.43,-0.37,-0.61
-1.16,0.49,-0.49
-1.16,1.10,0.24
-0.98,1.04,0.43
-1.46,0.79,0.49
-2.08,0.49,0.49
-2.93,0.31,0.24
-3.30,0.55,-0.43
-3.23,1.10,-0.92
-3.05,1.22,-1.10
-2.69,1.28,-1.46
-2.62,1.46,-1.65
-2.99,1.77,-1.59
-3.54,1.59,-1.40
-3.42,1.22,-1.22
-3.11,0.12,-0.67
-2.32,-1.46,-0.43
-1.65,-3.72,-0.92
-1.28,-5.37,-0.73
0.12,-5.49,0.24
1.40,-4.82,1.40
1.95,-5.49,2.44
1.59,-6.23,3.42
1.16,-6.53,4.15
0.67,-6.47,4.39
-0.37,-5.92,4.15
-1.22,-4.88,3.23
-1.71,-3.85,2.56
-1.40,-3.78,3.05
-0.98,-5.86,4.15
-1.28,-11.05,5.80
-2.14,-18.01,8.12
-3.17,-24.11,10.25
-4.76,-28.93,12.27
-5.92,-31.49,11.96
-2.01,-26.55,2.81
2.93,-19.78,0.00
10.31,-19.35,5.37
22.71,-18.01,5.92
35.83,-18.74,6.84
47.73,-20.69,12.70
59.33,-24.41,17.46
69.89,-32.29,16.97
79.59,-43.33,19.10
89.48,-44.68,21.00
98.08,-43.33,22.95
105.53,-41.02,24.48
110.47,-37.84,25.82
113.28,-38.27,28.50
105.77,-35.16,27.65
91.13,-26.49,20.69
71.11,-16.42,13.49
45.96,-0.73,10.62
21.36,-0.18,2.99
2.56,4.70,-0.06
-9.89,7.32,-2.20
-17.27,-0.92,-4.52
-23.38,-5.07,-7.87
-26.37,-0.98,-11.72
-28.44,10.25,-13.61
-26.55,21.61,-12.27
-25.70,29.66,-11.96
-25.76,36.93,-17.03
-27.89,44.74,-23.68
-30.40,50.29,-24.66
-28.75,47.12,-19.35
-23.19,31.74,-10.07
-18.74,10.31,-0.18
-14.53,-7.51,10.68
-7.75,-15.99,18.19
-1.10,-11.17,10.56
6.53,-5.92,8.36
7.93,-3.30,17.27
4.88,1.65,32.41
2.69,7.26,45.65
2.08,9.58,53.22
8.00,10.13,70.80
10.50,14.65,96.56
13.49,16.54,106.93
14.22,16.72,108.64
15.14,22.22,111.02
9.95,30.21,105.53
6.04,26.31,79.10
8.36,26.43,63.96
5.07,24.29,47.73
9.46,24.11,36.19
10.25,25.82,29.48
4.58,24.41,10.13
10.86,24.11,-2.26
9.16,18.19,-5.43
6.04,14.65,-26.00
7.14,18.86,-62.56
6.04,27.95,-93.02
8.06,34.24,-115.84
12.76,34.36,-134.77
17.09,30.70,-151.67
21.73,22.09,-164.98
24.11,8.06,-171.45
23.68,-7.93,-168.40
20.63,-24.60,-155.64
21.18,-43.03,-131.23
20.14,-60.85,-92.04
7.45,-73.49,-49.13
-3.54,-80.44,-16.54
-9.22,-82.34,3.66
-13.61,-67.08,4.70
-12.94,-36.50,-6.71
-5.62,-33.02,-3.23
-16.05,-38.94,3.42
-19.10,-34.24,6.04
-13.24,-23.80,16.24
-7.81,-12.57,43.40
1.71,-2.26,83.07
9.09,11.66,125.67
13.24,26.43,164.55
15.14,33.14,193.66
16.30,38.57,208.56
17.64,37.60,208.13
15.69,29.91,195.86
11.60,24.41,171.94
6.71,17.64,149.41
-0.12,11.72,125.73
-2.20,8.73,100.77
-0.73,4.94,85.88
-3.17,2.08,78.00
-4.15,-0.06,68.18
-6.29,-0.67,50.72
-6.35,-1.71,30.21
-2.75,1.89,18.31
-2.14,2.69,14.83
0.43,2.01,2.01
3.23,2.99,-3.42
3.54,3.91,-2.32
4.03,4.88,-1.65
3.11,4.33,-2.08
-1.04,3.54,-2.08
-4.09,3.60,-3.11
-4.33,4.94,-3.72
-3.85,6.71,-3.85
-2.44,8.48,-4.03
-1.16,9.03,-4.09
-0.37,8.54,-4.46
0.00,7.08,-4.88
-0.06,5.07,-5.00
0.00,3.36,-4.58
-0.37,1.65,-3.91
-1.59,0.06,-3.30
-2.08,-0.37,-2.93
-0.85,0.31,-2.01
0.31,1.40,-0.98
0.92,1.95,-0.49
1.22,1.83,-0.55
1.28,1.10,-0.79
1.71,0.55,-0.55
2.26,0.55,-0.12
2.32,0.49,0.49
1.65,0.24,0.92
0.85,-0.06,1.04
0.12,-0.18,0.73
-0.73,-0.24,0.12
-1.59,-0.37,-1.59
-2.38,-0.37,-2.99
-3.17,0.37,-3.85
-4.88,2.32,-4.39
-6.59,5.31,-4.82
-8.36,10.31,-4.88
-10.31,17.76,-6.71
-13.31,22.46,-11.23
-17.27,25.33,-24.66
-18.68,31.56,-41.75
-20.63,34.61,-48.71
-20.81,38.82,-47.30
-16.54,46.57,-45.59















-,-,-
0.31,-0.49,1.28
0.61,-0.31,1.34
0.55,-0.24,1.04
0.79,0.00,0.79
0.79,0.31,0.61
0.79,0.43,0.55
1.28,0.43,0.18
1.40,0.67,0.18
1.28,0.24,0.24
1.59,0.43,0.24
1.46,0.61,0.49
1.53,0.55,0.67
2.14,0.55,0.37
2.44,1.04,0.00
2.87,1.40,-0.31
3.48,1.71,-0.55
3.91,1.65,-0.61
4.21,1.22,-0.98
4.27,0.73,-1.28
4.21,0.49,-1.16
3.72,1.10,-0.79
3.66,2.01,-0.79
3.97,3.17,-0.98
4.64,4.64,-1.34
5.25,6.65,-2.08
6.29,8.67,-2.93
7.45,9.34,-3.60
8.61,8.91,-3.91
9.95,7.69,-4.21
12.08,7.57,-4.27
14.89,8.54,-4.15
17.64,9.16,-4.09
19.65,9.89,-4.33
19.78,11.54,-4.58
19.17,15.44,-5.49
18.01,20.94,-7.45
16.78,27.10,-9.70
16.85,32.84,-11.78
17.82,36.62,-13.73
19.47,38.27,-15.63
21.00,38.57,-16.48
22.89,37.72,-16.66
24.60,35.89,-16.72
26.06,33.45,-16.78
27.40,30.52,-16.66
27.53,28.26,-15.99
25.02,27.40,-15.26
20.39,27.04,-14.65
16.60,26.12,-14.65
14.10,23.56,-13.67
12.08,19.84,-11.35
9.83,14.95,-8.36
7.08,8.67,-4.94
3.42,2.14,-1.77
-0.37,-2.44,1.46
-3.48,-5.07,4.27
-5.13,-6.59,6.65
-5.86,-8.97,8.36
-6.47,-13.06,9.46
-8.12,-17.21,10.19
-10.01,-19.41,11.23
-11.90,-19.29,12.70
-13.73,-17.76,13.85
-14.71,-16.78,14.28
-15.38,-16.72,14.53
-15.81,-17.15,14.59
-16.05,-17.70,14.89
-16.24,-17.33,15.50
-15.44,-16.91,16.30
-14.95,-17.27,17.03
-14.77,-18.19,17.27
-14.71,-19.84,16.97
-14.40,-21.91,16.48
-11.54,-22.77,14.59
-14.83,-21.24,12.45
-18.62,-20.02,11.54
-21.79,-17.82,9.28
-24.41,-15.93,6.65
-27.10,-14.40,4.39
-27.71,-14.28,3.05
-27.28,-15.69,2.32
-26.79,-18.92,1.59
-29.11,-22.40,0.79
-29.48,-23.38,0.37
-28.14,-23.74,2.44
-28.14,-22.95,5.74
-26.92,-23.38,8.91
-25.63,-27.28,13.73
-24.66,-34.79,19.04
-23.50,-42.36,23.50
-21.55,-44.68,23.25
-12.45,-28.93,2.01
-4.82,-16.48,-5.86
4.82,-14.22,3.42
14.77,-16.42,9.16
27.89,-7.08,9.64
46.14,-4.46,14.89
64.03,-8.73,22.03
81.60,-19.59,26.55
98.94,-43.88,28.87
108.89,-61.71,29.42
113.34,-63.60,24.17
114.14,-58.96,24.48
111.69,-46.08,23.07
107.73,-40.53,22.09
100.16,-38.39,12.57
85.27,-33.08,5.80
61.89,-29.42,4.58
38.39,-17.88,-1.10
14.83,-9.83,-5.43
-5.00,-2.26,-5.98
-20.87,0.98,-7.14
-30.40,2.08,-11.54
-34.97,10.01,-12.76
-36.99,22.89,-9.70
-37.11,32.29,-9.22
-37.05,38.27,-12.76
-38.15,42.66,-18.86
-40.04,48.10,-28.32
-38.94,49.50,-33.02
-32.35,40.22,-25.39
-20.63,20.20,-7.08
-9.95,-2.69,13.61
0.55,-15.75,27.22
10.93,-5.19,21.79
21.18,4.46,18.62
22.09,0.73,26.00
16.60,-2.62,36.38
13.92,-4.21,52.73
13.67,-3.78,70.86
19.96,2.50,91.61
23.25,15.14,109.13
23.68,20.32,120.30
21.24,20.20,117.98
18.92,19.84,104.74
13.85,22.16,82.34
10.38,22.83,60.73
8.91,24.48,42.18
7.69,27.83,36.50
2.99,25.82,32.65
-0.06,24.60,13.31
1.59,25.02,-3.05
0.37,18.07,-12.94
1.53,16.05,-40.59
6.35,24.05,-77.15
9.03,33.69,-108.70
12.51,39.25,-131.59
14.95,36.13,-150.76
16.42,24.90,-167.24
18.98,8.06,-177.49
20.87,-11.29,-178.65
20.20,-31.37,-171.08
16.78,-53.10,-156.01
9.16,-73.73,-129.52
-4.27,-85.14,-86.98
-16.05,-81.91,-35.34
-36.01,-71.35,9.34
-43.03,-62.99,35.03
-39.86,-52.37,13.92
-22.28,-48.95,-3.36
4.58,-37.48,12.08
-4.52,-22.58,51.03
4.03,-3.23,89.48
18.62,10.74,115.84
28.56,18.19,134.03
32.65,25.15,153.44
35.89,33.94,178.10
35.22,39.12,207.52
30.82,35.64,223.02
24.54,30.09,213.99
18.92,21.06,190.98
10.01,13.73,158.57
5.86,8.73,128.91
6.16,3.85,112.12
0.61,1.95,94.85
-4.27,-0.06,74.28
-0.12,-1.22,57.80
-1.28,-3.17,46.75
-2.44,-1.83,20.02















-,-,-
2.01,11.66,-0.92
2.56,10.19,-1.65
2.50,8.12,-1.95
2.56,5.55,-1.83
2.14,3.30,-1.22
1.28,1.40,-0.37
0.24,0.37,0.55
-0.73,-0.12,1.40
-1.34,-0.37,2.32
-1.89,-0.79,3.17
-1.77,-1.04,3.78
-1.40,-1.10,4.39
-0.73,-1.28,4.82
0.12,-1.89,4.76
0.85,-2.50,4.39
0.85,-2.50,3.97
0.79,-2.08,3.78
1.04,-1.65,3.48
0.98,-1.65,3.23
0.67,-1.71,3.36
0.73,-1.65,3.54
1.16,-1.77,3.66
1.77,-1.89,3.60
2.08,-2.38,3.05
2.62,-2.69,2.32
3.05,-2.69,1.59
2.44,-1.83,1.53
1.95,-0.61,1.95
1.83,0.49,2.08
1.65,0.67,2.08
1.28,0.12,2.50
0.98,-0.98,3.30
1.04,-2.44,3.97
0.67,-5.37,4.58
-0.18,-9.70,4.46
-1.46,-15.32,4.46
-2.69,-21.24,6.71
-3.30,-26.98,9.22
-3.30,-31.31,9.95
-1.71,-31.37,6.29
3.23,-23.68,-2.93
11.17,-19.65,0.79
17.46,-17.52,7.26
26.79,-15.38,6.47
34.55,-11.90,7.32
42.11,-14.65,10.13
51.09,-27.04,13.79
63.54,-41.69,10.19
81.67,-53.89,12.94
96.31,-57.25,19.35
108.58,-62.68,21.73
115.91,-66.59,23.68
117.19,-61.10,22.95
116.88,-56.52,22.46
107.85,-52.12,20.02
94.12,-45.72,17.21
71.11,-24.29,10.56
41.69,-7.02,3.54
18.49,3.72,2.87
0.37,8.48,2.93
-9.22,6.29,0.61
-15.63,0.31,-2.81
-23.13,-0.73,-5.92
-29.60,7.69,-8.67
-30.58,15.75,-11.41
-28.99,26.18,-9.83
-27.47,34.85,-7.45
-27.71,39.49,-6.84
-30.52,42.48,-12.27
-33.33,42.05,-17.64
-34.79,36.19,-15.99
-31.49,24.23,-7.26
-24.66,10.01,-0.98
-19.65,6.16,-1.53
-9.46,7.02,1.59
-3.23,2.69,9.40
1.59,1.40,17.64
6.04,5.13,27.83
9.34,7.39,45.23
10.99,10.68,78.19
11.05,17.82,108.09
12.70,20.69,125.55
13.06,18.92,127.93
13.37,20.02,120.42
9.40,15.50,112.61
6.90,18.19,92.41
7.57,23.38,83.25
5.13,20.39,64.39
5.37,20.08,38.76
1.71,19.41,25.27
-0.92,20.69,13.06
-1.22,22.95,1.16
0.43,25.88,-5.68
1.04,22.03,-15.20
3.42,18.55,-42.97
8.06,24.29,-73.79
10.25,36.80,-96.01
14.22,46.26,-116.46
18.49,47.97,-139.53
23.44,41.26,-164.06
28.81,27.34,-183.72
31.13,9.70,-192.69
25.51,-6.71,-187.99
14.16,-19.96,-170.47
7.81,-30.15,-143.86
8.18,-38.57,-105.65
-8.06,-43.70,-64.45
-15.38,-47.06,-36.44
-18.86,-49.50,-21.73
-20.20,-56.95,-10.25
-19.29,-66.83,6.65
-17.27,-75.38,31.43
-23.74,-58.84,25.02
-13.00,-45.65,5.19
7.57,-40.71,10.86
3.91,-35.46,36.68
1.22,-26.43,59.69
8.42,-13.79,78.86
18.86,-0.67,114.01
22.22,12.08,145.08
25.94,22.58,171.08
25.51,25.94,191.77
25.45,26.61,202.45
22.16,25.33,200.38
18.55,22.95,184.45
10.93,16.48,172.61
1.40,11.47,163.70
-7.45,7.39,146.67
-10.62,2.75,117.92
-3.36,0.18,99.24
0.73,-2.38,87.83
-2.20,-0.73,71.96
-3.78,-1.83,52.55
-3.23,-2.50,42.42
-6.65,-0.18,22.40
-3.72,1.16,2.69
-1.16,2.32,-8.06
-0.73,4.03,-9.28
-0.43,5.98,-8.61
0.06,7.20,-9.28
-1.22,7.32,-10.07
-5.13,6.90,-9.77
-10.38,7.26,-8.73
-13.37,8.91,-7.81
-14.95,12.33,-7.93
-15.14,17.40,-9.03
-15.63,23.56,-11.90
-16.91,31.01,-22.83
-14.65,36.07,-45.78
-8.00,34.30,-62.01
-3.17,34.12,-70.31
-1.04,32.59,-74.10
-1.22,35.16,-73.06
-3.30,43.21,-66.89
-4.39,52.37,-60.00
-3.42,58.17,-58.04
-0.73,58.96,-61.65
1.71,57.01,-69.52
4.46,52.25,-79.71
7.81,46.14,-90.33
10.99,39.43,-101.38
14.10,31.62,-111.88
15.75,23.86,-118.29
14.71,17.21,-114.01
12.70,12.45,-96.50
8.73,8.73,-72.63
5.25,2.87,-52.31
1.65,-3.97,-42.42
-1.59,-10.68,-42.48
-3.91,-16.24,-47.97
-6.04,-19.17,-53.16
-7.45,-19.04,-55.91
-8.79,-16.48,-57.07
-10.25,-12.15,-57.19
-8.73,-6.84,-55.60
-7.63,-1.65,-50.54
-7.26,2.44,-42.42
-4.46,4.94,-33.45
-2.38,4.88,-26.43
-1.28,2.81,-23.25















-,-,-
16.72,11.29,-10.62
22.40,8.18,-10.50
26.18,3.42,-9.22
30.03,-1.71,-6.41
32.90,-6.59,-3.60
32.71,-11.41,-0.92
30.21,-14.53,1.40
25.45,-14.83,2.69
17.88,-11.78,2.62
10.31,-6.90,1.10
3.91,-2.56,-0.67
-0.06,-0.37,-1.77
-2.38,-1.04,-1.34
-3.17,-3.05,0.49
-3.60,-5.49,3.23
-4.03,-7.81,5.98
-4.64,-8.85,7.93
-5.86,-8.73,8.85
-7.26,-8.36,8.97
-7.93,-7.20,8.67
-8.24,-5.49,8.18
-8.67,-3.48,8.00
-8.97,-1.04,7.32
-8.97,1.22,5.80
-8.48,2.69,4.33
-8.42,3.60,2.99
-8.30,4.52,2.44
-8.36,4.82,2.08
-8.42,4.88,1.59
-8.79,4.88,1.40
-10.38,5.55,1.28
-13.55,7.08,1.04
-17.82,8.42,0.06
-21.30,8.61,-0.12
-23.62,6.59,1.40
-25.82,3.54,4.03
-26.55,0.79,7.08
-26.61,-1.83,10.31
-28.81,-3.30,12.21
-31.43,-3.17,12.33
-33.57,-2.26,12.21
-33.33,-2.08,14.04
-31.37,-4.21,18.37
-28.93,-10.80,24.60
-25.33,-22.16,27.95
-22.22,-34.55,26.55
-17.52,-37.05,19.10
-7.57,-24.60,1.16
7.93,-15.38,1.34
27.53,-13.00,8.85
49.56,-13.67,4.76
71.59,-26.79,1.95
95.21,-45.78,6.35
114.87,-59.39,10.68
127.32,-65.67,14.40
134.16,-65.80,17.33
133.67,-56.58,21.18
127.08,-47.85,26.49
118.53,-42.05,29.54
106.51,-39.92,23.56
89.05,-33.14,14.22
68.48,-29.17,6.53
45.84,-22.64,-2.50
26.06,-19.71,-8.42
9.40,-11.17,-9.22
-4.76,-3.11,-5.43
-14.83,-7.20,-6.10
-24.05,-10.50,-9.70
-36.80,-5.86,-13.79
-47.49,7.26,-16.78
-56.03,26.43,-12.88
-61.34,40.10,-5.80
-62.74,45.72,-3.17
-61.28,42.79,-4.94
-55.79,35.71,-9.58
-47.12,26.86,-13.49
-35.83,18.07,-12.21
-23.01,8.91,-5.68
-10.38,4.21,0.24
3.23,3.54,5.68
20.14,6.23,15.50
32.17,13.55,23.25
38.88,16.66,28.44
35.16,11.47,37.23
29.97,5.25,63.42
22.52,4.39,90.03
22.16,8.00,106.51
22.89,13.18,121.03
18.31,19.78,121.28
14.47,23.01,100.59
10.38,14.65,83.50
6.29,13.31,61.40
4.09,13.92,45.17
1.77,15.75,31.31
0.92,17.70,20.26
-0.55,21.79,4.39
-1.16,21.79,-4.09
-3.78,17.88,-10.07
-5.68,11.29,-32.78
-2.93,12.57,-67.50
-0.37,23.25,-97.41
5.37,33.08,-120.61
11.54,37.90,-140.38
15.93,36.50,-159.42
19.96,28.26,-174.68
23.01,14.22,-183.23
24.35,-2.81,-180.97
20.20,-19.96,-165.28
5.19,-29.97,-133.00
-10.13,-32.78,-92.22
-23.38,-35.03,-57.80
-26.92,-40.83,-34.61
-21.30,-49.19,-14.59
-24.96,-55.36,5.86
-23.80,-61.22,26.25
-19.90,-68.66,43.70
-15.38,-65.31,31.37
-6.16,-50.29,1.95
17.52,-39.67,5.31
17.09,-30.33,9.58
11.47,-20.69,7.51
9.95,-11.60,27.16
8.97,-4.88,63.17
17.03,-0.67,88.38
25.76,3.11,110.41
30.40,12.82,129.21
34.85,25.63,158.87
35.10,25.39,175.29
36.87,24.35,184.20
31.56,19.90,182.13
24.35,19.71,170.84
16.54,8.18,153.50
9.58,7.20,133.85
3.78,6.41,113.22
2.26,3.11,96.07
1.95,-0.24,90.58
3.11,-1.22,80.44
2.56,-0.55,73.24
1.71,-0.85,54.44
6.23,-1.16,35.71
6.23,-1.22,34.97
2.01,-0.85,34.24
1.77,0.06,16.54
2.01,0.67,2.93
3.11,0.85,-0.37
3.54,2.08,-0.18
1.28,2.56,-0.67
-1.10,2.81,-1.40
-2.56,3.17,-1.53
-3.72,3.48,-1.34
-3.91,3.91,-1.65
-4.33,4.64,-2.32
-5.31,5.37,-3.05
-5.43,6.23,-3.66
-3.48,7.51,-4.09
-1.22,8.30,-3.72
0.98,8.24,-2.81
2.14,6.65,-2.50
2.32,4.27,-2.32
2.20,1.89,-2.26
1.89,0.31,-2.20
1.34,-0.85,-2.50
0.12,-1.16,-3.36
-0.61,-0.98,-3.91
-0.18,-0.18,-3.85
1.04,0.49,-3.48
2.20,0.85,-2.81
2.75,1.04,-1.89
2.69,0.55,-1.40
2.32,-0.55,-1.71
0.79,-1.16,-2.99
-1.34,-1.53,-3.91
-2.93,-1.04,-5.00
-4.82,0.00,-6.77
-7.57,2.75,-8.42
-11.41,7.20,-10.13
-14.95,13.67,-12.45
-17.82,21.61,-15.50
-20.45,25.57,-22.89















-,-,-
-12.57,-3.60,4.94
-12.27,-5.43,4.94
-12.70,-7.75,4.70
-13.37,-9.64,4.33
-14.16,-9.28,4.46
-13.61,-6.23,4.94
-11.84,-2.81,5.07
-10.44,-0.85,5.19
-9.46,-0.79,5.62
-8.73,-1.46,5.62
-8.42,-2.44,5.98
-8.24,-3.54,6.77
-7.81,-4.39,7.69
-6.77,-5.43,8.06
-5.55,-6.16,8.00
-4.58,-6.16,7.45
-3.66,-4.64,6.59
-1.89,-1.89,5.55
0.12,0.24,4.64
2.01,0.67,3.60
2.93,0.67,3.11
2.62,1.04,2.81
1.89,1.16,2.75
1.04,0.37,2.93
0.24,-0.98,2.62
-0.24,-1.89,1.89
-0.67,-2.44,0.61
-0.67,-2.26,-0.43
-0.43,-1.53,-0.79
-0.49,-0.79,-0.98
0.37,0.37,-1.53
1.28,1.53,-1.65
1.83,2.14,-1.83
1.77,2.20,-2.56
0.92,1.83,-3.17
-0.24,1.59,-2.99
-1.71,1.89,-2.69
-3.23,1.89,-3.42
-3.91,1.16,-5.37
-4.15,-0.12,-9.22
-5.49,-0.24,-13.24
-10.01,0.24,-16.11
-16.30,-0.67,-18.07
-22.77,-6.84,-17.21
-29.91,-19.78,-12.70
-36.19,-36.44,-4.82
-39.25,-54.81,6.90
-38.70,-72.14,21.30
-34.73,-84.41,33.63
-16.97,-60.73,15.75
11.96,-36.25,2.32
45.59,-19.47,10.80
72.45,-23.62,21.18
101.07,-41.50,30.40
117.61,-52.12,35.40
135.93,-69.76,30.94
153.32,-73.12,31.01
164.86,-62.44,40.95
166.20,-49.44,50.35
157.29,-41.75,53.41
134.52,-35.95,53.04
98.33,-28.38,43.88
61.04,-14.47,32.23
25.45,-2.56,18.07
-1.28,2.62,4.09
-16.66,-4.76,-4.88
-27.95,-14.95,-8.73
-34.48,-16.11,-11.96
-38.15,-6.53,-14.77
-40.04,10.74,-20.02
-41.81,33.45,-20.81
-46.51,47.97,-17.76
-48.46,54.26,-14.71
-50.23,55.18,-17.46
-48.83,57.92,-21.55
-44.56,57.68,-21.61
-34.06,45.35,-16.42
-22.77,21.42,-8.24
-16.97,-1.46,-0.18
-15.14,-14.16,7.69
-7.57,-14.95,11.05
2.44,-6.59,9.64
18.31,-2.81,10.62
18.62,0.12,14.04
10.01,4.64,14.77
1.95,8.91,20.02
-1.65,11.41,39.31
-3.97,19.10,63.42
-0.61,27.16,93.14
2.81,29.54,119.51
5.31,28.63,129.46
5.68,20.94,112.92
6.65,21.18,91.74
4.46,23.74,89.29
-0.06,21.61,80.20
0.18,19.23,51.64
2.20,19.04,45.96
-1.83,19.84,41.20
-4.70,20.87,22.64
-6.04,21.24,2.69
-6.10,23.50,-3.66
-3.97,22.64,-7.51
-1.10,16.66,-29.97
7.93,20.20,-70.86
17.46,39.61,-108.70
23.93,62.19,-134.64
29.05,71.11,-154.85
32.84,59.88,-174.99
36.62,34.91,-192.75
42.79,6.59,-201.05
52.80,-20.81,-189.70
44.68,-43.27,-157.29
34.12,-61.46,-117.43
18.68,-78.00,-81.12
3.17,-92.35,-51.64
-0.85,-99.61,-25.15
-7.08,-97.11,0.73
-22.95,-79.71,14.77
-20.51,-42.72,3.36
-0.61,-41.38,-0.31
-14.34,-44.25,10.38
-14.77,-36.01,35.71
-3.05,-23.99,64.88
11.96,-14.34,102.17
22.83,4.33,139.71
33.51,23.44,191.35
30.88,35.52,237.92
25.45,39.00,258.12
14.77,34.12,252.50
3.42,26.31,228.88
-7.26,15.01,192.57
-9.16,5.49,152.71
-10.25,-2.08,114.14
-4.21,-2.87,92.04
-1.10,-5.31,84.96
-2.38,-0.06,69.46
-3.42,4.58,49.32
-3.78,3.54,32.71
-3.97,2.50,20.69
-2.32,5.68,0.06
1.53,6.04,-5.31
5.49,5.31,-1.95
7.45,3.72,-0.18
7.57,2.01,-0.73
3.17,1.22,-1.28
-1.46,1.65,-2.38
-5.13,3.72,-3.48
-9.03,7.08,-5.98
-13.79,11.96,-12.21
-18.74,20.32,-32.17
-21.06,29.17,-57.80
-22.46,31.74,-68.60
-19.10,37.72,-71.11
-12.88,56.64,-73.49
-5.00,79.71,-75.93
3.48,97.41,-78.98
12.33,105.96,-84.05
20.81,107.30,-89.36
26.92,102.54,-91.55
32.23,93.20,-92.29
36.38,80.57,-94.48
38.88,65.98,-97.53
38.21,50.35,-97.96
34.24,33.87,-94.12
26.37,16.36,-87.16
17.40,-1.89,-79.04
9.64,-18.86,-70.01
1.40,-31.25,-58.84
-5.55,-38.27,-49.74
-8.61,-40.10,-46.57
-11.96,-37.05,-47.67
-14.59,-31.56,-48.65
-13.12,-25.51,-49.50
-11.90,-20.75,-49.07
-13.49,-18.74,-45.17
-18.80,-19.65,-37.11
-26.06,-22.89,-28.02
-32.17,-28.56,-21.48
-37.96,-36.07,-19.17















-,-,-
9.03,-4.39,2.87
4.46,-5.68,1.53
2.50,-6.16,0.79
2.20,-5.92,0.31
1.77,-5.55,-0.06
0.73,-5.07,-0.55
-0.18,-4.39,-0.92
-1.40,-3.30,-1.34
-2.44,-1.77,-1.83
-2.32,0.67,-1.89
-1.71,4.58,-1.28
-1.16,9.09,-0.24
1.22,12.94,0.43
3.11,15.63,1.10
4.33,15.99,2.81
6.90,11.72,7.39
8.54,4.88,14.53
6.10,6.10,9.46
7.14,6.29,1.04
5.80,3.72,0.43
3.36,3.30,-0.06
2.81,1.34,-0.06
2.38,-1.53,0.61
2.75,-4.39,1.04
2.01,-6.90,1.04
1.28,-8.48,1.04
1.53,-8.79,1.22
2.87,-7.63,2.20
5.92,-5.92,3.23
9.52,-4.21,4.39
13.31,-3.17,5.55
18.19,-3.54,6.29
27.53,-5.98,6.90
38.88,-9.77,9.22
51.82,-20.69,10.99
65.49,-37.72,14.34
78.19,-44.25,18.98
87.89,-40.34,19.47
101.75,-40.83,17.76
107.54,-42.24,20.08
111.45,-41.14,18.49
116.03,-49.68,19.65
107.85,-46.81,19.47
98.63,-39.61,11.23
86.00,-29.36,18.92
63.90,-12.82,17.94
43.76,-0.92,5.98
22.52,6.16,6.77
5.80,8.91,4.76
-5.55,12.33,-0.67
-12.39,5.80,-3.78
-18.25,1.59,-6.04
-20.94,2.81,-8.12
-24.05,8.24,-9.64
-26.98,20.63,-11.35
-28.56,39.06,-9.22
-29.30,51.94,-4.33
-32.35,58.90,-1.71
-35.46,59.63,-4.03
-36.68,54.32,-9.28
-36.44,46.63,-13.79
-34.61,37.48,-13.61
-30.03,24.90,-8.73
-24.29,7.93,-1.22
-17.09,-10.44,7.69
-9.28,-22.52,9.16
0.98,-14.65,1.65
13.43,-7.51,5.80
10.74,-6.10,13.37
4.82,-3.97,16.05
1.46,-0.73,26.25
-0.61,4.58,52.00
-3.30,11.84,58.23
4.88,14.77,80.02
9.95,22.09,110.47
12.02,26.92,115.36
14.40,23.07,104.25
13.31,23.74,92.96
12.39,22.16,82.89
11.11,25.09,70.98
8.61,24.05,72.45
5.25,25.88,59.81
3.36,25.15,41.50
0.00,25.88,23.86
-1.77,26.92,8.67
-1.71,29.11,5.31
1.22,30.70,3.11
4.94,29.36,-0.92
7.45,21.61,-11.47
11.96,14.40,-43.82
20.08,17.46,-85.27
20.14,25.33,-120.06
21.30,31.86,-143.74
15.56,31.13,-160.22
15.56,23.07,-172.55
18.01,9.28,-177.73
17.52,-6.53,-169.37
12.51,-21.48,-146.06
8.61,-36.19,-116.52
7.87,-49.99,-95.34
6.23,-61.71,-78.43
-1.46,-70.68,-54.69
-4.09,-74.58,-23.32
-16.91,-74.04,8.91
-26.12,-55.73,19.84
-16.24,-31.98,12.08
10.68,-30.33,9.77
-3.97,-33.08,14.83
-3.30,-31.98,27.47
2.93,-28.26,37.66
4.76,-22.16,46.75
3.85,-17.76,56.88
11.47,-15.63,87.04
14.95,-1.28,120.12
19.78,8.97,133.48
23.74,12.39,143.01
26.06,18.25,154.91
31.13,18.49,165.28
26.18,17.70,163.39
20.08,13.85,147.46
16.66,6.59,136.11
11.60,3.11,133.30
5.19,1.71,120.12
2.14,1.34,97.11
0.37,3.60,89.84
-1.22,0.43,84.35
-2.93,0.98,69.27
-4.03,1.16,47.91
-6.10,-0.55,37.54
-5.55,0.55,21.55
-4.46,2.26,16.17
-1.04,2.01,12.27
0.98,0.73,11.84
3.36,1.04,2.50
4.82,0.92,-1.59
4.52,0.12,-0.85
3.17,-0.12,-1.53
1.95,-0.06,-2.87
1.04,0.61,-3.78
-0.12,2.01,-4.27
-0.06,3.97,-4.70
0.92,5.86,-4.64
1.46,7.20,-4.21
1.89,7.45,-4.09
1.53,6.35,-4.15
-0.06,4.27,-4.27
-1.46,1.89,-4.52
-2.32,0.49,-4.88
-2.69,-0.12,-5.13
-2.14,0.61,-5.37
-1.16,2.32,-5.19
-0.12,3.85,-4.52
0.12,4.52,-3.78
-0.24,4.09,-3.42
-1.22,3.30,-3.17
-2.14,2.81,-3.30
-2.14,3.17,-3.17
-1.53,4.27,-2.38
-1.40,5.43,-2.08
-2.44,6.35,-2.93
-4.82,7.75,-3.85
-6.90,10.68,-5.19
-10.56,16.24,-7.63
-13.92,27.10,-11.29
-18.07,34.55,-21.73
-16.78,38.82,-40.22
-15.32,46.20,-46.51
-12.39,57.74,-45.96
-4.64,70.19,-46.51
4.15,81.48,-50.66
14.22,89.23,-58.35
22.03,91.86,-64.82
26.79,89.72,-66.35
30.27,82.95,-64.15
34.18,73.12,-61.28
36.50,63.23,-58.23
34.91,54.75,-52.80
30.82,49.99,-44.19
27.47,47.12,-35.34















-,-,-
2.26,-6.96,0.49
3.17,-5.80,1.46
4.94,-4.39,2.50
7.20,-3.36,4.27
9.03,-2.87,5.80
10.19,-2.93,6.23
8.91,-3.48,5.49
5.49,-5.07,4.03
1.83,-7.14,1.89
-0.85,-8.73,0.67
-1.40,-9.09,0.49
-1.04,-8.79,0.67
-0.55,-7.75,0.73
-0.24,-6.47,0.79
-0.12,-5.31,0.98
0.24,-3.85,0.92
1.10,-2.26,1.16
2.14,-0.85,1.59
3.48,0.31,2.44
3.78,0.98,2.75
3.17,0.37,1.95
2.32,-0.98,1.04
1.40,-2.32,0.61
1.04,-3.42,0.37
0.55,-4.09,0.18
0.67,-3.78,0.31
1.04,-2.75,0.79
1.71,-1.40,1.28
3.17,0.73,1.95
6.59,2.87,2.99
11.60,3.36,4.21
16.42,0.98,5.49
22.40,-12.02,4.76
29.85,-18.62,4.03
42.30,-30.70,-0.49
58.78,-44.25,-2.44
77.33,-59.33,1.04
91.37,-68.66,9.58
96.98,-75.44,7.57
104.55,-80.63,6.16
106.20,-78.80,13.06
103.45,-72.81,20.63
90.45,-56.34,16.66
72.63,-43.33,16.66
49.38,-20.57,20.45
27.65,-6.10,14.28
7.39,5.49,6.53
-6.16,12.57,-1.40
-13.61,9.46,-3.36
-18.19,3.91,-3.97
-21.30,2.87,-4.27
-22.09,5.80,-4.46
-20.81,13.37,-4.52
-19.96,27.28,-5.43
-20.69,44.01,-6.77
-21.18,55.24,-5.92
-24.11,58.78,-4.15
-27.47,55.79,-5.31
-30.64,50.84,-12.70
-32.78,47.36,-20.63
-33.08,44.07,-22.83
-33.02,39.67,-20.45
-30.76,32.35,-13.43
-25.39,19.41,-2.32
-20.14,2.20,11.47
-14.28,-15.38,22.28
-5.13,-19.96,13.00
5.25,-15.69,5.00
13.00,-7.32,10.99
9.34,-0.37,20.26
9.52,12.63,40.41
9.46,22.46,62.87
13.67,22.89,81.85
16.91,27.28,109.50
17.15,32.65,123.54
19.96,35.89,122.92
19.35,35.10,114.26
16.66,31.01,97.53
12.76,30.46,76.23
10.19,25.63,58.96
9.77,23.32,48.22
7.87,22.16,38.09
6.59,23.44,26.67
4.03,23.07,15.14
4.33,22.03,2.75
3.85,17.58,-3.48
3.11,11.41,-17.70
4.76,10.74,-46.57
6.77,19.41,-73.49
9.03,30.88,-94.30
15.56,40.65,-112.85
22.71,42.66,-130.62
28.44,36.44,-146.55
32.84,23.68,-157.04
30.33,6.04,-160.28
26.43,-13.24,-153.44
18.01,-31.25,-134.77
5.74,-45.96,-106.69
-9.46,-53.89,-76.48
-22.71,-54.20,-52.12
-25.51,-51.15,-36.50
-19.47,-50.72,-22.89
-24.66,-56.34,-3.05
-25.76,-67.32,21.91
-29.05,-60.24,23.44
-19.41,-39.49,4.33
4.15,-27.71,7.20
6.16,-23.56,14.89
8.67,-13.49,15.14
4.64,-3.42,25.76
3.30,1.16,53.77
10.07,7.32,84.84
16.42,11.17,112.67
22.95,15.44,140.01
28.38,19.59,159.73
30.27,22.28,170.29
31.92,18.55,174.26
29.24,15.87,173.34
27.71,13.37,157.96
25.39,8.91,143.37
21.00,3.17,134.70
14.71,-0.79,119.81
11.35,-0.12,104.37
7.14,-3.54,97.35
4.88,-2.50,80.63
2.50,-0.37,57.19
2.50,-1.95,41.81
0.98,1.77,43.76
-0.85,-1.65,31.98
-2.26,-2.14,17.09
-2.01,-1.34,1.71
-2.20,-1.71,-3.85
0.12,-1.77,-6.23
1.59,-0.73,-6.90
1.95,0.06,-5.74
2.38,0.43,-4.88
2.87,0.55,-4.46
2.50,0.61,-4.15
1.46,0.49,-4.58
-0.12,0.61,-5.49
-1.22,1.10,-6.71
-1.04,2.56,-7.20
0.18,4.33,-7.32
0.92,5.68,-7.75
1.16,6.65,-8.00
0.98,7.02,-7.51
0.73,7.14,-6.65
0.67,6.53,-5.37
-0.31,5.92,-4.64
-3.17,5.25,-5.13
-5.55,5.00,-6.29
-6.77,5.62,-6.29
-8.42,7.39,-5.49
-9.46,9.89,-5.25
-9.95,12.70,-4.94
-9.46,15.69,-4.46
-8.79,18.07,-4.52
-9.89,20.14,-7.69
-13.43,21.42,-19.59
-14.47,23.38,-32.47
-13.98,29.11,-38.27
-11.05,37.41,-40.89
-7.93,46.08,-42.42
-3.60,54.02,-41.75
2.01,60.85,-40.04
7.69,64.70,-38.51
13.31,65.49,-38.39
19.04,61.77,-38.33
24.72,54.02,-37.66
28.20,43.82,-38.02
31.07,32.90,-40.04
33.94,21.48,-44.43
35.16,10.68,-50.29
32.84,2.81,-55.24
26.18,-1.40,-55.42
19.10,-2.50,-50.11
14.22,-1.59,-40.16
10.86,-1.10,-28.44
7.87,-2.32,-19.35
6.77,-5.86,-15.32















-,-,-
0.49,1.53,0.73
0.43,0.73,1.40
-0.31,-0.31,1.95
-0.92,-0.79,2.44
-1.22,-0.98,2.56
-0.92,-1.46,2.81
-0.55,-2.38,3.23
-0.61,-4.03,4.15
-0.55,-6.59,5.07
-0.37,-9.52,6.16
0.00,-13.12,6.96
-1.28,-17.46,7.39
-3.05,-20.14,8.06
-3.97,-22.83,9.28
-4.94,-25.45,10.56
-3.48,-25.21,8.97
-2.75,-18.07,1.34
-0.55,-13.49,-2.62
1.28,-12.21,0.85
1.71,-9.89,2.38
4.21,-5.62,1.34
7.26,-2.75,1.40
7.75,-1.71,1.83
7.51,-0.92,2.20
5.86,-1.04,2.62
3.78,-1.89,1.95
2.75,-3.42,1.04
2.38,-4.64,1.10
2.56,-5.31,1.46
3.60,-5.49,1.53
4.70,-5.43,1.89
6.04,-5.00,2.32
8.36,-4.64,3.30
12.57,-4.09,5.31
18.49,-3.66,7.81
25.33,-3.60,10.19
32.53,-10.99,12.15
38.33,-23.25,14.22
41.69,-23.25,11.60
53.96,-29.91,8.85
68.73,-35.77,9.03
85.21,-45.23,8.79
102.66,-53.22,9.16
116.33,-60.85,9.70
123.05,-67.99,4.64
129.82,-72.57,4.46
125.61,-66.16,9.89
116.82,-54.02,11.78
106.08,-39.25,10.93
88.75,-23.62,11.96
59.94,-8.73,8.54
29.17,6.04,4.33
4.39,19.41,4.15
-9.40,18.31,4.58
-16.42,10.93,-0.24
-23.25,2.01,-5.62
-29.97,-1.16,-8.91
-33.51,3.05,-11.72
-32.59,12.45,-11.54
-31.92,21.61,-8.91
-32.47,32.78,-6.23
-38.33,41.56,-4.39
-43.70,50.05,-6.16
-47.67,54.63,-9.70
-47.91,51.82,-14.04
-45.04,40.22,-16.91
-40.34,23.25,-12.76
-37.05,6.71,-4.27
-29.91,-7.51,5.31
-20.20,-20.08,9.70
-11.96,-18.68,-0.37
-0.06,-10.07,-2.75
8.54,-7.39,7.63
6.10,-4.33,18.55
2.38,2.87,25.51
2.14,7.02,42.97
11.66,11.60,92.77
15.14,13.31,128.60
20.39,18.62,140.38
25.09,20.94,143.31
26.98,23.07,152.59
23.25,18.98,142.09
21.24,17.27,119.93
18.43,17.46,92.83
14.83,16.36,68.12
12.63,19.23,47.24
8.73,17.64,20.94
13.31,17.09,3.23
13.37,11.72,-2.69
7.81,6.71,-15.38
1.46,4.09,-44.13
-0.79,10.74,-72.88
-1.40,20.57,-91.37
2.26,29.30,-111.27
8.54,33.20,-136.35
11.54,31.74,-161.68
10.80,26.31,-182.43
7.20,18.01,-198.18
1.71,5.31,-207.95
-9.64,-9.64,-210.45
-25.15,-23.74,-202.82
-43.52,-36.01,-180.42
-54.87,-46.63,-140.14
-49.93,-53.89,-91.31
-44.86,-59.45,-49.13
-33.69,-68.48,-20.51
-18.25,-80.51,2.26
-15.32,-89.05,25.57
-14.65,-71.41,20.39
-1.04,-45.29,14.34
13.85,-39.61,21.30
9.09,-40.65,47.61
1.89,-32.17,80.26
13.00,-19.04,103.58
33.57,-6.53,120.97
53.47,2.81,146.18
66.83,9.64,169.49
72.27,11.84,186.04
73.49,8.06,185.91
74.10,4.58,173.34
71.84,7.87,167.42
64.21,6.47,157.23
54.75,6.16,143.07
44.98,3.30,128.72
34.73,0.98,115.84
26.12,1.04,93.02
18.37,-1.83,73.24
11.66,-4.70,49.50
9.77,-8.48,41.02
8.30,-4.82,33.63
6.47,-3.48,29.05
4.09,1.10,10.38
3.66,2.01,-2.81
4.09,1.40,-5.49
5.43,0.67,-6.90
5.86,-0.31,-6.77
4.39,-0.24,-5.55
2.93,0.61,-4.33
2.75,2.26,-3.60
2.32,4.76,-3.17
2.75,7.63,-2.56
2.50,10.07,-1.77
1.10,12.08,-2.56
-1.10,14.47,-3.78
-3.17,17.27,-4.88
-6.16,20.32,-6.53
-10.44,23.68,-9.95
-13.98,27.89,-12.94
-18.37,37.41,-19.35
-22.52,48.52,-33.33
-21.30,51.57,-44.49
-17.09,56.82,-45.23
-14.04,64.33,-44.43
-6.04,72.33,-51.39
2.50,81.60,-62.07
11.11,88.75,-71.23
19.78,91.92,-76.11
27.28,89.78,-76.97
33.51,83.37,-75.44
37.96,75.38,-73.18
40.59,67.87,-70.92
41.81,61.10,-68.42
43.09,54.20,-63.72
42.91,47.67,-56.15
40.77,42.36,-46.20
36.25,38.45,-36.25
28.69,38.64,-27.04
21.00,42.54,-18.43
18.19,46.08,-10.31
18.68,44.86,-3.05
20.08,39.37,4.76
18.98,33.02,13.24
14.95,28.02,23.07
8.48,24.17,35.16
1.59,21.12,49.13
-5.98,18.62,63.29
-14.22,16.54,75.07
-18.31,14.16,82.46
-15.38,9.58,83.44
-19.17,5.31,75.44















-,-,-
-0.31,0.92,0.24
-0.24,0.85,0.06
-0.37,1.04,0.18
-0.31,1.34,0.24
-0.43,1.65,0.49
-0.43,1.95,0.67
-0.06,1.83,0.67
0.79,1.89,1.04
1.40,2.38,1.65
2.50,3.05,2.44
3.05,2.87,3.42
2.32,2.87,4.03
1.53,3.36,4.33
0.67,3.85,4.09
0.98,3.85,3.36
1.65,3.91,2.56
2.01,3.78,1.46
2.20,2.87,0.98
1.89,2.01,0.79
1.40,2.01,0.92
1.04,2.69,1.22
0.55,3.60,2.08
0.06,4.15,2.81
-0.49,4.21,3.36
-1.46,3.54,3.30
-2.26,2.99,2.99
-1.83,2.56,2.87
-1.22,1.77,3.54
-0.12,0.61,4.82
0.49,-2.01,5.86
1.16,-5.49,6.53
2.01,-9.83,6.96
2.32,-16.78,8.73
1.83,-25.15,12.02
1.04,-32.84,16.48
0.49,-34.55,17.52
3.48,-32.59,14.65
9.95,-24.29,8.12
20.14,-16.54,5.86
29.42,-11.84,9.52
30.21,-8.54,9.40
33.63,-9.22,2.20
40.47,-16.48,-0.98
46.63,-26.06,-1.34
54.81,-35.52,-3.48
66.59,-49.68,-3.36
78.12,-58.47,-4.09
91.43,-67.32,-9.77
105.16,-76.66,-14.77
110.05,-80.69,-19.23
110.78,-78.61,-17.52
104.80,-76.42,-10.50
92.35,-59.14,-8.30
76.23,-35.40,-2.38
54.69,-6.59,3.78
32.41,23.68,11.41
13.18,35.16,14.47
-1.59,23.32,9.09
-14.04,9.64,2.87
-23.86,4.82,-0.55
-28.26,6.65,-2.75
-29.60,13.73,-4.46
-30.15,27.83,-3.60
-32.90,39.86,-0.79
-35.77,42.97,-0.61
-38.70,42.91,-3.85
-41.50,44.07,-10.86
-40.95,45.17,-17.88
-37.41,40.47,-15.14
-32.90,26.31,-5.55
-27.10,6.53,6.77
-20.14,-15.63,17.58
-15.32,-26.43,15.20
-8.54,-17.15,4.58
4.03,-9.58,9.70
8.85,-3.66,21.12
10.80,1.89,33.51
12.70,5.74,52.98
14.34,8.42,80.75
21.42,8.00,104.43
23.99,11.29,122.56
27.22,12.88,121.77
30.88,7.69,119.38
30.82,14.04,115.42
29.17,14.65,105.41
22.28,13.61,82.40
16.54,11.35,62.56
7.57,10.01,45.53
2.62,8.79,23.01
0.43,8.42,17.58
-1.89,10.25,10.07
-1.95,11.35,-0.06
-3.30,8.36,-8.12
-5.74,4.09,-24.05
-6.96,6.16,-54.99
-6.77,11.47,-92.29
-2.81,17.40,-125.61
-1.95,21.97,-151.98
-4.33,23.01,-172.06
-11.05,19.65,-187.32
-17.21,12.76,-198.49
-19.84,3.54,-202.03
-19.65,-8.42,-194.95
-15.93,-26.55,-175.48
-16.11,-45.59,-142.03
-12.70,-61.10,-98.94
-10.93,-73.55,-55.60
-5.55,-85.57,-17.09
-7.26,-94.67,18.49
-23.38,-88.26,33.81
-30.64,-67.32,8.97
-17.64,-65.37,1.28
-21.67,-63.66,1.59
-37.29,-53.04,1.46
-39.55,-38.45,2.56
-22.89,-27.65,21.67
0.43,-14.65,72.57
21.36,4.09,113.16
44.86,24.23,143.86
60.06,33.69,169.25
68.18,37.41,188.54
70.50,33.51,194.89
69.52,29.05,192.63
64.64,19.23,183.78
61.40,12.27,179.32
48.65,4.03,166.63
37.60,-1.59,130.43
30.82,-6.41,98.94
17.52,-9.16,82.40
6.84,-7.69,69.76
3.30,-10.86,72.14
-4.33,-8.42,61.71
-0.92,-8.79,43.27
-1.10,-9.64,45.23
-6.10,-6.23,30.21
-5.00,-3.30,14.10
-4.52,-1.89,2.62
-2.20,0.37,-4.27
-0.61,0.85,-5.80
1.77,1.65,-6.41
3.66,3.11,-8.61
2.44,6.23,-12.02
-2.44,10.86,-15.14
-10.19,15.44,-17.82
-22.22,22.03,-23.56
-35.77,35.10,-40.95
-42.36,43.46,-59.81
-46.57,54.08,-72.02
-48.22,67.26,-91.00
-37.48,79.77,-114.26
-20.81,92.10,-132.08
-4.15,100.10,-142.15
9.83,102.84,-146.36
20.02,102.54,-146.85
25.39,100.89,-144.23
25.51,97.23,-136.72
22.34,91.98,-122.99
18.49,87.40,-103.21
15.26,83.01,-82.64
12.88,77.39,-66.41
11.35,68.91,-57.43
11.54,57.50,-54.63
11.41,44.43,-53.47
9.22,32.53,-51.64
3.42,24.96,-48.34
-4.21,22.16,-44.80
-5.92,22.22,-41.26
-7.93,22.71,-35.58
-9.77,21.18,-27.71
-10.93,17.88,-19.65
-11.23,13.73,-12.51
-13.12,8.36,-6.16
-13.55,1.77,-2.32
-12.27,-4.94,0.06
-16.91,-12.33,2.08
-16.60,-15.08,2.56
-13.98,-12.94,3.42
-11.96,-8.79,6.96
-11.72,-4.82,11.66
-11.17,-2.14,14.65















-,-,-
-1.28,-13.67,10.07
-2.32,-16.91,12.51
-4.03,-20.75,13.43
-7.63,-20.14,9.83
-8.06,-10.80,-0.67
-3.17,-7.20,-1.77
-1.77,-7.45,1.40
0.98,-4.15,0.31
3.66,-1.28,-0.18
4.88,0.06,0.18
5.31,-0.06,0.31
4.39,-1.71,0.18
2.81,-3.48,-0.12
1.16,-5.37,-0.73
-0.12,-7.14,-1.28
-0.98,-8.42,-1.95
-1.22,-8.85,-2.01
-0.79,-8.42,-1.59
0.37,-7.32,-1.04
1.10,-6.04,-0.79
1.53,-4.52,-0.18
1.77,-3.23,0.24
2.26,-2.08,0.73
2.44,-2.08,1.04
2.32,-2.87,0.43
1.59,-4.03,0.06
1.16,-4.64,0.18
1.53,-4.82,0.12
1.46,-4.64,0.49
1.59,-4.27,0.85
2.01,-3.97,0.79
3.05,-3.85,0.61
3.78,-4.27,0.37
4.03,-4.64,-0.12
5.31,-4.39,0.18
8.18,-3.30,1.46
12.94,-1.59,2.93
21.91,0.12,6.41
34.91,-1.46,15.44
49.62,-6.47,24.29
61.40,-6.16,22.22
74.10,-10.38,25.15
83.31,-12.45,29.91
82.95,-14.10,27.89
66.04,-4.27,23.80
50.72,0.79,18.98
37.72,3.85,17.46
26.12,-0.31,10.19
14.59,1.77,7.81
0.73,2.87,3.97
-5.25,-4.94,0.31
-8.91,-11.72,-0.79
-11.29,-13.37,-1.16
-11.90,-10.62,-1.10
-10.56,-5.19,-1.16
-9.70,1.46,-0.67
-10.25,8.18,-0.55
-10.93,13.92,-0.79
-10.86,17.33,-1.28
-12.57,19.84,-4.58
-16.24,19.90,-14.22
-17.15,18.98,-23.44
-16.66,21.18,-24.72
-17.33,25.02,-23.13
-14.95,25.88,-20.02
-12.76,19.17,-13.55
-11.96,6.59,-4.76
-10.56,-8.30,5.92
-9.16,-21.67,15.99
-7.81,-24.54,16.24
-2.62,-5.07,0.00
12.70,-1.10,3.66
10.62,-0.43,11.60
12.76,7.02,8.97
13.06,10.25,7.20
14.16,12.70,14.95
21.36,19.23,46.45
24.35,27.40,66.71
27.65,28.87,66.04
27.77,29.48,67.57
24.11,26.55,66.35
20.63,23.19,54.69
17.03,20.02,41.08
14.16,16.05,36.01
7.45,12.02,16.66
4.33,8.30,10.31
-0.12,6.71,8.73
-3.60,5.86,2.44
-6.59,5.07,-0.49
-9.34,5.25,-2.56
-11.05,6.90,-6.47
-11.72,8.18,-20.51
-9.83,2.87,-40.77
-6.23,0.73,-58.11
-1.16,7.20,-69.15
5.25,15.75,-70.31
10.93,19.47,-64.09
11.60,15.01,-55.85
10.93,3.48,-48.83
9.16,-10.74,-43.95
5.25,-24.48,-41.02
0.79,-36.74,-38.39
-0.43,-51.09,-34.42
-0.85,-62.62,-22.64
-6.23,-62.50,1.04
-12.51,-48.58,19.35
-12.27,-20.32,6.04
0.24,-19.96,2.50
-1.46,-26.98,2.75
2.32,-18.98,-0.73
6.59,-9.70,7.81
17.27,7.08,44.19
31.07,24.60,83.50
39.43,37.41,96.80
47.18,44.25,104.61
46.94,44.68,107.06
44.19,41.44,95.03
39.73,37.29,91.49
30.03,33.81,80.20
23.44,25.51,61.89
14.77,11.66,44.13
5.98,2.99,23.86
-1.89,-3.17,1.53
-3.54,-6.59,5.19
-2.50,-5.62,17.21
-2.81,-1.65,15.08
-2.56,0.85,4.94
-0.73,1.83,-1.59
0.24,4.39,-1.83
-0.06,7.26,-1.77
0.24,10.31,-2.08
0.49,13.49,-2.44
1.16,16.66,-2.56
-0.31,20.75,-6.96
-2.26,23.19,-24.54
-2.99,24.66,-35.83
-5.13,35.10,-37.54
-0.98,53.34,-38.33
2.93,71.96,-40.04
8.42,87.71,-41.87
14.59,99.61,-41.50
22.09,108.15,-39.37
31.43,113.53,-36.87
36.87,117.19,-35.58
42.42,118.35,-35.64
47.42,116.52,-35.89
49.32,112.06,-36.25
49.19,105.77,-36.13
48.65,99.24,-33.45
46.45,94.30,-26.55
42.05,91.00,-16.36
36.68,88.99,-6.77
32.35,87.16,-1.77
27.65,84.66,1.10
24.54,80.51,2.44
23.19,73.55,2.62
21.61,62.07,3.42
17.82,50.29,3.60
14.40,39.00,3.91
12.02,28.99,5.37
11.17,18.80,7.93
11.23,8.48,9.77
11.41,-0.85,10.01
12.94,-11.05,9.95
15.63,-22.40,11.05
19.35,-32.29,14.65
22.77,-39.00,20.20
24.72,-42.54,25.76
25.21,-44.19,29.79
23.74,-44.25,33.63
18.80,-42.24,35.89
13.61,-38.94,34.18
9.16,-36.62,29.54
6.77,-36.87,23.32
5.13,-38.82,16.36
4.94,-41.56,9.03
4.88,-44.37,2.44
5.43,-46.45,-2.01
7.51,-48.28,-3.72
9.58,-49.93,-3.66
















-,-,-
1.53,-0.12,0.61
1.71,-0.06,0.85
2.01,0.12,0.98
2.50,0.61,1.28
3.05,0.92,1.28
3.17,0.98,1.53
3.17,0.85,1.59
2.87,0.98,1.46
2.62,0.79,1.59
2.56,1.04,1.83
2.50,1.04,1.77
2.50,0.79,1.59
2.75,0.67,1.40
2.56,0.67,1.40
2.50,0.37,1.16
2.38,0.18,1.04
2.20,0.49,0.92
2.20,0.49,0.79
2.20,0.67,0.92
2.44,0.67,1.04
2.69,0.73,1.10
2.75,0.73,1.34
2.81,0.61,1.22
2.81,0.67,1.59
3.05,0.49,1.53
3.54,0.61,1.46
3.85,0.79,1.46
4.27,1.22,1.95
5.62,1.77,2.26
7.63,2.26,2.81
11.66,3.11,4.15
18.68,2.93,6.90
28.75,-2.44,11.05
38.64,-5.25,13.98
45.35,-6.29,15.32
51.15,-1.59,15.44
56.52,-1.46,16.72
62.19,-2.50,20.32
63.84,0.79,24.17
62.62,5.62,23.38
58.47,5.25,18.80
51.57,-0.24,11.90
43.27,2.38,6.77
36.56,-2.75,9.52
29.66,-4.64,8.97
17.46,4.15,6.65
7.87,6.29,4.82
2.75,-0.24,2.56
0.37,-4.70,1.53
-0.55,-6.71,1.10
-0.92,-6.10,1.34
0.12,-3.11,2.08
3.11,1.04,3.11
4.52,4.52,4.03
1.04,6.23,2.99
-5.80,4.15,0.18
-14.89,-1.16,-3.17
-23.68,-2.08,-6.59
-28.44,-0.37,-8.48
-28.20,-0.24,-8.12
-25.02,1.77,-7.45
-22.22,4.46,-7.26
-20.39,8.18,-7.32
-19.35,12.70,-6.16
-19.35,15.75,-5.25
-20.69,17.33,-6.47
-22.09,18.01,-8.12
-21.30,14.16,-6.65
-19.04,4.33,-2.01
-14.28,-4.03,3.17
-7.87,-2.69,0.18
1.71,-2.99,-4.15
8.30,-4.58,-1.22
13.55,1.53,6.47
16.85,7.51,10.93
18.74,9.28,10.50
17.46,8.73,9.22
13.61,6.84,10.13
16.85,6.29,27.65
22.89,13.85,58.96
27.47,25.09,79.65
35.22,30.21,89.05
36.01,29.17,86.30
33.33,27.53,73.97
27.53,22.64,57.13
22.28,20.45,46.94
15.99,18.19,34.36
11.35,14.28,35.71
3.23,12.63,24.17
-2.87,7.57,2.62
-7.75,4.33,-2.38
-12.45,2.93,-2.69
-13.12,3.36,-4.27
-12.82,5.19,-9.16
-14.71,5.62,-29.79
-15.50,0.06,-56.34
-15.20,-10.13,-72.88
-15.56,-10.93,-83.07
-15.08,-3.72,-87.65
-11.05,3.17,-84.41
-7.14,5.68,-75.01
-3.17,3.17,-62.44
1.53,-2.44,-49.68
4.39,-9.70,-39.00
7.32,-19.47,-30.94
11.90,-33.08,-23.50
16.17,-48.77,-14.71
8.73,-61.04,-5.31
-2.20,-56.27,0.00
-6.47,-20.20,-5.13
2.14,-16.91,1.65
1.83,-24.05,4.33
1.16,-18.37,0.92
4.03,-10.80,-1.53
4.27,-5.74,-0.18
5.86,-2.08,1.89
10.25,0.18,7.69
24.48,6.84,48.83
35.89,25.02,93.99
44.19,35.34,103.76
52.00,35.58,103.58
51.76,40.95,108.15
46.14,38.82,100.04
44.56,32.23,104.00
36.25,25.76,96.13
27.71,17.64,67.69
23.68,8.85,51.70
16.60,7.02,57.43
10.93,4.33,45.10
7.57,7.14,37.54
-0.06,1.71,19.71
-0.31,-3.91,0.37
2.99,-3.72,0.06
0.43,-1.77,0.49
0.37,0.37,0.37
0.92,1.95,0.37
1.53,2.75,0.00
2.01,2.99,-0.43
1.95,2.87,-0.92
0.67,2.99,-1.77
-2.01,3.11,-2.38
-3.97,3.42,-2.99
-4.82,4.70,-3.48
-4.82,6.77,-3.54
-5.13,9.22,-3.60
-4.46,12.15,-3.91
-4.70,16.36,-5.92
-7.02,22.22,-16.97
-4.82,23.07,-26.12
-2.99,21.67,-28.99
-0.98,25.82,-26.43
2.69,36.07,-23.56
7.51,47.42,-24.11
12.45,55.60,-26.73
17.88,58.90,-28.38
24.66,58.11,-28.20
26.73,55.48,-26.79
29.24,52.12,-25.21
31.01,49.62,-24.23
32.23,47.97,-23.56
33.08,47.30,-22.95
33.51,47.06,-21.97
35.28,46.69,-20.51
34.30,48.16,-17.40
33.57,48.89,-12.27
32.17,44.86,-5.62
31.86,39.31,1.65
32.04,35.83,7.08
32.53,31.37,10.38
30.27,26.98,11.17
26.61,23.62,10.07
21.73,21.97,8.30
16.48,21.61,7.57
13.24,20.87,8.18
13.00,19.17,9.95
13.24,16.24,13.24
11.60,13.67,16.72
9.83,12.33,19.35
8.36,11.41,20.69
6.77,10.13,21.06
















-,-,-
-0.12,1.65,1.46
-0.18,1.16,0.37
0.18,0.55,-0.12
0.18,1.22,-0.37
0.18,2.26,0.12
0.18,2.75,0.73
0.24,2.69,0.79
0.49,1.34,0.00
0.92,0.37,-0.67
1.04,0.49,-0.49
0.98,1.22,0.37
0.85,1.46,1.40
0.55,1.22,2.08
-0.06,1.04,2.01
-0.79,0.73,2.26
-1.53,0.12,2.32
-2.14,-0.43,2.08
-2.69,-0.73,1.46
-3.17,-0.92,0.67
-2.32,-0.98,0.24
-1.59,-0.73,0.61
-0.98,-0.43,1.40
-0.06,-0.18,2.56
-0.43,-0.43,3.91
-1.28,-1.71,5.43
-1.34,-5.98,6.90
-2.08,-14.71,8.61
-4.70,-24.35,10.80
-7.87,-32.78,13.79
-12.63,-28.75,5.43
-7.69,-18.98,-7.57
0.18,-19.23,-3.78
2.56,-15.75,1.16
14.77,-5.55,2.99
31.31,2.93,7.20
50.78,6.96,15.50
73.18,1.46,23.01
88.01,-3.48,22.71
98.63,-9.52,22.46
100.22,-13.73,20.08
94.60,-11.90,16.97
83.31,-12.70,15.32
62.87,-8.48,14.04
41.32,-5.00,8.85
22.52,-0.79,5.37
6.04,3.36,3.11
-2.32,-4.52,-0.92
-8.06,-14.28,-3.30
-11.17,-18.80,-3.97
-13.61,-18.49,-4.15
-15.75,-15.38,-4.15
-15.56,-10.19,-3.97
-14.83,-3.91,-3.78
-15.32,2.14,-3.42
-15.75,7.63,-3.30
-16.91,12.21,-3.91
-20.39,17.76,-6.53
-22.46,19.84,-7.51
-24.05,18.13,-8.67
-24.66,16.42,-13.55
-25.82,16.30,-19.35
-24.96,18.37,-22.46
-22.28,18.86,-21.61
-18.55,15.44,-16.85
-15.14,7.26,-9.58
-11.47,-3.23,-1.46
-7.08,-14.16,7.63
-4.88,-21.61,14.59
-4.64,-9.16,4.52
7.69,-0.43,-2.08
15.08,-3.36,4.39
12.27,-2.01,8.18
13.49,1.65,6.71
11.84,1.77,5.13
10.80,-0.18,5.68
9.28,0.18,13.49
13.12,3.30,30.70
20.39,11.72,58.53
26.79,22.64,71.90
33.94,26.86,83.19
34.06,29.60,74.40
35.40,28.02,63.54
29.48,27.83,53.71
25.02,25.09,45.41
18.55,18.74,29.91
17.46,13.49,40.83
5.13,11.23,18.31
2.32,4.70,0.73
-4.52,0.24,1.16
-6.10,-1.65,-0.43
-6.96,-0.79,-0.31
-6.90,2.01,-1.10
-6.10,5.25,-2.99
-6.77,8.42,-7.39
-7.45,10.07,-21.48
-6.53,5.80,-38.94
-6.53,-2.75,-52.86
-8.91,1.95,-59.57
-6.84,15.44,-60.73
-2.01,25.94,-59.08
2.62,27.28,-57.43
5.92,21.67,-57.50
6.53,12.94,-57.92
3.72,2.99,-56.46
0.61,-7.02,-51.51
-0.98,-16.24,-43.58
-1.04,-25.63,-33.39
2.93,-35.71,-21.24
1.59,-45.04,-8.79
-2.69,-51.70,0.85
-6.16,-56.34,8.61
-9.58,-59.08,14.28
-10.86,-40.89,1.89
-5.92,-25.09,-11.47
0.12,-24.41,-9.64
-0.12,-22.83,-3.11
3.91,-12.88,-3.54
5.98,-6.47,-3.23
5.92,-3.05,-2.50
5.80,-2.01,-2.81
3.85,-2.75,-3.17
1.65,-5.00,-1.04
0.49,-6.47,3.60
2.50,-7.75,10.56
4.27,-7.08,13.43
11.41,-2.26,25.27
19.78,6.41,56.70
26.73,17.88,73.36
31.37,25.51,83.13
35.28,31.37,91.80
40.65,30.94,106.81
37.90,33.57,102.36
41.87,37.54,103.76
34.85,37.84,108.52
31.56,35.28,92.71
29.11,27.16,84.90
22.03,20.45,70.07
19.10,14.22,57.98
15.56,10.93,57.92
9.52,6.29,50.23
7.75,4.52,42.24
1.95,2.08,30.21
-0.37,-0.85,18.49
3.42,-2.01,3.78
0.24,-1.59,1.28
-0.06,-0.67,2.50
1.16,0.73,2.62
2.69,2.32,1.83
3.05,3.30,1.40
2.38,4.03,0.92
1.34,4.21,0.55
-0.18,4.27,0.12
-1.59,4.27,-0.06
-2.20,4.70,-0.43
-2.38,4.88,-0.61
-3.17,5.13,-0.73
-3.78,5.55,-0.67
-3.54,6.65,-0.43
-3.23,8.36,-0.12
-3.17,10.44,0.55
-2.99,12.57,0.85
-3.72,14.65,0.61
-5.92,17.46,-5.68
-6.71,16.91,-16.97
-5.68,13.24,-19.53
-5.74,11.54,-16.54
-5.25,13.43,-13.12
-4.64,20.75,-12.21
-2.62,28.75,-13.85
-1.59,35.16,-16.48
-0.79,39.25,-18.80
0.61,41.50,-19.96
1.34,42.48,-19.78
1.59,42.42,-18.98
3.48,41.50,-18.01
5.68,39.79,-16.78
6.65,36.80,-15.01
7.32,32.78,-13.73
7.26,28.26,-12.70
6.47,23.19,-11.66
















-,-,-
-0.37,-0.55,1.83
-0.31,-0.67,1.89
0.31,-0.49,2.20
0.98,-0.55,3.11
1.16,-0.79,3.91
1.10,-1.16,4.39
1.22,-1.59,4.03
1.53,-2.01,3.60
1.77,-3.11,3.05
1.22,-4.03,2.93
0.49,-4.46,3.42
0.00,-4.39,3.91
-0.61,-5.25,3.97
-0.73,-6.90,3.42
-1.10,-8.85,3.05
-2.01,-9.77,3.66
-2.69,-9.70,4.03
-3.05,-6.90,2.20
-1.34,-2.56,-0.73
1.10,-0.24,0.18
0.92,0.55,2.08
2.50,2.93,2.08
3.60,4.46,1.89
3.85,4.03,2.38
3.17,3.05,2.62
2.44,2.44,2.01
1.04,0.73,1.22
-0.24,-0.67,0.67
-0.67,-0.73,0.79
0.37,-0.92,0.85
1.28,-2.38,0.43
2.32,-3.23,0.06
3.85,-4.58,-0.55
5.31,-5.49,-1.22
8.18,-5.00,-1.10
14.40,-4.03,0.61
24.05,-3.60,6.23
36.74,-6.84,14.22
51.64,-10.13,15.32
66.10,-10.56,16.30
76.42,-9.52,14.77
85.45,-13.24,19.71
85.57,-6.77,24.84
79.53,-2.56,24.41
65.80,-2.44,15.01
46.26,0.49,13.55
27.53,3.36,13.67
12.33,5.86,6.04
1.89,2.32,2.50
-5.13,-5.74,-0.06
-9.16,-12.57,-2.44
-11.23,-14.40,-3.36
-12.21,-12.27,-3.36
-12.27,-8.12,-3.36
-12.15,-3.72,-3.30
-11.72,1.53,-2.81
-12.15,7.69,-2.87
-14.95,13.06,-4.76
-19.47,15.38,-9.58
-23.86,16.66,-21.55
-25.70,14.89,-27.04
-27.28,15.01,-23.19
-23.56,18.55,-19.04
-19.90,20.20,-15.93
-16.72,17.52,-10.62
-13.12,7.02,-2.44
-7.93,-9.70,7.93
-3.11,-24.96,16.17
-0.06,-14.71,10.99
15.08,-0.85,7.51
21.85,-1.53,9.77
17.58,0.92,11.60
18.01,3.97,10.80
16.85,3.85,19.78
20.57,7.14,43.88
28.38,12.70,67.08
31.01,18.13,75.56
27.95,19.04,56.34
28.81,21.12,48.89
26.79,18.92,57.74
22.34,16.54,47.67
17.46,16.48,30.46
16.78,10.93,33.69
7.75,11.60,23.99
4.15,12.33,14.77
-2.62,9.77,4.94
-2.26,9.22,-3.60
-1.89,9.52,-4.52
-3.42,8.48,-10.93
-5.74,4.46,-34.61
-9.28,2.26,-64.33
-13.49,4.39,-88.32
-15.87,6.35,-100.89
-17.94,5.13,-100.22
-18.98,1.89,-89.36
-16.36,-2.87,-72.88
-12.15,-8.97,-55.42
-9.09,-16.17,-41.75
-8.73,-25.02,-31.68
-8.85,-36.44,-22.40
-10.07,-48.16,-11.72
-10.93,-57.31,0.67
-11.11,-42.11,1.04
-2.38,-19.65,-0.61
2.69,-19.23,0.67
1.22,-20.02,3.30
6.65,-9.09,1.22
11.17,0.12,4.52
19.47,8.42,24.72
35.10,20.57,62.44
43.52,29.05,80.02
54.32,30.27,95.46
57.86,33.81,112.73
56.76,30.88,112.37
55.73,29.17,112.85
47.97,25.15,107.48
40.77,15.99,94.06
35.46,11.84,83.68
22.16,6.59,68.79
14.77,0.49,50.78
9.52,-2.62,37.41
4.58,-4.33,29.24
3.42,-2.75,29.11
4.88,-1.40,32.47
2.81,1.10,16.48
4.39,2.26,1.10
3.30,1.83,1.77
2.75,1.65,2.32
2.87,1.89,1.59
2.14,1.95,1.28
2.01,2.01,0.92
1.10,1.95,0.85
-0.31,2.08,0.06
-1.16,2.44,-0.98
-2.14,2.81,-2.01
-2.44,3.36,-2.62
-2.75,4.39,-2.62
-2.44,5.68,-2.32
-2.62,6.90,-2.38
-4.03,8.54,-2.50
-4.70,10.56,-2.38
-4.39,12.63,-1.77
-4.15,15.50,-0.79
-4.58,19.65,-1.65
-4.46,22.95,-7.87
-2.93,24.54,-14.83
-1.10,31.01,-16.72
2.75,41.56,-17.64
7.02,50.48,-19.23
10.80,54.75,-20.69
15.08,56.34,-20.63
18.80,55.97,-18.25
22.58,52.80,-14.53
26.98,45.90,-10.56
31.68,39.37,-7.81
35.40,33.63,-5.86
37.11,29.85,-5.25
37.60,27.10,-5.49
36.74,25.33,-6.35
33.94,24.35,-6.84
30.52,24.11,-6.10
26.55,24.78,-4.39
22.34,26.43,-2.20
19.35,29.48,1.04
17.64,33.14,4.46
16.97,36.56,7.08
16.54,40.04,9.22
16.48,42.18,10.62
16.91,43.88,9.83
17.64,45.78,7.39
17.33,48.40,6.23
13.24,51.45,9.70
6.59,54.75,19.04
-2.26,56.46,31.80
-12.82,55.85,42.54
-22.52,52.98,47.24
-31.49,47.67,47.30
-38.21,41.20,46.88
-43.15,35.22,46.88
-48.16,28.99,44.01
















-,-,-
-2.20,-0.12,0.24
-1.04,1.53,0.06
0.43,3.42,0.49
1.65,3.48,1.46
1.53,2.14,2.26
1.34,1.59,2.50
0.61,1.53,2.50
0.18,0.73,2.38
0.43,0.18,2.32
0.55,-0.37,2.62
0.55,-0.31,2.32
0.98,-0.24,1.40
1.95,-1.16,0.79
3.17,-2.87,0.79
4.15,-5.19,0.31
3.60,-6.84,-0.43
2.81,-8.85,-0.98
0.73,-10.80,-1.28
-1.10,-11.84,-1.89
-2.75,-11.72,-2.75
-3.05,-10.68,-3.30
-2.20,-8.85,-2.93
-0.55,-6.90,-2.69
0.67,-5.49,-2.20
1.16,-4.70,-1.95
0.61,-4.39,-1.53
0.67,-4.82,-1.65
0.67,-6.29,-1.77
0.79,-7.93,-2.08
1.83,-10.13,-2.20
4.15,-11.96,-2.50
6.41,-12.63,-2.38
10.07,-11.66,-2.01
14.53,-9.16,-0.61
20.63,-6.10,1.59
29.48,-1.95,4.70
38.02,0.92,9.16
49.32,-10.01,17.21
64.88,-24.78,19.35
81.60,-20.69,16.72
94.91,-18.13,21.73
101.07,-22.40,27.28
95.28,-14.22,23.38
82.95,-9.16,22.83
61.10,-1.83,16.72
39.73,3.05,9.46
19.96,6.53,9.34
6.23,-0.18,8.48
-4.09,-1.59,1.10
-11.72,-7.81,-2.93
-15.87,-12.82,-2.93
-16.60,-11.60,-2.93
-15.08,-5.86,-1.95
-14.16,2.26,-0.61
-13.73,11.29,-0.43
-13.49,18.80,-1.65
-14.34,28.50,-4.82
-16.48,34.06,-8.54
-18.19,28.56,-8.67
-20.20,25.45,-12.08
-18.86,26.61,-17.09
-16.48,27.77,-17.27
-13.49,27.77,-12.21
-9.77,25.39,-5.62
-6.77,16.54,0.43
-4.33,1.89,5.31
-2.75,-11.84,9.28
-0.98,-20.75,14.28
-0.06,-17.09,12.27
6.77,-5.25,3.72
16.11,-8.12,5.00
12.82,-8.36,8.54
10.99,-3.66,6.84
7.02,-2.08,4.39
4.94,-0.24,5.74
7.39,3.91,11.78
15.56,11.11,33.33
21.97,16.66,54.44
26.55,21.12,58.11
31.01,21.85,73.67
28.20,27.16,66.53
31.13,29.60,68.12
27.71,28.08,69.15
24.78,21.24,54.75
17.52,14.59,30.03
14.28,11.84,23.32
8.24,8.42,23.19
3.85,5.98,7.69
0.12,3.42,-0.12
-2.99,2.99,0.00
-3.91,4.94,-0.92
-5.37,8.30,-4.88
-8.67,12.70,-22.03
-10.62,10.13,-50.05
-11.78,2.32,-67.20
-12.94,6.04,-71.96
-10.56,18.01,-68.42
-5.00,27.22,-61.28
1.22,28.08,-54.38
5.98,21.55,-49.80
8.48,11.05,-45.59
8.61,-0.67,-40.59
7.20,-10.19,-34.48
5.31,-18.86,-29.24
4.58,-28.93,-24.17
1.04,-39.00,-16.48
-4.64,-46.26,-5.68
-8.48,-51.33,5.55
-11.96,-53.28,10.93
-11.72,-35.77,-2.81
-5.25,-22.46,-12.51
-2.50,-25.45,-6.47
-0.18,-21.48,-0.37
5.13,-11.47,-2.26
4.70,-3.85,-0.85
6.65,1.65,2.01
11.72,6.41,10.31
20.02,11.54,33.39
27.59,18.62,53.41
32.96,23.19,72.94
34.61,22.46,82.58
41.44,29.79,98.82
41.02,28.99,111.82
39.12,33.57,110.84
35.77,29.05,104.43
30.82,23.68,89.66
25.15,15.32,69.64
19.47,9.34,45.59
13.67,7.57,32.96
8.91,6.04,16.60
7.87,2.44,23.01
6.10,2.26,14.95
5.31,0.67,3.78
2.75,-0.73,1.65
0.73,-1.59,0.00
-1.10,-1.77,-1.89
-1.77,-1.16,-3.11
-1.95,-0.24,-3.23
-2.01,0.55,-3.48
-1.77,1.04,-3.48
-1.83,1.53,-3.48
-2.26,1.71,-3.60
-3.23,2.08,-3.72
-4.27,2.87,-3.85
-4.03,4.27,-3.91
-3.72,5.55,-3.60
-2.87,6.77,-2.50
-0.73,7.69,-0.98
1.34,8.12,0.61
1.83,7.39,1.77
1.16,5.68,1.95
0.61,3.78,1.77
-1.22,3.05,1.04
-3.54,3.11,-0.61
-5.62,3.72,-5.00
-8.48,6.10,-16.11
-8.73,7.26,-21.36
-7.51,8.54,-14.47
-5.49,11.05,-5.74
-3.48,15.14,-5.49
-0.37,21.97,-10.25
3.11,29.72,-13.37
5.80,36.50,-14.34
7.93,42.24,-14.71
10.07,45.90,-15.44
12.39,46.63,-15.44
15.44,43.70,-13.92
18.74,35.77,-11.41
20.14,26.31,-10.56
20.69,18.25,-11.47
20.26,12.45,-11.29
19.35,8.42,-9.52
17.76,5.19,-8.00
14.53,2.87,-7.87
8.85,1.34,-9.40
3.11,-0.43,-12.63
-1.16,-2.87,-17.33
-3.36,-6.10,-21.91
-5.37,-8.30,-24.90
-7.02,-9.22,-25.51
















-,-,-
1.46,2.62,-0.37
1.34,2.56,-0.49
1.28,2.44,-0.79
1.28,2.26,-0.85
1.40,2.32,-0.37
2.01,1.89,0.31
2.56,1.22,0.73
2.87,0.61,0.98
2.87,0.12,1.10
2.87,0.18,0.92
2.69,0.06,0.55
2.44,0.49,0.37
1.83,0.98,0.55
1.53,1.77,0.98
1.10,1.83,1.34
0.67,1.28,1.71
0.37,0.85,1.77
0.37,0.43,1.71
0.61,-0.06,1.95
0.49,-0.67,2.26
0.37,-0.79,2.14
0.06,-0.55,1.83
-0.61,-0.18,2.08
-1.04,0.43,2.38
-1.28,1.04,2.14
-1.10,1.46,1.46
-1.10,1.71,0.67
-0.79,1.71,0.24
-0.61,1.83,0.24
-0.49,2.38,0.43
-0.37,2.81,0.61
-1.16,3.36,0.37
-2.14,4.09,-0.18
-3.17,3.91,-0.12
-3.72,3.48,0.12
-3.97,2.99,0.18
-3.85,1.95,0.18
-3.72,0.85,0.49
-3.54,0.12,0.67
-3.17,-0.12,0.31
-2.99,0.24,-0.24
-2.44,0.79,-0.55
-2.26,2.01,-0.67
-1.77,2.99,-0.67
-1.16,3.30,-0.24
-0.92,2.87,0.24
-0.18,1.83,0.61
0.31,0.67,1.10
0.98,-0.24,1.46
0.85,-0.55,2.14
0.85,-0.49,2.75
1.40,-1.16,3.60
1.46,-2.56,4.94
1.95,-6.29,6.65
0.92,-16.36,8.97
-3.97,-27.83,12.63
-8.36,-32.78,12.39
-10.38,-18.62,-2.50
-4.09,-15.69,-6.23
-5.43,-22.28,-3.30
-2.50,-22.83,-2.32
8.30,-14.47,-2.32
18.62,-7.02,1.22
31.68,-1.40,6.71
50.42,-3.72,14.22
67.32,-22.52,23.19
81.12,-32.23,26.79
90.03,-36.56,22.09
93.93,-31.07,17.46
92.22,-25.63,14.77
76.54,-15.01,13.49
54.38,-7.45,18.19
31.31,-1.40,14.34
11.17,8.30,6.96
-2.20,6.47,1.16
-10.07,-0.79,-0.06
-15.01,-6.84,-1.22
-18.19,-7.32,-1.95
-20.20,-1.77,-2.01
-19.53,6.35,-1.59
-16.91,13.37,-1.46
-14.53,17.27,-1.04
-13.61,26.55,-3.48
-13.49,30.40,-6.71
-15.93,25.82,-12.82
-17.03,19.10,-20.02
-18.07,15.87,-22.95
-18.49,17.27,-22.64
-16.48,21.79,-20.45
-12.51,20.69,-15.08
-7.93,11.17,-6.65
-3.78,-3.42,4.15
-1.71,-17.52,15.38
-0.37,-18.92,16.60
6.29,-5.62,8.00
13.92,-4.94,5.55
7.87,-5.80,7.02
8.24,-0.24,7.20
13.43,9.83,22.28
20.69,21.30,58.35
29.97,25.27,87.34
36.44,29.24,92.53
36.50,31.86,82.70
30.58,31.31,65.25
28.81,28.26,56.21
24.90,19.47,56.40
17.88,16.60,33.45
15.56,14.22,26.12
9.46,10.86,19.29
6.65,7.63,7.39
3.23,5.74,-0.31
0.43,4.70,-0.31
-0.61,5.25,-1.40
-2.38,6.59,-5.31
-7.14,6.04,-22.40
-10.74,-0.98,-48.77
-14.40,-7.32,-67.44
-16.48,-1.53,-74.52
-15.26,10.93,-72.14
-9.70,20.51,-65.49
-3.36,22.77,-56.88
1.89,19.29,-48.46
4.39,11.60,-41.56
5.62,0.79,-36.87
6.59,-11.23,-34.24
7.93,-23.74,-32.96
5.74,-37.17,-29.97
-3.11,-46.39,-23.74
-11.35,-50.48,-12.39
-15.75,-53.16,1.16
-15.93,-44.01,2.81
-8.73,-25.02,-6.10
-1.04,-21.00,-4.76
-0.06,-19.04,1.10
5.49,-13.12,1.53
9.34,-5.25,-0.18
11.05,0.37,2.08
14.16,3.54,10.13
21.85,6.96,34.24
35.10,10.07,66.35
44.74,17.09,87.77
51.70,22.22,106.08
54.87,29.48,117.49
51.70,33.87,116.46
42.85,25.45,100.34
36.07,18.86,81.79
30.09,17.94,65.92
23.93,13.24,66.83
16.85,8.12,40.53
13.55,5.49,27.22
6.90,3.54,15.93
5.31,1.77,5.31
4.15,0.31,3.42
2.81,-0.61,2.69
1.34,-0.31,0.37
-1.10,0.12,-2.56
-2.81,0.79,-4.03
-3.48,2.14,-4.46
-4.03,3.17,-4.52
-4.15,4.03,-4.39
-3.91,4.70,-4.15
-4.39,5.31,-3.72
-5.74,5.80,-3.72
-6.90,6.41,-4.03
-7.87,7.57,-4.52
-9.52,9.34,-5.74
-11.17,12.02,-9.77
-13.61,15.87,-20.69
-12.88,15.14,-25.02
-11.60,14.65,-19.84
-8.54,18.68,-14.77
-2.93,26.61,-14.95
4.15,32.23,-17.76
10.80,34.00,-19.23
16.48,33.57,-18.86
20.51,32.59,-17.82
23.99,30.52,-16.11
27.28,26.86,-13.55
31.98,22.22,-11.41
36.25,17.70,-10.31
















-,-,-
2.14,0.85,0.73
2.14,0.73,1.04
2.14,0.31,1.40
1.95,-0.18,1.46
1.53,-0.55,1.46
1.28,-0.61,1.46
0.98,-0.49,1.46
1.16,0.24,1.65
1.65,0.55,1.77
2.20,0.61,1.65
2.50,0.49,1.65
2.08,0.49,1.53
1.83,0.55,1.40
1.59,0.67,1.40
1.40,0.49,1.65
1.16,0.49,1.95
1.04,0.24,1.95
0.79,0.37,1.65
0.12,0.85,1.46
-0.12,1.28,1.04
-0.43,1.59,0.18
-0.31,1.71,-0.55
0.43,1.89,-0.79
1.22,2.14,-0.55
1.83,2.20,-0.37
2.01,2.08,-0.06
1.71,1.83,0.24
0.55,2.01,0.37
-0.43,2.20,0.55
-1.16,1.53,0.73
-2.56,0.61,1.77
-4.46,-1.04,3.11
-5.74,-4.94,4.27
-5.13,-12.57,6.29
-5.98,-23.38,9.46
-7.57,-19.65,0.31
0.31,-14.34,-5.62
1.89,-17.09,-1.53
2.93,-14.83,1.10
11.96,-8.00,0.49
24.60,-3.48,4.46
42.30,-5.31,13.98
61.77,-13.92,25.21
80.81,-17.82,31.80
94.24,-22.46,35.34
99.91,-27.83,28.81
99.61,-28.44,16.60
85.14,-23.74,13.12
59.69,-16.66,16.36
33.69,-8.30,7.51
13.31,-5.19,0.55
0.24,-0.37,-1.71
-7.08,-3.42,-1.04
-11.05,-10.56,-2.26
-13.37,-12.63,-3.36
-14.28,-8.73,-3.48
-13.00,-2.26,-3.17
-11.90,5.43,-2.99
-12.15,13.00,-4.27
-15.44,22.16,-10.13
-18.74,26.92,-16.42
-20.81,22.89,-17.58
-22.34,16.42,-16.42
-23.50,13.61,-17.09
-22.83,15.75,-19.41
-18.62,18.74,-19.04
-12.88,17.52,-13.24
-6.10,9.89,-3.54
1.10,-3.36,7.69
4.88,-15.32,16.05
6.47,-7.02,9.52
17.58,0.49,6.71
17.58,-2.20,8.97
12.76,-2.38,8.30
11.41,-0.92,4.46
7.93,-1.04,8.79
12.45,0.98,30.76
22.58,9.83,66.41
33.14,23.25,93.51
38.02,28.99,101.93
34.30,25.51,85.51
32.84,26.55,66.22
27.16,26.06,54.63
23.62,18.37,48.10
19.65,13.92,48.77
11.41,11.78,26.43
6.59,8.24,7.75
2.08,6.04,2.81
0.73,5.07,0.61
-0.55,4.82,-0.67
-2.44,5.37,-1.89
-4.21,7.39,-5.86
-6.53,10.68,-19.71
-8.42,8.67,-41.50
-9.89,2.14,-60.55
-11.54,5.37,-74.34
-11.60,15.14,-81.97
-9.03,23.13,-84.90
-4.88,24.60,-81.91
-0.49,21.00,-74.83
4.09,14.77,-66.35
9.22,5.68,-58.04
11.05,-4.33,-50.60
10.50,-14.77,-43.33
8.54,-27.53,-35.64
1.95,-40.77,-26.37
-6.47,-50.11,-14.16
-12.51,-55.60,0.79
-13.98,-61.40,17.94
-14.89,-62.13,23.13
-9.70,-40.53,3.36
6.47,-34.18,-2.99
7.63,-31.68,1.10
9.52,-17.21,2.50
13.85,-4.33,0.92
16.36,2.44,8.18
20.81,6.65,26.79
33.87,7.14,64.33
47.06,16.17,96.56
53.47,29.79,112.61
53.83,30.52,118.23
51.51,30.33,117.80
45.90,23.13,114.99
36.01,17.40,92.29
30.21,10.25,75.32
24.11,11.72,65.25
18.74,13.31,57.92
12.08,6.90,45.59
7.08,2.20,26.79
2.87,0.85,8.54
0.49,-0.43,3.72
0.79,-0.61,2.81
0.37,-0.43,2.08
-0.37,0.37,0.79
-0.12,1.10,-0.67
-0.24,1.59,-1.83
-0.49,2.20,-2.75
-0.92,2.56,-3.23
-1.71,2.62,-3.36
-3.11,2.87,-3.36
-3.72,4.09,-3.11
-4.39,5.43,-2.93
-5.68,6.96,-3.48
-7.02,8.67,-4.15
-8.61,10.38,-4.52
-9.28,12.39,-4.64
-10.38,15.99,-7.02
-13.73,20.94,-18.07
-12.57,20.51,-27.28
-11.66,24.11,-29.72
-8.48,34.67,-31.92
-2.44,47.12,-37.35
5.25,53.83,-43.76
14.77,50.66,-49.26
24.35,40.16,-54.63
32.59,28.26,-60.91
40.47,16.17,-66.59
44.25,1.04,-69.09
47.49,-20.32,-68.05
50.35,-42.36,-68.05
53.04,-59.81,-66.10
55.60,-71.41,-61.77
55.85,-77.76,-56.70
53.89,-79.53,-51.21
49.99,-76.97,-46.81
45.47,-71.29,-44.25
40.71,-65.06,-43.21
34.24,-59.39,-42.60
25.94,-53.34,-39.37
16.72,-46.14,-33.69
8.79,-38.51,-26.79
3.85,-30.52,-20.57
0.18,-21.36,-13.00
-0.85,-10.86,-2.62
1.28,-1.95,10.13
3.30,2.93,22.71
3.30,3.72,29.72
2.99,2.62,28.81
1.34,1.46,24.60
-0.18,2.32,19.90
















-,-,-
9.40,-1.04,2.20
8.54,-1.04,2.75
6.29,-2.32,2.20
4.03,-3.60,1.95
2.38,-3.97,1.83
2.08,-3.72,1.89
2.32,-2.93,1.71
2.93,-1.89,1.34
2.20,-1.22,0.92
0.61,-0.92,0.12
-0.79,-0.67,-0.67
-1.22,-0.24,-0.98
-0.67,0.43,-1.04
0.49,1.16,-0.67
1.59,1.53,-0.12
1.46,1.34,0.18
0.18,0.67,0.06
-1.10,0.18,-0.24
-1.22,0.43,-0.24
0.00,1.10,0.24
1.59,1.83,1.10
3.11,2.69,1.77
4.15,3.11,2.44
3.36,2.44,2.26
2.62,1.65,1.28
2.14,1.40,0.98
2.87,1.59,1.28
4.52,2.38,1.89
6.96,3.17,2.56
9.83,3.91,3.30
14.40,4.76,3.97
20.63,5.62,6.04
27.89,-3.91,7.45
37.54,-19.04,9.95
49.38,-24.05,11.66
59.81,-28.38,10.07
71.47,-27.53,13.73
74.16,-21.61,17.52
75.50,-26.12,14.59
65.67,-20.32,9.16
48.03,-13.24,7.87
23.62,-0.37,7.69
8.91,-5.98,4.39
1.53,-2.08,4.33
-1.89,-3.48,3.72
-2.56,-4.09,2.56
-2.01,-2.32,1.53
-0.85,1.65,1.59
0.85,6.10,1.89
1.77,9.16,2.01
3.85,10.19,1.71
7.20,10.13,2.08
10.44,8.42,2.50
9.28,3.91,2.08
5.19,-4.03,-0.92
1.04,-11.47,-4.46
-3.91,-8.36,-5.55
-7.26,-2.50,-8.18
-6.04,3.78,-6.96
-5.43,8.97,-4.21
-5.68,11.41,-3.48
-5.07,12.51,-3.23
-6.41,13.06,-2.99
-8.54,14.71,-4.15
-10.19,18.92,-7.26
-11.29,22.83,-10.19
-11.66,24.41,-10.74
-11.29,23.25,-10.01
-11.29,19.53,-8.42
-11.84,13.43,-6.16
-12.27,6.71,-3.66
-12.33,-0.18,-0.06
-11.72,-7.26,4.76
-8.85,-14.59,11.29
-5.13,-19.47,15.75
-1.04,-12.63,8.36
7.63,-6.59,2.62
10.44,-5.13,3.30
6.77,-4.39,5.49
4.58,-0.24,3.30
2.56,2.50,3.48
4.21,5.86,14.28
12.51,15.38,41.38
17.82,24.72,61.46
25.27,21.30,74.04
26.61,23.80,71.96
28.63,18.92,66.65
25.21,17.15,51.45
26.37,15.75,46.39
22.28,13.98,45.35
15.99,15.69,28.14
12.45,13.98,19.78
4.52,8.67,16.72
0.92,7.26,9.28
-0.37,5.92,1.40
-1.04,5.55,0.37
-0.79,6.84,-0.61
-1.22,9.52,-8.18
-3.60,11.29,-28.02
-5.25,5.37,-42.54
-8.79,-0.79,-46.69
-11.35,-1.89,-51.57
-12.51,2.20,-59.08
-12.15,5.74,-65.73
-11.23,5.37,-69.34
-8.79,2.26,-69.21
-5.68,-0.98,-66.22
-2.14,-4.52,-62.26
0.12,-8.97,-58.78
2.01,-15.63,-54.14
3.17,-25.39,-45.78
0.24,-34.42,-34.30
-2.62,-40.71,-20.20
-7.32,-42.72,-6.23
-13.24,-41.87,5.25
-15.69,-36.68,10.93
-10.38,-23.13,5.00
-2.81,-16.85,-3.11
8.54,-14.59,-2.99
13.31,-9.77,2.93
15.08,-0.12,4.88
16.85,4.21,5.43
16.72,3.17,5.92
17.33,-0.85,7.75
15.44,-5.37,10.93
12.63,-6.53,12.94
9.52,-4.70,12.27
5.00,-3.66,4.09
4.70,-6.10,3.36
8.12,-7.87,16.30
10.68,-1.95,27.22
13.61,0.24,30.58
18.62,3.30,41.81
24.23,9.03,52.73
31.92,12.88,69.95
38.27,18.07,83.56
42.72,21.00,92.29
44.74,27.59,100.04
39.18,24.17,91.00
34.42,14.34,80.81
28.50,12.88,66.71
22.34,7.51,61.89
14.47,1.28,50.42
15.81,3.11,47.97
9.83,-3.05,42.60
8.00,-3.11,27.89
8.97,1.04,22.22
7.75,0.98,23.68
5.43,1.40,14.89
6.41,2.01,2.50
3.66,1.83,2.01
1.22,1.16,2.20
0.79,1.16,0.43
0.12,0.73,-0.73
0.00,0.92,-1.28
0.24,1.16,-1.71
0.12,1.53,-2.08
-0.79,1.46,-1.95
-2.20,2.44,-2.01
-3.17,3.72,-2.01
-4.15,5.37,-2.38
-5.31,7.26,-2.50
-6.35,9.64,-2.14
-6.96,12.15,-1.89
-7.75,14.95,-2.50
-9.03,16.97,-4.82
-10.31,18.86,-12.15
-10.19,20.75,-22.22
-8.48,20.08,-27.47
-6.71,19.84,-24.78
-2.81,23.44,-19.96
2.69,27.53,-17.27
8.06,29.48,-18.07
15.14,23.38,-20.51
19.65,14.95,-24.23
23.07,13.06,-27.34
24.84,15.01,-28.32
24.23,18.49,-27.28
25.82,21.30,-25.82
26.12,23.13,-25.57
















-,-,-
2.56,1.28,-1.65
2.69,1.22,-2.32
2.62,1.53,-2.38
2.44,2.08,-2.32
2.26,2.69,-2.26
2.32,3.05,-2.56
2.56,2.87,-2.87
2.87,2.50,-2.93
2.99,2.08,-2.75
2.87,1.77,-2.93
2.81,1.16,-3.54
3.05,0.55,-4.46
3.30,-0.12,-5.13
3.66,-0.12,-5.31
4.33,0.37,-5.00
4.88,0.73,-4.58
5.62,0.61,-4.15
6.35,0.24,-3.48
7.75,-0.31,-2.38
8.73,-1.28,-1.04
8.12,-1.65,-0.31
8.42,-2.01,0.43
8.67,-4.09,0.61
9.09,-6.23,0.79
7.75,-5.68,1.34
6.16,-3.60,1.34
4.70,-1.46,1.10
3.60,-0.31,0.61
2.93,0.00,0.31
2.69,-0.49,0.37
2.14,-1.34,0.92
1.65,-1.77,1.95
0.92,-1.34,2.93
0.00,-0.98,3.78
-0.79,-0.73,4.15
-1.65,-0.98,4.09
-1.53,-1.40,3.60
-1.28,-1.83,3.05
-1.04,-2.56,2.75
-1.10,-3.17,3.11
-1.71,-3.42,3.42
-2.75,-3.30,3.42
-3.23,-3.11,2.75
-3.54,-3.66,1.40
-3.66,-4.64,0.61
-3.72,-4.94,0.73
-3.60,-5.31,1.16
-3.72,-5.86,1.53
-3.78,-4.94,1.10
-4.76,-4.21,0.31
-5.80,-3.48,-0.18
-6.16,-2.38,-0.79
-6.29,-1.53,-1.28
-5.80,-0.61,-1.34
-4.88,-0.12,-0.98
-3.66,-0.55,-0.73
-2.99,-1.16,-0.92
-3.30,-1.22,-1.71
-3.05,-0.31,-2.87
-3.60,0.43,-3.42
-4.88,1.65,-3.42
-6.77,2.56,-3.60
-8.12,2.44,-4.15
-9.58,1.83,-4.15
-11.84,2.26,-4.21
-12.94,3.42,-4.33
-13.73,3.54,-4.52
-13.43,2.69,-4.64
-11.66,0.61,-4.33
-9.70,-1.40,-3.23
-7.32,-2.87,-1.46
-5.07,-3.72,0.37
-3.17,-3.91,1.83
-1.65,-4.52,2.87
-1.89,-5.31,3.97
-4.09,-6.04,4.46
-9.09,-8.42,5.31
-16.05,-13.31,6.96
-24.41,-18.92,8.42
-29.85,-23.56,10.25
-31.31,-27.95,13.61
-28.44,-32.65,17.40
-22.40,-27.16,12.21
-10.93,-14.47,2.08
9.52,-10.25,1.04
29.66,-10.68,7.32
49.80,-10.50,15.01
66.96,-16.36,18.01
80.20,-24.11,13.37
87.77,-32.53,8.12
91.86,-37.35,3.05
96.13,-30.33,8.12
93.08,-20.26,15.81
80.14,-10.86,14.34
59.33,-6.90,14.59
32.84,7.69,10.01
15.99,4.82,6.71
4.21,-0.85,3.36
-3.48,-7.87,-0.49
-8.67,-13.55,-3.23
-11.17,-14.34,-4.09
-13.18,-10.74,-4.82
-14.47,-5.00,-5.98
-16.36,4.52,-7.87
-18.98,20.57,-9.64
-21.55,29.24,-6.90
-24.60,26.25,-5.13
-25.33,24.29,-8.48
-26.25,23.44,-11.11
-27.95,24.17,-13.00
-26.31,23.80,-15.26
-22.16,17.40,-17.33
-16.48,5.68,-16.42
-10.99,-7.81,-10.80
-5.31,-22.28,-0.85
0.06,-33.14,9.83
1.28,-24.66,11.35
7.20,-14.16,7.51
11.90,-15.14,5.55
10.74,-14.65,6.23
11.11,-8.91,12.27
15.08,-3.11,34.61
25.27,6.77,70.19
35.16,17.15,87.83
46.69,21.91,96.86
46.94,26.92,94.79
41.32,24.54,78.00
33.69,22.46,58.96
26.00,20.63,45.65
18.07,20.14,38.33
13.24,18.31,33.02
6.35,17.82,24.17
0.61,14.95,7.39
-2.08,10.93,-4.82
-3.48,8.24,-8.61
-7.75,7.75,-15.81
-12.82,8.36,-39.18
-16.85,4.82,-69.15
-21.55,2.75,-92.10
-23.38,6.77,-104.19
-21.67,11.72,-106.87
-18.86,13.18,-103.45
-15.56,10.01,-97.47
-13.79,4.46,-92.53
-13.55,-1.77,-86.85
-12.88,-8.91,-78.37
-12.33,-19.47,-65.00
-9.95,-32.47,-47.55
-8.18,-46.69,-28.08
-7.26,-58.23,-7.45
-3.42,-65.31,14.89
-2.87,-65.92,31.13
-5.37,-48.89,21.48
5.80,-35.40,5.49
14.59,-30.64,-0.12
20.81,-27.77,3.91
22.03,-15.63,7.81
23.80,-5.31,12.45
28.50,-0.06,26.92
36.56,4.82,54.02
42.97,10.62,73.73
50.72,17.88,92.59
54.63,22.95,106.38
55.11,25.70,109.62
57.92,26.79,111.51
58.23,21.18,115.48
55.30,18.31,110.17
53.41,14.89,96.19
46.81,17.33,78.67
35.89,18.25,61.16
24.66,13.18,47.49
19.90,8.79,42.66
14.04,3.97,45.17
8.61,1.83,33.33
7.81,1.28,17.21
4.39,-1.83,15.75
3.36,-3.66,15.26
1.59,-2.56,9.83
0.43,-2.26,2.14
0.37,-1.89,1.46
















-,-,-
2.99,-2.20,0.73
3.36,-2.08,0.85
3.05,-2.50,0.92
2.81,-2.99,1.04
2.32,-3.60,0.79
1.77,-4.03,0.55
1.46,-4.15,0.67
1.77,-3.78,0.85
2.08,-3.30,0.98
2.50,-2.44,0.92
2.81,-2.01,0.79
2.81,-1.53,0.67
2.56,-1.10,0.98
2.62,-0.67,0.85
2.20,-0.31,0.73
1.83,-0.24,0.31
1.71,-0.31,0.31
1.59,-0.43,0.61
1.53,-0.61,0.85
1.89,-0.61,0.92
2.26,-0.73,0.92
2.01,-0.92,0.79
2.26,-1.10,0.79
2.62,-1.28,0.85
3.05,-1.22,0.98
3.42,-1.16,1.04
3.85,-1.04,1.46
4.46,-1.10,1.95
5.98,-0.92,1.71
8.91,0.55,2.75
13.43,3.30,4.88
20.02,6.16,7.02
27.34,7.45,10.07
34.91,6.77,13.06
40.22,-2.26,13.00
47.85,-13.00,10.07
56.82,-9.34,6.65
64.15,-15.32,5.31
68.79,-13.79,5.68
70.31,-15.14,3.85
67.08,-16.91,5.31
55.73,-7.39,3.36
39.37,-1.46,-2.01
25.76,0.31,-0.55
11.60,11.84,0.43
1.10,12.88,0.43
-5.80,0.61,-0.92
-9.64,-8.30,-2.08
-12.70,-13.85,-3.36
-14.28,-15.44,-4.09
-15.56,-13.85,-4.21
-15.69,-9.34,-4.15
-16.11,-2.81,-3.97
-16.91,4.94,-4.33
-16.17,14.10,-4.94
-16.24,22.28,-4.82
-18.25,25.45,-6.96
-18.31,23.32,-9.64
-18.31,19.10,-11.11
-18.86,14.95,-17.46
-17.27,14.34,-24.84
-13.73,14.77,-26.98
-9.46,12.33,-23.01
-5.55,6.53,-16.60
-3.30,-1.40,-9.64
-2.81,-9.16,-2.32
-1.77,-16.72,7.93
0.00,-26.25,20.14
-1.10,-34.00,27.95
-5.31,-23.50,18.07
-0.61,-6.90,5.49
5.49,0.18,4.03
6.65,-10.93,7.63
11.60,-13.61,5.68
13.85,-5.25,6.35
15.56,5.74,18.49
24.66,15.08,45.29
30.64,23.19,65.49
35.52,23.99,75.07
36.93,27.04,69.95
40.59,24.66,75.13
39.49,27.65,76.90
36.56,24.29,68.12
32.29,20.20,52.49
25.33,16.36,38.76
21.12,14.47,32.71
11.84,9.28,23.86
9.34,6.77,18.98
2.20,4.03,7.93
0.49,1.77,-0.12
-2.93,0.49,-0.73
-4.82,0.00,-1.83
-5.43,1.04,-3.60
-8.24,3.05,-5.31
-10.50,5.19,-8.79
-13.24,7.45,-17.52
-16.78,9.77,-39.31
-17.27,3.42,-57.07
-20.08,-9.28,-66.35
-20.94,-14.77,-73.30
-19.41,-14.04,-79.53
-18.68,-7.57,-83.56
-16.78,0.24,-82.34
-15.69,5.31,-76.72
-15.93,5.49,-69.95
-17.52,3.11,-62.93
-18.86,-0.67,-57.31
-20.02,-5.13,-51.39
-20.75,-10.44,-43.76
-20.87,-18.07,-34.73
-18.86,-28.38,-24.72
-16.30,-38.88,-14.53
-13.12,-47.61,-3.91
-9.83,-51.88,7.93
-7.81,-40.77,10.93
-2.62,-18.98,2.69
5.19,-4.27,-0.43
9.77,-3.54,2.44
15.99,-9.03,5.55
17.82,-4.33,1.83
17.58,-0.31,1.10
18.68,2.75,3.72
19.71,3.78,6.35
19.65,-0.31,13.06
18.92,0.31,19.53
19.35,4.03,22.28
24.05,3.78,29.36
35.83,2.38,59.45
44.92,13.37,83.37
61.40,20.20,107.54
67.32,15.87,116.64
70.13,16.17,116.21
70.98,19.17,119.81
64.03,19.41,119.51
54.02,17.27,97.17
50.66,12.02,87.52
36.80,13.37,71.11
30.94,13.43,53.65
21.55,7.39,52.19
9.89,2.93,32.35
6.53,0.55,2.87
0.79,-4.27,0.73
-1.16,-6.41,2.26
-0.98,-6.59,0.85
-2.32,-6.23,0.67
-2.93,-4.27,0.31
-2.32,-1.71,-0.61
-2.32,0.85,-0.92
-2.69,2.75,-1.40
-2.75,4.03,-2.08
-2.26,5.19,-1.95
-2.50,5.92,-2.01
-3.72,6.29,-2.62
-5.00,6.59,-3.54
-4.88,7.39,-3.97
-4.52,8.00,-4.64
-5.86,8.18,-6.16
-8.06,8.36,-8.54
-10.19,9.34,-10.74
-14.40,11.47,-12.51
-20.63,14.22,-15.69
-25.33,21.97,-21.24
-27.34,38.57,-29.72
-26.67,50.60,-39.92
-21.67,57.43,-50.78
-13.12,55.79,-62.26
-6.96,46.57,-72.69
-2.81,35.52,-79.10
0.24,27.65,-81.30
1.04,23.99,-78.92
-0.37,22.77,-71.72
-3.23,22.77,-61.22
-6.59,21.97,-50.23
-8.61,20.45,-40.16
-10.19,18.74,-31.37
-11.05,16.66,-24.11
-10.80,13.43,-19.29
-11.41,9.64,-16.05
-11.05,5.19,-13.79
-10.62,0.79,-11.96
