-,-,-
8.61,-6.77,2.14
9.28,-7.32,1.83
7.69,-8.06,1.40
3.54,-9.64,-0.06
-1.40,-11.78,-2.14
-4.15,-13.00,-3.42
-5.00,-13.00,-3.66
-4.21,-11.66,-3.23
-2.81,-9.58,-2.56
-1.16,-7.14,-1.40
0.55,-5.00,0.06
1.83,-3.36,1.28
2.32,-2.44,1.83
2.32,-2.01,2.08
1.77,-2.14,1.59
1.10,-2.32,1.16
0.55,-2.62,0.85
0.61,-2.81,0.79
1.40,-2.56,1.34
2.08,-2.14,2.14
2.99,-1.65,2.99
3.66,-1.16,3.54
4.46,-0.61,3.66
4.76,-0.55,3.72
4.46,-0.92,3.30
4.09,-1.10,2.69
4.33,-1.53,1.89
4.64,-1.65,1.71
5.43,-1.22,2.20
7.20,-0.37,3.23
10.07,0.31,4.76
13.67,-4.33,7.20
19.29,-9.09,9.77
25.70,-12.45,12.08
31.01,-29.48,14.10
39.43,-24.90,14.22
48.77,-20.57,18.19
53.71,-31.68,23.25
62.01,-23.74,22.40
69.21,-27.71,24.11
70.86,-31.92,22.16
76.90,-29.72,22.03
82.09,-36.19,27.16
85.88,-35.83,25.76
93.20,-39.18,26.61
94.42,-50.96,25.27
94.42,-48.65,27.34
88.75,-44.92,25.63
79.96,-37.48,25.27
65.61,-23.93,22.16
54.50,-9.83,21.18
43.09,-2.26,19.04
29.91,4.09,15.32
20.20,14.53,11.84
11.47,12.76,8.79
7.32,5.55,6.90
4.76,0.43,5.25
3.11,-1.04,4.33
-0.24,0.37,2.75
-4.52,3.78,-0.18
-8.12,8.30,-2.75
-10.68,13.98,-3.42
-12.21,20.08,-3.42
-18.13,25.09,-4.64
-26.98,27.40,-7.87
-36.87,30.88,-11.96
-42.48,43.27,-13.61
-44.19,57.86,-12.70
-45.29,66.83,-13.98
-46.81,72.94,-19.10
-45.90,75.68,-28.87
-43.27,75.50,-37.48
-39.43,71.78,-40.34
-33.87,63.05,-35.95
-28.38,50.23,-26.49
-25.45,37.17,-16.05
-23.86,25.21,-8.24
-21.42,13.00,-2.75
-17.15,0.00,4.15
-13.37,-13.00,12.94
-9.40,-26.00,20.69
-7.75,-35.77,26.37
-9.03,-40.04,30.64
-7.02,-34.06,21.85
-6.41,-21.67,3.60
2.38,-11.11,6.23
1.16,-9.58,17.52
1.89,3.97,31.13
0.92,12.27,27.40
8.54,13.00,36.19
10.07,14.77,58.04
11.54,23.13,90.15
11.47,32.59,116.21
7.08,27.40,132.75
4.94,25.82,125.55
5.74,29.36,110.41
14.53,26.49,109.31
11.47,20.08,100.83
9.22,17.88,78.61
14.65,11.66,57.50
9.09,10.99,45.72
10.62,12.02,36.87
4.88,10.62,26.12
0.61,9.89,8.54
-0.37,9.95,-0.79
1.89,10.99,-3.91
1.71,11.78,-5.92
-1.28,11.96,-17.27
-1.04,10.56,-45.17
3.23,4.03,-78.61
9.03,2.50,-104.00
12.21,4.82,-116.70
13.43,7.57,-118.29
15.38,7.69,-112.43
19.23,4.88,-102.78
25.33,0.12,-90.03
27.16,-4.88,-75.81
26.61,-10.44,-63.17
26.31,-17.94,-54.69
25.33,-27.47,-47.61
20.94,-36.32,-35.83
16.36,-41.93,-19.71
14.95,-45.41,-4.03
15.01,-49.80,9.16
14.22,-50.48,14.71
11.78,-31.86,5.55
13.79,-23.93,2.99
10.31,-32.04,5.92
4.70,-35.22,6.90
1.04,-33.81,7.26
-0.12,-33.33,24.29
-3.60,-26.67,35.10
0.49,-15.26,21.97
2.44,-6.77,33.75
-0.67,-3.42,52.43
0.61,-0.49,72.81
-4.09,2.69,75.20
-2.44,7.69,82.52
-2.62,8.54,96.86
0.37,5.92,111.39
0.92,5.92,114.20
0.49,5.13,106.99
-0.85,7.14,94.54
-1.28,7.93,90.27
-4.58,7.75,81.54
-2.20,5.13,72.08
-0.98,0.73,62.93
-1.10,-0.12,54.26
-1.65,0.12,49.80
-1.22,-1.10,43.64
-2.32,-0.98,39.86
0.00,-0.12,31.37
0.18,1.95,31.49
-1.59,1.71,25.82
-1.89,-0.37,8.61
0.31,0.73,-0.61
0.24,0.73,-1.28
1.83,1.40,-1.16
2.44,1.77,-1.59
2.50,1.16,-2.14
2.38,1.04,-3.11
1.53,0.73,-3.97
0.85,0.73,-4.76
0.43,1.16,-5.31
0.31,1.65,-5.92
-0.55,1.53,-6.04
-0.98,1.10,-5.92
-1.28,0.67,-5.62
-1.34,0.31,-5.00
-1.28,0.18,-4.58
-1.10,0.06,-4.27
-1.22,0.18,-3.91
-0.92,0.31,-3.36
0.12,0.37,-2.50
0.61,0.49,-1.53
0.12,0.00,-1.16
-0.12,-0.43,-1.59
-0.06,-0.79,-1.59
0.12,-1.28,-1.46















-,-,-
0.55,-5.31,4.88
0.92,-5.43,4.94
0.67,-6.04,5.07
0.18,-6.71,5.13
-0.73,-7.87,5.25
-1.71,-9.58,5.68
-2.75,-11.72,6.35
-3.60,-14.22,6.71
-3.54,-16.24,6.23
-1.95,-14.34,1.04
0.92,-10.86,-1.59
1.77,-8.30,0.79
3.11,-6.84,2.08
5.49,-5.98,1.34
5.49,-6.53,0.98
5.31,-7.69,0.55
5.43,-8.85,-0.06
4.46,-9.40,0.00
3.42,-9.34,-0.12
2.75,-8.67,-0.55
2.38,-7.39,-0.67
2.93,-5.92,-0.37
3.91,-4.58,0.43
4.82,-3.91,1.10
5.00,-4.15,1.53
5.00,-4.76,1.71
4.76,-5.92,1.95
4.94,-6.47,2.38
5.55,-6.53,2.75
6.90,-5.98,2.81
9.64,-4.64,3.36
13.12,-3.11,4.88
18.49,-1.77,6.23
27.22,-6.65,8.06
37.54,-22.28,8.79
49.19,-35.03,11.47
58.72,-40.89,11.84
69.76,-48.52,10.68
78.12,-45.04,10.62
86.24,-48.22,13.24
91.86,-48.83,13.06
97.41,-49.50,11.96
103.33,-60.18,14.16
110.23,-65.31,16.60
114.99,-61.40,22.16
114.87,-61.28,18.37
108.15,-55.73,9.77
97.60,-48.77,8.48
82.40,-30.40,14.10
65.06,-9.22,14.77
47.91,6.84,10.93
27.89,15.93,13.73
9.46,21.30,10.50
-1.16,13.67,4.03
-8.36,3.97,1.59
-11.47,0.37,0.12
-13.61,1.28,-0.61
-15.63,4.82,-1.46
-18.07,9.64,-2.81
-23.01,16.24,-4.82
-28.38,28.56,-6.53
-33.20,42.60,-5.43
-37.05,52.43,-2.56
-40.22,58.47,-5.00
-44.25,64.88,-14.53
-47.79,71.96,-26.06
-48.71,77.58,-34.91
-46.75,80.69,-39.00
-42.30,77.39,-36.68
-36.56,66.28,-28.69
-28.26,47.06,-17.58
-21.24,23.99,-5.49
-18.55,3.54,5.13
-17.46,-9.58,14.04
-15.75,-17.09,20.32
-17.27,-24.05,25.09
-14.71,-32.53,29.11
-11.78,-41.81,32.41
-9.58,-41.50,30.70
-9.52,-28.02,12.33
-8.61,-11.78,7.69
-3.91,-5.49,20.81
1.59,1.77,43.03
7.63,11.66,65.86
14.22,21.30,97.17
17.33,29.60,126.77
18.98,32.65,151.49
14.77,26.06,156.25
13.73,29.91,135.62
13.55,22.64,110.17
11.54,18.07,94.30
9.34,15.01,77.76
10.07,16.85,63.29
11.66,15.87,53.89
9.22,12.08,43.40
3.60,11.11,36.38
-0.92,10.56,24.84
-0.67,9.64,6.96
-0.61,6.90,-2.81
-1.77,6.23,-9.46
-3.60,6.59,-25.76
-1.16,6.23,-52.37
1.71,9.77,-80.02
6.16,19.59,-100.52
12.88,26.86,-112.30
18.01,26.67,-115.66
19.53,21.18,-111.63
21.73,13.18,-104.55
25.94,2.50,-96.86
30.58,-10.13,-88.68
33.87,-25.70,-78.12
33.26,-42.72,-60.79
25.51,-58.17,-35.89
18.01,-70.13,-11.60
10.38,-75.99,4.03
5.55,-71.04,8.36
1.59,-48.65,0.12
2.01,-45.17,-1.77
1.22,-45.17,0.55
2.93,-36.99,4.21
6.41,-28.69,15.69
9.16,-22.16,30.70
16.30,-14.22,54.38
19.65,-7.87,77.15
19.96,-2.81,83.44
21.06,5.68,85.94
17.03,6.96,98.88
17.88,9.70,106.14
19.90,3.17,126.28
17.15,2.81,129.21
17.21,3.54,115.36
14.83,-2.50,99.91
12.70,-5.07,88.50
13.67,-9.58,81.67
9.40,-9.46,66.22
7.02,-11.84,52.19
2.93,-12.82,40.28
0.00,-11.47,28.87
-0.43,-9.09,22.22
2.08,-6.77,26.43
1.10,-3.66,26.79
0.24,-2.81,14.95
2.08,0.31,2.50
2.08,1.65,-0.24
1.16,2.08,-0.43
0.67,2.38,-1.95
0.18,2.38,-3.36
0.55,2.26,-3.54
0.43,2.26,-3.17
-0.31,2.93,-2.87
-1.59,3.72,-2.99
-4.15,4.70,-3.48
-6.96,6.65,-3.97
-8.73,9.89,-3.85
-10.93,15.32,-3.17
-13.43,23.86,-3.17
-15.32,28.38,-7.08
-15.69,30.09,-13.61
-14.22,35.89,-21.61
-12.27,41.14,-27.28
-9.77,43.40,-30.76
-6.41,46.08,-34.12
-3.23,49.99,-37.35
-0.55,53.34,-38.70
1.53,55.24,-37.41
3.78,56.03,-36.13
6.29,56.64,-36.32
7.87,56.34,-37.84
8.73,54.99,-39.67
9.58,52.61,-40.04
9.22,49.74,-39.25
8.61,46.14,-37.96
8.30,42.18,-36.74
7.26,37.60,-35.22
5.80,33.26,-33.63
4.33,28.32,-31.80
2.93,23.38,-30.03
1.71,18.92,-28.44
1.16,15.20,-26.43















-,-,-
0.85,-9.46,5.37
-1.46,-12.21,6.84
-3.30,-13.31,7.32
-4.76,-12.94,6.16
-5.43,-11.96,4.76
-6.04,-11.11,3.91
-5.74,-10.01,3.78
-4.39,-9.09,4.64
-2.56,-9.22,4.88
-1.22,-8.73,5.25
0.37,-8.00,6.47
1.83,-8.61,7.08
2.32,-10.44,6.10
1.40,-13.18,5.68
-0.43,-15.56,4.88
-0.43,-14.59,0.43
-0.85,-12.51,-1.53
-0.67,-11.47,-0.24
0.73,-9.77,0.55
2.50,-7.32,0.92
3.72,-5.80,1.65
3.97,-5.74,1.89
3.36,-6.65,1.46
2.14,-8.36,0.67
0.67,-10.56,0.06
-0.55,-12.70,-0.43
-1.04,-13.61,-0.79
-0.61,-13.24,-0.49
0.31,-11.54,0.12
1.65,-9.09,1.16
3.30,-7.02,2.56
5.07,-5.00,3.72
6.84,-3.54,4.52
9.46,-2.14,5.68
13.37,-1.16,7.26
19.53,-0.67,9.95
28.63,-2.38,13.67
40.04,-15.38,18.07
52.12,-28.56,20.02
65.00,-34.30,22.16
74.77,-46.63,19.71
86.12,-57.43,16.66
93.63,-52.61,19.35
99.12,-51.51,23.86
100.83,-49.56,26.00
103.27,-52.19,30.64
99.37,-49.07,31.92
98.02,-48.34,22.16
99.73,-47.85,9.28
100.34,-54.63,4.03
102.42,-57.68,2.26
100.77,-55.24,0.06
95.58,-44.13,1.53
79.35,-31.92,-2.32
60.91,-14.71,1.46
34.67,4.46,13.73
18.37,13.49,11.54
5.07,21.06,9.64
-3.60,17.94,6.53
-9.52,9.64,3.17
-16.24,5.25,0.18
-23.13,5.31,-2.69
-28.93,10.50,-4.58
-34.85,25.27,-5.13
-42.36,43.95,-3.11
-50.54,57.86,-0.73
-57.80,62.50,-1.04
-65.86,64.64,-6.10
-71.17,67.32,-19.96
-72.20,69.46,-32.59
-72.57,70.86,-37.11
-72.51,72.45,-35.03
-70.43,70.43,-30.46
-63.90,62.19,-25.27
-51.45,44.49,-16.42
-35.40,17.94,-2.93
-23.38,-10.93,14.89
-17.15,-36.32,31.01
-11.66,-50.96,38.82
2.87,-35.77,24.90
11.72,-18.68,10.44
22.77,-12.15,16.36
18.01,-9.09,37.29
12.27,-1.40,63.17
11.96,1.28,83.56
13.67,-0.37,100.46
14.10,6.77,109.19
13.06,12.76,115.05
11.66,20.45,116.27
8.97,27.10,109.25
8.18,29.11,102.11
5.43,24.66,100.89
3.66,20.75,86.18
4.33,19.78,58.35
4.46,15.44,37.23
0.18,16.30,36.87
-5.31,18.25,25.09
-4.03,18.98,9.89
-5.00,19.17,4.94
-5.92,19.41,-1.22
-6.59,19.23,-8.61
-7.02,17.52,-24.60
-3.78,17.33,-51.39
0.18,21.30,-80.63
5.43,27.77,-105.53
11.54,32.41,-121.46
18.74,32.23,-127.14
24.29,27.95,-122.44
27.34,20.20,-110.96
31.25,8.79,-97.29
36.62,-6.47,-83.68
41.14,-26.43,-67.63
42.36,-48.65,-46.39
36.07,-69.03,-22.03
25.82,-84.90,2.14
13.92,-95.15,24.48
4.09,-87.89,31.13
-8.36,-51.70,10.19
0.31,-45.90,-4.27
4.33,-53.53,-1.46
-0.98,-48.89,13.43
3.54,-34.79,38.33
4.27,-21.42,60.67
9.09,-10.13,75.81
12.08,-4.15,94.91
10.68,-2.01,113.53
11.60,5.62,129.27
10.19,11.66,132.02
10.86,14.16,124.57
12.39,17.52,117.25
10.99,7.75,103.88
8.73,1.95,88.32
6.47,-1.83,62.99
3.11,-4.52,46.94
1.10,-6.41,38.64
-1.53,-7.69,28.38
1.34,-8.97,25.27
0.37,-8.67,31.80
1.77,-4.82,22.71
2.69,-2.99,5.55
5.62,-1.34,-4.09
5.43,0.85,-4.21
4.15,1.83,-3.97
2.62,1.95,-4.27
-0.06,1.28,-4.70
-2.50,0.85,-5.25
-4.27,0.67,-5.98
-4.94,1.10,-5.98
-3.85,2.69,-5.49
-1.59,4.76,-4.27
0.06,6.41,-3.42
-0.31,7.57,-2.99
-0.73,8.18,-2.81
-1.28,8.73,-2.75
-2.38,8.91,-2.87
-3.85,8.97,-3.48
-5.00,9.46,-4.27
-5.62,10.44,-4.58
-5.25,10.99,-3.97
-5.13,12.39,-3.42
-6.59,13.73,-3.54
-9.28,16.24,-5.62
-13.55,19.59,-16.72
-14.04,25.39,-30.40
-13.98,34.48,-33.08
-12.88,41.56,-29.05
-9.46,48.89,-28.81
-4.52,57.25,-36.19
1.04,66.59,-48.52
6.47,73.43,-60.06
11.35,75.87,-69.40
16.54,73.97,-77.27
23.13,66.10,-85.63
29.24,55.18,-95.28
33.51,44.86,-105.41
35.46,37.17,-113.83
35.95,31.86,-118.23
35.16,27.16,-116.64
32.41,22.77,-108.15
27.65,19.84,-96.37















-,-,-
-4.15,1.71,0.85
-3.36,2.08,0.31
-2.62,1.83,0.06
-1.71,1.22,-0.18
-1.28,0.55,-0.31
-0.85,-0.06,-0.61
-1.22,-0.24,-0.55
-1.83,0.43,-0.67
-1.83,1.28,-0.98
-1.95,1.40,-1.22
-2.08,1.40,-0.85
-1.95,1.28,-0.49
-2.20,0.67,0.31
-2.62,0.12,1.22
-2.56,-0.18,1.53
-2.44,-0.55,1.28
-2.44,-1.04,1.10
-2.62,-1.28,0.73
-3.11,-0.79,0.61
-3.23,0.43,0.24
-3.30,1.59,-0.31
-3.05,2.44,-1.16
-3.05,2.93,-1.40
-2.56,3.66,-0.98
-2.20,3.91,-0.18
-2.14,3.11,0.43
-2.20,2.44,0.92
-2.56,2.20,0.73
-3.48,2.14,0.55
-4.39,2.56,0.06
-5.49,3.23,-0.43
-6.47,3.36,-0.06
-6.41,1.89,1.10
-5.86,-2.26,3.11
-6.16,-10.74,6.35
-8.12,-21.85,10.62
-10.44,-32.23,15.50
-10.68,-39.92,17.40
-8.54,-45.23,16.85
-5.49,-50.48,18.74
0.92,-47.30,14.95
14.95,-31.01,7.75
27.28,-21.36,12.45
31.31,-21.00,12.02
40.16,-29.11,3.48
51.09,-32.04,-1.71
63.11,-39.49,2.69
76.42,-48.34,8.24
89.66,-49.87,11.96
102.42,-55.91,15.87
111.27,-57.37,16.17
117.37,-66.77,15.63
117.92,-72.81,11.84
111.94,-69.89,8.85
100.10,-64.15,8.73
84.41,-51.39,9.95
70.07,-36.25,8.12
57.07,-20.87,5.55
43.21,-4.94,4.70
33.69,5.74,5.86
21.42,7.26,7.02
13.06,2.62,2.93
2.87,-0.61,0.92
-2.99,-4.94,-0.61
-10.19,-8.42,-1.71
-22.34,-9.03,-4.52
-35.52,-7.20,-9.95
-47.61,3.30,-13.73
-57.31,27.65,-12.15
-63.05,48.40,-6.10
-66.71,61.10,-3.36
-68.42,65.73,-8.06
-68.66,65.67,-15.75
-66.28,64.58,-22.34
-60.73,61.40,-26.73
-53.89,55.85,-26.67
-45.59,45.59,-21.42
-34.85,28.26,-10.50
-24.60,5.13,3.78
-16.48,-17.46,17.76
-9.40,-28.63,18.62
-2.08,-13.67,8.06
17.03,-2.75,12.02
24.66,-1.10,18.86
21.91,-1.40,22.52
18.92,-3.66,37.78
18.98,-5.92,75.56
19.04,-0.24,102.17
24.78,11.72,119.93
24.90,17.15,135.62
21.18,19.84,134.89
20.08,20.69,128.97
15.75,24.35,116.64
12.70,22.22,99.55
9.09,20.57,75.32
8.36,14.22,59.39
3.17,13.79,44.68
-0.12,15.20,23.99
-2.99,15.56,15.26
-4.82,15.93,6.53
-2.99,17.09,-3.23
-1.40,15.44,-10.86
-1.04,11.41,-29.79
0.12,13.73,-59.63
-0.61,21.30,-88.68
1.22,29.24,-112.61
5.80,33.63,-129.21
9.70,34.06,-138.98
12.45,30.21,-140.20
15.26,22.46,-131.90
15.56,11.78,-117.86
14.77,-2.08,-100.16
14.71,-19.10,-78.74
14.65,-41.32,-54.02
14.77,-65.31,-27.40
14.95,-86.73,0.67
11.23,-101.20,27.40
2.50,-105.71,45.47
-7.20,-72.08,24.23
-4.09,-47.24,4.03
12.51,-49.38,1.46
6.10,-48.22,11.54
-0.67,-37.35,29.79
-0.06,-26.37,51.76
9.40,-17.52,86.00
15.38,-8.67,112.30
21.24,1.22,131.77
23.74,8.97,159.73
20.57,17.27,174.80
22.09,19.78,166.99
20.32,13.61,152.53
14.10,10.31,120.61
11.47,5.07,98.51
5.80,2.93,77.70
4.46,3.48,53.96
2.87,0.79,50.60
-0.12,0.00,43.76
-2.75,1.89,26.79
-4.94,0.61,20.69
-3.42,2.50,12.33
-2.99,4.09,4.94
-0.18,5.98,-3.78
-0.73,8.06,-5.98
-4.21,9.95,-8.24
-6.84,11.78,-10.74
-9.09,13.49,-10.74
-11.17,15.44,-10.07
-12.88,19.84,-9.40
-14.34,26.79,-11.47
-15.93,30.15,-19.84
-15.81,31.92,-31.43
-15.81,36.80,-37.96
-15.08,41.32,-40.16
-12.70,47.85,-43.95
-7.93,55.73,-50.84
-2.99,63.17,-55.24
0.79,69.03,-56.03
4.09,73.06,-56.34
7.63,73.97,-58.23
11.54,70.56,-62.07
14.28,64.15,-67.63
17.33,56.34,-74.65
20.51,48.03,-83.07
24.84,39.79,-92.53
28.93,31.13,-100.89
32.65,22.03,-105.90
34.12,13.00,-105.53
33.14,4.46,-99.61
30.70,-2.56,-90.33
27.89,-6.59,-81.18
26.00,-8.12,-74.89
24.41,-8.18,-73.67
24.35,-7.57,-77.51
24.05,-6.16,-83.19
20.75,-2.87,-87.95
16.05,3.60,-92.65
13.24,11.84,-97.47
11.60,18.31,-101.32
10.86,21.36,-102.11















-,-,-
1.04,-1.65,0.00
0.85,-1.95,0.00
0.55,-2.26,-0.24
0.18,-2.44,-0.24
0.37,-2.32,-0.31
0.92,-2.01,-0.12
1.10,-1.77,-0.12
0.85,-1.89,-0.37
0.49,-2.56,-0.85
-0.43,-3.48,-1.10
-1.16,-4.27,-1.59
-1.71,-4.52,-1.77
-1.53,-4.46,-1.89
-0.92,-3.85,-1.59
-0.18,-2.81,-1.34
0.67,-1.83,-0.79
1.53,-0.92,-0.31
2.14,-0.37,0.12
2.38,-0.18,0.43
2.69,-0.06,0.92
2.99,-0.12,1.10
3.05,-0.18,1.83
3.42,-0.55,2.01
3.54,-0.85,2.01
3.85,-0.92,2.08
4.09,-1.04,2.14
4.52,-1.10,2.26
5.19,-0.92,2.56
5.86,-0.73,2.93
6.53,-0.49,3.60
7.63,-0.12,4.21
8.06,0.37,4.82
8.36,0.85,5.07
8.18,1.16,4.88
8.06,1.22,4.64
8.00,1.28,4.27
8.18,1.59,3.85
8.73,1.95,3.91
10.31,2.14,3.97
12.82,0.98,3.72
16.30,-7.57,-1.53
24.29,-16.91,-7.81
33.39,-21.48,-6.41
41.38,-33.08,-0.67
50.96,-39.79,-2.32
63.17,-39.55,-3.60
74.95,-48.03,-3.17
88.07,-53.96,-2.14
94.85,-55.73,-1.04
99.67,-55.79,-1.53
101.14,-52.43,-0.49
98.69,-46.94,0.00
96.86,-45.72,-2.01
93.02,-42.91,-5.13
83.56,-33.20,-5.98
72.08,-24.66,-7.87
59.33,-14.04,-5.13
44.74,-5.55,-3.30
33.57,1.89,-3.23
17.27,10.56,0.24
2.75,12.08,0.92
-8.24,6.77,-1.34
-16.36,1.16,-3.30
-22.71,-1.28,-5.00
-27.40,1.83,-6.16
-29.42,10.25,-6.04
-30.21,20.20,-5.13
-32.71,35.28,-1.83
-37.05,49.62,0.18
-38.70,58.29,-0.12
-39.67,61.77,-5.55
-39.31,59.81,-16.54
-39.18,58.84,-27.04
-38.39,58.78,-32.23
-37.78,60.06,-33.81
-36.99,61.89,-32.78
-36.74,61.77,-29.54
-35.40,57.56,-24.78
-30.40,48.58,-18.55
-22.03,34.42,-8.67
-14.83,15.50,5.55
-13.31,-3.66,21.06
-13.24,-21.48,32.84
-11.66,-36.07,40.04
-10.86,-43.33,46.63
-9.52,-43.33,47.97
-3.97,-34.55,21.91
7.81,-28.02,10.50
19.53,-22.09,18.31
19.41,-13.92,34.18
15.56,-1.89,54.63
18.98,7.14,68.42
26.37,9.89,85.82
30.46,5.92,110.05
30.09,11.35,127.38
32.29,14.53,139.77
30.46,13.37,141.48
29.54,13.12,133.36
24.84,13.24,118.84
19.90,13.18,99.12
15.75,7.08,77.58
11.23,7.87,56.64
7.63,5.86,43.33
2.20,4.46,28.20
-1.53,5.31,17.94
-5.55,6.65,10.68
-7.08,9.52,-0.85
-6.77,12.51,-6.65
-7.57,14.53,-9.77
-8.54,16.11,-20.81
-8.42,16.05,-47.97
-6.10,12.02,-81.24
-4.70,10.80,-111.33
-3.78,12.27,-134.70
-1.65,14.22,-149.66
1.89,14.47,-155.09
5.55,12.08,-150.88
7.75,6.90,-137.76
7.02,0.98,-117.74
5.92,-4.82,-95.09
8.61,-14.71,-74.04
13.24,-30.82,-55.36
15.44,-49.99,-35.71
11.72,-68.60,-11.60
5.74,-83.56,16.60
0.37,-82.15,32.04
-5.92,-50.35,16.54
10.93,-40.41,9.83
25.45,-46.20,14.40
17.94,-47.30,34.73
9.95,-41.99,51.15
13.49,-35.64,60.36
22.58,-28.32,76.48
26.73,-21.18,100.89
31.62,-12.76,133.67
37.29,-7.69,159.36
42.60,-3.91,160.89
48.71,-1.59,159.55
44.01,-2.32,146.73
41.93,-2.99,121.83
37.66,-3.11,98.75
30.03,-1.89,76.72
27.47,-6.16,62.07
14.10,-7.14,49.93
8.30,-4.03,22.64
5.07,-3.30,3.91
3.91,-4.58,0.92
5.19,-4.94,0.43
6.53,-4.64,-0.18
6.65,-4.39,-1.04
5.62,-3.23,-2.75
3.17,-2.38,-4.39
0.18,-1.59,-6.04
-1.28,-0.73,-7.32
-1.46,0.06,-7.02
-0.79,0.79,-5.49
0.12,1.04,-4.46
0.24,1.22,-4.09
0.55,1.59,-3.97
2.32,2.20,-3.85
3.91,2.99,-3.30
5.00,2.99,-2.32
5.37,2.56,-2.08
4.15,1.46,-2.44
2.99,0.37,-2.93
2.69,-0.61,-2.75
2.99,-1.22,-2.08
3.23,-1.59,-1.28
3.42,-1.46,-0.85
3.36,-1.10,-0.67
3.54,-0.85,-0.43
3.42,0.00,0.06
2.62,0.73,0.37
0.37,1.34,-0.79
-1.95,2.01,-2.81
-4.03,3.54,-3.66
-5.74,6.16,-3.72
-7.08,10.01,-3.91
-9.22,15.38,-3.72
-11.84,21.00,-3.97















-,-,-
-1.46,1.77,10.80
-3.97,1.71,11.66
-6.04,0.61,12.08
-7.81,-1.71,12.15
-9.77,-4.15,11.60
-12.02,-6.16,11.35
-14.04,-8.06,11.66
-16.24,-9.16,12.02
-17.33,-9.89,12.33
-17.40,-10.80,11.96
-15.93,-11.60,10.99
-14.10,-12.15,9.83
-13.31,-11.41,8.73
-13.85,-8.67,7.39
-14.34,-4.52,5.43
-14.10,-0.98,3.05
-13.00,0.85,1.10
-11.23,0.92,0.67
-9.03,-0.85,1.95
-6.35,-3.66,3.42
-4.39,-6.16,3.54
-3.23,-6.71,3.05
-2.69,-5.62,3.23
-2.14,-4.21,3.42
-1.95,-3.48,3.66
-2.20,-3.23,3.78
-2.32,-2.56,3.91
-2.99,-1.59,4.15
-4.39,-0.79,4.46
-6.77,-0.24,4.52
-9.77,-0.49,4.76
-12.08,-2.50,5.80
-12.63,-8.24,8.48
-12.88,-19.65,13.12
-13.79,-32.96,17.88
-15.69,-43.27,22.34
-15.44,-44.37,21.06
-8.79,-28.69,4.33
-2.69,-21.79,1.71
8.42,-24.54,9.16
17.94,-20.14,13.18
30.33,-11.60,15.08
38.33,-8.54,17.64
44.37,-16.91,19.04
51.88,-34.12,20.26
59.81,-41.81,15.63
73.73,-54.14,16.48
87.77,-64.88,23.93
97.41,-64.39,31.92
107.06,-62.81,31.98
112.24,-59.20,32.78
112.61,-49.74,32.90
108.09,-45.65,32.78
101.01,-38.64,27.77
90.58,-28.69,26.98
78.67,-22.34,23.32
66.22,-18.68,16.24
51.09,-14.10,13.79
36.74,-11.90,9.09
23.86,1.89,6.71
14.65,-0.55,5.19
9.03,-8.18,4.39
-0.06,-13.73,2.50
-9.58,-15.38,-0.37
-19.96,-14.28,-2.50
-27.89,-8.48,-4.15
-33.26,1.95,-5.68
-38.94,21.48,-8.79
-46.57,42.36,-10.50
-54.08,59.94,-14.47
-57.74,70.07,-22.34
-59.45,75.26,-32.47
-57.86,79.47,-42.60
-54.14,79.04,-49.19
-49.93,71.72,-49.56
-46.51,56.70,-43.27
-42.30,35.58,-30.70
-36.80,11.11,-13.61
-29.85,-12.94,5.37
-22.09,-36.99,22.34
-15.56,-55.60,31.19
-2.20,-40.16,17.52
1.83,-18.25,6.59
15.75,-8.79,7.69
13.61,-8.12,17.40
9.58,-0.55,28.02
9.89,1.16,49.74
8.00,-0.43,76.35
8.61,1.16,96.07
8.67,10.80,110.78
10.56,17.70,117.98
10.62,17.33,118.59
10.25,18.55,107.97
10.62,12.02,99.30
7.81,14.83,85.63
8.18,14.95,67.08
7.75,15.08,51.70
5.13,15.50,38.39
1.22,15.01,31.37
-0.43,15.56,20.51
-1.53,17.03,8.54
-0.98,17.88,-0.85
-0.06,17.09,-6.35
0.55,13.67,-18.98
4.88,13.00,-46.45
13.92,17.70,-78.67
20.94,24.35,-105.47
24.60,29.42,-120.06
23.07,29.17,-117.86
19.65,24.54,-102.78
17.40,15.63,-84.11
18.49,2.38,-70.13
21.36,-12.88,-61.58
24.54,-32.29,-55.48
24.54,-55.97,-47.73
19.59,-79.35,-34.55
9.70,-98.33,-16.72
2.62,-92.47,-4.39
-2.81,-53.53,-0.31
2.69,-43.40,-1.10
2.62,-47.79,-2.87
-6.65,-43.95,1.83
-4.94,-38.21,25.76
-1.53,-29.54,66.16
5.62,-24.41,100.04
12.45,-14.28,125.18
13.49,-14.95,135.13
11.66,-10.93,122.07
10.44,0.55,97.66
11.11,11.54,82.28
10.44,12.94,84.53
10.25,10.50,79.90
10.99,10.13,69.34
9.28,6.59,56.88
7.57,7.93,36.38
4.39,3.85,28.02
2.69,0.49,22.28
0.31,0.18,15.32
0.37,1.46,4.09
1.77,3.78,-1.65
2.44,6.77,-1.71
2.01,10.01,-0.98
2.38,12.70,-1.16
2.62,13.85,-1.22
2.08,13.73,-1.10
0.31,12.63,-2.01
-1.89,11.47,-3.17
-3.42,10.38,-3.72
-4.03,9.70,-4.58
-5.31,10.01,-5.86
-6.47,12.45,-7.57
-7.75,18.25,-12.94
-9.03,23.44,-26.86
-8.30,24.05,-35.95
-8.06,25.51,-35.95
-7.20,31.01,-34.18
-3.42,40.95,-36.38
1.95,51.39,-40.83
7.81,59.88,-44.19
13.49,64.94,-45.29
19.04,67.44,-45.47
24.41,67.57,-46.14
28.87,65.25,-46.81
31.49,61.22,-46.39
33.51,57.80,-46.14
35.03,55.24,-46.26
36.50,52.49,-45.84
37.60,48.95,-43.58
38.27,45.17,-40.83
38.57,39.92,-38.02
39.55,32.71,-35.83
39.61,24.78,-34.36
38.82,17.09,-34.73
38.39,9.40,-36.50
36.93,2.56,-38.33
34.55,-4.15,-41.56
34.30,-9.83,-47.55
34.42,-13.85,-53.71
33.45,-17.15,-56.46
32.90,-19.84,-55.60















-,-,-
-3.54,0.79,-0.43
-4.52,2.01,-0.49
-5.74,3.48,-0.24
-7.32,4.03,-0.12
-8.79,3.66,-0.31
-9.34,2.50,-0.73
-8.91,1.16,-0.98
-8.97,-0.43,-0.55
-8.79,-1.46,-0.06
-7.93,-1.59,0.18
-7.20,-1.10,0.37
-6.84,0.06,0.06
-6.41,0.92,-0.06
-5.37,1.28,0.31
-4.27,1.22,1.10
-3.36,0.37,1.77
-2.44,-0.43,1.95
-1.10,-0.73,2.08
0.55,-0.79,2.20
1.34,-0.49,2.62
1.65,0.06,2.50
1.95,0.67,2.26
1.95,0.92,2.26
1.95,1.10,2.32
2.32,1.10,2.14
2.87,0.92,1.89
3.23,0.79,1.95
3.36,0.55,2.08
3.66,0.43,2.38
3.23,0.24,2.75
2.75,0.37,2.44
2.26,0.67,2.56
1.46,0.98,2.62
0.73,0.85,2.81
-0.67,0.37,2.62
-2.26,0.00,2.62
-3.72,-0.24,2.93
-5.74,-1.10,3.72
-8.73,-2.20,4.88
-10.68,-6.53,6.35
-12.33,-14.83,8.85
-14.16,-24.72,11.78
-15.38,-32.71,13.31
-15.75,-38.39,14.16
-15.63,-41.56,12.33
-8.42,-36.07,-0.67
-5.80,-30.27,-6.41
3.85,-27.59,-4.46
11.72,-26.37,-0.24
22.64,-18.55,3.30
32.90,-12.39,7.32
41.99,-15.44,10.01
52.25,-28.26,12.51
60.67,-37.11,14.16
68.36,-48.89,15.87
76.48,-55.30,15.75
82.46,-49.26,17.88
93.81,-46.75,24.35
102.17,-42.05,32.35
111.45,-41.38,34.00
119.08,-41.75,32.65
118.77,-40.41,32.59
113.46,-41.32,30.70
103.39,-34.36,27.77
90.76,-30.21,22.28
83.25,-28.08,14.59
73.73,-19.78,12.33
64.64,-23.07,10.07
55.05,-17.88,5.68
39.18,-11.66,6.23
26.06,-7.93,6.53
13.43,-2.44,5.31
0.49,1.04,2.69
-6.84,-2.56,0.67
-14.34,-7.87,-1.71
-24.84,-9.83,-4.58
-33.94,-7.81,-8.73
-41.81,0.73,-12.88
-50.54,21.91,-13.55
-59.75,46.26,-10.31
-65.55,60.18,-5.49
-69.95,66.10,-6.84
-70.98,66.65,-15.38
-70.56,64.45,-26.31
-67.93,62.38,-36.99
-62.50,58.17,-42.60
-53.10,48.58,-39.25
-43.76,33.08,-27.04
-34.30,13.67,-8.48
-28.26,-6.53,10.38
-22.52,-24.78,23.19
-12.94,-24.17,9.83
-5.86,-14.77,-0.06
5.92,-4.88,11.60
4.15,1.16,41.50
7.39,6.84,72.63
8.42,11.66,92.77
9.77,12.45,110.11
7.93,15.93,122.01
7.63,17.94,129.03
9.09,19.96,120.24
12.70,18.55,105.96
11.11,15.26,91.92
9.46,13.85,71.72
10.31,18.92,54.32
9.22,22.64,45.72
7.45,22.34,40.89
4.52,20.32,28.44
4.46,19.47,10.31
2.38,17.76,-0.37
-0.18,16.05,-3.60
-2.87,14.28,-10.19
-2.32,13.79,-32.17
4.94,19.90,-62.62
11.41,29.17,-89.66
17.64,37.48,-109.25
23.50,40.59,-121.52
27.28,36.99,-124.94
31.01,28.26,-119.87
36.01,13.73,-108.34
39.55,-5.25,-91.80
39.86,-25.57,-71.78
37.48,-47.00,-51.70
31.80,-70.31,-32.96
21.61,-91.61,-11.54
7.69,-105.16,10.62
-4.39,-90.33,15.08
-17.40,-48.71,0.12
-1.77,-43.82,-12.76
-0.12,-52.49,-9.34
-9.77,-46.81,-2.62
-0.98,-31.62,14.77
4.46,-19.71,49.13
9.58,-8.18,93.63
8.48,6.41,131.84
11.66,13.55,160.89
7.63,13.61,162.84
8.67,18.80,142.09
8.91,17.52,122.62
10.56,16.11,107.97
11.05,13.06,89.36
12.02,9.83,69.27
10.62,3.42,55.18
7.02,-1.77,47.00
3.05,-5.74,40.34
0.67,-6.35,24.17
1.71,-4.76,7.81
2.08,-3.97,6.10
3.05,-3.05,5.98
5.25,-1.16,2.26
6.29,0.73,1.22
5.49,1.71,2.14
4.64,2.32,1.71
3.54,2.14,0.24
2.69,1.59,-0.31
2.14,1.16,-0.92
1.83,0.55,-1.59
1.53,-0.06,-2.20
1.53,0.06,-2.75
1.53,0.37,-3.11
1.71,0.92,-3.48
2.32,1.77,-3.60
2.81,3.05,-3.30
0.61,5.19,-2.99
-2.32,7.93,-3.48
-4.70,11.23,-4.03
-7.32,16.48,-5.43
-10.19,23.68,-10.07
-11.96,31.49,-24.48
-11.41,34.91,-36.13
-10.38,36.19,-40.71
-9.40,39.55,-39.79
-6.59,44.80,-39.31
-1.34,51.57,-40.65
3.54,58.04,-41.56
8.85,62.01,-41.32
14.89,62.93,-40.53
19.84,61.34,-38.82
22.22,58.47,-37.41
23.62,55.36,-37.48















-,-,-
-0.37,-0.98,-0.73
-0.49,-1.16,-0.37
-0.24,-0.98,0.31
-0.55,-0.73,0.85
-0.49,-0.37,1.34
0.31,-0.06,1.34
1.10,0.79,0.79
1.59,1.22,0.85
1.34,1.10,1.53
1.04,0.61,2.20
0.85,0.31,2.20
0.61,-0.06,2.50
0.37,-0.49,3.05
0.12,-1.59,3.72
-0.24,-3.30,4.21
-0.61,-4.94,4.46
-0.85,-6.65,4.64
-1.40,-9.22,5.19
-1.59,-11.47,5.74
-1.77,-13.24,6.29
-2.32,-15.38,7.02
-3.42,-17.52,7.51
-3.78,-18.25,6.90
-4.03,-17.88,5.43
-3.54,-16.97,4.09
-1.53,-14.65,1.77
-1.16,-10.99,-0.12
0.73,-8.24,0.61
2.08,-5.92,1.34
3.23,-3.72,1.04
3.91,-3.91,0.43
3.66,-5.62,-0.55
3.17,-8.85,-1.53
2.38,-13.31,-2.50
1.04,-17.94,-3.54
0.24,-21.67,-4.09
0.12,-23.93,-4.33
-0.79,-25.15,-4.27
-1.10,-24.96,-4.21
-0.79,-23.32,-4.09
0.37,-20.39,-3.78
2.08,-16.72,-3.05
4.52,-12.70,-1.40
7.39,-9.09,0.98
11.78,-6.59,3.72
18.13,-8.54,6.41
26.25,-16.48,7.51
36.25,-17.88,8.85
48.03,-26.37,10.93
60.55,-33.02,14.59
70.25,-39.73,15.38
80.44,-44.80,15.93
90.52,-52.49,17.64
98.69,-51.45,23.13
106.38,-54.75,26.25
113.04,-51.45,24.05
118.23,-43.58,32.59
113.28,-36.80,36.19
109.68,-34.36,25.88
104.25,-35.89,16.54
92.35,-28.02,10.31
83.68,-27.10,7.75
71.11,-22.22,4.46
54.50,-10.93,4.52
29.72,-2.44,3.42
7.08,9.22,3.42
-10.99,11.90,0.43
-21.73,4.15,-2.20
-29.66,-0.49,-5.00
-35.22,2.81,-7.26
-39.61,15.63,-8.06
-41.81,37.78,-4.52
-46.69,56.46,2.32
-51.09,64.33,3.42
-56.58,63.42,0.12
-61.40,61.65,-7.81
-64.27,62.81,-18.31
-63.05,65.67,-25.88
-60.49,65.31,-26.06
-57.43,60.36,-20.20
-53.04,50.48,-13.00
-46.14,33.75,-5.62
-37.78,10.19,3.30
-29.97,-15.20,13.85
-22.52,-37.90,19.78
-13.98,-35.58,5.00
-7.75,-22.40,0.31
11.90,-12.57,3.72
11.41,-5.92,8.85
6.16,2.01,14.71
10.38,7.26,46.57
4.03,11.29,75.32
7.51,15.20,91.43
12.76,14.40,112.85
12.94,14.59,127.14
12.15,16.30,130.43
12.88,13.67,125.92
13.31,15.56,108.95
14.53,13.18,94.36
11.66,8.42,78.92
10.93,9.95,57.43
8.36,9.16,48.22
2.87,10.93,30.52
1.71,14.47,15.38
-0.37,14.22,12.02
-1.46,14.65,8.12
-0.67,17.03,0.43
-0.98,16.97,-9.58
-1.83,12.76,-32.90
1.59,10.99,-59.27
3.91,16.85,-81.24
8.54,25.88,-99.91
14.65,32.23,-113.65
18.62,33.45,-121.22
20.51,30.70,-122.50
20.81,24.29,-118.35
20.75,13.49,-111.15
21.00,-1.34,-100.16
21.36,-17.52,-84.23
23.13,-36.07,-63.11
19.84,-54.69,-38.51
9.52,-67.75,-14.65
-0.73,-74.46,5.55
-6.16,-78.19,24.96
-7.81,-78.12,34.85
-8.00,-59.94,10.80
3.42,-51.57,-3.05
11.60,-49.93,7.02
4.52,-41.99,33.87
6.96,-29.91,44.80
14.83,-20.69,71.41
16.05,-8.61,94.12
22.83,-4.82,116.15
25.09,-3.17,131.65
25.63,2.81,140.69
23.93,8.24,133.18
22.71,8.73,117.43
21.24,3.17,99.61
16.66,0.43,73.12
13.67,0.31,56.52
9.03,-2.69,53.47
5.74,-3.17,37.29
6.35,-1.10,18.43
5.43,-2.08,15.93
5.74,-2.38,13.00
7.63,-1.53,5.68
8.18,-0.31,0.79
5.74,1.10,-0.12
2.93,1.95,-1.46
0.24,2.69,-2.93
-1.83,3.11,-3.66
-2.50,3.60,-3.97
-1.89,3.91,-4.21
-1.04,3.91,-4.15
0.12,3.30,-3.85
1.40,2.62,-3.11
2.14,1.83,-2.50
1.53,1.46,-2.38
0.37,1.53,-2.75
-0.43,2.75,-3.05
-0.43,5.07,-2.93
-0.98,7.75,-2.75
-1.53,10.19,-3.11
-2.69,12.33,-3.11
-3.48,14.10,-2.69
-3.54,15.75,-2.08
-3.60,18.01,-1.40
-5.25,20.45,-1.65
-9.28,22.16,-4.76
-12.88,22.89,-11.23
-13.43,28.20,-21.67
-10.13,34.30,-25.33
-7.69,41.32,-22.58
-4.09,48.46,-22.34
1.53,54.75,-26.79
6.53,60.30,-32.84
12.57,63.54,-37.66
17.27,64.15,-40.41
21.24,62.50,-40.59
24.23,59.63,-38.39















-,-,-
-1.46,2.20,0.73
-1.40,2.38,0.55
-1.16,2.26,0.18
-0.92,1.89,0.24
-0.55,2.01,0.00
-0.79,2.26,0.31
-1.59,2.50,0.61
-2.20,2.81,0.85
-2.32,2.75,0.79
-2.32,2.26,0.49
-2.32,1.71,0.31
-2.56,2.20,0.49
-2.32,3.11,0.73
-2.01,3.42,0.79
-1.28,3.42,0.73
-1.10,2.62,0.92
-1.34,1.71,1.04
-2.14,1.46,1.22
-2.81,1.83,1.83
-3.17,1.53,2.50
-3.36,1.04,2.56
-2.93,0.24,2.14
-2.20,-0.37,1.89
-1.59,-0.61,1.89
-1.77,-0.92,2.44
-1.89,-0.79,2.93
-2.14,-0.92,3.54
-2.56,-1.40,4.58
-2.93,-1.77,5.68
-2.87,-2.26,6.71
-2.81,-3.36,7.87
-2.62,-5.25,9.22
-2.81,-8.73,10.50
-3.72,-13.55,12.02
-3.17,-20.20,13.55
-1.89,-27.77,13.31
-1.46,-33.94,13.67
-3.30,-38.45,13.79
-0.18,-33.87,4.88
1.28,-27.40,1.34
5.37,-22.09,3.17
8.79,-17.46,4.70
13.55,-11.11,4.46
18.25,-6.29,4.88
20.51,-5.37,5.19
23.25,-8.54,2.26
28.50,-13.79,0.12
34.06,-25.57,0.55
41.02,-32.78,5.37
51.70,-46.26,6.65
65.86,-54.99,3.48
80.08,-66.96,4.21
88.38,-73.43,3.23
98.14,-75.26,2.93
106.45,-76.78,6.71
111.76,-77.39,5.68
116.88,-77.03,4.52
113.71,-67.50,9.40
105.53,-57.56,16.24
94.36,-44.49,21.79
85.39,-27.53,21.48
72.02,-21.97,15.56
60.61,-17.46,11.35
40.47,-5.49,13.06
20.94,-4.82,5.92
10.07,-1.71,0.49
-1.53,-2.75,1.34
-9.77,-6.16,0.92
-17.21,-11.11,-2.69
-24.72,-12.51,-5.31
-30.64,-9.52,-7.39
-35.83,-0.85,-9.46
-42.18,14.95,-10.25
-48.40,37.05,-8.67
-53.59,56.70,-8.00
-60.12,63.42,-12.76
-64.82,65.92,-20.39
-66.77,66.71,-28.08
-65.06,68.60,-31.86
-60.06,67.99,-32.35
-53.96,65.67,-30.88
-44.49,59.69,-24.41
-36.87,46.69,-11.90
-31.74,28.81,3.36
-25.09,7.08,20.14
-20.45,-13.67,34.73
-15.20,-26.79,37.66
-10.93,-18.80,15.32
7.02,-8.48,10.93
18.98,-2.75,30.46
16.54,3.66,51.51
14.22,8.42,67.14
14.71,7.02,89.90
13.49,14.89,106.51
16.17,13.61,113.10
19.47,11.41,116.15
18.43,10.62,107.67
18.07,11.54,95.40
17.46,11.90,83.44
15.32,7.69,70.01
8.79,7.39,53.83
6.04,8.73,36.44
2.56,8.79,32.04
-3.05,9.83,26.43
-6.84,14.04,6.47
-6.47,16.85,-3.60
-8.06,18.37,-4.52
-9.22,19.96,-6.53
-8.24,19.96,-13.98
-5.19,20.02,-32.59
0.18,23.25,-60.30
7.75,26.25,-88.75
15.44,26.49,-108.34
19.65,23.93,-114.62
21.12,19.71,-108.22
22.09,13.00,-93.99
24.96,2.32,-78.55
29.11,-10.99,-63.90
33.26,-27.04,-49.74
32.84,-46.45,-37.23
28.14,-65.61,-27.59
21.00,-80.08,-18.55
11.23,-88.26,-6.65
4.46,-67.81,-0.24
-9.95,-40.95,6.65
0.67,-42.91,-1.71
4.09,-49.50,-6.35
-1.83,-42.54,-5.49
-1.83,-34.06,1.65
4.21,-26.31,25.39
8.12,-20.81,62.07
11.29,-15.75,86.49
16.60,-6.90,112.67
16.17,3.30,118.96
21.24,8.06,124.21
19.65,9.83,115.84
22.22,8.79,112.18
18.86,6.53,102.36
18.62,3.11,81.97
15.32,-1.53,58.53
14.71,-5.92,45.23
5.19,-6.10,35.58
-0.06,-4.09,13.85
-1.65,-6.04,5.13
-1.46,-7.14,4.88
0.49,-6.16,4.09
1.83,-5.13,3.36
2.14,-3.66,1.59
1.59,-1.40,-0.12
0.24,1.04,-1.65
-0.61,3.17,-2.69
-2.08,4.52,-3.30
-3.17,4.82,-4.03
-3.42,4.15,-4.64
-3.42,3.17,-4.88
-3.05,1.46,-4.76
-2.26,-0.24,-4.58
-1.77,-1.77,-4.46
-0.98,-2.69,-4.33
-0.18,-3.54,-3.78
0.55,-4.15,-3.78
1.34,-4.15,-3.54
2.50,-3.85,-2.56
3.66,-3.54,-1.10
3.97,-3.23,0.31
3.97,-3.11,1.46
3.97,-3.05,2.26
2.75,-2.93,2.14
1.04,-3.05,1.04
0.12,-2.62,0.49
0.37,-1.95,0.79
0.79,-0.98,0.85
1.34,-0.24,0.49
1.65,0.31,0.24
2.38,1.04,-0.12
3.54,1.59,0.06
4.27,2.01,0.00
3.91,1.65,-0.24
3.48,1.53,-0.31
1.95,1.28,-0.31















-,-,-
-2.14,-5.37,0.12
-2.08,-5.25,0.79
-2.69,-5.31,1.10
-3.30,-5.31,0.92
-3.42,-5.19,0.73
-3.60,-5.07,0.55
-4.21,-4.58,0.06
-5.49,-4.21,-0.55
-5.55,-3.54,-1.04
-5.00,-2.50,-0.98
-4.15,-1.53,-0.24
-3.23,-0.67,0.18
-2.01,0.12,0.37
-1.22,0.55,-0.06
-1.28,0.61,-0.55
-1.77,0.79,-0.67
-2.20,0.98,-0.98
-2.93,0.67,-1.53
-3.36,0.37,-1.89
-2.44,0.06,-1.53
-1.28,0.00,-1.04
-1.10,-0.37,-0.92
-1.40,-0.98,-0.55
-1.04,-1.28,0.37
-0.18,-1.10,1.10
0.61,-1.04,1.53
1.22,-0.43,1.83
1.46,-0.18,2.26
1.53,-0.12,2.62
0.55,-0.67,1.71
-0.12,-1.28,0.49
-0.92,-1.77,-0.12
-1.22,-1.95,-0.37
-0.61,-1.65,-0.49
0.37,-1.04,-0.43
1.40,-0.31,-0.18
2.20,0.24,0.24
3.11,0.55,0.79
4.33,0.61,1.34
4.82,-0.06,1.89
4.94,-1.10,2.50
5.43,-1.46,3.54
7.75,-0.24,5.31
12.08,2.56,8.54
19.59,5.86,12.76
28.14,3.11,15.63
35.16,-8.85,11.41
42.05,-15.14,6.04
47.49,-23.07,6.53
55.60,-36.13,-1.83
66.04,-42.72,-6.65
71.41,-47.24,-10.31
80.26,-51.21,-6.53
83.25,-56.70,-3.17
87.34,-61.95,-5.07
92.83,-61.83,-1.40
92.29,-61.46,3.05
95.95,-59.75,-0.12
95.64,-56.40,0.43
97.41,-54.87,0.67
92.83,-52.67,4.64
85.88,-49.68,5.98
70.50,-44.80,7.02
50.48,-24.96,5.25
30.82,-10.93,4.58
11.05,4.88,3.72
-2.99,8.91,0.98
-12.57,5.74,0.24
-19.65,-0.61,-2.44
-25.21,-3.11,-5.37
-29.72,-1.22,-7.63
-32.65,4.70,-9.70
-34.79,18.49,-10.31
-39.00,34.97,-11.41
-43.21,45.35,-11.72
-48.10,52.55,-10.25
-51.82,53.47,-11.60
-54.44,52.19,-17.94
-54.57,54.02,-26.73
-51.76,57.19,-32.17
-50.23,59.75,-32.47
-49.01,58.90,-30.09
-43.64,53.47,-24.48
-35.22,41.99,-15.63
-25.70,24.78,-3.66
-20.20,6.53,10.74
-18.92,-8.48,25.51
-18.19,-23.74,35.34
-19.59,-28.32,31.80
-21.42,-14.83,12.08
-13.18,0.61,11.29
-2.50,9.64,23.50
-4.76,13.37,27.22
-2.81,11.23,19.71
6.65,10.07,33.39
11.84,11.35,61.34
14.59,17.82,86.85
17.21,21.36,110.17
17.27,18.07,123.84
17.70,18.37,129.52
19.78,21.30,134.16
20.39,15.01,134.58
17.70,12.02,121.46
15.69,1.77,96.37
19.78,6.23,82.15
11.41,2.81,65.31
7.45,4.76,43.58
5.62,8.73,31.01
3.23,8.91,25.57
1.40,8.73,25.02
-1.28,11.47,14.16
-2.01,14.59,1.65
-3.54,16.24,-3.30
-5.55,15.99,-7.87
-7.45,12.33,-21.30
-10.25,2.81,-52.37
-4.33,4.33,-86.06
-0.79,12.39,-108.95
4.76,19.35,-122.56
10.44,21.24,-128.05
15.81,17.76,-127.38
22.34,8.67,-123.54
30.40,-2.69,-116.88
35.10,-13.43,-104.74
35.89,-26.06,-85.45
30.82,-39.31,-61.77
19.96,-49.26,-40.22
10.56,-53.83,-23.13
5.68,-55.60,-8.73
3.72,-54.75,1.22
4.21,-40.89,1.71
8.91,-36.13,7.93
20.45,-36.93,6.77
20.20,-34.79,4.94
15.14,-30.09,3.23
11.78,-27.77,1.71
9.40,-24.96,2.08
8.24,-21.12,11.78
10.74,-16.48,39.55
12.51,-11.35,80.75
15.14,-5.49,99.55
20.94,4.21,109.44
20.51,0.37,117.55
18.49,2.81,112.98
19.47,4.46,115.97
17.33,2.08,117.61
18.49,1.40,110.11
17.82,0.92,103.27
13.67,-3.54,90.58
10.44,-6.65,78.06
5.98,-6.04,64.64
2.32,-4.64,56.76
-1.34,-5.55,39.18
2.26,-6.77,24.11
3.17,-7.45,32.90
-0.85,-8.61,31.74
1.46,-4.70,12.94
3.48,-1.10,4.39
4.52,1.10,4.33
3.97,2.81,4.46
2.87,2.32,3.11
2.14,1.16,1.71
1.16,0.06,0.55
1.10,-0.18,-0.31
1.95,-0.49,-0.85
2.81,-0.73,-1.71
3.30,-0.85,-2.62
2.62,-1.40,-3.66
1.22,-1.83,-4.88
-1.22,-2.14,-6.65
-2.69,-1.77,-8.73
-3.66,-0.79,-9.52
-3.97,0.73,-9.40
-2.56,2.93,-8.61
-0.43,5.68,-6.96
1.46,8.24,-5.31
1.53,9.58,-4.76
-0.61,9.46,-5.86
-4.15,8.67,-8.61
-8.42,8.79,-10.50















-,-,-
1.40,-0.06,1.04
1.16,-0.24,0.98
0.79,-0.49,0.98
0.31,-0.49,0.61
-0.37,-0.73,0.61
-0.67,-0.55,0.85
-0.18,-0.31,1.16
0.49,-0.12,1.16
1.04,0.12,1.22
1.40,0.12,1.16
1.53,0.43,1.16
1.53,0.67,1.28
1.46,0.79,1.40
0.98,0.61,1.10
0.61,0.37,0.85
0.43,0.43,0.85
0.49,0.24,0.61
0.55,0.18,0.24
0.55,0.12,0.49
0.61,0.18,0.92
0.92,0.55,1.10
1.34,1.10,1.46
1.77,1.77,1.89
2.44,2.32,2.32
3.36,2.62,2.62
3.97,2.50,2.81
4.52,2.14,2.69
4.52,1.34,2.62
4.70,0.67,2.56
5.49,0.61,2.62
6.53,0.79,2.87
8.48,1.53,2.93
11.11,2.75,3.60
13.55,3.72,3.85
18.62,3.85,4.82
26.79,1.83,8.97
41.08,-7.45,19.35
62.26,-23.01,29.97
83.86,-29.24,28.08
102.66,-32.47,23.25
114.44,-34.91,16.24
112.85,-31.56,15.81
96.62,-22.83,24.23
71.96,-5.62,24.35
50.72,8.61,17.58
32.65,16.11,14.71
19.59,13.98,15.44
6.65,8.85,8.73
-4.15,-4.15,2.56
-12.08,-15.38,0.98
-18.37,-20.39,-0.37
-21.97,-18.62,-1.34
-20.87,-11.29,-1.34
-17.15,-1.65,-1.28
-12.51,8.06,-1.83
-8.42,16.24,-2.93
-7.32,22.34,-5.13
-8.73,27.71,-9.83
-11.47,27.10,-12.39
-14.22,21.97,-9.89
-18.31,18.80,-9.95
-21.12,20.20,-14.53
-21.12,24.17,-18.19
-20.51,28.32,-17.94
-19.17,29.85,-14.04
-17.09,27.28,-8.42
-15.20,20.87,-3.30
-15.38,12.51,1.95
-15.87,3.78,5.92
-14.34,-5.31,8.00
-11.35,-16.30,9.89
-7.08,-23.62,10.25
-4.88,-9.22,2.75
6.96,-2.56,4.76
8.79,-2.69,6.29
5.13,1.22,5.37
4.15,3.54,3.60
6.04,5.07,14.04
7.75,12.45,27.16
12.82,18.74,38.21
20.87,18.55,64.58
23.25,22.71,79.10
25.15,25.33,85.94
24.05,24.90,85.94
22.40,30.40,79.47
21.42,28.20,69.40
20.14,22.22,56.88
15.69,14.28,35.40
10.93,9.83,22.28
4.46,8.42,15.14
0.98,7.51,9.40
-0.67,6.71,6.04
-1.34,7.26,5.74
-1.22,9.34,5.74
-0.43,12.21,1.16
-2.99,16.48,-16.24
-5.98,12.82,-38.57
-6.65,1.95,-49.99
-4.27,0.55,-49.50
-1.16,9.83,-43.09
5.07,18.49,-37.41
10.07,19.84,-36.07
12.39,14.71,-38.02
13.00,5.98,-41.26
14.65,-3.85,-44.37
14.71,-11.96,-46.08
9.64,-19.17,-41.69
3.54,-25.57,-29.60
2.99,-31.80,-12.88
2.38,-38.09,3.85
-1.46,-45.10,16.42
-5.25,-44.74,13.18
-9.77,-26.86,-4.33
2.08,-23.99,-3.48
2.81,-24.48,0.12
2.93,-14.83,0.92
8.06,-6.96,2.08
14.77,-0.06,19.84
24.11,11.17,55.97
32.47,23.99,88.50
38.09,30.52,102.48
39.67,31.01,99.67
36.99,27.22,89.78
33.39,22.77,86.98
32.17,28.14,80.81
27.16,28.87,64.51
19.53,16.24,46.45
13.73,3.85,29.97
5.92,1.22,11.96
1.10,-0.98,2.50
-0.67,-2.38,3.48
-1.53,-2.38,5.00
-2.50,-1.83,3.91
-3.30,0.24,2.32
-4.09,3.85,0.18
-5.19,8.24,-2.99
-7.51,12.57,-12.33
-8.30,16.11,-27.34
-7.69,14.28,-34.06
-7.57,8.12,-34.55
-7.81,7.93,-35.46
-7.20,20.51,-41.75
-6.65,43.33,-50.84
-5.55,70.43,-62.81
0.06,93.57,-76.84
9.70,107.60,-89.36
22.16,112.12,-99.73
35.28,107.79,-108.64
44.98,95.95,-115.97
46.45,83.25,-121.52
42.42,73.49,-125.55
37.66,68.30,-128.11
32.04,67.38,-130.00
27.89,68.54,-130.62
24.41,70.01,-129.46
17.82,70.74,-126.10
15.81,63.78,-126.59
7.08,57.92,-112.92
-10.38,47.49,-102.42
-38.64,22.22,-101.38
-41.63,-11.41,-98.63
-45.53,-29.60,-85.63
-37.84,-38.27,-70.80
-36.13,-42.97,-55.05
-46.08,-41.81,-34.36
-29.36,-37.48,-17.82
-22.52,-34.73,-4.39
-16.17,-33.08,7.26
-4.33,-32.17,17.88
6.53,-27.89,27.53
8.48,-23.62,35.10
6.59,-23.07,38.15
2.93,-23.07,37.48
1.22,-17.27,35.58
-3.05,-10.99,31.56
-6.10,-8.30,25.39
-14.22,-8.42,17.27
-25.82,-8.54,9.03
-38.51,-6.65,3.97
-54.08,0.12,0.55
















-,-,-
1.77,-0.98,0.43
2.38,-0.24,0.73
3.72,0.61,1.16
4.82,1.16,1.65
5.31,1.22,1.89
6.16,1.16,2.14
7.32,1.34,2.69
7.39,1.46,3.30
5.31,0.55,2.69
2.93,-1.04,1.22
0.61,-2.44,0.00
-0.43,-2.81,-0.43
-0.43,-2.69,-0.24
0.06,-2.14,0.12
0.92,-1.71,0.31
1.22,-1.40,0.49
0.98,-1.53,0.49
0.79,-1.46,0.24
0.37,-1.34,0.12
-0.24,-1.16,-0.06
-0.67,-0.85,-0.31
-0.61,-0.43,-0.24
0.12,0.00,0.24
1.34,0.67,0.55
2.81,1.59,1.28
4.52,2.38,2.08
5.55,2.69,2.87
7.14,2.93,3.54
10.19,3.42,4.82
16.36,3.23,7.81
25.09,-0.92,13.79
36.80,-4.09,18.55
57.68,-11.29,24.60
79.65,-18.19,26.00
98.75,-20.94,30.21
108.15,-22.09,34.61
109.37,-15.99,36.32
101.07,-13.61,33.33
91.25,-8.36,28.08
82.58,-5.62,27.89
68.85,0.67,25.02
60.30,0.31,14.28
48.65,0.67,15.75
32.84,-3.11,12.76
16.97,-2.99,6.77
2.56,-2.50,2.75
-7.14,-6.35,0.06
-13.98,-12.76,-1.77
-18.74,-14.65,-3.42
-22.71,-12.21,-3.91
-24.23,-5.92,-2.93
-22.46,1.83,-1.89
-21.67,10.62,-1.28
-23.01,20.32,-1.46
-26.73,32.78,-4.09
-28.81,42.36,-5.55
-30.21,39.98,-6.59
-29.97,34.61,-9.09
-28.81,29.91,-12.33
-25.02,29.85,-14.89
-25.88,33.08,-15.69
-23.44,34.42,-14.04
-21.61,31.19,-9.70
-18.55,23.01,-4.58
-16.17,10.62,1.53
-15.32,-3.23,7.02
-14.53,-16.24,9.34
-13.55,-26.43,10.44
-10.86,-23.44,7.87
-6.29,-5.55,2.32
4.82,-3.23,1.16
4.82,-5.68,3.78
3.30,-0.98,4.33
0.92,1.77,1.77
-0.49,2.50,2.50
0.18,6.35,16.17
3.30,11.23,33.20
11.78,15.75,48.52
19.29,22.40,66.22
21.06,21.06,80.14
19.10,21.61,71.78
17.88,19.65,58.47
14.47,15.56,51.70
13.79,11.96,42.42
13.00,13.85,39.49
9.28,12.51,28.63
5.62,12.27,11.60
1.95,10.50,6.23
-1.40,8.12,6.10
-1.89,6.90,5.19
-1.28,6.96,4.52
-0.06,8.36,4.15
0.98,10.68,1.71
0.31,12.27,-7.02
-1.46,10.07,-30.46
-2.44,0.79,-57.68
-5.43,-3.36,-75.99
-6.16,-0.31,-78.86
-1.83,6.04,-70.62
5.25,8.48,-57.07
12.70,4.21,-43.88
18.49,-3.60,-33.57
22.58,-12.08,-24.78
24.41,-21.73,-14.59
24.29,-33.14,-4.52
19.47,-46.69,4.52
8.97,-50.11,8.97
-2.62,-20.63,1.40
1.46,-19.53,1.16
1.71,-28.08,2.20
1.53,-23.13,4.58
7.26,-15.38,16.66
15.69,-8.97,35.64
26.73,-1.40,71.23
28.44,12.88,80.63
34.06,20.69,83.74
35.77,24.41,91.98
35.10,31.07,95.21
29.48,30.40,92.77
24.17,24.66,79.59
15.63,18.92,58.04
10.93,14.22,33.51
9.52,6.84,39.98
1.28,1.10,21.73
1.77,-2.75,0.49
-2.01,-5.25,1.65
-2.87,-4.76,1.89
-1.83,-2.08,1.40
-1.28,1.04,0.12
-2.38,5.13,-0.98
-3.48,9.16,-1.71
-3.60,13.00,-1.95
-3.30,15.99,-1.28
-2.56,18.49,-0.73
-1.53,20.08,-1.10
-1.95,21.06,-3.72
-4.82,23.74,-15.87
-5.31,23.13,-31.31
-6.53,25.57,-36.07
-5.31,40.77,-34.73
0.24,60.42,-31.25
7.51,76.54,-26.73
14.77,85.14,-21.48
20.32,86.98,-17.03
24.60,83.62,-14.65
26.43,76.72,-13.61
26.31,68.60,-13.00
24.41,60.67,-13.12
19.78,54.44,-12.70
15.08,50.60,-11.05
10.13,47.97,-8.00
7.75,45.10,-4.09
6.65,41.81,0.73
5.86,37.23,5.43
5.19,31.37,8.06
4.76,25.51,8.79
3.78,21.67,8.42
3.05,20.08,7.14
2.62,20.26,5.86
2.20,21.12,5.07
1.65,23.13,4.58
0.79,26.67,4.64
-0.12,30.58,4.82
-0.61,34.30,4.58
-0.67,37.35,3.66
0.12,40.16,2.69
1.34,41.56,1.89
3.05,41.63,1.22
4.27,41.69,1.16
5.19,43.03,1.71
6.04,44.92,2.44
6.35,46.14,2.44
5.80,46.88,1.89
5.68,47.67,0.67
5.74,48.28,-0.55
6.04,47.85,-0.61
6.71,46.02,0.55
7.57,43.03,2.38
8.54,40.22,3.17
7.75,39.37,2.99
















-,-,-
-0.49,-6.53,3.78
-1.71,-8.61,4.88
-2.38,-10.62,5.37
-2.93,-12.33,5.13
-2.99,-12.33,3.66
-2.32,-7.51,0.24
0.61,-4.76,-0.55
2.38,-4.82,0.55
3.72,-2.87,2.01
4.94,-0.49,2.50
5.00,0.73,2.20
4.09,0.31,1.59
3.05,-1.22,1.16
2.50,-4.03,0.61
1.46,-7.26,-0.24
0.00,-10.38,-1.16
-1.04,-12.82,-1.95
-1.53,-13.79,-2.38
-2.20,-13.43,-2.87
-2.50,-12.27,-2.81
-2.26,-9.77,-2.56
-1.40,-7.20,-1.89
-0.55,-4.46,-1.28
0.43,-2.01,-0.43
1.77,-0.43,0.37
3.36,0.37,1.04
5.07,0.12,1.22
5.86,-1.28,0.79
5.43,-3.48,0.18
5.98,-5.13,-0.37
8.36,-5.98,0.12
11.66,-5.19,2.44
16.66,-3.17,5.00
24.66,-1.16,8.67
36.19,-4.03,15.87
51.09,-12.63,25.57
65.06,-9.46,27.10
78.49,-9.46,28.14
89.66,-6.71,36.19
95.21,-4.82,36.62
97.90,-4.88,34.61
88.50,-3.97,27.77
80.20,-5.55,20.57
71.78,-9.40,13.73
60.18,-4.21,10.86
47.91,-9.22,7.26
33.81,-3.42,4.09
19.17,1.22,8.00
8.12,0.79,4.52
2.99,-4.33,1.46
2.44,-8.30,0.98
3.48,-8.85,1.71
4.58,-6.35,3.54
4.52,-2.81,4.21
4.09,0.55,3.30
2.69,4.09,2.69
-1.10,6.71,1.83
-3.60,9.22,0.43
-3.42,11.35,0.24
-3.60,13.31,1.04
-7.39,12.57,0.37
-13.00,8.97,-2.62
-19.04,4.76,-5.37
-22.95,2.14,-6.71
-23.80,2.14,-6.59
-24.48,5.25,-7.87
-25.21,9.34,-14.53
-24.72,17.03,-20.08
-24.78,27.83,-20.20
-24.35,38.88,-18.19
-22.16,45.29,-15.75
-19.35,44.62,-13.06
-18.49,38.82,-10.44
-17.15,30.58,-7.20
-20.26,22.22,-4.39
-20.26,13.18,-1.83
-17.15,1.22,2.99
-13.55,-12.33,9.03
-10.19,-25.02,14.28
-5.68,-35.34,18.74
-1.34,-45.53,23.07
0.98,-43.52,20.39
-3.66,-17.76,10.86
7.14,-7.39,3.17
5.19,-11.78,1.71
0.85,-6.41,2.56
3.30,1.10,3.60
11.84,5.98,21.30
21.85,16.54,58.23
27.34,26.18,85.39
29.30,25.88,91.55
25.33,24.35,76.35
18.74,23.32,55.85
14.47,18.13,41.87
14.53,14.04,44.19
12.45,11.78,32.10
14.04,11.29,19.96
13.61,9.46,21.67
8.24,8.91,11.47
6.04,5.74,3.78
2.32,3.05,2.01
-1.28,3.05,0.18
-3.30,4.33,-3.17
-6.10,5.43,-12.70
-7.69,2.56,-29.48
-6.16,-2.14,-35.10
-4.15,-0.55,-34.12
-1.22,5.13,-31.31
1.46,14.16,-29.36
4.21,19.84,-30.33
5.55,19.59,-33.69
5.92,16.78,-36.13
6.59,13.00,-35.40
7.57,8.06,-31.86
10.01,1.28,-27.47
13.37,-6.35,-22.52
16.54,-15.69,-16.05
18.13,-27.40,-7.26
16.42,-38.94,2.14
13.55,-51.57,10.44
9.09,-47.49,11.96
2.14,-20.32,5.80
14.59,-22.58,-1.04
7.39,-29.72,-0.31
3.36,-23.44,-2.14
3.60,-17.15,-3.60
5.13,-10.07,-2.87
7.63,-4.03,-0.61
9.70,-0.79,6.96
15.99,3.91,33.81
22.03,12.45,68.42
27.34,20.20,81.48
28.32,20.02,81.36
25.57,19.17,63.78
22.83,19.10,48.46
16.36,13.37,43.15
9.83,7.93,29.72
8.06,5.25,22.16
5.80,2.93,30.94
-0.31,3.42,14.71
2.44,1.46,0.85
2.26,0.85,2.44
2.32,1.16,3.85
4.33,1.65,3.42
4.82,2.69,2.50
2.75,3.54,1.16
0.49,3.91,-0.92
-2.26,4.46,-2.75
-5.07,5.43,-3.72
-7.32,7.32,-3.66
-8.97,10.56,-2.62
-9.34,15.50,-1.04
-9.40,21.36,-1.46
-8.36,24.35,-6.77
-5.86,28.02,-13.18
-2.38,34.48,-13.73
2.99,44.43,-13.67
8.18,55.79,-18.19
14.65,65.19,-25.88
21.91,70.43,-32.59
30.64,71.11,-36.62
40.34,69.70,-37.60
49.87,68.18,-35.71
57.86,67.08,-31.62
64.94,65.80,-27.47
70.25,64.58,-23.62
74.83,62.99,-19.29
78.31,59.45,-15.20
79.10,53.41,-11.23
77.45,44.86,-6.29
75.62,35.22,0.79
70.43,27.40,8.97
59.45,22.52,16.78
42.66,21.61,23.99
20.39,25.02,31.37
-0.85,32.10,40.04
-18.43,39.31,49.44
-33.08,43.70,58.47
-41.93,41.75,65.43
-49.93,32.53,68.30
















-,-,-
1.40,-2.01,0.37
1.28,-2.50,0.18
1.28,-3.05,-0.12
0.92,-3.54,-0.49
0.18,-3.85,-0.61
-0.43,-3.60,-0.92
-0.73,-3.36,-1.04
-0.79,-2.87,-1.16
-0.18,-2.38,-1.34
0.55,-1.71,-0.98
1.53,-1.16,-0.43
2.08,-0.98,0.06
1.89,-1.22,0.18
1.16,-1.77,0.00
0.61,-2.14,-0.24
0.43,-2.26,-0.24
0.55,-2.14,0.18
0.92,-1.77,0.43
1.53,-1.28,0.61
1.83,-0.92,0.79
1.65,-0.67,0.61
1.53,-0.67,0.43
1.65,-0.37,0.61
2.08,-0.18,0.73
3.11,0.24,1.04
5.13,1.10,1.59
8.79,2.75,3.17
14.10,5.07,5.62
22.09,5.80,9.64
32.78,2.14,15.50
43.09,0.00,18.37
54.26,-1.46,19.04
64.09,-8.85,21.79
73.30,-5.37,22.64
80.51,-8.67,23.13
85.75,-4.52,27.77
90.76,-4.03,29.60
91.31,-4.64,30.40
91.00,-5.62,31.01
83.37,-3.30,27.59
71.29,3.36,21.06
59.27,1.77,17.40
47.00,5.92,12.51
34.61,2.75,12.08
22.34,-0.85,4.21
12.27,2.32,0.67
4.09,1.16,1.22
1.77,-4.15,0.67
1.28,-7.69,0.00
0.92,-8.91,-0.06
0.98,-7.32,0.37
1.65,-4.15,1.04
0.31,-0.31,1.59
-1.77,3.17,1.22
-1.77,6.96,1.16
-1.40,10.31,2.20
-4.33,11.60,2.20
-9.95,10.25,-0.06
-17.03,7.63,-3.30
-22.28,6.23,-4.94
-24.96,7.20,-5.49
-25.88,10.56,-5.07
-25.15,15.87,-5.31
-24.54,22.09,-6.71
-24.90,28.75,-4.94
-24.90,34.91,-1.71
-25.57,40.04,-0.67
-28.20,42.79,-2.69
-30.03,43.03,-5.43
-31.62,40.47,-7.63
-30.82,34.67,-8.36
-26.73,26.49,-6.47
-22.28,17.27,-3.30
-18.43,8.97,0.55
-14.89,2.44,3.72
-11.41,-2.14,5.55
-8.61,-6.29,5.49
-7.26,-9.83,3.36
-8.36,-11.35,0.49
-10.01,-11.72,-0.61
-10.07,-13.73,0.24
-10.13,-17.52,1.53
-11.66,-11.78,-3.54
-9.77,-1.77,-2.87
-5.68,2.69,0.85
-5.31,3.85,2.01
-2.56,1.40,0.73
2.38,2.01,0.79
10.44,3.54,6.04
20.39,6.29,27.65
28.99,13.67,65.61
30.70,19.23,82.46
28.69,20.63,77.64
24.48,17.40,62.44
20.26,11.05,49.38
15.63,13.00,33.20
14.77,9.83,32.23
12.39,12.02,30.82
10.93,11.60,22.46
8.18,8.42,13.92
5.00,4.64,5.37
2.26,1.34,2.87
0.12,-0.49,1.83
-2.01,-0.31,0.00
-5.43,1.16,-2.38
-8.36,3.48,-6.59
-11.78,5.74,-17.52
-12.76,5.74,-29.66
-10.93,4.09,-28.69
-9.83,2.32,-23.74
-7.26,1.77,-26.67
-4.15,2.44,-28.75
-1.89,5.92,-29.30
1.34,9.77,-29.17
3.97,11.29,-28.14
5.31,10.13,-27.22
5.86,6.47,-24.90
6.35,1.22,-21.73
7.69,-4.88,-18.25
10.68,-11.84,-14.83
13.85,-21.24,-10.13
15.87,-31.19,-3.36
13.55,-37.41,5.74
7.63,-21.48,9.34
6.29,-8.67,6.77
8.24,-17.03,1.65
6.16,-17.46,-0.61
7.08,-13.79,-1.71
6.29,-12.70,-0.79
8.00,-10.99,4.09
10.86,-8.18,14.59
15.38,-5.49,24.41
21.30,1.28,46.14
23.86,6.29,59.27
28.02,12.63,70.13
23.68,21.12,60.61
24.11,20.02,54.38
24.54,21.91,59.57
20.39,21.91,55.05
13.06,13.85,33.69
13.92,5.19,24.54
6.84,3.36,24.78
2.81,1.16,15.32
1.59,-1.40,8.12
2.01,-2.87,1.34
2.08,-2.44,0.98
2.99,-1.22,1.59
4.76,0.37,1.10
5.25,1.71,1.16
4.46,2.62,0.92
2.99,2.62,0.18
1.34,2.01,-0.67
-0.43,1.89,-1.16
-1.46,1.77,-1.59
-2.01,1.71,-2.01
-2.01,1.40,-2.20
-1.53,1.22,-2.01
-1.77,1.04,-1.89
-2.01,1.10,-2.01
-1.16,1.65,-1.65
0.00,2.87,-0.55
0.61,4.15,0.55
-0.37,4.82,0.67
-1.71,5.62,0.67
-3.05,6.84,0.55
-3.60,8.36,0.61
-4.70,11.11,1.40
-5.62,14.65,1.16
-6.23,17.58,-1.10
-6.35,20.02,-6.84
-4.39,23.68,-12.51
-3.42,28.38,-11.90
-1.34,35.58,-11.47
1.83,42.36,-14.71
5.00,46.02,-18.74
8.24,46.51,-21.18
11.90,44.98,-21.48
13.98,42.97,-19.90
14.77,41.38,-17.82
14.10,40.95,-16.30
















-,-,-
2.20,0.98,1.10
1.89,1.10,1.40
1.65,1.22,1.71
1.89,1.34,1.77
0.92,1.34,1.83
0.85,1.53,1.83
0.79,1.46,1.89
0.43,0.73,1.28
0.18,-0.06,0.31
0.18,-0.43,-0.18
0.06,-0.85,0.00
0.31,-0.85,0.00
0.67,-0.43,0.06
1.10,0.37,0.12
2.26,0.79,0.79
3.17,1.46,1.10
2.99,1.71,1.40
2.50,1.28,1.16
1.59,0.67,0.73
0.73,-0.37,0.55
0.24,-0.92,0.55
0.49,-0.85,0.43
0.67,-0.73,0.31
1.22,-0.06,0.61
2.38,0.92,1.10
3.91,2.08,1.71
5.92,3.05,2.69
8.30,4.33,3.85
11.05,5.25,5.00
13.92,5.80,6.23
17.27,5.68,7.63
23.93,5.74,10.74
33.14,-2.93,15.69
41.26,-0.24,15.38
52.92,-2.26,17.46
65.98,-2.69,22.89
78.19,-5.98,26.37
90.94,-8.24,24.41
100.46,-5.43,26.61
101.87,-7.69,23.38
99.00,-7.26,23.68
89.60,-9.52,22.95
75.87,-2.50,18.80
59.08,1.10,16.42
41.93,-1.04,11.05
26.86,7.39,6.59
13.67,12.15,5.92
6.04,2.26,4.70
4.15,-6.23,2.20
2.81,-11.23,1.40
1.71,-13.12,0.85
1.22,-12.02,0.31
1.71,-8.97,0.12
3.72,-4.21,0.98
6.65,1.04,2.56
9.52,5.31,4.27
10.56,6.77,5.74
10.86,0.67,7.32
8.30,-4.21,4.33
2.50,3.30,-0.37
-6.04,6.77,-0.06
-12.27,6.47,-1.46
-17.03,4.76,-3.72
-23.07,3.48,-5.37
-26.79,4.58,-7.20
-29.17,9.34,-7.51
-31.37,17.58,-7.20
-32.29,25.94,-6.65
-33.45,31.62,-4.88
-35.10,35.83,-3.66
-36.50,39.92,-5.98
-36.80,42.54,-10.50
-36.68,41.99,-12.27
-36.32,37.60,-11.23
-34.55,29.97,-9.03
-30.21,19.84,-5.62
-24.66,6.96,-1.34
-20.87,-5.31,3.54
-17.09,-13.85,7.75
-12.27,-19.71,11.78
-4.70,-26.49,15.38
0.79,-21.79,10.56
7.26,-7.87,3.60
17.21,-6.35,5.19
17.64,-5.07,7.93
20.32,2.81,9.03
20.57,5.92,11.41
20.75,3.91,22.77
25.51,2.38,44.31
27.77,7.20,64.64
27.53,14.59,66.35
29.66,15.20,64.82
27.71,13.31,58.96
25.70,15.56,49.26
22.89,17.40,49.19
15.50,18.19,41.14
10.01,14.40,27.89
5.49,9.34,11.29
2.32,5.92,2.93
-2.14,3.30,2.32
-6.47,1.71,-1.16
-11.54,1.16,-9.46
-18.62,-0.12,-31.86
-22.46,-2.93,-53.22
-22.03,-4.21,-55.54
-17.58,-3.23,-43.27
-10.56,5.37,-31.98
-4.76,16.30,-26.92
-1.16,23.62,-26.18
1.89,25.45,-27.47
3.60,23.62,-28.93
4.58,19.96,-28.87
4.88,14.89,-26.18
5.49,9.83,-18.98
6.77,4.58,-9.77
7.63,-1.89,-1.89
7.39,-10.44,3.78
6.71,-22.89,8.30
5.92,-37.41,13.31
5.68,-52.43,19.17
5.31,-51.33,15.99
7.14,-25.82,3.72
17.27,-23.13,0.55
11.84,-20.87,2.93
11.96,-10.07,0.98
9.77,-4.52,-0.43
6.84,-1.22,0.85
8.54,0.55,5.55
12.21,1.04,24.48
17.82,3.91,45.53
23.68,13.00,61.10
27.71,15.87,73.00
27.10,14.83,68.30
24.84,15.63,49.13
25.27,15.08,53.59
18.74,12.08,48.58
16.91,9.70,30.82
11.35,8.00,18.80
7.45,4.21,13.79
6.04,1.65,7.81
5.55,0.12,5.62
5.55,-0.67,5.55
5.80,-0.06,5.25
5.19,0.98,4.46
3.72,1.89,2.81
0.67,2.38,0.61
-2.08,2.44,-1.53
-4.15,2.81,-2.75
-4.58,3.60,-2.87
-4.70,4.46,-2.81
-5.37,4.82,-2.87
-6.90,5.07,-2.87
-9.28,5.43,-3.17
-10.80,6.59,-3.48
-11.47,9.28,-3.30
-11.05,13.00,-2.62
-10.38,17.09,-2.87
-11.41,21.18,-8.54
-11.35,24.23,-16.60
-9.89,25.51,-18.43
-7.57,30.33,-17.33
-1.89,39.18,-17.03
3.54,48.10,-16.17
8.48,54.26,-14.71
14.04,57.13,-13.67
18.92,56.34,-13.12
21.79,50.84,-12.15
22.09,44.13,-11.90
20.75,37.78,-12.02
17.82,32.71,-12.02
14.71,28.50,-10.44
12.02,24.48,-7.93
9.28,19.90,-5.49
7.14,14.59,-3.97
5.25,8.54,-2.62
4.03,2.26,-1.53
2.62,-2.93,-0.37
1.46,-6.04,1.22
0.49,-6.77,2.69
0.18,-6.59,2.69
















-,-,-
2.38,-5.92,-0.12
2.69,-5.55,-0.06
3.54,-5.13,0.12
4.33,-4.58,0.61
4.94,-4.15,1.04
4.94,-4.09,1.22
4.70,-4.03,0.85
4.52,-3.91,0.92
4.09,-3.72,0.98
3.30,-3.23,1.04
2.56,-3.05,0.61
2.08,-2.87,0.18
1.59,-2.62,0.06
1.16,-2.32,0.12
0.73,-2.32,-0.31
-0.06,-2.38,-0.79
-0.61,-2.38,-1.10
-0.85,-2.14,-0.85
-0.55,-1.59,-0.61
-0.24,-1.04,-0.43
0.00,-0.67,-0.24
0.06,-0.18,0.00
0.49,0.31,0.31
0.85,0.61,0.61
1.40,0.98,0.79
2.14,1.46,1.04
3.05,2.01,1.34
4.58,2.87,2.01
6.84,4.33,3.36
10.38,6.41,5.19
14.34,8.30,7.08
19.29,9.77,8.85
23.86,9.16,10.93
30.46,6.23,13.85
40.89,0.85,18.49
54.02,-4.03,21.61
69.15,-8.36,24.54
81.24,-11.90,28.69
88.93,-11.47,27.16
93.32,-9.83,27.71
91.74,-12.08,28.20
89.11,-10.80,23.13
81.60,-8.06,21.55
71.59,-7.08,21.42
53.59,0.79,16.54
39.86,5.37,13.43
26.98,2.69,9.52
18.31,5.31,5.00
10.19,3.66,2.87
2.69,0.43,2.20
-1.28,-6.59,0.49
-0.85,-10.50,-0.79
3.54,-9.46,0.00
8.67,-5.19,2.44
12.76,-0.73,4.70
14.59,3.30,5.80
13.24,5.62,5.68
12.15,6.77,5.49
10.56,5.55,4.88
7.20,0.00,2.56
2.32,-2.14,-0.85
-4.52,-4.15,-5.13
-9.52,2.01,-5.80
-14.65,8.97,-4.52
-16.66,9.83,-3.36
-17.40,10.38,-2.81
-19.65,13.37,-2.20
-22.83,18.86,-2.20
-25.33,28.02,-1.40
-27.71,38.94,-2.08
-28.56,48.28,-5.74
-28.38,56.34,-11.54
-28.38,64.15,-15.44
-28.02,66.47,-16.54
-28.81,61.34,-15.99
-29.11,51.03,-15.26
-28.75,39.67,-14.47
-27.22,28.20,-12.02
-24.78,16.30,-6.84
-20.69,3.05,0.24
-17.70,-10.25,8.67
-16.24,-22.16,15.01
-14.34,-31.98,18.62
-12.02,-40.53,20.20
-7.02,-49.07,20.57
-4.39,-54.63,20.08
-5.07,-31.92,2.99
-0.85,-11.29,-2.38
4.82,-6.29,3.78
3.42,-7.32,7.45
8.61,-2.62,3.54
11.78,2.50,9.46
20.26,10.38,44.13
28.08,21.79,77.27
31.92,29.54,90.45
28.02,27.71,75.50
23.99,21.12,60.24
16.97,14.16,50.96
10.80,15.14,37.29
11.96,15.56,34.48
8.12,12.51,30.46
7.08,9.52,15.38
5.74,7.32,7.93
3.54,6.16,4.03
2.08,5.86,2.87
-0.98,5.49,2.56
-2.87,5.92,0.31
-5.92,5.86,-5.68
-9.16,4.52,-18.98
-10.99,2.56,-27.95
-12.57,0.85,-30.09
-11.17,-0.61,-29.11
-8.91,4.52,-30.09
-5.68,13.85,-32.96
-2.32,19.90,-35.64
1.59,20.75,-37.05
4.94,17.82,-37.05
6.71,12.15,-34.91
7.75,4.52,-29.66
9.28,-3.78,-22.52
10.50,-11.29,-15.50
11.72,-19.59,-8.48
12.76,-29.54,-2.56
12.70,-40.59,2.93
11.78,-51.09,9.70
12.15,-41.69,9.58
11.72,-18.07,4.39
18.74,-20.08,0.55
13.73,-20.69,1.65
12.82,-14.47,0.67
7.75,-11.35,0.06
4.88,-8.48,-0.92
5.37,-6.10,-1.59
6.53,-4.15,-1.10
7.08,-3.17,-0.61
5.55,-3.30,-0.06
4.09,-3.85,0.55
4.21,-4.70,4.58
9.95,-5.19,23.01
17.70,0.43,50.90
23.32,15.50,62.74
30.58,19.84,79.90
27.59,19.96,71.35
27.59,17.76,53.53
25.33,13.18,57.68
18.98,13.79,44.74
20.75,9.89,45.04
14.83,6.90,34.85
13.24,5.00,24.48
9.03,2.20,14.65
6.41,0.31,7.39
4.46,0.31,3.78
2.81,0.92,3.42
0.85,2.50,3.17
-1.65,4.88,1.40
-4.82,7.75,-1.04
-8.36,11.23,-3.05
-11.72,15.87,-3.42
-13.73,22.89,-3.36
-14.40,28.81,-6.71
-13.79,31.07,-12.57
-13.06,33.14,-14.22
-12.82,37.41,-13.43
-10.99,44.80,-15.20
-6.90,52.12,-19.84
-3.30,56.95,-23.68
-0.31,59.20,-25.21
2.44,59.69,-24.05
4.09,59.75,-20.81
5.68,59.08,-17.52
7.69,57.62,-16.17
8.67,54.81,-15.63
8.48,50.72,-15.01
7.75,45.53,-14.47
6.96,39.61,-13.79
6.41,32.90,-11.72
5.55,26.79,-8.30
4.52,21.48,-4.58
3.11,16.17,-1.71
1.53,11.47,0.43
















-,-,-
2.93,1.16,1.34
2.01,1.16,1.16
0.92,0.79,0.85
0.37,0.18,-0.06
-0.12,-0.24,-0.43
0.00,0.00,0.06
0.73,0.37,0.31
1.10,0.98,0.43
1.59,1.59,0.92
2.01,1.89,1.10
2.32,2.38,1.22
2.75,2.50,1.53
2.87,2.69,1.89
2.93,2.75,1.95
2.93,2.62,1.89
2.87,2.38,1.89
2.69,2.26,1.83
2.87,2.01,1.83
2.32,1.46,1.59
1.71,0.67,1.04
1.16,-0.18,0.49
0.85,-0.31,0.37
0.85,-0.06,0.31
0.92,0.12,0.18
1.28,0.55,0.12
2.08,1.16,0.43
2.87,1.59,1.04
4.15,2.08,1.65
5.80,2.69,2.50
8.61,3.42,3.85
12.27,3.91,5.43
17.33,1.65,7.81
24.72,-1.77,10.38
34.36,-6.53,12.27
37.96,-6.65,11.72
47.24,-12.88,11.60
54.87,-11.90,14.83
63.05,-15.81,12.51
68.30,-11.60,10.19
72.63,-19.47,7.93
70.74,-23.38,6.90
65.12,-13.79,7.39
56.82,-12.39,6.35
49.19,-12.33,4.70
41.56,-3.85,7.08
30.03,4.52,10.93
19.71,-1.16,7.87
13.06,-3.72,4.39
8.67,-4.58,2.20
8.79,-4.03,2.62
9.16,-5.00,4.15
10.38,-5.37,4.33
10.80,-4.33,4.15
10.01,-2.38,4.21
9.52,-0.61,4.27
10.19,-0.18,4.27
11.47,-4.21,3.05
15.81,-12.76,-0.37
18.74,-9.28,-0.31
15.14,-4.46,3.48
6.10,0.24,0.12
-2.81,7.75,-0.24
-10.99,9.22,-0.92
-16.48,8.30,-2.69
-19.71,8.18,-3.72
-21.79,10.56,-3.54
-23.01,13.85,-3.05
-22.03,18.31,-0.31
-19.65,26.00,9.46
-19.84,33.75,17.46
-21.85,39.18,11.17
-23.13,42.42,-2.44
-25.27,46.33,-11.96
-27.47,49.80,-14.65
-30.21,51.09,-14.40
-31.92,49.38,-12.76
-31.68,42.79,-10.44
-30.58,32.41,-7.39
-28.44,19.90,-3.60
-25.33,5.68,2.01
-20.51,-8.67,8.79
-15.93,-21.85,15.87
-10.44,-33.69,22.03
-3.17,-43.15,25.76
2.56,-30.09,14.22
8.91,-6.23,-0.31
21.24,-4.52,2.32
16.72,-7.57,12.08
16.48,-0.43,9.16
17.94,0.92,9.16
19.47,-3.30,21.36
23.68,-0.85,32.17
33.20,6.65,52.37
40.28,17.09,84.47
41.50,21.00,95.95
42.18,19.35,92.41
39.49,19.04,80.69
35.34,18.25,69.70
29.30,16.11,60.73
20.45,10.80,36.32
16.85,6.23,28.08
11.78,6.16,24.60
6.23,4.03,24.41
1.83,4.52,6.41
-0.06,3.30,1.40
-2.32,2.69,0.98
-2.75,3.36,-0.85
-5.37,4.27,-3.60
-10.68,4.64,-6.10
-15.63,6.04,-14.34
-22.34,7.75,-35.71
-23.80,6.16,-47.24
-23.99,4.09,-42.54
-20.81,6.35,-38.82
-15.93,14.47,-41.87
-10.31,22.22,-48.46
-5.68,25.39,-53.89
-1.46,24.17,-56.15
1.10,20.39,-55.24
2.20,14.40,-49.50
3.72,7.14,-40.53
5.07,0.24,-31.25
5.19,-6.77,-22.46
5.37,-17.03,-13.06
5.62,-31.31,-2.56
6.04,-47.49,9.16
5.86,-63.72,21.61
4.70,-73.18,30.94
1.22,-45.84,16.30
13.37,-33.69,1.95
21.24,-34.85,0.43
15.87,-26.00,3.23
17.21,-12.57,1.95
15.38,-6.90,4.88
16.60,-3.30,10.56
25.02,-1.77,34.79
34.12,4.82,68.36
39.92,12.57,81.36
40.22,20.20,85.08
35.64,19.65,84.47
30.09,15.14,69.95
26.79,13.67,53.65
23.74,9.52,47.42
17.58,7.14,35.58
12.94,8.67,17.09
7.87,5.00,10.07
4.03,0.49,7.08
3.05,-1.71,2.01
0.98,-2.87,0.00
-0.37,-2.99,-1.16
-0.37,-1.77,-2.26
0.61,-0.06,-2.87
1.40,2.08,-2.87
1.22,2.99,-2.81
0.12,3.72,-2.69
-1.89,4.39,-2.93
-2.08,4.88,-3.48
-3.23,6.04,-3.60
-4.94,7.32,-3.60
-6.29,8.54,-3.48
-6.77,10.01,-2.93
-6.77,12.21,-2.56
-7.20,14.47,-2.08
-7.87,16.60,-1.22
-8.97,18.74,-1.53
-10.25,19.96,-4.58
-10.93,19.96,-12.51
-10.68,19.41,-21.12
-9.83,22.16,-26.31
-7.02,28.99,-30.88
-2.62,35.28,-35.95
2.01,38.15,-40.28
7.57,37.54,-42.85
13.73,33.75,-42.79
19.23,28.02,-39.79
23.50,22.09,-35.03
26.31,17.27,-30.46
26.43,12.63,-26.37
24.96,9.28,-23.44
22.46,7.75,-20.75
















-,-,-
1.16,-8.12,0.06
1.22,-7.08,0.06
0.92,-6.71,0.24
1.65,-5.98,0.37
2.38,-5.25,0.79
1.95,-5.43,0.49
0.92,-5.68,0.06
-0.12,-6.23,-0.61
-0.73,-6.47,-0.85
-0.12,-6.10,-0.73
0.85,-5.68,-0.24
1.16,-5.80,0.37
0.98,-6.16,0.24
0.73,-6.47,-0.37
0.55,-6.35,-0.18
0.55,-5.80,0.12
0.37,-5.13,-0.06
0.31,-4.46,-0.31
0.92,-3.72,-0.12
1.34,-2.69,0.43
2.20,-1.89,0.92
3.23,-1.46,1.34
3.85,-1.34,1.71
4.64,-1.65,1.83
5.80,-2.32,2.20
7.81,-2.32,2.56
10.38,-1.53,3.54
13.31,-0.79,5.19
18.31,0.85,6.96
24.54,1.16,9.28
32.47,-6.84,12.02
44.19,-15.81,14.16
55.42,-11.96,16.30
65.43,-26.73,16.36
76.97,-36.07,16.30
84.78,-36.25,15.50
89.60,-42.05,17.27
92.77,-41.87,15.81
87.71,-43.52,12.02
71.04,-34.06,12.94
52.92,-25.51,10.68
35.64,-11.41,6.59
24.48,-14.28,4.52
14.89,-11.05,1.34
7.08,-6.96,0.31
-0.24,-7.75,-0.67
-3.78,-9.58,-2.20
-5.25,-8.00,-2.99
-6.35,-3.48,-2.44
-8.85,2.56,-2.01
-12.70,9.22,-1.71
-16.17,15.63,-1.89
-19.47,21.79,-2.56
-20.39,26.18,-3.85
-20.75,34.06,-4.82
-22.64,44.31,-4.88
-24.60,42.72,-5.62
-26.25,33.39,-9.03
-29.79,26.18,-13.43
-31.98,23.74,-16.36
-32.84,23.74,-16.11
-31.86,22.58,-14.10
-29.17,18.37,-11.41
-24.54,12.63,-6.96
-19.90,6.53,-0.37
-16.48,0.61,8.67
-11.60,-4.52,18.68
-4.46,-9.83,27.40
0.85,-4.33,21.91
11.05,4.94,10.99
23.80,1.77,8.73
25.02,1.95,13.37
24.78,7.45,21.79
29.36,10.56,46.63
29.17,8.12,75.26
26.61,13.12,71.04
32.35,13.85,66.59
26.92,15.69,60.55
22.28,14.34,50.05
21.42,13.98,46.33
15.69,14.59,47.67
7.26,9.83,32.96
4.58,8.18,13.00
1.28,6.04,6.04
-1.59,5.49,1.40
-2.50,4.27,-0.98
-5.49,3.30,-2.08
-5.92,4.39,-3.48
-5.19,6.96,-4.21
-4.58,10.56,-5.07
-5.07,14.71,-10.86
-5.92,13.31,-25.33
-6.04,2.44,-37.54
-9.16,-3.36,-46.39
-9.16,-2.01,-50.23
-8.42,2.01,-49.87
-7.45,4.46,-48.16
-5.25,1.10,-45.53
-2.08,-5.55,-40.28
2.08,-13.67,-30.64
5.80,-24.29,-18.13
7.57,-36.99,-6.77
7.69,-50.66,1.53
5.00,-45.29,-0.24
1.59,-23.62,-5.00
11.11,-24.60,2.87
11.23,-26.73,4.70
10.50,-20.51,0.43
7.69,-14.40,-2.32
5.00,-11.35,-0.85
5.62,-8.67,1.10
12.45,-6.90,9.46
21.24,-1.95,34.97
27.04,7.14,65.86
33.14,14.22,82.76
34.85,17.64,81.79
30.76,18.01,65.31
30.70,20.08,56.34
27.04,17.27,58.04
19.04,12.33,50.29
15.75,5.25,31.92
10.68,1.77,19.35
9.83,0.18,23.50
3.36,0.12,19.23
2.62,-0.73,5.07
0.73,-2.20,0.37
-0.31,-2.81,0.43
-0.61,-2.50,-0.31
-1.89,-1.77,-1.59
-3.23,-1.16,-2.99
-4.21,0.31,-3.78
-4.27,2.38,-3.54
-3.97,4.88,-3.23
-4.94,7.57,-2.81
-7.02,10.38,-2.62
-9.22,14.22,-2.01
-10.74,18.98,-1.59
-11.60,23.50,-2.26
-10.56,27.40,-3.78
-8.97,32.78,-6.16
-6.96,38.27,-13.18
-4.03,36.80,-23.38
-1.46,33.02,-32.35
2.01,35.03,-41.26
9.70,37.54,-49.56
21.06,37.96,-56.46
34.55,39.25,-60.55
48.16,39.73,-60.79
60.55,38.70,-58.29
69.52,36.56,-54.99
74.71,34.48,-52.06
77.88,32.96,-50.90
79.53,31.07,-49.93
79.22,28.20,-47.73
78.67,24.29,-43.88
78.06,19.23,-38.33
76.48,13.31,-32.17
72.88,8.79,-27.28
69.46,6.04,-23.50
65.00,4.09,-20.26
59.27,2.26,-17.33
52.61,1.22,-15.01
45.84,0.43,-12.94
38.51,1.04,-11.23
31.98,3.11,-9.52
27.40,4.76,-7.08
23.38,4.21,-4.33
19.23,2.20,-0.43
15.26,-0.61,4.58
10.01,-3.60,8.97
5.19,-5.74,10.07
-2.44,-6.47,11.60
-13.31,-7.81,17.52
-21.79,-10.62,22.03
-25.70,-14.71,22.34
-28.32,-19.53,19.90
-32.04,-24.29,16.91
-31.80,-27.16,14.95
-28.50,-27.28,14.04
-25.51,-25.63,12.82
















-,-,-
1.34,-2.93,4.21
1.89,-3.05,4.70
2.69,-2.62,4.82
3.17,-3.23,4.82
2.93,-3.97,4.03
2.44,-4.39,3.11
1.16,-4.52,2.69
-1.04,-4.03,2.69
-2.26,-2.75,2.62
-2.44,-1.65,2.69
-1.65,-1.16,2.69
-0.37,-1.46,2.62
1.10,-2.38,3.11
2.38,-3.36,3.78
2.99,-3.91,4.09
2.75,-3.91,3.97
2.69,-3.05,3.42
3.36,-2.50,2.75
4.21,-3.23,2.08
4.39,-4.03,2.01
4.82,-4.58,2.14
5.43,-5.49,2.01
5.68,-7.32,1.40
6.04,-9.52,0.79
5.62,-12.70,-0.49
4.46,-16.36,-1.65
2.81,-19.17,-2.50
1.71,-20.81,-2.56
1.77,-19.84,-1.83
3.78,-16.24,-0.12
8.61,-10.93,2.62
13.85,-5.13,6.16
20.14,-1.46,10.80
30.70,-2.44,17.46
48.22,-10.74,24.29
67.44,-10.86,25.39
85.75,-24.78,22.77
97.29,-31.68,13.24
100.22,-32.29,3.17
93.93,-29.97,-1.10
78.55,-23.86,-1.89
65.12,-17.15,3.91
54.08,-12.76,9.28
45.23,-4.03,9.40
34.61,-1.04,6.77
25.82,-1.65,5.31
22.09,-6.71,3.23
19.53,-8.91,3.60
17.27,-10.86,2.62
14.77,-14.28,0.98
14.10,-13.79,-1.46
13.37,-12.88,-5.19
15.26,-13.00,-7.39
13.61,-7.08,-5.80
8.73,-2.20,-5.80
3.11,-2.87,-9.95
-5.07,5.86,-8.79
-12.33,6.53,-8.42
-12.94,2.32,-8.18
-14.28,0.24,-7.02
-15.99,0.00,-7.75
-18.62,1.53,-9.34
-22.58,7.02,-9.22
-26.92,19.10,-5.19
-30.21,25.02,-1.59
-32.53,26.25,1.95
-34.73,25.88,-1.16
-35.03,24.78,-8.24
-33.26,23.01,-15.08
-29.91,18.92,-17.76
-24.72,12.57,-15.56
-18.25,5.00,-10.44
-12.57,-1.28,-4.21
-6.47,-7.02,3.17
-0.61,-14.10,11.84
3.42,-21.18,17.94
1.34,-14.47,14.71
2.93,-7.57,7.63
8.79,-8.48,3.66
11.84,-11.72,4.82
10.80,-10.07,4.15
8.97,-7.81,1.83
7.93,-6.47,2.38
10.56,-3.48,11.29
13.43,-1.40,24.84
16.78,1.04,33.87
21.06,6.59,33.39
28.26,10.25,56.09
22.77,16.85,67.38
27.10,15.08,73.12
23.99,15.20,71.72
19.90,14.47,57.37
20.57,12.63,49.44
16.11,9.40,48.10
12.57,4.09,39.49
11.17,2.32,25.70
8.73,1.77,18.86
5.37,0.12,10.38
4.94,0.98,3.78
3.36,1.28,2.14
2.14,1.71,1.83
0.73,2.56,0.85
-2.14,3.54,-1.16
-4.76,4.88,-2.69
-6.23,7.08,-3.48
-7.69,9.89,-4.09
-9.16,12.51,-5.00
-8.67,14.28,-6.65
-8.06,14.40,-9.46
-10.68,12.57,-22.28
-13.31,7.87,-49.56
-13.98,5.00,-76.23
-14.53,5.74,-91.98
-13.92,7.32,-95.46
-10.31,6.96,-88.20
-5.74,4.52,-75.13
-1.34,0.61,-59.94
1.16,-3.11,-45.90
2.56,-7.75,-32.10
5.25,-15.56,-17.88
8.73,-29.17,-2.87
11.84,-46.08,12.27
12.21,-62.74,25.02
6.84,-58.17,25.88
-4.03,-30.15,14.53
3.42,-22.03,2.69
9.64,-29.05,0.00
11.66,-26.06,3.66
13.85,-14.77,4.70
19.53,-8.73,20.51
25.27,-7.08,55.36
29.72,0.24,78.06
33.87,9.64,77.64
38.64,16.85,87.40
37.72,21.91,101.26
31.07,15.99,92.29
33.33,11.96,73.73
29.17,11.72,65.49
26.06,5.25,63.60
21.55,7.26,60.06
15.26,8.30,47.06
8.36,0.37,37.17
2.01,-0.79,25.82
-0.18,-2.50,12.39
-2.75,-4.15,5.49
-1.77,-3.60,0.00
-1.16,-2.69,-1.40
-1.59,-1.53,-1.04
-1.89,0.24,-1.16
-2.14,2.44,-1.95
-2.93,4.33,-1.65
-4.58,6.84,-1.34
-6.90,9.64,-1.04
-8.73,13.31,-0.92
-9.40,17.46,-0.67
-9.52,20.32,-1.40
-9.03,23.19,-2.93
-8.73,26.12,-4.76
-8.67,32.04,-9.95
-7.45,35.64,-14.53
-7.81,30.82,-16.36
-8.79,25.76,-16.54
-8.36,25.39,-16.97
-8.30,30.15,-17.21
-6.47,36.01,-16.66
-3.66,39.86,-15.56
-0.61,40.77,-14.53
0.55,39.49,-14.28
2.44,37.48,-15.69
3.97,35.34,-17.46
4.94,33.02,-18.19
5.80,30.94,-17.94
6.23,28.32,-16.42
5.92,25.21,-14.95
5.07,21.73,-14.53
3.91,18.62,-13.49
3.17,15.26,-12.15
2.14,11.90,-10.86
0.43,8.67,-9.40
-1.46,5.86,-8.36
















-,-,-
1.10,0.43,1.71
1.77,0.92,1.59
2.38,1.22,1.95
2.32,1.46,2.50
1.77,1.22,1.95
1.40,0.61,1.04
0.37,-0.24,0.43
-0.49,-0.85,0.06
-0.85,-1.22,0.06
-0.67,-1.22,0.67
-0.67,-1.46,1.34
0.18,-1.28,2.01
0.73,-0.92,2.56
1.16,-0.49,2.93
1.89,-0.49,2.69
3.05,-0.79,2.20
4.46,-0.73,2.26
5.19,-0.49,2.62
6.23,0.06,3.05
6.65,0.49,3.60
7.14,0.55,4.15
7.69,0.85,4.33
6.96,1.28,4.15
5.19,0.85,3.17
3.36,-0.61,2.01
3.11,-1.83,1.22
4.76,-2.50,1.04
7.57,-2.93,1.59
11.23,-3.36,2.69
14.95,-4.52,3.91
17.76,-3.42,5.19
20.51,-1.46,6.47
25.63,-1.22,7.02
34.06,-0.12,7.81
46.88,0.37,6.47
64.88,-1.34,7.08
81.36,0.31,6.41
97.60,-1.40,1.22
108.34,-2.50,-3.42
109.44,-9.34,-8.67
103.03,-13.31,-19.71
93.99,-16.30,-25.33
78.12,-17.46,-23.32
62.26,-13.61,-17.58
45.53,-4.76,-10.62
25.82,1.83,-3.36
12.27,3.42,-4.52
1.83,2.01,-2.87
-7.45,-7.57,-3.97
-14.71,-16.72,-7.08
-20.69,-23.56,-9.70
-24.05,-26.31,-10.68
-23.13,-23.25,-9.95
-20.69,-14.83,-7.93
-18.68,-0.24,-5.19
-17.21,22.16,1.71
-21.06,32.84,4.33
-19.96,35.10,3.66
-19.10,32.04,5.31
-21.00,24.60,3.66
-21.97,17.15,-2.32
-23.13,13.79,-9.46
-23.07,13.24,-15.32
-22.46,14.10,-16.85
-21.73,16.05,-14.59
-19.96,17.15,-10.44
-18.07,16.66,-6.47
-16.17,14.16,-3.66
-14.83,9.40,-1.28
-12.51,3.66,2.93
-9.70,-1.77,9.46
-8.30,-7.02,17.33
-7.26,-13.06,23.68
-5.80,-20.69,27.28
-2.81,-30.46,29.54
-0.12,-39.55,30.88
-2.26,-32.04,22.28
1.04,-15.08,7.57
15.20,-5.68,1.16
21.73,-13.73,7.14
24.17,-9.64,10.38
25.82,0.24,9.34
25.88,5.25,9.83
31.31,4.27,19.10
38.64,-1.77,49.56
40.34,-0.18,83.50
41.56,7.26,97.47
46.26,8.30,94.73
44.62,15.08,91.31
33.87,26.79,64.88
34.67,19.10,46.94
24.17,12.33,45.90
19.41,9.77,33.57
13.98,10.56,16.24
4.76,3.54,12.02
-3.36,-1.59,7.45
-8.54,-2.75,-1.28
-15.01,-4.58,-5.25
-18.80,-4.76,-8.67
-19.53,-1.10,-13.37
-23.01,7.26,-25.02
-23.50,14.16,-38.51
-23.68,19.04,-39.06
-22.16,21.42,-35.77
-17.88,19.47,-35.58
-15.56,17.21,-40.47
-14.47,18.25,-46.45
-12.33,20.39,-52.25
-8.97,19.53,-56.34
-5.19,13.92,-57.98
-2.32,5.31,-58.23
-1.10,-3.11,-57.01
-0.31,-9.95,-51.70
1.53,-15.63,-40.22
4.52,-22.34,-24.66
7.32,-31.86,-9.22
11.35,-44.56,4.21
13.24,-57.43,17.09
12.63,-64.70,26.37
4.88,-42.85,23.93
-1.22,-14.59,10.07
14.16,-10.93,1.46
14.65,-25.45,2.62
15.87,-18.49,2.08
17.52,-6.53,1.34
20.57,0.67,3.30
24.66,6.59,6.04
29.79,7.63,16.36
35.52,0.79,50.17
35.77,4.88,71.47
41.56,10.62,89.78
40.41,10.50,97.53
39.55,11.78,94.18
34.79,17.52,80.63
30.03,18.49,63.11
25.76,17.27,48.10
22.52,12.02,40.65
18.31,7.26,28.63
13.92,1.34,27.28
6.47,0.85,18.19
1.10,-0.85,6.77
-1.53,-3.11,0.85
-2.38,-4.46,0.31
-2.50,-4.09,-1.22
-2.87,-2.87,-2.81
-3.05,-1.04,-3.42
-3.66,1.71,-3.54
-6.23,5.31,-3.85
-7.93,9.03,-4.21
-8.12,13.12,-4.58
-8.91,17.09,-4.46
-11.47,21.67,-4.52
-13.85,26.73,-5.80
-15.87,31.92,-8.85
-16.60,37.78,-11.96
-16.05,47.42,-13.85
-17.40,56.95,-20.32
-16.91,65.67,-31.07
-12.70,72.20,-40.10
-6.77,72.45,-42.79
-0.24,69.09,-41.32
4.76,64.76,-38.21
7.63,61.28,-33.75
9.46,59.81,-26.79
8.30,60.24,-18.19
5.92,61.16,-10.93
5.25,60.18,-6.71
5.07,56.52,-5.19
5.13,50.78,-4.33
5.31,44.92,-2.75
4.88,40.59,0.37
3.60,38.09,3.91
3.05,36.80,7.87
2.81,35.16,11.54
2.32,32.17,14.34
3.36,28.81,15.08
5.19,27.16,12.02
2.56,25.27,11.54
-2.38,22.64,14.89
-5.62,19.71,17.33
