-,-,-
4.82,6.47,-1.34
3.91,6.16,-2.08
2.08,5.13,-2.38
0.31,3.85,-2.20
-0.92,2.20,-1.71
-1.77,0.12,-1.22
-2.38,-1.40,-0.67
-3.30,-2.14,0.06
-4.76,-2.01,0.24
-6.10,-0.61,-0.24
-7.45,1.71,-1.40
-7.93,4.58,-2.26
-8.00,6.77,-2.14
-7.75,7.26,-1.65
-7.02,6.10,-1.40
-6.59,4.21,-1.10
-6.41,1.95,-0.67
-5.92,-0.24,-0.67
-5.55,-1.53,-1.40
-5.55,-1.46,-2.69
-5.98,-0.37,-3.23
-6.23,0.61,-2.50
-5.43,0.00,-1.04
-4.52,-2.44,0.24
-4.09,-5.68,0.37
-3.48,-8.06,-0.31
-3.42,-8.73,-1.16
-4.15,-7.57,-2.08
-6.90,-5.37,-2.56
-9.58,-2.75,-2.38
-11.29,-1.22,-2.08
-11.78,-1.10,-1.71
-11.29,-3.78,0.12
-10.56,-10.01,2.14
-8.97,-20.69,2.62
-8.85,-31.25,2.81
-9.77,-38.57,4.15
-10.01,-44.86,6.29
-10.19,-49.19,6.96
-7.57,-34.67,-6.23
0.85,-25.02,-10.80
0.00,-26.12,-7.14
0.37,-21.85,-4.39
3.54,-13.98,-3.78
6.23,-9.77,-1.34
8.54,-5.92,0.18
11.17,-3.42,0.98
12.15,-3.42,1.16
12.76,-4.03,0.55
13.31,-4.94,-0.37
14.47,-6.04,-0.37
17.27,-6.41,0.79
20.94,-5.86,2.62
26.06,-5.19,4.33
30.03,-8.06,5.98
34.55,-20.63,6.29
42.30,-31.68,7.14
47.85,-28.08,8.91
52.12,-24.96,15.20
52.37,-20.45,12.76
56.82,-18.01,6.65
62.74,-23.32,8.30
65.61,-22.40,11.35
72.94,-26.12,12.88
78.25,-28.69,19.59
81.85,-28.14,22.89
91.74,-26.12,22.77
98.94,-26.31,19.96
89.23,-20.20,13.49
79.04,-18.25,18.55
74.52,-24.54,17.27
76.11,-15.26,17.09
67.50,-12.02,20.57
57.01,-17.46,22.34
53.59,-19.04,13.92
50.54,-16.48,7.87
48.10,-22.03,5.92
53.83,-22.34,6.29
50.84,-22.22,4.03
53.16,-16.24,4.03
46.51,-19.84,0.61
43.95,-22.09,-6.47
37.54,-21.18,-8.42
28.26,-20.51,-8.00
21.61,-23.32,-10.68
22.77,-13.67,-10.25
20.87,-16.17,-10.50
24.84,-23.56,-9.22
21.42,-13.31,-4.21
14.34,-1.71,-1.95
9.22,1.53,-0.55
7.32,2.75,1.34
4.21,3.17,2.56
-1.95,2.69,1.71
-6.47,0.55,0.37
-7.81,-1.28,0.18
-6.84,-1.28,-0.06
-7.57,-1.77,0.12
-7.69,-2.56,0.49
-4.39,0.67,0.85
-4.03,1.59,2.81
-4.09,0.55,4.39
-2.26,2.56,5.86
-2.62,2.26,7.26
-1.65,3.85,7.02
-0.85,4.64,6.71
-0.55,4.76,6.35
0.18,5.13,5.43
-0.12,4.82,4.82
0.43,4.70,4.46
0.55,5.13,3.91
0.00,4.76,3.54
-0.18,4.52,3.42
0.00,4.52,3.30
0.00,4.15,3.48
-0.12,4.27,3.42
-0.61,3.54,2.99
-1.16,3.36,2.56
-2.01,3.11,2.14
-2.14,3.36,2.01
-2.56,3.60,2.08
-2.14,4.39,2.56
-0.92,4.94,2.99
-0.24,5.25,2.99
0.79,4.94,2.87
1.10,4.27,2.75
1.28,3.72,2.75
0.98,2.62,2.62
0.92,2.08,1.83
0.98,2.01,1.28
0.92,2.20,1.28
1.10,2.69,1.04
1.46,3.23,0.98
1.53,3.36,1.10
1.65,3.78,1.10
1.53,3.85,1.22
1.65,3.91,1.16
1.65,4.03,1.46
2.14,4.58,1.65
2.32,4.94,1.95
2.75,5.19,1.83
2.87,4.88,1.65
2.75,4.39,1.53
1.95,3.42,1.04
1.22,2.62,0.12
0.67,1.65,-0.18
0.12,1.46,0.12
0.98,2.20,0.98
1.65,3.48,2.20
2.08,5.19,3.72
1.95,7.26,5.19
1.65,9.64,6.71
1.16,11.60,7.08
0.24,13.18,7.02
-1.46,14.65,7.14
-3.05,16.11,7.02
-4.94,17.70,6.77
-6.96,19.41,6.90
-10.68,21.91,8.24
-14.65,27.59,9.95
-16.91,32.90,8.61
-16.36,36.56,6.59
-17.64,50.78,3.72
-14.34,69.27,1.28
-9.95,87.34,1.65
-5.68,103.39,3.17
0.31,115.66,3.97
5.49,124.82,5.37
9.40,130.68,10.80
12.27,130.37,18.92
12.76,126.46,26.18
13.49,121.70,29.11
13.98,116.58,28.20
14.16,110.96,26.12
13.79,104.43,23.56
13.31,96.44,20.39
12.39,86.73,16.91
11.96,76.78,13.06
11.17,67.20,9.89















-,-,-
5.00,1.16,1.59
3.48,0.73,0.92
2.32,0.49,-0.12
0.85,-0.06,-1.22
0.00,-0.55,-2.01
-0.31,-0.73,-2.20
0.06,-0.55,-2.20
-0.06,-0.18,-2.26
-1.59,-0.61,-3.17
-2.87,-1.34,-4.09
-3.54,-2.08,-4.52
-3.48,-2.69,-4.46
-2.75,-3.23,-4.03
-1.46,-3.17,-3.54
-0.18,-2.87,-2.56
1.46,-2.20,-1.34
2.62,-1.71,-0.37
3.11,-1.16,0.18
3.60,-0.67,0.49
3.54,-0.24,0.79
3.54,0.37,1.04
2.87,1.10,0.73
2.01,1.59,0.49
1.10,1.59,0.00
0.37,1.28,-0.24
0.12,0.73,-0.12
0.12,0.43,0.12
0.55,0.55,0.37
1.04,0.79,0.85
2.20,1.40,1.40
3.23,1.95,1.95
3.78,2.44,2.56
3.17,2.26,2.50
2.56,1.83,1.95
2.32,1.46,1.83
2.44,1.16,1.71
3.05,0.98,1.65
4.39,1.40,1.83
6.35,2.14,2.87
8.48,3.60,4.27
10.07,4.64,5.62
10.74,5.00,6.23
11.05,4.82,6.23
10.68,4.46,5.92
10.13,3.78,5.55
9.09,3.17,5.00
8.30,2.50,4.21
9.16,2.20,3.97
11.47,1.59,4.52
14.34,-5.86,5.25
19.04,-28.99,5.92
26.92,-23.07,4.52
32.84,-20.02,-2.87
38.21,-17.27,2.32
35.64,-15.63,6.71
39.06,-8.42,10.68
34.36,-9.70,8.91
30.15,-3.36,2.20
29.72,0.55,3.60
27.59,0.18,6.29
31.25,-0.98,8.48
34.55,-9.03,10.93
37.05,-18.68,9.58
39.49,-16.91,5.74
43.58,-13.67,5.49
45.78,-19.47,5.92
49.38,-10.25,10.99
50.35,-8.18,15.14
47.61,-18.19,13.85
47.67,-10.31,11.66
49.62,-9.77,13.49
47.73,-17.82,12.57
49.01,-12.02,10.19
48.83,-12.76,5.86
48.52,-15.08,0.85
49.87,-14.16,7.39
48.03,-25.57,4.76
47.85,-11.17,3.30
46.45,-13.00,4.03
43.46,-9.52,9.28
44.25,-8.85,9.22
44.19,-22.71,5.55
44.92,-16.91,2.81
38.64,-10.07,-0.92
33.39,-8.54,-1.95
32.10,-5.92,2.38
32.65,4.03,8.36
31.98,-2.50,7.08
31.31,-5.80,10.01
33.26,-4.03,9.89
33.51,1.22,15.32
33.20,-2.50,13.49
36.93,0.79,11.90
36.25,-4.94,10.07
33.57,-7.51,11.72
24.05,-8.48,7.75
19.04,-12.70,4.09
12.94,-4.52,4.03
8.06,-3.72,2.20
5.00,-3.30,1.46
3.42,-3.11,0.73
2.14,-3.17,0.06
1.10,-2.99,-0.43
0.92,-2.50,-0.37
1.40,-1.53,0.67
2.62,0.18,2.08
3.17,2.20,3.60
2.32,3.60,4.33
1.71,4.39,4.33
1.04,4.94,4.27
1.22,5.25,4.52
1.34,5.19,4.70
1.53,4.94,4.52
3.60,4.27,4.52
3.48,3.91,4.33
3.97,3.97,4.09
4.15,3.48,4.39
4.09,2.99,4.27
3.48,2.32,3.85
2.56,1.95,3.11
1.83,1.65,2.26
1.53,1.53,1.65
1.28,1.59,1.46
0.92,1.95,1.59
0.55,2.56,1.65
-0.12,3.11,2.08
-0.79,4.03,2.26
-1.28,4.64,2.56
-1.89,5.13,2.81
-2.50,5.86,2.93
-2.38,6.71,2.93
-2.26,7.51,3.30
-2.50,8.48,3.91
-2.75,8.91,4.03
-2.20,9.09,3.36
-1.89,9.03,2.75
-1.28,8.36,1.95
-1.46,7.32,0.85
-1.71,5.92,-0.43
-2.14,4.27,-1.16
-2.87,2.87,-1.95
-3.23,1.83,-2.44
-3.85,1.34,-2.69
-4.03,1.28,-2.44
-3.48,1.59,-1.59
-2.50,2.75,-0.37
-1.59,4.15,1.22
-0.79,5.55,2.87
-0.61,6.77,4.09
-0.61,7.87,5.07
-1.28,8.79,5.31
-3.23,9.09,4.76
-6.35,9.64,4.27
-10.74,10.50,4.15
-17.52,12.51,4.15
-25.39,16.60,4.76
-29.85,22.46,5.62
-28.20,28.02,6.53
-23.32,32.84,8.18
-18.01,36.68,9.40
-14.65,40.34,8.24
-12.02,47.00,4.76
-9.22,57.07,1.28
-11.60,66.96,-2.62
-12.27,75.13,-7.93
-10.25,81.91,-12.51
-8.06,88.56,-12.33
-5.37,92.10,-9.09
-1.89,90.15,-5.68
1.95,83.50,-3.54
4.15,73.06,-1.65
4.52,60.79,-0.43
4.15,48.83,-0.31
3.60,38.82,-0.06
2.69,32.29,1.28
1.83,27.28,2.87
0.85,21.30,4.09
-0.06,14.71,4.27
0.24,7.57,2.81















-,-,-
1.46,-1.59,-0.49
1.83,-1.40,-0.24
2.01,-1.40,-0.24
1.59,-1.46,-0.43
1.40,-1.46,-0.79
1.46,-1.28,-0.85
1.77,-1.04,-0.67
2.50,-0.43,-0.24
3.17,-0.12,0.24
3.91,0.18,0.37
4.33,0.06,0.43
4.27,0.06,0.67
4.94,0.43,1.34
5.49,0.85,2.14
5.92,1.34,2.81
6.23,1.71,3.42
6.16,2.01,3.72
5.31,1.83,3.36
4.46,1.28,2.50
4.15,0.67,2.08
4.21,0.43,1.83
3.60,0.18,1.71
3.36,0.24,1.34
2.99,-0.06,1.16
2.81,-0.12,0.98
2.08,-0.49,0.79
1.28,-0.73,0.00
0.55,-1.16,-0.55
0.18,-0.98,-0.92
0.61,-0.67,-0.92
1.04,-0.18,-0.85
1.10,0.31,-0.79
1.28,0.67,-0.61
1.28,0.49,-0.79
1.59,0.24,-1.16
2.14,-0.18,-0.98
2.69,-0.18,-0.67
3.60,-0.18,-0.31
5.13,0.24,0.31
7.32,0.55,1.40
12.45,1.53,2.81
18.92,1.95,4.88
23.80,0.43,7.02
26.00,-8.18,6.47
26.86,-27.40,0.31
30.27,-26.49,-3.91
34.24,-27.28,-4.27
36.01,-24.05,-0.98
36.32,-6.71,4.70
37.90,-14.89,4.27
37.29,-17.58,3.30
36.74,-18.31,0.73
37.48,-14.22,4.58
36.50,-14.83,7.02
35.03,-8.36,7.26
36.01,-14.04,6.23
35.28,-6.29,5.68
32.90,-10.44,1.40
32.29,-12.63,2.08
28.87,-10.86,3.60
29.48,-17.27,5.68
27.22,-7.51,7.39
26.73,4.15,8.12
24.23,-1.95,6.96
24.84,-8.36,7.57
28.38,-6.04,8.54
30.09,-5.07,9.64
29.05,-4.03,7.57
31.56,-13.98,4.52
33.14,-11.41,11.05
34.42,-9.09,10.50
35.95,-2.69,8.85
33.87,-3.72,7.63
31.49,-0.67,7.87
28.56,-9.64,4.82
25.94,-5.19,6.23
24.17,8.85,8.67
19.71,2.26,6.96
18.25,-3.60,5.74
20.75,-4.46,5.37
19.78,-1.83,3.30
19.23,-9.52,-1.10
20.69,-3.66,3.36
18.55,3.97,6.16
17.40,4.46,5.49
16.72,5.25,6.16
14.16,-1.65,4.21
15.08,-13.98,-3.30
18.37,-6.41,-4.64
16.42,-5.49,-1.40
16.17,-3.60,-1.04
18.86,3.66,0.55
17.09,-0.49,2.26
20.08,-5.86,1.10
19.96,6.10,8.85
14.53,8.67,9.34
11.41,4.27,5.55
11.47,1.34,3.85
10.13,-1.22,3.23
9.22,-6.23,-0.92
10.01,-6.35,-3.48
8.97,-0.49,1.53
5.80,1.28,4.21
5.55,1.28,3.78
5.31,1.89,4.39
4.15,2.08,4.58
2.81,2.32,4.21
1.83,2.50,3.66
1.46,2.50,3.36
1.65,2.38,3.05
1.71,2.26,3.23
1.59,1.89,3.05
1.10,1.40,2.62
0.12,0.85,1.83
-1.53,0.24,0.85
-2.01,-0.12,0.43
-1.89,0.06,0.37
-1.34,0.98,1.04
-0.73,1.83,1.71
0.31,2.69,2.20
0.92,3.23,2.87
1.46,3.54,3.54
1.46,3.85,3.72
1.46,3.85,4.03
1.34,3.72,4.27
1.34,3.17,3.78
0.92,2.20,3.05
0.43,0.98,2.20
-0.06,0.31,1.40
-0.61,-0.24,0.73
-1.40,-0.67,0.24
-2.08,-0.61,-0.55
-1.77,-0.67,-0.67
-0.98,0.12,-0.37
0.49,1.28,0.73
1.46,2.14,1.83
1.65,2.69,2.87
2.01,3.17,3.66
2.69,3.30,4.03
2.69,2.81,4.03
2.38,2.62,3.23
1.89,1.89,2.56
1.22,1.04,2.14
1.10,1.04,1.65
1.10,1.16,1.53
1.10,1.28,1.95
1.40,1.95,2.20
1.71,2.56,2.75
1.59,3.17,3.36
1.59,3.97,3.97
1.77,4.58,4.21
1.89,5.00,4.21
1.83,4.88,3.72
1.10,4.39,2.99
0.67,3.72,2.14
0.31,2.75,1.22
-0.06,1.95,0.24
-0.43,1.10,-0.37
-0.55,0.67,-0.67
-0.37,0.73,-0.55
0.00,0.85,-0.18
0.61,1.34,0.37
0.92,1.83,0.55
1.22,2.26,0.61
1.34,2.50,0.61
1.40,2.56,0.67
1.28,2.44,0.43
1.22,2.26,0.00
1.04,1.95,-0.43
0.55,1.59,-0.61
0.61,1.10,-0.61
0.49,1.04,-0.73
0.31,0.85,-0.67
0.49,0.92,-0.55
0.73,0.98,-0.24
1.04,1.10,0.06
1.22,1.22,0.18
1.65,1.28,0.24
1.46,1.22,0.24
1.46,1.40,0.00















-,-,-
1.10,-0.37,0.43
1.04,0.12,0.31
0.79,0.37,0.37
0.85,0.79,0.37
1.28,0.98,0.43
0.98,0.92,0.61
0.67,0.55,0.61
0.79,0.18,0.31
0.79,-0.06,0.12
0.98,-0.37,0.24
0.85,-0.49,0.24
0.73,-0.67,0.12
0.55,-0.49,0.06
0.37,-0.37,0.06
0.55,0.00,0.06
0.85,0.31,0.18
0.92,0.37,0.37
0.92,0.49,0.61
1.16,0.73,1.04
1.28,0.67,1.28
1.16,0.79,1.40
1.16,0.73,1.16
0.67,0.61,0.92
0.55,0.55,0.67
0.49,0.37,0.49
0.24,0.31,0.24
0.00,0.24,0.18
-0.55,0.18,0.00
-1.34,0.00,-0.24
-2.01,-0.18,-0.85
-2.44,-0.37,-1.10
-2.32,-0.31,-1.10
-1.83,-0.18,-0.92
-1.71,-0.37,-0.85
-1.10,-0.43,-0.67
-0.43,-0.18,-0.06
0.61,0.31,0.73
1.34,0.73,1.40
2.44,1.28,1.83
3.48,1.59,2.08
3.85,1.77,2.26
4.27,1.65,2.01
5.68,1.59,2.14
7.02,1.53,2.44
7.93,1.10,2.69
8.85,0.43,2.56
10.31,-0.06,2.62
12.63,-1.10,2.69
14.95,-3.97,2.08
16.54,-8.48,0.24
15.75,-17.94,-3.23
12.51,-25.57,-9.70
13.49,-27.16,-13.92
14.40,-26.79,-13.61
17.03,-22.64,-9.95
23.74,-12.51,-3.72
27.95,-12.39,1.65
32.84,-13.24,3.85
40.04,-21.12,3.48
46.08,-22.34,4.52
49.68,-26.25,4.21
54.50,-26.61,3.54
57.25,-24.60,1.83
61.46,-23.32,-1.65
62.01,-25.39,2.01
62.56,-24.48,3.36
59.08,-20.14,5.13
56.21,-17.64,-2.14
52.61,-14.95,-1.22
47.42,-20.87,-3.97
52.92,-15.87,-4.15
48.77,-17.70,-1.04
48.89,-17.64,-2.14
42.79,-10.50,-1.77
37.60,-13.67,-3.60
32.41,-4.82,-0.31
23.32,-5.98,-0.49
19.78,-6.16,0.98
15.56,-5.68,1.89
15.56,-12.39,-1.89
19.47,-7.69,0.18
18.74,-4.64,1.83
18.92,-3.30,2.50
19.17,-2.26,3.17
19.04,-3.48,3.11
17.76,-6.96,2.01
15.75,-10.80,-0.55
14.53,-14.83,-6.16
16.97,-16.24,-9.09
19.41,-19.53,-8.85
21.48,-6.84,-2.50
20.14,-2.69,-1.77
19.23,-5.43,-1.59
19.65,-8.79,-0.98
16.48,0.18,2.20
13.12,2.50,1.10
8.54,-1.04,0.12
6.53,-4.70,-2.56
8.06,-3.60,-2.99
7.93,-3.42,-1.65
7.93,-2.14,-0.73
6.90,-0.43,-0.18
5.25,-0.24,0.37
2.50,-0.31,0.31
0.12,-0.67,-0.49
-1.59,-1.10,-0.98
-2.44,-1.04,-1.40
-3.11,-0.73,-1.34
-3.48,-0.24,-1.53
-4.46,0.31,-1.59
-5.31,0.67,-1.77
-6.23,1.16,-1.95
-7.14,1.65,-1.77
-7.93,1.89,-1.77
-8.61,2.26,-1.83
-9.09,2.62,-2.08
-7.75,2.62,-2.20
-6.23,3.05,-1.77
-4.88,3.36,-1.16
-3.85,3.42,-0.92
-3.42,3.36,-0.37
-3.60,3.30,0.49
-2.75,3.36,0.61
-2.08,3.36,0.85
-2.01,3.48,0.92
-1.59,3.48,0.92
-1.40,3.17,1.10
-1.34,2.87,1.10
-1.71,2.62,0.79
-1.89,2.20,0.31
-1.53,1.77,0.00
-1.53,1.40,-0.31
-1.28,1.46,-0.24
-0.98,1.40,-0.06
-0.79,1.34,-0.06
-1.04,1.40,-0.12
-1.46,1.46,0.00
-2.26,1.40,-0.24
-2.44,1.59,-0.24
-2.56,1.77,0.00
-1.89,1.83,0.12
-1.28,2.20,0.61
-0.79,2.38,0.98
-0.49,2.69,1.22
-0.06,2.81,1.40
0.06,2.75,1.71
0.37,2.93,1.77
0.92,2.87,1.71
0.98,2.56,1.65
1.04,2.32,1.77
1.16,2.14,1.71
1.16,2.08,1.77
1.16,1.83,1.59
1.22,1.77,1.28
1.40,1.83,1.04
1.16,1.71,1.22
1.22,1.83,1.16
0.98,1.59,1.10
0.61,1.59,0.85
0.73,1.65,0.79
0.61,1.46,0.79
0.55,1.34,0.73
0.61,1.10,0.73
0.73,1.04,0.73
0.92,1.16,0.85
0.92,1.22,0.92
0.73,1.28,0.73
0.43,1.22,0.61
0.61,1.28,0.73
0.61,1.04,0.92
0.67,0.92,0.79
0.73,0.92,0.61
1.04,0.55,0.79
1.28,0.37,0.79
1.34,0.43,0.67
1.46,0.24,0.67
1.46,0.31,0.98
1.40,0.61,0.85
1.40,0.73,0.73















-,-,-
0.73,0.73,1.10
1.10,1.34,1.34
1.22,1.46,1.28
0.92,1.40,1.28
1.22,1.46,0.79
0.92,1.10,0.43
0.49,0.43,0.18
0.24,0.06,-0.31
0.12,-0.37,-0.49
0.06,-0.49,-0.12
0.18,-0.55,0.12
0.31,-0.24,0.00
0.49,-0.12,-0.12
0.49,0.06,-0.18
0.43,0.18,-0.18
0.49,0.06,-0.24
0.79,0.24,-0.49
1.16,0.31,-0.85
0.18,0.00,-0.85
0.00,-0.06,-0.73
0.24,0.12,-0.43
0.49,-0.12,-0.18
-0.55,-0.67,-0.37
-1.10,-0.92,-0.55
-1.16,-0.85,-0.37
-0.43,-0.61,-0.31
-0.31,-0.31,-0.37
0.12,-0.12,-0.31
0.67,0.37,-0.12
1.10,0.55,-0.18
1.71,0.43,0.00
2.38,0.18,0.43
2.75,0.00,0.85
2.50,-0.61,1.40
2.62,-0.61,1.71
3.42,-0.43,1.71
5.55,-0.31,1.71
9.58,0.06,2.20
15.26,1.34,4.33
20.45,2.38,7.08
24.84,2.44,9.22
29.42,-1.89,8.67
30.52,-20.51,0.06
33.75,-26.79,-6.77
39.37,-29.36,-9.03
42.30,-24.54,-3.05
43.21,-22.64,-3.72
46.33,-19.78,-8.06
45.41,-21.61,-7.39
42.05,-19.84,-6.41
40.53,-20.57,-6.90
44.98,-17.33,-4.52
45.23,-18.80,-2.32
48.34,-20.08,-6.90
51.03,-20.63,-8.54
50.84,-19.84,-1.16
47.73,-16.48,-1.46
48.77,-17.82,-2.50
43.09,-16.11,-0.24
40.65,-21.12,-3.97
38.39,-12.08,-3.11
35.22,-8.06,-0.43
32.84,-7.75,-0.12
31.98,-10.31,-0.12
31.68,-15.44,-3.60
32.17,-2.20,3.72
27.71,6.53,10.50
23.56,-1.04,6.16
24.48,-14.34,-2.69
28.75,-16.11,-3.23
23.13,-16.17,-4.03
24.90,-15.75,-9.28
23.86,-7.75,-2.99
20.45,-4.03,1.77
21.36,-6.10,2.44
21.30,-10.44,-1.95
22.40,-17.88,-8.36
23.62,-27.59,-9.09
23.32,-13.31,-6.84
22.09,-5.98,-3.60
24.17,-12.39,-9.77
29.60,-7.81,-4.39
23.19,-10.93,-0.18
25.15,-20.57,-7.93
21.36,-3.17,-3.85
14.04,-9.58,-7.93
15.20,-11.60,-7.14
13.55,-5.98,-2.26
11.41,2.14,0.61
8.48,1.65,2.38
6.53,1.65,2.26
4.27,2.62,1.34
1.71,1.59,0.12
0.06,0.85,-0.79
-1.10,0.00,-1.53
-0.73,-0.43,-2.20
0.92,-0.37,-1.71
2.08,0.43,-0.43
2.69,1.04,0.31
2.99,1.40,0.73
2.81,1.77,1.04
3.05,2.50,1.71
3.11,3.11,2.32
2.56,3.66,2.75
1.59,3.54,2.50
0.06,3.17,1.65
-1.28,2.44,0.79
-2.75,1.83,-0.18
-3.85,1.16,-1.28
-4.58,0.79,-1.83
-5.37,0.79,-2.26
-6.23,1.10,-2.75
-6.65,1.53,-2.99
-6.65,2.08,-3.05
-6.04,2.93,-2.87
-5.49,3.72,-2.32
-5.13,3.85,-1.95
-5.00,3.91,-1.89
-4.46,4.15,-1.95
-4.21,4.03,-2.20
-3.85,3.42,-2.32
-3.36,2.81,-2.14
-2.75,2.50,-1.89
-2.50,2.20,-1.28
-2.26,1.83,-0.61
-1.71,1.77,0.06
-0.31,2.14,0.73
0.79,2.44,1.40
1.40,2.44,2.01
1.46,2.08,2.44
1.34,1.77,2.69
0.79,1.34,2.38
0.79,1.16,1.89
0.73,1.22,1.40
0.79,1.53,1.59
1.04,1.83,2.01
1.16,2.56,2.38
1.40,2.99,3.05
1.77,3.42,3.30
1.83,3.48,3.30
1.83,3.48,3.17
1.53,3.30,2.81
1.34,3.17,2.69
1.04,3.30,2.75
1.16,3.42,2.62
1.34,3.66,2.75
1.34,4.15,3.11
1.59,4.76,3.30
1.95,5.25,3.72
2.32,5.74,4.27
2.75,6.16,4.33
2.87,5.80,4.21
2.62,5.25,4.03
2.32,4.64,3.66
2.20,3.97,3.36
2.01,3.36,3.23
1.65,2.93,2.87
1.59,2.93,2.69
1.40,3.05,2.87
1.59,3.36,2.93
1.89,3.91,3.05
2.08,4.39,3.36
2.20,4.94,3.54
2.26,5.13,3.54
2.32,5.13,3.30
2.32,4.82,3.11
2.20,4.39,3.05
2.14,4.15,2.99
2.01,3.78,3.05
2.38,3.36,2.62
2.32,2.99,2.38
2.08,2.62,2.20
1.95,2.20,1.95
1.65,1.89,2.01
1.46,1.71,2.01
1.65,1.83,1.95
1.53,2.01,1.89
1.77,2.26,1.95
1.77,2.32,1.95















-,-,-
-8.18,-14.47,-8.61
-9.70,-15.50,-9.46
-10.74,-16.85,-9.64
-10.93,-17.88,-9.40
-10.50,-18.68,-9.28
-9.64,-18.74,-9.22
-8.61,-18.68,-8.91
-7.75,-18.31,-8.36
-7.14,-17.58,-7.57
-5.92,-16.54,-7.26
-4.76,-15.56,-7.02
-4.21,-14.59,-6.77
-3.72,-13.43,-6.35
-3.42,-12.33,-5.92
-2.75,-11.05,-5.55
-2.32,-10.01,-5.07
-1.71,-9.09,-4.70
-0.49,-8.42,-4.46
0.24,-7.87,-4.15
0.55,-7.69,-3.91
0.49,-7.69,-3.60
0.37,-7.63,-3.42
0.31,-7.39,-3.36
0.37,-7.14,-3.23
0.43,-6.90,-2.99
0.61,-6.23,-2.20
1.16,-5.37,-1.28
1.77,-4.27,-0.55
2.14,-3.17,0.06
2.69,-2.44,0.43
3.54,-1.71,0.79
4.58,-0.67,1.16
5.68,0.06,1.53
6.10,0.12,2.14
7.63,0.55,2.50
9.03,0.79,2.99
11.41,0.98,4.39
13.43,0.31,6.04
16.48,-3.48,7.87
18.55,-8.48,8.91
22.03,-13.18,9.40
26.00,-11.72,9.34
28.69,-9.46,8.06
31.68,-21.06,8.91
33.26,-23.56,11.05
35.46,-14.40,12.45
38.82,-14.83,14.34
36.99,-21.55,16.17
36.93,-11.35,14.83
39.55,-0.43,12.57
39.73,-6.65,14.34
43.46,-20.75,14.40
49.74,-8.42,19.29
53.28,-13.61,17.46
54.69,-15.38,16.97
54.32,-22.03,18.07
55.79,-25.45,20.02
53.47,-13.18,16.36
51.21,-18.19,11.23
47.30,-16.30,11.29
42.05,-13.18,8.42
42.60,-10.93,4.46
41.56,-14.95,10.86
37.90,-13.00,12.57
38.57,-7.20,7.63
35.10,-7.57,5.62
35.03,-17.46,2.75
37.96,0.85,8.91
34.85,8.18,11.47
32.47,-7.08,7.75
34.55,-4.33,9.89
33.08,-6.41,10.62
31.80,-10.74,8.85
31.56,-11.54,5.19
31.43,-7.87,4.33
30.70,-7.14,4.21
29.17,-13.06,1.59
34.48,-21.85,2.32
31.80,-3.91,8.85
29.85,-5.80,5.25
27.34,-10.62,6.29
25.21,3.30,11.05
23.99,6.04,10.68
17.82,3.36,9.83
14.77,6.29,7.63
12.63,7.87,6.84
10.01,7.39,7.14
8.48,5.80,6.59
7.51,5.37,5.80
6.53,5.31,5.07
5.07,4.82,4.33
3.05,4.15,3.85
0.67,3.48,3.30
-1.65,3.23,2.81
-3.54,3.23,2.50
-4.76,3.30,2.26
-5.37,3.72,1.83
-5.98,4.09,1.46
-6.35,4.15,1.22
-6.29,4.39,1.16
-5.92,4.52,1.10
-5.43,4.46,0.79
-5.31,4.33,0.79
-5.00,4.52,0.73
-4.39,4.88,0.85
-3.72,5.31,1.46
-2.93,6.04,2.01
-2.32,6.71,2.38
-1.71,7.39,2.62
-1.22,7.69,2.87
-0.73,7.69,2.87
-0.31,6.96,2.69
-0.37,5.92,2.44
-0.31,5.13,2.01
0.06,4.03,1.53
0.06,2.93,1.04
-0.18,2.08,0.79
0.18,1.53,0.12
0.43,1.04,-0.18
0.55,0.61,-0.24
0.49,0.49,-0.37
0.43,0.43,-0.49
0.49,0.67,-0.43
0.06,1.16,-0.18
0.00,1.53,0.06
0.00,2.32,0.12
0.06,2.69,0.31
0.31,3.17,0.37
0.85,3.48,0.61
1.34,3.54,1.04
1.65,3.42,1.28
1.83,2.81,1.10
1.59,2.14,0.98
1.40,1.53,0.92
1.10,0.98,0.73
0.92,0.73,0.49
0.55,0.61,0.31
0.61,0.98,-0.06
0.85,1.53,0.00
1.16,1.89,0.18
1.40,2.14,0.37
1.40,2.50,0.43
1.53,2.20,0.61
1.34,2.14,0.55
1.04,1.83,0.61
0.98,1.53,0.55
0.85,1.34,0.67
0.92,1.28,0.92
1.04,1.46,1.16
1.28,1.95,1.34
1.40,2.20,1.59
1.28,2.75,1.77
1.59,3.17,1.95
1.77,3.36,2.14
1.71,3.54,2.44
1.65,3.23,2.38
1.59,2.99,2.26
1.53,2.81,2.26
1.65,2.44,2.32
1.71,2.38,2.08
1.83,2.01,2.14
1.89,2.08,2.01
1.89,2.26,1.95
1.89,2.32,1.95
1.65,2.38,1.83
1.71,2.32,1.77
1.53,1.95,1.59
1.22,1.59,1.22
1.28,1.28,0.79
1.40,1.16,0.55
1.22,0.92,0.49
1.22,0.55,0.31
1.40,0.43,0.24
1.53,0.43,0.37
1.59,0.37,0.49
1.89,0.67,0.73
1.89,0.98,1.16
1.89,1.28,1.34
2.08,1.53,1.65
2.14,1.53,1.83















-,-,-
3.48,2.56,1.83
5.19,4.21,3.11
5.92,4.70,3.78
5.92,4.21,4.33
5.86,3.11,4.46
5.74,1.83,3.91
5.74,0.73,3.60
5.74,0.00,3.42
6.47,-0.31,3.11
7.51,-0.31,2.99
7.87,0.12,3.30
8.12,0.24,3.17
8.06,0.18,2.87
7.57,0.24,2.56
6.90,0.24,2.26
6.16,0.18,1.89
5.86,0.12,1.71
6.16,0.18,1.40
5.92,-0.31,1.28
5.74,-0.55,1.10
5.55,-0.79,0.85
5.55,-1.16,0.61
5.86,-1.22,0.73
6.29,-0.98,0.98
6.23,-1.04,1.34
6.23,-1.04,1.53
6.71,-1.16,1.46
7.02,-0.85,1.40
6.41,-1.10,1.28
5.86,-1.40,1.10
5.49,-1.71,0.73
5.13,-1.77,0.43
4.70,-1.95,0.18
4.64,-1.83,0.31
5.00,-1.46,0.49
5.62,-0.73,1.04
5.80,-0.24,1.65
6.16,0.00,2.01
7.14,0.31,1.95
7.32,0.12,2.50
8.30,0.31,2.99
9.22,0.49,3.54
10.07,0.43,4.09
10.74,-0.06,4.09
11.60,-1.28,3.78
11.47,-4.94,2.87
13.31,-10.86,1.46
15.56,-13.43,-0.85
17.27,-15.75,-5.31
21.06,-20.81,-6.96
25.39,-8.36,-1.10
26.18,-6.84,3.72
23.74,-17.21,3.42
27.22,-14.04,-0.06
29.05,-12.88,0.79
26.00,-11.60,4.58
26.18,-15.44,5.86
27.59,-15.87,5.25
32.90,-14.89,-0.67
38.02,-10.50,1.77
39.25,-22.03,3.97
43.76,-19.78,4.15
49.50,-15.99,2.32
47.67,-16.48,2.99
50.90,-29.60,1.46
52.80,-20.32,4.27
51.15,-14.16,3.48
46.33,-21.61,-3.60
47.00,-20.45,-5.31
43.82,-23.86,-3.85
47.91,-21.73,-3.48
47.91,-21.91,-3.05
52.00,-24.96,-5.74
52.61,-19.23,-6.10
49.07,-19.35,-6.23
43.03,-26.49,-5.98
38.70,-23.50,-8.79
36.93,-12.51,-1.65
29.17,-10.31,2.20
27.59,-9.83,2.69
25.82,-15.93,1.77
26.67,-4.27,2.62
21.42,-2.01,1.28
17.46,-6.77,0.92
14.71,-6.29,1.83
14.16,-11.78,-3.78
18.13,-4.46,-2.32
13.43,5.49,4.82
10.31,6.47,6.10
8.67,6.10,6.23
7.63,5.25,5.55
5.55,3.78,4.09
2.08,2.14,2.62
-0.98,0.67,0.98
-3.17,-0.43,-0.43
-4.94,-0.79,-1.46
-7.26,-1.04,-2.75
-8.36,-0.92,-3.42
-8.91,-0.55,-3.66
-8.48,0.61,-3.42
-7.93,1.83,-2.87
-7.26,3.36,-2.20
-6.59,4.76,-1.34
-5.98,5.98,-0.18
-4.94,6.96,0.73
-4.27,7.39,1.53
-4.46,7.45,2.38
-4.03,7.20,2.93
-3.72,6.65,3.05
-3.78,6.65,3.42
-3.48,6.71,3.60
-2.62,6.90,3.54
-2.01,7.20,3.60
-1.40,7.57,3.91
-0.98,7.93,4.21
-0.61,8.06,4.39
-0.18,8.06,4.52
0.37,7.14,4.15
0.43,5.86,3.66
0.18,4.33,3.11
0.18,3.11,2.56
0.00,1.77,2.14
-0.06,0.85,1.65
0.24,0.31,1.34
0.43,0.24,0.98
1.04,0.73,0.55
1.10,1.10,0.37
1.22,1.53,0.43
1.10,1.89,0.67
1.04,1.95,0.67
0.92,2.01,0.73
0.67,1.71,0.92
0.49,1.59,1.04
0.43,1.16,1.10
0.31,0.92,1.22
0.24,0.79,0.85
0.43,0.85,0.79
0.55,1.22,0.92
1.16,1.83,1.16
1.10,2.20,1.46
0.98,2.75,1.95
1.22,3.36,1.95
1.04,3.66,2.26
1.22,3.85,2.38
1.04,4.09,2.56
0.85,4.09,2.44
0.49,4.03,2.26
0.79,3.78,2.14
0.92,3.23,1.83
1.04,2.75,1.83
0.79,2.32,1.71
0.79,2.01,1.34
1.04,1.83,1.28
1.28,1.77,1.34
1.65,1.53,1.59
1.83,1.71,1.71
1.83,1.77,1.77
1.83,2.01,1.65
1.59,1.89,1.53
1.40,1.65,1.28
1.53,1.71,1.22
1.65,1.65,0.92
1.89,1.71,0.67
1.65,1.59,0.55
1.40,1.65,0.67
1.10,1.65,0.61
1.16,1.59,0.49
1.22,1.59,0.49
1.40,1.46,0.79
1.34,1.46,1.10
1.40,1.22,1.22
1.46,0.98,1.16
1.53,0.98,0.85
1.34,0.98,0.55
1.10,1.10,0.24
1.16,1.04,-0.18
1.04,0.98,-0.31
1.04,0.92,-0.61
1.04,0.73,-0.55
0.98,0.67,-0.67















-,-,-
1.22,1.10,1.40
0.98,1.04,1.28
0.73,0.98,1.28
0.85,0.92,0.98
0.61,0.73,0.92
0.79,0.67,0.55
0.85,0.37,0.24
0.98,0.24,0.18
1.10,0.00,0.18
1.22,0.00,0.18
1.10,-0.12,0.12
1.04,0.06,0.12
1.10,0.37,-0.06
1.65,0.67,0.18
1.71,0.79,0.18
1.59,0.98,0.31
1.59,0.79,0.61
1.53,0.79,0.85
1.65,0.79,0.98
1.65,0.73,1.10
1.77,0.67,1.22
1.77,0.49,1.34
1.53,0.61,1.22
1.34,0.73,1.22
1.34,1.16,1.04
1.34,1.34,0.98
1.46,1.40,0.98
1.65,1.34,0.85
1.59,1.16,0.73
1.34,0.79,0.73
1.04,0.43,0.43
1.16,0.31,0.55
1.40,0.37,0.61
1.59,0.55,0.55
1.59,0.49,0.61
1.40,0.37,0.79
1.04,0.43,0.73
1.10,0.55,0.79
1.04,0.67,0.73
1.04,0.49,0.43
1.16,0.49,0.43
0.92,0.43,0.18
0.98,0.06,0.06
0.92,-0.37,-0.06
0.85,-0.55,-0.06
0.73,-0.67,-0.12
0.79,-0.61,-0.24
0.98,-0.55,0.00
1.16,-0.67,-0.06
0.67,-1.16,-0.12
0.12,-1.53,-0.24
-0.12,-1.65,-0.31
-0.18,-1.46,-0.31
-0.12,-1.28,-0.37
0.00,-0.92,-0.43
0.43,-0.49,-0.31
1.04,-0.06,-0.06
1.34,0.00,0.31
1.71,0.12,0.55
1.89,-0.06,0.85
2.20,-0.18,0.73
2.62,-0.49,0.67
2.81,-0.55,0.61
2.69,-0.98,0.31
2.56,-1.46,-0.24
2.14,-1.71,-0.55
1.59,-1.83,-0.73
1.65,-1.83,-0.98
1.95,-1.77,-1.04
2.26,-1.53,-0.67
2.81,-1.46,-0.55
3.60,-1.83,-0.24
4.88,-2.32,-0.37
5.25,-3.17,-0.55
4.94,-4.21,-1.10
4.46,-5.49,-1.83
4.88,-6.53,-2.69
5.68,-7.45,-3.11
5.92,-7.93,-3.36
6.65,-8.85,-4.09
8.36,-10.19,-4.76
9.95,-11.72,-4.76
13.00,-12.02,-4.33
15.20,-12.70,-3.78
18.07,-12.88,-3.48
20.20,-14.34,-2.75
21.18,-24.84,-5.31
27.28,-41.69,-14.47
40.59,-35.28,-9.22
48.95,-36.80,-5.43
57.80,-40.10,-6.04
67.57,-48.16,-7.63
71.66,-43.03,0.12
67.26,-39.86,-1.65
64.39,-36.38,-6.71
62.56,-35.71,-3.85
63.54,-23.19,0.24
67.02,-20.75,7.87
76.72,-26.73,10.86
86.79,-26.12,14.83
89.84,-24.17,16.05
87.77,-28.20,13.00
86.98,-41.20,3.72
83.25,-29.11,4.70
76.84,-25.09,6.90
62.13,-23.07,9.34
51.88,-18.80,3.23
45.17,-8.24,5.62
35.03,-0.12,7.93
26.00,6.96,9.77
15.20,5.13,10.01
10.93,1.10,7.69
8.67,-2.14,5.07
5.86,-4.15,2.93
1.28,-5.43,1.10
-3.72,-5.92,-0.85
-8.12,-5.13,-2.38
-11.11,-3.60,-3.66
-13.92,-1.53,-4.21
-15.38,0.79,-4.27
-14.16,3.17,-3.78
-10.99,5.74,-2.99
-8.24,7.63,-1.46
-5.25,8.91,-0.37
-4.09,8.85,0.31
-3.72,7.81,0.92
-3.42,6.41,0.85
-3.66,4.94,0.73
-4.21,3.36,0.73
-4.03,2.08,0.37
-3.54,1.22,0.24
-3.36,0.92,0.49
-2.87,0.85,0.98
-1.89,1.53,1.16
-1.34,2.20,1.53
-1.10,2.75,1.40
-1.16,3.36,1.40
-1.10,3.54,1.04
-0.92,3.48,1.10
-0.98,3.54,1.10
-1.10,3.36,1.10
-0.67,3.11,0.55
-0.92,2.93,0.12
-1.22,2.38,-0.43
-1.46,1.95,-0.43
-1.53,1.95,-0.73
-1.95,1.89,-0.73
-1.71,2.20,-0.73
-1.53,2.56,-0.67
-1.04,3.11,-0.31
-0.73,3.42,0.43
-0.18,3.78,0.67
0.37,3.85,1.22
0.55,3.66,1.40
0.73,3.30,1.65
1.10,2.87,1.71
1.10,2.44,1.71
0.79,1.95,1.46
0.85,1.40,1.10
0.73,1.04,1.16
1.04,1.04,1.22
0.98,0.92,1.40
1.16,0.85,1.40
1.40,0.79,1.53
1.59,1.04,1.65
1.46,1.10,1.65
1.22,1.46,1.71
1.34,1.83,1.77
1.40,2.14,1.95
1.53,2.32,1.83
1.34,2.38,1.71
1.16,2.26,1.65
1.10,2.20,1.34
1.40,1.95,1.16
1.40,1.71,1.22
1.22,1.65,1.04
1.22,1.40,0.98
1.28,1.53,1.04
1.46,1.83,1.22
1.65,2.01,1.28















-,-,-
2.14,-2.20,-0.79
1.59,-2.56,-1.10
0.92,-3.30,-2.08
0.06,-4.52,-2.75
-1.10,-5.55,-3.36
-3.11,-6.41,-4.21
-4.39,-7.02,-5.19
-4.88,-7.39,-5.86
-5.49,-7.08,-5.74
-4.70,-6.53,-5.68
-4.88,-6.10,-5.31
-5.55,-6.10,-5.00
-6.04,-6.23,-5.49
-6.65,-7.02,-6.77
-7.69,-8.54,-7.57
-8.00,-9.64,-7.81
-8.30,-10.74,-7.87
-8.12,-11.66,-7.75
-8.24,-12.39,-7.87
-9.16,-12.88,-8.36
-9.77,-13.12,-9.03
-10.01,-12.94,-9.52
-10.19,-12.51,-9.95
-10.68,-12.51,-10.13
-11.47,-12.57,-10.50
-9.46,-12.21,-10.31
-6.29,-11.47,-8.79
-3.30,-9.70,-6.65
0.37,-7.57,-3.85
5.37,-4.76,-0.31
9.46,-2.87,2.50
10.13,-2.26,3.54
8.73,-2.99,2.87
7.20,-3.91,1.59
5.98,-4.21,1.16
6.10,-3.66,1.22
9.58,-2.26,2.44
16.42,0.98,4.94
21.48,5.62,8.79
24.05,8.97,11.60
24.35,9.89,12.08
21.97,9.22,11.54
18.49,7.39,9.70
15.50,4.70,7.57
13.79,2.44,5.68
13.43,1.28,4.94
14.28,1.16,4.64
16.17,1.16,4.64
20.20,-0.12,5.00
27.28,0.12,6.65
29.05,-4.39,7.08
32.84,-14.89,3.85
39.37,-15.81,3.85
42.18,-15.14,3.11
43.88,-16.42,0.61
47.79,-18.49,1.65
47.18,-17.21,2.62
52.92,-19.35,0.24
56.58,-26.43,0.18
61.04,-34.91,-6.41
64.88,-42.60,-8.18
61.34,-44.49,-9.64
64.88,-44.49,-12.63
66.89,-50.90,-10.86
68.97,-52.12,-15.63
74.34,-49.32,-17.82
71.72,-53.96,-15.38
65.19,-49.07,-13.12
53.83,-48.77,-5.25
43.21,-36.93,-8.36
34.55,-29.54,-10.31
26.73,-8.61,3.60
12.94,-7.63,5.74
10.99,-12.57,-0.18
7.75,-9.03,1.83
4.52,-9.09,2.14
2.93,-10.13,0.24
-0.12,-10.99,-1.28
-2.50,-11.35,-2.87
-4.52,-10.68,-3.97
-6.77,-8.91,-4.76
-9.03,-6.41,-5.00
-10.50,-3.48,-4.94
-10.56,-0.06,-4.52
-8.54,3.78,-3.60
-6.59,7.45,-2.14
-5.13,10.38,-0.55
-3.36,12.51,1.22
-2.62,13.98,2.87
-2.26,14.77,4.03
-1.71,14.77,4.46
-1.10,14.16,4.94
-0.79,13.37,5.25
0.06,12.57,5.31
0.73,11.05,5.13
0.85,9.40,5.00
0.85,8.06,4.70
1.10,6.84,4.58
1.59,6.04,4.52
1.77,5.25,4.46
2.26,4.82,4.21
2.20,4.76,3.72
2.20,4.39,3.60
2.81,4.58,3.54
3.42,4.76,3.54
4.33,4.88,3.66
5.31,4.76,3.78
5.98,4.46,4.09
6.04,3.97,4.52
5.55,3.11,4.46
5.07,2.38,4.03
4.52,1.83,3.78
4.33,1.77,3.91
4.15,1.77,4.03
4.03,2.08,4.21
4.03,2.50,4.21
4.27,2.87,4.33
4.58,3.17,4.39
4.70,2.99,4.21
4.46,2.75,3.91
3.85,2.26,3.36
2.87,1.53,2.56
1.95,0.67,1.77
0.98,0.37,1.16
0.49,0.43,0.55
-0.06,0.49,-0.18
-0.37,1.04,-0.43
-0.61,1.59,-0.31
0.00,2.38,0.12
1.04,2.87,0.73
1.53,3.17,1.40
1.89,3.05,1.89
2.14,2.81,2.08
2.01,2.50,2.08
1.71,2.14,2.14
1.46,1.89,2.08
1.10,1.71,2.14
1.22,1.65,2.08
1.59,1.77,2.14
2.01,2.01,2.14
2.32,2.14,2.20
2.44,1.83,2.26
2.26,1.46,1.89
2.14,1.10,1.40
2.01,0.85,1.22
2.14,0.92,1.16
2.44,1.10,1.28
2.50,1.53,1.71
2.75,1.95,1.95
3.05,2.20,2.01
3.17,2.14,1.95
3.30,2.01,2.14
3.36,1.77,1.95
3.30,1.46,1.77
3.23,1.04,1.89
2.81,0.79,1.53
2.44,0.43,1.10
1.77,0.00,1.22
1.40,0.24,1.28
1.59,0.79,1.53
1.83,1.28,1.95
2.01,1.89,1.95
2.20,2.26,1.95
2.26,2.44,2.01
2.32,2.44,1.95
2.44,2.26,1.71
2.14,2.08,1.59
2.14,1.77,1.53
2.01,1.95,1.40
1.83,1.77,1.40
1.77,1.71,1.34
1.65,1.77,1.40
1.65,2.01,1.53
1.83,2.08,1.53
1.83,1.95,1.59
1.71,1.95,1.83
1.71,1.95,1.95
1.40,1.83,2.26
1.77,2.14,2.50
2.26,2.69,2.75















-,-,-
2.08,-0.31,0.85
2.62,-0.61,0.92
2.20,-1.34,0.61
1.16,-1.95,0.12
-0.06,-2.75,-0.79
-0.85,-3.72,-1.28
-1.04,-4.03,-1.34
-0.98,-4.09,-1.10
-0.55,-3.97,-0.92
-0.06,-3.60,-0.55
0.55,-2.99,-0.24
0.00,-2.81,-0.31
-1.22,-2.56,-0.79
-2.26,-2.26,-1.46
-3.11,-2.26,-1.83
-3.60,-2.38,-1.89
-3.72,-2.44,-1.89
-4.15,-2.44,-1.77
-4.94,-2.44,-1.89
-5.55,-2.75,-1.77
-5.55,-2.38,-1.34
-5.92,-1.71,-0.43
-6.29,-1.22,0.00
-6.35,-0.67,-0.06
-6.10,-0.31,0.12
-6.10,-0.31,0.43
-5.07,-0.06,0.49
-3.66,0.55,1.10
-2.14,0.98,1.77
-0.37,1.65,2.32
0.92,2.14,2.69
2.20,2.81,2.87
3.72,3.42,3.66
5.80,4.39,4.52
7.87,5.19,5.49
10.07,5.80,6.47
12.15,6.59,7.57
14.22,7.26,8.54
16.54,7.93,9.70
20.14,8.67,11.05
23.74,9.58,12.63
24.41,9.95,13.55
23.56,9.52,12.82
22.16,8.67,11.60
21.73,8.18,11.35
23.01,8.06,11.84
25.82,8.61,12.94
28.75,9.40,14.22
30.64,9.77,15.38
31.74,6.29,15.75
32.41,-6.23,14.71
33.20,-15.50,12.02
34.48,-12.88,8.67
37.54,-13.43,7.93
35.40,-11.96,9.34
33.26,-11.72,5.43
30.94,-9.64,3.72
24.05,-11.72,0.85
20.26,-19.47,-5.80
17.70,-19.23,-9.46
16.30,-5.00,-4.52
15.63,-6.84,-1.71
18.37,-13.79,-0.73
20.32,-17.76,1.16
22.03,-14.53,1.28
23.86,-17.46,-0.98
26.61,-26.18,0.06
26.06,-27.28,-0.12
30.94,-21.79,1.40
29.36,-16.54,4.33
31.49,-26.00,2.56
32.53,-25.88,4.03
29.24,-8.73,1.89
29.36,-10.50,-4.39
27.71,-22.71,-2.69
29.11,-25.82,-0.24
32.23,-19.29,0.61
31.62,-15.44,0.73
31.62,-11.11,-1.28
29.05,-3.54,3.97
24.11,-1.71,6.04
23.38,-6.84,4.03
22.28,-2.20,6.65
21.97,-1.28,5.49
23.13,-8.97,1.77
24.78,-8.42,2.62
24.84,-6.90,1.16
26.25,-5.00,3.91
26.31,-6.53,2.81
27.59,-0.98,4.94
24.29,-4.94,7.81
24.23,-4.33,7.45
22.40,8.61,9.52
20.39,-3.60,6.10
21.85,0.06,6.35
21.55,4.76,7.45
19.47,-5.86,3.72
21.42,-4.15,4.15
21.61,-2.99,5.55
21.48,-2.32,5.55
21.42,-5.49,3.91
21.24,-14.28,-1.04
23.56,-9.70,-2.56
21.12,-4.46,0.55
20.69,-8.12,-0.92
20.57,-7.39,1.28
23.32,-10.31,-2.81
24.41,-14.10,-5.25
25.76,-8.73,-0.73
23.99,-2.62,3.72
21.36,1.22,4.09
22.22,-8.85,-1.77
23.68,-4.70,2.69
20.75,-5.31,5.13
20.51,-11.78,-0.92
21.18,-13.06,-3.91
20.57,-2.75,-1.46
19.29,1.04,3.11
17.64,-2.08,5.19
18.01,-15.56,-0.92
21.48,-9.83,-1.22
13.73,-4.03,-0.98
13.92,-8.00,-4.76
10.74,3.36,2.62
10.07,4.21,4.27
11.90,2.69,4.64
12.57,1.46,5.25
12.51,0.18,5.80
11.29,-0.73,5.43
9.70,-1.53,5.00
8.48,-1.53,4.39
8.00,-1.53,3.66
7.20,-0.98,3.30
5.92,-0.37,2.93
4.94,0.24,1.83
3.60,0.67,1.04
3.17,1.28,1.04
4.33,2.26,1.83
5.80,2.38,2.69
7.14,-1.89,1.95
8.42,-15.26,-2.44
10.86,-33.08,-12.02
13.73,-27.04,-15.26
10.01,-3.48,-3.23
1.10,3.60,2.32
-1.28,0.43,-1.04
-7.02,-2.50,-3.54
-18.55,-4.82,-7.08
-26.79,-8.30,-11.84
-30.03,-11.54,-14.04
-28.93,-12.63,-13.85
-24.78,-11.23,-12.08
-19.41,-8.30,-9.58
-14.65,-4.82,-6.65
-11.23,-1.40,-4.64
-9.03,1.89,-2.99
-6.90,5.13,-0.98
-4.64,7.51,1.16
-2.01,9.03,2.50
0.98,9.77,3.11
3.23,9.46,3.66
4.94,8.79,3.48
5.43,7.08,3.05
4.88,4.82,2.44
4.58,2.50,1.53
3.72,0.67,1.10
2.87,-0.73,0.73
2.69,-1.89,0.55
2.32,-2.20,0.61
1.89,-2.26,0.67
1.77,-1.89,0.67
1.89,-1.34,0.67
2.01,-0.55,0.61
1.71,0.24,0.43
1.95,0.73,0.31
2.62,1.46,0.18
2.93,1.77,0.37
2.99,1.83,0.24
2.69,1.46,-0.12















-,-,-
-10.86,6.84,-2.01
-10.80,7.08,-3.36
-10.25,5.86,-3.48
-9.46,3.05,-1.89
-8.00,0.18,0.92
-6.41,-2.32,3.66
-5.37,-3.85,5.25
-6.23,-3.91,5.74
-6.96,-2.44,5.62
-7.75,-0.98,5.55
-7.32,0.49,6.77
-6.35,0.24,8.79
-5.49,-1.77,9.03
-5.49,-4.21,7.57
-5.31,-5.25,5.86
-6.65,-4.64,5.37
-8.67,-3.05,6.59
-6.96,-1.53,7.87
-6.71,-0.79,9.46
-7.93,-1.28,10.31
-6.47,-3.66,10.19
-4.64,-6.90,11.11
-2.14,-9.95,12.88
0.79,-12.63,14.34
2.26,-12.82,13.55
2.50,-8.73,9.40
4.21,-6.53,6.29
4.76,-7.45,5.43
4.27,-6.65,4.15
4.15,-4.88,2.20
4.03,-4.03,0.92
3.66,-3.60,0.55
2.69,-3.66,0.79
1.77,-4.15,0.67
1.34,-4.88,0.67
1.65,-5.80,1.16
2.69,-6.90,1.65
1.28,-8.73,1.46
-2.08,-11.60,-0.18
-4.09,-13.37,-1.16
-5.07,-13.98,-1.28
-3.85,-13.43,-1.22
-2.14,-12.15,-1.22
-1.28,-11.05,-1.22
0.55,-10.56,-0.79
3.36,-10.07,0.43
5.74,-9.83,1.89
6.35,-9.89,2.62
4.88,-11.29,2.26
3.97,-12.76,1.04
3.36,-12.82,0.24
2.93,-11.60,0.12
3.60,-9.58,0.49
6.71,-6.59,1.59
10.50,-3.30,2.93
15.26,-0.61,4.39
23.86,-1.46,8.06
36.19,-4.94,13.61
53.16,-15.38,24.54
65.37,-10.01,28.69
73.61,-11.54,31.37
77.82,-22.09,29.36
82.28,-22.64,25.82
87.04,-26.31,27.77
89.54,-15.63,28.81
91.37,-13.98,25.94
92.65,-14.04,24.96
90.45,-5.98,28.93
82.34,-10.62,27.47
77.15,-14.47,25.33
64.15,-7.51,18.68
48.34,-9.22,16.05
33.33,-6.59,14.53
19.47,0.43,7.69
7.93,2.08,2.08
0.37,-4.88,1.10
-5.25,-12.33,-0.73
-9.34,-15.81,-1.53
-10.44,-15.20,-1.46
-8.85,-12.21,-1.10
-7.45,-8.79,-0.85
-5.80,-5.86,-1.04
-5.37,-3.60,-1.16
-5.98,-2.20,-1.59
-6.65,-1.34,-2.08
-5.62,-0.73,-2.20
-5.13,-0.55,-1.95
-4.33,-0.12,-1.89
-3.05,0.37,-1.46
-1.89,0.92,-0.92
-0.98,1.89,-0.31
-0.61,2.69,0.00
-0.24,3.23,0.24
0.61,4.09,0.61
0.79,4.76,0.67
0.49,5.07,0.55
0.79,5.37,0.92
1.04,6.23,1.40
1.04,7.51,1.65
1.28,9.09,1.77
1.28,10.62,2.26
0.24,12.76,2.50
-2.44,15.75,1.77
-5.55,19.10,0.79
-8.54,23.86,-0.37
-11.17,31.25,-2.56
-13.55,39.73,-10.44
-11.05,40.41,-23.74
-5.68,41.20,-32.35
-0.67,50.60,-33.69
5.00,64.88,-31.07
13.37,79.83,-27.47
20.81,90.82,-25.21
27.77,94.60,-24.60
34.06,93.63,-23.86
39.18,91.25,-22.03
43.52,88.87,-18.19
43.15,86.06,-15.99
43.88,82.46,-16.48
45.04,79.10,-15.26
44.43,75.01,-12.27
43.40,70.25,-9.09
40.22,64.70,-6.16
36.38,57.92,-4.21
34.06,51.70,-2.01
31.68,45.78,2.08
28.14,39.31,6.16
23.86,32.23,8.48
18.62,25.02,9.16
13.73,18.86,9.03
9.09,13.31,9.09
4.33,8.12,9.77
-0.06,2.69,10.68
-1.95,-2.56,10.80
-3.66,-7.57,11.90
-5.98,-11.96,13.98
-7.32,-15.38,16.24
-7.63,-18.13,17.27
-7.20,-20.20,17.21
-6.84,-20.81,16.85
-6.96,-19.41,15.75
-6.23,-16.42,13.98
-5.19,-13.55,12.21
-3.36,-11.54,10.80
-1.95,-9.46,10.44
-1.04,-7.39,10.25
-0.73,-5.98,9.83
-0.31,-5.07,8.67
-0.98,-4.33,7.08
-2.08,-2.93,7.87
-4.15,-1.10,9.95
-6.29,0.61,10.38
-6.16,1.34,8.73
-4.33,-0.43,7.93
-2.26,-3.36,8.54
-0.43,-6.47,9.28
0.85,-9.03,9.52
1.71,-11.23,8.91
1.46,-11.60,8.18
0.79,-10.50,7.57
0.73,-9.22,7.39
-0.43,-7.63,7.57
-2.56,-4.58,7.14
-4.15,-0.98,5.92
-3.78,1.46,5.07
-2.32,1.77,5.49
0.06,0.79,6.29
1.22,-0.61,5.92
1.71,-1.53,4.70
1.95,-1.59,3.30
2.32,-1.28,2.44
2.44,-0.85,2.81
2.87,-0.43,3.17
2.87,0.18,2.99
2.75,0.98,2.93
1.83,1.65,3.72
0.79,1.89,4.58
0.79,1.59,4.27
1.53,0.24,3.48
2.44,-2.08,2.87
















-,-,-
1.71,-0.49,0.12
1.59,-0.49,-0.06
1.46,-0.85,-0.24
1.71,-1.16,-0.61
2.14,-1.59,-0.92
1.83,-2.38,-1.16
1.10,-3.23,-1.59
0.06,-4.15,-1.89
-0.85,-4.58,-2.08
-0.98,-4.39,-1.53
-0.31,-3.42,-0.49
0.18,-2.01,0.43
0.61,-1.28,0.73
0.98,-0.85,0.92
0.98,-0.67,1.10
1.16,-0.55,1.04
1.04,-0.67,1.04
1.28,-1.10,0.98
1.40,-1.28,0.55
1.10,-1.46,-0.18
0.92,-1.46,-0.49
0.49,-1.28,-0.67
0.43,-0.79,-0.37
0.79,-0.37,0.06
1.65,0.43,0.31
2.44,1.16,0.73
3.66,1.83,1.10
5.43,2.50,1.40
7.14,3.11,1.89
8.18,3.54,2.75
9.70,3.66,3.23
11.17,3.78,3.42
12.27,3.78,3.66
12.76,3.36,3.30
13.55,3.05,3.36
16.11,3.66,4.27
20.51,4.70,5.49
29.11,3.91,7.63
44.01,-1.16,10.31
62.99,-4.09,14.53
80.20,-4.33,17.94
92.90,-6.04,18.01
97.84,-3.66,19.10
94.97,-3.42,19.59
87.83,-8.06,18.43
76.97,-5.92,14.83
66.89,-4.33,13.73
57.25,-1.95,11.35
52.25,-4.82,9.95
50.42,-4.82,8.73
51.76,-0.43,12.51
52.80,-4.46,13.12
56.40,-5.19,12.57
57.50,-9.64,12.33
56.09,-12.45,6.71
51.39,-11.41,1.28
45.72,-11.05,3.11
37.78,-4.46,3.60
32.41,-7.20,7.39
27.16,-1.22,8.54
25.15,2.87,5.98
20.63,-0.12,7.81
17.15,0.67,5.49
12.15,0.06,4.03
5.98,-2.50,3.30
0.37,-6.29,1.28
-4.21,-9.70,-0.98
-6.77,-11.60,-2.69
-7.63,-11.35,-3.60
-7.93,-10.01,-3.54
-8.18,-8.54,-3.54
-8.18,-7.20,-3.66
-7.57,-5.80,-3.60
-7.08,-4.39,-3.30
-7.39,-3.17,-2.93
-7.75,-1.89,-2.69
-8.91,-0.92,-2.62
-10.44,0.49,-2.69
-10.19,2.81,-2.01
-9.70,6.16,-0.67
-10.07,9.89,0.43
-10.44,13.55,1.04
-9.95,16.48,0.98
-7.69,19.10,0.43
-5.74,22.09,0.06
-5.07,24.54,-0.12
-3.85,24.84,2.08
-1.89,25.02,7.39
-0.61,34.91,6.96
1.34,50.84,-0.79
4.21,64.21,-10.13
8.48,73.55,-17.40
12.45,79.16,-20.32
15.38,80.69,-20.08
18.25,79.83,-18.31
19.47,78.86,-15.38
18.80,77.45,-11.84
18.55,76.05,-8.30
18.07,75.50,-4.52
18.19,75.20,-0.18
19.59,73.43,3.91
20.94,69.82,6.71
21.30,65.12,8.97
20.81,59.39,11.11
19.71,52.19,13.85
17.40,44.31,16.66
14.04,36.93,20.20
10.93,32.04,24.54
6.84,30.15,29.79
1.16,30.94,35.71
-4.70,32.84,41.32
-8.97,34.36,46.33
-12.15,35.46,51.57
-14.71,35.71,57.62
-16.66,34.91,63.90
-17.46,33.26,69.52
-19.90,32.29,72.88
-25.76,33.14,73.43
-33.75,35.40,72.20
-43.09,37.48,70.50
-52.98,38.09,69.52
-57.68,37.48,67.75
-56.52,34.18,65.43
-54.20,28.02,61.95
-51.27,19.04,56.64
-49.32,8.06,49.13
-50.96,-3.17,40.04
-53.89,-13.55,29.72
-63.29,-21.61,18.92
-67.32,-26.92,8.54
-66.35,-28.81,0.55
-69.82,-25.70,-4.52
-69.82,-22.22,-8.61
-63.78,-21.55,-14.22
-58.41,-23.56,-23.74
-55.18,-28.38,-37.23
-50.48,-34.67,-53.53
-43.88,-40.83,-70.07
-38.88,-44.25,-83.44
-33.87,-44.37,-89.05
-25.94,-42.42,-83.01
-17.40,-38.21,-66.35
-11.60,-28.93,-47.06
-6.35,-14.83,-33.08
-1.53,0.12,-26.37
2.50,10.13,-23.68
7.69,12.70,-21.67
12.02,8.61,-18.19
14.04,2.32,-14.53
14.22,-2.93,-11.60
12.82,-7.32,-9.46
9.95,-10.86,-7.69
6.84,-12.63,-5.98
4.15,-13.06,-3.91
1.83,-12.51,-1.77
0.73,-10.62,0.12
0.12,-8.18,1.40
1.22,-6.90,1.83
3.42,-7.08,0.98
5.13,-7.69,-0.85
7.26,-7.75,-2.87
9.46,-7.14,-4.09
12.15,-6.47,-4.70
14.77,-6.23,-5.00
17.27,-5.98,-5.37
20.02,-5.80,-5.62
22.28,-5.74,-5.31
22.22,-5.43,-4.88
20.45,-4.39,-5.00
18.07,-2.93,-5.43
15.75,-0.92,-6.41
13.79,1.16,-7.08
12.94,2.99,-6.90
13.06,3.66,-5.98
13.61,3.17,-4.88
13.06,2.38,-4.09
12.70,1.89,-3.23
11.23,1.40,-2.08
9.77,0.49,-0.92
9.22,-0.49,-0.61
















-,-,-
2.26,-0.31,0.67
2.14,-0.49,0.92
1.71,-1.04,0.85
0.92,-1.77,0.43
0.12,-2.14,0.43
0.00,-2.08,0.67
0.49,-1.53,0.85
1.04,-1.10,1.22
1.65,-0.61,1.46
2.32,0.06,1.59
2.93,0.61,1.77
3.66,0.92,1.89
3.72,0.61,1.89
3.36,0.12,1.65
2.75,-0.61,1.59
1.77,-1.22,0.92
1.22,-1.53,0.43
1.16,-1.46,0.37
1.40,-1.16,0.61
1.89,-0.73,0.73
2.01,-0.18,1.16
1.83,0.06,1.10
1.46,0.24,0.85
1.22,0.37,0.85
1.34,0.61,0.98
1.46,0.85,1.22
1.77,0.92,1.53
2.62,0.79,1.71
3.11,0.67,1.95
3.60,0.49,2.20
4.09,0.06,2.26
4.21,-0.31,2.14
3.91,-0.49,2.01
3.60,-0.73,1.59
3.30,-0.79,1.34
3.42,-0.37,1.28
4.33,0.37,1.22
5.13,1.28,1.46
5.92,1.34,1.95
7.45,1.59,2.20
8.18,1.28,2.38
8.06,0.85,2.87
7.63,0.31,2.93
6.96,-0.06,2.81
7.14,0.00,3.05
8.00,0.79,3.17
9.16,1.16,3.11
9.77,1.04,2.81
8.67,0.49,2.26
8.12,-0.73,1.71
8.42,-2.44,2.26
9.70,-5.98,3.97
14.40,-16.17,7.93
19.65,-15.14,5.80
23.62,-16.05,3.42
24.84,-15.32,3.11
28.20,-17.21,3.54
27.83,-15.99,3.17
26.86,-12.88,3.05
23.62,-9.46,5.31
24.84,-11.78,8.85
26.12,-3.48,6.23
28.81,-5.55,6.53
33.57,-3.66,11.11
37.29,-0.92,13.79
41.69,-3.42,19.96
45.53,-7.93,20.45
48.65,-8.48,13.61
52.19,-5.62,11.47
53.53,-2.50,14.34
56.40,-10.80,15.50
55.11,-2.20,14.83
49.62,-5.43,16.85
42.24,-1.59,11.41
36.32,-2.75,8.00
30.58,-3.78,4.52
25.76,0.43,6.16
17.64,1.65,6.10
9.83,-5.19,4.03
4.39,-4.82,1.40
-1.34,-4.64,-0.61
-4.94,-7.20,-1.59
-4.70,-8.42,-2.14
-4.09,-7.81,-1.83
-2.62,-5.62,-0.92
0.31,-2.50,0.67
4.21,1.34,2.93
6.41,4.70,5.00
7.57,6.47,5.92
7.08,6.47,5.92
6.04,5.25,5.68
4.21,3.23,4.88
2.32,1.10,3.85
1.04,-0.73,2.93
0.06,-2.08,1.71
-0.43,-2.44,1.28
-0.49,-1.89,1.46
0.37,-0.85,1.83
1.40,1.04,2.14
2.32,2.81,2.44
3.17,4.33,2.75
3.85,5.07,2.99
4.46,5.49,3.36
5.25,5.74,3.91
5.68,5.37,4.39
5.80,4.76,4.64
5.49,3.91,4.39
4.82,2.81,4.21
3.91,1.83,3.66
3.23,1.04,3.23
2.93,0.79,2.99
3.17,0.79,2.93
3.60,1.89,2.99
4.15,3.11,3.23
4.82,3.97,3.42
5.19,4.58,3.48
5.68,0.73,3.85
9.64,-8.67,6.59
12.45,-0.18,7.57
10.07,4.21,5.43
8.54,2.32,4.03
7.57,3.23,3.17
5.19,-0.79,3.42
1.65,0.61,0.92
-4.21,-1.83,-1.04
-7.93,-6.23,-2.44
-9.64,-8.36,-3.17
-10.07,-7.63,-2.56
-8.97,-5.25,-1.77
-6.65,-2.20,-0.92
-4.33,0.73,-0.12
-2.81,3.23,0.12
-3.30,5.13,0.18
-5.68,6.59,-0.37
-9.77,8.00,-1.46
-15.01,9.89,-3.11
-19.53,12.21,-4.82
-23.86,16.36,-6.71
-25.57,23.19,-8.54
-21.55,28.99,-10.68
-16.17,33.39,-9.77
-12.33,40.89,-10.68
-5.74,56.27,-22.71
4.46,74.16,-40.53
15.56,87.34,-54.99
27.22,95.64,-62.50
38.76,100.28,-63.23
49.01,102.60,-59.20
59.27,101.93,-53.96
69.34,97.90,-48.46
76.11,91.49,-41.69
77.64,84.66,-34.55
76.72,77.58,-30.21
73.24,71.41,-28.81
68.79,66.59,-29.05
64.09,64.94,-26.86
59.63,65.25,-21.30
56.34,65.49,-14.89
54.44,63.29,-8.73
50.96,58.29,-3.05
45.96,49.80,2.32
42.18,38.45,6.47
38.27,26.06,10.07
33.75,14.16,11.41
27.28,6.16,11.17
20.81,2.69,10.99
15.63,1.34,12.45
12.39,0.31,15.44
8.73,-1.22,18.49
5.49,-1.77,20.81
2.26,0.31,21.85
1.04,4.46,23.50
1.71,8.85,26.25
4.39,11.60,28.14
8.67,12.02,28.69
12.21,10.31,28.14
12.76,9.09,26.25
9.22,11.96,24.78
3.23,18.62,25.33
-1.16,26.00,27.10
















-,-,-
2.01,0.55,1.40
2.26,0.18,1.65
1.95,-0.31,2.01
1.46,-0.49,2.01
1.16,-0.61,1.95
0.79,-0.85,1.59
0.49,-0.79,1.22
0.31,-0.67,0.92
0.37,-0.24,0.85
0.85,0.12,0.67
1.28,0.00,0.67
1.28,-0.37,0.92
1.46,-0.92,0.92
1.53,-1.59,0.92
1.40,-2.20,1.16
1.04,-2.50,1.28
0.73,-2.62,1.34
0.61,-2.50,1.40
0.92,-1.83,1.59
1.34,-1.34,1.95
1.53,-0.85,2.14
1.83,-0.67,2.08
1.89,-0.37,2.01
1.89,-0.31,2.20
2.26,-0.06,2.20
2.75,-0.06,2.14
3.23,-0.31,2.32
3.72,-0.92,2.32
4.03,-1.77,2.50
4.03,-2.69,2.81
3.85,-3.36,2.81
3.60,-3.23,2.93
5.19,-2.14,3.54
6.96,-1.28,4.70
8.36,-1.04,5.43
8.42,-0.98,5.49
7.51,-1.65,5.19
6.90,-2.26,5.07
8.06,-3.05,5.37
10.25,-7.93,6.53
16.24,-18.19,8.30
21.48,-12.08,9.58
24.90,-14.59,13.12
29.85,-13.49,13.67
30.52,-5.92,9.95
33.20,-14.59,14.83
32.10,-8.48,11.60
31.56,-7.45,8.48
28.44,1.10,9.58
28.81,-17.46,13.18
30.70,-6.16,7.51
30.21,-5.19,5.07
30.58,-12.33,4.15
35.22,-9.03,5.25
34.79,-10.50,8.61
35.16,-9.95,8.85
34.00,-5.98,9.70
31.37,-8.73,6.84
27.34,-4.33,0.67
24.23,-8.42,1.40
22.71,-5.74,2.38
20.63,-0.24,4.21
17.33,-1.16,4.52
18.37,-6.84,4.64
18.31,-2.01,5.19
17.03,-4.03,5.25
18.86,-4.76,5.80
17.46,7.02,5.07
13.37,7.93,4.64
11.96,5.25,4.03
11.47,2.38,3.30
10.93,0.92,3.30
9.83,0.24,3.05
8.36,-0.18,2.62
7.20,-0.92,2.20
7.02,-3.42,2.01
8.06,-9.22,1.22
10.50,-5.62,-1.65
9.89,-0.55,0.79
10.68,-0.79,1.53
11.29,3.78,2.50
9.34,1.22,3.11
8.00,-0.73,2.14
4.94,0.49,0.79
1.77,0.31,0.18
0.24,-0.98,-0.49
-0.18,-2.08,-0.79
0.18,-2.32,-0.98
1.28,-1.77,-0.55
2.56,-0.49,0.49
3.30,0.61,1.16
3.48,1.34,1.71
3.54,2.01,2.08
3.54,2.56,2.32
3.60,3.17,2.38
4.21,3.78,2.32
4.33,3.72,2.44
4.27,3.72,2.38
4.39,3.30,2.62
4.46,2.87,2.69
4.58,2.56,2.50
4.64,2.62,2.38
4.27,2.93,2.14
4.21,3.78,2.08
5.00,4.88,2.20
5.55,5.62,2.56
6.16,5.62,2.93
7.14,4.33,3.72
8.73,-2.93,5.55
12.57,-11.41,6.96
14.28,-2.32,4.21
10.62,5.74,2.99
10.01,1.59,2.44
12.57,2.93,4.94
12.33,4.58,6.16
9.77,4.94,5.13
6.59,2.50,3.78
3.48,-0.85,2.69
1.10,-3.42,1.65
-0.49,-4.76,0.73
-0.61,-4.82,0.06
-0.37,-3.91,-0.43
0.00,-2.38,-0.73
0.67,-1.04,-0.67
1.53,0.49,-0.06
2.01,1.22,0.79
1.53,0.92,0.92
-0.43,-0.37,0.37
-2.93,-0.92,-0.49
-5.80,0.06,-0.73
-8.67,2.75,-0.67
-10.50,7.69,-0.55
-11.72,13.49,-0.12
-14.22,18.49,0.18
-18.55,21.18,-1.34
-25.15,23.19,-3.66
-29.48,27.47,-12.45
-30.09,36.01,-34.55
-21.18,53.96,-52.31
-7.45,76.90,-59.33
7.87,98.33,-60.73
23.38,112.85,-61.04
37.23,118.90,-62.74
49.19,116.58,-65.92
58.65,108.22,-67.75
65.37,96.07,-66.04
69.46,84.35,-60.18
71.47,74.16,-52.73
71.04,67.08,-45.41
69.21,61.46,-38.09
66.59,54.69,-32.10
63.11,45.29,-27.59
59.33,33.45,-24.17
53.65,19.41,-21.00
47.36,5.00,-17.21
40.83,-8.30,-11.96
34.36,-21.36,-5.80
26.61,-31.07,1.22
19.78,-36.44,9.46
12.94,-38.64,17.52
7.02,-38.21,22.95
2.62,-36.62,26.67
-0.92,-35.95,29.85
-4.27,-37.66,32.10
-8.18,-39.92,32.29
-12.21,-40.59,30.33
-15.14,-39.25,27.47
-16.54,-36.38,25.21
-16.97,-32.04,23.86
-17.09,-26.79,23.44
-16.42,-21.36,22.64
-14.71,-16.11,20.81
-12.63,-12.45,18.55
-9.70,-10.44,16.97
-7.87,-9.58,15.63
-6.16,-9.70,13.79
-4.94,-9.83,11.47
-4.27,-8.48,8.91
-3.05,-6.71,7.45
-1.83,-4.58,7.08
















-,-,-
0.79,-2.38,-0.12
1.04,-1.95,0.12
1.28,-1.71,0.24
1.22,-1.46,0.31
1.22,-1.65,0.12
0.49,-2.56,-0.31
-0.49,-3.66,-1.10
-1.22,-4.70,-1.53
-1.71,-5.55,-1.46
-2.50,-6.35,-1.46
-2.38,-6.29,-1.46
-1.46,-6.04,-0.98
-0.37,-5.31,-0.61
0.12,-4.58,-0.55
0.06,-3.97,-0.61
0.24,-3.60,-0.55
0.55,-2.99,-0.49
0.98,-2.75,-0.31
1.10,-2.50,-0.06
1.04,-2.20,0.06
1.22,-2.01,0.24
1.46,-1.71,0.73
1.65,-1.34,1.10
1.77,-1.16,1.16
1.95,-0.98,1.22
2.26,-0.79,1.28
2.93,-0.85,1.34
3.30,-0.79,1.46
3.54,-0.85,1.53
3.48,-1.22,1.28
2.93,-1.53,0.98
2.32,-1.89,0.73
1.95,-1.83,0.61
1.89,-1.59,0.85
2.50,-1.28,1.16
3.05,-0.79,1.34
2.99,-0.55,1.46
3.11,-0.37,1.40
3.42,0.31,1.59
4.03,0.85,2.01
5.49,1.77,2.20
7.57,2.26,2.81
9.22,2.44,3.66
10.19,2.62,4.09
11.17,2.75,4.21
14.53,3.85,4.94
21.12,6.04,6.59
33.14,10.80,10.25
46.39,16.48,15.26
58.59,15.56,20.81
67.93,-0.37,21.42
75.38,-10.19,11.54
79.16,-12.15,3.42
78.98,-20.51,-2.44
84.35,-24.29,-1.34
87.89,-15.50,5.98
87.34,-16.05,2.01
81.60,-11.29,-0.31
71.47,-15.75,-0.92
60.42,-5.19,4.88
42.60,-5.25,7.26
27.71,-4.58,0.85
15.20,2.50,0.43
2.08,-1.95,1.22
-5.25,-7.93,-1.59
-8.79,-16.05,-4.15
-7.45,-19.84,-5.07
-2.81,-18.68,-4.27
4.64,-13.79,-1.46
12.57,-7.51,2.26
18.31,-2.20,5.19
20.94,2.44,7.39
19.53,5.49,8.97
17.76,7.26,9.64
15.81,7.87,9.46
13.61,6.90,8.54
10.01,4.76,7.20
5.13,1.89,4.88
0.92,-0.92,2.01
-2.38,-2.81,-0.24
-4.58,-3.60,-2.14
-5.62,-3.66,-3.36
-5.13,-2.50,-3.30
-4.21,-0.61,-2.99
-3.54,1.46,-2.62
-2.93,3.17,-2.26
-1.71,4.27,-1.95
-1.16,4.88,-1.28
-1.34,4.27,-1.04
-1.46,3.05,-1.04
-1.59,1.71,-0.79
-1.83,0.55,-0.55
-1.77,-0.43,-0.12
-0.79,-0.79,0.06
0.24,-1.22,0.79
1.10,-1.16,1.34
1.77,-0.92,1.83
2.01,-0.37,2.08
2.44,0.37,2.20
2.81,1.04,2.20
2.99,1.71,2.26
3.11,2.38,2.08
2.87,3.17,2.08
2.62,3.66,1.71
2.14,3.85,1.34
0.85,4.09,1.28
-1.10,4.76,1.46
-2.26,6.53,1.40
-4.39,9.34,1.40
-6.96,13.24,1.71
-10.31,19.17,2.20
-14.16,26.55,2.38
-14.59,34.30,1.46
-12.08,42.11,0.67
-6.77,47.12,2.50
0.31,49.32,1.77
8.18,65.06,-10.68
19.23,83.25,-30.21
31.49,97.11,-47.79
42.97,107.30,-58.35
53.89,112.73,-60.97
68.05,111.88,-57.43
77.64,105.83,-48.40
86.06,95.70,-37.60
93.02,83.68,-28.99
97.66,69.95,-22.22
96.56,56.58,-16.42
88.32,46.39,-11.47
77.03,39.92,-7.45
63.11,36.68,-3.97
48.46,34.85,-0.43
34.00,34.67,3.36
21.18,37.78,10.19
13.85,38.27,21.73
9.40,29.17,33.26
7.51,12.39,38.39
6.41,-5.43,36.50
2.93,-19.41,33.02
-2.08,-27.53,33.02
-6.84,-29.24,36.68
-9.70,-24.11,40.41
-11.35,-13.31,43.03
-10.25,-1.28,45.41
-7.02,8.91,47.36
-3.54,16.30,47.73
-1.28,21.42,47.61
-1.40,25.51,47.42
-5.98,29.11,47.36
-12.27,31.86,47.49
-19.29,32.84,48.10
-26.67,31.43,49.93
-33.26,26.92,52.55
-38.33,19.29,54.81
-43.03,7.69,54.02
-48.89,-6.84,48.46
-56.58,-22.22,38.45
-65.49,-36.01,26.73
-77.64,-47.55,16.72
-89.84,-54.93,10.44
-99.85,-58.59,8.67
-105.29,-59.27,10.74
-105.10,-56.76,13.92
-100.22,-50.84,15.63
-92.90,-44.74,13.85
-84.59,-39.18,5.37
-77.76,-34.00,-7.39
-68.85,-28.38,-20.63
-56.34,-24.66,-31.01
-44.31,-23.99,-38.39
-35.83,-25.39,-46.75
-30.46,-27.89,-56.70
-24.66,-27.89,-64.09
-19.41,-23.62,-65.00
-14.89,-15.93,-59.08
-8.85,-6.23,-46.63
-3.78,2.69,-29.54
-3.17,8.79,-15.99
-4.21,10.19,-11.72
-5.98,7.08,-13.61
-8.12,1.46,-15.44
















-,-,-
1.34,-0.43,-1.34
1.34,0.73,-1.89
1.10,1.65,-1.89
0.73,1.71,-1.46
-0.06,1.22,-1.04
-0.79,0.37,-0.37
-1.40,-0.73,0.12
-1.89,-1.53,0.31
-1.65,-2.01,0.18
-0.92,-2.32,0.18
-0.55,-2.08,0.37
-0.49,-1.65,0.61
-1.04,-0.85,1.10
-1.95,0.37,1.16
-2.87,1.16,1.46
-2.99,1.10,1.71
-2.44,0.31,1.77
-1.59,-0.43,2.08
-1.95,-0.67,2.50
-2.62,0.00,1.89
-2.99,0.73,1.16
-2.81,0.92,0.12
-1.77,0.79,-1.04
-0.55,-0.06,-1.22
0.37,-1.59,-0.92
1.46,-1.95,-0.92
2.62,-1.95,-0.73
3.23,-2.50,0.24
3.72,-4.33,1.59
2.87,-7.26,2.69
1.16,-10.01,3.85
0.06,-9.77,4.15
0.79,-5.31,0.12
1.77,-5.80,0.00
3.11,-7.26,0.92
4.52,-6.29,1.16
4.82,-5.86,2.01
4.15,-7.51,2.38
2.62,-10.38,1.34
-0.98,-14.34,-0.43
-5.07,-17.88,-1.77
-7.69,-20.14,-2.44
-8.36,-21.73,-3.17
-8.48,-22.22,-3.36
-5.62,-20.81,-3.30
0.00,-17.70,-1.95
7.87,-14.34,0.79
16.60,-11.96,4.27
23.38,-12.21,7.39
30.70,-20.69,10.07
42.60,-29.36,10.86
58.65,-31.92,11.29
77.39,-36.50,13.61
98.63,-35.95,18.01
115.66,-31.68,23.07
122.13,-34.06,22.89
118.90,-38.02,15.87
100.22,-40.34,10.25
72.14,-33.26,11.47
46.02,-26.43,7.02
27.95,-14.10,2.62
14.10,-2.14,0.67
3.23,-2.50,3.17
-3.91,-11.84,0.73
-7.93,-21.12,-2.26
-11.11,-24.54,-3.72
-13.67,-22.58,-4.09
-14.65,-18.07,-4.27
-12.51,-12.21,-4.76
-9.70,-6.59,-4.70
-6.10,-1.28,-3.97
-2.38,3.54,-2.56
-0.12,6.65,-0.79
-0.31,7.57,0.31
-0.31,6.77,0.85
-0.06,5.25,1.65
0.18,3.48,2.20
0.61,1.95,2.20
0.24,0.73,1.89
-0.18,0.24,1.46
0.06,0.31,0.98
0.31,1.34,1.16
0.61,2.93,1.34
1.10,4.64,1.22
1.59,6.47,1.16
1.71,7.93,1.46
1.10,8.91,1.16
0.06,9.58,0.55
-1.28,10.74,0.06
-2.99,12.08,-0.31
-4.39,13.61,-0.98
-6.10,15.44,-1.65
-7.45,18.13,-2.38
-8.54,21.61,-3.72
-9.28,26.49,-4.88
-9.70,26.73,-7.87
-8.06,26.49,-14.59
-4.03,31.07,-21.48
-0.55,41.08,-26.92
4.27,53.16,-29.85
10.80,62.93,-30.76
17.21,68.12,-30.58
22.64,69.64,-30.15
26.31,69.03,-29.42
28.02,67.69,-26.67
29.54,65.12,-23.25
30.15,61.16,-19.41
30.82,56.76,-15.81
31.80,51.76,-11.96
31.98,46.26,-8.00
31.37,40.47,-4.39
30.76,35.71,-1.28
31.19,30.94,2.38
32.41,25.15,6.04
33.14,17.70,9.58
32.65,10.13,12.21
31.49,4.03,13.55
29.91,1.10,14.28
27.83,1.59,15.14
26.31,3.60,15.56
25.57,7.26,16.11
24.54,13.49,17.21
23.25,20.94,19.17
20.94,28.50,21.00
18.86,34.30,21.36
18.07,37.84,20.51
17.76,40.28,20.20
17.88,41.87,22.16
18.07,41.50,25.39
17.70,39.55,28.56
17.40,37.78,32.10
15.08,36.07,36.13
9.28,33.63,41.08
1.16,30.27,46.57
-9.64,25.39,52.37
-27.40,21.06,55.05
-30.82,17.70,54.08
-37.48,15.32,52.61
-40.04,14.22,51.15
-38.57,13.98,50.54
-39.18,14.59,49.38
-35.89,12.51,47.61
-29.36,8.48,44.43
-25.82,4.88,39.79
-26.06,0.98,34.91
-29.05,-3.66,30.52
-31.07,-9.52,26.98
-33.87,-16.97,23.19
-36.19,-28.93,19.23
-37.54,-43.76,12.08
-38.94,-55.18,0.43
-36.93,-61.40,-12.94
-33.63,-65.37,-26.61
-29.60,-67.20,-41.69
-23.19,-67.44,-58.04
-16.11,-67.02,-71.96
-11.05,-67.93,-80.99
-2.69,-69.58,-81.18
3.66,-70.19,-69.76
5.74,-64.58,-51.88
5.86,-49.93,-38.27
4.76,-29.48,-33.26
4.39,-9.58,-33.57
4.94,3.66,-32.29
5.74,10.31,-26.00
7.45,10.80,-18.01
8.36,7.63,-11.96
7.75,3.72,-9.16
6.84,-0.43,-7.45
5.19,-4.76,-5.00
2.99,-9.58,-1.89
0.85,-13.18,1.40
-0.06,-15.50,3.54
-2.56,-17.03,4.39
-4.82,-16.85,3.23
-6.35,-15.69,0.92
-6.41,-14.71,-0.55
-5.07,-13.85,-0.92
-4.03,-13.00,-0.85
-3.42,-11.41,-0.37
















-,-,-
24.84,3.72,10.19
23.80,0.85,10.38
18.25,-9.40,7.51
14.10,-16.24,2.75
11.84,-15.26,1.10
10.93,-18.62,1.10
13.67,-10.07,0.43
15.63,-1.65,1.59
17.09,2.26,4.09
16.54,-0.85,5.19
15.56,-12.21,4.03
15.75,-14.89,-0.67
15.99,-10.56,2.14
16.30,-7.08,4.33
19.41,-2.44,2.75
23.93,-8.85,2.87
34.24,-15.63,4.70
45.10,-9.46,8.79
54.20,-10.99,9.89
66.10,-13.79,13.31
76.78,-17.58,12.82
86.79,-20.75,11.41
94.79,-23.13,10.62
96.80,-20.87,14.34
90.64,-22.71,18.92
76.17,-16.91,10.25
57.56,-16.48,4.70
37.66,-11.66,0.18
24.11,-6.53,2.44
9.83,-0.55,1.77
-1.34,-3.42,0.18
-7.63,-10.86,-1.28
-10.93,-16.91,-2.81
-11.96,-18.25,-3.54
-11.96,-16.42,-3.60
-10.44,-12.27,-3.30
-8.79,-7.69,-3.05
-5.43,-3.66,-2.50
-2.87,0.00,-0.92
-0.98,3.30,0.85
-0.61,4.58,1.89
-1.28,4.27,2.01
-2.08,2.93,1.77
-3.05,1.65,1.59
-2.50,2.01,1.59
-0.73,3.05,2.14
0.73,4.46,2.56
1.22,5.74,2.50
1.53,6.71,2.56
1.34,8.00,2.69
0.98,9.34,2.75
0.31,11.05,2.69
-0.37,13.06,2.75
-0.18,15.01,2.75
-0.79,16.91,2.81
-1.77,18.43,2.50
-3.17,19.65,2.01
-4.09,20.87,1.46
-5.00,22.16,0.79
-5.68,23.56,-0.37
-6.35,25.57,-1.46
-7.57,28.38,-1.77
-8.61,31.68,-1.77
-7.93,33.33,-1.65
-6.84,35.77,-3.66
-4.52,47.00,-10.44
0.79,62.81,-19.78
6.29,74.95,-26.37
11.90,82.21,-30.09
18.19,83.92,-32.35
23.62,80.87,-32.96
26.79,76.23,-32.04
28.08,71.17,-28.56
27.04,66.28,-23.68
23.74,61.34,-19.10
20.26,55.79,-15.14
16.30,48.89,-11.17
12.39,39.98,-7.39
9.83,30.40,-4.58
7.81,20.57,-1.59
5.31,10.86,2.62
2.87,2.44,6.96
0.98,-4.21,11.29
-0.43,-10.31,15.14
-1.53,-15.56,17.40
-2.20,-19.10,18.07
-1.04,-20.08,17.82
0.61,-18.98,17.03
1.46,-16.91,16.05
2.56,-13.92,15.20
3.78,-9.77,14.04
5.25,-5.43,13.24
7.02,-0.12,12.63
9.64,5.98,12.15
13.37,11.78,11.84
17.03,17.27,10.80
21.24,22.46,8.79
24.35,26.73,7.87
25.70,30.33,8.54
26.18,34.00,11.11
24.60,37.48,15.01
20.08,39.49,19.29
13.55,39.12,23.44
7.32,36.13,25.82
2.81,31.31,26.25
0.73,24.78,25.76
0.67,14.28,24.35
0.67,-1.59,21.85
-0.67,-23.56,17.94
-4.33,-49.01,12.45
-9.77,-71.41,6.16
-15.26,-88.50,2.01
-21.30,-98.94,1.04
-27.28,-103.21,2.08
-32.47,-101.99,2.62
-35.58,-99.49,2.87
-35.16,-98.02,3.78
-33.45,-96.68,5.00
-31.86,-94.30,5.43
-31.80,-90.58,3.85
-34.61,-83.50,-0.73
-36.50,-73.06,-5.49
-36.93,-59.88,-8.91
-35.16,-45.78,-10.68
-31.98,-31.92,-11.41
-27.22,-18.13,-11.23
-19.96,-5.92,-10.93
-14.28,4.39,-11.66
-9.83,13.24,-14.22
-6.23,20.26,-18.43
-2.87,26.18,-22.58
0.98,33.02,-25.57
4.64,41.02,-26.92
7.26,49.93,-26.92
8.36,59.27,-25.63
11.05,67.75,-22.09
15.08,71.41,-15.63
19.35,65.92,-6.47
22.77,47.55,5.74
20.14,18.68,20.75
8.85,-7.63,29.30
-2.56,-20.57,21.91
-11.60,-17.27,1.46
-15.69,-5.31,-17.46
-13.98,3.48,-22.28
-9.89,5.31,-12.70
-3.42,4.09,0.00
2.20,0.00,10.44
4.09,-5.86,16.85
2.14,-12.51,19.41
-3.48,-18.80,19.10
-9.89,-21.30,17.33
-13.67,-20.20,15.87
-14.28,-17.15,14.89
-13.55,-11.60,13.61
-10.74,-5.25,11.17
-8.54,-0.18,8.54
-6.59,5.68,4.88
-5.74,12.21,1.77
-5.74,19.17,-0.92
-4.64,25.51,-3.17
-3.60,28.99,-3.91
-2.69,29.17,-3.60
-1.77,27.53,-3.36
-0.92,24.35,-3.30
-0.92,20.02,-2.56
-1.40,14.71,-0.49
-2.75,9.03,2.32
-4.27,5.13,4.70
-5.62,3.05,6.29
-7.08,2.62,7.51
-7.75,2.87,8.36
-8.06,2.75,8.91
-8.91,2.26,8.73
-8.48,2.38,7.93
-6.90,1.22,6.53
-6.41,-0.67,5.19
-5.49,-2.01,4.46
-4.82,-2.50,4.09
-4.21,-2.69,3.54
















-,-,-
0.18,-1.10,0.55
0.92,0.12,1.16
1.59,1.04,1.28
2.08,0.98,1.10
2.69,0.61,1.34
3.54,0.37,1.89
4.09,0.06,2.38
3.42,-0.43,2.32
2.08,-1.16,1.34
0.73,-1.71,0.61
0.06,-1.77,0.61
0.43,-1.34,0.73
1.04,-0.61,0.85
2.08,0.37,1.40
3.11,1.10,1.89
3.97,1.59,1.95
5.13,2.32,2.50
6.90,3.11,3.54
8.67,3.91,4.39
9.34,3.66,4.94
7.45,2.50,4.27
4.94,0.73,2.75
3.17,-1.04,1.65
2.20,-1.83,1.34
2.08,-2.01,0.85
2.44,-1.28,0.92
4.03,-0.12,1.53
6.84,1.28,2.32
10.01,1.77,3.78
12.82,-1.71,5.19
17.15,-11.66,6.29
19.71,-8.79,6.16
20.02,-15.93,6.96
18.62,-13.92,3.23
15.20,-10.50,-0.49
14.59,-16.36,-0.49
17.33,-11.72,2.32
17.82,-10.62,3.97
21.85,-11.35,4.94
26.49,-10.68,8.30
32.10,-19.23,9.16
39.12,-15.32,6.47
42.85,-16.72,4.58
46.94,-18.68,2.69
50.66,-23.32,6.10
49.87,-18.80,4.88
42.85,-29.66,-2.56
38.02,-21.79,-4.76
30.21,-20.45,-0.92
29.48,-15.44,1.95
25.76,-10.01,3.05
24.78,-18.19,1.65
26.00,-8.12,5.55
21.06,-5.68,4.76
20.69,-4.88,4.64
19.71,-5.49,4.82
19.04,-8.06,3.85
17.70,-11.41,2.62
16.78,-7.32,2.38
14.65,1.59,3.91
12.27,1.53,4.64
12.63,-5.13,4.46
14.71,-7.26,4.03
14.89,-10.50,1.28
17.52,-1.77,1.34
15.63,5.07,5.25
14.53,3.91,5.98
12.15,-1.28,4.88
9.46,-9.89,2.81
8.00,-12.70,0.43
7.45,-10.56,-0.98
6.35,-0.37,0.79
6.10,0.37,2.32
8.48,-1.95,3.36
11.41,-3.11,3.78
12.57,-1.65,4.03
12.88,-3.91,3.91
10.50,-0.37,2.01
5.80,-2.20,0.67
3.60,-5.86,1.16
2.69,-5.07,1.53
1.65,-1.95,0.55
1.04,-0.98,0.43
1.95,-0.49,0.85
3.30,0.49,1.71
4.09,1.89,2.62
4.27,2.56,3.11
5.07,3.05,3.17
4.64,2.93,3.17
2.87,1.89,2.38
1.59,0.92,1.77
1.40,0.43,1.95
1.65,0.55,2.69
1.53,0.61,2.44
1.22,0.43,1.89
1.53,0.31,1.77
2.01,0.67,2.01
2.38,0.98,2.20
3.36,1.40,2.62
4.88,2.56,3.30
5.74,3.72,3.91
6.35,4.33,4.21
5.98,4.03,4.21
3.60,2.44,2.99
0.43,0.24,1.40
-1.89,-1.34,0.06
-3.23,-1.71,-0.98
-5.19,-1.22,-1.59
-7.57,1.28,-2.08
-9.64,6.16,-1.53
-11.29,13.98,-0.12
-14.04,23.56,1.34
-17.15,34.61,2.14
-17.76,45.78,1.89
-15.26,55.05,0.85
-12.33,60.97,-0.49
-10.74,63.17,-9.46
-7.32,72.02,-28.56
-1.95,82.21,-45.53
4.88,87.65,-55.42
14.22,86.73,-57.62
27.16,78.06,-53.10
38.64,64.51,-45.65
45.90,55.60,-41.02
51.45,50.90,-38.45
55.24,47.12,-34.79
57.07,42.24,-29.60
56.40,36.19,-23.80
54.69,29.72,-18.31
54.08,22.09,-13.55
56.27,12.76,-10.50
60.73,3.11,-9.70
60.00,-4.76,-5.62
54.69,-11.11,5.13
47.97,-14.65,16.91
41.99,-17.88,24.60
39.73,-22.77,27.53
38.02,-28.32,27.47
33.02,-32.41,27.40
24.72,-31.56,27.83
15.56,-26.12,26.49
7.51,-19.65,22.28
4.82,-14.34,15.26
5.00,-11.35,9.83
5.13,-11.29,7.87
5.31,-10.74,8.79
5.49,-9.16,9.64
6.16,-5.92,10.38
7.39,-2.32,10.80
8.30,0.18,11.11
8.06,2.08,11.35
5.31,3.48,11.41
1.77,5.19,10.07
-0.73,6.04,8.06
-1.95,5.74,6.41
-2.44,3.85,5.25
-0.67,0.85,4.94
0.43,-1.71,5.80
0.61,-2.50,7.20
-0.18,-1.34,8.73
-1.46,0.79,10.19
-3.48,2.75,11.29
-5.98,3.72,11.11
-8.85,2.99,9.58
-10.93,2.08,8.12
-12.15,0.79,7.32
-12.76,-0.43,6.90
-12.70,-1.65,6.47
-11.47,-2.69,5.43
-9.03,-4.27,4.88
-6.77,-5.43,4.88
-4.88,-6.04,5.74
-4.03,-5.74,6.90
-4.70,-4.27,7.45
-5.80,-1.95,7.08
-6.77,0.49,5.74
-7.39,2.20,3.85
-7.63,2.62,2.01
-7.20,2.01,0.67
-6.41,1.77,0.43
















-,-,-
1.10,-3.36,0.49
2.01,-3.11,0.73
2.38,-2.93,0.92
2.38,-3.17,0.73
2.20,-3.48,0.55
1.95,-3.48,0.49
2.32,-3.23,0.79
2.99,-2.56,1.22
3.48,-2.44,1.65
3.36,-2.81,1.77
3.11,-3.60,1.16
2.69,-4.09,0.67
2.56,-4.33,0.37
2.87,-4.27,0.49
3.23,-3.97,0.67
3.54,-3.42,0.92
4.33,-2.62,1.22
4.76,-1.77,1.77
4.58,-1.71,1.65
3.11,-2.20,0.98
1.89,-3.05,0.12
0.98,-3.78,-0.24
0.61,-3.85,-0.43
0.85,-3.78,-0.49
1.34,-3.17,-0.37
2.56,-2.26,0.37
3.78,-1.10,1.10
5.31,-0.18,1.95
6.96,0.43,2.87
8.36,0.79,3.42
10.13,0.92,3.66
11.78,-0.06,4.15
12.57,-5.68,3.11
16.05,-16.36,0.85
21.24,-11.47,2.50
22.16,-8.67,4.09
23.80,-5.19,3.78
25.70,-6.23,4.03
27.22,-6.35,1.65
29.05,-7.02,0.85
28.32,-12.39,0.12
28.38,-10.93,0.49
27.16,-9.22,-0.73
27.77,-10.62,0.67
28.02,-7.14,0.31
28.44,-10.74,-0.49
29.60,-12.63,-3.42
28.75,-3.91,2.14
24.90,-6.10,3.91
21.91,-11.29,-5.68
27.16,-18.55,-10.68
28.44,-13.00,-1.34
26.98,-16.91,-4.70
27.16,-12.21,-6.84
24.41,-9.52,-2.01
23.99,0.98,0.31
19.96,-0.31,2.01
20.51,-10.07,-2.44
22.64,-3.72,1.71
20.63,1.28,4.33
18.49,-7.93,-0.67
20.63,-18.92,-4.03
22.03,-5.13,-0.92
19.17,-2.08,0.06
16.85,2.56,-1.53
16.30,5.62,0.98
13.85,7.39,4.70
10.80,5.31,4.64
8.00,1.83,3.54
5.37,-0.85,2.75
4.46,-2.32,2.32
5.07,-2.93,2.26
6.84,-2.20,2.69
9.58,-0.67,3.78
11.54,1.10,4.88
12.76,2.56,5.74
12.70,3.11,5.74
11.41,2.01,5.00
10.38,-2.26,2.87
11.17,-8.24,-1.34
12.57,-5.86,-1.83
12.27,-6.16,-1.16
12.63,-6.84,-1.16
15.32,-7.32,-1.65
14.65,3.85,2.87
11.66,5.74,4.52
7.93,3.91,4.39
3.30,1.53,2.93
-0.55,-0.98,0.85
-5.13,-3.78,-0.49
-8.85,-5.86,-2.01
-9.77,-7.02,-3.48
-9.09,-6.59,-3.85
-8.36,-5.43,-3.78
-7.39,-3.60,-3.23
-6.41,-1.59,-1.89
-5.55,0.43,-0.49
-4.46,2.20,0.24
-3.66,3.48,1.10
-3.72,4.70,1.83
-2.75,5.55,2.01
-0.73,6.23,2.62
0.12,6.47,3.42
0.49,5.98,3.42
0.67,5.49,3.05
-0.24,4.76,2.87
-1.40,4.39,2.44
-1.46,4.64,2.44
-0.67,5.25,2.93
0.98,5.74,3.11
2.32,5.74,3.36
3.72,5.62,3.85
3.97,4.64,4.03
3.78,3.42,3.72
3.54,2.62,3.30
4.33,2.38,3.36
4.76,2.87,3.66
5.19,3.30,3.85
5.62,3.66,4.15
6.59,4.27,4.33
7.51,4.70,5.00
7.57,5.31,5.37
7.39,5.07,5.13
6.71,4.52,4.76
7.20,4.58,4.64
7.87,5.13,4.94
8.67,5.68,5.25
9.58,6.47,5.49
9.77,6.90,6.04
8.91,6.59,5.80
8.79,6.23,5.49
9.58,6.29,5.43
9.70,6.23,5.74
10.19,5.68,5.80
9.46,1.83,5.00
8.36,-12.45,0.06
11.66,-16.24,-5.07
10.19,-1.65,-1.65
7.51,6.84,3.05
8.48,7.51,5.74
8.48,6.59,5.80
4.09,3.42,3.54
-2.08,-0.67,1.59
-7.39,-3.85,-0.12
-10.25,-6.47,-2.26
-9.46,-7.26,-3.78
-7.26,-6.41,-3.78
-4.58,-4.33,-3.05
-1.83,-1.77,-1.95
0.79,1.04,-0.31
2.75,3.48,1.89
4.70,5.49,3.72
6.16,6.90,5.37
7.02,7.69,6.23
7.20,7.45,6.53
8.12,6.77,6.35
10.99,6.10,6.59
13.92,5.74,7.32
13.79,3.17,6.65
10.62,-3.36,4.09
7.51,-9.58,0.73
3.60,-5.19,-1.71
-1.65,-0.73,-1.95
-6.23,-0.12,-1.65
-10.50,0.37,-2.99
-13.31,3.36,-3.78
-14.65,8.67,-3.23
-16.17,16.30,-2.20
-17.82,26.25,-0.37
-17.58,37.48,2.44
-16.17,49.26,5.80
-13.06,58.53,9.09
-8.06,62.56,14.34
-3.05,62.74,20.02
-0.12,65.73,11.47
3.78,68.91,-6.35
9.58,69.58,-21.55
14.89,67.93,-28.50
21.12,64.82,-28.26
26.43,60.42,-25.21
















-,-,-
1.95,-4.82,-1.40
1.28,-5.37,-1.83
0.92,-5.55,-1.89
0.98,-5.43,-1.71
0.79,-5.25,-1.65
0.55,-4.52,-1.40
0.49,-3.85,-1.34
1.10,-3.11,-1.28
1.34,-2.38,-0.73
1.77,-1.65,-0.18
1.83,-1.10,0.12
1.53,-0.85,0.00
1.28,-1.28,-0.24
0.98,-1.59,-0.37
0.73,-1.71,-0.18
1.59,-1.46,-0.06
2.14,-1.46,0.12
1.59,-2.01,-0.06
1.28,-2.69,-0.61
1.22,-3.11,-0.73
1.46,-3.42,-0.37
2.20,-3.23,0.00
2.93,-2.44,0.61
4.09,-1.65,1.40
5.25,-0.79,1.95
5.74,-0.31,2.38
5.92,-0.31,2.62
6.35,-0.18,2.62
7.14,0.37,3.05
8.61,1.28,3.66
10.38,2.32,4.52
12.63,2.62,5.00
15.08,0.37,4.52
18.92,-0.31,3.42
20.26,-6.53,-1.71
24.54,-18.37,-7.87
28.20,-12.57,-5.31
27.10,-14.22,-10.38
33.75,-13.61,-8.79
36.07,-7.81,-0.98
38.02,-3.05,-0.12
36.38,-8.73,-4.09
34.18,-8.48,-4.58
31.86,-10.80,-4.46
30.88,-13.98,-6.04
32.10,-11.78,-10.50
33.75,-16.60,-9.16
34.91,-15.26,-17.27
35.16,-19.23,-21.85
34.06,-18.86,-22.34
30.82,-14.10,-17.94
24.66,-18.37,-17.40
25.57,-13.24,-10.74
23.44,-2.56,1.34
22.28,-2.87,-1.71
24.90,-4.09,-1.83
22.52,-6.96,-0.31
24.78,-3.54,-0.18
21.61,5.68,5.13
19.47,-4.94,1.22
25.82,-14.22,-6.10
27.34,7.51,3.97
22.71,14.16,8.18
19.53,11.05,8.18
14.65,10.50,8.48
11.17,8.06,6.59
7.02,4.70,5.07
1.53,0.98,3.17
-1.04,-2.20,1.34
-2.08,-3.72,0.31
-2.62,-4.21,-0.85
-2.20,-4.15,-1.46
0.49,-2.75,-0.79
3.66,-0.24,0.73
5.07,2.01,1.89
5.43,3.66,2.93
6.47,5.37,3.78
7.14,7.20,4.82
6.41,7.45,5.07
5.31,6.77,4.27
4.15,5.62,3.60
3.05,4.15,2.93
1.83,2.38,1.77
0.49,1.04,1.04
-0.18,-0.18,0.18
-0.61,-0.73,-0.31
-0.43,-0.79,-0.49
-0.49,-0.55,-0.24
0.06,0.43,0.00
0.12,1.40,0.31
0.06,1.89,0.61
0.00,2.26,0.49
-0.12,2.56,0.61
0.06,2.81,0.79
0.43,3.11,0.92
0.79,2.93,0.79
0.73,2.38,0.92
0.73,1.77,0.98
0.85,1.22,0.92
1.34,1.22,1.04
2.08,1.59,1.28
2.44,1.83,1.46
2.44,1.95,1.53
2.38,2.14,1.59
2.32,2.20,1.89
2.20,2.01,1.83
2.20,2.01,1.34
2.44,1.89,1.28
2.44,1.95,1.53
2.38,2.01,1.28
2.20,1.95,1.28
2.69,1.95,1.77
3.05,2.32,1.95
2.87,2.38,2.14
2.50,1.95,1.95
2.14,1.65,1.77
1.77,1.46,1.40
1.28,1.10,1.16
1.40,1.16,0.73
1.34,1.10,0.37
1.10,1.22,0.31
0.92,1.04,0.37
0.85,0.79,0.49
1.04,0.79,0.85
1.28,0.92,0.85
1.53,0.98,0.79
2.14,1.28,1.10
2.08,1.59,1.34
2.01,2.01,1.65
2.08,2.38,1.83
2.26,2.50,2.01
2.20,2.26,2.01
1.95,2.01,1.89
1.77,1.59,1.77
1.95,1.22,1.22
2.44,0.85,1.22
2.14,0.61,1.22
2.38,0.73,1.46
2.62,0.92,1.71
2.38,1.40,1.95
2.14,1.77,1.71
1.89,1.95,1.40
1.83,1.83,1.22
2.08,1.83,1.04
2.32,1.71,1.16
2.20,1.83,1.53
2.01,1.83,1.89
1.71,1.65,1.89
1.77,1.59,1.77
1.89,1.46,1.46
1.95,1.22,1.34
2.38,1.53,1.34
3.17,1.83,1.59
3.42,2.38,2.26
3.42,2.56,2.87
3.78,2.93,2.93
3.60,2.99,2.75
2.99,2.87,2.08
2.08,1.89,1.22
1.28,0.85,0.67
0.31,-0.12,0.18
-0.24,-0.79,-0.37
0.67,-1.10,-0.73
0.85,-0.43,-0.37
1.16,0.18,0.49
1.04,1.04,0.92
0.98,1.65,1.10
0.49,2.01,0.92
-0.43,2.01,0.67
-2.38,2.14,0.31
-4.70,3.54,0.37
-6.10,5.37,0.37
-9.22,7.20,0.12
-11.96,9.64,-1.40
-13.00,11.66,-3.54
-13.61,14.59,-4.70
-13.85,19.35,-5.25
-13.55,21.55,-5.00
-14.89,22.28,-5.25
-16.48,25.09,-9.52
