-,-,-
2.56,-4.03,0.55
2.01,-3.97,0.31
1.83,-3.85,0.18
2.44,-3.48,0.00
2.75,-3.23,0.12
3.17,-2.81,0.37
3.72,-2.44,0.31
4.39,-2.32,0.31
5.31,-2.38,0.37
5.92,-2.26,0.06
6.16,-2.69,0.00
6.29,-3.11,0.06
6.16,-3.72,0.18
5.80,-4.09,0.12
4.09,-4.33,-0.73
3.60,-4.64,-1.89
1.16,-5.00,-2.38
0.18,-4.94,-2.81
-0.37,-4.27,-2.56
-0.18,-3.36,-1.83
0.37,-2.62,-0.85
0.67,-2.20,-0.12
1.16,-1.71,0.43
1.28,-1.53,0.79
0.98,-1.53,0.61
0.12,-1.46,0.55
-0.92,-1.59,0.24
-1.28,-1.22,-0.12
-0.49,-0.55,0.12
0.79,0.55,0.73
2.01,1.34,1.46
2.87,1.77,2.01
3.30,2.01,2.50
3.60,2.20,2.69
3.78,2.26,2.69
3.91,2.26,2.75
4.21,2.44,2.69
4.21,2.62,2.62
4.52,2.56,2.56
5.80,3.11,2.75
7.69,3.30,3.60
10.56,1.34,5.55
14.77,-9.89,10.99
19.53,-9.83,12.08
27.71,-6.47,8.73
34.36,-17.03,12.39
39.67,-24.60,16.91
49.32,-19.96,15.32
55.85,-20.51,19.17
60.06,-11.90,24.54
65.31,-5.43,24.66
70.56,-11.05,30.82
71.04,-16.11,33.69
70.31,-17.46,29.30
69.27,-12.76,27.22
67.69,-15.50,31.25
73.91,-17.64,27.59
74.16,-19.84,28.14
74.65,-23.56,29.05
67.99,-26.61,24.90
58.72,-18.68,21.00
43.40,-8.54,17.40
27.10,3.54,10.86
15.50,3.05,10.07
4.64,6.35,8.79
-1.71,1.83,4.52
-5.07,-3.60,2.69
-6.84,-5.92,1.95
-7.39,-4.82,1.65
-7.45,-0.98,2.44
-7.93,5.55,3.30
-9.58,12.82,4.21
-12.70,19.96,4.39
-19.10,26.49,3.85
-24.96,33.94,2.87
-28.44,43.15,1.59
-28.38,54.63,-0.73
-26.18,64.33,-2.38
-23.32,68.12,-8.91
-17.52,69.40,-21.79
-7.20,69.52,-35.22
1.77,69.09,-46.45
8.91,72.14,-57.01
13.85,73.79,-65.73
16.36,69.27,-70.68
15.01,58.47,-69.82
12.39,46.26,-64.88
9.52,35.83,-59.08
6.84,26.06,-54.14
5.07,14.53,-47.73
1.10,2.44,-39.55
-3.60,-6.90,-32.23
-6.04,-13.67,-28.75
-4.94,-19.53,-29.24
-0.06,-27.10,-31.68
7.69,-36.68,-34.12
10.74,-43.58,-36.68
12.02,-46.69,-35.22
4.82,-43.33,-31.07
-4.09,-35.40,-27.77
-7.39,-26.61,-26.43
-4.58,-21.73,-22.34
-2.87,-22.28,-15.14
-2.75,-23.80,-8.24
-3.48,-25.33,-3.54
-5.37,-27.71,-1.65
-6.65,-31.07,-3.17
-5.98,-35.95,-5.62
-5.43,-38.02,-8.48
-1.89,-27.65,-16.48
2.38,-19.04,-18.13
0.37,-16.36,-13.18
0.49,-12.27,-3.54
2.81,-5.37,1.65
5.49,-2.87,1.40
6.16,-1.95,-0.06
5.55,-1.71,-0.18
4.15,-2.62,-0.18
3.72,-4.21,-1.22
2.81,-6.53,-1.53
1.77,-9.77,0.79
1.89,-13.31,8.85
1.65,-13.92,21.91
0.98,-10.07,33.39
1.89,-6.41,40.59
2.62,-2.26,53.22
3.42,7.69,60.85
8.36,17.27,77.39
9.70,25.39,88.93
12.57,23.86,103.82
10.31,15.08,115.42
8.61,13.06,112.30
4.15,15.93,102.11
-0.06,11.47,100.59
-6.16,8.06,103.33
-6.23,9.28,92.83
-5.43,11.60,92.29
-7.51,9.58,90.45
-3.48,9.16,91.13
-7.39,11.23,96.19
-6.35,10.01,93.32
-7.63,3.05,84.53
-8.79,-0.79,81.36
-10.93,2.20,75.87
-8.73,4.46,73.24
-8.42,5.49,67.63
-8.61,5.25,52.86
-4.27,1.04,51.03
-6.29,-0.79,56.70
-8.79,2.81,46.63
-7.02,7.69,32.65
-5.92,6.77,24.72
-5.80,3.05,19.59
-3.30,2.08,15.99
-2.56,1.65,10.74
0.92,2.81,1.77
3.54,3.17,0.92
5.86,2.44,1.89
6.23,2.01,1.34
4.58,1.71,0.73
3.60,1.22,0.79
3.17,0.85,0.49
2.81,0.49,0.49
2.01,0.18,-0.06
1.16,-0.06,-0.31
0.24,-0.12,-0.92
-0.37,-0.12,-1.71
-0.37,0.43,-2.32
-0.18,1.04,-2.56
0.49,1.71,-2.20
1.04,2.01,-1.77
1.22,1.89,-1.34
1.10,1.46,-0.92
0.92,1.04,-0.79
0.85,0.06,-0.79
0.73,-0.43,-0.73
0.98,-0.55,-0.92
1.10,-0.31,-0.92
1.22,0.06,-0.61
1.53,0.43,-0.61















-,-,-
-6.10,-4.52,3.66
-8.48,-3.23,3.36
-11.11,-1.71,3.11
-13.67,-0.55,2.62
-14.34,0.31,1.53
-13.24,0.98,0.67
-11.17,1.22,0.06
-9.16,0.37,-0.55
-7.51,-1.28,-0.92
-7.20,-2.69,-0.98
-8.36,-2.56,-0.55
-9.70,-1.77,-0.31
-10.86,-0.98,0.24
-11.72,-0.43,0.06
-12.70,-0.31,-1.40
-13.37,0.31,-3.42
-13.43,1.65,-4.39
-12.15,1.89,-3.66
-11.29,0.24,-1.65
-10.38,0.12,-0.43
-7.39,0.06,-0.18
-5.25,-2.69,-0.24
-4.58,-4.33,-0.73
-2.93,-4.33,-1.53
-1.83,-2.99,-1.89
-1.46,-1.71,-1.34
-1.22,-1.04,-0.31
-0.67,0.06,0.55
-0.98,1.22,0.79
-2.56,2.01,0.73
-4.09,2.50,0.92
-5.68,3.36,0.85
-6.71,3.23,0.49
-8.06,2.38,-0.49
-9.09,1.77,-1.71
-10.01,1.46,-2.56
-11.90,1.71,-2.75
-15.20,2.62,-2.56
-18.25,4.70,-2.56
-18.68,2.62,-1.65
-17.33,-4.88,0.12
-14.22,-14.22,2.81
-10.01,-26.31,7.26
-7.81,-41.44,12.57
-6.53,-52.98,16.24
-3.23,-59.33,18.01
-0.79,-52.67,11.17
4.27,-37.41,3.54
1.34,-32.71,1.65
3.36,-29.48,0.55
10.93,-19.10,2.56
17.70,-8.42,5.37
26.25,-2.38,7.32
34.48,0.49,9.95
40.59,-4.33,13.43
46.26,-15.87,16.85
52.25,-19.17,18.37
60.49,-19.04,21.67
69.21,-31.92,25.39
80.75,-33.75,28.26
90.21,-33.81,27.65
99.61,-38.27,28.20
110.23,-44.98,36.68
113.10,-42.24,41.50
112.79,-40.59,41.02
107.54,-36.25,35.89
103.52,-25.15,31.74
98.39,-25.70,32.10
109.01,-27.65,23.86
108.52,-26.98,16.54
83.86,-24.72,12.70
65.25,-19.84,10.68
48.77,-20.20,5.74
28.50,-12.21,5.13
10.01,-8.24,2.44
1.28,-8.42,0.73
-4.52,-11.72,0.00
-8.24,-14.40,-2.20
-11.35,-13.00,-3.17
-14.28,-7.81,-3.36
-16.24,-0.98,-3.05
-19.29,7.08,-2.87
-22.64,16.72,-2.26
-25.27,27.04,-2.14
-26.43,36.56,-3.54
-28.38,46.02,-6.53
-29.85,53.89,-16.11
-27.89,53.96,-26.98
-22.46,47.61,-33.39
-19.78,43.40,-37.05
-18.25,44.43,-42.79
-16.72,47.61,-51.39
-16.24,51.88,-61.83
-15.44,52.49,-69.95
-14.10,49.80,-74.65
-11.23,43.40,-75.87
-8.91,34.42,-72.08
-6.90,24.05,-65.37
-7.14,13.92,-60.85
-13.79,4.76,-60.06
-12.33,-4.88,-60.67
-6.96,-14.95,-57.01
-3.91,-24.66,-48.03
-2.69,-32.71,-36.93
-0.43,-39.18,-27.10
1.89,-44.86,-20.08
2.81,-50.96,-15.38
0.85,-55.97,-9.03
-5.86,-56.88,-0.31
-12.21,-51.09,6.53
-9.89,-37.78,-1.59
-4.70,-30.76,-6.47
-0.43,-26.98,-8.79
5.19,-20.14,-7.26
6.84,-12.27,-3.42
6.29,-7.26,2.08
10.44,-7.08,9.52
11.23,-5.92,24.17
11.54,-3.91,39.55
11.41,-2.14,54.14
7.26,6.53,68.79
6.90,10.56,81.12
7.45,11.29,89.78
5.07,16.72,96.80
4.46,18.98,102.66
7.75,22.71,110.66
15.32,26.73,121.77
22.03,28.44,135.13
17.09,21.97,137.63
13.92,21.12,127.50
13.37,21.85,119.08
6.16,21.24,114.07
2.87,13.98,105.35
-0.85,7.20,97.11
-0.73,5.98,80.99
-0.06,2.75,67.26
-2.08,4.88,46.20
2.56,3.91,44.19
0.31,-3.30,60.36
-3.66,-1.10,61.58
-2.69,0.85,41.20
-1.95,-0.92,24.54
-2.99,-2.69,26.00
-5.43,-3.42,23.13
-2.14,-1.16,19.47
-0.37,1.83,11.23
4.27,2.38,2.50
6.04,2.50,0.79
4.82,1.46,0.24
3.54,0.06,-2.01
1.10,-1.04,-4.03
-0.79,-1.77,-5.37
-1.89,-1.71,-5.68
-1.59,-0.98,-5.86
-1.22,-0.43,-5.74
-0.79,0.12,-5.37
-0.31,0.49,-4.88
-0.06,0.73,-4.39
-0.49,0.49,-3.85
-1.10,0.55,-3.66
-2.20,0.43,-3.72
-2.38,0.55,-3.91
-2.08,0.61,-3.97
-1.59,0.49,-3.66
-0.73,0.31,-3.30
0.92,0.18,-2.99
2.01,0.12,-2.38
2.38,-0.31,-2.20
2.38,-0.61,-2.08
2.08,-0.79,-1.89
1.40,-0.98,-1.65
0.92,-1.04,-1.65
0.55,-1.10,-1.59
0.49,-0.98,-1.40
0.73,-0.61,-1.16
0.92,-0.37,-1.16
0.31,-0.18,-1.16
-0.43,-0.18,-1.65
-1.10,0.18,-2.08
-0.98,1.04,-2.56















-,-,-
2.44,-5.92,-0.55
2.62,-5.55,-0.61
2.93,-5.31,-0.43
3.17,-4.94,-0.06
3.36,-4.52,0.24
3.54,-4.21,0.37
4.15,-4.09,0.67
4.33,-4.33,0.98
3.30,-5.13,0.37
2.56,-6.16,-0.18
2.01,-6.71,-0.06
1.83,-6.96,0.31
2.20,-6.65,0.37
3.17,-6.59,0.55
3.17,-6.35,0.61
3.42,-6.10,0.55
3.42,-5.55,0.73
3.72,-4.58,0.98
4.03,-3.72,1.10
4.52,-2.93,1.59
4.76,-2.14,2.14
4.64,-1.71,2.32
4.03,-1.71,2.01
3.72,-1.95,1.53
3.42,-2.38,1.40
3.48,-2.38,1.28
3.78,-2.56,1.40
3.23,-3.17,0.92
2.44,-3.97,0.55
1.77,-4.21,-0.24
1.59,-4.15,-0.24
1.77,-3.60,0.12
1.95,-2.56,0.31
2.56,-1.16,0.92
3.42,0.67,1.77
5.00,2.69,3.11
7.02,5.00,4.64
9.34,7.02,6.53
12.15,8.12,8.36
16.48,6.96,10.74
23.86,-3.48,15.99
31.49,-15.01,21.67
39.12,-18.07,17.40
51.88,-19.65,16.85
57.80,-11.47,20.63
64.94,-10.07,22.34
68.48,-10.86,26.98
69.34,-15.38,28.56
67.57,-9.22,26.98
66.16,-6.23,24.78
65.00,-4.33,23.25
63.72,-6.71,23.32
63.66,-9.77,20.08
66.53,-14.95,17.94
66.10,-12.15,20.14
63.72,-12.45,16.97
58.11,-6.90,11.72
53.34,-13.79,10.50
48.52,-9.64,9.95
44.13,-6.90,11.54
39.73,-5.62,13.43
30.46,-11.11,9.46
23.19,-7.08,3.42
15.08,5.07,2.38
12.45,0.06,3.54
13.85,-3.23,4.39
14.40,-1.46,5.13
14.04,-3.05,4.64
12.94,-7.45,3.60
12.15,-11.72,1.28
14.10,-11.66,-1.34
14.89,-7.69,0.92
13.49,-3.85,1.10
7.87,-0.79,-1.65
1.65,-1.10,-3.36
-2.26,-3.91,-4.82
-5.37,-0.24,-3.11
-12.08,5.92,-0.06
-16.05,4.39,-2.26
-20.57,3.91,-3.97
-24.96,7.14,-4.39
-26.98,15.63,-4.21
-28.14,27.10,-7.08
-27.65,35.58,-21.42
-23.93,41.20,-39.55
-19.41,41.81,-50.66
-15.08,42.48,-59.20
-8.36,45.47,-70.74
-0.18,48.22,-84.72
5.86,48.77,-95.03
7.87,46.51,-99.24
8.67,41.63,-96.98
6.29,33.63,-90.33
0.61,24.05,-81.79
-7.75,13.92,-74.89
-11.47,3.30,-69.82
-15.14,-6.16,-65.31
-22.34,-13.31,-60.55
-22.09,-18.80,-52.43
-21.30,-24.17,-40.53
-19.53,-31.01,-26.92
-18.19,-38.70,-13.73
-16.78,-45.65,-3.91
-15.50,-51.45,4.09
-13.67,-53.77,11.05
-9.34,-40.47,1.53
3.23,-26.73,-3.42
11.23,-20.75,0.12
9.83,-16.42,2.50
8.42,-9.77,1.83
8.61,-6.16,0.31
9.03,-4.39,1.95
9.52,-1.83,7.81
11.35,0.85,13.31
15.63,2.26,21.55
16.11,7.02,36.80
15.93,9.46,42.97
17.82,12.15,41.56
21.36,12.82,50.11
19.04,13.98,66.16
15.38,17.58,70.62
17.21,16.11,76.90
13.37,16.11,85.33
10.19,20.20,97.41
8.12,20.57,112.79
6.16,18.62,122.50
10.01,14.65,134.77
11.78,18.31,146.24
15.69,26.86,160.46
9.40,15.81,161.38
6.65,7.08,140.38
7.63,7.57,116.33
1.28,7.69,87.46
4.82,8.97,87.95
0.98,4.09,87.89
1.95,1.34,68.24
5.00,-2.44,54.81
1.40,-3.17,50.72
-3.36,-1.04,37.54
-1.65,3.11,34.61
-5.37,2.14,35.83
-5.19,0.98,23.93
-1.04,3.11,18.98
-1.04,3.78,11.78
0.92,2.93,0.06
2.56,2.08,-2.99
2.38,2.01,-2.50
1.95,1.22,-2.87
0.67,0.24,-3.48
-0.31,-0.43,-3.85
-0.73,-0.61,-3.54
-0.49,-0.31,-3.42
-0.24,-0.18,-3.36
0.43,0.31,-2.81
1.22,1.10,-2.01
1.53,1.34,-1.34
1.53,1.16,-0.85
1.40,0.92,-0.61
1.65,0.61,-0.37
1.95,0.61,0.06
1.95,0.31,0.43
2.20,0.18,0.24
2.38,-0.06,0.37
2.38,-0.31,0.18
2.32,-0.61,0.37
2.20,-0.61,0.49
2.01,-0.43,0.55
1.95,-0.24,0.31
1.89,-0.12,0.24
1.83,-0.12,0.00
1.34,0.00,-0.31
0.79,-0.18,-0.61
0.67,-0.18,-0.85
0.67,-0.24,-0.98
0.49,-0.43,-1.04
0.73,-0.43,-0.98
0.85,-0.49,-1.04
1.16,-0.18,-0.85
1.77,0.31,-0.55
2.20,0.31,0.00















-,-,-
-3.30,0.98,-1.77
-3.91,1.83,-2.75
-3.97,2.50,-3.54
-3.60,3.05,-4.09
-3.60,3.60,-3.97
-3.78,3.91,-3.23
-3.78,3.72,-2.62
-3.42,3.17,-2.26
-3.17,2.20,-1.89
-3.05,1.28,-1.71
-3.42,0.92,-2.08
-3.91,1.22,-2.93
-4.15,1.83,-3.54
-4.39,2.38,-3.66
-4.46,2.69,-3.23
-4.21,2.38,-2.87
-3.66,1.65,-3.17
-3.23,0.49,-2.87
-2.99,0.12,-1.89
-2.87,0.55,-0.98
-2.81,1.10,-0.55
-2.69,1.83,-1.10
-2.81,2.50,-1.95
-3.30,2.81,-2.50
-4.33,3.23,-2.81
-6.29,3.91,-2.62
-8.48,5.25,-2.44
-9.52,6.53,-2.32
-10.07,6.16,-1.40
-10.93,4.76,0.43
-12.15,2.44,2.87
-12.57,-1.04,5.98
-10.74,-6.77,9.95
-7.32,-18.31,14.40
-4.70,-35.28,19.04
-2.93,-50.11,23.38
-2.26,-58.96,27.04
-2.75,-62.62,29.42
5.00,-46.63,14.83
4.33,-36.01,6.35
10.31,-31.07,4.82
9.22,-24.66,7.02
16.85,-9.28,9.09
28.69,3.23,11.78
38.27,10.44,16.11
54.87,3.48,23.07
68.54,-5.86,26.79
83.01,-13.24,28.87
93.51,-21.48,32.35
107.12,-28.69,34.06
122.74,-35.89,32.41
134.34,-37.05,34.24
135.99,-42.60,34.18
128.42,-44.19,28.14
116.94,-39.12,20.94
105.10,-34.61,17.70
90.88,-26.49,13.37
79.77,-16.30,9.70
75.62,-16.17,11.47
72.08,-16.54,9.22
73.18,-22.89,5.92
60.91,-17.64,0.85
46.75,-17.21,-5.43
27.28,-15.38,-5.13
12.76,-16.60,-8.61
-1.77,-9.16,-4.70
-13.92,-8.48,-5.19
-20.94,-13.67,-8.30
-27.28,-13.43,-8.85
-28.93,-6.16,-8.18
-27.40,5.49,-6.47
-26.25,18.68,-4.94
-27.04,31.62,-4.15
-28.99,48.34,-3.78
-32.53,66.47,-11.66
-30.94,71.29,-26.43
-26.49,57.92,-36.68
-24.72,44.62,-43.40
-24.54,42.42,-50.48
-22.22,48.77,-56.88
-18.62,54.26,-61.52
-15.75,53.65,-62.44
-15.69,47.61,-61.83
-16.97,39.31,-62.56
-17.76,29.48,-66.04
-19.41,19.96,-71.23
-21.97,10.86,-76.54
-21.79,1.28,-78.37
-21.18,-5.31,-75.01
-24.48,-9.03,-67.99
-24.60,-11.23,-59.69
-24.05,-13.98,-52.55
-19.96,-18.92,-46.02
-15.56,-24.96,-38.09
-11.29,-30.03,-29.36
-6.84,-35.22,-19.96
-1.53,-40.34,-9.58
3.97,-45.84,0.31
9.16,-51.15,10.07
11.84,-57.19,17.94
8.06,-60.36,21.12
-0.98,-50.72,6.47
-0.12,-34.12,-10.80
2.56,-27.95,-12.02
3.72,-25.21,-5.92
3.05,-16.97,-0.67
6.65,-8.97,-0.31
12.15,-4.33,-1.77
16.42,-2.08,-1.04
17.27,-2.38,0.73
15.69,-5.37,2.26
13.43,-10.01,8.54
10.44,-12.15,19.78
7.20,-10.99,21.67
9.52,-7.87,30.33
8.18,-2.56,51.76
8.97,2.93,66.59
11.72,9.64,73.73
13.85,15.20,79.71
12.94,18.01,85.69
11.78,16.42,94.06
8.00,21.30,101.68
7.63,25.88,112.30
8.79,28.69,127.93
10.44,25.88,136.35
11.84,27.77,133.79
11.35,28.20,129.09
8.42,26.79,121.46
9.03,23.99,119.02
-0.37,26.92,83.01
9.95,11.72,79.22
0.79,7.14,112.55
0.31,9.58,109.31
3.30,13.79,92.90
5.49,10.68,84.66
1.28,0.18,77.51
2.56,-0.12,59.39
-0.37,-2.01,39.73
-1.53,-0.73,13.06
0.24,-0.67,12.82
-1.28,-0.06,27.65
-2.62,1.34,29.11
-0.73,1.10,20.39
-0.55,1.40,17.21
-1.34,1.22,10.93
-0.61,-0.06,4.39
0.24,-0.31,2.01
0.67,-0.37,1.04
1.04,-0.73,0.43
0.61,-1.22,-0.61
-0.37,-1.89,-1.46
-1.10,-2.38,-2.38
-0.79,-2.26,-2.93
-0.43,-2.01,-3.36
-0.49,-1.59,-3.30
0.00,-1.10,-3.23
0.49,-0.61,-2.69
0.98,0.18,-1.89
1.59,0.92,-1.34
1.77,0.98,-0.85
1.40,0.92,-0.43
0.61,0.37,-0.73
0.12,-0.24,-1.10
-0.24,-0.73,-1.28
-0.67,-1.04,-1.40
-0.73,-0.85,-1.53
-0.55,-0.67,-1.40
-0.18,-0.06,-0.92
0.06,0.37,-0.24
0.24,0.61,0.06
0.24,0.85,0.12
0.49,0.73,0.24
0.98,0.37,0.67
1.34,-0.12,0.85
1.59,-0.67,0.79
1.34,-1.40,0.31
0.73,-2.26,-0.31
0.31,-2.38,-0.79
0.79,-2.14,-0.92
1.34,-2.01,-0.55















-,-,-
2.44,-6.77,0.37
2.44,-6.47,0.49
2.75,-6.23,0.79
2.62,-5.98,1.16
2.81,-5.86,1.22
2.56,-5.92,0.79
2.26,-5.92,0.61
1.53,-6.04,0.31
0.73,-6.04,-0.24
1.04,-5.86,-0.49
1.40,-5.43,-0.49
1.59,-4.82,-0.43
1.22,-4.58,0.00
1.53,-4.15,-0.06
1.71,-3.66,0.06
1.65,-2.99,0.37
1.71,-2.44,0.85
1.34,-2.08,1.10
1.04,-1.77,1.53
0.73,-1.59,1.59
0.67,-1.59,1.28
1.34,-1.40,0.98
2.01,-1.34,0.85
1.65,-1.34,0.55
1.28,-1.65,0.06
1.22,-1.83,-0.18
1.40,-1.71,0.12
1.89,-1.77,0.43
2.44,-1.77,0.73
2.81,-1.83,1.34
2.93,-2.08,2.01
3.30,-2.32,2.99
4.33,-2.44,3.48
5.37,-2.38,3.91
6.47,-1.83,4.64
7.87,-0.73,5.74
11.35,0.98,7.02
16.54,3.23,8.97
22.34,5.62,11.54
27.47,7.63,14.22
31.98,8.30,16.85
38.21,3.97,19.65
44.62,-3.85,22.95
54.26,-18.49,22.16
66.65,-25.63,25.09
75.99,-27.16,24.84
87.71,-39.00,17.70
95.70,-43.58,13.61
95.28,-44.74,10.68
93.87,-48.58,9.09
80.69,-42.30,9.34
72.08,-30.88,10.07
64.58,-20.81,11.78
58.65,-5.98,15.14
52.98,-2.50,14.34
50.78,-7.57,8.54
42.30,-3.30,7.93
32.35,-4.82,6.59
28.14,-17.09,-0.92
23.86,-0.12,4.09
17.52,1.04,9.89
20.94,-5.86,6.77
19.71,-14.22,3.60
19.84,-21.48,-1.22
21.73,-17.76,-3.54
23.38,-9.52,-0.67
25.33,-8.36,0.49
26.37,-12.76,-2.26
27.16,-9.64,-1.89
17.46,5.74,3.66
12.57,-1.65,-1.10
12.27,-7.63,-2.44
7.69,7.20,2.32
9.28,8.30,3.23
11.05,2.81,2.93
9.22,-8.12,-0.92
5.13,-11.96,-3.48
-2.26,-3.60,-1.04
-6.53,0.37,-0.92
-8.30,-0.43,-2.20
-11.17,0.92,-3.36
-14.89,4.33,-4.09
-19.59,10.19,-4.09
-24.29,19.78,-4.03
-28.63,31.25,-5.37
-30.58,43.09,-8.73
-32.17,55.79,-17.40
-27.83,61.52,-28.50
-21.61,57.92,-36.93
-17.88,55.66,-47.30
-13.49,57.07,-61.58
-9.77,58.41,-77.82
-7.87,57.31,-91.80
-7.51,52.80,-99.49
-8.06,44.68,-100.16
-9.64,33.39,-96.68
-10.19,20.20,-90.94
-10.80,5.37,-84.53
-11.78,-9.70,-75.56
-17.03,-22.83,-63.23
-23.99,-30.58,-50.60
-27.47,-34.18,-39.79
-29.05,-35.40,-31.62
-30.09,-36.13,-27.10
-30.52,-37.11,-25.94
-29.91,-39.37,-26.49
-29.17,-42.18,-25.27
-29.17,-44.74,-21.55
-27.77,-47.24,-17.88
-22.09,-50.17,-14.95
-16.48,-52.55,-13.61
-11.78,-52.86,-12.88
-10.25,-48.52,-12.21
-9.70,-35.52,-19.71
-5.07,-25.21,-16.72
-8.61,-21.61,-10.93
-1.16,-14.40,-8.79
7.08,-7.20,-5.25
11.17,-0.92,-0.31
13.98,0.00,2.20
16.30,-1.16,2.44
19.10,-2.75,4.33
22.83,-4.64,13.55
21.36,-3.30,23.32
24.90,-0.67,30.76
27.04,4.46,44.86
22.52,11.84,47.85
25.76,21.00,62.74
23.68,27.77,79.71
21.24,29.36,96.25
17.33,31.68,100.34
17.52,31.37,107.42
16.05,35.95,116.58
22.58,37.41,130.13
30.03,37.78,148.32
33.02,37.78,158.45
31.86,36.80,161.68
26.12,36.87,159.42
22.89,34.36,149.90
21.48,30.76,138.85
20.51,24.84,130.86
16.72,15.99,121.89
14.71,14.04,109.50
11.54,10.56,87.77
12.57,7.02,76.60
9.03,6.29,64.21
9.64,4.94,55.05
6.59,0.85,47.79
5.19,-2.44,42.66
2.81,-2.93,28.93
3.91,-2.08,17.82
3.60,-0.49,18.68
1.40,-0.55,10.25
4.76,-0.55,-2.32
4.03,-0.43,-2.08
4.27,0.00,-1.22
3.17,0.37,-1.71
1.95,0.18,-1.95
1.28,0.06,-1.71
1.10,0.49,-1.53
1.04,0.73,-1.28
0.73,0.55,-1.65
0.31,0.49,-1.95
0.55,0.49,-2.26
1.34,0.98,-2.08
1.89,1.53,-1.83
1.89,1.34,-1.95
0.92,0.67,-2.44
0.12,0.12,-3.11
-0.37,0.06,-3.23
-0.49,0.49,-2.75
0.06,1.28,-2.08
0.06,1.95,-1.40
-0.24,2.50,-0.92
-0.55,2.50,-1.04
-0.49,2.44,-1.04
-0.12,2.26,-0.92
0.31,1.89,-0.92
0.61,1.28,-1.10
0.67,0.85,-0.92















-,-,-
0.06,1.28,0.79
-0.12,1.16,0.92
-0.12,0.79,1.10
-0.12,0.37,1.10
0.12,-0.31,1.46
0.18,-0.61,1.40
0.55,-0.98,1.28
1.04,-1.04,1.28
1.46,-0.79,1.16
1.34,-0.43,1.16
0.79,0.12,1.28
0.79,0.24,0.98
0.61,0.43,0.92
0.73,0.24,1.28
0.61,-0.12,1.71
0.55,-0.43,1.89
0.85,-0.92,1.77
1.16,-1.40,1.65
0.92,-1.83,1.65
0.92,-2.01,1.77
1.04,-2.20,1.71
1.16,-2.20,1.71
1.04,-2.08,1.53
1.10,-1.65,1.16
1.16,-0.98,0.79
1.22,-0.67,1.04
1.34,-1.04,1.59
1.83,-1.83,2.14
2.08,-3.72,2.75
2.20,-7.14,3.30
2.44,-11.96,3.91
2.20,-18.13,4.94
2.01,-24.17,5.55
4.03,-21.67,1.95
2.26,-15.87,-0.55
4.39,-16.30,-0.61
7.63,-17.76,1.04
9.89,-15.38,1.34
12.39,-13.85,1.83
14.10,-13.67,2.75
16.11,-11.90,4.46
18.55,-10.01,6.96
21.79,-9.64,9.03
24.54,-12.88,12.57
28.20,-13.43,14.22
36.01,-15.20,14.71
45.47,-19.59,20.02
53.89,-18.74,22.77
64.64,-17.64,20.26
74.65,-23.44,23.38
81.42,-30.40,25.27
85.63,-31.80,22.89
86.24,-34.42,23.38
82.21,-29.79,25.45
76.97,-24.60,25.51
72.94,-18.07,27.04
67.14,-10.38,22.40
68.12,-11.72,19.90
68.18,-12.21,20.14
69.82,-9.58,19.04
70.19,-12.88,18.25
69.15,-11.17,13.49
71.41,-20.69,12.57
73.97,-24.41,15.32
70.56,-15.44,21.36
63.84,-9.58,17.03
58.72,-7.51,16.54
50.66,-5.37,18.74
43.64,0.43,17.40
34.97,6.96,13.85
26.86,0.92,10.56
20.63,1.40,11.96
14.28,2.62,10.62
10.19,1.10,7.45
5.25,-0.31,5.49
0.24,-3.78,2.56
-4.70,-6.96,-0.12
-11.05,-8.54,-2.32
-18.43,-8.54,-4.27
-24.84,-6.16,-5.00
-29.17,-0.49,-5.00
-32.90,9.95,-5.74
-34.36,23.74,-8.24
-35.58,35.46,-6.77
-36.19,41.81,-3.66
-35.16,42.60,-7.69
-30.70,39.79,-23.62
-23.38,34.61,-43.52
-18.31,30.15,-55.73
-15.69,32.96,-64.64
-11.11,39.79,-76.78
-4.94,44.56,-90.09
-0.18,44.25,-98.51
2.32,38.76,-99.24
3.54,28.44,-91.31
-0.37,15.32,-76.72
-4.21,2.44,-61.34
-7.14,-7.63,-49.38
-9.03,-15.63,-41.99
-10.13,-21.42,-37.66
-10.86,-26.43,-34.24
-5.37,-31.07,-31.62
-6.71,-35.03,-26.79
-5.80,-40.71,-18.86
-4.09,-44.92,-10.56
0.79,-36.38,-9.40
5.00,-17.52,-7.26
7.08,-11.47,0.43
8.12,-11.66,4.88
11.05,-7.75,3.66
15.56,-2.99,2.14
15.56,-1.28,2.81
14.34,-0.12,3.91
12.33,1.04,5.13
9.70,1.89,6.16
8.85,2.32,8.00
8.97,2.14,15.32
10.25,2.75,32.35
10.31,6.29,46.88
11.96,9.58,46.81
14.16,9.64,47.42
11.90,9.52,52.43
9.70,8.36,45.78
11.54,9.52,43.70
8.67,5.98,55.54
8.61,5.13,64.88
9.09,7.63,71.66
8.00,10.31,78.31
6.71,9.16,89.48
3.66,4.33,94.36
1.10,4.27,91.43
0.55,5.00,86.24
-0.79,7.87,89.84
-3.36,8.91,85.45
-1.89,5.31,68.42
0.49,6.10,72.27
0.79,4.70,80.69
-3.72,5.19,72.33
2.62,5.25,65.19
-2.93,1.77,70.74
-3.17,1.83,56.21
-1.10,0.18,51.45
-3.72,-3.78,50.90
-2.08,-0.85,47.18
-2.69,-0.67,45.29
-2.20,-2.75,46.02
-0.85,-0.85,46.81
-1.10,4.52,49.07
-2.20,-0.24,52.61
0.24,0.49,56.82
-4.52,-5.86,49.56
-3.36,-7.51,33.39
0.79,-7.02,37.05
-7.14,-3.48,24.66
-1.71,0.37,3.23
-0.31,0.24,5.62
-0.43,-2.14,21.00
7.20,-4.94,45.47
-0.55,-10.25,52.92
-2.87,-5.37,24.84
-5.00,-5.31,3.78
-5.07,-5.80,0.37
-4.46,-4.33,7.57
-2.32,-1.16,16.17
-1.22,0.92,16.97
-1.10,-0.49,3.60
0.31,-0.37,-3.48
-1.95,-0.55,-2.38
-2.44,0.24,-1.53
-2.56,1.34,-1.65
-3.17,1.83,-1.71
-3.36,2.50,-1.59
-2.87,3.23,-0.98
-1.83,3.78,-0.06
-0.67,4.15,0.79
0.12,3.66,0.92
0.92,2.69,0.85
2.01,1.83,0.98
2.75,1.16,0.61
3.48,0.43,0.55















-,-,-
1.77,-2.87,0.49
2.38,-2.50,0.67
2.93,-2.26,1.16
3.54,-1.77,1.40
3.97,-1.22,1.83
4.15,-0.55,2.01
4.27,0.31,2.20
4.15,1.04,2.44
3.72,1.65,2.75
3.05,1.59,2.44
2.62,1.28,2.08
2.44,1.22,1.89
2.44,0.92,1.83
2.44,0.31,1.77
2.50,-0.31,1.77
2.87,-0.98,1.89
3.30,-1.59,2.14
3.78,-2.20,2.32
3.85,-2.62,2.44
3.78,-3.17,2.38
3.60,-3.54,2.14
3.30,-3.72,1.53
2.87,-3.72,1.34
2.69,-3.48,1.10
2.44,-3.11,0.92
2.20,-2.81,0.67
2.01,-2.56,0.73
2.56,-2.32,0.61
2.93,-2.44,0.61
2.50,-2.69,0.49
2.08,-3.23,0.31
1.83,-3.85,0.12
1.34,-4.21,0.12
1.10,-4.39,0.18
0.98,-4.58,0.55
1.28,-4.33,0.67
1.65,-4.09,0.92
2.01,-4.03,0.98
2.99,-4.15,0.92
3.78,-4.52,0.67
4.70,-5.31,0.12
5.68,-6.59,-0.31
6.04,-7.75,-0.31
6.47,-8.79,-0.24
7.32,-9.09,0.31
9.95,-8.12,1.71
13.61,-5.80,4.09
17.09,-3.05,7.32
20.87,-0.55,10.50
26.37,1.53,13.55
34.48,1.10,17.88
43.70,-8.06,24.78
53.96,-18.25,30.03
63.11,-24.41,28.56
71.78,-27.40,27.65
74.40,-23.56,30.64
77.70,-24.84,29.79
82.21,-25.02,28.44
87.04,-21.73,31.07
86.67,-21.00,38.33
84.90,-12.70,35.95
83.86,-16.78,31.49
80.14,-14.10,26.61
76.48,-13.49,23.50
72.75,-11.84,20.69
69.70,-10.86,19.04
64.70,-14.53,23.01
56.76,-4.39,17.33
49.26,-0.85,9.40
38.21,-9.89,8.67
26.67,0.98,7.81
14.34,3.85,5.00
3.30,6.29,3.66
-5.43,3.66,2.01
-11.54,-0.12,-0.31
-17.27,-1.59,-1.71
-22.16,0.24,-3.05
-27.34,5.13,-2.75
-32.71,14.28,-0.92
-37.41,27.77,-0.85
-40.83,44.80,-1.28
-42.54,54.44,-1.04
-39.31,55.05,-5.80
-32.41,55.24,-17.70
-22.34,49.38,-30.70
-14.95,45.72,-39.18
-10.86,48.52,-47.18
-6.84,53.83,-57.31
-1.77,57.25,-68.18
1.95,56.64,-77.21
3.17,54.08,-83.56
1.77,48.28,-86.85
1.16,38.39,-87.22
1.59,23.99,-82.89
1.71,7.08,-72.33
1.83,-6.47,-57.74
4.21,-15.38,-43.21
6.53,-21.30,-29.05
4.88,-24.96,-18.55
0.37,-28.32,-13.55
-4.70,-31.86,-13.31
-8.48,-36.25,-12.94
-8.12,-42.05,-8.48
-4.76,-50.17,-0.67
0.06,-59.75,8.85
6.41,-61.83,12.33
10.01,-39.86,4.70
15.26,-29.91,0.85
23.32,-27.10,0.12
19.59,-22.95,2.01
18.25,-16.54,2.26
15.75,-12.51,1.89
11.11,-9.16,2.26
7.32,-5.92,3.11
6.04,-3.48,4.27
7.02,-1.40,7.51
11.72,-3.30,20.08
15.38,-6.41,43.58
14.65,-3.72,37.29
20.26,-1.95,43.09
14.34,1.34,59.20
13.98,5.55,66.10
11.11,5.19,78.86
10.31,2.14,83.50
11.66,5.37,80.32
11.90,5.68,83.68
8.67,6.35,92.16
4.82,9.09,97.84
2.81,10.56,99.24
-0.73,4.88,105.10
-6.29,3.97,104.80
-6.29,3.85,104.43
-9.77,7.57,104.92
-8.79,2.62,103.09
-9.70,-5.13,94.97
-7.26,-6.35,72.57
-7.51,-6.47,56.58
-8.67,-2.14,57.07
-7.20,1.40,61.95
-7.87,-2.81,63.05
-9.28,1.65,34.12
-5.25,3.60,19.71
-7.87,1.10,39.00
-8.24,-0.67,51.39
-7.02,2.56,42.66
-4.52,0.31,33.51
-3.85,-3.72,30.82
-2.81,-1.95,17.21
-1.95,1.40,13.00
-1.71,2.56,6.71
0.43,3.60,2.44
-0.06,3.17,1.34
-0.49,2.50,0.67
-0.55,1.95,0.06
-0.92,1.53,-0.55
-1.10,1.40,-1.16
-1.71,1.34,-1.65
-2.32,1.40,-1.89
-2.32,1.22,-1.71
-1.46,1.04,-1.10
-0.67,1.16,-0.12
-0.06,1.22,0.49
-0.18,0.92,0.55
0.00,0.61,0.61
-0.18,0.43,0.61
0.06,0.55,0.31
0.43,0.73,0.12
0.73,0.73,-0.37
1.16,0.92,-0.49
1.65,1.22,-0.43
2.20,1.34,-0.24
2.50,1.16,-0.12
2.50,0.92,-0.37
1.83,0.12,-1.22
1.10,-0.55,-1.71
0.43,-0.92,-2.20
0.18,-0.67,-2.14
0.18,-0.37,-2.26
0.18,-0.18,-2.20
0.24,-0.06,-1.77















-,-,-
1.16,-5.74,-0.18
0.92,-5.13,-0.61
0.61,-4.46,-0.49
0.43,-3.72,-0.49
0.55,-2.87,-0.24
1.16,-2.14,0.00
1.53,-1.53,0.55
1.71,-0.98,0.67
2.08,-0.73,0.85
2.20,-0.92,0.79
1.83,-1.83,0.43
1.22,-3.05,-0.37
0.49,-4.52,-0.92
0.31,-5.62,-1.10
0.55,-5.86,-1.04
0.85,-5.74,-1.10
1.04,-5.68,-1.04
0.73,-5.19,-1.16
0.43,-4.94,-1.40
0.31,-4.76,-1.59
-0.06,-4.33,-1.40
0.00,-3.97,-1.10
0.24,-3.36,-0.92
0.37,-2.75,-0.67
0.49,-2.44,-0.31
0.67,-2.20,0.06
1.34,-2.01,0.43
2.01,-1.77,0.85
2.62,-1.65,1.16
3.72,-1.34,1.46
5.00,-1.10,2.14
5.43,-0.55,3.17
6.41,0.37,4.03
7.81,1.46,4.88
9.46,3.60,5.98
11.29,6.16,7.57
16.30,8.97,9.77
24.48,9.34,14.77
31.74,2.93,21.18
39.37,1.77,25.63
49.44,-7.51,28.50
56.34,-15.69,26.31
63.35,-12.08,25.94
72.08,-19.35,29.85
80.32,-19.41,34.55
90.39,-17.27,39.92
94.54,-16.30,41.20
94.79,-19.47,34.91
94.12,-22.09,31.80
86.61,-17.27,32.47
77.58,-7.69,27.34
76.11,-9.40,23.07
71.23,-7.32,25.45
66.28,-7.75,24.84
57.19,-2.75,21.12
42.11,-0.61,19.78
26.86,0.49,13.98
17.33,0.24,10.01
9.46,5.98,9.95
5.43,7.69,6.77
3.23,1.77,4.64
0.67,-2.56,3.66
-2.56,-4.09,1.83
-4.76,-3.60,0.92
-6.10,-1.16,0.85
-5.86,3.05,1.16
-5.31,7.57,1.71
-7.32,11.60,1.34
-12.94,13.98,-0.18
-19.35,16.11,-2.62
-24.11,19.35,-4.33
-26.31,24.29,-4.82
-25.82,30.46,-5.00
-23.13,36.19,-6.29
-20.08,39.79,-14.89
-15.38,38.39,-32.10
-10.86,38.15,-46.94
-9.03,42.05,-57.62
-4.82,48.28,-68.12
0.61,52.43,-78.92
6.84,53.53,-88.68
12.08,50.66,-94.12
14.77,44.01,-93.32
15.50,33.51,-86.00
17.03,20.14,-73.36
14.65,6.35,-55.36
12.02,-4.27,-38.21
8.54,-11.41,-25.45
2.44,-15.99,-19.04
-3.11,-18.68,-17.70
-5.86,-21.48,-18.74
-6.77,-26.92,-19.04
-6.04,-34.85,-18.01
-4.58,-43.64,-16.72
-1.71,-52.92,-15.63
1.59,-61.04,-11.23
2.81,-66.41,-3.23
4.39,-57.19,-1.89
1.77,-31.92,-6.84
7.75,-22.58,-8.67
8.73,-21.97,-5.49
1.22,-15.38,-3.36
3.72,-7.32,-0.43
3.72,-2.87,1.40
4.21,0.49,1.65
4.39,3.05,2.08
4.33,4.46,2.81
2.87,4.46,3.30
1.95,3.42,3.97
2.32,1.77,4.88
3.78,0.49,9.28
6.77,2.01,22.77
9.22,4.88,49.99
6.41,8.97,73.12
5.92,16.05,87.71
4.21,21.24,104.43
1.28,22.71,120.85
-0.61,31.37,131.77
3.36,32.96,149.54
2.93,22.46,160.34
4.46,24.96,151.73
4.94,22.89,141.17
1.59,22.83,135.68
-1.71,21.79,127.87
-3.36,21.97,116.39
-2.93,18.43,107.54
-6.41,6.41,94.67
-5.98,1.16,79.96
-2.62,-1.53,67.99
-6.53,1.77,55.97
-5.80,2.56,29.48
-3.60,-0.06,17.33
-2.87,-0.55,26.98
-3.36,1.71,32.23
-2.01,1.40,26.98
-0.43,2.08,16.05
1.65,3.54,2.50
3.42,4.27,-0.67
3.78,4.58,0.85
4.15,3.78,0.92
3.54,2.87,0.43
2.38,1.59,-0.12
1.83,0.37,-0.61
1.71,-0.24,-0.79
1.34,-0.55,-0.79
1.16,-0.49,-0.85
1.28,0.00,-0.73
1.71,0.55,-0.31
2.08,1.10,0.49
2.69,1.59,0.98
2.87,1.65,1.46
2.75,1.40,1.46
2.01,0.67,1.53
1.71,0.12,1.28
1.40,-0.24,1.34
1.22,-0.43,1.22
1.16,-0.37,1.16
1.40,-0.24,1.04
1.22,0.24,1.22
1.22,0.67,1.10
1.77,1.22,1.40
2.20,1.77,1.83
2.93,1.95,2.20
3.60,1.89,2.38
3.17,0.98,2.14
2.75,0.06,1.40
2.08,-0.67,0.79
1.71,-1.10,0.55
1.28,-1.28,0.24
0.73,-0.98,0.12
0.67,-0.24,0.43
1.10,0.67,0.67
1.40,1.65,1.04
1.46,2.14,1.22
1.71,2.26,1.34
1.95,2.20,1.65
1.89,1.83,1.59
1.77,1.28,1.22
1.10,0.37,0.24
0.49,-0.43,-0.31















-,-,-
0.49,1.04,0.85
0.92,0.24,1.10
0.61,-0.12,1.04
0.18,-0.43,0.73
0.00,-0.85,0.31
0.06,-1.89,0.12
-0.43,-2.93,0.24
-0.79,-3.23,0.43
-0.55,-3.54,0.49
-0.12,-4.27,0.00
0.12,-5.19,-0.43
0.37,-5.49,-0.92
0.79,-6.04,-1.10
1.22,-7.39,-0.67
0.43,-8.54,-0.06
-0.18,-9.40,-0.12
-0.61,-10.50,-0.24
-1.10,-10.62,-0.55
-1.22,-10.68,0.37
-1.53,-10.56,2.26
-0.43,-10.56,3.36
0.79,-10.74,3.85
0.49,-11.47,4.94
0.18,-10.13,4.58
-0.12,-6.90,1.40
1.22,-5.92,0.43
1.95,-5.19,0.31
2.62,-3.66,0.79
4.39,-3.17,1.34
5.31,-4.46,1.53
5.19,-5.74,1.65
5.00,-7.02,2.20
4.70,-9.40,2.20
5.62,-11.72,2.01
5.98,-13.31,2.01
5.86,-14.10,2.32
5.43,-14.04,2.93
7.57,-12.82,3.85
11.84,-10.62,4.94
15.50,-8.12,7.02
18.37,-5.92,9.28
22.71,-6.23,12.15
29.79,-17.27,20.69
33.75,-15.63,24.23
46.94,-16.85,24.17
58.84,-18.62,27.40
69.89,-25.33,33.08
77.64,-25.94,33.39
86.91,-24.35,33.39
91.37,-28.44,32.10
94.54,-29.91,29.72
100.10,-30.82,27.77
99.85,-29.24,28.69
102.78,-36.50,22.34
98.82,-30.58,25.02
92.59,-25.45,20.14
88.01,-20.87,15.26
80.20,-16.30,17.27
71.78,-12.21,18.19
63.48,-8.00,16.48
56.46,-2.50,12.94
51.57,-6.59,13.12
49.01,-8.91,10.74
40.22,-4.64,10.56
30.88,-2.26,4.09
26.31,-10.07,2.87
22.58,-3.23,6.77
20.69,-2.08,7.14
21.42,-3.72,5.86
21.18,-6.71,5.13
21.18,-14.16,2.93
21.91,-9.58,2.20
21.67,0.43,4.94
24.60,4.46,6.71
25.15,5.19,7.51
18.98,4.03,6.23
9.70,-1.40,2.56
-1.71,-1.34,-1.40
-11.96,3.91,-4.46
-19.71,4.15,-5.86
-24.23,3.30,-6.77
-26.49,6.16,-6.59
-27.28,12.63,-6.10
-27.10,22.22,-5.37
-27.22,33.45,-8.06
-28.20,42.48,-21.67
-27.16,43.76,-48.40
-21.67,37.84,-69.21
-20.08,37.54,-79.28
-17.52,46.02,-88.99
-11.78,56.21,-100.40
-6.23,62.01,-109.25
-2.20,60.42,-112.30
-0.92,51.64,-107.79
-2.14,38.70,-98.14
-1.28,24.78,-86.61
-8.61,11.60,-77.45
-11.78,-2.93,-71.96
-16.60,-18.25,-64.45
-21.73,-31.13,-52.73
-24.17,-40.22,-38.64
-24.72,-45.84,-23.99
-19.59,-50.90,-9.95
-17.03,-56.27,3.97
-13.43,-63.23,18.62
-10.01,-65.67,26.98
-5.80,-47.73,11.84
10.25,-35.77,4.27
24.90,-29.60,2.26
22.34,-23.86,4.94
17.52,-17.52,9.83
15.99,-12.21,15.38
21.24,-8.48,25.57
20.51,-2.26,39.92
18.62,5.37,53.10
15.50,10.93,60.85
14.59,12.51,69.52
13.73,16.05,82.58
12.70,24.29,93.69
13.92,27.71,106.87
12.63,29.60,124.27
12.70,26.06,142.70
11.23,27.83,161.07
6.53,26.67,155.52
4.76,22.83,142.82
1.34,16.85,123.35
1.77,12.76,114.93
-3.66,9.64,104.74
-2.75,9.16,93.44
-2.38,8.97,86.98
-0.61,1.46,86.55
-0.18,-4.46,78.25
3.17,-10.07,69.21
-2.14,-6.04,48.10
-1.34,-0.43,27.89
-2.01,-3.66,32.59
0.00,-4.09,45.29
-3.66,-1.22,52.92
-5.37,0.92,36.01
-1.46,2.14,28.44
-0.98,1.28,28.81
-2.14,2.62,24.84
-0.12,2.75,12.08
2.38,3.30,5.07
4.88,3.05,1.16
5.62,2.26,0.00
3.72,0.49,-0.92
1.28,-1.40,-2.20
-0.49,-2.44,-2.75
-1.04,-2.44,-2.87
-1.59,-1.77,-2.50
-1.46,-0.85,-2.14
-1.04,0.18,-1.46
0.00,1.22,-0.61
0.43,1.89,0.06
0.00,2.01,0.43
-0.73,1.65,0.73
-1.28,0.85,0.61
-1.53,0.43,0.67
-1.89,0.18,0.61
-1.95,0.24,0.55
-2.01,0.79,0.73
-1.28,1.22,1.16
-0.49,1.95,1.46
-0.06,2.38,1.71
0.18,2.38,1.95
0.61,2.20,1.89
1.10,2.08,1.83
1.53,1.77,1.65
1.95,1.46,1.28
2.69,1.10,0.43
3.54,1.22,0.49
3.78,1.46,1.22
4.76,1.71,0.61
5.19,2.56,-0.49
4.33,2.38,-1.22
2.38,1.22,-2.20
0.92,0.55,-2.99
0.31,0.49,-3.05
0.61,0.61,-2.81















-,-,-
-0.37,0.06,0.79
0.00,-0.24,0.67
-0.18,-0.67,0.73
2.69,-0.49,1.28
4.21,-0.55,2.26
5.25,-0.98,2.69
5.62,-1.89,2.69
5.55,-3.42,2.69
4.82,-5.19,2.38
3.23,-6.47,1.71
3.48,-7.32,1.28
3.17,-7.63,1.22
3.17,-6.84,1.16
3.17,-5.86,1.16
3.23,-4.52,1.53
2.81,-3.11,1.65
3.72,-2.14,1.77
4.21,-1.65,2.01
3.48,-1.71,1.46
2.75,-2.08,0.49
1.95,-2.26,0.49
2.08,-2.32,0.85
2.62,-2.32,0.98
3.36,-2.44,1.28
3.66,-2.56,1.71
2.08,-2.93,1.77
2.56,-3.78,1.65
3.48,-4.52,1.71
3.66,-4.94,1.71
4.39,-5.07,2.08
7.87,-5.00,2.38
8.42,-4.88,3.11
9.16,-3.54,5.07
10.13,-2.44,5.92
12.02,-2.50,6.23
13.55,-2.38,6.77
15.32,-1.59,7.63
15.26,-0.31,8.97
16.48,1.40,10.25
20.20,3.48,11.11
24.60,5.31,12.82
27.04,5.55,14.59
30.94,-2.75,15.14
34.85,-13.92,13.67
39.67,-11.23,12.45
46.39,-12.94,14.28
55.05,-15.63,13.92
64.21,-20.51,13.31
71.78,-26.00,11.23
75.07,-28.87,7.69
75.74,-34.12,6.71
76.48,-34.18,9.70
75.26,-23.56,17.88
74.34,-16.48,18.49
78.49,-18.25,10.62
82.46,-21.18,10.38
80.87,-23.68,11.23
79.35,-28.20,3.30
77.82,-27.16,2.75
67.93,-20.63,2.44
66.22,-18.98,-0.55
59.33,-15.26,1.10
52.55,-16.60,-1.89
42.54,-18.62,2.32
23.74,-7.45,4.70
12.02,-4.09,0.61
4.27,-2.93,-0.73
-0.18,0.37,0.49
-3.30,-1.22,0.12
-4.52,-3.42,-0.85
-5.00,-2.99,-0.92
-4.82,-0.73,0.00
-5.37,2.08,0.18
-6.65,4.70,-0.06
-9.46,6.71,-0.24
-12.88,8.36,-1.16
-15.50,10.38,-2.08
-16.54,13.00,-2.32
-16.36,15.99,-2.50
-16.66,19.04,-3.05
-17.76,20.94,-4.21
-20.57,21.97,-6.41
-24.84,23.13,-10.13
-28.81,27.16,-17.33
-31.56,33.45,-34.24
-30.40,33.69,-52.12
-31.80,34.67,-64.33
-32.23,37.90,-74.52
-30.21,40.65,-84.35
-27.65,42.97,-92.47
-23.56,42.72,-97.41
-19.29,37.66,-98.39
-13.06,26.00,-94.60
-15.56,10.44,-88.56
-21.00,-3.48,-82.76
-24.66,-14.47,-76.78
-27.40,-21.97,-70.13
-30.64,-26.00,-62.50
-35.10,-29.48,-54.69
-31.80,-34.00,-45.23
-28.02,-38.76,-34.73
-24.84,-45.41,-23.01
-21.48,-54.14,-10.74
-18.13,-61.28,0.79
-17.58,-58.59,4.64
-10.31,-43.64,-5.92
9.16,-32.59,-3.36
18.68,-23.38,5.68
12.21,-18.31,7.93
7.57,-12.45,7.14
10.86,-8.42,18.19
16.11,-5.86,41.81
20.26,5.25,82.03
26.73,21.73,116.94
41.32,37.84,145.75
60.61,38.51,174.44
63.60,40.65,195.43
65.49,41.63,207.15
62.38,49.99,205.26
60.12,49.56,198.79
50.23,38.64,191.41
42.30,30.88,174.80
33.87,21.61,154.05
30.58,8.48,138.00
20.02,-0.43,114.87
16.36,-2.01,86.06
11.72,-6.65,72.08
5.49,-7.63,66.96
2.93,-11.41,51.33
6.71,-12.08,41.75
4.88,-6.16,33.63
6.10,-3.30,24.60
5.74,-0.24,18.13
6.47,2.44,4.82
6.47,2.81,0.79
6.23,2.44,0.73
5.19,1.89,-0.12
3.17,1.10,-1.89
1.16,0.37,-2.99
0.31,0.06,-3.42
0.37,0.55,-3.72
0.43,0.85,-3.85
0.43,1.10,-3.91
0.67,1.59,-4.03
0.92,1.65,-3.97
1.34,1.77,-3.66
1.53,1.77,-3.23
1.34,1.28,-2.93
0.67,0.43,-2.81
0.43,-0.24,-2.69
0.24,-0.18,-2.01
0.85,-0.06,-1.22
1.65,0.24,-0.43
1.71,0.24,0.43
1.77,0.24,0.98
1.83,0.43,0.92
1.71,0.43,0.79
2.26,0.31,0.73
2.69,0.37,0.67
2.81,0.31,0.37
2.50,0.18,0.00
2.62,0.12,-0.73
2.32,0.43,-1.40
2.26,0.79,-1.89
2.56,1.46,-1.95
2.87,2.01,-2.20
3.05,1.95,-2.14
2.93,1.89,-2.50
3.23,1.71,-3.23
4.33,0.98,-3.85
4.58,0.61,-4.39
3.11,0.00,-5.25
1.53,0.92,-6.59
0.06,2.38,-7.57
-1.53,2.62,-8.12
-3.11,1.71,-8.18
-4.15,0.79,-8.85
-2.08,-0.06,-10.13
-5.55,2.50,-12.39
-5.68,8.00,-21.18















-,-,-
0.92,-1.34,0.92
1.28,-1.83,0.92
1.46,-1.89,0.98
1.59,-1.71,0.79
2.20,-0.92,0.67
2.32,-0.24,0.73
2.50,0.37,0.67
2.99,1.16,0.43
3.11,1.53,0.73
3.05,1.83,0.98
2.62,1.59,0.73
1.95,0.61,0.49
0.79,-0.49,0.24
-0.06,-1.40,-0.24
-0.37,-1.83,-0.31
-0.24,-1.89,0.06
0.49,-1.28,0.00
1.22,-0.73,0.31
1.95,0.12,0.61
3.30,1.16,1.10
4.58,2.08,2.01
5.31,3.11,2.75
5.80,3.66,3.23
5.19,3.48,3.60
3.42,2.50,2.87
1.59,0.92,1.83
0.49,-0.24,1.46
0.24,-0.92,1.16
0.61,-1.16,0.73
1.22,-0.92,0.24
1.95,-0.55,0.37
3.23,0.24,0.85
4.58,1.34,1.22
6.16,2.75,2.20
8.79,4.46,3.48
12.70,6.04,5.07
16.85,6.16,6.90
22.16,3.85,8.67
30.15,6.77,9.77
37.60,6.47,11.29
50.17,8.36,14.65
61.71,-2.20,17.09
77.21,-3.30,19.04
83.31,-10.31,13.49
89.54,-16.17,8.48
87.95,-10.31,14.95
78.92,-8.91,10.80
63.84,-8.42,9.28
48.22,-3.23,9.16
35.28,-1.46,10.62
21.48,1.10,6.77
10.25,0.06,3.97
0.18,-2.32,2.01
-4.52,-9.58,0.55
-4.76,-13.98,-0.06
-4.39,-14.22,-0.06
-3.60,-11.66,0.49
-1.53,-6.77,0.92
4.09,-0.37,1.53
10.50,6.65,3.17
14.22,12.02,5.07
11.90,13.79,5.55
5.49,11.96,4.15
-0.98,8.61,2.93
-6.96,5.43,1.59
-12.39,2.08,-0.31
-17.33,-0.61,-1.46
-21.30,-1.40,-2.93
-24.48,0.18,-4.33
-27.10,5.43,-5.55
-29.17,12.88,-11.66
-31.43,16.17,-34.12
-28.14,14.22,-49.62
-23.86,19.59,-52.80
-17.70,33.14,-53.77
-8.67,43.27,-53.89
-2.38,44.19,-52.73
1.71,39.49,-49.87
1.89,32.35,-42.60
-0.49,24.48,-32.35
-4.03,14.71,-21.61
-6.10,2.69,-11.47
-8.30,-9.64,-3.91
-9.03,-23.13,0.92
-8.54,-37.35,6.04
-6.84,-50.84,12.27
-6.10,-61.28,18.49
-5.49,-63.29,22.16
-3.66,-32.47,7.20
3.85,-17.64,-2.01
13.85,-21.79,0.37
13.79,-9.70,6.90
15.69,2.62,6.23
19.10,8.48,4.39
17.46,10.07,5.86
16.17,8.12,9.89
17.40,5.00,19.41
20.51,2.50,35.89
23.56,6.10,46.69
24.41,10.07,57.80
25.39,14.28,69.27
26.73,19.90,78.67
30.58,24.29,83.80
35.16,28.38,99.67
34.42,35.40,94.12
33.02,29.48,102.72
25.15,31.37,96.56
17.52,24.90,85.75
13.06,16.72,80.93
4.70,8.79,51.82
6.04,6.90,38.82
5.25,6.84,43.82
4.46,4.46,38.70
6.23,4.09,28.56
5.00,2.44,21.06
4.76,2.56,9.40
4.15,2.38,6.16
3.05,1.28,5.68
2.93,0.43,5.25
3.05,0.18,3.97
2.26,0.12,2.08
0.92,0.37,0.31
-1.22,0.73,-1.53
-3.36,1.34,-3.11
-4.70,2.62,-3.60
-5.07,4.46,-3.85
-4.82,6.04,-4.03
-4.39,7.14,-3.72
-3.72,7.87,-3.17
-4.03,8.42,-2.62
-5.74,8.67,-2.87
-8.36,8.97,-3.60
-11.17,10.19,-4.27
-13.00,13.00,-7.08
-14.77,18.25,-16.91
-12.76,20.14,-25.76
-9.52,24.66,-27.04
-6.77,36.50,-24.96
-1.95,51.15,-24.60
4.21,62.32,-26.67
9.70,67.32,-27.71
12.70,67.99,-26.79
14.04,66.16,-24.54
14.53,62.07,-22.09
14.71,54.63,-19.84
14.22,45.78,-18.07
13.24,36.99,-16.42
12.63,28.26,-15.69
12.39,19.90,-13.73
12.94,11.66,-9.34
12.27,3.66,-4.52
10.80,-2.56,-0.55
8.54,-6.77,3.05
5.00,-9.09,5.98
2.32,-11.05,7.45
1.28,-14.16,7.63
1.28,-17.33,7.20
1.83,-19.35,6.04
2.32,-19.29,4.94
3.05,-17.40,4.03
3.30,-14.22,3.30
2.81,-10.07,2.44
2.62,-6.10,1.16
2.38,-2.56,0.55
0.98,1.28,1.22
0.06,5.25,2.20
-0.06,8.18,3.11
0.79,9.16,3.85
1.89,9.09,4.15
2.50,8.79,3.91
2.81,8.48,3.54
2.99,7.75,3.05
2.38,6.71,2.75
1.65,5.25,2.56
0.98,3.54,2.38
0.49,1.89,1.95
-0.31,0.55,2.01
-0.85,-0.79,2.62
-0.92,-1.83,3.11
-0.85,-3.05,3.60
















-,-,-
-4.46,1.59,1.53
-3.91,2.56,1.83
-3.78,2.81,1.83
-4.09,2.56,2.01
-4.21,2.01,2.01
-4.27,1.65,1.65
-4.94,1.83,1.34
-5.80,2.56,0.79
-6.04,3.42,0.49
-5.49,4.09,0.18
-4.64,3.91,0.06
-3.85,2.81,-0.18
-3.48,1.28,-0.49
-2.75,0.18,-0.73
-2.01,-0.31,0.00
-1.40,-0.12,1.22
-0.67,-0.06,2.32
0.12,-0.55,2.32
0.49,-1.04,1.40
-0.18,-1.34,0.55
-1.16,-1.10,0.31
-2.93,0.24,0.06
-4.09,1.59,0.37
-4.46,2.08,0.92
-4.46,1.77,1.46
-4.33,0.67,2.75
-3.78,-1.04,3.97
-3.17,-3.30,5.37
-2.26,-5.98,6.65
-1.04,-9.16,7.63
0.67,-13.00,8.48
2.32,-16.91,9.64
3.42,-13.79,6.90
4.33,-5.62,2.81
5.55,-6.47,2.93
5.43,-10.31,3.11
4.94,-9.40,2.20
5.49,-8.42,0.00
7.63,-7.51,-1.77
10.31,-5.92,-1.46
14.16,-3.78,-0.31
20.69,-1.65,2.20
28.44,0.00,7.69
40.41,-5.74,21.79
54.63,-5.98,26.79
72.63,-1.40,26.79
88.13,1.16,29.17
103.15,-1.04,29.11
112.67,-5.25,25.82
116.82,-3.97,24.29
115.23,-6.84,25.39
108.64,-10.19,21.73
95.52,-4.88,11.84
81.79,-3.30,12.02
62.13,1.71,15.32
42.60,4.76,14.47
26.25,5.37,14.95
11.17,7.32,9.09
-0.85,-2.01,4.70
-7.14,-13.24,2.32
-11.17,-19.78,0.31
-14.65,-21.18,-1.16
-15.87,-18.43,-1.71
-14.10,-12.51,-2.14
-10.62,-5.37,-2.44
-7.81,2.01,-2.14
-7.93,8.48,-1.83
-10.31,12.88,-2.44
-13.31,14.53,-3.72
-15.56,14.16,-4.46
-17.94,13.67,-4.94
-19.17,14.83,-7.26
-19.84,18.01,-12.88
-19.84,17.88,-16.60
-18.86,11.60,-21.67
-16.36,4.46,-29.97
-14.59,-0.67,-36.19
-14.28,-2.56,-41.20
-14.89,-0.98,-45.84
-14.22,2.14,-49.01
-12.33,5.68,-50.23
-10.68,7.51,-49.26
-8.54,6.77,-46.75
-5.98,3.30,-43.15
-2.81,-1.46,-38.33
1.34,-7.02,-30.94
7.51,-14.71,-19.10
12.57,-23.19,-4.88
15.32,-32.47,7.87
16.42,-42.72,15.99
15.26,-38.33,10.56
6.10,-16.42,4.39
7.20,-16.05,-0.92
5.00,-23.19,-4.33
2.44,-19.41,-4.52
2.44,-13.92,-4.70
3.78,-9.46,-4.15
6.47,-5.68,-3.05
10.80,-1.89,-0.37
15.50,2.56,11.90
18.92,6.84,38.64
23.01,15.81,56.52
27.22,19.29,75.99
27.83,25.94,82.95
33.33,28.75,102.11
34.42,28.14,113.77
34.67,28.63,114.32
28.02,27.22,115.11
20.08,26.12,94.60
13.06,22.34,73.06
5.74,13.61,57.25
5.43,9.40,57.68
-0.43,7.26,33.75
2.93,6.77,25.02
2.93,5.98,28.02
3.60,2.87,17.52
6.10,3.91,6.35
4.88,3.36,3.85
2.01,1.89,2.26
0.37,1.22,-1.04
-1.71,1.16,-4.52
-5.00,1.59,-6.10
-6.41,3.17,-6.65
-6.59,5.43,-6.90
-8.48,8.00,-7.14
-10.62,10.44,-7.69
-12.39,13.92,-8.30
-14.77,19.71,-12.02
-17.64,25.57,-25.57
-16.11,24.66,-36.13
-15.93,28.02,-38.51
-16.24,40.41,-36.99
-13.67,56.70,-36.25
-8.36,69.89,-36.50
-2.75,77.33,-36.62
2.62,81.97,-36.56
6.10,85.39,-36.68
7.69,86.30,-36.19
8.97,84.78,-35.58
9.77,80.63,-35.64
6.23,74.40,-37.41
8.42,66.41,-40.71
8.24,58.17,-42.66
6.77,51.51,-43.27
6.29,44.98,-42.54
5.49,37.48,-39.31
5.00,28.14,-33.14
4.64,18.07,-24.66
4.09,7.81,-15.26
3.23,-1.10,-7.45
1.89,-8.12,-2.87
0.18,-13.12,-0.49
-1.04,-16.17,-0.06
-1.59,-18.13,-0.92
-0.06,-20.20,-2.20
1.89,-23.13,-2.32
3.85,-25.15,-0.73
5.86,-24.72,1.28
6.90,-21.48,3.85
8.06,-16.24,6.90
10.99,-10.38,10.07
16.42,-5.07,13.06
21.06,-1.04,16.05
22.52,2.08,18.07
21.12,6.23,19.47
19.41,9.95,19.71
18.49,11.60,18.19
18.43,12.76,13.67
19.23,12.76,8.18
19.41,11.66,4.03
19.96,10.86,1.65
19.90,10.68,0.98
19.84,10.68,0.49
20.57,9.83,-0.24
20.63,8.48,-1.89
19.78,7.51,-3.78
18.07,6.65,-6.04
16.30,6.41,-9.22
14.53,6.84,-11.78
13.06,6.77,-13.12
















-,-,-
-0.98,-0.73,1.22
-0.73,-0.06,3.42
-0.37,-0.37,5.00
0.79,-1.71,5.25
2.93,-4.82,5.37
4.76,-9.95,6.04
4.15,-14.77,7.45
0.43,-10.19,5.19
-0.12,-6.10,3.48
-0.18,-10.31,3.48
-0.73,-12.27,2.56
0.92,-8.91,2.01
2.01,-7.02,1.83
4.09,-5.68,1.34
5.86,-4.15,1.46
7.20,-3.54,1.95
7.26,-4.03,2.56
6.29,-5.43,2.14
4.94,-6.96,1.71
3.48,-8.00,1.34
2.32,-8.61,0.85
2.01,-8.67,0.43
1.95,-7.81,0.31
2.69,-6.53,0.12
4.09,-5.37,0.43
5.37,-3.85,0.92
7.08,-2.38,1.40
8.18,-1.22,1.89
10.19,-0.12,2.26
13.12,1.95,3.05
17.58,4.09,4.82
23.19,6.23,6.77
29.97,8.00,8.97
37.60,7.69,12.33
47.06,2.93,16.30
59.94,-3.78,17.40
73.73,-9.46,11.72
88.38,-12.82,11.66
99.55,-11.90,11.47
110.72,-16.54,10.44
117.98,-13.79,15.69
117.98,-11.72,17.09
108.03,-6.71,14.71
94.18,-7.08,16.36
75.20,0.55,14.83
55.79,4.46,9.64
36.25,2.93,14.34
18.01,10.19,8.00
2.75,1.95,5.74
-5.55,-12.15,3.30
-8.79,-21.24,0.49
-11.47,-23.50,-0.92
-14.53,-21.06,-1.04
-15.44,-15.56,-1.65
-14.71,-8.36,-2.14
-13.92,-0.31,-2.38
-14.28,7.75,-2.26
-16.11,14.34,-3.60
-17.94,18.19,-4.88
-18.62,20.57,-5.49
-18.19,22.28,-5.43
-16.60,23.38,-5.68
-15.81,23.56,-10.56
-15.01,19.90,-24.29
-13.37,10.31,-32.78
-13.24,5.13,-32.90
-12.88,5.43,-34.67
-12.70,5.92,-40.89
-11.41,5.49,-47.91
-9.95,5.37,-50.96
-8.97,5.92,-47.97
-8.36,7.26,-40.41
-6.84,8.73,-32.59
-3.42,7.20,-25.21
1.16,2.99,-17.58
4.21,-2.14,-10.13
5.49,-7.63,-3.66
7.81,-14.83,2.56
10.07,-23.62,8.61
11.54,-33.33,14.04
12.39,-41.20,16.60
7.57,-21.18,9.16
12.39,-12.76,5.62
10.19,-17.82,2.38
5.37,-13.85,2.32
4.64,-7.26,1.89
3.11,-3.54,1.53
5.13,0.24,0.61
8.06,2.87,0.73
8.73,3.60,1.53
7.14,2.44,1.28
4.27,-0.37,0.98
1.77,-2.75,0.73
0.06,-4.21,0.67
-0.49,-4.52,1.16
-0.12,-4.21,2.75
0.98,-2.75,4.64
2.14,-0.79,5.37
3.91,-0.18,7.93
8.67,6.96,40.83
14.22,18.55,74.22
16.17,25.33,90.21
11.84,25.88,84.78
15.69,26.67,100.89
17.15,30.33,115.66
18.07,31.98,108.28
18.80,25.02,97.96
18.55,19.53,82.03
18.25,11.72,72.20
11.60,11.84,54.69
7.20,7.69,40.22
4.27,5.31,26.73
3.48,2.44,32.90
0.37,2.38,21.85
1.71,-0.18,8.18
4.03,-1.16,5.43
4.21,-0.31,6.04
3.97,0.98,5.74
3.48,2.32,3.91
1.95,2.81,1.28
1.04,2.87,-0.37
0.61,3.23,-0.61
0.67,3.72,-0.92
0.31,4.15,-1.34
-0.43,4.52,-1.77
-0.37,5.00,-2.14
0.31,5.92,-2.01
0.06,6.96,-1.71
-0.37,7.81,-1.65
-1.04,8.36,-1.40
-2.32,8.73,-1.28
-3.17,8.97,-0.98
-3.36,9.40,-0.61
-4.15,9.64,-0.37
-6.53,9.58,-1.71
-10.68,9.46,-9.58
-14.10,13.79,-26.98
-12.88,15.75,-34.48
-11.41,18.25,-28.50
-11.11,30.09,-19.35
-8.24,46.02,-17.33
-3.11,60.18,-23.74
3.30,68.97,-33.26
9.70,74.16,-40.59
15.38,76.42,-44.56
24.78,74.89,-45.41
31.86,70.37,-42.60
35.34,65.12,-38.21
35.52,60.42,-34.18
34.18,56.21,-31.86
28.99,53.34,-29.54
20.63,50.17,-25.51
13.67,46.33,-20.20
8.67,42.60,-14.47
11.72,38.39,-8.00
9.58,34.00,-2.93
8.00,28.75,0.49
11.96,22.22,2.87
13.98,16.05,4.46
16.17,11.41,6.10
18.31,10.07,7.63
20.45,11.29,10.99
22.58,13.61,15.87
25.21,16.97,21.48
27.89,22.03,26.49
29.91,28.50,30.21
31.07,34.48,32.35
29.91,38.33,31.49
27.71,37.72,28.69
24.23,31.74,27.10
16.78,23.62,27.89
8.36,15.93,31.01
-1.16,9.89,35.28
-9.70,6.71,41.32
-13.92,1.28,48.71
-13.24,-7.93,54.99
-8.97,-22.28,57.25
-8.36,-40.59,52.55
-12.45,-58.72,40.71
-16.78,-72.20,25.33
















-,-,-
-0.12,1.59,1.22
0.24,1.83,1.10
1.04,1.22,1.22
1.89,0.24,1.40
2.32,-0.67,1.65
1.83,-1.28,2.01
0.37,-1.46,2.62
-1.65,-1.71,3.05
-2.44,-1.83,3.11
-1.83,-2.93,3.23
-0.61,-5.19,3.48
0.49,-7.63,4.03
1.16,-9.83,5.13
2.01,-12.15,6.59
3.23,-13.12,6.77
1.95,-7.02,3.11
3.91,-5.19,1.04
2.93,-8.36,0.24
0.55,-8.97,0.55
-0.37,-7.75,0.85
0.12,-7.87,-0.37
0.37,-8.06,-1.34
0.61,-7.87,-1.28
2.20,-7.81,-0.92
3.85,-8.36,-0.79
4.15,-9.77,-0.24
2.93,-11.60,-0.06
0.98,-14.10,-0.49
-0.12,-15.81,-1.04
-0.43,-16.30,-0.92
0.55,-15.50,-0.79
1.53,-13.61,-0.43
3.11,-11.17,-0.12
5.37,-8.30,0.37
7.26,-5.55,1.10
8.36,-3.66,1.77
9.89,-2.38,2.56
10.80,-1.46,3.78
12.88,-0.55,4.82
16.66,2.62,5.62
21.06,5.92,7.51
27.04,4.09,12.21
35.46,0.85,18.62
46.08,-1.71,22.64
56.27,-2.44,25.15
66.22,-2.08,26.49
73.49,1.53,21.00
82.52,-3.05,20.02
84.78,-4.21,21.67
82.89,-2.38,13.18
78.12,-8.36,11.29
66.77,-0.79,12.63
58.23,-5.98,8.18
44.31,-0.92,3.36
36.38,-4.33,3.66
29.91,-5.55,4.76
24.48,-2.87,4.88
19.10,-3.11,5.62
10.80,-2.69,4.39
4.27,-6.23,2.69
0.06,-9.89,1.22
-2.56,-11.60,0.12
-3.60,-10.99,-0.67
-3.42,-8.30,-0.79
-2.44,-4.76,-0.79
-1.22,-1.04,-0.18
-0.37,2.32,0.00
-0.12,4.33,0.00
-0.12,5.62,0.67
0.61,6.29,1.46
-0.31,5.68,1.77
-2.99,3.66,0.18
-5.55,1.53,-1.04
-7.45,0.12,-1.46
-9.64,-0.37,-2.01
-13.12,-0.18,-3.23
-16.85,1.04,-4.46
-19.47,3.78,-5.49
-20.69,8.61,-6.47
-20.75,15.26,-8.97
-21.85,23.50,-22.03
-18.37,21.61,-35.52
-16.30,15.56,-32.53
-14.59,15.81,-24.48
-12.70,20.69,-22.64
-10.93,21.85,-27.28
-8.61,17.64,-32.65
-5.49,10.99,-35.22
-4.33,4.52,-34.55
-6.16,-0.12,-32.71
-7.51,-2.99,-32.90
-7.32,-6.47,-34.48
-4.76,-12.63,-33.51
0.12,-18.98,-26.55
3.66,-23.50,-14.53
3.66,-26.37,-3.05
2.99,-30.70,5.74
0.79,-29.17,7.57
-3.72,-12.88,4.27
4.52,-9.16,2.75
8.12,-12.76,1.65
11.23,-10.62,4.09
13.12,-5.25,6.04
12.45,-2.69,7.14
12.57,-1.89,5.62
12.08,-1.89,3.97
11.11,-2.38,4.46
12.02,-5.49,14.89
12.33,-1.71,34.97
16.78,10.68,59.39
22.34,17.09,81.91
24.84,20.81,93.93
26.86,23.32,99.06
25.57,27.10,102.48
23.80,27.04,101.38
22.03,28.14,96.56
21.24,26.92,91.25
17.58,25.82,79.28
13.92,19.71,54.63
15.08,10.99,51.45
11.90,6.96,53.16
6.96,7.93,30.03
5.31,3.05,16.91
4.03,-0.67,12.39
2.38,-0.79,7.14
2.26,-0.31,3.60
3.66,0.31,3.05
4.15,1.10,3.17
4.52,1.53,2.75
4.76,2.14,2.01
3.91,2.32,1.28
2.38,2.20,0.43
0.67,1.53,-0.55
-1.16,0.55,-1.22
-1.95,0.24,-1.53
-1.34,0.73,-1.77
-0.49,1.40,-2.01
0.31,1.95,-1.83
1.34,2.44,-1.04
2.69,2.62,-0.31
3.17,2.50,0.06
2.69,1.95,0.37
0.92,1.04,0.24
-0.49,0.06,-0.49
-2.14,-0.31,-0.85
-3.42,0.24,-0.98
-4.15,1.65,-1.04
-5.25,3.91,-1.40
-6.29,7.08,-1.77
-7.39,10.86,-2.50
-9.16,14.47,-3.54
-11.66,18.01,-5.31
-13.98,21.85,-9.77
-16.36,25.76,-18.86
-15.81,24.17,-29.42
-14.22,24.29,-33.02
-12.94,32.90,-29.05
-10.99,46.45,-25.51
-8.42,57.98,-25.94
-5.31,65.06,-28.56
-1.59,68.30,-30.40
2.56,68.60,-30.03
6.59,65.98,-28.44
10.50,61.04,-27.16
13.31,55.79,-26.18
14.59,50.66,-24.78
14.65,45.35,-22.77
12.70,39.37,-19.10
9.16,33.39,-14.77
5.31,27.34,-10.93
2.38,21.48,-7.87
1.40,15.44,-4.94
0.98,8.30,-2.08
0.24,2.14,1.22
-0.61,-2.44,3.91
-0.98,-6.35,5.68
-0.67,-9.77,6.84
-0.67,-12.82,7.75
-1.89,-13.37,7.87
-2.93,-11.72,6.84
















-,-,-
1.40,1.71,-0.79
1.53,2.32,-0.85
1.65,1.71,-0.73
1.83,-0.31,-1.22
2.44,-1.65,-1.65
1.89,-1.83,-2.20
1.89,-1.95,-2.44
2.44,-2.38,-2.50
3.05,-3.05,-2.32
3.66,-4.39,-1.95
3.66,-6.04,-1.22
3.97,-7.69,-0.49
4.03,-9.28,0.06
3.91,-10.74,0.24
3.85,-12.39,-0.06
3.78,-14.16,-0.85
4.15,-16.36,-1.71
4.46,-18.62,-2.75
4.33,-19.78,-3.36
4.33,-19.41,-3.36
4.15,-16.91,-2.87
3.91,-12.70,-2.14
3.78,-7.63,-1.95
3.97,-2.44,-2.08
4.52,2.50,-2.69
5.07,6.35,-2.81
5.62,9.28,-2.50
6.47,10.19,-2.08
7.02,9.34,-2.32
7.08,7.69,-2.50
6.71,5.62,-2.56
4.82,3.78,-1.89
1.65,2.56,-1.10
-5.00,2.44,0.31
-15.75,3.36,2.62
-25.94,4.46,2.99
-33.57,7.14,0.37
-36.01,8.85,-1.83
-35.71,7.51,-1.83
-33.81,2.50,-0.12
-31.25,-5.13,2.56
-28.50,-14.77,5.62
-26.00,-26.79,6.65
-21.55,-40.16,7.75
-15.08,-54.32,12.33
-7.63,-66.41,20.20
-0.85,-62.38,24.41
-3.78,-24.35,19.84
2.69,-7.81,11.41
13.85,-13.98,4.09
17.76,-14.71,6.41
25.70,1.04,10.25
39.79,10.86,14.95
50.90,9.83,21.79
58.84,6.53,23.56
67.38,1.95,24.29
71.96,-3.05,24.05
74.58,-1.77,16.85
77.03,-3.91,14.10
78.67,-7.02,13.43
78.37,-6.65,11.29
74.58,-11.05,0.85
67.26,-12.33,-2.32
52.67,-10.25,1.34
35.83,-8.85,-5.13
17.21,-9.89,-3.54
8.12,-8.00,-1.28
5.68,-3.97,4.39
9.52,-7.20,6.53
16.48,-7.63,8.54
20.87,-5.13,10.25
21.85,-2.26,10.56
20.57,0.67,9.95
18.80,4.03,9.16
17.40,7.26,8.48
14.47,9.16,6.96
7.45,8.42,3.54
0.55,6.04,0.18
-6.65,3.72,-2.50
-15.50,1.77,-5.07
-23.25,0.67,-8.12
-27.89,2.32,-10.07
-31.07,6.29,-11.05
-31.56,12.33,-12.51
-32.17,19.53,-20.08
-30.15,27.40,-37.29
-26.67,37.90,-46.08
-22.83,48.10,-47.30
-19.23,53.65,-50.60
-14.22,50.11,-55.54
-9.22,40.34,-59.81
-3.66,28.08,-61.04
0.00,16.11,-56.88
-0.18,5.68,-46.45
-2.26,-3.60,-30.46
-3.91,-12.76,-14.40
-2.93,-25.27,-1.83
1.34,-41.75,8.73
7.81,-60.73,18.80
15.75,-80.26,28.14
21.55,-91.92,32.53
10.99,-52.67,19.96
25.33,-32.10,5.37
38.33,-29.85,-2.75
26.25,-19.71,2.26
20.51,-6.84,-0.61
14.77,-1.46,-0.06
15.56,0.55,16.48
27.16,2.50,64.09
37.66,10.38,99.37
42.72,27.83,118.53
38.45,34.30,135.68
31.43,33.63,134.83
27.65,29.60,121.70
24.23,27.04,102.66
20.63,16.91,83.25
14.22,11.47,66.65
9.03,7.57,43.09
7.87,3.97,27.34
7.08,-0.31,34.79
2.26,-0.49,22.34
5.98,1.89,6.41
5.80,1.40,7.81
6.35,1.53,8.91
7.39,1.71,7.08
6.23,1.28,5.25
2.69,0.37,2.56
-0.92,-0.37,-1.04
-3.05,-0.37,-3.36
-3.42,0.85,-4.27
-3.54,2.14,-4.52
-3.48,3.78,-4.27
-2.14,5.68,-3.72
-0.24,7.69,-3.17
0.92,8.85,-2.38
1.16,9.03,-1.89
0.55,8.48,-2.01
0.31,7.51,-2.08
-0.55,6.77,-1.71
-2.01,6.59,-1.53
-4.21,5.92,-1.95
-6.71,5.80,-2.99
-9.22,7.75,-6.41
-11.72,12.39,-19.41
-10.74,14.65,-31.01
-9.83,15.99,-35.83
-9.40,28.87,-37.29
-8.00,52.19,-38.82
-5.19,76.23,-41.99
0.06,93.57,-45.41
7.69,103.21,-45.96
14.83,107.30,-44.37
21.55,108.95,-42.24
27.59,108.40,-40.53
32.23,106.26,-38.64
33.69,102.23,-35.52
34.36,96.92,-31.13
34.12,92.10,-26.25
32.84,89.97,-20.51
29.79,90.27,-14.16
24.84,89.90,-8.24
19.47,86.00,-3.05
14.10,75.81,2.56
11.23,59.33,9.58
10.74,39.79,18.43
8.79,21.24,28.08
5.86,2.69,35.58
2.26,-15.08,38.21
-2.69,-31.25,36.07
-8.36,-43.58,31.68
-13.85,-51.64,28.14
-18.01,-57.56,26.25
-21.36,-62.38,25.21
-25.09,-65.98,23.56
-28.32,-69.09,20.75
-33.08,-71.53,17.21
-37.90,-72.27,14.83
-43.70,-70.37,14.28
-50.42,-66.28,13.73
-54.75,-61.34,10.99
















-,-,-
4.27,0.00,1.34
3.23,-0.18,1.10
1.83,-0.73,0.18
0.92,-1.22,-0.37
0.73,-1.10,0.12
1.10,-0.61,0.79
1.89,-0.37,1.04
2.62,0.00,1.34
2.14,0.12,1.28
0.92,-0.12,0.73
-0.37,-0.18,0.31
-0.73,0.12,0.24
0.00,0.79,0.73
1.22,1.40,1.46
2.08,1.59,1.65
2.08,1.16,1.34
1.22,0.18,0.49
0.43,-0.73,-0.37
0.00,-0.92,-0.49
0.18,-0.73,-0.31
1.16,0.00,0.24
2.99,0.61,0.92
4.76,-0.18,1.77
5.80,-1.34,2.32
5.98,-2.44,2.38
6.65,-3.78,2.32
6.04,-4.15,2.56
5.00,-3.78,2.56
4.09,-2.93,2.38
4.21,-2.26,1.89
5.07,-1.95,1.53
6.96,-1.71,1.22
7.87,-1.83,1.40
9.46,-1.95,1.65
10.07,-2.01,2.38
10.93,-2.20,2.75
11.84,-2.14,2.87
12.15,-1.16,3.48
13.24,-0.12,4.39
16.05,2.01,5.19
21.00,3.66,6.35
26.06,5.31,8.06
31.80,2.99,11.05
39.92,-9.22,12.15
43.52,-5.68,8.54
49.01,-5.49,6.47
51.76,-7.75,2.75
54.02,-3.85,0.85
54.14,-2.75,3.54
52.00,-7.69,6.90
46.81,-8.54,6.90
41.32,-5.37,6.53
39.00,-9.16,6.04
34.97,-7.45,3.54
34.00,-8.54,4.82
31.56,-6.90,4.15
29.24,-5.86,5.49
27.40,-9.89,7.08
20.69,1.16,4.76
16.11,0.12,5.19
12.70,-1.71,5.68
11.90,-2.87,5.98
11.11,-3.42,5.19
8.79,-4.15,4.52
6.23,-4.58,3.48
4.76,-4.64,1.83
3.36,-4.15,0.73
3.30,-2.81,0.06
4.58,-0.92,0.31
5.68,1.77,1.28
6.71,3.91,1.83
6.77,4.39,1.89
6.59,3.23,1.65
8.12,-5.98,-0.49
11.35,-15.50,-6.90
10.44,-5.31,-6.65
8.42,-6.53,-3.66
4.33,2.81,-2.56
0.61,3.42,-0.18
-2.14,-0.37,-0.67
-5.62,-4.03,-2.01
-9.70,-7.14,-3.72
-12.57,-8.36,-4.52
-13.24,-7.63,-4.52
-13.31,-5.49,-3.97
-12.57,-2.56,-3.48
-12.70,0.37,-3.11
-14.10,3.54,-2.81
-16.17,7.14,-2.56
-18.55,11.29,-2.75
-20.45,15.26,-2.69
-21.24,20.32,-4.39
-21.36,22.28,-11.78
-19.84,16.11,-23.62
-18.49,9.58,-31.80
-18.37,8.24,-36.07
-18.37,10.01,-38.21
-16.48,9.95,-38.57
-13.49,7.69,-37.17
-11.23,4.09,-34.85
-9.16,1.34,-31.86
-6.35,-0.79,-27.59
-4.15,-3.42,-21.97
-1.77,-7.57,-15.81
1.34,-14.53,-9.77
4.09,-23.68,-4.58
6.16,-31.56,-0.55
1.46,-15.93,-0.61
4.46,-6.10,2.38
7.93,-9.64,1.71
6.90,-8.97,-0.61
5.86,-5.13,0.37
4.70,-3.78,2.93
4.33,-2.81,2.93
5.55,-2.14,1.34
6.90,-2.32,0.37
6.90,-2.75,0.31
6.84,-2.75,1.59
7.14,-3.05,5.00
9.16,-3.60,10.56
12.02,-1.83,16.91
15.38,0.18,20.51
20.45,0.12,35.77
25.33,5.92,54.57
29.17,12.76,62.87
29.30,20.20,68.91
27.89,17.70,67.44
26.18,17.88,67.44
25.94,17.58,74.52
21.30,14.89,73.55
17.94,12.45,60.36
13.49,7.02,48.65
9.58,7.32,40.59
10.07,7.75,48.34
8.06,6.35,53.16
6.96,6.29,41.32
5.19,3.36,23.38
5.98,0.73,14.22
7.63,2.32,34.12
2.99,3.30,32.17
3.48,1.65,10.13
2.20,0.12,8.54
1.46,-0.37,6.10
2.44,-0.12,1.89
2.08,-0.18,1.22
1.65,-0.31,1.04
2.20,0.31,0.43
1.77,0.49,-0.12
1.28,0.24,-0.98
0.49,0.06,-1.22
0.00,0.06,-1.22
-0.06,-0.12,-1.16
0.43,-0.06,-0.73
0.98,0.06,-0.18
1.65,0.12,0.00
2.26,0.37,0.43
2.62,1.04,0.85
2.62,1.28,0.67
2.69,1.53,0.37
2.44,1.53,0.31
1.89,1.59,0.73
1.77,1.46,0.79
1.71,1.40,0.67
1.59,1.46,0.79
1.46,1.40,0.79
1.10,1.16,0.85
0.49,1.04,0.85
-0.18,0.98,0.31
-0.61,1.16,0.06
-0.79,1.77,0.31
-0.61,2.87,0.79
-0.12,3.78,1.04
-0.55,4.52,1.16
-1.59,5.25,1.16
-2.99,6.04,0.61
-4.94,6.47,-0.37
-7.02,7.51,-1.34
-8.67,9.22,-2.14
-11.11,11.41,-2.44
-12.88,14.40,-2.87
















-,-,-
5.00,3.48,3.11
6.10,3.11,3.17
6.29,2.32,3.30
5.55,1.16,3.11
4.76,0.00,2.38
2.44,-1.65,1.28
0.98,-3.11,0.12
0.43,-3.05,0.12
0.92,-2.32,0.49
1.71,-1.28,1.10
2.26,-0.61,1.65
2.08,-0.31,1.46
2.44,0.00,1.34
2.93,0.49,1.65
3.30,1.04,1.77
4.27,1.59,1.83
4.88,1.95,2.08
4.33,1.28,2.08
2.75,-0.24,0.92
1.34,-1.83,-0.06
0.55,-2.75,-0.12
0.24,-2.87,0.24
0.79,-2.32,0.67
1.53,-1.40,1.16
3.11,-0.18,1.22
4.39,0.92,1.53
5.00,1.77,2.01
5.92,2.44,2.38
7.02,2.56,2.93
8.54,2.50,3.54
9.46,1.95,3.30
8.48,0.98,3.48
9.46,0.67,3.17
12.08,1.16,2.69
13.55,1.53,3.30
15.44,1.77,3.91
18.13,0.06,4.33
21.91,-3.54,4.88
26.55,-8.06,4.39
31.49,-13.61,0.00
38.76,-9.40,-2.26
46.14,-7.32,3.54
52.19,-8.24,6.53
52.00,-6.29,1.40
47.18,-7.08,-2.01
39.73,-6.53,-0.73
35.71,-13.06,1.34
30.82,-5.92,-0.79
33.51,-11.11,0.73
34.97,-9.58,2.81
37.66,-5.00,3.78
40.04,-8.42,3.72
41.56,-9.58,2.56
44.25,-12.15,5.31
43.52,-9.70,6.47
40.41,-6.77,4.52
35.40,-14.34,3.97
30.70,-10.38,0.00
22.28,-4.03,0.49
16.91,-9.03,-0.61
12.45,-5.68,1.95
6.71,-3.30,3.23
3.72,-8.18,0.67
2.75,-9.83,-2.01
4.39,-7.02,-1.77
6.90,-2.87,1.04
10.31,1.28,3.91
13.24,4.64,5.55
14.28,6.35,6.16
13.85,6.41,6.10
10.86,2.50,4.03
4.76,-1.40,-0.61
-2.81,-1.77,-2.87
-12.33,-1.53,-4.52
-20.39,-2.20,-7.63
-24.41,-1.65,-9.46
-25.09,2.32,-8.97
-22.46,9.64,-7.26
-19.10,16.78,-5.13
-14.59,21.06,-3.30
-10.19,19.35,-4.21
-8.48,15.14,-16.05
-8.48,12.88,-32.35
-7.14,10.80,-41.14
-5.43,8.73,-44.19
-4.33,4.52,-45.65
-4.33,-1.46,-44.86
-8.00,-5.92,-40.95
-12.39,-7.26,-35.52
-13.12,-8.42,-28.75
-12.76,-12.57,-20.63
-10.68,-19.78,-13.79
-7.63,-28.50,-8.06
-4.58,-34.30,-3.17
-5.86,-18.37,-1.89
-0.73,-5.74,-2.01
7.81,-8.42,-3.54
10.31,-6.65,1.22
12.21,1.16,5.43
9.34,2.08,3.23
6.84,0.06,-0.12
5.13,-2.26,-0.67
5.37,-4.64,4.39
12.21,-5.43,30.52
19.47,0.43,60.61
25.57,10.44,77.21
30.46,16.11,86.30
31.98,23.32,83.80
34.42,28.14,89.54
31.98,27.47,87.34
29.91,22.03,82.70
25.76,17.64,77.70
20.45,11.84,62.13
15.81,8.06,55.24
11.66,7.75,48.16
6.59,5.07,35.83
5.00,1.46,14.77
6.96,-1.95,18.86
5.55,0.55,19.10
5.13,1.28,3.97
4.58,0.49,2.01
3.78,-0.55,2.20
3.36,-1.28,1.10
1.77,-2.44,0.43
0.85,-3.11,-0.61
0.73,-2.81,-1.16
0.61,-1.89,-1.16
0.37,-1.22,-1.34
0.43,-0.49,-1.71
0.31,0.06,-1.65
0.92,0.92,-1.22
1.53,1.65,-0.49
1.77,2.08,-0.18
1.65,1.89,-0.06
0.92,1.10,-0.49
0.43,0.37,-0.61
0.61,0.24,-0.31
1.34,0.31,0.12
2.26,0.98,1.04
3.30,1.59,1.95
2.75,1.65,2.26
0.79,0.73,1.53
-1.22,-0.31,0.49
-4.70,-0.79,-0.06
-8.30,-0.31,-1.46
-10.99,1.22,-2.99
-13.24,3.30,-5.25
-14.71,6.04,-9.46
-16.48,12.15,-14.47
-21.85,20.39,-26.37
-22.95,24.84,-40.10
-20.39,25.33,-40.77
-16.91,32.04,-38.64
-9.46,42.24,-45.10
0.24,46.88,-57.68
10.38,47.55,-71.72
20.08,45.72,-82.40
27.95,41.02,-86.49
35.83,34.12,-86.79
42.24,26.12,-85.69
46.75,16.36,-80.69
49.13,6.41,-71.90
48.40,-0.85,-62.99
45.04,-6.29,-54.63
40.04,-11.17,-47.67
32.90,-14.71,-41.93
27.77,-16.30,-36.68
25.21,-17.40,-32.17
23.50,-17.88,-28.99
22.40,-15.32,-27.89
22.71,-9.58,-28.14
24.05,-1.53,-29.30
25.82,9.58,-29.30
28.56,21.24,-26.61
28.81,32.41,-20.63
27.95,42.79,-10.93
28.69,50.48,0.49
29.91,52.12,13.31
29.42,48.22,25.02
24.66,41.20,34.61
















-,-,-
1.16,-0.98,-0.49
1.04,-1.34,-0.61
0.98,-1.46,-0.37
0.98,-1.40,-0.31
1.34,-1.04,-0.24
2.01,-0.73,0.06
2.62,-0.37,0.43
2.87,-0.12,0.61
2.56,-0.24,0.37
2.08,-0.31,0.24
1.65,-0.37,0.24
1.65,-0.24,0.43
1.71,-0.24,0.24
1.89,-0.43,0.00
2.26,-0.61,-0.18
2.44,-0.67,0.06
2.50,-0.67,0.18
2.44,-0.67,0.31
2.08,-0.55,0.43
1.95,-0.37,0.55
2.62,0.24,0.85
2.93,0.49,0.98
2.99,0.73,0.85
3.05,0.43,0.92
3.11,0.31,0.98
3.36,0.37,1.28
3.85,0.37,1.77
3.97,0.43,1.89
4.52,0.67,1.71
5.00,0.98,1.65
5.68,1.28,1.77
6.35,1.65,2.20
7.32,2.01,2.62
8.85,2.50,2.87
11.78,3.36,3.48
15.26,3.54,4.70
20.57,-5.68,5.49
27.95,-19.10,4.46
35.95,-9.95,-0.06
43.46,-12.94,4.76
50.29,-15.63,4.33
55.73,-10.07,7.02
57.68,-7.08,9.03
60.73,-9.52,15.01
59.63,-0.92,14.22
60.91,-0.31,9.70
63.84,-1.71,11.90
67.44,-2.87,15.08
71.59,-3.11,12.82
73.24,-4.94,14.40
72.39,-9.34,13.73
66.83,-6.84,12.27
60.36,-7.57,12.39
48.83,-2.56,9.83
41.56,-6.71,6.59
31.43,-0.24,8.24
17.88,5.74,7.20
9.64,-0.92,4.09
3.30,-4.70,1.95
-0.24,-8.97,0.06
-1.83,-11.17,-1.77
-3.97,-10.74,-2.38
-5.31,-8.30,-3.30
-7.08,-5.37,-3.78
-9.95,-1.77,-4.09
-13.79,2.26,-4.15
-16.30,6.90,-4.09
-18.80,12.21,-3.85
-21.12,18.80,-3.66
-21.79,26.49,-3.72
-20.63,34.73,-4.76
-18.68,39.49,-11.05
-15.87,38.94,-23.62
-12.70,38.70,-31.56
-9.83,39.92,-35.10
-6.59,40.04,-37.54
-3.17,39.25,-39.12
-0.79,34.42,-39.25
0.06,26.25,-39.06
0.24,17.09,-39.12
-0.67,8.91,-39.31
-3.66,3.17,-38.33
-6.71,-0.24,-35.77
-8.91,-2.81,-32.10
-9.83,-7.26,-25.94
-10.19,-13.55,-18.43
-9.28,-20.87,-11.78
-7.08,-27.95,-5.55
-4.82,-34.12,0.06
-2.75,-40.16,5.86
-0.31,-45.96,11.29
2.56,-51.51,16.66
2.75,-43.95,17.03
-0.37,-21.55,12.45
8.18,-12.57,7.26
14.89,-10.50,5.80
16.24,-3.97,8.18
18.92,3.36,7.63
21.18,3.97,9.40
18.80,2.62,19.23
21.18,-3.17,40.10
22.40,-0.55,54.32
25.70,7.39,60.30
28.38,10.25,74.34
29.24,12.88,88.44
31.62,13.55,89.42
33.33,14.16,90.76
32.96,10.07,86.06
29.97,14.22,71.78
24.54,14.28,57.86
20.02,8.91,57.37
15.20,3.54,59.14
6.04,3.78,38.15
3.66,0.73,10.44
3.66,-3.30,19.53
5.31,-4.33,35.89
7.26,-1.65,40.28
6.29,2.44,18.92
6.77,4.58,3.48
5.19,3.85,2.08
5.25,2.75,2.56
5.55,1.34,2.44
4.94,-0.49,2.26
3.78,-1.65,1.22
1.46,-2.62,0.06
0.49,-2.50,-0.06
0.31,-1.22,0.31
0.37,0.31,0.79
0.55,1.59,0.92
1.34,3.05,0.73
2.01,3.48,1.10
2.20,3.30,0.55
1.95,2.01,-0.18
1.34,0.55,-0.61
1.16,-0.43,-0.31
1.10,-0.73,-0.12
1.83,-0.37,0.37
2.69,0.55,0.92
3.42,0.85,1.28
3.42,1.04,1.34
3.05,0.85,1.10
2.38,0.67,1.28
1.46,0.79,1.59
0.61,1.22,1.77
0.31,1.59,1.77
0.12,1.40,1.77
-0.55,1.04,1.46
-0.92,0.61,1.22
-1.22,0.37,1.28
-1.59,0.12,1.16
-2.08,-0.12,0.37
-2.56,0.12,-0.18
-3.11,0.79,-0.55
-3.60,1.89,-0.92
-4.33,3.54,-0.85
-5.00,5.49,-0.73
-6.10,7.75,-0.37
-8.48,10.31,-0.06
-11.41,13.73,0.61
-13.79,18.62,-0.06
-15.75,22.71,-6.35
-15.14,25.09,-17.64
-14.10,30.40,-22.34
-14.10,41.20,-22.16
-12.02,54.50,-24.41
-8.97,66.04,-29.97
-3.97,75.44,-35.40
1.71,78.43,-37.72
8.24,77.45,-36.93
16.48,76.05,-33.39
22.83,72.81,-29.36
26.49,67.32,-24.17
26.98,61.58,-18.31
25.70,55.85,-12.08
23.32,49.93,-6.53
20.14,42.97,-2.56
16.36,35.03,0.49
10.86,26.79,2.87
4.33,17.94,4.58
-3.30,9.77,5.55
















-,-,-
1.83,0.55,0.85
1.83,0.24,0.98
1.53,0.06,1.10
1.59,-0.06,1.16
1.77,0.43,1.16
1.89,0.98,1.28
2.01,1.10,1.28
2.08,1.34,0.98
2.08,1.34,0.67
1.89,1.34,0.67
1.89,1.34,0.85
1.89,1.22,1.16
1.65,1.04,1.22
1.53,0.79,0.92
1.28,0.55,0.92
1.28,0.61,1.16
1.40,0.85,1.34
1.83,0.92,1.34
1.83,0.85,1.34
1.71,0.79,1.34
1.77,0.79,1.22
1.77,0.85,1.28
1.65,0.92,1.34
1.59,0.85,0.92
1.40,0.67,0.85
1.40,0.61,0.79
1.71,0.73,0.85
2.08,1.10,1.10
2.56,1.40,1.10
2.99,1.40,1.04
3.30,1.40,0.85
3.48,1.04,0.37
3.36,0.98,0.49
3.36,1.10,0.92
3.72,1.28,1.16
3.97,1.40,1.40
4.58,1.83,1.83
5.92,2.56,2.14
8.00,3.66,2.62
11.23,5.25,3.72
14.47,6.35,4.88
16.97,6.53,5.49
19.96,3.30,5.43
24.54,-5.37,4.76
29.60,-6.29,3.54
35.95,-3.48,0.67
41.02,-0.24,1.65
42.18,2.62,0.49
48.46,3.97,3.66
48.22,5.07,4.33
52.00,-3.30,-1.10
51.76,-2.20,-2.14
51.39,-1.95,1.95
48.52,2.81,6.10
48.58,-1.71,6.16
48.89,-2.38,7.08
48.52,-4.15,3.36
48.52,-6.29,-0.43
46.69,-2.20,-0.79
42.66,1.34,2.62
37.84,3.23,2.56
33.26,1.40,0.73
25.82,6.10,0.24
17.82,4.82,1.22
9.77,3.85,0.31
2.87,1.22,0.06
-2.20,-2.69,-1.10
-5.25,-7.45,-2.20
-7.87,-10.68,-3.17
-10.38,-11.96,-4.09
-13.55,-11.41,-4.82
-18.19,-9.40,-5.80
-21.67,-5.55,-6.90
-23.50,1.28,-6.96
-24.41,13.67,-8.06
-25.33,27.10,-13.24
-25.63,30.76,-19.96
-24.41,26.49,-23.25
-21.67,20.08,-23.19
-19.53,17.70,-26.25
-16.60,20.32,-32.17
-15.26,24.72,-38.45
-15.20,28.02,-43.70
-14.10,27.59,-47.30
-12.57,24.05,-48.22
-12.27,18.55,-44.92
-12.08,11.66,-37.84
-11.84,4.64,-29.05
-11.05,-1.46,-20.20
-10.19,-7.39,-10.74
-9.58,-14.59,-1.22
-9.28,-22.89,8.36
-8.61,-32.84,15.50
-8.54,-43.09,19.84
-7.75,-51.21,21.91
-10.86,-39.86,15.87
-10.50,-25.76,5.86
1.40,-17.70,-2.69
9.09,-22.64,0.49
9.28,-20.45,7.45
12.57,-10.38,8.48
14.10,-2.32,6.35
15.01,3.48,4.64
13.85,6.47,4.33
11.96,6.65,5.62
10.99,5.00,7.93
12.88,-0.73,12.70
15.20,-3.91,19.84
17.88,-4.15,22.16
22.52,-6.77,30.64
27.95,-8.00,50.96
31.37,-3.54,62.01
34.06,3.91,64.33
36.07,7.26,68.73
39.31,10.68,91.67
41.63,13.37,102.23
41.63,16.17,104.00
40.83,11.66,103.21
34.67,8.24,97.05
31.56,14.47,77.39
29.60,10.25,78.31
21.12,7.75,67.69
16.11,9.83,45.04
13.00,5.62,38.39
6.90,-0.18,29.24
8.00,-3.78,22.77
3.42,-4.64,16.72
1.77,-2.62,2.62
0.85,-2.50,-0.61
0.92,-3.36,-0.12
1.89,-3.30,-0.12
3.05,-2.81,-0.43
3.11,-2.44,-0.73
2.62,-1.77,-0.67
1.83,-1.22,-0.31
1.40,-0.67,-0.24
1.77,-0.37,0.12
1.53,-0.37,0.24
1.53,-0.55,0.06
1.65,-0.79,0.18
2.14,-1.04,0.43
2.56,-0.85,0.37
2.56,-0.92,0.31
2.44,-1.10,0.12
2.56,-1.46,-0.37
2.62,-1.34,-0.73
2.69,-1.10,-0.61
3.72,-0.43,-0.43
4.21,0.61,0.31
4.70,1.34,0.98
4.82,2.08,1.40
4.58,2.56,1.53
3.91,2.56,1.53
3.05,2.01,1.22
1.83,1.28,0.92
1.04,0.79,0.49
1.10,0.49,0.24
1.40,0.67,0.37
1.59,1.28,0.67
2.01,1.71,0.98
2.69,2.14,1.22
3.05,2.26,1.71
2.87,1.71,1.83
2.01,1.28,1.46
0.67,0.85,1.10
-0.31,0.85,0.67
-0.98,1.59,0.18
-2.38,2.99,-0.24
-4.52,5.00,-1.40
-7.69,7.63,-3.11
-10.56,11.29,-4.39
-12.76,15.32,-6.77
-14.71,20.45,-12.45
-17.76,28.69,-26.00
-16.17,28.44,-37.17
-13.12,24.05,-37.60
-10.44,25.88,-32.96
-8.67,31.86,-32.17
-8.61,39.49,-36.38
-8.06,46.69,-41.32
















-,-,-
2.93,1.65,1.71
2.75,1.65,1.53
2.75,1.83,1.16
2.81,1.65,1.28
2.81,1.53,1.16
2.32,1.10,0.98
2.14,0.67,0.79
1.71,0.43,0.79
1.71,0.18,0.92
1.59,0.18,1.34
1.71,0.49,1.46
1.83,0.67,1.65
1.89,1.16,1.89
2.26,1.59,1.71
2.38,1.59,1.40
2.44,1.34,1.22
2.50,1.40,1.22
2.44,1.22,0.98
2.20,0.79,0.67
1.83,0.31,0.73
1.34,-0.12,0.55
1.34,-0.31,0.43
1.22,-0.31,0.43
1.46,-0.31,0.55
1.77,-0.24,0.73
1.89,0.00,0.79
2.20,0.49,0.92
2.56,0.79,1.04
2.87,1.16,1.28
3.30,1.28,1.34
3.66,1.46,1.34
4.09,1.53,1.46
4.52,1.77,1.53
5.19,2.14,1.71
6.29,2.69,2.14
7.45,3.66,2.75
8.97,4.70,3.11
10.99,5.80,3.66
13.24,4.88,4.27
17.94,-2.87,0.73
24.05,5.92,2.32
26.61,4.33,5.68
32.04,-0.43,3.17
36.99,-2.62,2.62
41.50,-5.68,1.77
44.98,-0.61,1.89
45.84,0.85,3.17
46.02,-0.06,-0.67
49.32,-3.42,-0.98
50.42,-2.08,5.92
49.87,1.71,5.92
50.42,1.77,4.76
51.21,0.85,2.32
49.01,4.52,4.03
52.86,-7.63,-0.31
55.05,-8.73,-5.25
53.28,-6.90,-5.00
50.11,-9.58,-7.26
43.46,-5.00,-7.57
35.16,-1.28,-7.75
27.77,-1.10,-4.27
18.86,2.26,-2.69
10.19,4.27,-0.73
0.85,-0.06,0.73
-6.65,-6.84,-1.53
-12.27,-15.20,-4.09
-16.78,-22.03,-6.35
-20.39,-26.12,-7.69
-22.95,-23.56,-7.75
-26.06,-17.64,-5.92
-27.53,-11.78,-3.97
-25.88,0.00,-3.54
-22.95,13.67,-6.10
-22.89,29.30,-14.71
-21.73,28.93,-27.77
-18.01,16.42,-34.12
-17.94,4.82,-39.67
-17.15,2.75,-48.52
-15.93,9.34,-57.68
-15.87,18.86,-63.35
-16.97,26.18,-66.22
-20.57,29.48,-67.81
-22.71,28.93,-66.41
-23.01,23.25,-62.62
-24.05,15.50,-59.14
-24.54,8.73,-57.25
-25.02,3.05,-55.54
-22.89,-1.28,-52.00
-18.49,-3.54,-44.98
-19.10,-7.45,-30.40
-21.36,-12.88,-11.96
-21.18,-17.15,0.73
-19.23,-19.29,6.47
-19.47,-20.32,8.79
-18.62,-22.71,11.66
-17.03,-27.59,13.67
-12.39,-34.55,13.61
-9.09,-42.05,13.37
-5.31,-48.16,14.89
-2.44,-41.50,11.90
-8.79,-12.51,-1.28
-0.31,0.18,-3.54
12.45,-0.98,3.72
13.85,-4.76,10.01
15.14,-2.50,6.84
15.93,-1.89,3.91
15.38,-2.62,5.25
14.40,-2.50,6.65
13.55,-2.44,5.55
12.82,-3.78,5.37
13.12,-7.75,11.41
14.89,-12.63,19.47
15.14,-11.29,16.54
20.69,-11.84,25.45
23.13,-8.54,31.43
26.86,-4.88,31.01
31.74,-5.80,41.14
32.53,-2.75,40.71
38.15,-1.34,62.19
40.04,3.30,70.01
44.19,7.14,81.73
45.78,5.68,93.20
47.00,12.02,92.65
50.66,8.18,100.16
47.79,8.36,94.79
42.42,12.57,80.63
39.00,12.27,74.28
36.38,5.98,76.97
32.10,7.69,73.43
30.03,10.44,60.73
22.71,9.09,51.51
15.44,3.91,31.07
10.93,3.85,16.24
7.20,2.01,11.29
3.91,-0.37,6.41
1.89,-2.14,3.72
0.85,-2.99,3.11
0.79,-2.99,3.48
1.59,-2.08,3.30
1.77,-1.04,2.93
1.53,-0.24,2.32
1.22,0.37,1.40
0.73,0.73,0.49
0.79,1.22,0.00
2.20,1.95,-0.24
3.66,3.11,-0.24
3.97,3.72,-0.12
3.85,3.66,0.12
3.60,3.48,0.24
3.42,3.05,0.43
3.05,2.87,0.98
2.81,2.50,1.34
2.93,1.77,1.59
3.23,0.98,1.59
2.69,-0.06,1.89
1.95,-1.28,1.89
1.40,-2.08,1.46
1.22,-2.44,1.59
1.40,-2.01,1.89
1.71,-1.04,2.01
2.08,0.55,2.01
2.32,1.46,2.08
2.44,2.01,1.77
2.62,2.44,1.28
2.50,2.38,0.79
2.26,2.26,-0.31
1.59,1.77,-1.04
0.85,1.04,-1.04
0.49,0.49,-1.04
0.31,0.43,-0.73
0.18,0.67,-0.24
0.79,0.43,0.24
1.04,0.18,1.04
1.22,-0.24,1.77
1.77,-0.49,2.32
2.08,-0.92,2.69
1.83,-1.40,2.87
1.65,-1.83,3.23
1.59,-1.83,3.60
1.59,-1.65,4.15
