-,-,-
1.65,0.31,1.28
1.59,0.31,1.10
1.53,0.61,1.16
1.40,0.67,1.04
1.53,0.67,0.92
1.65,0.92,0.73
1.40,0.61,0.92
1.46,0.24,0.85
0.98,-0.12,0.61
0.24,-0.55,0.55
-0.06,-0.73,0.49
-0.67,-0.67,0.12
-4.76,-0.06,-0.24
-4.58,0.24,-0.55
-1.22,0.85,0.43
-0.49,0.67,0.92
-0.61,0.24,0.92
-0.67,-0.43,1.10
0.00,-0.73,0.98
0.37,-1.04,0.49
-0.37,-1.10,0.18
-0.73,-0.98,0.00
-0.67,-0.61,-0.06
-0.31,0.00,0.00
0.12,0.55,0.37
0.55,1.10,0.37
0.31,1.34,0.24
0.00,1.46,0.12
-0.18,1.53,0.12
-0.37,1.59,0.18
-0.85,1.53,0.43
-1.04,1.59,0.79
-1.22,2.26,2.08
-2.32,5.25,6.04
-3.30,14.65,16.60
-2.69,26.31,27.10
-8.24,33.69,29.91
-3.60,27.77,23.80
-1.34,18.74,19.59
-0.55,28.02,30.40
-0.98,31.49,31.98
-1.34,32.47,33.33
1.16,40.89,39.37
5.55,47.97,50.54
3.78,48.58,55.18
2.01,48.10,56.09
8.42,46.26,53.28
6.96,48.71,57.13
7.02,44.98,56.40
6.41,41.14,48.28
8.79,36.68,41.56
9.89,36.80,43.15
8.12,33.14,40.65
8.73,37.17,46.69
3.72,36.13,48.89
1.10,26.86,33.20
0.67,23.86,27.65
-2.01,27.10,30.40
-3.11,28.02,31.31
-2.69,26.92,29.17
-1.34,30.76,41.44
-1.40,32.41,39.31
0.43,33.39,35.64
-0.79,30.88,35.95
0.24,25.45,32.04
0.92,15.81,24.60
2.14,21.67,31.19
-0.18,25.02,35.71
1.83,20.87,32.23
1.10,18.13,29.72
1.89,20.20,29.91
-0.85,20.81,31.25
-0.67,17.70,24.11
-1.34,14.53,26.55
-1.59,16.66,29.72
-1.53,16.72,27.10
-0.31,18.86,32.23
-1.59,19.29,36.50
-0.43,15.93,30.03
-0.31,15.56,30.27
-0.67,14.40,27.47
-0.49,15.56,25.70
-0.37,11.66,22.52
-0.49,12.82,24.17
-1.40,10.31,22.77
0.67,10.19,23.93
-1.59,17.15,33.51
2.14,16.66,32.47
1.16,17.40,30.94
-0.85,11.78,22.46
0.24,2.81,8.73
0.24,5.62,11.90
0.31,14.22,24.54
1.34,15.14,25.27
3.36,5.43,11.54
4.94,0.06,2.38
4.58,0.73,2.14
5.49,1.46,1.83
5.74,1.10,1.71
5.49,0.43,1.53
4.64,-0.12,1.28
3.48,-0.61,1.10
2.87,-0.55,1.04
2.50,-0.24,1.04
2.44,0.18,0.67
2.50,0.37,0.24
2.50,0.24,-0.24
2.26,-0.06,-0.67
2.26,-0.67,-1.16
2.26,-1.04,-1.40
2.14,-0.98,-1.89
2.08,-1.10,-1.65
1.95,-1.28,-1.28
2.01,-0.92,-0.85
2.08,-0.31,-0.73
2.26,0.00,-0.67
2.44,0.18,-0.31
2.44,0.37,0.06
2.32,0.31,0.67
2.38,0.37,1.04
2.38,0.31,0.85
2.75,0.73,0.49
2.99,0.73,0.49
2.69,0.55,0.24
2.32,0.31,-0.06
1.65,0.06,-0.24
1.28,0.12,-0.37
1.10,0.24,-0.43
0.98,0.43,-0.18
0.85,0.55,-0.49
0.98,0.49,-0.85
0.92,0.37,-0.73
0.49,-0.12,-0.67
0.49,-0.18,-0.61
0.92,-0.12,-0.31
0.92,-0.12,-0.43
1.16,0.00,-0.31
0.92,-0.31,0.00
0.79,-0.24,0.12
1.16,-0.37,0.06
1.40,-0.31,0.12
1.59,-0.12,0.06
1.53,0.12,0.18
1.53,0.37,0.06
1.53,0.85,0.00
1.28,0.98,-0.43
1.10,0.98,-1.16
0.67,0.61,-1.59
0.31,0.67,-1.71
-0.61,0.85,-1.83
-1.77,1.46,-2.62
-2.26,2.26,-4.03
-3.42,2.56,-5.37
-5.19,2.50,-8.18
-7.02,3.30,-11.41
-9.40,4.82,-17.27
-11.66,2.50,-34.30
-8.79,-1.59,-50.66
-9.83,7.08,-56.82
-9.46,21.85,-60.18
-6.41,32.78,-67.81
-2.44,39.79,-81.12
2.01,43.33,-95.28
6.77,44.49,-106.14
10.44,44.68,-112.85
12.02,41.99,-116.58
12.15,37.48,-119.81
10.62,32.65,-124.57
7.87,27.34,-130.00
5.55,23.74,-135.31
3.78,22.03,-139.34
6.71,21.55,-139.65
11.72,21.55,-133.36
14.83,20.57,-123.29
16.78,17.46,-114.32
17.40,12.63,-109.80
16.11,7.08,-109.44
14.71,1.65,-111.94
12.08,-4.15,-115.84
10.50,-11.84,-120.85















-,-,-
1.10,-4.46,-0.61
1.65,-4.27,-0.24
2.38,-3.42,0.12
3.36,-2.38,0.61
4.09,-1.59,1.10
4.39,-1.22,1.40
4.88,-1.16,1.77
5.19,-1.65,1.89
5.37,-2.08,1.71
5.49,-2.50,1.89
4.94,-2.81,1.89
6.29,-3.11,2.44
6.84,-2.93,3.60
8.00,-2.20,4.46
8.67,-1.28,5.00
9.83,-0.37,5.31
8.97,0.31,5.19
6.59,0.18,4.21
4.82,-0.43,2.99
3.85,-1.04,2.08
3.78,-1.34,1.65
3.66,-1.04,1.89
3.91,-0.67,2.08
4.39,-0.24,2.26
4.03,0.37,2.56
5.19,0.55,2.87
4.88,0.31,3.05
4.70,0.00,2.50
4.33,-0.92,2.01
3.91,-1.95,1.46
3.85,-3.11,0.98
4.27,-3.85,0.98
5.25,-4.33,1.83
6.41,-4.09,4.52
7.63,-2.87,9.64
8.24,-1.53,16.36
7.63,0.55,19.65
8.42,2.44,24.05
9.16,7.26,31.49
11.96,16.48,41.75
12.63,14.95,49.07
11.78,14.59,50.84
15.14,18.68,51.27
14.89,17.03,52.61
13.85,15.26,53.71
14.22,13.24,52.25
19.59,14.95,56.95
19.65,18.37,58.11
14.59,17.33,59.88
10.62,11.11,52.55
11.84,11.05,54.63
17.09,13.98,65.00
14.04,13.49,69.21
11.23,10.80,61.40
16.66,14.59,54.81
14.22,14.83,56.15
11.17,10.74,53.83
12.70,9.77,54.02
10.19,12.15,57.25
4.70,7.57,50.29
2.01,3.78,41.81
1.71,4.39,29.05
1.65,3.66,18.19
2.44,4.64,23.56
2.87,7.81,29.79
8.18,9.03,29.05
15.20,8.12,30.58
10.62,5.31,27.34
3.78,5.07,25.63
-0.12,1.16,11.90
-0.92,-0.18,9.09
-1.10,0.49,18.49
-1.53,1.83,25.94
-1.53,1.71,18.37
0.55,1.53,9.70
1.65,3.23,15.44
0.55,4.27,21.48
0.06,0.79,18.49
0.06,1.95,12.76
-0.67,1.65,12.51
-1.95,0.00,6.77
-0.43,1.04,3.54
-1.10,1.71,6.10
1.40,3.42,15.81
13.00,6.35,43.76
5.00,4.64,42.97
0.61,2.50,16.85
2.20,1.83,10.80
-1.22,3.05,19.96
-1.28,4.27,18.07
2.87,4.39,28.26
-0.12,1.34,27.65
1.04,1.89,14.71
1.16,1.22,16.17
-0.55,0.49,18.13
-0.55,1.40,15.69
-1.89,0.92,12.39
-0.79,0.24,8.30
1.04,1.40,11.54
4.15,2.56,16.11
3.85,3.17,5.74
2.99,2.32,2.01
2.26,1.59,2.08
1.95,1.04,2.14
1.34,0.43,1.59
0.73,-0.06,1.28
1.22,-0.18,1.28
1.83,0.06,1.46
2.26,0.24,1.34
2.56,0.55,1.04
2.75,0.67,0.85
2.44,0.31,0.67
1.34,0.12,-0.06
0.24,-0.18,-0.85
-0.12,0.12,-0.92
0.24,0.67,-0.55
0.67,1.22,-0.12
1.04,1.65,0.43
1.46,1.83,0.55
1.77,1.53,0.85
1.89,0.73,0.67
2.01,-0.06,0.31
2.01,-0.31,0.31
1.59,-0.43,-0.06
1.10,-0.18,-0.79
0.79,-0.12,-1.53
0.61,0.06,-1.83
0.85,0.37,-1.59
0.85,0.79,-1.16
0.85,0.85,-0.73
1.28,1.04,-0.49
1.53,1.22,0.12
1.89,1.22,0.61
1.89,1.16,0.79
1.95,1.59,0.79
1.40,1.53,0.55
0.79,0.98,0.06
0.43,1.10,0.00
0.06,1.04,0.00
0.12,0.67,-0.24
0.31,0.55,-0.06
0.49,0.73,0.12
0.98,1.10,0.31
1.10,1.46,0.12
1.28,1.53,-0.24
1.46,1.28,-0.31
1.40,1.04,-0.06
1.22,0.85,-0.06
1.40,0.73,0.24
1.34,0.79,0.18
0.79,0.98,0.18
-0.31,0.73,-0.12
-0.92,0.43,-0.37
-1.28,0.31,-0.37
-1.16,0.43,-0.24
-1.04,0.73,-0.18
-0.73,1.04,-0.12
-0.18,1.46,0.24
0.18,1.89,0.49
0.43,1.95,0.49
0.49,1.65,0.37
0.61,1.40,0.06
0.43,1.28,-0.18
0.06,0.79,-0.31
0.00,0.79,-0.49
0.31,0.85,-0.55
0.73,1.10,-0.31
1.16,1.40,-0.24
1.22,1.28,-0.06
1.46,1.16,0.18
1.46,0.79,0.18
1.28,0.55,0.06
0.79,0.37,-0.18
0.85,0.67,-0.79
0.98,0.98,-1.04
1.59,1.22,-1.10
1.77,1.34,-0.98
2.01,1.22,-1.04
1.95,0.79,-0.98
2.01,0.43,-0.98















-,-,-
1.65,1.95,1.71
1.65,2.14,1.65
1.53,2.32,1.34
1.46,2.08,1.34
1.59,1.95,1.22
1.65,1.77,1.28
1.53,1.46,1.10
1.46,1.16,1.16
1.34,0.67,0.98
1.40,0.43,0.67
1.40,0.55,0.49
1.40,0.85,0.43
1.59,1.16,0.73
1.95,1.28,0.79
1.77,0.98,1.04
1.34,0.61,1.10
1.10,0.43,0.98
1.16,0.55,0.85
1.28,0.98,1.04
1.40,1.10,1.22
1.46,1.34,1.59
1.40,1.22,1.65
1.04,1.22,1.46
1.04,1.28,1.59
1.28,1.59,1.83
1.59,1.89,1.83
1.83,1.77,1.95
1.71,1.65,2.08
1.59,1.46,1.89
1.71,1.40,1.89
1.59,1.28,1.83
1.77,1.28,1.53
1.59,0.98,1.28
1.22,0.49,1.22
0.61,-0.12,1.28
0.00,-0.24,1.34
0.24,0.18,1.83
0.85,0.61,2.20
0.37,0.67,2.08
0.73,0.49,2.26
0.73,-0.37,2.81
-0.06,-1.16,2.99
-0.79,-1.89,3.17
-0.85,-1.95,3.60
-1.22,-1.77,3.97
-2.50,-0.98,4.76
-5.62,0.73,7.63
-3.60,2.81,12.45
-1.34,5.07,20.32
4.52,9.95,39.00
7.93,17.46,59.02
10.44,22.16,64.03
11.72,24.23,69.82
10.68,28.75,74.28
13.24,30.64,78.61
11.66,28.81,82.21
10.13,23.50,79.22
11.90,24.29,78.86
12.39,21.73,79.04
9.46,17.27,67.57
12.51,17.03,66.59
12.27,16.30,73.97
17.64,14.95,85.45
11.47,13.85,86.73
9.77,14.77,73.18
15.56,14.71,72.57
5.31,13.49,60.18
10.80,10.74,53.59
12.15,9.89,59.45
8.06,9.77,58.84
4.76,9.89,44.74
3.60,6.59,38.39
2.26,2.87,33.14
1.95,4.39,34.42
0.92,4.46,40.16
0.49,5.19,46.81
10.31,6.59,48.10
3.48,6.10,38.33
0.61,3.85,26.67
-0.92,2.62,33.08
-3.23,1.77,25.21
-0.24,5.31,17.64
-2.44,4.76,25.02
-0.49,4.09,28.26
0.37,5.13,28.44
-0.49,4.88,20.39
-0.43,3.05,16.91
0.73,3.48,16.60
1.65,4.09,21.79
5.74,4.70,24.66
1.46,2.26,11.05
-1.83,1.28,2.32
-3.54,1.28,1.34
-3.23,1.59,2.32
-2.01,2.26,4.21
-0.73,3.48,9.34
2.26,5.55,26.86
3.36,7.14,43.70
1.77,6.65,29.66
1.53,3.36,15.20
0.37,0.67,2.87
1.89,1.53,-0.49
2.93,2.14,0.37
3.97,2.26,0.49
4.94,1.89,0.24
4.94,1.10,-0.12
4.46,0.31,-0.55
3.42,-0.31,-0.73
2.14,-0.73,-0.85
1.34,-0.92,-0.92
1.04,-0.61,-0.98
1.46,0.12,-0.85
1.77,0.61,-0.61
2.56,1.16,-0.43
2.99,1.28,-0.06
2.99,1.10,0.00
2.62,0.61,-0.49
1.71,0.18,-0.79
1.16,-0.06,-0.92
0.98,0.00,-0.79
1.28,0.37,-0.85
1.46,0.67,-0.67
1.71,1.04,-0.61
1.65,1.10,-0.85
1.53,1.10,-0.79
1.46,0.92,-0.73
1.59,0.85,-0.79
1.22,0.55,-0.73
0.67,0.37,-0.85
0.55,0.24,-0.73
0.61,0.49,-0.92
0.61,0.67,-0.79
0.67,0.92,-0.79
0.73,0.92,-0.73
0.85,1.16,-0.67
1.04,1.46,-0.49
0.85,1.40,-0.18
0.79,1.34,-0.37
0.92,1.22,-0.12
1.04,1.16,0.06
1.40,1.16,0.24
1.34,0.92,0.12
1.34,0.67,-0.12
0.67,-0.06,-0.31
0.31,-0.24,-0.79
0.24,-0.18,-0.61
0.43,-0.06,-0.49
0.92,0.24,-0.55
1.10,0.55,-0.37
1.34,0.79,0.00
1.65,0.92,0.12
1.59,0.79,0.06
1.46,0.73,-0.06
1.71,0.85,-0.06
1.77,1.22,-0.18
1.65,1.46,-0.31
0.85,1.16,-0.67
-0.06,0.85,-1.10
-1.28,1.40,-1.40
-1.83,3.05,-1.40
-2.14,5.07,-1.22
-2.99,7.08,-1.40
-4.46,9.22,-1.83
-8.48,12.08,-2.01
-12.33,17.76,-2.44
-12.15,25.94,-3.17
-10.13,35.95,-4.33
-10.93,44.25,-8.12
-13.31,55.24,-17.03
-14.53,67.26,-38.51
-10.99,75.32,-60.36
-7.63,82.28,-73.61
-3.66,88.50,-81.24
-1.34,91.25,-85.39
1.22,90.45,-85.27
3.60,87.28,-81.60
4.70,82.52,-77.88
5.74,75.20,-76.42
6.16,65.19,-76.72
5.43,54.08,-78.19















-,-,-
0.61,0.79,1.28
0.79,1.16,1.28
0.85,1.71,1.28
0.92,2.14,1.89
1.10,2.38,2.20
1.16,2.26,2.38
1.16,2.01,2.56
0.73,1.77,2.62
0.61,1.59,2.75
0.79,1.95,2.99
0.92,2.50,3.23
1.40,3.30,3.11
1.89,3.78,3.17
2.14,4.27,3.23
2.20,4.33,3.11
2.20,4.27,2.99
2.20,3.91,2.93
2.44,3.23,2.87
2.26,2.56,2.81
2.32,2.14,2.69
2.14,1.65,2.56
2.20,1.04,2.62
1.95,0.85,2.69
1.95,1.28,2.93
1.65,2.20,3.97
1.95,3.54,4.76
2.26,5.19,4.94
2.38,6.59,4.76
2.32,7.63,4.46
2.38,8.30,4.27
2.50,8.24,3.97
2.44,7.51,4.03
2.32,6.59,4.21
1.59,5.49,4.58
0.79,4.39,4.64
0.18,3.54,4.70
-0.55,2.44,4.82
-1.95,1.34,4.94
-3.11,0.12,5.49
-3.36,-1.22,6.96
-1.89,-1.40,12.70
0.00,1.40,24.78
1.22,1.89,29.36
1.95,3.60,24.17
1.89,3.91,24.41
0.24,2.56,29.11
1.95,5.43,34.00
4.94,6.71,40.83
7.57,4.33,50.72
9.83,7.69,62.19
12.21,12.76,66.47
10.68,14.89,66.89
13.49,12.94,70.56
10.44,12.15,75.74
10.50,13.43,69.34
12.51,12.82,64.03
13.79,11.47,66.47
13.92,9.89,68.05
16.97,10.13,75.01
12.88,12.27,70.68
14.10,8.85,65.25
10.44,9.03,69.46
10.01,6.04,74.40
4.82,10.31,64.15
5.98,10.38,50.54
3.48,11.60,57.43
1.22,10.50,66.41
0.49,5.55,58.72
4.03,4.82,57.86
-0.37,8.97,53.34
0.18,9.28,49.74
1.46,10.50,65.67
-3.85,9.64,55.11
-2.38,6.71,47.55
-4.39,5.00,39.18
-0.18,7.81,44.43
-1.34,7.51,46.69
5.80,7.39,43.33
1.89,4.76,39.43
-0.24,2.32,34.42
0.49,4.70,29.79
0.49,6.35,29.24
-0.67,3.11,28.50
-0.85,2.62,19.65
1.40,2.56,13.31
1.04,1.83,11.72
3.36,1.40,5.37
4.94,1.59,2.20
5.86,1.40,2.26
6.77,1.59,2.32
6.35,1.59,1.59
5.19,1.46,0.85
3.60,1.40,0.18
1.71,1.10,-0.31
0.49,0.85,-0.61
-0.12,0.61,-0.43
-0.06,0.73,0.06
0.12,0.92,0.06
0.55,1.28,-0.18
0.98,1.77,-0.37
1.28,2.14,-0.49
1.53,2.20,-0.24
2.08,2.14,0.00
2.26,1.83,0.06
1.71,1.65,-0.06
0.92,1.46,-0.61
0.43,1.28,-1.16
0.37,1.40,-1.22
0.79,1.53,-1.16
1.10,1.40,-1.10
1.04,1.22,-0.92
0.73,0.92,-0.85
1.16,0.98,-0.67
1.16,1.04,0.00
1.28,0.98,0.12
1.04,0.85,-0.12
0.67,0.92,-0.18
0.85,0.98,-0.37
0.67,1.16,-0.43
0.49,1.34,-0.55
0.43,1.34,-0.92
0.55,1.34,-0.79
0.73,1.22,-0.55
1.10,1.10,-0.18
1.28,0.79,-0.06
1.28,0.98,0.31
0.73,0.98,0.12
-0.06,0.61,-0.43
-0.79,0.43,-0.98
-0.67,0.67,-1.22
-0.31,0.85,-1.10
0.18,1.04,-0.79
0.85,1.34,-0.67
1.40,1.10,-0.37
1.59,1.16,-0.12
1.89,1.16,0.18
2.08,1.40,0.37
2.20,1.34,0.67
2.26,1.46,0.31
2.08,1.40,-0.06
1.71,1.28,-0.24
1.28,1.10,-0.12
0.73,1.10,0.00
0.73,1.10,0.06
1.22,1.10,0.37
1.40,0.98,0.73
1.40,0.79,0.92
1.53,0.85,0.85
1.59,0.98,0.61
1.65,1.22,0.55
1.46,1.34,0.18
1.53,1.40,-0.31
1.65,1.46,-0.43
1.59,1.83,-0.49
1.83,2.01,-0.31
1.65,1.71,-0.06
1.83,1.46,0.18
2.01,1.34,0.12
2.08,0.98,0.06
2.14,0.73,0.12
2.20,0.31,0.18
2.32,-0.06,0.31
2.44,-0.31,0.18
2.32,-0.24,-0.06
1.95,-0.18,-0.49
1.53,0.06,-1.16
1.53,0.18,-1.53
1.59,0.24,-1.77
1.59,0.24,-1.77
1.71,0.24,-1.71
1.71,-0.24,-1.40
1.65,-1.10,-1.28
1.53,-1.95,-1.10
1.16,-2.44,-0.85
0.79,-2.62,-0.79
0.49,-2.32,-1.16
0.00,-2.14,-1.77
-0.98,-1.65,-2.44
-1.53,-1.10,-2.87
-1.46,-0.43,-2.81















-,-,-
1.77,0.43,0.92
1.83,0.49,0.67
1.83,0.43,0.61
1.89,0.12,0.49
1.71,-0.12,0.37
1.59,-0.37,0.55
1.40,-0.37,0.49
1.16,-0.31,0.49
1.46,0.06,0.37
1.71,0.31,0.37
1.83,0.55,0.55
1.59,0.37,0.67
1.22,0.00,0.61
0.92,-0.37,0.49
0.85,-0.73,0.73
0.85,-1.28,0.85
0.67,-1.40,0.79
0.43,-1.71,0.67
0.12,-1.95,0.49
-0.06,-1.77,0.00
0.37,-1.46,-0.18
0.49,-0.67,-0.49
0.85,-0.12,-0.61
1.34,0.49,-0.49
1.71,0.73,0.00
1.89,0.73,0.31
1.65,0.49,0.55
1.53,0.24,0.73
1.34,-0.18,0.98
1.46,-0.92,1.22
1.77,-1.28,1.22
1.77,-1.83,1.22
1.71,-1.95,1.40
1.16,-2.14,1.34
0.18,-1.95,1.71
-0.55,-1.59,2.50
-1.16,-0.98,4.33
-1.34,-0.49,7.51
-0.85,0.31,15.93
0.92,3.42,33.39
3.17,5.07,42.79
4.33,7.63,43.82
3.72,10.07,46.33
2.75,10.38,55.24
3.48,11.17,61.04
5.62,11.96,64.03
5.92,10.07,65.00
6.04,10.31,68.12
5.74,10.13,75.07
4.76,10.93,80.44
2.93,10.07,78.25
0.98,12.08,71.72
0.73,12.45,72.94
-3.30,14.16,68.91
0.98,10.50,73.49
2.14,10.56,74.65
6.77,13.79,68.91
3.91,13.12,59.20
1.95,12.45,59.39
3.97,10.62,68.97
6.16,12.63,70.98
11.96,13.12,76.90
2.62,7.26,74.83
-0.85,6.59,55.60
-2.87,7.93,49.50
-2.44,3.91,53.96
0.92,1.28,63.35
-2.01,3.85,52.25
-0.73,5.55,49.87
-1.22,6.59,47.00
0.67,4.70,40.71
5.80,3.72,43.76
3.11,4.58,45.17
0.79,3.11,42.05
0.12,1.28,32.90
-1.89,2.99,20.57
-1.59,2.20,9.58
-0.73,1.53,9.16
0.79,1.95,12.21
2.01,2.32,11.29
2.69,1.22,7.26
2.14,0.73,3.17
1.40,1.04,1.83
1.22,0.98,2.26
1.16,0.73,2.50
1.10,0.61,2.20
0.85,0.67,1.40
1.10,0.92,0.49
1.59,1.34,-0.24
2.14,1.65,-0.73
2.99,2.44,-1.22
2.99,2.87,-1.65
2.50,2.50,-2.20
1.89,2.14,-2.26
1.53,1.77,-2.44
1.22,1.40,-2.32
1.34,1.40,-2.20
1.46,1.22,-2.50
1.83,1.34,-2.93
2.01,1.77,-3.30
2.50,2.01,-3.36
2.62,2.38,-3.36
2.87,2.62,-3.36
3.05,2.69,-3.36
3.30,2.69,-3.23
2.93,2.56,-2.99
3.05,2.38,-2.75
3.05,2.50,-2.32
3.23,2.69,-1.95
3.78,2.87,-1.40
3.60,2.93,-0.92
3.17,2.93,-0.79
2.93,2.69,-0.73
2.38,2.26,-0.43
1.83,1.71,-0.24
1.34,1.22,-0.06
1.04,1.04,-0.12
0.98,1.04,0.12
1.40,1.16,0.37
1.65,1.34,0.73
2.01,1.59,0.79
2.14,1.53,0.73
2.26,1.28,0.73
1.83,0.85,0.73
1.40,0.79,0.18
0.85,0.55,-0.18
0.55,0.43,-0.55
0.49,0.55,-0.73
0.61,0.85,-0.98
0.85,0.98,-1.10
0.98,0.98,-1.22
0.67,1.22,-1.16
0.85,1.40,-1.28
0.85,1.59,-1.40
1.04,1.59,-1.40
1.04,1.59,-1.10
1.10,1.71,-0.98
0.98,1.53,-0.85
0.49,0.85,-0.73
0.06,0.61,-0.55
0.00,0.61,-0.55
-0.12,0.49,-0.55
0.24,0.79,-0.61
0.43,1.04,-0.73
0.49,1.16,-0.85
0.67,1.34,-0.79
0.85,1.46,-0.61
1.10,1.16,-0.55
1.16,1.10,-0.49
0.98,0.79,-0.55
0.85,0.67,-0.79
0.67,0.79,-0.73
0.67,1.10,-0.43
0.43,1.16,-0.24
0.55,1.40,-0.18
0.79,1.71,-0.18
1.16,1.65,-0.06
1.65,1.65,0.24
2.01,1.53,0.55
2.26,1.28,0.79
2.32,0.92,1.04
2.38,0.73,1.04
2.20,0.73,1.16
1.95,0.61,0.85
1.53,0.43,0.61
1.65,0.73,0.55
2.08,0.98,0.79
2.44,1.40,0.98
2.87,1.65,0.98
2.87,1.65,1.16
2.87,1.59,1.46
2.99,1.46,1.46
2.87,1.28,1.65
2.56,1.10,1.46
1.89,0.98,1.28
1.65,1.04,0.79
1.46,0.98,0.61
1.22,1.16,0.37
1.28,1.40,0.49
1.46,1.77,0.55















-,-,-
0.49,-2.50,-0.67
0.67,-2.87,-0.12
0.43,-2.99,0.31
0.06,-3.42,0.73
0.12,-4.15,1.16
0.31,-5.13,1.04
0.61,-5.98,0.43
-0.24,-6.90,-0.24
-0.98,-7.57,-0.24
-1.04,-7.87,-0.18
-1.22,-8.00,-0.85
-1.46,-8.30,-1.71
-1.95,-8.00,-1.89
-1.83,-7.08,-2.38
-1.28,-6.10,-2.62
-0.43,-5.31,-1.89
0.24,-4.27,-0.98
1.22,-3.36,-0.85
1.65,-2.81,-0.92
1.83,-2.38,-0.61
1.59,-2.38,-0.49
1.40,-2.50,-0.43
1.34,-2.50,-0.55
0.92,-2.69,-0.49
0.85,-2.69,-0.43
0.92,-2.81,-0.43
0.79,-2.56,-0.06
1.40,-2.26,0.67
1.46,-1.89,1.34
2.20,-1.77,1.71
2.44,-2.14,2.14
2.32,-2.99,2.26
2.69,-4.09,2.01
2.69,-4.94,1.77
1.95,-5.55,1.71
1.28,-5.43,1.53
0.24,-4.94,1.83
-1.71,-3.72,2.50
-2.01,-2.62,4.52
-2.75,-1.59,8.42
-1.83,0.24,18.37
-1.71,4.52,33.39
-0.92,7.51,45.35
1.77,11.11,60.30
2.75,15.01,66.59
6.16,17.82,70.37
5.68,15.50,78.06
4.33,17.82,78.37
6.16,16.91,84.90
4.82,15.32,105.16
3.17,26.00,119.57
4.88,34.61,121.46
2.01,29.91,116.03
0.61,24.48,104.49
2.14,23.62,90.33
2.62,19.59,84.17
3.66,14.95,87.71
2.62,9.83,78.86
5.19,8.85,64.39
7.26,12.27,59.81
6.65,8.67,63.72
6.23,3.23,67.50
6.29,3.78,55.97
6.47,2.93,43.70
0.61,1.83,41.87
2.08,2.08,42.97
-1.95,0.73,33.20
0.79,2.50,23.80
-0.61,1.10,25.33
1.53,0.61,20.08
3.11,2.01,20.87
1.59,0.67,16.54
1.89,0.12,3.42
1.46,0.49,0.00
0.37,0.31,0.73
0.31,-0.06,0.43
1.16,-0.73,0.12
0.61,-0.67,0.73
0.73,0.12,1.65
0.98,1.04,2.26
1.04,1.83,2.32
0.79,2.14,2.50
0.24,2.32,2.56
-0.79,2.14,3.17
-1.77,1.53,4.46
-1.28,1.53,8.36
3.23,2.75,31.80
2.99,5.86,51.70
2.32,8.18,35.10
-0.37,5.00,12.33
-0.43,2.99,6.16
-0.49,2.50,11.47
0.37,2.08,11.11
2.14,1.71,3.66
3.54,1.46,-0.06
5.37,1.34,-0.61
6.35,1.40,-0.24
6.29,0.79,-0.24
6.23,0.06,-0.98
5.49,-0.55,-1.34
4.52,-0.73,-1.89
3.85,-0.37,-2.26
3.05,-0.18,-2.01
2.50,0.12,-1.77
1.83,0.31,-1.53
0.85,0.24,-1.10
0.67,0.37,-0.79
0.67,0.85,-0.55
0.98,1.40,-0.37
1.22,1.71,-0.18
1.46,1.65,-0.49
1.22,1.04,-0.85
1.10,0.31,-1.16
0.79,-0.06,-1.46
0.37,-0.31,-1.53
0.24,-0.31,-1.65
0.31,0.43,-1.53
0.43,0.85,-1.16
0.61,1.34,-1.04
0.67,1.71,-0.85
0.98,1.77,-0.73
1.28,1.89,-0.61
1.10,1.46,-0.67
0.98,0.85,-0.49
1.22,0.67,-0.37
1.28,0.61,-0.43
1.28,0.55,-0.37
1.16,0.67,-0.18
1.22,1.04,-0.12
1.22,1.40,0.06
1.28,1.53,0.18
1.53,1.71,0.24
1.77,1.71,0.31
2.08,1.46,0.24
2.20,1.28,0.37
2.38,1.10,0.24
2.26,0.67,0.12
1.95,0.31,-0.12
1.83,0.43,-0.24
1.53,0.85,-0.43
1.34,1.10,-0.43
1.10,1.53,-0.55
0.92,1.89,-0.73
0.98,1.95,-0.79
0.98,1.95,-0.67
1.34,1.89,-0.49
1.77,1.40,-0.24
2.01,1.10,0.00
2.26,0.73,0.18
2.32,0.24,0.24
2.14,-0.18,0.24
1.59,-0.49,0.43
1.04,-0.43,0.67
0.98,0.12,0.73
1.22,0.73,0.85
2.44,1.28,0.67
2.44,1.77,0.55
0.79,2.14,0.98
0.31,2.08,1.28
0.61,1.95,1.28
0.92,1.53,1.40
1.22,0.98,1.28
1.28,0.37,1.22
1.10,0.00,1.10
1.04,-0.06,1.28
1.10,0.43,1.10
0.92,1.04,1.04
0.85,1.65,1.10
0.61,2.08,1.28
0.61,2.26,1.34
0.79,2.32,1.46
1.04,2.08,1.34
1.22,1.71,1.34
1.53,1.22,1.16
1.53,1.04,1.28
1.59,0.67,1.10
1.46,0.49,0.98
1.59,0.67,0.73
1.71,0.85,0.79
1.83,0.98,0.61















-,-,-
1.16,-0.49,-1.16
1.40,-0.49,-0.92
2.01,-0.37,-0.92
2.38,-0.06,-1.04
1.89,0.49,-0.61
1.46,0.79,-0.18
1.59,1.16,0.12
1.83,1.46,0.37
2.38,1.77,0.67
4.09,1.10,0.37
2.81,0.06,-0.24
2.08,-0.18,-0.18
1.59,-0.43,0.00
1.40,-0.55,0.24
1.71,-0.43,0.18
1.53,-0.12,0.31
1.16,0.06,0.37
1.46,0.37,0.43
1.65,0.85,0.61
1.83,1.10,0.85
1.95,1.10,0.79
1.95,0.98,0.67
1.83,0.55,0.85
1.95,0.43,0.73
2.38,0.18,0.67
2.69,-0.24,0.79
2.69,-0.67,0.79
2.69,-0.79,0.85
2.38,-0.73,1.10
2.26,-0.73,0.85
2.14,-0.61,0.73
2.20,-0.24,0.73
2.38,0.00,0.79
2.14,-0.31,0.85
1.65,-0.67,0.85
1.65,-0.73,0.67
0.92,-0.92,0.43
-0.85,-0.98,0.00
-3.66,-1.16,-0.18
-5.00,-1.28,-0.12
-5.25,-1.53,0.24
-4.46,-1.34,0.73
-3.42,-0.49,2.44
-1.16,1.77,10.50
-0.61,1.65,18.37
-0.12,0.31,15.38
0.18,2.08,14.22
0.61,4.21,19.65
-1.95,4.39,15.20
-3.78,2.75,7.45
-4.39,4.94,16.42
-3.48,5.98,34.18
-3.30,7.81,48.28
-2.38,7.87,55.66
0.31,11.23,60.67
2.81,16.60,70.25
2.44,17.82,74.40
3.36,21.24,74.10
4.46,19.35,80.44
0.92,15.56,77.58
0.24,12.15,61.16
2.14,12.21,63.29
1.22,15.81,75.26
0.61,19.04,80.44
-0.92,16.48,77.21
-1.89,14.10,69.82
-1.77,14.22,65.25
-3.11,14.77,70.13
-7.26,9.77,67.75
-6.84,10.31,58.35
-6.59,9.09,47.55
-5.00,7.69,52.37
-4.76,9.09,47.49
-3.66,6.35,43.95
-4.82,3.48,42.60
-3.54,2.38,43.27
-4.82,2.75,39.98
-2.99,4.64,48.34
-5.07,6.96,50.66
-5.49,4.21,35.95
-6.59,0.98,21.24
-4.15,1.83,19.17
-3.97,5.31,35.83
-4.03,5.07,42.66
-4.46,3.72,41.32
-5.37,2.62,27.65
-3.97,1.59,28.20
-5.55,-0.55,33.63
-6.41,-0.92,17.09
-4.76,0.49,11.90
-4.76,2.32,25.33
-5.68,1.46,25.33
-3.54,3.36,17.64
-3.97,3.42,15.63
-3.66,2.26,7.45
-1.95,0.67,2.93
-1.65,0.85,4.88
-1.40,0.92,5.43
-0.79,0.18,2.81
-0.06,0.00,1.34
1.28,-0.06,0.37
0.67,0.06,0.00
-0.73,-0.18,0.49
-1.40,-0.55,0.43
-1.59,-0.85,0.55
-1.40,-0.73,0.67
-0.92,-0.06,0.31
-0.61,1.04,0.43
-0.37,2.08,0.18
-1.04,2.50,-0.06
-1.95,2.38,-0.31
-2.56,2.32,-0.49
-2.99,2.26,-0.49
-2.69,2.44,-0.31
-1.04,2.99,-0.43
0.31,3.05,-0.55
1.59,2.62,-0.61
2.26,1.95,-0.73
2.26,1.28,-0.98
2.01,0.49,-1.10
1.65,0.37,-1.34
1.65,0.61,-1.34
1.77,0.73,-1.40
1.65,0.92,-1.34
1.59,1.04,-1.28
1.53,0.79,-1.16
1.89,0.92,-1.28
2.08,0.92,-1.46
2.14,0.92,-1.40
2.14,1.04,-1.65
1.28,1.16,-1.65
0.92,0.98,-1.53
0.73,0.92,-1.10
0.79,0.85,-0.85
0.79,1.16,-0.43
0.67,1.10,-0.24
1.04,1.22,-0.12
1.34,1.22,0.00
1.53,1.22,0.24
1.83,1.16,0.12
1.83,1.04,0.06
1.77,1.04,0.24
1.59,0.92,0.43
1.40,0.92,0.55
1.40,0.92,0.55
1.46,0.98,0.55
1.65,0.98,0.49
1.59,1.16,0.61
1.40,1.40,0.37
1.22,1.59,0.55
1.04,1.71,0.49
0.43,1.59,0.12
-0.37,1.46,-0.12
-1.04,1.40,-0.55
-1.71,1.40,-0.79
-2.32,1.46,-0.98
-2.99,1.71,-1.16
-3.11,2.44,-1.22
-3.05,2.99,-0.61
-2.62,3.42,0.31
-2.01,3.42,1.16
-1.59,2.99,1.71
-1.71,1.89,2.08
-1.77,0.92,2.32
-1.65,0.24,2.14
-1.40,-0.06,1.89
-1.16,0.12,1.53
-0.79,0.73,1.10
-0.55,1.10,0.73
0.31,1.46,0.31
0.98,1.40,0.43
1.71,1.10,0.61
1.89,0.49,0.92
1.53,-0.18,0.98
1.10,-0.43,0.92
0.92,-0.18,0.79
0.79,0.31,0.67
0.73,1.22,0.55
0.73,2.01,0.37
1.04,2.62,0.37















-,-,-
1.77,-0.24,1.34
2.14,0.18,1.46
2.38,0.67,1.46
2.87,0.85,1.53
2.93,0.92,1.89
3.17,1.10,2.08
3.48,1.16,2.14
3.36,0.98,2.14
2.81,0.43,2.01
2.50,0.18,1.65
2.26,-0.06,1.40
2.08,-0.18,1.34
1.89,0.00,1.40
1.77,0.24,1.34
1.65,0.43,1.53
1.71,0.61,1.59
1.65,0.43,1.59
1.65,0.37,1.46
1.46,0.24,1.40
1.59,0.18,1.40
1.28,0.18,1.34
1.04,0.24,0.98
1.10,0.24,1.04
1.46,0.12,1.04
1.59,0.37,1.04
1.46,0.31,0.98
1.40,0.00,0.98
1.34,0.12,0.92
1.10,0.18,0.73
1.04,0.12,0.55
0.85,0.06,0.43
0.79,0.12,0.55
0.55,0.06,0.85
0.43,0.06,0.92
0.61,0.12,0.73
0.61,-0.12,0.85
0.43,-0.24,0.85
0.24,-0.24,0.79
-1.28,-0.18,1.04
-2.20,0.37,1.71
-1.46,1.71,5.25
3.23,6.59,20.32
6.96,12.45,41.56
8.00,13.98,48.28
4.76,12.33,37.35
5.13,13.18,32.90
8.79,20.26,61.77
10.86,18.92,74.40
16.78,25.57,71.11
16.36,23.68,80.26
15.14,23.25,84.66
14.71,20.26,82.64
13.37,18.62,78.06
13.67,20.26,80.44
14.10,17.46,88.07
12.76,19.65,88.32
13.85,17.58,85.14
13.55,17.46,86.98
12.33,14.40,80.81
13.31,13.18,78.61
11.23,15.75,69.40
11.72,8.85,71.66
8.18,5.68,68.97
9.89,6.53,61.77
7.14,7.32,69.52
5.25,4.88,67.26
5.31,6.96,67.44
3.05,6.35,63.60
1.34,0.67,54.81
2.87,-1.28,54.08
1.77,1.71,44.13
4.09,6.29,44.31
3.78,7.26,48.28
3.05,1.53,46.57
0.61,-2.01,31.13
1.71,0.37,26.79
0.55,0.85,35.28
0.06,1.28,27.53
0.85,0.37,19.04
3.30,-0.92,24.72
4.46,1.46,24.48
3.97,2.01,11.29
3.72,-0.06,3.72
4.21,0.37,0.43
3.78,0.67,-0.37
2.93,0.85,-0.61
1.95,0.79,-0.67
1.53,0.37,-0.67
1.65,0.31,-0.61
2.14,0.55,-0.55
2.50,0.79,-0.49
2.75,0.98,-0.73
3.05,1.28,-1.16
3.17,1.46,-1.34
3.23,1.46,-1.53
2.93,1.04,-1.89
2.56,0.55,-2.08
2.44,0.24,-2.01
2.14,-0.06,-1.77
1.77,0.12,-1.46
1.71,0.79,-1.16
1.89,1.22,-0.55
2.32,1.59,0.00
2.26,1.71,0.24
2.14,1.59,0.18
2.08,1.10,0.24
2.08,0.79,0.00
1.65,0.43,-0.37
1.46,0.24,-0.49
1.34,0.18,-0.49
1.59,0.55,-0.31
1.34,1.04,0.00
1.22,1.34,0.12
1.28,1.59,0.37
1.46,1.65,0.55
1.16,1.34,0.55
1.34,1.22,0.37
1.34,1.04,0.55
1.10,0.98,0.31
1.16,0.92,0.18
1.34,1.28,0.12
1.71,1.40,0.24
2.01,1.53,0.43
1.95,1.34,0.61
1.83,1.10,0.55
1.40,1.04,0.61
1.34,1.22,0.55
1.16,1.53,0.49
1.10,1.71,0.24
1.04,1.65,0.12
1.04,1.83,-0.37
1.22,1.65,-0.37
1.28,1.53,-0.18
1.40,1.28,-0.06
1.22,1.04,0.12
1.22,0.79,0.18
1.34,0.73,0.12
1.34,0.92,0.31
1.40,1.34,0.31
1.22,1.34,0.37
0.98,1.53,0.55
1.04,1.53,0.49
0.73,1.28,0.37
0.67,1.22,0.49
0.98,1.16,0.67
1.22,1.10,0.92
1.22,1.10,0.98
1.04,0.92,1.10
1.04,1.04,1.40
1.16,1.22,1.40
1.04,1.46,1.28
0.98,1.28,1.22
1.04,1.34,1.28
0.79,1.28,1.22
0.85,1.34,1.04
0.98,1.46,0.79
1.10,1.34,0.98
1.28,1.46,0.92
1.34,1.71,0.85
1.04,1.77,0.85
0.61,1.77,1.04
0.79,1.89,0.92
0.92,1.95,0.85
1.28,2.01,0.98
1.53,1.65,0.92
1.71,1.16,0.73
1.77,0.73,0.92
1.65,0.55,0.79
1.59,0.43,0.79
1.59,0.73,0.73
1.59,0.79,0.49
1.59,1.10,0.55
1.71,1.53,0.92
2.01,1.59,1.04
1.83,1.40,1.04
1.46,1.10,0.98
1.53,1.04,1.16
1.16,0.79,1.22
1.04,0.73,1.10
1.10,0.92,1.28















-,-,-
1.40,1.71,1.34
1.40,1.28,1.28
1.16,0.85,1.22
1.10,0.43,1.04
1.10,0.31,0.92
1.28,0.00,0.92
1.28,0.00,0.73
1.40,0.31,0.85
1.34,0.85,0.73
1.10,1.22,0.49
0.79,1.71,0.18
0.49,2.14,-0.12
0.85,2.44,-0.06
1.22,2.50,0.55
1.46,2.26,1.10
2.08,1.95,2.01
2.38,1.34,3.05
2.32,0.31,3.66
1.77,-0.67,3.48
0.00,-1.10,2.56
1.04,-1.04,2.08
1.10,-0.31,2.01
1.46,0.61,1.40
1.71,1.59,1.04
1.40,2.01,1.04
0.61,1.89,0.67
-0.73,1.40,0.18
-2.75,0.73,-0.31
-4.09,0.18,-0.18
-5.43,0.12,-0.06
-5.43,0.31,0.73
-5.43,0.61,1.53
-5.80,0.79,3.91
-6.41,1.16,9.03
-5.74,2.81,18.80
-2.50,6.77,37.35
2.50,8.85,58.41
6.96,10.93,66.22
11.05,22.03,72.39
14.22,30.21,80.44
16.36,27.10,96.80
14.71,26.73,103.45
15.01,25.76,100.10
13.00,24.35,93.44
13.85,23.38,92.16
11.11,23.93,93.38
12.76,21.42,89.72
11.66,20.45,83.31
13.06,17.76,90.39
8.97,17.64,94.06
8.36,17.52,87.59
9.95,12.33,79.83
6.23,11.23,72.69
8.18,10.80,61.89
2.99,8.61,54.44
7.51,9.28,51.76
7.02,5.31,61.71
3.85,4.46,63.84
1.59,8.54,46.02
2.44,8.24,43.21
0.61,1.53,46.14
3.48,1.28,46.02
1.71,5.13,42.85
-1.46,2.75,33.08
-0.12,3.78,19.65
-0.43,3.48,18.62
1.10,1.22,26.43
0.37,-0.12,31.68
-0.06,2.01,21.85
-1.22,1.46,18.01
-1.34,2.38,15.87
-1.46,1.34,12.02
0.31,0.67,13.85
1.22,1.16,23.86
0.61,2.26,30.70
-1.16,1.71,24.54
-0.06,2.08,14.95
1.28,1.95,24.23
-2.01,1.40,21.30
-0.61,1.59,12.94
-0.73,2.38,24.54
-2.62,1.28,22.34
-0.61,1.04,9.83
0.85,1.77,14.65
2.01,2.99,22.22
1.71,1.28,14.04
1.83,0.24,1.59
1.22,0.49,-0.18
1.95,0.85,0.06
2.20,0.49,0.06
1.65,-0.24,0.00
1.04,-0.67,0.18
0.73,-0.61,-0.24
0.49,0.00,-0.18
0.55,0.37,-0.37
0.73,0.67,-0.31
1.16,0.67,-0.61
1.46,0.55,-0.49
1.89,0.31,-0.67
2.20,0.12,-0.73
2.38,-0.18,-0.92
2.69,-0.31,-1.10
2.50,0.00,-1.40
2.32,0.18,-1.46
2.44,0.61,-1.59
2.44,0.73,-1.53
2.44,0.79,-1.46
2.08,0.61,-1.40
1.83,0.43,-1.22
1.59,0.67,-0.79
1.34,0.98,-1.16
1.40,0.98,-1.10
1.46,0.98,-0.79
1.34,1.10,-0.31
1.10,0.67,-0.31
0.92,0.49,0.00
1.04,0.49,0.12
1.22,0.79,0.24
1.28,0.92,0.31
1.10,1.04,0.31
1.10,1.22,0.31
1.16,1.34,0.49
1.04,1.22,0.55
0.73,0.92,0.37
0.37,0.92,0.12
0.31,0.98,0.00
0.31,1.10,-0.18
0.37,1.28,-0.06
0.55,1.34,-0.37
0.61,1.22,-0.31
0.67,0.98,-0.12
0.79,0.85,0.31
0.55,0.73,0.31
0.12,0.43,0.37
0.43,0.43,0.37
0.67,0.67,0.12
0.92,0.61,0.06
0.92,0.73,0.24
0.92,0.73,0.18
0.92,0.55,0.43
1.10,0.49,0.55
1.04,0.49,0.55
0.43,0.31,0.49
0.12,0.24,0.37
0.06,0.43,0.43
0.31,0.67,0.49
0.67,0.85,0.31
0.79,0.85,0.12
1.04,1.04,0.18
1.65,1.40,0.06
2.01,1.46,0.06
2.26,1.34,0.12
2.38,0.92,0.06
2.56,0.37,0.12
2.69,0.00,0.12
2.62,-0.37,-0.06
2.56,-0.43,0.00
2.50,-0.55,0.12
2.38,-0.24,0.18
2.32,0.24,0.24
2.44,0.67,0.55
2.14,0.73,0.49
1.95,0.79,0.43
1.71,0.67,0.49
1.71,0.55,0.73
2.01,0.67,0.79
2.26,0.43,0.67
2.26,0.24,0.73
2.26,0.37,0.67
2.44,0.37,0.98
2.44,0.31,1.22
2.50,0.18,1.04
2.56,0.24,1.04
2.75,0.31,1.16
3.11,0.12,1.40
3.60,-0.18,1.83
4.46,-0.49,2.08
5.00,-0.85,2.20
5.19,-1.22,2.69
5.25,-1.46,2.44















-,-,-
1.34,-1.53,0.79
0.98,-1.34,0.85
1.16,-0.73,1.04
1.77,0.31,0.98
2.32,1.10,1.04
2.62,1.71,1.16
2.50,1.95,1.28
2.62,1.95,1.10
2.50,1.40,0.98
2.14,0.92,0.85
1.65,0.37,0.85
1.34,0.24,0.79
1.16,0.79,0.92
1.16,1.59,1.10
1.46,2.62,1.04
2.01,3.72,1.22
2.14,4.03,1.34
2.32,3.78,1.53
2.38,3.23,1.83
2.20,2.62,2.01
2.14,1.95,2.32
2.26,1.34,2.44
1.95,0.67,2.32
1.65,0.31,1.71
1.46,0.31,0.85
1.53,0.55,0.18
2.14,1.28,0.18
2.44,2.08,0.43
2.32,2.38,0.85
1.77,2.26,1.10
1.16,2.20,1.53
0.67,1.71,2.38
-0.37,1.28,3.54
-2.26,0.61,6.10
-2.20,0.31,14.59
0.00,2.62,33.39
0.18,1.83,37.60
3.17,1.16,31.43
2.75,6.04,35.58
2.08,6.96,33.57
1.65,7.81,39.86
3.97,5.86,46.39
8.48,6.16,70.37
6.96,7.39,81.12
11.72,8.36,78.49
9.28,8.79,86.43
6.23,14.40,91.49
5.62,16.17,93.38
3.85,20.45,94.12
5.62,22.03,95.83
7.63,24.11,94.60
11.90,23.01,93.14
14.28,23.80,94.67
13.61,23.80,99.37
10.56,17.88,96.37
9.03,12.33,91.61
9.16,12.02,98.51
4.94,8.79,97.23
6.47,13.12,102.91
1.89,11.17,98.27
3.66,15.56,84.11
2.75,13.24,74.10
2.08,11.60,61.16
0.67,5.55,53.28
-0.79,0.98,41.14
2.69,0.00,54.32
-3.85,-2.75,61.71
-3.54,-2.87,46.26
-1.83,-3.17,37.78
-2.75,1.04,34.18
-1.04,-0.12,29.85
-2.32,-2.32,26.25
1.77,-1.46,9.70
4.27,0.12,7.63
6.10,1.34,13.06
5.80,1.59,10.62
6.04,1.28,1.59
4.64,1.34,-1.95
2.50,1.46,-2.38
1.65,1.71,-3.30
1.28,1.77,-3.78
1.34,2.01,-4.21
1.89,2.50,-4.46
2.69,2.75,-4.76
3.42,2.50,-5.00
4.39,2.20,-5.19
5.31,1.65,-5.25
5.62,1.28,-4.88
5.31,1.10,-4.58
5.00,1.10,-4.39
4.94,1.53,-4.21
4.82,2.69,-3.78
4.33,3.85,-3.48
3.85,4.64,-3.42
3.17,5.25,-3.23
2.08,5.62,-3.05
1.83,5.37,-3.05
1.65,5.13,-2.81
1.34,4.64,-2.44
0.98,3.85,-2.01
0.73,3.36,-1.59
0.00,2.81,-1.40
-0.24,2.44,-1.53
-0.12,1.83,-0.85
0.06,1.59,-0.24
0.55,1.59,0.06
1.10,1.59,0.37
1.10,1.16,0.61
1.34,0.92,0.67
1.28,0.55,0.61
1.10,0.43,0.49
1.16,0.61,0.43
1.53,1.22,0.31
1.83,1.77,0.37
2.32,2.50,0.24
2.26,2.69,0.12
1.77,2.87,-0.37
1.04,2.81,-0.79
0.55,2.56,-0.98
-0.06,2.26,-0.92
-0.61,1.59,-1.28
-0.85,1.16,-1.65
-0.67,1.83,-1.71
-0.31,2.38,-1.77
0.24,2.87,-1.71
0.31,3.30,-1.59
0.18,3.78,-1.53
0.73,4.21,-1.16
1.22,4.33,-0.37
1.59,3.91,0.55
1.89,3.11,1.04
2.14,2.26,1.10
2.93,2.50,0.92
3.78,3.05,1.10
3.72,3.60,1.59
3.60,3.66,2.20
3.72,3.48,2.87
3.60,2.87,3.11
3.97,2.14,3.05
4.09,0.92,2.44
3.48,-0.67,1.40
2.69,-1.95,0.49
2.20,-2.56,-0.12
2.62,-2.62,-0.55
3.78,-2.56,-0.61
4.70,-2.56,-0.49
5.25,-2.93,-0.61
5.25,-3.60,-0.98
5.00,-4.21,-1.46
4.82,-4.64,-1.95
4.76,-4.94,-2.20
4.76,-4.70,-2.50
5.00,-4.09,-2.81
5.43,-3.05,-2.99
5.98,-2.26,-3.11
6.16,-1.71,-3.60
6.04,-1.28,-3.91
5.80,-1.04,-4.09
5.86,-0.55,-4.21
6.10,-0.18,-4.46
6.41,0.37,-4.64
6.71,0.98,-4.58
7.08,1.59,-4.39
7.57,2.20,-4.09
8.00,2.56,-3.54
7.93,3.05,-2.81
7.63,3.48,-2.08
6.71,3.54,-2.08
5.68,3.48,-2.20
5.74,3.11,-1.10
6.41,2.75,1.40
6.65,2.50,4.64
6.23,2.32,7.75
4.09,1.83,10.01
0.67,0.24,10.01
-3.36,-2.26,7.75
-8.73,-4.39,4.76
-12.70,-5.68,1.95
-15.81,-4.94,-1.40
-21.24,-3.05,-11.11















-,-,-
1.53,0.49,0.92
1.40,0.49,0.92
1.34,0.67,1.22
1.46,0.85,1.53
1.65,0.92,1.65
1.95,1.28,1.65
2.14,1.46,1.59
2.14,1.28,1.53
2.20,0.85,1.40
2.26,0.67,1.28
2.20,0.61,1.34
2.08,0.92,1.34
2.26,0.92,1.53
2.26,0.98,1.59
2.20,1.22,1.65
2.14,1.34,1.71
1.83,1.10,1.53
1.59,0.98,1.59
1.53,0.73,1.46
1.77,0.73,1.46
1.83,0.73,1.59
2.20,0.79,1.77
2.50,0.67,2.01
2.26,0.55,1.83
1.95,0.55,1.28
1.34,0.43,0.92
0.98,0.37,0.67
0.85,0.43,0.92
1.22,0.61,1.22
1.40,0.61,1.16
1.16,0.61,0.92
0.67,0.49,1.28
0.61,0.06,3.78
1.34,1.16,12.70
2.87,6.84,26.49
4.76,4.76,36.38
6.53,4.09,30.09
8.48,6.65,29.54
8.18,6.84,36.01
8.54,8.30,42.79
10.01,5.98,45.23
8.48,7.32,38.33
9.40,8.91,38.70
7.75,5.19,38.15
8.61,4.70,42.60
9.09,5.55,44.07
4.58,5.43,39.55
3.11,5.68,20.14
5.00,4.64,27.71
3.30,-2.20,43.21
5.37,-1.22,42.97
5.55,3.72,34.97
4.03,4.88,32.17
1.59,1.46,26.12
1.40,1.34,23.62
0.31,-0.18,24.72
-1.95,-0.18,18.01
-1.22,1.04,11.05
-0.49,0.31,16.24
-2.01,0.61,16.05
-0.61,1.46,12.94
0.37,2.14,14.34
1.34,4.58,24.84
0.12,6.29,42.60
0.00,5.68,41.99
-1.34,5.55,34.18
-1.46,4.33,10.38
1.59,2.14,11.11
3.36,1.53,37.48
1.22,3.54,42.05
2.08,3.23,26.43
1.46,0.98,19.90
-1.83,0.12,7.75
-2.14,0.24,5.86
-0.37,1.34,23.80
-1.77,1.34,43.15
-1.16,4.46,35.89
-1.10,2.26,18.31
1.28,1.83,10.93
3.23,1.53,29.36
-0.37,2.62,28.75
4.03,3.66,15.26
2.93,1.65,22.40
-0.24,0.85,14.83
0.43,0.31,10.56
0.98,0.06,11.78
1.22,0.43,12.33
3.11,0.37,14.16
2.99,0.98,6.41
4.46,1.65,0.61
4.21,1.77,0.79
4.46,2.26,1.59
4.70,2.62,1.89
4.88,2.26,1.89
4.76,1.89,2.01
4.76,1.40,2.08
4.39,1.22,1.77
3.97,0.98,1.22
3.72,1.16,1.34
3.23,1.34,1.83
3.23,1.59,2.32
3.42,1.65,2.50
4.21,1.89,2.75
4.70,2.01,3.17
4.88,2.14,3.54
4.70,1.95,3.54
3.54,1.46,3.36
2.50,1.22,2.62
1.77,0.98,2.01
1.28,0.98,1.16
1.22,1.34,0.55
1.40,2.08,0.79
2.08,2.62,1.04
2.26,2.87,1.46
1.65,2.87,1.46
0.18,3.30,1.46
-1.89,4.52,1.59
-3.60,6.71,1.89
-5.25,9.09,1.77
-6.96,10.93,0.61
-8.85,12.33,-1.40
-11.54,13.43,-3.85
-14.71,14.83,-8.12
-18.68,19.96,-22.52
-15.63,23.50,-39.67
-10.25,31.19,-43.27
-6.29,48.34,-39.12
0.73,68.05,-35.52
7.87,83.92,-32.47
13.06,92.77,-30.27
19.59,97.29,-29.54
26.18,96.68,-29.42
33.57,91.67,-29.54
39.67,84.47,-29.42
44.07,76.66,-27.89
45.29,68.73,-25.21
44.68,61.34,-22.52
42.97,54.14,-19.71
40.16,47.42,-16.85
37.29,41.26,-14.34
35.03,34.97,-11.78
32.71,27.65,-9.95
31.01,18.92,-8.00
29.24,9.34,-5.25
26.86,0.43,-1.95
24.60,-5.86,1.22
22.83,-10.01,4.33
21.73,-12.51,6.35
21.24,-13.85,7.14
21.48,-14.16,7.08
21.36,-14.04,7.14
19.35,-13.12,8.36
15.14,-11.23,10.93
9.95,-8.36,12.33
6.16,-5.07,10.99
3.78,-1.71,8.67
0.49,1.53,8.30
-2.08,5.19,9.22
-3.72,7.63,10.56
-4.94,7.81,11.84
-5.92,7.02,13.49
-7.69,4.94,16.66
-10.86,0.92,20.20
-11.05,-7.14,22.83
-9.70,-18.01,21.36
-8.18,-28.02,14.77
-4.88,-36.99,6.53
-2.75,-44.74,-0.55
-2.87,-49.26,-4.58
-3.23,-48.52,-6.53
-3.85,-43.64,-6.90
-5.07,-35.89,-5.62
-5.74,-27.47,-3.66
-5.80,-18.92,-1.04
-6.41,-11.60,1.04
-7.51,-5.86,-0.24
-7.39,-2.50,-4.09
-6.47,-1.89,-9.40
-5.98,-2.81,-14.22
-6.84,-3.97,-16.85
















-,-,-
1.40,0.12,1.22
1.22,0.00,1.22
1.22,-0.12,1.22
1.53,-0.06,0.98
1.77,0.00,1.10
1.77,0.31,1.16
1.83,0.31,0.98
1.83,0.06,0.98
1.71,-0.12,1.04
1.83,-0.18,0.92
1.95,-0.18,0.92
2.26,-0.12,0.92
2.20,-0.18,0.98
2.20,-0.24,1.22
2.14,-0.18,0.98
2.38,-0.06,0.85
2.20,-0.12,0.73
2.01,-0.37,0.67
1.89,-0.31,0.92
1.95,-0.06,1.04
2.08,0.43,1.22
2.20,0.85,1.53
2.44,1.10,1.77
2.50,1.04,1.83
2.26,0.79,1.77
2.26,0.37,1.71
2.01,-0.06,1.77
2.08,-0.06,1.28
2.26,-0.12,1.22
2.38,-0.18,1.28
2.69,-0.12,1.16
2.75,-0.12,1.22
2.75,-0.12,2.20
3.05,0.49,5.92
5.92,3.23,16.05
9.52,6.71,34.30
14.10,8.06,59.81
14.16,7.87,68.36
16.17,7.57,65.25
15.87,10.07,61.65
16.30,9.77,65.37
11.23,6.41,78.31
4.82,5.86,79.16
2.99,3.48,72.88
3.91,2.56,73.24
-0.49,0.49,72.94
-0.79,0.24,70.25
-1.95,0.98,60.91
3.17,-0.18,55.42
3.54,-0.43,47.42
8.36,2.93,38.02
8.54,2.26,35.71
8.12,0.12,31.74
8.67,2.62,26.43
7.81,-0.67,24.05
6.04,2.01,8.85
6.59,2.81,5.86
6.16,1.83,7.02
7.32,1.65,7.08
8.61,1.65,7.32
8.73,1.59,6.77
8.48,1.53,5.74
8.00,1.46,4.33
6.77,1.28,2.62
5.37,1.28,1.53
4.64,1.59,1.16
4.64,2.01,1.10
4.46,2.26,1.59
4.15,2.32,1.71
3.91,2.08,1.65
3.78,1.34,0.92
3.36,0.49,0.61
2.99,0.31,0.61
2.62,-0.12,0.67
2.75,-0.24,1.10
2.99,-0.12,1.77
3.17,0.18,2.26
3.11,0.61,2.44
3.30,0.98,2.62
3.05,1.10,2.69
2.69,1.28,2.50
2.26,1.40,2.20
1.71,1.34,2.20
1.40,1.28,1.89
1.59,1.34,1.65
1.71,1.22,1.46
1.53,0.98,1.22
1.22,0.98,0.98
1.22,1.04,0.61
1.28,1.10,0.37
1.46,1.10,0.24
1.28,1.16,0.43
1.28,1.40,0.49
1.10,1.53,0.18
1.16,2.08,0.18
1.46,2.75,0.85
2.01,3.54,1.40
2.14,3.60,1.77
1.40,3.54,2.26
-1.22,3.85,2.38
-6.29,5.19,1.59
-12.33,7.45,0.18
-18.19,11.05,-0.79
-22.34,15.75,-1.16
-23.07,22.03,-1.77
-24.41,30.58,-8.54
-21.85,34.85,-24.23
-16.48,41.32,-33.94
-14.10,56.88,-38.39
-10.86,75.20,-42.91
-5.37,89.23,-46.69
3.48,98.08,-48.10
11.11,104.86,-44.31
14.53,108.76,-36.25
15.81,109.74,-28.87
16.54,108.40,-25.02
17.40,103.82,-24.29
18.98,96.56,-24.66
19.78,89.11,-25.51
19.29,82.03,-25.21
18.62,74.89,-23.32
17.94,66.96,-19.96
16.17,58.65,-16.24
14.10,50.60,-12.88
12.70,42.72,-9.89
10.74,35.64,-6.84
9.28,28.93,-4.39
8.73,22.03,-2.50
9.09,13.92,-1.10
9.83,5.31,-1.10
10.44,-2.14,-2.93
11.72,-7.93,-5.62
13.37,-12.88,-8.97
14.95,-15.75,-11.60
15.63,-16.17,-12.82
16.66,-15.14,-12.15
18.49,-14.77,-10.74
21.24,-15.26,-9.40
21.85,-16.24,-8.06
21.67,-17.15,-6.35
19.47,-17.21,-4.09
15.69,-16.60,-0.85
12.08,-15.44,2.81
8.61,-12.76,6.04
6.77,-8.30,9.40
6.84,-3.48,14.28
9.58,0.98,20.63
12.02,4.21,26.86
13.12,6.23,32.29
12.39,8.12,37.48
10.38,9.83,42.79
7.87,10.93,48.77
6.96,9.83,55.24
7.14,5.62,60.85
5.80,-0.92,61.95
3.30,-11.11,55.85
0.24,-23.38,43.27
-2.01,-41.26,26.49
-1.10,-68.36,7.87
2.01,-99.37,-9.22
4.52,-128.72,-22.34
3.72,-152.89,-29.54
-1.59,-167.79,-31.19
-10.31,-170.10,-30.40
-20.39,-158.57,-29.66
-29.17,-135.50,-28.02
-35.28,-104.43,-24.29
-39.98,-67.57,-18.68
-42.97,-29.42,-13.12
-43.15,5.07,-8.91
-39.49,33.75,-5.74
-36.19,55.79,-4.52
-32.47,69.70,-5.74
-29.11,77.64,-8.73
-26.43,82.40,-11.23
-23.19,86.49,-13.61
-20.63,88.20,-16.78
-14.47,74.34,-21.42
-8.91,41.56,-29.42
-10.56,11.84,-43.03
















-,-,-
2.56,0.37,1.22
2.62,0.73,1.28
2.56,0.98,1.46
2.32,1.04,1.59
2.08,0.98,1.59
2.08,0.92,1.46
1.95,0.79,1.40
1.95,0.85,1.40
1.89,1.04,1.40
2.01,1.28,1.22
1.95,1.22,1.28
1.89,1.10,1.46
1.83,0.92,1.10
1.65,0.61,0.79
1.46,0.24,0.67
1.40,0.12,0.67
1.34,0.49,0.85
1.34,0.73,0.98
1.59,0.85,1.10
1.83,1.04,1.22
1.83,1.40,1.46
1.83,1.65,1.46
1.95,1.40,1.59
1.83,1.28,1.53
1.89,1.34,1.40
1.83,1.10,1.34
1.83,0.61,1.28
1.40,0.24,0.79
1.40,0.06,0.43
1.59,0.12,0.61
1.71,0.43,0.43
1.77,0.67,0.43
1.89,0.79,0.61
1.83,1.04,1.10
1.83,1.16,1.40
1.46,0.98,1.34
1.46,0.85,1.28
1.83,0.98,1.46
1.95,0.92,1.34
2.14,0.61,0.61
2.32,0.55,0.49
2.69,0.92,0.98
3.54,1.16,1.53
4.58,1.28,1.77
4.52,1.04,1.53
4.64,0.92,1.46
4.46,0.61,1.10
4.27,0.49,0.92
4.52,0.37,0.98
4.76,0.00,0.79
5.25,-0.06,0.73
5.19,0.12,0.98
4.88,0.24,1.22
4.58,0.31,1.46
4.21,0.43,1.83
4.64,0.67,3.11
4.39,0.43,4.46
6.10,1.10,8.42
11.23,2.99,23.74
10.86,2.20,36.99
11.05,5.49,40.22
17.27,6.96,53.83
14.59,5.19,66.04
14.16,1.77,71.96
11.90,6.53,75.44
9.09,7.63,81.79
4.46,5.68,78.00
2.81,5.31,71.96
-0.79,0.24,62.38
-5.07,1.16,44.80
-0.31,4.58,41.44
-0.92,4.82,51.27
-1.89,2.56,54.50
-1.53,-0.85,46.39
0.85,1.46,33.02
3.23,1.28,26.31
1.34,1.59,20.26
2.69,1.83,6.29
7.75,2.56,3.42
8.61,2.93,5.43
9.70,2.99,6.29
11.23,3.05,6.16
10.31,2.62,4.70
7.93,1.71,2.69
5.19,0.79,0.98
2.87,0.06,0.00
1.89,-0.06,-0.31
1.83,0.31,0.24
1.89,0.85,0.85
2.38,1.40,1.46
2.93,1.95,2.14
3.11,2.38,2.32
3.42,2.50,2.56
3.17,2.44,2.69
2.44,2.14,2.50
1.95,1.89,2.50
1.71,1.53,2.56
1.71,1.53,2.69
2.32,1.59,2.87
2.93,1.40,2.69
2.69,1.22,2.69
2.38,1.16,2.20
2.26,1.10,1.95
2.08,1.10,1.46
1.95,1.22,1.53
2.08,1.46,1.71
1.89,1.53,1.65
1.95,1.53,1.46
1.83,1.22,1.46
2.01,1.04,1.16
2.20,0.85,1.10
2.38,0.79,1.10
2.44,0.98,1.16
2.44,1.28,1.40
2.26,1.28,1.65
2.20,1.53,1.71
2.20,1.40,1.83
2.01,1.28,1.59
1.77,1.16,1.16
1.40,1.04,1.04
1.28,1.22,1.04
1.77,1.65,1.34
2.32,1.77,1.46
2.32,1.53,1.40
2.14,1.28,1.53
2.14,1.16,1.59
2.08,0.73,1.65
1.59,0.43,1.34
1.53,0.49,0.98
1.28,0.73,0.98
1.40,1.04,1.16
1.40,1.28,1.40
1.59,1.46,1.22
1.59,1.40,1.10
1.59,1.22,0.98
1.22,1.16,0.73
1.46,1.28,0.73
1.59,1.34,1.04
1.71,1.34,1.40
1.83,1.10,1.40
1.65,1.04,1.16
1.28,0.98,1.22
0.98,0.73,0.85
0.85,0.73,0.85
0.79,0.85,1.16
1.10,1.16,1.40
1.46,1.46,1.71
2.14,1.46,1.89
2.26,1.53,2.20
2.20,1.46,2.50
2.32,1.59,2.75
2.44,1.77,2.56
2.44,1.83,2.32
1.95,1.71,2.01
1.34,1.71,2.01
1.22,1.65,1.95
1.28,1.71,2.01
1.40,1.77,2.01
1.83,1.77,1.46
2.08,1.59,1.04
1.95,1.28,0.79
1.83,1.10,1.04
1.89,0.85,1.16
1.40,0.79,1.22
1.10,0.79,0.79
0.92,0.79,0.73
1.10,1.28,0.79
1.16,1.53,0.98
1.34,1.40,1.22
1.46,1.28,1.34
1.71,1.04,1.22
1.89,0.92,1.28
1.95,0.61,1.04
1.65,0.49,0.85
1.53,0.37,0.92
1.46,0.67,1.04
1.65,1.04,1.22
1.40,1.22,1.40
1.28,1.53,1.65
1.46,1.53,1.77
















-,-,-
2.32,1.40,1.40
2.44,1.46,1.65
2.08,1.59,1.83
1.95,1.46,1.53
1.71,1.16,1.46
1.71,0.92,1.22
1.46,0.92,1.10
1.53,1.10,0.85
1.53,1.10,0.98
1.59,1.22,0.98
1.53,1.46,0.98
1.59,1.46,1.16
1.71,1.83,1.53
1.89,1.77,1.71
1.89,1.71,1.77
2.01,1.95,1.71
2.32,1.77,1.71
2.50,1.59,1.71
2.20,1.34,1.34
2.14,1.04,1.22
1.83,0.92,1.28
1.89,1.04,1.28
2.38,1.28,1.16
2.44,1.34,0.92
2.44,1.46,1.10
2.44,1.65,1.04
2.20,1.53,0.92
1.83,1.34,0.73
1.59,1.22,0.49
1.46,0.67,0.49
1.53,0.55,0.31
1.34,0.49,0.18
1.28,0.49,0.00
1.34,0.67,0.06
1.53,0.92,0.12
1.77,1.16,0.73
1.77,1.34,1.04
1.71,1.22,0.79
1.34,0.79,0.67
1.10,0.61,0.67
1.40,0.73,0.73
1.53,0.73,0.92
1.65,0.85,1.10
1.22,0.79,0.73
0.61,0.92,0.31
0.12,1.16,-0.18
-0.24,1.59,-0.98
-0.61,2.20,-0.85
0.55,3.11,0.24
6.35,4.15,14.10
13.31,8.30,60.61
9.83,15.08,90.33
8.18,17.46,82.82
7.14,17.58,69.70
3.17,13.00,66.59
-1.71,16.30,72.51
-3.72,14.71,81.05
-5.98,12.02,85.57
-3.23,13.49,75.93
7.69,6.23,66.41
8.79,7.14,48.52
11.90,2.69,44.31
3.42,5.98,35.58
3.11,5.74,26.12
1.10,0.55,11.35
3.85,-0.24,3.72
4.82,0.12,2.69
5.92,0.00,3.36
7.87,0.06,3.48
8.79,0.37,3.05
9.22,0.55,1.89
7.57,0.43,1.10
4.88,-0.12,0.37
2.32,-0.61,-1.04
0.67,-1.04,-2.01
-0.49,-1.34,-2.20
-0.79,-1.22,-2.20
-0.73,-0.79,-1.83
-0.31,-0.12,-1.53
0.37,0.55,-0.98
1.04,0.73,-0.49
1.34,0.73,-0.18
1.65,0.79,0.18
1.89,1.10,0.73
2.14,1.10,1.53
2.08,1.22,2.08
2.26,1.16,2.50
2.08,1.16,2.81
2.08,1.10,2.62
1.95,0.85,2.32
1.95,0.92,2.01
1.77,0.73,1.40
1.77,0.79,1.04
1.77,0.92,1.04
1.71,1.04,0.92
1.89,1.22,0.73
1.95,1.28,0.92
1.95,1.34,1.22
1.89,1.34,1.10
1.77,1.28,0.85
1.40,1.16,0.73
1.40,0.92,0.85
1.65,1.16,1.16
1.83,0.98,1.16
1.89,0.92,1.22
1.95,0.55,1.04
1.77,0.24,0.73
1.46,0.55,0.49
1.59,0.61,0.37
1.65,0.85,0.43
1.59,1.10,0.49
1.53,1.22,0.85
1.40,1.28,0.98
1.34,1.28,0.79
1.22,1.22,0.79
1.46,1.10,0.92
1.59,1.22,1.28
1.53,1.04,1.53
1.65,0.92,1.28
1.77,0.79,0.98
1.83,0.61,0.55
1.83,0.67,0.55
2.01,0.85,0.67
1.89,1.28,0.79
1.83,1.28,0.61
1.83,1.34,0.73
1.46,1.22,0.61
1.22,0.79,0.31
1.16,0.31,0.24
1.16,0.12,0.12
1.10,0.12,0.06
1.04,0.43,0.24
1.22,0.85,0.49
1.28,1.10,0.67
1.16,1.28,0.61
0.92,1.22,0.73
1.04,0.85,0.98
1.28,0.67,1.04
1.65,0.73,0.85
1.83,0.67,0.85
1.71,1.04,0.92
1.65,0.98,0.79
1.59,0.85,0.67
1.53,0.67,0.37
1.34,0.61,0.55
1.59,0.73,0.92
1.77,0.98,0.92
1.83,1.04,0.98
1.89,1.10,1.10
1.83,1.40,0.98
1.89,1.53,1.22
1.89,1.22,1.22
2.08,1.10,1.22
1.77,0.73,1.28
1.53,0.61,1.16
1.53,0.61,1.16
1.65,0.61,1.10
1.71,0.85,0.98
1.65,1.04,0.98
1.71,1.04,1.10
1.71,1.22,1.40
1.65,1.65,1.65
1.77,1.71,1.77
1.71,1.77,1.77
1.34,1.16,1.65
1.10,0.85,1.46
1.10,0.43,1.40
1.53,0.43,1.28
1.53,0.49,1.10
1.46,0.79,0.98
1.34,1.10,1.16
1.40,1.10,1.28
1.28,1.04,1.28
1.16,0.85,1.10
1.04,0.79,0.79
0.98,0.79,0.67
1.10,0.73,0.73
1.28,0.92,0.79
1.28,1.04,0.73
1.65,1.34,0.98
















-,-,-
2.14,1.10,1.22
2.44,0.92,1.04
2.14,0.49,0.92
1.71,0.37,0.85
1.53,0.43,0.85
1.59,0.61,0.98
1.89,1.10,1.34
2.08,1.59,1.71
2.20,1.40,1.89
2.14,1.40,1.95
2.01,0.98,1.77
1.71,0.85,1.77
1.71,0.73,2.08
1.83,0.61,1.89
1.89,0.61,1.65
1.83,0.55,1.46
1.71,0.43,1.10
1.71,0.31,0.98
1.59,0.43,0.92
1.95,0.61,0.85
1.89,0.67,0.98
1.89,0.73,1.04
1.89,1.04,1.34
1.89,0.98,1.40
1.89,0.79,1.40
1.77,0.43,1.04
1.65,0.31,0.73
1.77,0.31,0.37
1.83,0.37,0.37
1.89,0.37,0.49
2.14,0.37,0.79
2.38,0.55,1.10
3.54,1.22,1.77
5.07,0.61,5.80
6.53,0.00,18.98
9.09,0.37,30.27
10.01,3.48,36.44
14.83,5.98,41.93
13.49,9.83,41.20
19.41,7.08,54.75
16.60,8.85,70.86
15.75,6.65,75.07
15.87,6.23,69.58
15.26,3.60,62.07
15.50,-0.67,56.34
15.63,0.85,56.76
12.57,2.87,55.79
9.16,2.81,50.66
8.85,0.73,44.62
7.26,-2.81,47.24
4.03,-2.75,34.00
5.43,0.31,21.42
5.19,-0.79,24.23
3.30,-0.12,18.92
4.82,0.06,15.99
3.05,0.18,12.27
3.54,1.04,4.27
2.99,1.04,2.26
2.01,0.85,2.38
1.53,0.61,2.56
1.34,0.31,2.81
1.04,0.24,3.30
1.04,0.06,4.52
1.53,0.00,7.26
2.99,-0.55,13.85
0.92,-1.77,17.64
2.32,0.43,8.48
2.69,1.53,3.97
1.28,0.98,3.48
0.85,0.92,2.93
1.16,1.16,2.56
1.04,1.04,2.99
1.46,1.28,3.42
2.26,1.40,3.78
2.93,1.40,3.72
2.87,0.98,3.23
2.93,0.49,2.32
2.87,0.37,1.34
2.50,0.18,0.79
2.20,0.37,0.49
2.38,0.92,0.18
2.38,1.40,0.43
2.75,1.65,0.55
2.99,1.65,0.85
2.81,1.53,1.53
2.38,1.65,1.59
2.32,1.34,1.10
1.89,0.92,0.55
1.59,0.61,0.06
1.46,0.43,0.06
1.59,0.49,0.37
1.59,0.73,0.73
1.95,0.92,0.73
2.26,0.92,1.04
2.32,0.92,1.16
2.32,0.92,1.16
2.32,0.79,1.16
2.01,0.55,1.22
2.14,0.98,1.16
2.20,1.22,1.10
2.08,1.28,1.10
1.89,1.34,1.16
1.89,1.28,0.98
1.89,1.10,1.04
1.95,0.98,0.73
1.71,0.85,0.67
1.46,0.73,0.49
1.16,0.79,0.49
1.10,0.92,0.37
1.34,1.04,0.79
1.46,1.53,1.16
1.53,1.34,1.34
1.65,1.40,1.40
1.71,1.22,1.34
1.89,1.28,1.40
1.83,1.28,1.16
1.89,1.34,0.61
1.89,1.10,0.37
1.59,1.28,0.24
1.59,1.53,0.49
1.53,1.95,0.92
1.83,2.26,1.22
2.38,2.26,1.65
2.87,2.38,1.77
3.17,2.14,1.77
3.42,1.89,1.77
3.60,1.59,1.65
2.93,1.10,1.16
2.32,1.34,0.43
1.89,1.65,0.06
2.08,1.89,0.24
1.95,2.62,0.67
1.53,2.56,1.16
1.04,2.32,0.98
0.43,2.08,0.37
0.24,2.08,-0.06
0.79,2.14,-0.43
1.46,2.20,-0.43
1.95,2.44,0.12
1.95,2.50,0.73
1.77,2.50,0.92
1.65,2.14,0.85
1.89,1.77,0.31
2.01,1.40,0.12
2.20,1.34,0.73
2.38,1.28,1.16
2.26,1.34,1.28
2.26,1.22,1.28
2.69,1.40,1.53
2.81,1.59,1.83
2.81,1.40,2.08
2.69,1.34,2.32
2.62,1.40,2.20
2.38,1.40,1.77
2.08,1.22,1.28
1.95,1.22,0.98
2.01,1.10,1.22
1.95,1.10,1.22
1.95,1.28,0.92
2.01,1.34,0.43
2.08,1.46,0.37
2.14,1.34,0.37
2.08,1.16,0.43
1.77,0.92,0.24
1.59,0.73,0.43
1.77,0.79,0.61
1.95,1.04,0.73
2.01,1.10,1.04
2.01,1.22,1.28
1.83,1.10,1.59
1.71,1.10,1.83
1.77,1.04,1.65
1.71,0.85,1.28
1.53,0.73,1.10
1.53,0.92,1.16
1.59,1.28,1.22
1.59,1.16,1.28
1.53,1.22,1.28
1.65,1.10,1.28
1.71,1.04,1.53
















-,-,-
2.14,0.49,0.43
2.26,0.49,0.85
2.01,0.67,1.22
2.20,0.92,1.53
2.20,1.10,1.59
2.20,1.04,1.34
2.08,0.98,1.04
1.95,0.73,1.04
1.95,0.49,0.92
1.95,0.49,0.73
2.20,0.61,0.61
2.14,0.67,0.85
2.38,0.73,1.28
2.69,0.92,1.53
2.50,1.04,1.59
2.14,0.79,1.46
1.95,0.49,1.10
1.95,0.31,0.85
1.77,0.24,0.67
1.89,0.43,0.61
1.95,0.79,0.73
2.32,0.73,1.22
2.62,0.85,0.79
2.38,0.67,0.85
2.08,0.55,1.10
2.14,0.61,1.10
2.08,0.43,0.79
1.89,0.24,0.73
1.95,0.37,0.61
2.08,0.61,0.18
2.50,1.10,0.12
4.03,1.95,0.61
6.77,0.92,9.03
11.35,1.22,37.05
13.73,5.92,61.95
14.10,10.80,70.31
14.77,12.45,66.22
17.09,10.31,69.27
15.69,8.79,75.44
14.16,8.36,90.27
6.71,6.65,89.23
5.55,7.45,82.34
4.94,3.85,76.84
2.93,-1.65,66.96
8.00,-0.67,54.38
17.40,-1.40,49.68
10.19,-2.93,41.87
8.79,-2.99,37.11
5.68,-1.95,28.50
2.01,0.55,12.15
4.21,1.71,2.75
3.60,0.79,2.69
4.27,0.55,2.75
4.46,0.24,1.95
3.97,0.18,1.22
3.05,0.24,0.31
2.32,0.31,-0.55
1.83,0.49,-1.22
1.16,0.61,-1.46
0.98,0.92,-1.34
1.22,1.04,-0.67
1.46,1.16,-0.18
1.95,0.98,0.06
2.08,0.85,0.31
1.89,0.67,0.61
2.01,0.67,0.67
2.20,0.79,0.67
2.38,0.73,0.98
2.26,0.79,1.34
2.26,0.85,1.59
2.32,0.92,1.71
2.56,0.92,1.83
2.81,0.79,1.83
2.87,0.67,1.59
2.81,0.43,1.40
2.56,0.12,1.28
2.44,0.18,1.22
2.38,0.67,1.16
2.44,0.92,1.16
2.38,0.92,0.85
2.14,0.79,0.92
2.01,0.55,0.85
1.59,0.79,0.85
1.65,0.85,0.67
1.53,0.92,0.73
1.40,1.04,0.92
1.65,1.10,1.22
1.71,1.28,1.28
1.53,1.16,1.34
1.59,1.04,1.22
1.65,0.79,1.04
1.77,0.79,0.98
1.77,0.61,1.10
1.71,0.61,1.10
1.71,0.85,1.22
1.53,0.73,1.04
1.59,0.73,0.79
1.28,0.67,0.98
1.65,0.92,1.04
1.89,1.16,1.04
1.89,1.10,1.04
1.77,0.85,0.79
1.59,0.67,0.85
1.40,0.85,1.16
1.59,1.34,1.16
1.65,1.28,0.92
1.59,1.04,0.55
1.59,0.73,0.37
1.71,0.79,0.61
1.89,1.04,0.92
1.95,1.22,1.16
2.14,0.92,1.04
1.95,0.85,0.92
2.08,1.34,1.34
2.08,1.65,1.40
2.20,1.59,1.22
1.83,1.46,1.10
1.71,1.28,0.92
1.71,1.04,1.10
1.59,0.98,1.28
1.65,1.10,1.22
1.65,1.16,1.10
1.65,1.28,1.22
1.77,1.40,1.46
1.83,1.34,1.59
1.83,1.10,1.53
1.71,0.85,1.46
1.89,0.85,1.59
1.77,0.92,1.40
1.89,0.85,1.22
1.95,0.98,1.16
1.83,0.85,1.16
1.89,0.92,1.16
1.83,0.98,1.04
1.59,0.92,0.85
1.46,0.85,0.67
1.28,0.79,0.37
1.22,0.49,0.37
1.10,0.43,0.00
1.10,0.37,-0.18
1.34,0.55,0.18
1.46,0.98,0.31
1.53,1.22,0.49
1.46,1.28,0.92
1.77,1.46,1.04
1.77,1.22,1.04
1.71,0.92,0.98
1.59,0.79,0.98
1.59,0.85,1.04
1.40,0.55,1.22
1.34,0.67,1.10
1.65,0.98,1.10
1.71,1.10,1.28
1.65,1.40,1.53
1.53,1.53,1.59
1.40,1.22,1.59
1.28,0.85,1.22
1.16,0.61,1.10
1.16,0.67,1.22
1.46,0.92,1.28
1.65,1.10,1.46
1.59,0.98,1.53
1.71,1.10,1.22
1.53,0.92,0.92
1.34,0.98,0.79
1.04,0.98,1.04
1.16,1.16,0.98
1.34,1.28,0.73
1.59,1.34,0.92
1.83,1.77,1.16
1.89,1.59,1.40
1.71,1.34,1.40
1.53,0.98,1.28
1.28,0.67,1.16
1.10,0.79,0.98
1.10,1.10,0.79
0.98,1.34,0.73
1.16,1.65,0.92
1.34,2.08,1.40
1.59,2.08,1.77
















-,-,-
1.65,1.10,1.04
1.65,1.16,0.85
1.65,0.98,0.92
1.71,0.98,1.34
1.83,0.98,1.59
1.89,1.34,1.77
1.89,1.34,2.08
1.89,1.28,1.95
1.83,1.16,1.65
1.59,0.98,1.46
1.34,0.85,1.28
1.34,0.98,1.16
1.10,0.92,0.92
1.04,0.85,0.49
1.16,0.98,0.43
1.10,0.85,0.61
1.16,1.10,1.16
1.28,1.04,1.46
1.34,0.98,1.46
1.34,1.10,1.40
1.53,1.04,1.34
1.34,0.79,1.10
0.98,0.61,0.73
0.73,0.79,0.06
-0.55,0.79,-0.49
-2.32,1.04,-0.85
-1.95,1.10,-1.16
1.34,1.40,5.74
9.95,2.99,47.85
7.75,10.38,89.23
8.18,18.62,97.29
7.75,21.24,85.51
4.09,18.92,77.45
0.43,11.05,79.59
-0.67,7.93,79.10
-0.98,4.46,70.37
0.79,4.27,57.31
4.09,5.55,43.95
8.54,3.36,40.04
3.23,2.87,31.68
2.14,2.32,16.66
2.14,0.37,6.77
2.44,-0.67,6.10
3.30,-0.24,7.20
2.99,0.31,7.02
2.62,0.98,4.33
2.08,1.46,2.62
1.89,1.22,2.81
1.71,0.98,2.50
1.89,0.85,2.44
1.71,0.79,2.44
1.65,0.55,2.38
2.14,0.73,2.01
2.14,0.73,1.83
1.83,0.73,1.77
1.71,0.24,3.78
3.23,-1.34,16.66
0.79,0.06,28.99
-0.92,3.36,27.16
0.98,2.38,18.55
2.32,0.85,20.69
-0.79,-1.46,16.17
1.22,0.00,2.56
2.99,0.31,-1.04
2.75,0.12,0.24
3.66,0.24,0.37
3.72,0.06,0.31
2.75,0.06,0.31
2.01,0.37,-0.06
1.77,0.61,-0.24
1.34,0.92,-0.06
1.10,1.16,0.24
1.28,1.04,0.73
1.46,0.85,1.77
2.08,0.98,2.26
2.56,0.98,2.50
2.99,0.85,2.32
3.23,0.67,2.08
3.05,0.79,1.83
2.87,0.79,1.53
2.69,0.79,1.10
2.14,0.98,0.61
1.95,0.73,0.24
1.77,0.55,-0.06
1.95,0.43,0.00
2.01,0.43,0.00
2.14,0.73,-0.12
2.50,0.92,0.24
2.75,1.16,0.73
2.75,1.34,0.79
2.14,1.04,0.85
1.65,0.67,0.67
1.83,0.55,0.37
2.01,0.55,0.24
1.89,0.67,0.49
1.95,0.79,0.55
2.08,1.04,1.10
2.26,1.40,1.65
2.26,1.22,2.20
2.32,1.34,2.08
2.20,1.22,1.89
2.20,0.92,1.77
2.26,0.61,1.53
2.14,0.61,1.28
1.83,0.55,1.04
1.83,0.67,0.79
1.89,0.85,0.92
1.89,0.92,1.04
1.89,0.98,1.10
1.77,0.85,0.92
1.40,0.73,0.98
1.40,0.92,0.92
1.34,1.04,1.16
1.46,1.04,1.28
1.40,1.28,1.10
1.53,1.28,0.98
1.46,1.10,0.98
1.59,0.92,0.85
1.40,0.98,0.79
1.22,0.79,0.55
1.16,0.67,0.49
1.10,0.73,0.73
1.28,0.79,1.04
1.46,0.67,0.85
1.53,0.73,0.98
1.59,0.92,1.04
1.53,1.10,0.92
1.53,1.04,0.73
1.34,0.98,0.67
1.53,0.85,1.16
1.77,0.98,1.40
1.89,0.98,1.22
1.83,0.92,1.04
1.59,0.85,0.92
1.40,1.04,1.22
1.53,1.40,1.40
1.71,1.40,1.46
1.65,1.40,1.40
1.77,1.22,1.28
1.65,1.22,1.40
1.46,1.04,1.53
1.53,1.10,1.40
1.53,1.10,1.46
1.53,1.16,1.22
1.53,1.34,0.85
1.53,1.16,0.67
1.34,0.79,0.67
1.40,0.79,0.73
1.59,1.04,0.98
1.46,1.34,1.22
1.71,1.53,1.40
1.89,1.59,1.22
1.71,1.16,1.16
1.65,0.85,1.16
1.59,0.73,1.40
1.65,0.55,1.46
1.77,0.55,1.22
1.71,0.79,1.22
1.71,1.16,1.46
1.83,1.22,1.71
2.08,1.40,1.59
1.77,1.10,1.46
1.95,0.85,1.10
1.83,0.92,1.16
1.77,1.10,1.04
1.71,1.28,0.92
1.59,1.22,0.85
1.65,1.10,0.67
1.71,0.79,0.67
1.71,0.92,0.85
1.59,0.85,1.22
1.77,1.10,1.53
2.14,1.16,1.40
2.01,1.16,1.53
2.14,1.10,1.71
2.08,1.28,1.83
2.08,1.22,1.83
2.08,1.22,1.83
2.20,1.22,1.71
2.08,1.10,1.77
















-,-,-
1.71,-0.18,-0.49
2.14,0.18,0.18
2.81,0.31,1.04
2.81,0.49,2.20
2.93,0.92,3.17
3.60,1.46,3.85
4.09,1.71,4.39
4.15,1.89,4.94
4.27,1.59,5.25
4.15,1.10,5.25
3.91,0.61,5.00
3.30,0.06,4.58
2.69,-0.18,4.15
2.26,-0.18,3.66
1.83,0.06,3.30
1.53,0.61,2.69
1.10,0.98,1.89
0.79,1.22,1.04
0.06,1.22,0.49
-0.37,0.98,0.18
-0.31,0.73,-0.49
-0.85,0.49,-1.04
-1.53,0.18,-1.53
-1.53,0.06,-2.32
-1.53,-0.31,-3.11
-1.89,-0.43,-3.85
-1.83,-0.49,-4.15
-1.40,-0.24,-4.27
-0.79,0.55,-3.91
0.67,1.59,-3.17
0.85,1.53,1.16
5.43,0.55,21.67
7.51,2.26,54.69
9.46,9.22,69.21
9.03,12.57,64.76
10.31,13.92,54.50
9.28,8.61,53.28
9.34,7.63,51.82
10.80,3.72,54.93
7.63,1.83,48.46
14.95,1.71,45.10
10.13,-1.28,53.04
7.02,-2.75,36.68
8.06,-3.48,31.25
7.93,-0.06,31.25
6.41,-1.34,47.67
1.46,-0.24,41.81
5.07,0.49,35.34
4.58,0.79,34.36
3.36,1.16,29.91
3.17,-0.31,20.81
4.39,0.00,20.81
2.69,2.99,12.08
4.03,2.93,3.85
4.09,1.89,2.50
2.69,0.85,1.65
1.71,0.18,0.73
0.79,-0.18,0.31
0.61,0.00,0.43
0.24,0.49,0.79
0.43,0.92,0.85
1.04,1.34,1.10
1.71,1.59,1.28
2.56,1.83,1.16
3.05,1.71,1.22
3.11,1.10,1.10
3.30,0.49,0.85
2.69,-0.12,0.73
2.26,-0.18,0.92
2.50,-0.12,1.10
2.56,0.12,1.16
2.14,0.31,1.28
2.01,0.67,1.46
1.77,1.04,1.95
1.46,1.28,2.08
1.10,0.98,2.32
1.16,1.10,2.56
1.22,1.40,2.99
1.46,1.65,2.56
1.83,1.71,2.14
2.01,1.89,1.95
2.14,2.08,1.53
2.69,2.08,0.98
2.87,2.20,0.37
2.56,2.14,-0.49
2.08,2.01,-1.53
1.46,1.83,-2.20
1.28,1.71,-2.69
1.34,1.77,-3.17
1.46,1.83,-3.48
1.40,2.01,-3.54
1.22,1.83,-3.60
1.16,1.34,-3.54
1.16,1.04,-3.48
1.22,0.92,-3.42
1.10,0.85,-3.11
1.40,0.92,-2.69
1.53,1.04,-2.01
1.53,1.28,-1.16
1.65,1.46,-0.61
1.89,1.46,0.06
1.83,1.28,0.92
2.20,1.40,1.34
2.26,1.34,1.65
2.20,1.16,1.77
2.14,1.22,1.71
2.56,1.10,1.59
2.44,1.16,1.40
2.32,0.92,0.92
2.14,0.85,0.73
2.20,0.92,0.67
2.20,1.04,0.61
2.08,1.34,0.61
1.77,1.40,0.67
1.83,1.46,0.73
1.77,1.53,0.79
1.65,1.53,0.79
1.71,1.59,0.85
1.77,1.46,1.04
1.77,1.46,1.04
1.77,1.16,0.73
1.71,0.92,0.37
1.89,0.98,0.12
1.95,1.10,0.24
2.08,1.22,0.55
1.95,1.34,1.10
1.65,1.53,1.46
1.65,1.71,1.65
1.77,1.77,1.71
1.77,1.77,1.77
1.53,1.83,2.01
1.59,1.71,2.26
1.65,1.83,2.44
1.65,2.01,2.69
1.71,1.77,2.75
1.77,1.53,2.62
1.65,1.28,2.20
1.46,1.04,2.08
1.40,0.92,1.71
1.16,0.85,0.98
1.10,0.73,0.37
1.04,1.04,-0.12
1.10,1.22,-0.67
1.28,1.34,-0.67
1.34,1.59,-0.55
1.28,1.65,-0.24
1.53,1.46,0.00
1.34,1.28,0.24
1.28,1.28,0.49
1.40,1.10,0.61
1.59,0.98,1.04
1.77,1.16,1.22
1.95,1.22,1.40
2.20,1.22,1.40
2.38,1.16,1.71
2.08,1.16,1.95
1.89,1.10,2.32
1.83,1.16,2.14
1.59,1.22,2.32
1.28,1.40,2.38
1.10,1.59,2.20
1.04,1.83,2.26
1.22,1.83,2.14
1.46,1.89,1.83
1.65,1.71,2.01
1.71,1.77,2.14
1.83,1.59,2.14
1.95,1.28,2.01
1.95,0.85,1.83
2.08,0.55,1.46
1.89,0.37,0.92
1.89,0.12,0.49
2.14,0.55,0.37
2.32,0.92,0.37
2.44,0.98,0.55
2.75,1.22,0.61
2.87,1.16,0.43
2.81,0.61,0.24
2.69,0.43,-0.06
2.26,0.55,-0.61
















-,-,-
2.26,1.65,0.92
1.89,1.28,0.79
2.26,1.46,0.49
2.38,1.40,0.49
2.38,1.22,0.55
2.56,1.28,0.73
2.93,1.16,0.67
2.56,0.85,1.04
1.95,0.43,1.46
1.71,0.61,1.95
1.40,0.79,2.32
1.16,1.04,2.26
1.16,1.16,2.20
0.98,1.04,2.01
0.98,0.92,1.59
0.92,0.98,1.40
1.53,1.16,1.59
1.65,1.46,1.83
1.77,1.71,2.01
2.08,1.65,2.08
1.83,1.65,2.26
1.71,1.28,2.20
2.14,1.10,1.89
2.69,0.98,1.65
2.56,0.92,1.59
2.14,0.85,1.71
2.14,0.61,1.53
2.08,0.55,1.46
2.56,0.98,1.46
2.87,1.16,1.53
3.05,1.40,1.53
3.48,1.83,1.46
3.78,2.81,1.89
3.97,3.91,1.77
4.46,4.76,2.50
5.00,5.55,3.48
5.80,5.43,3.54
5.62,4.64,3.66
6.35,3.97,4.94
9.40,3.23,13.61
12.88,5.49,42.24
10.13,4.27,57.92
13.85,4.70,48.03
15.87,9.52,35.58
11.60,4.39,31.92
11.11,4.58,33.57
13.73,4.15,37.35
14.10,2.32,44.31
13.18,2.87,34.85
17.40,2.44,21.55
16.36,-0.12,28.20
14.22,-0.49,35.77
15.87,-1.22,43.95
12.39,1.46,40.28
14.95,1.89,34.48
9.70,-1.40,38.70
7.57,1.10,30.15
9.89,-0.67,26.55
4.76,-1.59,31.74
8.06,-4.64,42.85
3.05,-6.41,40.28
9.03,-0.92,31.62
9.95,0.43,35.83
5.92,-2.50,34.67
1.95,-7.26,24.90
1.46,-6.41,26.31
0.67,-6.10,30.82
-1.89,-6.65,26.37
-1.40,-5.62,21.85
-2.26,-2.50,17.40
0.18,0.61,20.20
-2.01,-2.62,27.16
0.18,-2.08,19.65
-0.37,-3.05,15.20
-0.37,-2.93,9.89
-0.92,-2.87,8.67
-0.49,-1.16,5.07
-0.18,0.24,3.42
0.24,0.98,2.99
0.06,0.98,2.93
0.00,1.28,2.75
0.24,1.10,2.26
0.31,1.22,1.65
0.24,0.85,0.92
0.18,0.73,0.37
0.24,0.79,-0.37
0.24,0.79,-0.67
0.43,1.04,-0.98
0.85,1.34,-1.04
0.92,1.83,-0.49
1.28,2.14,0.12
1.34,1.89,0.12
1.46,1.71,0.06
1.77,1.53,0.24
1.77,1.34,0.43
1.89,1.22,0.37
2.08,1.04,0.37
2.14,1.04,0.06
2.32,0.85,-0.18
2.01,0.85,-0.06
1.71,0.92,0.31
1.71,1.10,0.31
1.71,1.28,0.24
1.65,1.34,0.31
1.53,1.59,0.55
1.46,1.83,1.04
1.46,2.01,1.22
1.40,1.71,1.34
1.40,1.28,1.16
1.22,1.16,1.04
1.46,1.10,1.04
1.46,1.10,1.16
1.53,1.34,1.40
1.83,1.46,1.59
2.08,1.46,1.59
2.08,1.77,1.40
2.08,1.71,1.28
2.26,1.16,1.10
2.14,0.85,0.73
1.95,0.61,0.43
1.77,0.49,0.12
1.77,0.49,0.06
1.83,0.49,0.24
1.95,0.61,0.37
1.77,1.04,0.92
1.65,1.53,1.59
1.59,1.95,1.89
1.59,2.08,1.95
1.46,1.95,1.83
1.46,1.59,1.46
1.83,1.04,0.98
1.65,0.67,0.67
1.34,0.12,0.31
1.28,0.24,0.12
1.40,0.55,0.12
1.71,0.92,0.24
1.77,1.28,0.37
1.59,1.46,0.85
1.89,1.53,1.04
2.14,1.53,1.10
1.95,1.40,1.04
2.08,0.92,0.98
2.14,0.49,0.73
2.08,0.43,0.61
1.89,0.55,0.85
2.14,0.55,0.79
2.38,0.61,0.61
2.14,0.73,1.10
1.95,1.10,1.77
2.20,1.40,2.14
2.20,1.71,2.44
2.26,1.71,2.38
2.38,1.46,1.95
1.95,1.10,1.77
1.65,0.85,1.59
1.71,0.92,1.16
1.83,1.16,0.61
2.08,1.28,0.31
2.01,1.40,0.73
1.77,1.65,1.34
1.83,1.83,1.53
1.77,1.83,1.71
1.65,1.53,1.59
1.46,1.40,1.40
1.16,1.16,1.34
1.53,1.04,1.22
1.77,1.22,0.79
2.08,1.28,0.43
1.83,1.34,0.43
1.77,1.28,0.67
1.53,1.16,0.98
1.71,1.04,1.22
1.83,1.16,1.04
1.71,1.10,0.98
1.83,1.04,1.28
2.01,1.10,1.53
2.08,1.16,1.83
2.08,1.28,2.08
1.95,1.16,2.08
1.89,0.98,1.95
















-,-,-
1.53,1.22,-0.31
1.71,1.95,0.06
1.83,2.44,0.31
1.89,2.50,0.61
1.95,2.20,0.79
1.77,1.65,0.85
1.83,1.22,1.04
1.71,0.92,1.53
1.77,0.61,1.89
1.95,0.37,2.01
1.95,0.12,2.01
2.14,-0.24,1.83
2.08,-0.37,1.65
1.95,-0.37,1.40
2.26,-0.31,1.22
2.44,0.24,1.16
2.38,0.55,1.65
2.56,1.04,1.89
2.87,1.65,2.01
2.81,2.32,2.44
3.17,2.75,2.69
3.05,2.75,2.50
2.93,2.38,2.14
2.56,1.89,1.53
2.62,1.65,1.16
2.50,1.40,0.79
2.50,1.53,0.31
2.69,1.77,-0.24
2.93,1.89,-0.79
3.30,2.20,-1.28
2.93,2.56,-1.59
3.11,2.93,-1.46
3.17,3.23,-1.22
3.78,3.97,-0.49
4.39,4.52,0.06
4.64,3.78,0.55
5.86,2.62,3.42
8.24,-0.12,11.96
12.45,-3.66,28.02
11.54,-3.48,36.44
12.63,-3.42,29.05
13.73,-3.17,23.56
11.78,-4.94,20.57
12.94,-6.71,25.09
17.21,-2.20,28.75
21.36,1.40,38.94
22.09,1.34,38.27
26.06,-0.85,37.96
28.93,4.21,38.15
33.26,5.37,49.38
28.99,4.09,49.26
26.73,3.30,34.42
27.77,5.49,32.59
25.02,0.37,48.77
20.63,1.83,47.73
26.37,0.92,39.49
26.43,1.28,44.01
21.73,4.27,41.44
23.01,1.34,40.59
19.84,-0.06,45.41
17.52,5.31,34.12
15.75,2.38,26.73
10.62,2.26,20.75
9.16,2.26,22.95
9.58,2.38,26.37
13.24,-1.83,45.35
10.38,0.18,42.18
13.12,2.62,32.90
12.21,3.60,39.12
10.68,-1.16,52.19
7.20,-1.53,44.49
5.25,0.92,19.78
4.70,1.83,6.53
3.60,0.00,13.31
4.70,-3.30,29.11
9.95,-0.67,40.47
9.46,0.98,44.43
7.75,0.98,34.85
6.71,2.50,36.01
5.31,2.08,44.92
2.62,1.53,34.42
3.36,-0.31,28.44
2.75,1.53,22.28
3.60,0.85,18.80
3.66,0.12,16.36
3.36,0.61,13.67
3.60,1.77,8.42
2.50,2.44,5.55
0.92,2.56,3.85
0.24,2.32,3.05
-0.37,2.26,2.75
-0.61,2.44,2.32
-0.18,2.32,2.38
0.61,2.50,2.38
1.28,2.62,2.75
1.28,2.75,3.11
1.59,2.87,3.30
1.65,2.69,3.17
1.40,2.56,3.05
1.40,2.69,2.50
1.40,2.62,2.14
1.46,2.44,2.01
1.46,2.08,1.95
1.59,2.14,1.46
1.46,1.95,1.16
1.34,2.08,1.28
1.89,2.26,1.46
2.32,2.50,1.77
2.32,2.75,2.32
2.44,2.93,2.38
2.87,2.81,2.44
2.87,2.75,2.08
2.99,2.50,1.34
3.05,2.26,1.04
2.81,1.89,0.85
2.50,1.77,0.49
1.95,1.46,0.43
1.83,1.34,0.67
1.59,1.34,1.10
1.71,1.46,1.40
1.77,1.22,1.46
1.89,1.22,1.40
1.89,1.22,1.22
1.83,1.34,0.85
1.71,1.40,0.43
1.71,1.77,0.12
1.83,1.65,0.49
1.89,1.59,0.61
1.65,1.28,0.79
1.59,1.22,1.22
1.59,1.28,2.08
1.34,1.40,2.50
1.34,1.65,2.62
1.22,1.53,2.50
1.28,1.46,1.83
1.22,1.10,1.22
1.22,0.79,0.43
1.16,0.61,-0.31
0.92,0.49,-0.67
0.73,0.43,-0.92
0.92,0.31,-1.04
0.85,0.49,-0.85
0.73,0.73,-0.43
0.79,0.92,0.31
1.04,1.10,1.22
0.98,1.46,2.38
1.46,2.20,3.11
1.83,2.44,3.54
1.83,2.62,3.66
1.65,2.38,3.54
1.59,2.01,3.05
1.46,1.65,2.01
1.53,1.40,0.92
1.28,0.85,0.00
1.28,0.49,-0.55
1.46,0.37,-0.67
1.22,0.67,-0.61
1.04,0.98,-0.67
1.04,1.04,-0.67
1.34,1.34,-0.37
1.65,1.83,0.18
1.77,2.20,0.98
1.71,2.26,1.65
1.83,2.14,2.14
1.89,1.89,2.32
1.71,1.71,2.56
1.65,1.46,2.75
1.40,1.34,2.62
1.22,1.40,2.56
0.85,1.34,2.38
0.79,1.40,2.20
0.98,1.65,2.01
1.53,1.83,1.95
1.34,1.83,1.77
1.28,1.83,1.77
1.40,1.77,1.71
1.53,1.83,1.65
1.46,1.83,2.08
1.46,2.08,2.50
1.46,2.20,2.75
