
-,-,-
1.95,0.00,-0.49
1.83,-0.24,0.06
2.01,-0.55,0.43
2.87,-1.04,0.37
4.82,-1.77,0.43
6.77,-2.38,0.31
7.26,-2.38,-0.31
6.90,-1.83,-1.34
6.23,-0.61,-2.38
4.70,0.06,-3.17
3.60,0.67,-3.30
2.38,0.79,-3.23
2.14,0.37,-2.44
2.01,0.24,-1.71
2.38,0.12,-0.92
1.89,-0.24,-0.06
2.20,-0.55,0.67
2.69,-0.79,0.92
2.62,-0.79,0.67
2.14,-0.61,0.24
2.01,-0.24,-0.43
1.40,0.61,-0.79
0.61,0.98,-1.16
0.67,1.04,-0.79
2.62,0.79,0.18
8.18,0.37,1.59
18.01,-0.73,2.56
28.44,-1.83,0.18
44.19,0.31,-10.93
66.10,2.62,-19.90
77.58,8.73,-30.15
92.53,18.37,-47.42
110.60,36.93,-68.24
131.04,58.78,-89.36
143.55,79.53,-103.70
152.34,103.94,-115.54
143.31,127.44,-117.07
142.82,138.43,-123.96
134.64,129.33,-113.65
113.34,123.78,-98.39
99.91,98.33,-71.35
94.85,57.19,-40.22
88.20,38.76,-23.32
86.67,30.64,-27.28
91.86,15.81,-34.24
77.33,19.10,-22.95
63.60,23.62,-22.46
51.57,21.61,-22.28
38.02,20.57,-22.83
23.86,8.00,-12.21
3.05,3.05,-1.83
-16.42,10.62,-6.41
-32.23,21.61,-15.08
-47.67,27.47,-20.87
-57.37,28.63,-23.19
-57.13,25.70,-21.06
-46.88,18.74,-14.53
-32.29,8.18,-3.97
-21.00,-3.66,8.48
-8.36,-15.38,19.90
2.81,-25.51,27.71
6.59,-31.80,33.51
6.77,-34.85,35.64
2.75,-35.52,35.34
-3.42,-34.30,34.42
-7.32,-31.92,32.10
-10.07,-28.63,29.97
-13.67,-24.41,28.44
-17.52,-20.32,25.82
-20.75,-16.54,22.34
-22.89,-12.39,18.68
-27.89,-9.22,16.24
-28.99,-8.42,15.08
-23.56,-8.30,14.89
-17.46,-7.45,14.47
-12.45,-7.20,13.24
-8.97,-3.30,10.44
-6.29,-0.12,7.75
-4.21,-0.55,4.70
-1.16,-12.15,-1.40
13.37,-46.20,-11.41
20.51,-59.27,-19.17
0.85,-17.03,-10.13
-6.90,-17.03,-5.62
9.22,-47.79,-17.40
2.20,-38.57,-10.01
4.03,-39.06,-4.94
5.19,-38.21,-4.52
9.34,-50.11,-8.54
3.36,-39.55,-2.14
-3.17,-25.63,8.73
-5.00,-45.59,1.40
9.40,-73.85,-15.50
-3.30,-54.14,-2.32
-13.12,-31.25,-1.59
-5.43,-51.45,-14.95
6.71,-61.16,-27.65
-4.76,-41.69,-12.63
-7.93,-34.18,-7.87
-7.69,-34.85,-11.35
-6.47,-35.22,-16.24
-10.62,-31.92,-9.70
-9.16,-46.33,-8.97
-6.71,-47.97,-8.42
-11.35,-29.24,3.05
-4.09,-41.50,-2.20
5.43,-52.31,-10.38
-3.66,-36.19,-0.49
-5.68,-31.25,-1.53
-11.78,-26.43,0.24
-15.69,-38.88,-10.19
-9.34,-61.46,-23.86
-22.89,-24.35,-3.30
-28.02,-19.59,-1.40
-10.01,-37.48,-14.34
-10.44,-27.83,-4.33
-12.94,-15.08,2.69
-6.65,-17.09,-1.83
-4.03,-30.09,-10.01
-9.77,-7.75,1.53
-16.30,-2.38,12.63
-11.54,-26.25,-3.23
-5.00,-36.87,-13.67
-10.74,-28.63,-5.13
0.49,-45.04,-13.73
-7.45,-13.24,-4.94
-13.37,-6.35,1.16
0.43,-41.32,-24.11
-0.98,-46.75,-26.49
-4.52,-25.51,-13.00
-8.30,-7.32,-2.56
-4.94,-17.82,-7.51
-3.11,-25.27,-10.01
-3.60,-12.94,-3.11
-0.61,-8.61,1.10
0.98,-8.67,1.71
2.14,-8.79,2.50
4.15,-8.30,3.11
4.70,-8.12,3.05
5.07,-8.00,2.81
5.74,-8.06,2.87
6.04,-8.06,3.11
6.04,-7.81,3.91
6.35,-7.45,5.07
7.14,-6.77,7.08
6.29,-5.00,10.50
3.23,-3.17,12.57
0.49,-1.53,13.85
-2.69,0.49,14.40
-4.03,1.04,13.61
-4.64,-0.31,12.88
-3.91,-2.26,12.39
-2.20,-4.21,12.27
0.18,-6.16,11.90
1.65,-7.39,12.27
1.77,-7.81,13.43
-0.49,-6.84,16.60
-2.87,-3.60,18.80
-4.58,-0.92,16.24
-3.05,0.31,10.93
-2.08,0.79,5.55
0.49,0.73,-0.61
2.32,1.95,-5.68
2.38,3.78,-9.95
0.06,5.92,-13.18
-1.71,6.90,-16.11
-4.76,-5.92,-26.79
-1.53,-41.14,-56.09
1.53,-68.54,-77.64
-7.81,-39.12,-63.60
-9.09,-13.55,-45.59
4.15,-19.23,-46.75
11.35,-28.14,-47.67
6.35,-16.42,-33.39
















-,-,-
-0.61,0.92,-5.19
-0.06,1.34,-4.76
0.06,1.40,-4.33
0.06,0.73,-3.66
0.31,0.55,-2.99
0.49,0.24,-2.08
0.79,-0.24,-1.04
1.53,-0.73,0.12
2.32,-1.22,1.04
2.75,-1.59,1.71
3.36,-1.65,1.71
3.72,-1.34,1.16
3.72,-1.46,0.43
3.05,-1.22,-0.18
2.81,-0.98,-0.79
2.14,-0.55,-1.22
1.28,-0.49,-1.10
1.40,-0.73,-0.31
1.95,-1.10,0.61
2.56,-1.22,1.59
3.78,-0.85,1.77
3.78,-0.79,1.28
3.66,-0.85,0.85
4.15,-1.16,0.31
6.16,-2.01,0.06
12.08,-3.30,0.61
19.53,-4.76,0.43
31.62,-6.29,-1.28
45.47,-8.12,-0.98
53.04,-10.56,-7.45
65.06,-9.58,-16.36
77.88,-4.64,-25.76
84.29,-3.66,-37.78
99.30,3.30,-56.15
106.99,11.66,-57.98
101.75,21.97,-73.43
101.68,26.86,-81.73
112.61,27.40,-82.34
114.99,34.18,-85.08
122.74,31.80,-74.28
114.38,33.87,-59.45
108.40,29.97,-45.23
107.30,17.88,-24.66
102.84,12.08,-14.53
97.47,14.59,-9.77
98.69,11.78,-8.36
97.41,6.77,-13.61
87.77,16.91,-25.27
78.67,23.44,-36.32
70.50,21.73,-36.01
59.57,18.19,-33.94
52.31,13.18,-26.43
51.88,0.18,-7.57
45.78,-6.96,14.77
36.01,-10.99,23.07
22.89,-10.31,20.26
15.87,-8.12,16.85
6.23,-6.53,12.51
-3.72,-4.46,8.24
-11.90,-2.38,5.80
-14.40,-1.71,5.31
-16.11,-2.26,6.53
-16.48,-2.62,9.83
-10.74,-2.50,14.71
0.06,-3.36,21.24
9.52,-4.58,27.53
13.98,-5.92,31.98
15.44,-7.63,33.87
16.72,-8.54,33.45
16.97,-8.61,31.43
11.72,-7.87,27.53
6.16,-7.75,22.34
0.79,-7.81,16.78
-5.43,-5.80,11.11
-12.27,-2.08,5.19
-16.48,-1.22,0.24
-19.35,-8.30,-3.72
-15.50,-14.16,-5.31
-24.66,-3.48,-5.80
-20.51,-13.18,-5.00
-10.56,-21.30,-1.46
-4.88,-19.29,3.66
5.92,-34.42,9.34
-5.31,-17.58,9.46
5.19,-40.59,8.06
15.99,-66.16,11.84
24.54,-71.66,14.95
10.01,-42.91,19.47
9.58,-49.26,20.39
25.15,-65.92,20.81
13.67,-44.31,25.70
13.12,-55.18,22.03
17.33,-52.73,21.42
4.64,-37.35,19.96
7.93,-49.56,14.04
21.06,-64.39,11.84
6.96,-28.63,14.22
-4.70,-13.61,14.95
1.71,-29.42,10.62
8.36,-34.61,4.94
4.46,-24.90,8.54
-0.73,-12.21,6.84
-2.99,-4.39,4.76
3.97,-18.37,2.93
9.89,-29.36,1.65
7.57,-19.47,2.26
1.34,-11.54,2.01
2.81,-4.64,-4.09
-2.87,-4.88,-4.70
9.58,-22.40,-10.74
7.75,-16.24,-6.35
0.73,-3.05,-1.65
4.21,-7.81,-1.28
3.30,-9.22,-4.21
8.18,-18.80,-3.60
6.90,-14.34,-4.58
4.64,-7.32,-3.66
9.83,-21.85,-6.16
18.07,-34.85,-5.19
1.40,-4.88,-2.69
-2.62,-2.44,-5.25
20.69,-38.88,-9.40
6.41,-9.58,-1.83
-0.73,-12.33,-1.65
20.20,-38.64,-11.11
10.13,-12.70,-6.59
2.93,0.92,-6.04
22.89,-33.14,-11.90
16.11,-17.46,-10.74
10.19,0.49,-4.58
7.75,15.63,-3.11
12.63,2.14,-3.78
16.91,-16.48,-6.35
8.36,-0.18,-4.03
6.23,-3.36,0.18
12.21,-18.92,-4.88
7.63,-10.13,-2.93
1.16,8.42,-2.44
11.11,-10.07,-4.94
8.54,-8.06,-6.96
3.85,-0.55,-4.39
7.32,-8.97,-3.42
5.68,-13.24,-2.32
-2.62,1.77,0.61
1.89,-5.31,-0.12
9.58,-15.50,-0.37
3.11,-3.17,4.76
10.13,-12.82,4.33
13.61,-9.89,3.54
8.61,-1.22,4.88
13.98,-11.54,0.73
14.40,-6.10,-0.18
11.11,5.49,3.54
13.37,5.98,4.15
10.50,5.49,3.78
9.22,3.91,2.56
8.85,3.11,1.71
7.45,3.54,1.28
5.19,3.23,0.98
4.27,2.08,0.73
3.78,0.18,0.98
3.72,-2.01,1.53
4.21,-3.91,2.56
4.39,-4.76,3.66
3.54,-5.37,4.33
2.75,-5.62,4.39
2.38,-5.62,4.46
2.01,-5.19,4.21
2.08,-4.39,4.52
2.99,-3.66,4.94
3.48,-3.60,5.74
3.85,-3.54,6.53
3.91,-3.36,7.39
3.66,-3.36,8.06
















-,-,-
2.08,-0.92,-0.49
2.44,-0.67,-0.49
2.32,-0.61,-0.79
1.95,-0.79,-0.85
1.83,-0.98,-1.16
1.71,-1.04,-1.28
1.71,-1.10,-1.28
2.14,-1.34,-1.28
2.26,-1.59,-0.92
2.50,-1.59,-0.43
2.99,-1.65,0.24
2.99,-1.59,0.67
2.81,-1.65,0.85
3.17,-1.46,0.73
3.36,-1.34,0.67
2.99,-1.22,0.31
2.32,-0.92,0.00
2.20,-1.04,-0.18
2.87,-0.98,0.00
3.54,-0.98,0.06
3.78,-1.16,-0.06
5.31,-1.77,-0.06
8.91,-2.62,-0.43
12.94,-3.66,-1.04
17.64,-4.58,-1.83
19.59,-3.85,-1.89
19.41,-1.65,-2.87
24.54,-0.49,-6.41
33.02,0.61,-14.47
49.26,1.40,-26.55
70.13,3.66,-38.88
86.00,1.65,-41.93
101.68,0.00,-49.99
110.11,-0.31,-50.17
110.96,1.71,-46.94
104.19,12.33,-59.39
103.88,10.68,-57.86
105.53,8.06,-45.78
109.86,4.70,-44.49
111.45,8.91,-44.37
120.79,8.91,-41.99
115.11,21.00,-53.96
106.20,35.77,-70.86
95.52,49.44,-82.09
89.11,58.65,-80.57
73.30,66.65,-81.18
72.69,58.35,-72.33
68.24,48.83,-60.67
67.93,30.21,-53.34
68.85,20.02,-42.48
61.04,12.88,-27.83
62.74,5.19,-18.86
63.84,-3.48,-13.24
60.06,-2.75,-9.28
57.31,2.93,-14.65
46.75,1.95,-10.74
37.35,0.12,-10.38
24.60,5.31,-13.37
13.79,5.19,-10.31
0.37,6.53,-9.09
-11.11,10.44,-16.36
-24.60,12.27,-21.18
-39.43,13.67,-23.74
-51.45,14.95,-23.99
-65.12,16.54,-20.45
-71.41,18.80,-13.18
-74.71,18.31,-3.91
-72.20,15.08,5.86
-62.99,8.91,14.16
-47.91,-7.45,21.67
-19.23,-32.04,26.86
-15.32,-42.05,27.65
-16.17,-49.93,24.96
-20.14,-54.81,26.06
-17.33,-72.94,25.15
-16.05,-85.69,25.94
-26.61,-64.88,25.02
-36.01,-56.34,27.22
-12.45,-81.12,26.67
8.00,-106.32,20.08
-3.48,-95.64,17.76
7.08,-112.92,16.72
15.99,-120.85,11.96
12.33,-116.58,9.64
6.47,-114.20,5.49
8.12,-111.27,-4.09
13.61,-118.65,-6.04
14.89,-112.43,-6.77
-3.78,-84.29,-3.17
-3.85,-91.98,-1.89
1.71,-104.31,-6.23
-6.90,-89.29,-5.49
-21.00,-64.09,0.85
-15.63,-69.15,-2.20
-3.11,-77.27,-11.05
-13.31,-44.56,-5.49
-22.77,-29.30,-0.18
-13.49,-59.02,-14.65
-12.27,-44.01,-19.71
-33.51,-37.54,-12.63
-29.60,-53.83,-19.65
-26.12,-50.42,-24.41
-39.06,-31.13,-15.08
-33.63,-50.96,-20.51
-15.01,-79.35,-31.62
-23.19,-64.27,-26.61
-32.53,-36.62,-13.18
-21.91,-40.77,-16.24
-11.11,-52.19,-19.29
-11.78,-58.78,-17.58
-10.44,-52.19,-16.78
-11.29,-44.92,-18.74
-11.41,-43.95,-21.24
-12.45,-40.65,-22.40
-18.55,-32.04,-20.02
-18.62,-26.79,-16.11
-16.30,-18.43,-13.43
-11.78,-11.54,-8.48
-6.29,-23.25,-6.90
-1.04,-23.99,-8.73
-0.79,-7.75,-2.87
3.97,-1.77,2.69
7.57,-3.05,5.19
4.88,-3.72,7.08
3.42,-2.38,7.75
3.11,-1.22,7.63
2.38,-0.73,6.96
2.20,-0.55,6.04
2.56,0.18,5.49
2.44,1.59,5.31
2.69,2.38,5.13
2.62,2.56,5.43
1.89,3.36,6.65
0.85,5.98,7.63
0.55,8.79,7.57
0.55,11.90,7.02
-1.16,14.71,6.29
-4.21,16.30,5.31
-8.48,17.03,4.76
-12.82,19.17,6.04
-14.65,22.09,9.34
-15.44,23.07,14.40
-16.66,26.18,21.67
-17.15,39.92,33.14
-18.25,58.59,46.75
-17.33,67.81,60.49
-15.56,62.13,77.51
-13.00,43.64,97.66
-8.54,27.34,120.12
-6.90,24.96,139.04
-4.27,25.15,151.98
-1.40,23.86,159.30
4.46,26.31,158.08
8.73,28.63,146.85
9.46,33.20,142.15
8.42,40.47,135.62
5.80,43.27,128.91
5.13,44.56,122.92
6.41,41.56,112.85
7.45,35.64,100.10
7.08,31.31,86.61
7.51,29.24,70.25
7.45,31.13,52.19
6.23,37.60,36.32
4.58,46.20,21.85
2.99,54.63,8.61
0.67,59.08,-2.08
-0.98,60.24,-7.20
-2.20,59.33,-7.26
-4.03,56.40,-3.78
-5.68,52.61,3.72
-4.70,48.52,12.45
0.00,44.98,18.80
7.02,42.42,21.30
















-,-,-
21.91,-7.39,3.54
14.16,-6.04,4.09
9.16,-3.97,2.01
5.80,-2.01,0.49
7.02,-1.22,-0.85
13.12,-1.34,-3.11
20.81,-1.53,-3.91
22.64,-1.16,-4.82
22.22,0.18,-6.35
18.01,1.95,-8.24
14.47,3.36,-8.24
9.77,4.33,-7.81
5.49,3.54,-6.23
1.65,2.38,-4.03
-0.43,1.77,-2.14
-2.01,1.04,0.00
-3.85,0.61,1.77
-6.41,0.61,3.36
-5.55,-0.18,4.88
-2.56,-1.83,6.53
1.71,-3.78,8.48
7.57,-5.31,9.95
13.18,-6.35,9.89
18.49,-7.63,8.18
21.55,-7.14,0.92
26.49,-5.00,-8.12
30.40,-6.16,-5.92
27.10,-4.64,-11.47
30.21,2.20,-18.37
32.71,7.75,-19.29
39.61,13.31,-25.82
46.88,9.83,-26.49
50.35,12.51,-30.33
54.81,17.40,-31.13
54.93,19.17,-30.27
59.33,21.30,-39.86
61.40,30.03,-46.02
61.10,25.15,-35.22
56.40,27.22,-33.75
51.45,28.99,-26.49
48.16,25.33,-18.13
48.52,14.77,-15.26
51.88,6.90,-8.61
46.02,5.92,-7.39
43.88,-0.43,-2.14
38.88,-4.70,-2.08
39.00,-5.19,-0.61
33.94,-5.25,2.38
24.54,-2.01,-3.60
25.76,6.23,-16.48
26.18,1.40,-7.02
18.19,-3.42,1.83
12.02,-1.53,0.55
8.30,-0.43,0.37
6.04,0.85,-2.75
0.67,3.36,-5.92
-4.39,5.43,-8.00
-6.84,6.71,-9.22
-6.96,7.14,-8.06
-6.59,6.47,-6.16
-5.92,5.43,-3.85
-4.15,3.78,-0.73
-1.46,2.01,2.38
1.10,-0.31,5.19
4.94,-2.32,7.93
8.91,-3.97,9.70
11.66,-5.25,10.62
11.96,-5.43,10.62
10.07,-4.46,9.52
6.41,-1.89,7.20
0.12,1.77,3.91
-8.48,5.92,-0.12
-20.20,11.05,-3.72
-32.90,16.36,-5.80
-48.03,21.79,-6.65
-61.77,27.10,-6.77
-66.47,30.40,-6.29
-60.97,29.79,-4.88
-51.09,25.63,-2.44
-42.91,18.86,-1.10
-29.54,-5.68,-7.32
4.27,-27.28,-11.90
0.37,-17.82,-6.59
3.17,-28.26,-3.23
-2.26,-34.06,2.81
-8.54,-25.51,9.03
-10.86,-26.67,7.45
8.73,-54.69,3.42
18.01,-66.71,6.71
4.82,-46.75,8.97
3.85,-44.74,8.97
20.81,-61.83,12.15
19.84,-52.73,7.57
14.95,-41.99,8.91
8.06,-25.76,14.53
3.78,-21.24,11.54
21.18,-45.90,4.03
11.11,-33.08,0.00
4.94,-23.13,-0.43
-3.72,-12.88,0.85
9.77,-33.87,-4.15
10.99,-31.56,-5.80
-5.98,-12.02,-3.54
-3.23,-17.88,-3.11
3.60,-24.17,-5.92
-1.46,-26.37,-5.68
1.65,-26.55,-8.48
2.14,-26.61,-7.69
-5.80,-11.41,-7.51
-5.37,-14.34,-7.93
2.50,-21.36,-10.74
4.52,-16.17,-9.64
1.28,-15.32,-5.37
10.68,-21.00,-2.99
6.04,-10.74,-0.24
-7.20,14.28,5.31
-2.93,2.81,2.44
27.47,-36.68,-11.78
-12.51,8.24,3.66
-3.30,-16.30,0.37
16.30,-40.95,-9.16
7.69,-37.35,-6.04
3.36,-29.85,-5.31
-1.89,-15.26,-2.99
-2.20,-15.63,-3.42
0.31,-19.53,-11.23
11.96,-35.64,-14.10
-0.98,-20.69,-7.02
5.80,-35.58,-12.02
21.61,-43.64,-20.94
-6.29,-3.91,-5.49
5.37,-29.91,-12.57
29.30,-53.77,-20.20
4.82,-25.82,-10.07
-0.85,-13.12,-6.96
4.64,-12.39,-5.68
12.27,-18.01,-8.54
3.60,-4.15,-6.47
2.20,-0.61,-3.60
3.23,1.83,0.00
1.65,0.55,2.50
1.28,0.43,4.33
-0.12,1.34,6.29
0.85,-3.42,5.31
2.87,-11.54,1.28
11.11,-31.80,-7.69
18.80,-35.71,-10.01
-0.61,-10.80,0.43
-0.37,-7.32,1.77
6.23,-13.55,-2.87
10.31,-25.57,-6.77
9.89,-22.95,-5.92
0.73,-5.86,-2.99
1.77,0.12,-2.20
6.41,-1.28,-3.48
7.51,-2.69,-4.33
8.73,-3.23,-4.39
9.34,-2.56,-3.54
7.45,-0.73,-2.62
5.25,-0.73,-3.05
3.78,-1.83,-3.48
2.20,-2.81,-3.36
1.71,-3.42,-3.05
1.89,-4.33,-2.75
3.30,-5.37,-1.65
4.27,-5.80,0.12
4.70,-5.19,1.65
5.00,-4.94,2.38
5.55,-5.37,2.87
5.92,-5.98,3.30
6.41,-7.14,3.91
6.71,-7.75,5.19
7.81,-8.06,6.35
8.73,-8.73,7.08
















-,-,-
0.55,0.24,-1.95
1.16,0.18,-1.46
1.16,-0.06,-1.22
1.28,-0.43,-1.10
1.04,-0.55,-1.40
0.79,-0.55,-1.59
0.67,-0.61,-1.59
1.16,-0.43,-1.77
1.16,-0.12,-1.59
1.34,0.00,-1.65
0.98,-0.06,-1.65
2.14,-0.31,-1.34
3.30,-0.67,-1.16
3.60,-0.92,-0.79
3.48,-1.34,-0.37
3.48,-1.59,0.06
3.48,-1.71,0.24
2.99,-1.46,0.31
2.69,-1.04,0.06
2.75,-0.61,-0.43
2.26,-0.31,-0.79
1.77,-0.12,-1.40
1.65,0.12,-1.71
2.32,0.24,-1.83
3.91,0.85,-2.01
7.87,0.98,-1.71
13.61,0.00,-1.46
19.84,-0.61,-4.33
31.13,0.49,-14.71
41.20,-4.70,-10.01
43.15,-4.52,-18.31
42.91,1.53,-35.28
43.33,5.49,-27.40
41.63,12.15,-38.39
48.10,8.61,-42.24
50.35,8.06,-46.63
62.01,0.49,-51.45
65.73,-4.27,-47.00
67.57,-1.46,-44.19
62.07,0.61,-44.43
69.58,-1.59,-35.77
55.18,7.39,-41.99
56.40,14.65,-42.79
59.63,14.40,-33.51
63.11,8.42,-29.05
68.54,2.56,-18.98
61.77,11.23,-13.06
65.61,5.25,-13.18
67.14,-4.94,-8.06
60.79,-1.28,-11.23
55.11,4.03,-18.92
63.60,5.25,-11.60
52.73,3.60,-4.70
48.03,10.56,-15.50
52.49,14.89,-16.54
47.73,5.13,-2.08
37.17,10.86,-13.67
37.29,9.70,-11.35
31.19,6.65,-2.01
29.72,0.61,-3.91
25.88,4.09,-2.87
22.09,1.77,9.64
18.49,-5.37,17.21
10.56,-5.92,20.02
8.73,-3.97,14.77
12.82,-4.94,14.59
12.39,-6.29,13.73
8.12,-7.20,11.60
5.92,-7.20,9.64
7.32,-7.14,8.73
8.54,-7.51,8.06
9.22,-7.08,7.14
9.46,-6.29,6.29
10.38,-5.80,5.07
10.93,-5.25,3.66
10.80,-4.27,2.50
9.70,-3.17,1.59
9.09,-1.77,0.92
8.36,-0.79,-0.24
8.06,0.24,-1.40
8.85,0.73,-2.50
9.95,1.10,-4.64
10.13,3.36,-11.23
13.55,5.74,-15.01
14.34,7.32,-16.54
17.58,12.57,-26.18
23.50,12.27,-21.42
26.49,14.71,-23.07
30.27,9.52,-18.49
28.38,11.17,-11.35
27.47,14.16,-7.32
24.54,2.08,6.53
14.83,-1.22,8.54
6.96,-0.79,3.97
1.83,-0.12,-0.49
-0.98,0.18,-3.23
-1.89,0.18,-3.91
-0.85,0.12,-2.50
5.19,-1.53,0.79
10.93,-3.72,4.88
13.92,-6.16,8.48
16.17,-8.30,11.78
16.66,-9.89,14.89
16.48,-10.99,17.58
15.75,-11.29,19.53
12.82,-10.93,20.63
8.73,-9.77,21.24
3.42,-7.57,21.73
-5.49,-3.36,22.03
-16.17,2.01,20.94
-29.24,7.69,18.68
-43.40,14.40,16.85
-56.27,20.14,15.38
-66.53,23.19,14.95
-68.42,18.19,13.73
-49.56,-15.93,3.91
-18.92,-48.22,-0.18
-8.91,-57.98,-1.71
-4.03,-66.59,-4.09
-7.14,-57.37,2.14
-12.70,-54.32,1.10
14.10,-81.12,-8.48
10.50,-63.60,-1.04
0.98,-38.27,9.16
1.53,-41.99,8.00
11.17,-43.40,5.19
3.17,-38.45,8.36
10.93,-49.44,1.16
6.96,-42.97,2.69
0.55,-40.53,3.85
13.18,-58.23,1.77
11.29,-59.14,2.99
9.28,-51.33,5.25
-2.20,-30.33,8.18
14.34,-54.63,-1.04
19.47,-60.30,-4.33
7.45,-50.42,-2.38
6.29,-51.64,-5.55
14.40,-54.26,-6.16
11.29,-43.82,-8.06
5.74,-32.65,-5.92
13.61,-41.32,-14.40
15.38,-40.10,-17.15
10.50,-31.74,-16.60
6.29,-25.21,-18.13
9.09,-20.39,-20.94
10.25,-26.86,-22.95
9.64,-26.25,-25.63
5.68,-18.80,-17.82
9.77,-32.04,-19.59
22.03,-39.43,-20.20
6.84,-28.26,-13.12
13.67,-32.71,-18.25
15.20,-41.26,-20.32
19.10,-46.57,-21.48
-5.07,-5.80,-4.64
-3.85,-9.34,-2.93
12.02,-32.41,-14.22
7.39,-32.47,-11.05
-4.64,-24.90,-3.66
8.12,-39.00,-8.97
2.20,-23.80,-4.09
-7.39,-9.77,0.43
1.40,-16.97,-7.45
3.42,-20.69,-7.87
0.55,-23.38,-5.43
6.29,-27.04,-10.31
-1.83,3.60,1.95
-10.19,13.73,8.85
16.42,-29.91,-9.16
6.16,-26.37,-9.16
-1.59,-27.16,-6.04
-0.49,-16.42,-2.44
-3.91,-4.52,2.26
















-,-,-
2.93,-1.53,-0.12
2.44,-1.04,-0.55
1.59,-0.73,-1.40
1.83,-0.43,-1.95
2.50,-0.49,-2.20
2.81,-0.49,-1.95
2.69,-0.43,-1.71
2.44,-0.12,-1.53
1.71,0.18,-1.04
1.83,0.24,-0.73
2.38,0.18,-0.61
2.62,-0.18,-0.43
2.81,-0.49,-0.85
2.87,-0.85,-1.16
2.93,-0.98,-1.28
2.75,-0.85,-1.59
2.08,-0.67,-1.65
2.01,-0.24,-1.65
2.26,0.06,-1.40
2.32,0.06,-1.28
2.38,0.18,-0.92
2.32,-0.06,-0.61
1.83,-0.06,-0.55
1.71,-0.12,-0.55
0.85,-0.06,-1.10
0.24,0.18,-2.08
1.04,0.61,-3.42
3.54,1.34,-4.39
6.90,1.95,-5.86
12.15,2.75,-9.70
19.04,4.39,-13.12
21.79,4.70,-10.93
23.44,5.80,-14.34
24.48,11.29,-25.27
27.65,15.01,-34.30
32.84,13.24,-30.15
29.60,14.59,-34.18
28.87,15.20,-37.23
33.33,11.90,-32.47
29.60,2.62,-18.19
28.14,8.18,-34.85
35.22,6.35,-26.00
33.26,7.08,-32.65
41.02,18.62,-34.85
45.35,5.74,-6.23
37.05,5.00,-11.35
39.86,12.08,-21.30
45.84,19.17,-32.04
41.44,31.07,-52.86
36.25,43.27,-58.23
38.33,41.38,-54.81
37.48,37.05,-48.10
43.15,31.13,-37.35
44.31,29.30,-34.42
57.86,29.79,-31.98
58.65,21.24,-10.56
59.27,12.88,-7.57
64.39,7.51,-1.16
67.32,0.18,2.01
67.87,-4.39,-2.26
71.23,-7.63,6.04
61.65,-11.47,3.66
60.36,-18.62,18.68
49.74,-19.65,20.75
39.00,-9.95,2.01
43.82,-7.63,-0.55
36.25,-8.36,7.20
24.17,-7.39,8.24
16.97,-3.97,2.87
15.32,-0.49,-4.21
13.00,14.83,-19.53
11.17,13.85,-14.34
5.98,15.63,-15.81
0.18,13.92,-11.11
0.79,15.56,-11.47
2.87,8.79,-5.19
-0.18,4.88,-4.03
1.04,2.44,-3.30
3.17,-0.06,-1.65
5.55,-1.89,0.31
5.80,-3.97,3.05
5.37,-4.94,6.71
2.08,-5.13,10.13
-0.61,-4.09,13.00
-4.15,-2.01,16.11
-6.35,1.34,19.47
-8.61,4.15,22.52
-11.17,5.55,24.78
-13.00,7.20,26.18
-16.85,8.36,26.18
-25.02,9.40,25.57
-30.94,6.10,21.24
-30.21,-8.18,8.85
-21.91,-25.02,-3.91
-20.63,-30.70,-6.90
-18.98,-38.09,-12.02
-22.09,-29.24,-7.69
-23.56,-29.48,-9.34
-13.85,-35.52,-9.95
-17.70,-14.34,0.92
-11.90,-30.33,-0.85
11.78,-42.05,-0.79
9.46,-47.73,0.98
13.18,-38.76,8.06
2.87,-36.44,7.02
16.91,-61.46,3.66
11.23,-49.19,4.82
0.92,-46.45,5.80
11.17,-50.78,4.33
-2.75,-28.69,5.62
1.34,-38.21,-3.48
6.53,-29.85,-8.24
-4.70,-19.41,-5.68
-4.58,-22.58,-4.52
-0.43,-26.79,-8.67
-9.03,-11.72,-1.59
-2.44,-25.82,-6.10
2.38,-34.12,-11.11
-7.39,-7.51,-3.17
-7.69,-5.74,1.65
6.29,-23.01,-4.39
-3.97,-1.04,0.73
-4.39,2.38,1.16
6.29,-16.60,-8.85
-1.28,-0.06,-5.49
-1.77,-12.88,-6.04
2.26,-9.28,-7.26
-8.97,-4.09,-1.40
5.13,-22.64,-10.93
-2.14,-6.41,-1.46
2.14,-20.20,-6.23
4.76,-8.24,-6.23
-4.39,3.66,0.06
9.40,-17.46,-8.85
1.89,-8.42,-3.42
-2.20,-6.90,-1.53
3.54,-13.43,-4.39
-3.78,-3.48,-1.83
-1.95,-11.05,-4.21
2.08,-20.57,-8.97
4.88,-31.80,-9.03
-1.34,-14.40,-7.32
-2.62,-7.08,-5.92
2.08,-10.13,-5.49
-3.36,-6.41,-4.39
1.59,-18.55,-5.92
6.23,-20.81,-6.35
-4.09,4.88,2.01
-5.74,13.37,6.10
3.30,-5.37,-0.31
1.16,-4.09,3.60
-0.18,-0.92,6.71
6.23,-7.39,3.72
3.78,-3.85,3.72
3.48,-0.06,4.09
4.64,0.18,3.30
3.36,-0.43,2.62
2.56,-1.34,2.20
2.20,-2.81,1.65
1.83,-3.66,1.59
2.20,-4.09,1.65
2.14,-3.72,1.65
0.92,-2.75,1.16
-0.79,-1.71,0.18
-2.38,-1.40,-1.16
-2.44,-3.17,-2.75
-0.55,-7.20,-3.78
-0.12,-9.28,-3.78
1.71,-21.85,-5.86
10.25,-44.37,-12.70
10.44,-45.53,-15.14
-4.33,-11.35,-8.12
-1.16,0.00,-5.86
2.87,-2.93,-7.14
















-,-,-
2.26,1.28,-1.16
2.32,1.22,-1.22
2.38,1.04,-1.22
2.50,0.55,-1.28
2.81,0.18,-1.46
3.11,-0.31,-1.40
3.36,-0.55,-1.59
3.78,-0.49,-1.89
3.91,-0.24,-2.14
3.48,-0.12,-2.32
3.36,0.18,-2.50
2.81,0.31,-2.62
2.87,0.31,-2.81
2.50,0.18,-3.17
1.65,0.55,-3.23
1.10,0.85,-3.23
0.79,1.04,-3.30
0.67,1.40,-2.93
1.34,1.83,-2.44
1.34,1.95,-1.77
2.26,2.08,-1.46
2.99,2.56,-1.65
2.56,3.97,-2.93
1.71,5.62,-5.49
0.49,7.57,-8.73
-0.43,10.68,-12.70
2.20,13.98,-16.97
6.77,16.54,-20.63
9.16,19.90,-23.32
16.60,22.09,-29.66
39.55,23.68,-37.66
55.79,17.27,-39.12
79.16,17.33,-57.31
89.84,19.78,-61.04
99.00,12.82,-57.19
106.69,21.24,-74.58
107.67,28.32,-70.43
107.67,30.52,-75.50
120.36,32.23,-87.16
127.62,35.34,-74.65
125.43,42.97,-78.19
123.23,44.98,-86.98
121.58,45.23,-88.93
108.40,40.41,-68.42
98.94,34.42,-58.90
86.18,32.90,-45.96
75.56,25.82,-37.35
71.17,12.02,-28.26
59.75,5.86,-8.18
55.79,-2.38,5.00
56.03,-6.90,8.00
59.39,5.43,-10.25
54.50,14.59,-16.66
46.51,20.57,-25.70
32.65,23.68,-30.46
22.71,25.70,-34.97
13.18,26.06,-30.03
6.90,20.32,-27.04
1.83,13.79,-19.47
-4.03,4.46,-4.64
-11.96,1.53,-3.11
-18.68,-0.85,-2.32
-25.02,-4.21,0.43
-29.54,-6.53,4.03
-27.47,-8.48,8.73
-20.26,-10.38,15.63
-11.96,-11.47,23.07
-5.98,-11.47,29.97
-2.56,-11.96,35.22
1.22,-12.57,38.76
4.39,-11.78,40.77
5.13,-9.40,41.56
3.48,-6.47,40.71
0.55,-3.91,36.99
-3.17,-8.48,29.85
1.59,-26.25,18.25
4.33,-39.00,5.49
7.93,-43.09,-4.03
-12.21,-11.72,-7.87
-22.52,-1.77,-11.05
-8.48,-24.05,-13.43
-4.46,-27.40,-13.61
2.08,-38.45,-11.96
4.15,-25.27,-5.19
-1.40,-20.87,-1.22
16.66,-47.67,-4.21
20.63,-50.48,0.24
10.86,-37.48,5.74
-1.59,-16.36,10.68
13.18,-43.09,3.42
24.29,-59.39,-2.62
4.82,-33.94,6.77
7.87,-42.66,11.11
8.00,-47.91,12.21
20.02,-71.53,8.18
13.24,-57.31,7.32
4.94,-36.56,11.90
11.35,-50.48,6.47
21.79,-61.10,0.55
9.70,-42.91,5.62
5.00,-29.36,1.10
1.34,-14.53,-3.54
5.74,-29.97,-8.36
8.24,-35.71,-13.49
2.32,-29.05,-13.18
3.11,-33.94,-8.54
7.51,-44.43,-12.82
2.56,-29.79,-12.63
-0.18,-35.64,-11.96
13.55,-43.76,-15.75
-8.91,4.70,-4.21
-4.88,-12.63,-1.95
14.65,-45.53,-13.61
-0.61,-10.38,-7.02
-16.72,19.23,5.31
6.65,-35.16,-6.35
13.00,-49.93,-10.01
-8.48,-16.30,1.53
-1.34,-16.17,0.98
13.00,-40.47,-5.37
7.14,-37.48,-1.10
1.04,-30.33,4.88
7.45,-33.20,0.85
5.86,-19.96,-0.92
-0.18,0.98,6.84
-6.84,9.09,6.77
16.60,-51.51,-10.25
14.89,-41.20,-13.12
-5.07,-14.22,-2.62
10.01,-25.82,-14.40
3.17,-12.57,-10.13
-2.62,-15.08,-6.53
6.41,-32.90,-12.70
2.56,-28.08,-14.59
-0.43,-10.44,-7.57
-6.04,-5.49,-5.55
6.96,-30.88,-16.48
-0.24,-18.13,-11.90
-6.59,1.40,-2.50
-5.19,12.70,1.28
-2.20,3.30,1.89
2.62,-13.12,1.83
1.16,-12.15,3.42
-0.24,-10.68,3.36
3.78,-16.05,-0.92
-2.87,-2.08,3.48
-4.27,-2.01,5.00
4.58,-19.23,-1.10
-1.71,-3.85,0.24
-1.53,4.27,2.87
0.85,1.16,0.43
-0.67,-2.08,-0.18
0.73,-4.21,-0.61
2.69,-4.76,-0.92
2.26,-3.85,-0.85
2.44,-3.54,-0.73
2.99,-4.09,-0.55
3.91,-4.39,0.61
4.39,-3.36,3.11
3.72,-1.83,4.58
3.23,-1.10,4.58
3.36,-0.43,4.39
2.99,0.31,3.78
2.26,0.61,2.93
1.28,0.98,2.14
0.98,1.53,1.46
1.22,1.89,0.67
0.79,2.50,0.31
-0.06,3.23,0.00
-0.55,4.15,0.43
-1.59,4.88,0.55
-1.53,4.27,0.37
-0.67,2.69,0.37
0.24,0.85,0.98
















-,-,-
6.10,-1.22,-1.46
6.53,-1.34,-0.61
6.35,-1.59,-0.06
5.92,-1.46,-0.06
6.04,-1.65,-0.12
6.16,-1.95,-0.79
6.65,-2.20,-1.83
7.57,-2.75,-2.93
8.00,-3.17,-3.66
7.57,-3.11,-3.66
6.59,-3.11,-3.72
5.80,-2.99,-3.36
5.25,-2.62,-3.05
4.76,-1.83,-2.75
3.97,-1.04,-2.50
3.60,0.00,-2.44
3.60,0.43,-2.32
3.54,1.04,-2.26
2.50,0.67,-2.44
1.59,0.67,-2.50
2.32,0.43,-2.20
3.17,0.24,-1.95
3.05,-0.24,-2.62
2.87,-0.61,-3.54
3.85,-1.22,-4.33
5.25,-1.65,-5.37
7.02,-2.01,-6.71
11.23,-2.14,-7.63
13.37,-2.69,-10.50
15.32,-4.70,-22.46
27.28,-5.55,-30.88
29.66,-3.36,-42.97
34.67,-4.94,-58.04
39.18,-6.77,-63.78
39.79,-2.20,-67.93
35.83,1.71,-83.44
39.25,7.32,-87.22
53.10,3.78,-76.42
54.32,7.32,-74.95
49.56,9.40,-84.05
59.33,6.96,-85.82
73.43,4.21,-70.74
79.41,1.16,-51.57
82.46,0.92,-29.91
80.20,-4.39,-1.83
90.21,-7.93,-2.01
91.92,-6.41,17.88
88.20,-8.67,17.15
85.14,-13.92,21.42
72.63,-11.41,25.94
61.28,-11.60,19.04
53.89,-8.79,1.46
42.79,-6.16,-3.23
31.56,-3.11,-30.15
29.85,-3.42,-33.57
22.09,-1.53,-36.68
18.74,0.06,-40.83
19.47,1.59,-43.95
25.70,-0.18,-39.31
33.69,-1.16,-37.11
36.32,-3.05,-38.94
43.21,-6.23,-41.32
49.50,-5.07,-33.87
46.94,-4.88,-20.20
47.00,-6.84,-9.89
47.18,-9.58,8.97
42.79,-9.16,14.22
42.97,-12.21,21.24
41.99,-15.50,24.23
38.15,-16.42,23.80
34.42,-17.58,16.85
30.52,-18.19,11.05
22.46,-16.97,6.96
16.11,-14.83,3.85
7.81,-10.80,4.58
0.00,-6.84,3.78
-4.15,-2.81,2.62
-10.13,1.83,2.38
-20.69,7.81,1.89
-35.58,13.49,0.61
-52.80,19.17,-0.49
-66.83,23.86,-2.14
-75.56,26.18,-2.50
-82.52,26.25,-1.22
-86.18,20.75,0.18
-72.57,-6.16,3.42
-34.97,-51.21,9.09
-26.61,-49.50,13.24
-39.37,-36.93,12.70
-6.41,-74.71,18.86
2.81,-84.11,26.37
0.24,-81.79,24.90
7.39,-94.91,25.51
17.88,-110.35,27.53
30.76,-134.70,35.40
15.75,-118.35,35.28
5.80,-102.17,35.64
6.65,-97.11,34.24
10.74,-106.81,25.33
11.96,-101.99,23.01
-0.79,-83.68,23.25
6.10,-93.51,22.64
11.17,-95.89,15.08
7.39,-93.20,16.24
6.35,-96.80,8.61
4.03,-99.37,4.46
-0.12,-96.01,4.33
0.61,-99.00,1.59
-0.31,-85.88,-1.22
-2.08,-79.04,-2.14
6.65,-84.05,-5.43
3.60,-79.53,-5.49
-5.43,-62.38,-5.43
-2.32,-63.17,-6.04
-5.37,-49.68,-7.69
-14.40,-27.59,-7.57
-10.68,-34.00,-8.18
-6.23,-48.28,-9.40
-7.87,-58.35,-9.52
-8.73,-55.54,-10.50
-9.70,-25.09,-7.81
-6.04,-11.17,-4.58
-0.31,-18.19,-5.55
1.83,-33.51,-7.26
-4.03,-17.40,-5.74
-3.36,-2.75,-2.08
2.38,-3.36,-1.04
2.75,-5.92,-0.12
0.43,-6.47,1.53
0.24,-7.14,2.20
0.67,-7.45,2.50
0.55,-7.14,2.99
1.34,-5.98,3.17
2.08,-4.58,3.54
2.26,-2.87,3.54
1.83,-1.40,3.36
1.59,0.37,3.05
0.98,1.65,2.87
1.16,3.17,2.81
-0.49,3.97,2.44
-2.20,4.03,2.14
-3.23,4.03,2.38
-3.91,3.85,2.81
-3.78,2.99,3.42
-2.14,2.14,4.21
-1.16,2.50,5.31
0.00,2.81,6.04
1.65,2.50,6.10
2.56,2.08,5.55
2.75,1.89,4.88
2.44,1.16,3.54
2.56,0.24,1.83
2.20,-0.18,0.49
1.77,-0.73,-0.67
1.95,-1.65,-1.71
2.62,-2.14,-2.20
3.36,-2.32,-2.20
3.78,-2.69,-1.77
4.09,-2.50,-1.16
3.85,-1.89,-0.37
3.72,-1.71,0.37
3.78,-0.85,0.85
3.42,-0.49,1.22
3.17,-0.61,1.34
2.62,-0.43,1.28
1.65,0.12,1.10
1.46,0.55,1.04
1.46,0.55,0.79
1.28,0.61,0.92
1.28,1.04,1.10
0.73,2.20,1.40
0.67,3.11,1.34
0.67,3.48,0.98
1.16,3.54,0.67
















-,-,-
5.31,-0.24,-1.04
5.31,-0.98,-1.10
4.88,-1.34,-0.85
4.33,-1.65,-0.92
4.15,-1.77,-0.85
4.09,-1.53,-0.61
4.09,-1.40,-0.67
4.09,-1.10,-0.67
3.78,-0.92,-0.55
3.78,-0.85,-0.31
3.66,-0.85,0.06
3.97,-0.92,0.18
4.09,-1.10,0.24
3.66,-1.22,-0.31
3.17,-1.10,-0.55
2.93,-1.10,-0.79
3.05,-1.10,-0.67
3.60,-0.98,-0.37
4.15,-0.98,-0.12
4.39,-0.92,-0.06
4.94,-1.16,0.18
5.07,-1.40,0.61
4.70,-1.53,1.22
4.39,-1.46,1.28
4.21,-1.53,1.28
4.33,-1.53,1.22
4.58,-1.40,1.40
6.96,-1.71,1.22
11.29,-1.83,0.24
14.40,-2.32,-5.92
18.74,-4.82,-25.70
26.49,-8.42,-54.81
30.46,-8.30,-74.83
47.00,-4.76,-70.74
41.44,0.37,-72.75
44.19,0.06,-70.56
42.72,-0.06,-67.32
48.83,0.98,-60.61
48.71,0.73,-50.60
54.26,-6.29,-44.86
51.15,-6.96,-44.43
60.73,-4.03,-35.22
66.59,-10.62,-26.98
72.75,-7.87,-18.43
77.39,-6.47,-18.55
82.89,-11.23,-18.19
89.17,-13.31,-23.19
90.64,-8.97,-9.77
86.79,-6.84,-15.08
82.52,-2.99,-20.63
82.15,-5.43,-18.31
71.53,-4.76,-31.31
70.31,-1.16,-49.26
70.19,-2.32,-44.43
68.30,-2.50,-38.94
66.53,-3.36,-31.13
64.82,-1.77,-25.45
60.49,1.04,-24.60
55.97,2.93,-36.25
50.90,0.98,-33.63
45.04,-0.98,-35.03
36.25,1.65,-27.40
34.61,-1.46,-17.76
36.68,-2.44,-17.88
42.11,-1.65,-9.95
41.20,-2.62,-15.99
44.68,-5.92,-19.78
46.33,-5.92,-8.67
46.20,-6.96,-10.25
45.78,-8.00,-13.24
52.31,-7.81,-6.23
49.62,-6.23,-4.76
44.74,-7.14,0.79
41.56,-8.12,3.17
35.89,-7.75,15.14
26.61,-9.46,19.71
18.62,-9.52,16.97
12.51,-8.48,14.16
6.04,-5.74,11.23
-5.19,-2.69,8.00
-20.57,0.12,4.21
-35.03,1.89,0.67
-46.14,4.64,-1.40
-54.08,5.55,-2.01
-55.66,5.13,-1.53
-52.31,-0.61,1.28
-43.09,-20.02,6.35
-39.31,-23.56,10.93
-30.33,-37.78,19.47
-14.34,-54.50,27.16
-21.91,-48.83,32.47
-16.30,-61.77,42.85
-13.18,-71.41,46.33
-20.63,-61.52,46.20
-16.66,-72.20,49.01
-15.32,-82.34,42.72
-22.64,-79.10,39.61
-19.90,-89.11,37.90
-23.44,-89.17,38.39
-23.19,-91.37,35.71
-22.52,-98.14,31.37
-18.19,-101.81,27.47
-22.16,-99.61,28.81
-13.37,-117.86,28.87
-8.85,-129.03,28.75
-4.03,-128.05,21.79
-11.17,-120.91,21.79
-14.28,-124.82,19.90
-12.33,-130.86,15.99
-27.10,-109.62,13.31
-29.60,-102.91,10.07
-27.10,-101.81,3.11
-21.55,-104.61,3.42
-25.33,-99.85,6.47
-33.08,-80.20,-0.67
-27.95,-83.50,-0.98
-25.94,-82.95,-1.34
-30.70,-72.45,-5.49
-29.66,-65.86,-4.03
-20.63,-67.32,-7.39
-16.66,-53.04,-10.99
-13.73,-24.78,-12.33
-8.54,-13.92,-7.81
-3.54,-18.80,-7.69
-1.40,-36.13,-3.36
-5.37,-32.53,-1.83
-6.71,-19.90,-1.10
-5.80,-8.30,-2.32
-4.94,-13.18,0.73
-5.62,-17.33,0.37
-5.37,-8.00,0.92
-0.79,2.87,1.53
5.68,4.03,3.97
7.63,2.32,5.86
8.61,0.79,6.47
9.89,1.65,6.23
9.28,3.85,5.62
4.76,5.55,3.60
-0.37,6.77,1.04
-3.05,7.20,-0.67
-3.36,6.77,-1.22
-1.65,6.04,-0.61
0.61,4.88,0.31
2.87,4.21,1.16
5.13,3.60,1.53
5.86,4.33,2.26
4.64,6.65,2.69
2.32,7.08,1.22
0.92,6.10,-0.18
-0.31,5.25,-0.49
-1.22,4.03,-0.37
-1.22,3.05,0.12
0.73,2.14,0.85
2.32,1.65,1.46
3.30,1.53,1.53
4.39,1.89,1.16
4.33,2.69,0.61
3.42,3.11,0.18
2.75,3.72,-0.12
2.14,3.97,-0.31
1.83,4.21,-0.43
0.85,4.52,-0.85
0.43,4.27,-0.98
0.18,3.78,-0.85
0.49,3.42,-0.49
1.22,3.30,-0.24
1.65,2.93,-0.18
2.01,2.44,-0.06
1.83,2.32,0.31
1.65,2.62,0.55
1.53,3.05,0.61
0.55,3.66,0.61
-0.37,4.15,0.49
-0.55,3.78,0.24
















-,-,-
2.01,0.79,-0.31
1.77,0.98,-0.55
1.34,1.04,-0.79
1.46,1.10,-0.98
1.59,1.22,-1.16
2.20,1.40,-1.40
2.50,1.40,-1.40
2.50,1.16,-1.34
2.56,0.79,-1.10
2.69,0.61,-0.79
3.11,0.55,-0.31
2.99,0.55,0.12
2.56,0.37,0.18
2.50,0.49,-0.18
2.44,0.31,-0.37
2.20,0.24,-0.67
2.26,0.37,-0.73
2.44,0.18,-0.67
2.32,-0.06,-0.49
2.01,-0.49,-0.37
2.14,-0.61,-0.24
2.32,-0.73,-0.24
2.14,-1.04,-0.43
2.20,-1.28,-0.24
2.14,-1.53,-0.06
1.95,-1.34,0.00
2.26,-0.85,-0.18
2.08,-0.43,-0.55
1.40,0.06,-1.53
0.98,0.61,-2.56
0.73,0.98,-3.66
0.49,1.16,-4.94
0.61,1.65,-5.80
1.77,2.20,-6.71
2.14,3.60,-8.42
2.20,6.35,-10.50
6.16,8.97,-11.84
13.18,9.03,-11.54
22.28,6.96,-10.25
33.94,2.50,-17.76
50.23,-1.77,-25.45
63.48,-0.37,-26.92
80.20,1.83,-38.02
93.14,2.99,-48.40
104.13,3.85,-67.81
117.25,14.77,-78.98
123.17,23.01,-75.81
125.37,21.36,-68.85
132.02,17.82,-54.08
146.91,16.36,-38.02
145.63,19.41,-34.67
134.16,15.32,-32.84
130.86,13.67,-51.33
121.70,29.72,-64.58
112.92,34.79,-68.36
103.64,32.23,-59.75
90.88,40.65,-68.73
84.17,40.53,-60.06
70.25,41.93,-60.18
61.16,43.64,-52.61
54.02,33.02,-31.43
52.25,22.46,-21.00
54.81,10.44,-8.67
56.21,-1.10,7.39
57.31,-8.00,5.80
52.00,-8.30,15.87
43.09,-8.54,10.44
37.11,-7.32,1.59
26.43,-3.48,5.37
16.78,-1.83,6.71
11.96,-0.61,3.72
9.16,2.20,0.85
5.13,4.64,-2.44
-1.46,6.84,-5.31
-8.36,9.46,-7.39
-13.49,11.05,-8.42
-14.95,12.70,-7.57
-11.84,15.81,-5.68
-7.75,17.40,-2.69
-1.40,17.40,0.12
7.39,14.83,2.20
17.03,3.42,2.93
32.96,-15.50,5.49
33.08,-15.93,5.07
32.10,-16.24,4.82
29.54,-12.63,4.94
29.11,-13.85,1.71
33.51,-20.26,1.89
30.03,-10.56,1.22
33.87,-10.86,1.95
42.79,-20.32,0.61
42.42,-15.56,-0.79
36.74,-6.29,0.06
38.51,-10.07,-1.16
42.18,-15.81,-4.52
37.17,-12.82,-3.36
37.41,-16.60,-1.16
37.96,-18.62,-1.34
36.74,-15.01,-0.18
33.51,-5.37,-0.06
37.29,-10.07,-3.17
35.40,-6.41,-3.23
29.48,8.91,-2.20
30.27,7.69,-1.53
40.34,-15.20,-6.16
33.75,-4.64,-5.19
29.42,1.46,-2.14
33.14,-0.37,-4.33
34.48,-7.02,-5.98
35.71,-8.12,-7.45
31.19,3.23,-4.58
32.04,-0.85,-3.11
32.96,-1.40,-5.92
30.15,-2.01,-5.55
31.86,-5.80,-6.29
27.28,1.16,-4.76
27.16,2.75,-4.88
30.09,-0.49,-5.68
31.98,-1.04,-5.92
32.59,0.12,-5.00
33.63,5.25,-4.27
34.73,2.01,-5.00
36.07,-4.03,-5.68
32.53,-1.59,-5.19
31.49,-1.59,-4.46
30.27,-1.77,-5.74
26.92,4.94,-5.49
27.40,5.19,-5.98
30.03,4.52,-6.47
29.42,15.32,-4.46
34.30,17.21,-2.50
38.57,9.77,-1.89
37.23,10.25,-1.53
36.32,13.55,-1.53
36.25,15.38,-1.71
35.52,15.44,-2.20
34.55,14.71,-2.69
34.42,13.73,-2.87
35.52,13.24,-2.93
36.68,13.12,-2.32
37.17,12.45,-0.98
36.32,12.63,0.73
34.24,13.24,3.11
30.09,14.53,6.59
24.60,16.66,9.03
19.65,19.96,10.01
14.77,23.56,10.01
9.40,28.32,9.52
3.66,41.14,10.25
-0.06,56.88,13.12
4.88,63.48,19.78
13.98,62.32,30.88
22.64,54.69,44.43
29.85,46.57,56.03
33.94,42.66,63.35
34.91,42.24,66.35
35.77,43.52,66.65
36.32,45.17,64.58
36.19,46.51,61.52
35.03,48.40,58.90
33.14,50.84,56.09
32.17,55.60,52.92
29.85,60.97,48.77
27.40,63.23,43.03
27.47,60.97,36.87
28.63,55.36,31.25
29.17,49.26,26.92
29.54,43.70,22.89
28.44,38.57,18.62
27.34,34.91,14.83
26.86,33.02,11.66
27.40,32.04,8.61
27.65,30.46,6.35
28.56,28.56,5.43















