
-,-,-
2.14,-1.77,-0.55
2.32,-1.59,-0.31
2.62,-1.53,-0.24
1.89,-1.16,-0.31
0.79,-1.16,-0.61
0.92,-1.04,-0.55
0.85,-0.85,-0.55
1.16,-1.10,-0.61
1.59,-0.85,-0.55
1.22,-0.49,-0.61
0.92,-0.55,-0.61
0.55,-0.43,-1.10
0.12,-0.37,-1.40
-0.55,-0.67,-1.77
-0.55,-1.10,-2.01
-0.67,-1.16,-1.95
-1.10,-0.98,-1.71
-0.98,-0.67,-1.77
-0.79,-0.37,-1.71
-0.79,-0.24,-1.40
-0.73,0.18,-1.16
-0.98,0.79,-0.92
-1.71,1.40,-0.92
-2.50,1.95,-0.92
-3.78,2.75,-1.16
-4.15,3.97,-1.71
-10.50,6.47,-1.59
-20.26,3.05,-0.61
-20.87,-20.51,1.40
-14.28,-45.96,-0.49
-10.25,-55.18,-2.20
-14.89,-46.02,-6.47
-13.37,-56.09,-10.93
-6.04,-67.38,-15.81
13.06,-92.96,-19.84
11.11,-84.72,-18.68
19.47,-105.22,-20.14
26.12,-103.82,-16.54
20.39,-97.53,-11.66
37.60,-102.23,-11.17
29.54,-88.38,-13.85
42.91,-108.83,-19.35
47.18,-89.48,-14.40
34.79,-72.81,-16.60
64.15,-112.98,-25.09
61.58,-83.25,-12.02
41.26,-73.91,-8.30
57.37,-104.43,-14.95
41.44,-89.72,-11.05
32.53,-90.64,-11.11
28.38,-118.35,-21.00
20.20,-109.50,-20.08
-0.12,-81.18,-17.94
1.16,-79.10,-24.48
1.10,-74.77,-28.32
0.55,-63.66,-25.82
-7.63,-36.74,-18.01
-4.64,-31.13,-17.40
-4.88,-32.90,-18.19
-6.47,-24.78,-17.21
-15.14,-34.12,-17.82
-16.85,-44.37,-18.68
-25.82,-40.71,-15.50
-25.76,-32.29,-13.43
-22.52,-19.53,-7.51
-21.12,-15.50,-5.49
-19.47,-6.84,-3.17
-21.85,-11.54,-2.81
-19.71,-11.05,-2.99
-19.04,-3.78,0.18
-19.84,-6.23,0.79
-15.93,-19.90,-4.52
-20.45,-34.36,-5.37
-16.48,-26.79,-6.23
-19.41,-11.17,-4.27
-9.09,-10.01,-5.62
-4.82,-5.55,-4.03
-3.97,5.19,1.34
-3.05,7.69,2.93
-7.26,8.67,2.50
-12.88,9.22,1.04
-15.93,9.58,-0.24
-17.09,8.48,-0.31
-14.59,6.23,0.37
-9.70,2.32,1.46
-4.39,-1.71,2.14
0.85,-3.36,3.91
4.46,-1.22,7.57
6.35,2.08,11.23
5.98,7.81,12.88
8.18,14.04,11.54
16.05,15.01,3.91
22.34,17.27,-4.64
33.20,22.58,-8.42
47.00,26.00,-18.62
62.07,29.17,-27.95
75.93,48.34,-39.92
83.56,52.06,-29.54
80.51,55.79,-34.73
81.36,54.14,-24.11
79.10,51.39,-20.39
79.16,37.54,-13.92
80.14,26.86,-9.77
80.32,24.84,1.16
84.84,26.31,-6.71
90.52,29.17,-12.39
91.98,37.05,-12.51
84.11,42.85,-15.50
79.28,39.00,-14.95
70.25,30.52,-9.46
59.02,20.26,-3.60
54.81,14.89,6.04
45.35,12.63,14.89
44.98,10.19,18.49
47.12,4.70,12.21
51.94,5.98,13.31
46.75,15.14,2.20
48.65,17.70,-11.23
43.46,16.91,-10.74
33.63,20.75,-14.77
29.60,19.96,-6.23
22.83,11.17,7.81
11.23,4.46,10.07
2.69,2.01,6.35
0.24,2.87,-1.40
-2.56,3.23,-7.02
-4.27,2.93,-11.17
-3.05,2.20,-13.06
0.61,2.20,-12.57
2.93,2.20,-10.93
2.50,2.08,-8.48
2.01,2.44,-6.04
1.34,2.20,-3.11
1.59,1.59,0.98
4.09,0.98,5.68
6.71,1.10,10.38
9.40,1.16,14.10
12.39,0.73,17.09
15.75,0.49,19.41
17.70,0.43,21.06
16.85,0.00,21.73
13.79,-0.79,20.94
10.31,-0.73,19.41
5.74,-0.31,17.09
1.34,0.31,14.28
-1.77,1.04,11.47
-2.62,1.59,9.03
-3.72,2.32,7.02
-5.19,2.87,5.43
-5.74,2.81,4.64
-5.43,1.95,4.82
-4.76,1.28,5.92
-3.54,1.10,6.84
-3.23,1.34,8.00
-3.30,2.01,9.46
-2.87,1.89,10.62
-0.98,1.34,11.41
0.73,0.92,11.54
0.98,0.98,10.74
0.06,1.28,9.22
-1.59,2.56,7.02
-2.99,4.39,5.19
-3.72,6.23,3.72
-3.66,7.81,2.75
-3.66,8.97,2.56
-2.93,8.97,2.75
-2.01,8.30,3.23
-1.59,7.26,3.48
-0.67,6.04,3.97
0.31,4.39,4.09
0.37,2.87,3.97
0.18,1.77,3.54
-0.24,0.85,2.93
0.00,0.31,2.14
0.79,0.12,1.34
















-,-,-
0.49,1.28,-0.55
0.92,1.65,-0.49
1.53,1.77,-0.31
2.08,1.16,-0.37
2.44,0.79,-0.67
2.50,0.55,-0.85
2.08,0.24,-1.34
1.46,0.18,-1.77
0.92,0.31,-1.95
0.24,0.24,-2.08
0.31,-0.06,-2.01
0.73,0.06,-1.77
1.65,-0.12,-1.34
2.93,-0.55,-0.73
3.42,-0.67,-0.06
3.54,-0.67,0.37
3.05,-0.67,0.73
2.56,-0.67,1.04
1.95,-0.67,1.16
1.89,-0.49,1.22
2.26,-0.24,1.34
2.50,-0.12,1.59
2.62,-0.12,1.53
2.44,-0.12,1.46
1.95,-0.06,1.65
1.77,-0.24,1.71
2.08,-0.85,2.14
2.69,-1.46,2.26
3.17,-2.26,2.56
3.66,-2.81,2.62
4.03,-3.42,2.50
4.21,-3.54,2.26
4.27,-3.72,2.01
4.09,-3.60,1.71
3.78,-3.23,1.28
3.60,-3.11,0.92
3.54,-2.75,0.61
3.78,-2.50,0.06
3.05,-2.26,-0.55
1.40,-1.59,-1.34
-1.34,-0.24,-2.56
-5.19,2.62,-3.72
-14.10,7.32,-4.76
-28.20,13.24,-5.62
-30.82,16.91,-7.81
-35.83,15.81,-11.11
-42.05,11.60,-14.47
-40.59,-7.87,-22.95
-34.00,-25.88,-29.17
-12.33,-42.54,-28.56
-18.92,-25.09,-22.83
-17.46,-37.23,-24.23
19.04,-77.64,-21.91
33.26,-95.83,-12.63
50.66,-118.90,-9.09
62.68,-129.46,-3.66
69.03,-128.42,0.00
60.67,-136.23,5.25
70.07,-161.93,-2.62
53.83,-139.77,-2.44
40.34,-133.73,4.33
38.27,-155.03,-6.04
27.22,-138.79,-11.29
4.52,-104.06,-8.97
17.52,-131.65,-14.16
17.88,-124.33,-19.35
1.71,-82.52,-8.73
3.91,-82.82,-14.77
16.30,-87.71,-25.02
4.03,-60.00,-19.65
-6.29,-54.26,-15.69
-5.19,-79.22,-25.57
-15.63,-69.89,-24.35
-28.44,-48.46,-19.59
-34.00,-36.80,-17.88
-31.68,-39.18,-20.51
-30.88,-20.51,-13.37
-26.25,-0.24,-2.62
-10.86,5.80,2.69
-4.39,6.04,10.01
2.75,4.15,14.16
0.06,23.50,21.79
-1.53,27.28,22.58
-2.14,23.07,17.88
-0.43,19.35,13.85
0.49,16.60,10.93
7.32,13.24,7.93
20.08,9.46,6.16
29.54,5.55,2.99
40.65,6.84,-6.04
59.27,12.15,-5.92
65.12,24.78,-7.75
67.87,40.28,-15.75
72.45,49.19,-12.70
77.76,50.84,-18.49
82.95,48.28,-21.55
85.21,59.14,-24.41
87.71,56.40,-13.98
89.97,58.23,-11.84
94.48,58.11,-16.66
110.90,53.28,-13.43
111.08,52.43,-2.81
97.66,53.65,-7.75
98.57,41.81,-3.60
89.48,32.23,-1.40
82.95,29.05,-7.75
78.49,28.99,-4.64
70.56,28.56,-0.98
67.38,24.90,-9.40
69.64,20.20,-7.57
65.49,22.40,-2.50
59.94,22.28,-6.41
57.31,20.45,-13.24
49.32,20.51,-7.87
42.60,14.95,-6.10
37.17,7.20,-1.16
28.63,0.43,1.22
22.28,-0.43,-5.07
20.14,3.30,-7.32
18.49,3.23,-5.13
15.63,2.75,-6.23
15.44,5.19,-9.03
16.05,8.12,-10.93
13.37,10.62,-12.51
8.30,11.17,-13.49
5.80,10.50,-13.61
4.82,8.67,-12.21
5.07,5.74,-9.40
6.96,2.01,-5.80
10.86,-1.59,-1.16
14.83,-4.76,4.21
19.65,-6.53,8.85
24.66,-8.18,12.27
26.49,-8.42,13.98
23.62,-7.14,12.15
19.35,-3.23,4.03
17.70,1.34,-3.17
17.46,5.00,-10.01
18.49,8.91,-12.51
18.01,3.05,-1.28
13.79,1.59,-0.49
11.84,0.24,4.15
9.77,-2.26,9.34
2.38,-2.38,8.97
-3.85,-0.31,7.02
-6.53,2.26,4.33
-7.57,3.97,2.14
-7.57,4.70,0.79
-5.55,4.70,-0.24
-0.73,3.60,-0.12
1.46,2.56,0.61
2.69,1.59,0.85
3.60,-0.24,0.92
4.21,-0.85,1.16
5.00,-0.61,1.34
4.70,-0.18,1.65
2.50,0.73,2.14
1.95,1.46,2.26
1.16,2.26,2.14
-0.55,3.66,1.83
-1.95,4.39,0.92
-2.99,4.88,0.31
-2.87,5.31,0.67
-2.56,5.55,1.34
-3.23,5.86,2.01
-4.52,6.29,2.50
-4.64,6.71,2.99
-5.74,6.47,3.54
-4.88,5.68,3.78
-3.48,4.58,3.85
-1.71,3.48,4.09
-1.10,2.32,4.39
1.22,1.16,4.46
2.32,0.31,4.21
















-,-,-
2.44,-0.49,-0.18
2.32,-0.49,-0.12
2.38,-0.43,-0.18
2.32,-0.49,-0.37
2.99,-0.55,-0.49
2.69,-0.85,-0.43
3.23,-0.85,-0.37
3.72,-0.98,-0.37
3.85,-1.04,-0.24
3.85,-1.16,-0.24
4.21,-1.22,-0.55
3.85,-1.40,-0.49
3.85,-1.34,-0.24
3.78,-1.28,0.00
3.54,-1.10,0.31
3.23,-0.85,0.12
3.05,-0.49,0.06
2.56,0.31,-0.12
2.08,0.92,-0.37
2.14,1.34,-0.49
1.95,1.59,-0.61
1.53,2.01,-0.79
1.77,2.08,-0.92
1.16,1.83,-0.85
0.18,1.65,-0.85
-0.06,1.16,-0.79
0.37,0.24,-0.67
0.79,-0.61,-0.61
1.10,-1.16,-0.31
1.53,-1.46,-0.37
1.65,-1.53,-0.43
1.34,-1.83,-0.49
0.92,-1.46,-0.67
-0.12,-0.98,-0.92
-1.53,-0.67,-1.22
-2.44,-0.12,-1.16
-2.62,0.06,-0.37
-4.09,1.04,0.49
-9.09,3.60,1.59
-27.28,-3.05,4.03
-21.79,-38.39,7.14
-15.50,-59.08,-1.22
-8.12,-74.04,-2.75
-4.39,-67.38,-6.35
-3.17,-74.04,-5.31
5.80,-105.77,-5.25
0.18,-105.29,-8.30
-4.94,-97.96,-12.02
0.37,-110.53,-14.22
9.40,-116.88,-20.39
13.92,-132.81,-16.60
24.23,-174.07,-12.57
25.21,-188.60,-12.02
8.42,-175.84,-5.80
-9.83,-148.62,-8.61
-14.34,-112.61,-10.01
-8.36,-90.70,-18.43
6.04,-70.98,-19.71
7.63,-44.92,-15.26
15.32,-59.08,-13.37
18.68,-81.91,-19.78
13.92,-80.81,-18.92
0.73,-70.01,-14.95
0.24,-74.40,-19.17
-3.72,-56.46,-14.95
-6.16,-46.75,-11.23
-3.66,-36.01,-11.17
-5.62,-15.01,-3.72
-4.21,-9.64,-0.73
-2.99,-5.80,0.31
-2.93,-5.43,2.38
-2.81,-5.92,3.72
-4.52,-14.16,4.09
-6.47,-24.96,-0.49
-6.53,-16.66,-0.61
-5.31,-8.42,1.28
-1.04,-2.20,1.16
7.39,-1.22,2.75
14.04,-3.36,4.82
13.79,-2.99,7.81
10.25,0.18,8.67
4.88,1.46,6.35
4.09,2.69,3.66
6.53,3.60,2.08
5.37,4.39,2.62
6.71,5.37,4.33
13.67,6.53,5.19
23.62,7.20,0.49
34.00,7.63,-7.63
47.00,10.56,-12.15
51.88,18.13,-9.46
37.60,22.64,-22.64
41.32,23.86,-23.19
39.79,27.59,-25.27
50.23,25.94,-18.13
50.90,27.16,-10.99
50.54,27.89,-7.75
58.23,29.66,-3.05
61.58,27.40,0.85
62.50,26.67,-2.20
62.56,30.64,-7.63
70.80,36.56,-0.61
68.48,38.64,-2.01
72.02,37.41,-8.73
74.04,36.56,8.30
66.96,29.17,15.08
60.42,20.94,18.19
52.31,14.40,31.68
47.67,5.37,34.61
37.35,-1.65,33.51
36.62,-5.49,22.71
32.71,-3.97,14.53
28.81,0.67,-7.69
31.43,11.54,-20.20
27.65,17.40,-20.81
23.13,17.94,-32.65
24.48,10.50,-26.92
23.93,6.59,-21.67
20.02,3.17,-15.08
19.96,1.77,-10.25
22.64,-2.32,-3.11
26.00,-5.25,7.81
23.07,-6.29,15.44
20.51,-6.90,16.36
20.14,-5.86,17.03
15.44,-3.66,12.82
10.25,-0.85,7.02
5.86,1.40,1.04
2.50,2.69,-3.60
0.98,2.81,-6.29
1.16,2.50,-7.39
1.40,2.01,-7.32
0.98,1.04,-6.35
0.92,0.24,-5.25
2.14,-0.67,-3.42
2.87,-1.77,-0.85
3.72,-2.38,2.26
3.60,-2.14,5.31
2.20,-1.59,8.00
0.73,-1.40,9.40
-0.79,-0.85,10.13
-2.81,-0.79,10.38
-4.39,-0.92,10.07
-5.19,-0.85,9.46
-4.64,-1.28,8.54
-2.08,-1.53,7.69
-0.98,-0.98,7.02
-1.83,-0.18,5.86
-2.32,0.24,4.46
-1.40,0.43,3.54
-0.55,0.37,2.62
0.55,0.06,1.83
0.92,-0.49,1.28
0.73,-0.98,0.37
-0.37,-0.61,-0.24
-1.40,0.12,-0.73
-2.01,0.92,-1.28
-2.26,1.40,-1.46
-2.01,1.28,-1.04
-1.16,1.22,-0.24
-0.37,1.04,0.61
1.10,0.43,1.71
1.89,-0.31,2.38
2.08,-0.61,2.32
1.77,-0.85,1.89
1.16,-0.85,1.16
0.49,-0.61,0.18
-0.24,-0.12,-0.49
-0.61,1.04,-0.92
-0.85,1.59,-1.16
-0.67,1.77,-1.22
-0.37,2.08,-0.98
-0.31,2.81,-0.79
-0.98,4.15,-0.49
















-,-,-
1.77,0.06,-0.31
0.00,0.00,0.06
-4.88,0.67,0.24
-9.03,1.40,0.31
-14.89,2.87,0.06
-17.09,3.54,-1.28
-18.07,2.38,-2.69
-15.56,0.61,-3.60
-12.82,0.00,-4.52
-10.01,-0.24,-4.94
-7.20,-0.43,-5.25
-3.91,-0.61,-5.25
-0.79,-0.49,-5.07
0.00,0.31,-4.58
0.49,0.85,-4.03
1.04,1.16,-3.23
1.34,1.10,-2.38
2.01,1.04,-1.10
2.56,1.28,-0.06
3.54,1.28,0.67
3.91,1.10,1.10
4.52,0.73,1.10
4.88,0.55,0.92
3.54,0.85,0.49
2.75,1.16,-0.06
1.53,1.46,-0.92
-1.46,1.89,-2.20
-3.78,1.95,-3.72
-6.53,2.26,-4.94
-11.96,2.75,-5.31
-22.16,2.75,-3.48
-24.66,-8.97,2.75
-15.56,-40.47,9.16
2.50,-66.71,12.76
24.23,-85.02,16.24
42.79,-96.44,15.14
58.59,-112.00,16.85
81.67,-131.90,28.81
83.68,-144.47,34.73
79.28,-157.71,30.21
55.54,-145.81,26.61
37.72,-146.73,22.89
32.65,-176.33,13.73
21.48,-189.21,12.33
1.04,-170.59,13.37
-6.10,-145.39,-0.61
3.72,-114.62,-13.18
14.04,-67.38,-10.44
22.64,-46.39,-7.08
32.10,-42.97,-4.76
31.37,-58.17,-8.67
23.07,-69.03,-11.90
3.85,-50.17,-15.56
-13.24,-37.90,-11.72
-5.25,-68.60,-13.31
-9.03,-67.32,-15.93
-16.24,-44.92,-9.28
-17.09,-10.25,-3.85
-12.76,3.78,-0.49
-7.75,-5.74,0.24
-4.03,-32.04,-2.50
-8.12,-41.69,-6.04
-17.03,-32.47,-6.53
-18.80,-32.17,-7.45
-15.38,-49.01,-9.40
-16.36,-41.20,-13.18
-17.40,-19.23,-5.07
-7.57,-19.47,-3.23
-4.88,-9.22,-3.11
-4.03,4.46,2.38
0.00,3.60,4.15
0.67,1.83,3.36
-4.27,9.22,4.64
-7.32,10.74,4.46
-8.67,4.82,2.69
-5.62,-22.22,-0.43
2.62,-41.69,-5.19
-0.98,-13.85,-4.15
3.91,9.89,3.60
18.62,9.52,5.74
29.30,3.97,7.45
34.48,2.44,10.07
35.64,3.97,8.61
36.38,4.21,-0.98
37.29,3.85,-8.18
40.41,1.04,-23.74
46.26,2.26,-29.11
48.77,10.62,-26.37
46.39,15.32,-32.04
52.19,13.18,-39.37
62.19,15.99,-33.87
62.62,18.07,-31.62
67.63,18.07,-28.75
71.66,15.93,-24.11
74.83,13.73,-16.24
73.18,7.87,-13.31
70.13,10.13,-5.92
70.43,11.41,3.60
68.36,5.80,0.73
71.90,3.72,6.29
61.83,8.12,5.62
59.88,10.62,5.74
46.51,18.68,2.62
50.17,15.14,-4.27
49.38,10.01,-2.08
45.41,4.70,-5.55
47.85,2.81,-7.26
46.20,3.78,-2.99
42.85,4.27,1.40
35.83,4.39,5.07
31.01,2.44,5.00
30.33,2.99,0.98
25.76,0.12,5.00
24.84,-1.59,3.91
15.75,-0.49,13.06
6.41,-2.20,9.16
2.38,-3.42,1.53
0.37,-2.99,-6.04
-0.06,-2.38,-11.78
0.24,-1.77,-15.08
0.12,-1.83,-15.56
0.37,-1.28,-14.16
0.37,-1.22,-11.84
-0.49,-1.28,-8.73
-0.67,-1.04,-5.31
-0.98,-1.46,-1.28
-1.10,-2.26,3.17
-1.53,-3.30,7.39
-2.20,-4.21,11.29
-2.20,-4.58,14.89
-2.08,-4.27,17.76
-0.12,-2.50,19.71
0.73,-1.10,19.90
0.31,-0.18,18.43
-0.61,1.28,16.24
-1.40,2.01,13.12
-1.34,2.26,9.46
-1.04,2.50,5.55
-1.10,2.56,1.89
-0.06,2.93,-0.85
0.61,3.54,-2.56
-0.06,2.87,-3.91
0.00,2.32,-4.64
-0.61,2.08,-4.52
-0.12,1.59,-3.91
0.67,0.73,-3.48
0.85,-0.43,-2.81
1.28,-0.73,-2.26
0.92,-0.18,-2.32
-0.12,0.79,-2.62
-0.79,1.77,-2.38
-1.59,2.62,-1.71
-2.62,2.93,-0.98
-2.56,3.17,0.24
-1.95,2.56,1.16
-1.28,1.28,1.95
0.43,0.61,2.50
2.69,0.31,2.87
4.64,-0.12,2.32
4.76,-0.67,1.04
4.27,-0.85,-0.43
3.60,-0.61,-1.77
3.36,-0.67,-2.56
2.93,-1.77,-3.23
2.69,-2.26,-3.36
2.62,-2.56,-3.05
2.99,-2.62,-2.50
3.05,-2.81,-1.53
3.23,-2.38,-0.18
3.42,-1.83,1.04
2.87,-1.46,2.01
2.81,-1.16,3.17
3.17,-0.85,4.46
1.77,-0.79,5.37
1.10,-0.85,5.43
















-,-,-
8.79,-3.42,-9.09
5.92,-0.61,-8.73
2.62,2.44,-8.30
-0.79,5.86,-7.32
-2.32,8.85,-6.59
-5.07,11.78,-5.98
-8.00,15.08,-5.37
-10.56,18.25,-4.58
-13.85,21.48,-3.36
-15.93,24.48,-2.14
-15.44,26.37,-0.92
-15.26,28.02,-0.06
-15.32,28.50,0.55
-14.77,27.22,1.04
-14.53,24.90,1.53
-14.83,23.01,2.20
-14.53,20.87,2.69
-13.43,18.01,3.11
-10.56,15.08,3.72
-7.63,12.51,3.97
-6.04,9.70,4.09
-5.13,7.57,4.15
-3.60,5.74,4.52
-2.50,3.91,5.25
-2.87,3.23,6.29
-3.97,3.72,7.45
-5.92,6.23,8.42
-10.50,10.25,9.03
-19.23,16.85,8.73
-27.77,20.57,6.47
-31.92,21.42,2.87
-36.07,22.03,-1.10
-42.30,9.28,-6.59
-29.79,-19.65,-9.77
-30.46,-31.74,-10.80
-31.25,-27.95,-7.57
-20.63,-40.22,-6.47
-1.77,-58.04,-1.22
2.56,-61.22,2.44
9.03,-70.68,5.80
8.24,-67.69,8.97
1.59,-56.76,11.90
-6.29,-55.85,12.70
-3.78,-56.58,15.81
-18.92,-40.59,23.19
-8.73,-59.69,21.18
-4.21,-54.81,17.15
-9.70,-40.16,19.96
-4.27,-45.29,19.47
-7.39,-47.91,16.11
-5.07,-60.12,13.12
-5.49,-63.48,16.11
-2.14,-78.92,14.71
-3.23,-81.60,14.47
-21.42,-48.77,16.24
-6.29,-72.02,14.16
5.68,-93.02,7.32
-8.06,-60.12,7.63
-11.84,-43.76,12.33
-8.24,-50.66,2.93
-1.77,-56.58,-4.33
-12.02,-37.90,2.56
-11.60,-54.32,-0.55
0.18,-71.53,-7.51
-16.60,-29.05,-4.09
-11.29,-27.47,-6.59
-9.89,-16.85,-15.99
-4.15,-30.88,-19.65
-10.74,-14.34,-17.27
-13.49,0.85,-10.99
-10.07,-4.88,-8.42
-10.68,-5.55,-11.47
-9.95,2.08,-10.44
-7.75,13.24,-7.20
-2.87,11.54,-4.64
-0.67,8.54,-1.22
-2.01,8.36,2.56
-5.62,5.37,3.97
-6.77,1.53,4.70
-6.65,-4.64,5.31
-2.56,-26.25,6.41
-2.08,-38.15,4.70
-0.43,-41.50,5.07
-1.46,-21.30,2.69
2.75,-8.18,2.93
6.96,-8.79,3.11
11.17,-11.72,5.07
10.68,-9.03,7.87
9.77,-3.72,10.31
7.08,-0.49,10.93
8.54,1.16,9.95
12.94,2.99,8.73
12.82,5.43,6.41
10.80,7.87,0.92
9.95,8.18,-12.21
15.20,10.13,-26.12
26.31,13.00,-31.56
30.09,12.02,-24.78
34.18,16.60,-31.56
44.86,14.34,-29.54
50.66,7.69,-37.11
60.06,11.05,-32.04
59.39,14.34,-34.06
65.31,19.53,-39.92
67.14,23.44,-38.82
69.46,23.93,-43.09
71.23,27.34,-44.68
68.85,37.48,-33.39
63.35,40.28,-26.12
60.42,36.38,-26.86
64.15,34.30,-22.64
60.12,26.79,-23.68
68.05,19.59,-19.65
63.05,10.68,-11.05
66.16,3.85,-12.27
65.06,3.11,-9.46
62.56,12.82,-9.95
54.02,12.76,-14.10
57.50,7.57,-17.52
50.48,6.90,-13.67
46.33,6.04,-14.34
41.38,2.99,-2.99
28.93,7.08,-1.89
28.26,2.93,-1.16
25.33,-3.17,-2.08
22.64,-2.44,-7.14
24.60,3.11,-12.88
26.79,3.30,-21.91
31.25,2.50,-34.97
31.13,10.68,-34.42
27.40,13.12,-31.68
23.68,8.54,-25.39
19.10,2.26,-24.29
21.30,0.18,-9.52
15.44,-1.89,2.01
13.79,-3.85,2.69
18.31,-9.03,4.09
20.08,-11.35,9.16
19.47,-8.54,11.29
18.68,-8.48,8.18
17.76,-7.63,-2.20
15.63,-2.32,-9.77
17.52,0.31,-18.07
15.75,1.28,-4.76
8.36,3.17,-1.83
6.53,2.38,-7.20
12.45,1.59,-1.28
8.97,2.26,10.56
5.13,0.31,16.54
5.07,-3.30,19.84
5.92,-5.07,18.37
6.29,-6.16,15.44
5.86,-6.71,12.15
6.10,-6.53,8.85
4.94,-6.47,5.80
3.97,-6.10,3.05
2.50,-5.25,0.67
1.71,-4.15,-0.92
0.98,-3.48,-1.71
0.24,-3.54,-1.46
-0.18,-4.09,-0.43
0.55,-4.09,1.22
0.49,-3.54,3.54
0.24,-3.17,5.25
-0.55,-2.93,6.77
-0.31,-2.69,7.75
-0.55,-2.32,8.73
-1.04,-2.44,9.70
-0.43,-2.44,10.56
0.73,-2.87,11.23
2.20,-2.87,11.60
2.38,-2.75,11.54
2.20,-2.56,10.68
1.83,-2.81,9.40
















-,-,-
-2.38,-2.32,0.37
-3.23,-1.71,0.43
-3.23,-2.62,-0.24
-4.33,-0.67,-1.22
-3.78,-2.20,-1.22
-1.53,-7.08,-0.67
3.72,-11.72,0.49
1.40,-1.34,-0.06
0.06,3.30,-0.06
2.50,0.92,0.00
4.46,-0.55,-0.12
6.35,-2.62,0.06
8.36,-2.99,0.00
8.06,0.06,0.55
9.03,0.67,1.28
11.72,0.06,2.14
14.77,-0.98,2.87
17.76,-1.40,3.60
17.21,-1.10,4.15
13.85,0.31,4.39
9.03,1.34,4.21
4.21,2.32,3.78
-0.43,3.11,3.05
-6.16,3.91,2.32
-11.11,4.64,0.79
-15.93,2.81,-0.61
-16.42,-5.98,-1.65
-1.22,-34.42,-1.16
6.47,-34.67,-0.37
5.19,-41.75,1.28
21.30,-67.44,5.25
15.38,-54.38,8.00
14.40,-76.11,8.06
64.88,-144.04,9.89
78.12,-159.73,18.31
57.43,-124.63,18.98
47.36,-107.36,18.68
56.64,-110.90,13.12
65.31,-109.80,8.18
57.80,-83.50,7.57
53.53,-72.75,10.86
47.18,-72.57,10.86
33.57,-52.37,13.61
30.33,-85.33,7.51
44.01,-119.81,0.12
17.09,-76.54,-2.14
1.65,-51.51,-2.08
5.92,-68.66,-15.14
7.20,-63.54,-12.82
-6.35,-38.15,-8.36
-3.17,-41.63,-9.03
-1.77,-38.02,-9.83
-4.52,-26.67,-7.14
-11.47,-3.11,-0.67
-11.90,-44.07,-6.59
-11.84,-51.15,-12.76
-30.64,-25.15,-2.01
-30.03,-51.09,-6.23
-24.48,-46.94,-13.98
-17.82,-15.75,-5.55
-4.39,-7.26,-3.17
9.46,-3.48,-0.85
17.52,5.25,2.75
22.64,16.30,5.49
22.95,16.24,5.92
18.07,13.49,3.66
14.53,10.31,-0.49
12.27,8.42,-3.85
7.87,6.10,-6.04
4.70,4.21,-7.32
3.91,2.38,-8.00
6.16,0.79,-8.00
9.58,-0.73,-7.93
12.02,-0.37,-7.87
13.12,1.83,-7.26
15.44,5.25,-6.16
12.27,9.58,-4.58
14.16,12.39,-5.00
16.11,15.08,-14.10
23.99,20.14,-23.32
30.15,22.28,-23.80
33.02,22.95,-31.56
38.76,23.38,-33.33
41.02,29.91,-35.16
43.76,35.22,-47.42
49.13,37.84,-44.31
53.22,37.84,-41.56
58.78,38.33,-47.97
65.25,32.47,-43.09
67.87,33.69,-50.90
68.24,31.01,-39.79
63.78,30.09,-37.17
65.49,25.88,-28.87
67.20,22.58,-18.74
67.75,18.13,-10.01
70.19,9.70,-0.24
66.59,7.45,2.50
66.89,5.43,8.91
61.40,3.05,11.72
62.26,5.25,6.65
61.83,-0.61,10.31
56.27,3.85,-0.18
56.70,9.09,-6.41
53.53,11.47,-5.43
45.72,11.29,-8.79
41.56,11.23,-6.10
37.48,6.84,0.61
31.74,0.55,1.04
32.04,-1.34,7.63
23.38,-1.59,12.88
18.92,-4.88,23.68
10.01,-6.35,24.84
3.36,-4.76,18.62
1.83,-2.62,8.61
0.49,-0.43,-0.24
-1.71,0.98,-7.20
-2.75,1.65,-12.27
-2.14,2.56,-14.95
-0.67,3.11,-15.38
-0.37,3.60,-14.77
-0.79,3.54,-13.55
-0.43,2.87,-11.35
0.79,2.26,-8.18
1.46,1.89,-4.82
2.44,1.89,-0.49
3.66,1.95,4.03
3.91,1.53,7.87
3.91,1.04,11.47
4.39,0.31,14.77
5.80,-0.49,17.21
6.77,-1.53,18.80
7.14,-2.50,19.78
7.81,-3.36,19.90
8.91,-3.48,18.98
8.67,-2.93,17.64
7.87,-1.95,15.26
6.35,-0.79,12.08
4.76,0.92,9.22
4.09,2.99,6.77
3.30,4.46,4.94
2.50,5.49,4.09
2.87,5.62,3.54
2.87,5.55,2.99
2.93,5.13,2.32
2.99,4.09,2.08
3.23,3.42,2.20
2.69,2.62,2.56
2.87,1.83,3.11
2.56,1.16,3.78
3.17,0.31,4.70
4.27,-0.55,5.80
4.70,-1.34,6.71
4.58,-1.71,7.45
4.58,-1.89,8.12
4.64,-2.32,8.42
4.88,-2.32,8.54
5.13,-2.20,8.79
4.76,-2.26,8.67
4.09,-2.26,8.36
4.46,-2.50,8.42
4.70,-3.23,8.85
5.92,-4.03,9.16
6.16,-4.15,9.09
4.82,-3.48,8.79
4.21,-2.87,7.63
4.15,-2.20,6.84
4.03,-1.34,6.16
4.33,-0.24,5.13
3.85,1.16,3.97
3.23,2.01,2.75
2.99,1.95,1.65
3.05,1.89,0.92
2.56,2.20,0.85
1.77,2.32,0.73
















-,-,-
1.71,-0.79,-0.49
2.75,-0.67,-0.24
2.69,-0.55,-0.18
3.17,-0.12,-0.37
3.42,0.24,-0.92
2.26,0.67,-1.40
2.56,0.67,-1.65
2.50,0.43,-1.71
2.38,0.12,-1.28
2.81,-0.43,-0.98
3.42,-0.55,-0.55
3.48,-0.43,-0.49
3.48,-0.31,-0.49
3.72,0.06,-0.55
4.15,0.12,-0.67
5.43,0.43,-0.85
8.18,1.46,-1.10
9.77,2.50,-1.16
10.56,3.54,-1.04
11.23,4.21,-0.92
10.07,3.85,-0.92
9.09,4.64,-1.16
8.79,5.43,-1.71
8.18,6.16,-1.65
6.96,6.59,-1.65
6.59,6.35,-1.83
5.68,7.14,-1.65
5.19,9.95,-0.98
0.43,12.15,-0.79
-4.39,14.16,-0.61
-6.90,15.93,-0.37
-6.84,15.63,-0.24
-8.06,12.15,0.12
-6.47,6.35,-0.31
-4.76,-0.12,0.37
-5.07,-6.35,2.56
-11.60,-0.61,2.38
-16.78,-9.28,4.64
-6.16,-48.46,9.09
5.43,-63.42,9.89
8.36,-68.18,13.85
30.70,-91.92,18.80
32.90,-88.44,17.76
33.39,-88.26,9.64
47.06,-109.56,5.37
60.67,-117.98,0.37
51.15,-105.04,-5.49
54.75,-108.83,-14.10
73.91,-142.09,-17.09
76.90,-134.28,-16.72
53.65,-106.26,-12.63
50.23,-117.25,-20.75
50.35,-113.34,-26.18
23.32,-79.77,-17.82
30.46,-103.58,-23.99
26.25,-90.82,-21.61
13.18,-83.25,-16.36
16.42,-92.47,-24.54
4.64,-73.00,-20.81
4.27,-74.46,-26.67
-1.53,-55.30,-20.26
-7.93,-54.63,-15.87
-3.66,-82.58,-24.90
-5.49,-79.04,-27.47
-19.17,-42.54,-14.47
-18.98,-46.94,-17.33
-13.98,-65.00,-23.74
-18.68,-54.32,-17.88
-30.03,-18.55,-5.31
-27.40,-46.26,-10.68
-23.38,-70.92,-19.41
-39.79,-42.91,-10.68
-38.15,-45.90,-16.30
-35.52,-28.50,-14.04
-34.30,-41.69,-7.63
-28.81,-56.64,-11.96
-34.12,-39.06,-12.15
-27.10,-33.63,-13.00
-19.41,-24.78,-14.04
-20.69,-17.70,-7.26
-18.25,-35.77,-12.45
-23.74,-33.14,-11.54
-27.40,-18.55,-8.73
-20.81,-18.13,-10.31
-11.29,-20.20,-9.16
-4.27,-6.23,-7.45
2.56,9.09,-5.19
9.46,13.06,-2.87
13.67,11.54,-0.67
13.67,11.78,1.10
13.06,12.63,0.18
12.57,14.22,-2.75
11.17,15.50,-5.31
11.29,15.56,-5.62
15.38,16.05,-3.72
15.14,17.94,0.00
17.40,22.16,2.99
21.55,30.03,7.02
22.09,38.94,11.35
25.45,41.08,7.26
31.92,44.49,2.50
37.05,42.85,0.73
45.04,41.38,-0.61
50.11,44.01,-6.71
62.26,58.11,-9.46
66.53,64.94,-12.27
75.74,66.89,-14.83
77.33,60.00,-17.33
75.20,58.65,-12.94
74.04,56.09,-10.44
74.04,45.35,-1.83
73.49,36.07,-1.89
86.98,32.17,-17.21
94.73,32.23,-8.12
94.73,33.45,-22.52
104.06,33.81,-39.55
100.22,42.54,-38.39
97.78,51.03,-38.57
87.22,40.41,-26.79
85.08,28.99,-22.34
75.44,11.35,-10.80
78.74,-2.62,-5.98
69.34,1.28,12.21
62.62,5.86,12.45
70.37,2.26,6.90
68.12,9.09,3.85
60.85,16.66,-2.20
57.62,24.35,-16.36
56.21,18.55,-15.56
48.40,19.84,-16.30
41.20,8.67,-3.23
35.83,-2.01,-0.18
35.52,-5.86,-0.85
34.48,-2.87,-2.14
32.90,-7.81,1.04
30.70,-11.72,2.99
29.17,-12.39,4.33
30.21,-11.11,3.54
29.79,-7.32,-0.18
26.86,-2.56,-3.48
24.72,4.09,-7.14
24.17,8.36,-9.03
23.19,13.61,-14.95
25.76,14.89,-14.89
26.18,2.75,1.89
21.36,-3.11,7.02
21.48,-4.58,5.86
23.07,-6.47,8.42
23.56,-3.30,-0.31
23.50,-1.40,2.01
20.69,-1.95,1.10
21.42,3.54,-10.01
23.86,3.42,-0.31
20.51,3.48,0.55
19.23,0.98,5.86
14.89,-0.67,10.50
11.29,0.85,6.47
10.50,0.92,7.39
7.32,1.46,5.07
4.46,3.05,1.10
3.42,4.70,-2.99
5.07,5.37,-5.13
8.18,4.94,-5.80
10.56,4.33,-5.80
13.73,4.03,-5.07
13.31,4.03,-2.93
12.15,3.91,-0.73
9.22,4.21,2.01
8.24,4.03,3.78
7.02,2.99,3.97
5.86,2.14,3.72
6.90,0.98,3.11
6.47,0.37,3.42
6.90,-0.49,3.48
7.63,-1.22,2.69
















-,-,-
1.65,-0.18,-0.55
1.77,-0.06,-0.55
1.65,0.06,-0.79
1.04,-0.18,-0.79
0.55,-0.37,-0.85
0.12,-0.55,-0.61
0.67,-0.37,-0.49
0.92,0.06,-0.24
1.28,0.00,-0.12
1.28,0.12,-0.18
1.34,0.37,-0.31
1.71,0.37,-0.31
2.08,0.55,-0.37
2.32,0.18,-0.24
2.44,0.00,-0.12
2.50,-0.18,-0.12
2.32,-0.31,0.12
1.95,-0.37,0.12
2.38,-0.24,-0.06
2.62,-0.12,-0.43
2.69,0.06,-0.43
2.75,-0.06,-0.61
3.05,-0.24,-0.79
2.81,-0.49,-0.85
4.09,-0.67,-0.55
4.03,-1.04,-0.24
3.78,-1.04,0.31
4.64,-1.04,0.37
4.70,-0.98,0.24
3.54,-0.98,0.00
3.30,-0.61,-0.49
2.75,-0.49,-0.85
2.01,-0.24,-0.73
1.95,-0.18,-0.24
2.87,-0.12,0.49
3.42,0.73,1.53
-0.18,3.78,2.32
-7.87,4.03,1.59
-8.73,-3.23,-2.32
-15.99,-9.58,-9.70
-27.77,-22.03,-17.21
-40.04,-21.00,-21.42
-47.42,-26.98,-24.72
-47.42,-53.47,-26.49
-35.95,-72.51,-21.36
-24.96,-60.79,-19.41
-8.42,-61.77,-17.09
18.13,-83.80,-12.51
26.73,-81.97,-11.84
32.53,-84.11,-10.62
45.78,-96.31,-8.67
47.18,-79.35,-9.46
43.82,-83.68,-6.29
57.07,-117.61,-7.45
42.66,-96.92,-6.04
23.13,-71.90,-3.91
33.14,-100.65,-2.01
23.50,-97.66,-4.46
14.71,-80.57,-5.68
16.97,-78.31,-9.16
21.61,-84.84,-10.13
20.14,-93.81,-14.34
16.05,-89.54,-12.45
13.98,-78.98,-14.10
5.31,-45.10,-14.65
2.38,-29.48,-14.10
10.01,-58.59,-20.32
6.41,-64.27,-20.75
-4.39,-50.11,-14.10
-2.44,-51.39,-15.56
-4.70,-36.32,-15.01
-9.77,-26.55,-9.58
-4.70,-46.94,-13.24
-4.03,-50.48,-15.81
-13.06,-23.25,-11.23
-11.11,-17.76,-9.70
-8.73,-21.73,-8.79
-5.19,-37.11,-9.52
-4.88,-26.79,-8.42
-4.88,-5.68,-4.70
-2.32,4.64,-3.97
1.46,7.08,-2.81
3.60,9.03,-1.28
6.35,10.56,-0.06
3.78,12.57,2.01
-3.05,12.08,1.40
-8.73,8.36,-0.24
-13.43,-1.16,-1.10
-15.08,-22.09,-2.93
-16.97,-19.23,-4.15
-17.03,-4.03,0.79
-9.89,-2.32,3.17
-2.62,-3.66,5.13
3.91,-2.38,6.16
10.13,-0.73,4.21
15.50,0.06,0.98
17.46,4.52,-1.77
14.89,11.05,-5.07
12.08,14.83,-8.48
14.89,17.52,-10.31
15.08,19.47,-8.30
9.28,21.67,-5.62
8.00,23.25,-3.66
9.64,23.74,-2.69
12.57,23.74,-3.05
15.38,23.86,-4.58
18.80,24.84,-11.05
27.47,24.90,-11.35
33.63,23.07,-11.17
31.13,22.40,-15.56
43.21,22.34,-25.02
49.26,20.02,-23.80
57.74,19.41,-29.42
64.94,22.71,-18.13
64.51,19.53,-12.02
63.78,17.94,-2.20
59.20,17.64,4.09
58.04,13.49,6.65
61.34,9.64,-6.77
66.22,6.53,-12.21
69.52,6.77,-11.72
72.88,5.86,-13.61
74.28,8.73,-6.29
71.96,12.94,-5.25
67.02,20.87,-0.31
67.44,18.62,-4.15
64.39,13.67,-2.62
53.89,16.17,1.89
55.36,11.54,-8.91
59.33,3.36,-1.77
56.82,0.85,2.32
54.44,-0.85,-3.30
55.05,1.65,2.01
54.02,5.19,-2.93
52.86,7.63,0.79
45.65,5.00,14.34
33.94,0.24,10.74
35.89,-3.36,3.85
33.26,-1.28,0.00
31.68,1.59,-6.59
27.04,3.54,-8.54
26.25,2.87,-9.77
23.62,0.12,1.59
16.17,-0.49,5.80
13.49,-0.43,-3.30
14.71,-1.40,5.68
9.28,-2.69,6.47
5.68,-3.30,2.93
8.12,-2.56,-2.99
10.13,-1.59,-7.08
11.05,-1.16,-10.19
11.72,-1.04,-11.90
11.84,-1.16,-12.45
12.27,-1.65,-11.78
10.93,-1.95,-10.01
8.42,-2.69,-7.51
5.80,-3.05,-4.64
3.05,-3.30,-0.85
0.55,-3.60,2.62
-0.67,-3.54,5.68
-1.46,-3.05,8.06
-1.89,-2.87,10.01
-0.79,-2.44,11.17
0.00,-1.95,11.29
-0.06,-1.16,10.19
0.73,-0.18,8.54
0.73,1.04,6.90
1.04,2.32,5.43
1.04,2.62,4.15
0.85,2.93,3.48
0.49,2.93,2.99
-0.55,2.38,2.93
-1.89,1.89,3.60
-3.85,1.83,5.80
















-,-,-
2.87,-0.55,-3.85
4.88,-0.24,-4.09
8.30,0.24,-4.21
7.02,0.61,-4.33
4.82,1.04,-4.70
5.98,1.34,-4.58
8.00,1.53,-4.52
8.06,1.53,-4.52
7.57,1.65,-4.70
6.41,2.01,-5.07
6.04,2.62,-5.25
5.62,3.11,-5.31
4.21,2.26,-5.13
3.72,1.28,-4.94
2.87,0.98,-4.64
2.62,0.49,-4.27
2.81,0.49,-3.72
3.48,0.67,-3.05
3.54,0.67,-2.69
3.78,0.49,-2.20
3.05,0.92,-1.59
2.87,1.59,-1.16
3.05,1.83,-0.55
4.09,2.38,0.06
4.88,3.97,0.43
0.12,3.36,0.85
-3.78,-1.83,1.83
-10.86,-4.21,2.87
-24.17,-3.72,3.85
-32.53,-13.92,4.58
-26.37,-44.62,4.46
-14.77,-65.73,4.64
-14.40,-63.35,7.45
-13.73,-61.34,9.64
-9.40,-68.91,8.18
7.75,-87.22,7.81
2.75,-71.41,4.76
11.60,-72.88,9.03
24.23,-90.33,15.63
36.38,-100.10,19.35
23.74,-84.05,21.48
35.52,-102.42,28.20
33.20,-113.71,28.14
30.64,-112.61,29.30
33.51,-118.65,33.20
33.08,-113.95,26.00
47.97,-121.77,26.18
49.68,-118.77,21.12
54.14,-117.61,15.75
43.15,-110.66,8.79
36.99,-93.69,2.81
29.05,-86.43,0.06
33.45,-105.47,-0.37
18.49,-95.89,0.85
9.03,-74.34,1.04
14.22,-82.09,-5.49
7.14,-69.34,-13.18
0.92,-41.20,-16.78
-6.23,-23.62,-14.04
-5.62,-42.66,-13.43
-10.38,-39.25,-13.12
-17.82,-8.97,-3.54
-13.73,-9.34,-0.37
-10.56,-4.39,-1.34
-11.05,7.81,5.86
-5.31,8.73,8.36
0.55,3.72,8.91
3.91,2.44,9.95
7.08,2.26,9.70
7.75,0.49,7.93
7.14,-0.79,5.31
7.32,-1.10,2.93
6.77,-0.37,0.85
5.86,-1.04,-1.83
6.90,-2.08,-4.39
10.07,-2.99,-5.80
17.40,-3.85,-6.35
26.92,-3.48,-6.35
35.46,-1.77,-6.29
41.26,4.46,-10.80
48.46,13.31,-19.59
49.99,17.21,-28.56
56.34,28.63,-43.27
61.04,32.84,-38.21
62.50,35.95,-47.00
66.35,36.13,-45.04
67.20,35.83,-49.13
82.34,32.35,-48.52
85.82,31.68,-38.15
95.34,32.53,-26.67
93.81,36.50,-19.04
104.00,26.43,-10.68
101.32,25.33,-0.12
90.58,29.24,7.63
88.50,23.25,9.22
81.60,19.10,15.69
80.99,14.10,7.57
76.05,11.60,13.61
71.23,10.01,9.46
65.00,11.66,14.40
55.54,16.48,14.77
49.07,16.60,6.71
50.05,18.01,0.49
43.82,13.67,5.74
34.97,12.02,2.01
28.81,7.02,3.30
22.34,4.09,1.89
11.90,5.80,2.75
3.23,3.60,2.20
-1.53,1.04,-4.70
-2.50,1.34,-13.98
-1.89,2.01,-21.48
-2.56,1.83,-25.76
-3.05,0.67,-26.31
-1.22,-0.37,-24.11
1.77,-1.40,-19.47
3.85,-2.32,-13.61
5.43,-2.81,-7.57
5.86,-3.11,-1.71
4.94,-2.87,4.27
3.72,-2.32,9.03
2.69,-2.08,12.39
1.40,-1.77,14.28
0.85,-1.34,14.71
0.79,-0.79,14.04
0.85,-0.55,12.57
0.98,0.37,10.62
1.40,1.40,8.00
1.34,2.69,5.37
0.43,4.03,3.11
-0.67,4.94,1.16
-1.34,5.74,-0.43
-1.59,6.41,-1.53
-2.32,6.59,-1.65
-3.23,5.98,-0.85
-2.93,5.37,0.24
-1.77,4.58,1.65
-0.24,3.60,3.42
1.89,2.81,5.07
3.30,2.01,6.23
3.23,1.34,6.16
2.50,0.85,5.62
1.89,0.67,4.76
1.77,0.61,3.85
2.01,0.43,3.05
1.89,0.24,2.01
1.71,0.00,1.16
1.53,0.12,0.98
0.73,-0.37,0.55
0.24,-0.92,0.37
-0.67,-1.28,0.43
-0.98,-1.40,0.92
-0.31,-1.77,1.53
1.95,-2.14,2.26
2.99,-2.08,2.75
2.93,-1.59,2.93
2.81,-1.53,2.69
2.62,-1.46,2.20
2.32,-1.53,1.89
2.08,-1.16,1.53
1.77,-0.79,1.28
1.83,-0.43,1.28
2.01,-0.61,1.04
1.53,-0.55,0.73
1.16,-0.67,0.43
0.85,-0.85,0.18
1.40,-1.16,0.24
2.38,-1.40,0.24
2.81,-1.59,0.00
2.81,-1.89,-0.37
2.75,-2.01,-0.55
2.62,-1.59,-0.79
2.01,-1.34,-0.79
1.71,-1.34,-0.31
















-,-,-
20.39,-17.03,3.78
18.98,-15.14,4.15
17.03,-13.18,4.46
16.72,-11.90,4.88
16.60,-11.11,5.37
16.91,-9.95,5.37
15.20,-8.85,5.00
12.39,-6.96,4.03
9.64,-4.70,2.62
6.90,-2.75,1.10
3.91,-0.85,-0.18
2.87,1.40,-0.92
1.89,2.87,-1.40
0.61,3.78,-1.71
-0.67,4.76,-1.28
-1.77,5.86,-0.79
-1.83,6.84,-0.43
-1.71,8.24,-0.49
-2.44,9.22,-0.79
-2.93,9.89,-0.85
-3.42,10.38,-0.61
-3.60,10.07,-0.37
-3.17,8.97,0.06
-2.26,8.06,0.67
-1.46,7.32,1.34
-1.59,6.84,2.26
-2.26,7.26,2.69
-5.00,8.48,2.75
-7.81,10.74,2.50
-9.22,13.73,2.14
-10.99,16.85,1.10
-13.18,16.48,-0.79
-15.87,10.38,-3.05
-19.84,-1.59,-3.11
-19.47,-23.86,-1.59
-36.32,-8.79,-2.56
-28.14,-19.23,1.22
-29.24,-21.97,-0.92
-16.78,-34.97,3.17
-23.93,-12.27,2.93
-18.68,-5.43,0.24
-5.74,-31.19,1.22
-12.82,-23.86,-2.32
-28.69,13.79,-3.48
-27.53,10.19,-5.25
-4.15,-45.78,-5.00
-27.59,-2.44,-1.71
-31.01,12.27,0.24
-7.39,-28.38,-2.14
-9.40,-22.16,-3.36
2.38,-39.00,-1.40
27.47,-98.33,1.77
3.97,-52.80,3.23
7.93,-57.86,9.64
12.21,-69.95,15.75
6.23,-62.44,23.56
16.78,-89.05,23.50
4.21,-62.68,20.81
-3.05,-46.75,20.08
13.49,-88.38,22.03
1.46,-96.56,17.15
-9.64,-84.23,12.70
-6.84,-85.21,7.69
-1.83,-110.90,5.62
-3.23,-116.70,-3.72
-12.57,-60.67,-4.09
-6.59,-27.10,-8.85
10.62,-41.63,-23.01
1.95,-14.47,-14.95
6.90,-23.01,-14.40
7.63,-17.76,-13.37
1.28,8.42,-5.86
2.50,-2.44,-7.20
7.32,-27.59,-11.29
-6.41,-5.62,-3.91
-9.77,2.32,-1.89
-6.90,0.67,-2.20
-3.42,-5.00,-0.37
3.05,-11.54,0.79
7.87,-16.85,2.38
10.31,-18.98,4.21
12.08,-17.82,5.07
12.02,-15.26,5.43
9.64,-11.35,5.68
5.92,-5.98,6.29
1.71,-0.37,6.23
-2.32,3.11,5.68
-4.21,6.10,5.43
-3.97,7.45,5.07
-1.22,8.00,3.97
3.85,9.58,-1.16
13.61,12.76,-17.09
30.76,14.40,-27.77
40.77,15.50,-43.95
54.02,16.24,-56.40
57.31,16.36,-54.26
63.05,27.22,-55.05
64.27,28.08,-42.18
72.94,27.71,-44.68
78.31,22.28,-31.07
81.85,18.80,-24.78
86.43,21.36,-5.80
89.60,19.59,3.36
94.06,22.28,3.85
99.12,20.39,3.85
91.86,24.48,8.24
83.56,23.68,6.10
77.88,13.73,12.76
71.84,17.52,12.63
65.25,18.13,14.53
64.39,10.93,15.44
59.14,3.66,19.90
47.67,1.16,18.74
43.21,-1.16,10.31
35.83,-0.06,-1.71
29.72,4.15,-11.60
26.06,1.83,-17.52
19.47,-0.18,-11.60
11.72,-1.10,-17.46
13.43,-1.71,-25.82
14.47,0.55,-24.72
11.23,2.99,-24.41
11.23,4.15,-30.70
15.08,4.15,-23.74
12.94,2.93,-16.42
13.43,0.00,-14.77
13.49,-1.53,-7.45
13.18,-2.44,-3.48
11.72,-4.94,6.10
9.16,-7.51,10.01
9.40,-9.34,11.84
10.74,-10.07,13.31
9.58,-9.95,12.94
6.71,-9.22,10.80
4.58,-7.87,7.81
2.62,-6.35,5.62
0.55,-4.70,3.85
-0.85,-3.54,2.87
-1.53,-2.50,3.17
-1.40,-1.22,4.58
-0.43,-0.31,6.04
0.12,0.37,6.90
-0.49,1.59,7.39
-1.40,2.08,6.84
-1.16,2.08,5.55
-0.73,1.65,4.39
-0.79,1.46,3.72
-0.37,1.83,3.17
-0.12,2.08,2.81
0.31,2.14,2.26
1.04,1.83,2.14
1.34,0.98,2.50
2.01,0.31,3.11
2.87,-0.24,3.85
3.72,-0.92,4.39
3.97,-1.28,4.33
3.54,-0.79,3.36
2.56,-0.49,1.77
1.65,0.18,-0.12
0.73,0.98,-1.46
0.61,1.40,-2.20
0.55,1.53,-2.26
0.61,1.04,-2.01
0.79,0.37,-0.92
0.73,-0.61,0.73
0.79,-1.10,2.50
1.10,-1.53,4.15
1.89,-1.40,5.55
2.44,-1.28,6.04
2.01,-0.79,5.62
1.34,0.06,4.39
1.34,0.49,3.05
1.71,1.22,1.65
1.28,1.95,0.67















