
-,-,-
1.71,-0.98,-1.34
2.38,-1.34,-1.10
3.72,-1.28,-1.53
5.00,-1.34,-2.38
6.23,-1.04,-3.54
6.23,-0.31,-4.70
5.49,0.43,-5.37
3.72,0.43,-5.62
2.44,0.61,-5.55
1.53,0.24,-4.88
1.40,-0.49,-3.54
1.53,-1.04,-1.59
1.16,-1.95,0.00
2.44,-2.50,1.46
2.93,-2.38,2.20
2.99,-2.14,1.89
4.15,-1.22,0.43
4.15,0.12,-1.34
4.27,1.77,-3.23
4.15,3.17,-4.88
2.56,4.46,-5.98
1.22,5.62,-6.47
5.31,6.16,-6.23
14.59,6.71,-5.00
28.26,6.96,-4.46
41.20,7.51,-11.54
53.47,12.39,-31.19
64.76,12.27,-31.80
65.98,7.26,-33.57
81.24,5.68,-49.26
90.82,7.51,-52.55
95.76,16.91,-75.56
104.43,18.37,-82.64
98.94,26.73,-93.08
107.91,34.00,-95.40
108.22,39.92,-89.60
107.91,40.71,-87.46
108.64,38.64,-75.81
102.17,33.81,-65.98
98.69,30.46,-62.81
95.15,27.77,-47.24
90.09,16.17,-36.68
83.07,19.71,-31.98
78.61,13.18,-25.21
70.50,10.56,-25.51
65.98,7.63,-12.33
58.04,1.40,-8.54
49.38,-4.70,5.74
32.96,-9.52,11.90
14.47,-8.73,11.29
-11.05,-0.43,0.73
-37.78,9.03,-14.04
-62.56,17.33,-24.66
-76.29,23.32,-27.53
-75.62,28.50,-24.29
-68.18,30.33,-16.78
-57.86,26.12,-7.63
-42.91,18.01,0.79
-24.29,-5.68,7.39
-5.43,-34.85,9.34
9.40,-59.27,9.22
6.96,-50.05,11.41
0.18,-32.96,13.55
-0.43,-40.16,12.21
6.77,-53.77,11.90
-4.70,-31.80,6.84
10.62,-57.68,3.85
7.45,-55.66,1.95
9.40,-54.32,-3.05
13.85,-54.99,-11.96
9.58,-45.47,-13.12
28.75,-73.24,-18.80
26.25,-77.09,-15.87
33.63,-78.98,-12.39
33.63,-73.30,-13.24
30.15,-58.90,-14.59
36.01,-62.44,-21.00
35.34,-55.18,-24.54
37.84,-46.81,-19.90
31.31,-31.25,-18.01
31.62,-26.73,-12.51
27.47,-24.48,-6.10
24.29,-31.98,-3.36
20.45,-36.56,-4.46
6.77,-5.37,2.56
6.04,1.59,3.42
3.05,-2.44,1.28
0.55,-6.65,-0.79
-2.20,-11.47,-3.17
-8.61,-15.32,-5.49
-17.76,-16.54,-6.65
-28.26,-14.59,-5.00
-39.31,-7.26,3.60
-58.11,-0.85,17.40
-76.90,0.67,41.20
-93.20,8.12,73.97
-115.23,18.43,108.15
-116.64,24.48,118.84
-112.49,34.18,136.90
-109.37,47.97,140.38
-90.64,35.16,122.80
-80.75,31.01,104.13
-76.90,20.81,74.22
-71.41,9.95,46.51
-73.97,7.26,32.71
-71.11,10.93,30.94
-64.76,7.51,29.30
-57.50,5.92,26.98
-48.52,11.96,31.49
-49.26,11.11,26.67
-46.39,5.31,11.54
-41.08,10.25,-0.85
-29.79,16.30,3.23
-25.15,13.24,6.47
-17.09,14.47,-2.01
-3.11,13.79,4.46
-2.69,12.94,8.48
-0.67,14.71,9.28
4.52,17.03,7.87
2.69,20.94,4.33
-4.70,24.78,-0.61
-6.96,26.00,-6.04
-10.44,25.39,-11.05
-15.08,16.97,-16.36
-17.09,-7.93,-23.44
-13.85,-44.86,-31.19
-11.96,-54.08,-32.78
-14.34,-50.42,-27.77
-7.69,-71.11,-26.86
-3.42,-72.51,-25.39
0.49,-84.59,-18.01
7.75,-106.87,-20.94
1.65,-83.19,-12.82
10.31,-95.40,-17.64
16.17,-115.66,-16.60
13.43,-112.12,-14.53
13.24,-110.72,-9.89
7.51,-81.42,-9.89
8.00,-70.01,-10.50
10.74,-74.40,-15.26
0.98,-61.28,-6.96
1.95,-80.57,-5.49
-1.95,-78.55,-8.54
-3.66,-72.88,-10.07
-6.10,-41.93,-14.34
-5.62,-27.59,-9.77
-2.81,-41.75,-16.78
-4.88,-28.20,-13.00
-0.61,1.53,-6.04
1.89,12.02,-1.10
2.69,6.59,0.98
3.30,5.62,3.97
2.08,4.64,6.41
-1.65,-2.75,5.68
-4.15,-14.71,3.72
-6.23,-19.53,2.69
-4.09,-22.58,-1.10
2.14,-11.78,-0.24
7.14,5.80,5.00
13.92,6.90,4.88
26.12,2.69,3.91
34.48,1.59,7.57
32.84,2.87,10.80
31.98,4.88,5.07
31.68,6.41,-8.24
46.45,8.18,-33.02
65.61,14.59,-31.01
76.11,17.70,-34.97
87.59,18.86,-31.07
92.22,34.06,-28.02
93.99,45.29,-30.70
91.67,38.39,-31.92
89.05,24.17,-27.40
81.36,16.85,-15.93
















-,-,-
1.83,-0.49,0.06
1.77,-0.61,0.12
1.71,-0.92,0.00
2.44,-0.79,0.24
2.44,-0.55,0.18
1.77,-0.49,-0.18
1.40,-0.24,-0.73
0.55,-0.18,-1.04
0.31,-0.24,-1.10
0.12,-0.12,-1.10
0.31,-0.24,-0.92
0.73,-0.85,-0.61
1.46,-1.16,-0.31
1.95,-1.22,-0.12
2.50,-1.34,-0.12
1.46,-1.04,-0.06
1.16,-0.79,-0.31
0.79,-0.79,-0.37
0.98,-0.67,-0.73
1.65,-0.67,-1.28
1.71,-0.73,-1.59
1.10,-0.61,-1.83
0.43,-0.43,-2.01
-0.12,-0.24,-2.26
-0.12,0.37,-2.44
-1.04,0.67,-2.44
-2.69,0.79,-2.69
-3.05,0.73,-2.62
-2.56,0.98,-2.62
-3.30,1.16,-3.17
-4.27,1.40,-4.33
-5.80,1.95,-5.19
-6.10,2.87,-5.49
-3.48,4.64,-5.55
7.57,6.77,-6.29
13.06,5.49,-13.00
26.98,0.18,-27.71
54.26,-5.07,-32.78
57.56,-4.64,-40.22
68.30,-6.29,-50.72
78.00,-7.39,-53.96
102.60,-8.91,-45.90
111.63,-10.19,-56.46
124.02,3.23,-63.05
126.77,18.68,-57.43
124.69,17.33,-63.35
145.39,17.27,-61.83
141.24,12.21,-47.06
141.91,18.74,-53.16
138.24,27.83,-45.65
124.88,29.54,-54.02
111.76,31.31,-58.78
91.61,28.32,-44.74
67.93,17.52,-36.74
51.09,20.32,-34.73
43.15,18.49,-27.10
38.33,15.56,-32.78
39.67,15.75,-25.82
26.55,15.87,-20.94
14.16,23.07,-26.25
10.07,21.18,-14.71
-0.12,19.96,-15.14
-6.41,18.86,-17.27
-10.62,16.60,-17.09
-15.56,13.43,-15.56
-22.34,11.47,-12.63
-29.05,10.01,-7.93
-36.19,9.52,-2.26
-48.95,10.38,4.15
-60.73,11.47,9.03
-59.88,12.33,13.67
-51.33,11.84,19.23
-35.28,-0.37,23.25
9.89,-41.08,23.01
26.25,-36.87,22.03
23.07,-45.23,12.88
29.11,-46.75,5.25
24.35,-47.85,1.10
22.03,-48.16,-4.21
22.77,-40.53,-10.31
41.32,-56.52,-16.85
28.32,-25.76,-14.53
3.42,-6.84,-20.39
43.40,-44.25,-24.72
43.21,-38.64,-23.62
39.25,-35.22,-23.25
51.27,-44.74,-18.62
40.16,-29.48,-12.27
12.27,-0.43,-6.71
18.01,-12.45,-6.23
50.66,-47.67,-4.82
19.65,-13.18,0.37
7.02,-1.77,0.24
0.06,0.37,-0.61
-3.97,0.61,-1.22
-7.14,0.06,-1.71
-14.28,0.43,-2.56
-25.57,3.72,-4.21
-41.63,9.09,-6.29
-61.16,14.22,-9.16
-79.90,16.72,-8.30
-89.90,9.22,20.45
-100.34,-5.13,70.80
-112.06,-15.01,101.75
-115.66,-22.34,111.39
-122.01,-26.98,132.14
-139.59,-38.94,160.58
-151.86,-56.46,162.60
-148.07,-47.00,131.77
-133.12,-21.30,76.84
-111.15,-13.37,33.39
-75.81,-12.39,5.31
-44.07,1.16,-13.43
-20.87,2.14,-7.81
-4.46,-2.26,-13.73
13.00,-2.14,-5.80
23.13,-3.11,5.00
26.92,-5.13,10.99
28.02,-5.37,15.87
26.79,-6.04,18.37
23.19,-5.92,18.13
17.52,-3.17,16.24
11.84,1.04,12.88
6.41,5.98,9.09
1.34,12.08,5.49
-2.14,17.40,2.01
-4.94,21.30,-1.40
-5.55,24.11,-4.88
-11.29,26.43,-7.69
-21.24,28.56,-11.72
-27.40,25.88,-15.69
-28.56,10.44,-16.97
-9.34,-22.28,-14.47
-6.10,-24.35,-17.76
5.68,-35.89,-18.19
21.85,-47.30,-18.49
34.97,-52.12,-17.09
32.71,-48.10,-14.89
42.42,-58.78,-12.94
41.02,-53.65,-9.77
32.29,-44.62,-7.26
56.64,-76.54,-0.12
49.99,-74.71,4.46
44.25,-71.72,11.78
38.57,-69.15,13.12
53.53,-107.30,9.46
33.75,-78.25,12.02
5.31,-55.54,8.48
38.88,-106.02,0.12
10.93,-71.29,5.31
11.66,-56.46,8.30
2.26,-19.90,9.58
5.68,-8.24,8.73
10.86,-15.63,6.90
14.04,-34.67,3.05
18.07,-56.46,-1.16
6.41,-26.67,-0.37
-3.42,3.60,1.59
7.14,-8.85,-2.01
12.27,-17.46,-4.21
9.46,-9.89,-2.56
8.00,-4.76,-1.10
4.76,0.06,0.00
3.48,-0.43,0.55
0.98,-0.55,1.04
1.83,-2.62,1.22
4.03,-4.03,2.14
4.39,1.95,3.60
8.67,4.27,4.52
18.13,1.46,4.82
29.66,-3.60,5.98
37.05,-6.90,8.85
35.10,-4.15,10.31
35.52,-3.23,5.13
















-,-,-
3.97,-1.04,3.23
4.27,-1.04,3.17
3.97,-0.92,3.23
4.39,-0.79,2.81
4.09,-0.49,2.26
3.72,-0.12,1.59
3.05,0.18,0.79
2.08,0.67,-0.06
1.34,1.16,-0.85
1.16,1.65,-1.40
0.55,1.83,-1.53
0.06,2.08,-1.59
0.12,1.46,-1.22
-0.06,0.43,-0.49
0.37,-0.61,0.00
1.22,-1.40,0.31
2.14,-1.95,0.37
2.75,-2.56,0.49
3.48,-3.42,0.61
4.03,-4.27,0.67
6.53,-4.33,0.00
11.17,-4.15,-1.71
21.97,-4.15,-6.23
36.80,-0.55,-17.64
44.07,2.32,-30.64
53.89,6.84,-44.19
57.80,5.25,-52.43
74.04,3.97,-67.75
80.26,17.15,-72.75
85.45,23.44,-76.66
86.06,33.02,-89.66
85.33,43.64,-102.72
89.11,42.30,-96.68
97.78,35.64,-95.76
96.01,40.71,-92.83
95.58,38.64,-88.68
100.52,36.13,-80.20
97.78,38.09,-64.64
97.60,22.83,-46.20
94.06,21.67,-27.95
84.23,20.45,-2.69
73.67,8.79,13.24
62.38,-6.10,24.96
47.67,-12.51,26.31
34.85,-10.01,12.70
22.83,-4.82,-5.80
12.15,-0.24,-17.46
4.52,3.48,-24.60
0.92,6.90,-27.47
1.65,9.03,-26.31
4.33,9.46,-21.30
5.43,8.24,-14.28
6.59,5.68,-7.57
6.29,2.08,-1.34
5.31,-1.65,4.94
1.95,-5.13,11.29
-1.40,-7.75,17.70
-2.62,-10.07,23.44
-3.42,-10.44,28.14
-5.43,-9.34,31.25
-10.01,-7.08,32.78
-16.42,-4.15,31.98
-24.29,-0.98,28.44
-37.05,3.85,23.38
-50.48,10.01,17.76
-61.28,11.72,11.17
-58.78,-16.17,1.95
-25.76,-61.65,-10.07
-24.05,-44.31,-10.38
-34.30,-41.50,-13.12
-10.25,-71.59,-22.52
-8.48,-72.57,-11.54
-25.51,-50.84,-12.63
-12.02,-57.62,-15.38
-5.31,-66.53,-14.22
11.35,-90.94,-15.56
16.36,-91.06,-12.70
17.82,-84.11,-11.84
19.29,-72.45,-6.71
26.06,-74.46,-8.54
29.42,-74.46,-10.13
16.60,-49.56,-1.28
8.36,-49.50,-1.46
18.98,-49.74,-5.55
-6.29,-0.06,3.05
2.81,-8.97,4.52
14.95,-20.39,3.78
6.16,-1.22,9.77
10.62,-1.34,10.07
9.03,-3.30,7.45
1.77,-3.30,3.97
-2.62,-2.20,-0.55
-5.86,-0.18,-4.46
-9.58,2.38,-7.32
-15.87,5.74,-10.13
-25.94,10.86,-13.31
-40.28,16.48,-16.85
-56.88,22.16,-20.87
-72.08,27.47,-23.93
-80.87,29.85,-21.30
-84.41,23.93,-5.49
-90.33,6.04,32.04
-101.26,-3.54,54.63
-106.51,-7.63,71.04
-106.81,-6.53,67.87
-108.83,-4.94,68.54
-111.82,-12.33,91.49
-116.39,-19.59,95.40
-109.62,-13.18,87.77
-98.82,-3.05,77.03
-88.32,5.49,68.36
-75.99,7.45,59.88
-74.04,13.98,54.81
-70.62,12.27,39.73
-52.37,13.49,26.79
-40.65,12.02,27.16
-34.79,8.91,19.47
-23.13,11.11,29.54
-22.03,2.50,30.70
-14.10,-0.92,30.40
-16.54,-4.21,15.87
-5.62,-4.09,7.26
-1.59,-3.11,12.70
4.09,-2.38,16.66
6.47,-1.10,17.46
7.26,0.67,16.48
6.77,3.66,13.61
5.98,7.81,9.09
3.97,10.56,3.36
1.89,13.37,-2.50
-1.28,17.40,-6.96
-3.78,19.96,-11.05
-5.31,22.83,-14.34
-11.90,25.94,-15.44
-25.02,25.94,-16.85
-38.21,15.44,-20.14
-37.90,-29.72,-23.25
-13.00,-80.63,-22.09
-13.06,-91.55,-21.42
-22.95,-83.07,-19.71
-23.68,-77.33,-23.68
2.87,-101.44,-21.18
6.84,-99.30,-13.12
-2.14,-71.11,-16.11
-0.24,-98.08,-11.29
6.71,-101.01,-19.59
-16.54,-77.70,-20.81
-11.35,-76.97,-11.29
-19.71,-74.95,-5.62
-4.88,-109.56,-1.46
-10.56,-92.29,3.05
-15.38,-60.18,2.44
-8.24,-65.73,8.18
-5.13,-77.58,2.75
-10.38,-72.57,0.85
-11.23,-72.33,1.16
-14.47,-45.78,-0.85
-22.09,-28.99,3.54
-10.25,-51.57,-0.85
-11.66,-57.19,-4.64
-11.54,-49.32,-4.76
-14.59,-36.99,-3.05
-15.56,-41.44,-7.81
-11.66,-47.06,-9.09
-11.47,-44.62,-5.62
-5.13,-31.98,-6.16
2.56,-15.08,-5.49
12.33,-1.40,-4.58
20.57,4.39,-1.04
27.28,4.33,3.30
29.91,2.93,9.28
22.64,5.00,14.95
15.38,4.46,16.54
15.75,2.81,15.26
















-,-,-
1.83,-0.12,-0.55
1.83,-0.12,-0.18
2.08,0.06,0.00
2.14,0.00,0.12
2.26,-0.18,-0.12
1.71,-0.24,-0.31
1.65,-0.12,-0.73
1.59,-0.37,-0.92
1.59,-0.43,-0.92
1.71,-0.37,-0.55
2.08,-0.18,-0.24
2.38,0.24,-0.18
2.62,0.31,-0.24
2.01,0.55,-0.24
1.77,0.61,-0.67
1.34,0.18,-0.92
1.40,-0.18,-0.98
1.65,-0.31,-0.73
1.89,-0.37,-0.67
1.83,-0.61,-0.37
2.20,-0.73,-0.31
1.95,-0.55,-0.12
2.01,-0.73,-0.37
1.77,-0.73,-0.31
2.08,-0.73,-0.49
1.89,-0.73,-0.49
2.01,-0.61,-0.31
1.95,-0.43,-0.49
2.20,-0.24,-0.61
1.71,-0.12,-0.73
2.08,0.06,-0.79
2.26,0.00,-0.61
2.20,-0.06,-0.55
1.83,0.18,-0.55
1.89,0.00,-0.31
1.46,0.24,-0.18
0.98,0.73,0.06
1.22,0.85,1.16
0.67,2.20,3.60
8.97,3.85,6.65
18.86,3.60,2.26
31.43,4.94,-10.62
46.51,8.00,-16.91
49.50,13.00,-33.02
60.49,23.50,-50.23
72.20,20.45,-72.33
78.67,32.35,-105.90
76.60,60.06,-132.26
66.65,90.15,-160.46
70.68,82.15,-169.31
65.80,72.33,-151.43
52.31,63.84,-135.68
47.18,41.50,-99.91
43.15,18.25,-45.23
48.58,0.55,-20.08
55.91,-18.49,13.49
58.96,-26.98,30.58
66.22,-32.23,29.60
66.16,-29.05,28.26
65.00,-19.78,13.31
56.27,-12.33,-0.55
44.62,-4.15,-14.95
32.84,9.58,-29.24
19.10,13.18,-13.92
12.33,20.39,-19.41
12.39,21.97,-29.11
10.86,22.52,-29.85
10.19,22.16,-34.97
6.35,22.34,-36.32
5.19,19.53,-31.31
2.69,13.18,-18.62
1.16,9.40,-17.33
0.92,4.88,-10.68
-3.48,-1.22,1.10
-9.52,-3.60,3.91
-16.66,-4.46,3.72
-23.62,-3.91,3.54
-27.04,-2.44,3.17
-29.11,-0.85,2.14
-32.23,0.18,2.26
-38.39,3.48,2.69
-42.72,4.94,3.30
-45.96,2.62,2.93
-35.46,-25.39,-1.89
-4.52,-56.76,-4.21
-21.61,-41.26,-5.37
-11.90,-48.71,-7.69
-0.43,-69.21,-17.58
2.75,-66.96,-23.68
-11.66,-55.66,-20.94
4.76,-74.58,-27.83
-0.73,-50.72,-21.30
-13.55,-43.52,-17.64
18.98,-86.12,-25.09
6.04,-55.11,-19.29
-7.75,-40.77,-9.58
10.44,-65.25,-7.75
5.74,-52.80,-8.36
4.21,-44.62,-3.72
5.80,-45.35,-0.31
3.97,-29.17,-0.73
-4.27,-15.56,1.83
4.09,-35.58,-1.53
0.67,-36.62,-5.74
-14.95,-7.26,-6.29
-16.54,-4.58,-7.02
-12.08,-27.71,-9.40
-5.86,-70.86,-5.00
-23.01,-26.79,-13.49
-28.02,11.11,-13.79
-11.05,-20.20,-2.69
-25.02,-14.59,-6.16
-40.71,1.59,-8.00
-43.46,4.03,-5.37
-59.20,8.97,-4.46
-85.51,21.12,-7.14
-105.53,22.64,2.93
-124.08,16.17,27.34
-138.12,14.22,44.37
-148.68,8.79,78.61
-146.48,7.32,98.88
-140.26,17.52,128.30
-135.68,23.74,148.19
-114.07,26.73,167.18
-86.00,29.11,165.28
-68.36,27.10,136.60
-62.99,23.62,97.84
-58.47,17.94,47.61
-59.69,16.11,4.94
-45.65,9.28,-25.94
-34.67,10.56,-26.31
-22.52,12.33,-11.90
-6.10,10.13,-2.93
8.85,3.48,0.98
18.49,1.04,8.48
21.61,1.10,16.85
23.50,2.14,21.73
23.32,3.66,23.01
23.25,6.23,22.16
23.38,9.28,18.62
20.51,12.08,12.51
12.45,15.63,5.74
-1.04,15.99,-1.53
-15.08,8.73,-11.72
-19.35,-12.82,-22.52
-20.63,-51.09,-30.58
-10.80,-86.43,-36.07
-17.76,-91.13,-41.26
-20.02,-91.37,-43.03
-15.99,-98.33,-47.36
-20.63,-95.95,-35.52
-6.53,-128.78,-23.13
0.55,-149.11,-12.88
-10.07,-140.99,-5.19
-16.91,-113.22,3.54
-16.36,-98.94,12.08
-1.46,-119.81,16.36
-14.34,-84.23,8.91
-10.50,-79.83,6.71
0.73,-71.66,-1.40
-9.52,-25.09,-0.37
-8.48,-15.26,1.10
5.37,-33.69,-0.79
0.06,-17.76,3.54
-2.01,-9.03,4.27
-0.73,13.79,7.39
0.85,10.68,10.74
9.34,-4.52,9.09
7.20,-4.15,9.46
8.00,0.61,11.17
12.02,-3.78,9.16
20.08,-9.64,8.48
18.13,0.43,14.47
21.67,2.99,18.31
33.14,-2.01,19.47
















-,-,-
1.65,0.18,0.06
1.71,-0.06,-0.12
1.59,0.00,-0.18
1.71,0.00,-0.31
1.65,-0.18,-0.49
1.40,-0.24,-0.49
1.46,-0.43,-0.37
1.22,-0.18,0.12
1.28,0.06,0.67
1.46,0.24,0.79
1.10,0.73,0.43
0.92,1.04,0.31
0.98,1.22,0.18
1.04,1.16,0.24
1.10,0.85,0.31
1.28,0.18,0.24
1.34,-0.18,0.12
1.53,-0.37,-0.67
0.61,-0.37,-1.53
-0.06,-0.61,-2.38
0.00,-0.85,-2.62
0.43,-1.34,-2.20
0.73,-1.59,-1.34
1.16,-1.28,-0.12
1.34,-0.67,1.59
1.59,0.06,3.23
2.69,0.43,4.70
4.09,0.24,5.49
4.09,0.06,5.31
3.60,-0.06,4.64
4.88,-0.79,4.09
9.83,-1.53,3.60
21.12,-3.05,2.87
38.33,-5.62,-2.99
50.66,-5.74,-24.84
63.17,0.18,-53.65
72.88,2.08,-54.93
74.22,5.98,-63.29
75.99,10.31,-74.34
78.00,16.36,-69.09
78.92,29.36,-80.57
90.52,23.68,-97.29
109.44,22.71,-96.50
109.74,44.74,-117.31
123.78,53.96,-130.68
126.34,62.81,-141.30
127.69,68.36,-137.21
125.61,52.86,-117.25
113.71,41.38,-84.59
94.24,25.57,-34.91
87.10,-5.07,9.28
83.86,-37.05,59.02
77.51,-52.67,89.78
64.82,-53.41,96.19
43.40,-46.08,80.32
15.75,-32.29,50.54
-13.73,-16.05,20.63
-38.57,0.24,-5.07
-54.02,14.89,-22.40
-59.88,26.18,-31.37
-58.17,34.12,-33.14
-53.53,38.51,-31.19
-49.26,37.78,-26.06
-48.34,35.46,-17.94
-46.45,27.53,-8.54
-33.57,2.08,0.37
-17.40,-28.26,5.86
-6.77,-39.67,8.00
-11.47,-35.52,5.13
-3.85,-54.50,15.44
4.70,-72.08,16.36
3.05,-62.38,15.81
10.50,-78.80,15.87
27.77,-95.52,3.23
26.43,-87.59,-2.44
17.70,-75.20,-8.24
10.19,-58.04,-16.60
8.24,-66.89,-27.95
4.88,-60.24,-37.41
-6.41,-46.08,-39.73
-2.75,-39.86,-41.14
-10.25,-16.48,-33.02
7.87,-54.93,-34.48
12.02,-42.79,-35.03
1.89,-31.31,-22.03
10.19,-39.92,-19.29
8.67,-37.23,-18.07
5.98,-31.68,-12.27
11.54,-49.62,-10.01
6.71,-34.67,-9.46
2.26,-15.08,-4.76
3.36,0.85,-1.83
3.17,3.36,0.61
-1.34,3.60,2.32
-9.46,4.39,2.93
-20.02,6.90,2.20
-34.85,12.63,0.55
-51.57,17.21,-2.69
-66.71,18.37,1.22
-80.69,15.87,16.54
-102.60,8.91,54.14
-128.72,6.35,94.12
-157.53,8.48,130.49
-174.93,20.02,159.73
-174.62,19.47,179.38
-161.01,14.53,179.69
-135.38,6.65,150.76
-108.83,9.58,112.18
-91.55,14.28,85.21
-75.26,5.37,56.58
-71.90,14.28,43.09
-67.02,17.09,31.31
-60.85,8.30,17.82
-49.38,2.44,14.83
-32.90,6.53,15.01
-24.17,4.52,17.58
-9.77,-4.46,12.21
6.23,-2.87,8.36
23.01,-4.52,1.46
30.58,-1.95,6.41
28.75,3.23,12.27
26.86,7.63,14.04
24.54,11.90,12.63
23.25,13.43,9.83
20.39,13.18,5.86
15.38,11.96,1.95
12.33,11.41,-1.22
8.30,10.74,-3.91
2.32,6.96,-7.45
-0.06,-8.67,-14.53
5.25,-35.89,-18.43
2.50,-40.41,-17.82
-1.22,-52.67,-23.25
3.72,-66.22,-27.40
8.67,-65.49,-22.03
-13.24,-40.71,-15.56
-5.37,-67.50,-20.94
-2.81,-64.39,-24.29
-7.20,-72.63,-20.39
-15.08,-60.67,-15.38
-3.23,-85.45,-13.37
-2.08,-76.05,-9.52
-3.48,-75.50,0.79
4.94,-102.97,-5.43
0.73,-80.26,-9.16
-26.98,-43.70,-0.24
-12.82,-56.15,-10.99
-5.37,-80.93,-12.57
-5.49,-82.40,-12.27
-13.12,-54.93,-1.65
-14.59,-23.99,4.88
-7.93,-30.76,1.34
-4.82,-26.86,-5.43
-15.63,3.72,4.15
-11.29,-13.31,11.29
6.53,-48.58,3.72
-12.39,1.34,8.42
-10.50,23.99,16.42
3.23,9.52,14.10
3.60,-6.59,13.12
-1.40,-12.15,16.85
-3.85,4.46,14.71
-0.49,11.41,13.37
10.44,0.18,8.54
10.68,14.53,9.77
11.17,25.57,13.49
25.57,21.24,13.18
38.94,14.28,14.40
40.04,11.54,20.75
30.70,10.62,26.92
24.11,7.20,28.63
20.39,1.16,17.76
27.77,-8.85,-4.09
36.93,-12.45,-13.98
















-,-,-
2.20,-0.55,0.00
1.53,0.18,-0.06
1.59,0.55,0.18
1.83,0.43,0.37
1.95,-0.12,0.98
2.62,-0.67,1.34
3.97,-1.22,1.59
4.82,-1.65,1.89
4.94,-1.53,1.46
4.46,-1.16,0.73
3.05,-0.67,-0.31
1.89,0.31,-1.65
1.22,0.79,-2.81
1.16,0.98,-3.30
1.40,1.04,-3.30
1.59,0.79,-2.93
1.65,0.37,-2.14
2.20,0.18,-1.28
2.50,-0.24,-0.67
2.20,-0.85,-0.06
2.14,-1.22,0.73
2.50,-1.53,1.77
2.81,-1.53,2.32
4.76,-1.46,2.50
12.15,-1.59,2.62
22.58,-1.83,1.71
29.85,0.18,-7.32
39.31,9.28,-35.83
48.40,19.59,-54.57
49.13,20.02,-61.22
43.21,27.77,-77.03
41.20,33.26,-84.11
39.67,34.24,-99.55
50.29,39.61,-103.03
59.57,36.99,-95.28
71.41,35.03,-88.07
77.33,34.24,-71.47
82.82,24.11,-53.53
80.75,13.37,-39.61
76.72,1.46,-20.81
73.73,-4.94,-6.90
64.58,-12.88,2.93
57.80,-16.48,5.49
47.55,-13.49,13.98
34.73,-10.99,13.43
28.02,-7.26,4.33
21.18,-3.48,2.87
10.19,2.93,-0.79
-1.16,10.50,-6.84
-12.70,18.19,-12.08
-24.78,25.02,-15.81
-38.94,30.09,-16.66
-56.09,34.00,-14.77
-67.87,31.43,-12.76
-67.38,13.55,-13.79
-47.97,-7.69,-11.23
-44.07,-25.02,-5.86
-24.48,-48.40,-0.98
-14.71,-49.50,4.88
-10.62,-59.57,7.75
9.77,-87.10,-2.26
13.67,-81.91,-7.20
11.54,-75.50,-8.12
14.71,-80.20,-12.27
26.25,-90.45,-22.34
24.48,-76.11,-22.16
16.60,-65.61,-19.47
24.78,-78.55,-23.62
23.32,-61.16,-26.86
6.29,-38.27,-12.63
5.98,-33.39,-16.11
15.38,-52.19,-19.84
12.82,-33.81,-13.49
-8.30,9.83,-1.10
2.44,7.14,-0.49
5.74,1.04,-1.22
3.85,0.24,1.04
1.04,-0.49,2.81
-4.15,-2.08,3.66
-11.05,-2.93,3.91
-20.02,-2.26,4.33
-32.04,-1.04,5.92
-47.85,1.71,10.99
-69.46,0.61,22.83
-81.12,-1.10,29.42
-104.98,0.55,66.65
-124.08,-5.62,96.13
-125.06,-10.44,115.97
-123.47,-7.93,126.04
-108.58,-17.70,118.16
-97.60,-14.83,103.33
-84.17,-6.41,81.97
-71.35,-3.36,65.86
-62.87,8.00,57.68
-58.65,16.36,53.96
-52.98,12.08,51.51
-41.38,9.34,39.18
-34.61,14.28,36.62
-35.40,9.46,20.14
-30.21,3.78,15.38
-18.55,2.20,14.89
-14.40,-2.99,13.61
-2.56,-10.19,5.55
7.93,-10.62,8.97
14.65,-11.60,8.18
20.14,-9.52,9.28
21.42,-6.90,9.46
21.61,-2.14,7.45
18.55,5.19,4.33
14.22,11.66,0.31
6.53,15.99,-4.39
-3.54,20.45,-9.03
-11.72,24.05,-14.40
-19.10,26.67,-19.29
-26.86,27.28,-21.48
-34.61,26.86,-22.34
-45.23,28.93,-21.97
-49.80,-4.21,-24.96
-7.26,-62.81,-24.84
-8.36,-65.00,-24.11
-15.20,-68.73,-24.78
-5.55,-63.90,-18.86
-12.51,-56.82,-20.57
-2.87,-73.24,-20.75
2.56,-79.04,-18.74
-15.44,-66.53,-19.17
-10.74,-87.65,-20.08
-15.08,-76.35,-18.49
-17.09,-85.63,-13.00
-17.46,-76.05,-8.18
-24.48,-61.28,-8.67
-5.19,-75.26,-13.00
-0.18,-54.08,-12.08
-8.48,-17.52,-6.41
-0.67,-22.22,-7.51
15.14,-37.96,-10.74
9.22,-26.43,-3.30
-1.22,0.79,4.88
6.71,-6.90,4.82
2.69,-9.09,5.31
3.17,-22.52,3.05
1.65,-15.99,0.31
-2.99,1.34,2.75
2.87,3.36,2.75
2.62,12.02,4.27
7.87,12.57,8.48
11.66,15.81,11.35
13.79,15.44,14.34
16.60,12.45,15.87
20.81,8.79,16.36
23.50,6.04,17.46
23.38,4.58,17.58
22.58,1.77,10.38
29.42,-10.38,-13.67
39.86,-11.35,-26.12
45.47,-6.90,-20.32
46.75,-5.37,-16.24
54.81,-5.86,-31.43
68.42,1.04,-20.75
66.41,0.37,-25.76
77.51,0.18,-41.02
77.15,14.71,-32.84
70.92,20.02,-29.11
74.58,23.44,-31.92
73.00,21.85,-16.72
71.84,21.30,-11.90
72.02,18.13,-11.17
79.22,14.40,-9.28
77.58,15.87,3.23
72.45,20.94,7.32
74.65,24.05,10.93
70.92,23.13,24.84
68.42,15.63,24.48
60.79,11.90,34.73
















-,-,-
1.77,-0.85,-0.06
1.71,-0.79,-0.06
1.46,-0.79,-0.06
2.01,-1.04,0.00
2.38,-1.04,0.12
2.93,-1.28,0.31
2.87,-1.46,0.37
2.69,-1.71,0.67
2.69,-1.71,0.79
3.05,-1.53,0.92
2.81,-1.04,1.04
2.26,-0.49,0.73
1.83,-0.24,0.31
1.59,0.00,-0.06
1.83,-0.06,-0.31
2.32,0.06,-0.43
2.26,-0.06,-0.43
2.08,0.00,-0.55
2.08,0.06,-0.61
2.08,0.00,-0.61
1.95,0.18,-0.49
1.95,0.24,-0.49
2.01,0.06,-0.37
1.83,-0.24,-0.24
1.83,-0.49,-0.24
2.38,-0.67,0.00
2.62,-0.79,0.12
2.81,-0.67,0.18
2.75,-0.67,0.12
2.50,-0.49,0.06
2.14,-0.49,0.00
1.77,-0.24,-0.18
1.77,-0.18,-0.24
2.26,-0.24,-0.24
2.62,-0.31,-0.06
2.81,-0.43,-0.12
2.62,-0.12,-0.24
2.38,-0.06,-0.37
2.50,-0.12,-0.12
3.30,-0.24,0.37
6.90,-0.49,0.49
14.47,-2.26,-1.65
27.47,-5.98,-7.63
43.33,-8.18,-19.65
55.66,-6.65,-26.98
61.95,-3.05,-26.25
61.40,0.37,-34.30
60.24,8.42,-37.29
57.80,13.92,-36.62
74.95,14.10,-59.81
84.66,15.08,-69.95
101.56,5.92,-74.10
109.80,7.81,-82.76
109.56,12.21,-94.30
110.35,15.20,-87.22
106.87,19.04,-80.51
97.47,27.28,-77.70
84.78,31.19,-67.50
80.51,23.80,-65.80
65.92,21.18,-53.83
51.94,17.27,-32.96
49.50,6.65,-20.51
47.49,-3.11,-0.67
45.90,-3.48,-0.18
43.70,-1.22,-5.49
43.82,-1.83,-3.91
39.67,0.37,-11.84
32.35,3.54,-19.29
26.37,5.00,-17.46
19.29,6.29,-22.46
14.04,7.75,-22.46
9.70,7.63,-20.02
4.82,3.30,-13.43
0.06,2.26,-6.77
-4.52,1.22,3.97
-6.71,0.24,11.17
-6.90,-0.18,14.89
-4.33,-0.67,17.58
-3.11,-0.37,19.65
-4.82,0.55,18.80
-11.54,1.28,14.53
-23.07,2.81,7.75
-38.15,7.39,-0.06
-52.49,13.43,-6.90
-60.97,18.43,-12.02
-63.23,22.71,-14.34
-61.77,25.33,-13.67
-57.01,24.29,-10.80
-46.69,13.12,-7.93
-33.57,-3.17,-6.53
-34.48,-14.71,-1.71
-9.34,-47.55,-2.56
-0.79,-53.28,-2.44
-4.46,-45.41,-5.07
4.09,-44.43,-1.89
4.76,-51.33,1.22
33.81,-70.37,-2.14
18.74,-47.00,5.86
21.67,-43.88,8.97
32.71,-58.11,13.06
30.94,-55.97,16.11
14.83,-41.26,15.75
17.94,-49.56,12.51
25.02,-51.76,7.51
1.04,-23.68,4.94
4.94,-18.25,1.34
3.36,-25.33,-5.19
9.46,-31.49,-2.87
-2.75,-23.86,-3.23
1.53,-22.34,-5.19
-6.04,-6.90,-7.57
0.79,-2.93,-11.84
-0.06,-0.61,-14.10
10.38,-15.44,-8.06
3.66,-2.87,-8.73
2.81,8.79,-10.50
6.16,8.79,-9.64
5.07,6.77,-8.00
-1.10,3.72,-7.39
-11.66,2.81,-6.71
-26.55,3.97,-6.59
-44.25,3.23,3.11
-64.64,1.34,20.51
-81.54,-0.37,53.59
-99.06,-3.48,98.75
-105.96,-7.87,121.95
-97.47,-20.32,135.86
-87.04,-14.16,144.78
-81.18,-10.25,141.11
-64.45,-14.22,114.81
-52.25,-8.79,78.12
-54.02,5.31,48.22
-53.65,11.72,31.92
-44.56,13.85,17.15
-47.91,13.31,10.99
-30.15,11.11,19.04
-40.77,15.63,22.64
-32.35,11.29,8.91
-28.93,10.99,5.00
-25.45,7.20,-11.78
-10.74,8.30,-6.23
-5.07,10.01,-4.21
0.18,13.37,-7.51
5.98,16.85,-2.01
8.61,18.19,5.68
10.25,18.37,10.44
7.63,17.70,12.51
2.26,16.78,13.31
-5.00,15.14,12.02
-15.63,11.29,7.87
-26.73,-1.53,0.37
-26.18,-28.75,-10.19
-5.00,-54.08,-18.74
-22.16,-32.78,-18.25
-14.22,-51.57,-23.19
-2.44,-54.57,-28.81
-11.29,-42.42,-25.57
1.40,-51.09,-25.15
3.91,-48.71,-19.96
2.62,-44.98,-15.63
4.94,-48.40,-12.70
8.12,-59.27,-10.44
14.04,-66.89,-10.68
5.31,-56.95,-4.15
4.33,-66.41,-1.40
20.02,-93.08,1.71
13.24,-85.33,10.62
2.50,-75.26,5.74
18.43,-83.80,4.94
22.22,-69.21,13.00
2.62,-48.28,15.56
26.31,-82.76,12.51
25.27,-68.66,2.44
-1.40,-11.11,4.64
2.69,-2.93,4.03
















-,-,-
2.32,-1.59,-0.24
4.21,-3.17,2.50
6.35,-4.70,5.07
8.00,-5.74,6.77
8.67,-6.35,7.81
8.91,-6.29,7.63
9.03,-5.86,6.65
8.97,-4.82,5.31
8.97,-3.66,3.72
8.73,-2.75,2.56
8.06,-1.83,1.59
7.26,-0.98,1.22
8.79,-1.04,1.16
12.45,-1.16,0.24
15.75,-0.98,-1.40
15.81,-1.22,-2.93
12.82,-0.92,-6.29
12.15,0.67,-11.23
11.84,0.55,-8.54
10.25,-1.71,-2.08
8.06,-2.32,1.16
7.81,-2.38,2.87
9.64,-2.93,3.48
10.56,-3.36,2.81
9.22,-3.30,1.53
10.50,-2.87,-2.56
13.43,-0.98,-12.45
23.25,2.14,-30.15
34.30,2.99,-31.37
41.56,7.45,-40.59
49.19,8.97,-49.01
45.17,14.04,-60.67
47.24,12.76,-60.67
43.52,8.12,-55.66
49.74,-0.24,-41.75
55.60,-1.04,-26.79
50.90,-7.87,-17.58
66.65,-5.00,-32.35
69.64,0.31,-38.09
74.95,11.11,-56.82
65.49,17.76,-57.62
61.34,15.93,-57.01
64.70,9.28,-51.09
64.88,8.73,-39.73
65.43,1.83,-27.77
54.08,4.58,-18.07
56.82,-5.37,-9.28
50.66,-12.51,7.93
45.10,-12.51,5.62
46.69,-17.46,19.17
36.56,-14.28,21.55
35.83,-16.24,8.24
34.36,-13.12,15.08
24.60,-7.63,14.34
17.94,-6.10,7.69
4.94,0.18,12.27
-13.49,5.19,8.54
-34.85,8.73,5.19
-50.05,5.13,0.73
-60.42,3.97,-0.73
-62.93,-11.05,-1.40
-43.64,-29.24,-0.37
-34.24,-30.76,1.65
-29.60,-36.07,-0.67
-8.91,-48.03,-4.15
-6.96,-54.08,3.54
-3.97,-59.51,5.68
-8.61,-47.24,9.52
-5.49,-54.50,1.59
0.49,-53.71,-6.90
1.40,-62.50,-15.38
9.03,-76.97,-23.99
2.99,-59.20,-19.35
-1.28,-50.78,-11.17
0.73,-40.22,-12.15
4.70,-35.40,-10.38
8.36,-30.88,-11.78
13.18,-37.17,-8.61
11.23,-34.97,-8.06
2.75,-17.40,-7.14
-2.81,-4.70,-8.48
1.10,-6.47,-13.37
-3.91,-0.12,-16.60
-5.98,1.04,-17.64
-9.28,-0.98,-18.31
-15.93,-2.20,-17.76
-24.96,-1.77,-16.72
-35.64,1.10,-16.54
-46.20,4.03,-9.28
-61.04,4.27,10.62
-76.35,7.02,32.84
-82.21,2.08,47.30
-89.23,11.41,67.81
-93.51,26.98,87.65
-102.84,38.76,111.82
-100.16,28.08,116.27
-86.49,29.17,107.36
-76.54,30.40,93.26
-75.13,16.24,69.58
-68.91,-2.38,40.41
-61.16,4.27,26.00
-54.20,11.17,21.61
-44.25,19.90,16.17
-34.73,19.29,14.40
-28.20,8.42,8.42
-20.02,2.62,-9.95
-13.49,1.59,-9.64
-4.52,-4.58,-8.30
1.77,-9.77,-10.07
11.17,-9.64,-0.55
16.66,-7.75,9.77
18.43,-4.21,15.50
18.07,0.92,17.58
14.83,7.51,16.05
8.97,12.57,10.93
-1.95,16.60,2.93
-14.28,18.92,-5.55
-30.33,15.81,-13.55
-43.52,-1.65,-21.91
-41.63,-32.90,-30.58
-32.59,-52.61,-37.96
-31.49,-42.11,-37.84
-29.91,-35.22,-40.04
-23.32,-47.73,-43.88
-9.16,-65.73,-44.25
-9.70,-74.71,-38.02
-13.67,-73.24,-32.04
-17.58,-79.71,-28.44
-22.09,-82.46,-23.44
-20.81,-89.23,-16.66
-21.12,-86.30,-13.73
-11.41,-93.26,-13.31
3.54,-73.18,-15.50
-11.23,-15.69,-6.16
10.44,-38.94,-5.62
26.31,-56.58,-12.15
12.82,-54.02,-8.12
6.77,-58.35,-6.71
-3.66,-49.74,-16.11
-1.16,-59.39,-15.69
-9.22,-45.59,-14.16
-7.02,-46.75,-12.08
-0.85,-48.77,-13.92
-0.55,-27.47,-10.80
-0.67,-19.78,-4.94
9.83,-45.96,-10.01
1.04,-32.53,-11.05
-9.16,-29.11,-5.49
-10.80,-35.58,-6.77
-14.04,-51.64,-5.19
-19.17,-55.42,-3.72
-18.37,-50.17,1.95
-16.24,-42.91,3.48
-8.61,-24.96,4.58
-7.39,9.03,11.78
4.76,15.81,16.05
16.72,11.41,16.11
21.55,9.03,19.41
20.26,11.78,24.41
14.28,13.18,28.38
8.79,12.63,29.66
5.68,11.54,29.42
4.76,10.07,28.02
4.88,8.73,25.76
5.13,7.20,23.25
6.23,5.74,20.45
8.48,4.09,18.07
10.01,3.97,18.13
9.16,4.70,19.41
6.71,5.31,20.51
3.78,8.73,19.47
2.87,10.07,11.23
5.13,6.41,-0.37
16.66,-1.65,-11.11
















-,-,-
2.75,-1.89,-1.28
3.11,-2.32,-1.16
3.85,-2.50,-0.79
3.91,-2.38,-0.55
3.54,-1.95,-0.31
3.78,-1.40,0.06
3.42,-0.73,0.37
2.99,-0.12,0.31
2.44,-0.06,-0.12
1.95,-0.06,-0.79
1.65,-0.06,-1.16
1.59,-0.06,-1.46
1.28,0.00,-1.46
1.40,0.24,-1.59
1.40,0.12,-1.34
1.28,-0.06,-1.22
1.46,-0.37,-0.73
1.46,-0.67,-0.49
2.08,-1.22,-0.24
2.56,-1.34,0.00
2.62,-1.34,0.00
2.26,-1.16,-0.06
2.99,-0.67,-0.31
4.94,-0.24,-0.55
7.45,0.12,-1.04
11.90,0.00,-1.89
16.30,-0.37,-3.30
18.62,-0.31,-5.07
16.60,0.73,-9.09
18.62,0.79,-16.66
25.94,-5.00,-31.86
49.56,-11.23,-43.82
63.66,-13.37,-50.78
77.27,-11.72,-67.32
78.74,-6.77,-65.73
86.79,-10.07,-70.37
81.91,0.49,-78.37
83.44,5.55,-91.80
86.24,10.74,-87.22
83.56,16.48,-78.86
82.58,22.71,-72.33
82.28,25.15,-67.69
96.86,6.41,-61.16
108.09,-10.31,-27.47
98.21,-7.14,-5.00
92.59,-8.67,1.77
84.72,-21.48,32.59
77.70,-28.93,48.16
58.11,-33.14,60.61
39.12,-35.46,60.61
20.39,-34.30,48.71
0.79,-25.09,31.43
-14.83,-12.02,12.27
-26.92,-0.06,-4.15
-34.67,10.19,-15.38
-37.48,18.01,-22.28
-35.71,22.71,-24.11
-34.06,26.06,-22.22
-31.01,27.71,-18.13
-28.81,28.08,-13.12
-29.36,28.44,-8.73
-30.27,27.53,-5.37
-28.69,24.60,-2.01
-24.17,10.25,-0.79
0.49,-27.83,-3.36
-3.11,-27.77,1.46
-20.08,-24.78,6.71
-8.85,-49.38,10.25
0.98,-71.04,15.69
2.75,-82.21,15.44
4.88,-75.20,11.54
5.00,-74.28,12.51
24.66,-89.97,7.20
29.60,-86.30,2.87
18.01,-62.26,0.61
16.48,-54.38,4.39
17.15,-54.08,-2.01
16.78,-51.94,-4.15
3.85,-29.54,-4.94
0.61,-26.12,-7.51
18.86,-38.94,-6.10
3.60,-21.24,-3.17
4.82,-14.53,1.83
-2.87,0.79,7.93
-1.10,1.59,4.46
2.32,-3.54,-0.31
-0.49,-7.63,-4.46
-6.04,-10.44,-8.18
-14.89,-9.89,-11.47
-26.43,-7.26,-11.72
-36.01,-3.11,-8.36
-48.28,-1.10,9.34
-59.02,-3.17,25.70
-70.50,-4.03,55.60
-82.76,-1.04,81.54
-93.26,-3.72,94.97
-100.22,7.87,107.18
-104.86,10.68,107.60
-85.27,8.91,95.58
-76.17,9.52,85.08
-70.62,5.92,60.30
-70.80,13.85,45.17
-70.25,24.05,37.60
-75.20,23.99,27.65
-66.41,24.66,23.44
-64.21,20.02,17.46
-52.86,19.23,17.88
-50.23,10.50,12.45
-38.21,6.90,3.72
-35.03,6.10,9.77
-31.62,-1.71,1.46
-27.04,7.32,2.26
-21.42,6.96,5.86
-10.68,-2.75,-12.88
2.20,0.92,-14.04
13.24,6.16,-3.42
13.37,13.00,7.08
10.80,19.23,14.28
8.85,21.42,17.15
1.65,22.22,15.63
-10.62,21.42,10.38
-22.95,10.56,0.18
-27.65,-22.71,-14.95
2.99,-75.99,-23.62
1.22,-79.16,-27.83
-0.12,-70.25,-32.47
5.55,-82.52,-28.38
10.68,-79.16,-28.44
-5.31,-73.06,-29.72
22.40,-103.27,-29.05
8.91,-85.21,-20.57
-5.13,-77.15,-10.80
14.77,-110.41,-7.81
9.64,-108.34,1.34
-7.02,-95.34,0.06
-2.93,-95.40,-1.77
-8.42,-71.29,-3.42
-15.56,-46.08,-5.19
2.08,-60.18,-3.36
1.40,-57.13,-8.97
-3.17,-37.54,-11.90
-7.39,-22.77,-4.21
-1.59,-35.71,-1.77
-8.67,-29.42,-3.17
-12.82,-30.76,-0.37
-5.19,-38.70,-4.27
-5.19,-24.96,-4.52
-8.24,-2.99,2.01
2.62,-2.99,4.39
9.64,-1.10,4.94
12.08,2.69,8.79
15.38,0.31,11.66
16.78,-2.38,12.94
16.48,-3.97,14.77
15.87,-4.70,16.36
16.11,-5.37,17.58
16.11,-5.55,19.10
16.72,-5.49,20.51
17.64,-4.03,22.58
16.36,-0.31,25.21
15.87,1.77,26.25
17.70,1.22,21.61
27.04,-4.64,-7.75
44.98,-5.62,-25.33
53.83,-0.73,-39.00
67.38,-1.77,-57.07
69.89,2.56,-58.29
76.11,7.20,-63.17
80.99,8.06,-53.77
80.69,14.53,-36.38
82.64,11.66,-26.06
90.03,10.13,-8.00
79.47,15.87,24.29
80.44,15.87,34.42
















-,-,-
-0.12,-3.85,0.79
0.31,-3.60,0.73
0.06,-3.30,0.61
-0.37,-3.30,0.18
-0.85,-3.23,-0.18
-0.67,-2.81,-0.49
-1.10,-2.32,-0.55
-0.73,-2.14,-0.18
-0.18,-2.20,0.12
0.18,-2.50,0.37
0.31,-2.75,0.73
0.49,-2.75,0.98
0.31,-2.93,1.04
0.00,-3.11,1.16
-0.12,-3.11,1.34
0.00,-3.05,1.59
0.24,-3.23,1.59
0.67,-3.30,1.83
0.49,-3.11,1.89
0.61,-2.93,1.89
1.71,-2.75,2.01
2.38,-2.62,1.89
2.69,-2.69,1.28
2.87,-2.32,0.67
3.05,-2.20,0.06
3.42,-1.59,-0.55
3.85,-1.28,-0.98
3.48,-1.10,-1.10
2.87,-0.67,-1.16
3.23,-0.18,-1.34
3.05,0.37,-1.59
2.93,1.10,-1.71
4.58,1.34,-1.77
8.36,1.95,-2.14
17.15,2.26,-3.17
26.25,1.89,-6.90
31.62,3.05,-24.23
42.05,7.69,-37.66
40.71,13.12,-43.70
51.09,11.05,-61.16
70.74,3.30,-71.11
75.62,8.73,-72.08
81.91,12.70,-81.24
89.36,17.09,-89.97
102.97,14.04,-104.68
126.77,27.89,-121.64
141.42,47.55,-136.41
154.05,43.64,-139.89
152.47,42.91,-132.45
140.14,42.66,-107.24
127.44,30.76,-69.58
103.58,14.77,-22.03
85.94,-5.98,-3.05
73.73,-29.24,17.82
61.77,-33.33,34.55
48.22,-35.71,54.87
36.32,-32.84,49.38
26.37,-26.12,32.53
17.58,-16.78,17.94
1.46,-5.43,4.27
-21.42,6.84,-8.67
-46.45,18.80,-19.17
-62.32,29.17,-25.88
-68.85,36.68,-29.05
-72.69,40.77,-29.05
-73.00,40.41,-25.51
-70.92,36.56,-19.78
-62.13,16.60,-14.65
-34.97,-25.51,-9.58
-19.17,-53.41,-4.21
-18.68,-51.76,2.50
-16.48,-71.23,3.85
17.52,-95.15,-0.06
15.81,-93.08,2.14
26.43,-100.04,7.81
28.81,-88.07,-1.65
30.15,-82.03,-4.76
40.04,-86.91,-19.23
37.90,-87.65,-35.03
34.24,-90.64,-43.95
32.53,-90.39,-50.42
13.24,-65.92,-53.96
16.11,-76.60,-53.22
9.16,-63.78,-56.15
-14.47,-16.72,-42.72
-20.57,-9.34,-36.32
-8.42,-33.69,-39.06
-32.78,9.22,-28.63
-39.79,29.30,-21.36
-23.38,9.16,-18.07
-21.91,-6.65,-12.51
-29.11,-15.81,-6.90
-38.82,1.89,-14.95
-41.93,12.70,-17.52
-48.95,13.12,-16.78
-62.44,13.43,-10.68
-83.01,10.31,11.05
-95.83,10.01,22.40
-115.30,3.85,60.61
-140.50,4.33,103.45
-160.28,2.26,135.99
-166.93,8.06,172.61
-175.48,14.71,214.17
-161.74,20.69,231.69
-131.96,30.33,217.16
-98.21,19.78,165.53
-75.81,7.26,94.30
-66.16,10.44,38.09
-72.75,26.61,8.42
-77.27,36.50,-22.89
-80.93,42.91,-30.27
-64.21,24.29,-37.78
-42.85,21.97,-39.18
-30.64,19.04,-34.06
-11.05,8.12,-47.12
5.00,5.19,-45.90
20.39,8.12,-27.77
28.56,12.51,-10.31
26.55,17.46,1.28
19.78,21.67,9.40
11.05,23.86,14.65
5.49,18.80,17.82
4.64,2.62,18.01
16.24,-38.45,10.99
34.24,-63.48,15.26
30.09,-77.09,9.70
35.10,-79.96,7.51
18.19,-65.31,10.74
31.86,-94.85,0.12
32.65,-100.83,-1.71
17.70,-89.23,-6.04
14.28,-98.14,-6.29
12.39,-112.61,-4.27
5.13,-111.45,-18.80
-5.13,-100.16,-21.79
-3.48,-93.44,-19.10
-13.98,-63.66,-19.59
1.16,-78.12,-26.92
8.42,-63.05,-31.80
-2.14,-37.29,-26.55
2.69,-33.14,-18.49
-0.55,-23.56,-11.23
-9.52,-12.33,-1.34
-0.79,-27.53,-2.26
1.71,-27.40,1.65
-6.10,1.04,13.55
-3.05,24.84,23.68
-1.83,46.45,32.65
5.55,46.88,38.15
13.55,39.92,41.02
18.62,33.51,42.91
20.26,28.26,43.58
17.88,24.17,42.36
13.49,21.06,40.04
11.60,17.82,37.60
11.05,15.32,35.64
12.33,13.06,33.81
17.09,10.62,32.04
26.79,8.24,29.54
36.07,5.68,23.86
36.99,5.31,0.49
53.53,0.31,-28.08
70.68,-1.10,-30.76
83.68,3.78,-40.04
99.55,4.46,-54.02
114.81,8.06,-61.83
128.30,15.56,-58.23
133.30,18.19,-53.53
142.40,31.25,-44.56
140.99,44.07,-28.99
147.64,36.99,-21.42
140.87,20.14,-3.36
129.88,5.25,10.50
110.41,-5.68,31.80
100.95,-18.92,34.24















