
-,-,-
-1.71,3.05,-6.65
-1.04,2.44,-6.10
-0.73,1.65,-5.62
-0.12,1.10,-5.13
1.65,0.37,-4.33
2.38,-0.12,-3.91
2.56,-0.49,-3.48
1.95,-0.12,-3.72
1.89,0.49,-3.91
0.79,1.22,-4.09
-0.24,1.95,-4.39
-0.79,2.69,-4.94
-1.83,3.23,-4.94
-3.05,3.66,-5.07
-3.11,3.17,-5.19
-3.05,2.44,-5.43
-2.08,1.46,-5.37
-1.95,0.92,-5.19
-2.20,0.61,-5.00
-2.38,0.43,-5.07
-2.26,0.24,-5.13
-2.20,0.18,-5.07
-2.08,0.31,-4.64
-2.93,0.73,-4.21
-1.89,2.20,-4.09
-1.95,5.68,-3.30
-1.71,11.05,-3.97
4.46,13.06,-10.86
20.94,9.09,-27.22
44.19,0.43,-48.89
78.86,-10.99,-73.91
86.00,-4.64,-87.28
83.98,6.16,-109.80
97.53,3.48,-141.48
114.87,1.71,-153.50
107.85,5.62,-154.85
100.46,-0.49,-157.96
95.28,1.22,-148.07
76.84,1.34,-112.79
78.86,-8.24,-73.73
76.90,-13.43,-37.84
91.25,-31.19,-18.49
97.84,-45.72,-7.26
97.05,-56.27,0.24
93.32,-59.20,15.69
90.45,-59.75,24.29
86.43,-59.08,36.56
77.82,-54.87,43.52
67.75,-47.97,45.96
57.07,-37.72,48.16
42.30,-24.96,46.45
18.43,-10.44,43.58
-11.96,8.00,36.01
-32.47,25.88,23.25
-45.72,39.43,11.17
-54.87,47.42,2.38
-56.15,50.11,-2.69
-48.58,39.49,-5.74
-32.23,21.79,-1.04
-22.46,17.52,22.34
-17.21,21.18,56.03
-13.24,17.76,86.24
-19.53,7.69,106.38
-34.30,-2.87,119.14
-54.38,-12.94,131.53
-72.63,-27.95,141.54
-86.00,-47.06,140.38
-93.14,-60.24,131.96
-94.67,-64.94,116.46
-102.78,-67.50,99.85
-109.56,-68.42,79.53
-118.16,-64.09,68.54
-121.15,-64.27,55.73
-126.89,-69.09,33.51
-126.65,-76.05,8.79
-118.77,-80.26,-17.15
-113.71,-79.96,-41.26
-104.92,-73.97,-57.86
-87.28,-58.35,-67.08
-60.73,-32.84,-72.45
-22.89,-1.16,-59.45
-6.71,14.59,-58.78
23.93,8.42,-46.39
55.18,-0.18,-25.15
77.76,-4.70,-6.10
97.96,-10.19,8.48
114.44,-15.38,17.09
121.46,-19.65,17.88
116.33,-19.90,6.71
106.93,-14.22,-15.32
105.53,-7.51,-30.82
104.55,3.48,-49.26
118.96,22.34,-70.43
128.48,44.25,-82.52
130.00,54.50,-87.83
136.29,53.16,-95.58
129.94,58.29,-85.21
124.82,51.51,-77.39
121.46,51.94,-72.20
117.49,45.84,-59.69
123.35,46.69,-56.76
124.02,51.94,-60.97
120.30,57.13,-67.50
103.45,68.97,-77.94
86.73,68.91,-74.89
71.04,53.41,-63.54
55.05,39.31,-45.65
47.18,15.38,-16.48
39.55,-5.37,8.00
31.49,-18.37,19.84
19.29,-22.58,22.83
6.96,-16.11,11.35
-2.69,-9.70,1.10
-10.07,-3.05,-5.80
-16.97,4.76,-9.34
-26.49,12.94,-10.56
-37.11,18.92,-9.83
-51.21,23.07,-7.63
-66.83,25.94,-5.98
-82.40,25.51,-4.21
-88.56,9.22,5.92
-85.08,-38.39,23.62
-85.88,-74.58,35.16
-107.97,-84.96,45.04
-119.81,-99.12,54.99
-131.41,-111.45,60.18
-140.99,-118.41,60.18
-153.44,-102.29,47.91
-135.93,-91.80,27.89
-125.67,-56.27,-4.09
-125.85,-27.65,-21.85
-125.12,-40.59,-12.51
-135.80,-76.23,-7.63
-142.03,-99.06,-2.32
-141.91,-123.23,22.71
-137.15,-105.35,17.82
-114.32,-78.37,0.12
-66.77,-56.03,-5.98
-36.93,3.54,-38.02
-13.49,21.36,-32.78
4.21,11.11,-17.33
3.60,0.73,-3.42
1.77,-6.90,13.49
0.00,-12.39,28.20
-4.15,-15.81,39.61
-7.51,-15.81,47.00
-9.16,-13.43,49.50
-6.35,-8.73,49.62
-0.49,-6.53,46.81
1.28,-5.13,43.03
-2.75,-2.14,39.25
-3.30,-4.58,41.75
-4.64,-24.66,67.99
-6.29,-22.58,70.92
-3.05,12.63,52.49
10.56,46.81,47.97
26.49,65.19,59.69
39.79,65.49,76.60
48.46,57.13,86.98
56.82,54.38,84.05
66.83,62.44,67.93
75.38,78.49,44.86
77.76,95.76,23.99
77.39,109.31,3.05
69.70,113.83,-10.93
54.81,97.60,-20.87
35.95,65.43,-31.92
15.87,34.85,-38.33
1.89,13.18,-45.53
-6.41,-2.38,-57.37
-8.85,-14.83,-72.33
-5.37,-27.16,-91.31
26.49,-40.22,-95.89
60.24,-37.90,-72.75
















-,-,-
-0.79,7.45,8.36
-1.89,7.02,6.35
-1.34,6.53,4.39
-1.46,6.53,2.26
-2.14,6.10,0.12
-2.87,6.04,-1.95
-4.09,6.16,-3.97
-4.88,6.29,-5.19
-5.43,6.65,-5.62
-5.80,7.63,-5.55
-6.90,9.09,-4.52
-6.59,10.01,-2.50
-4.33,9.89,0.00
0.18,8.48,2.50
4.03,6.59,4.46
5.55,5.43,5.37
5.86,4.09,4.76
5.25,3.05,3.97
4.88,2.20,3.66
4.58,2.01,3.97
4.88,2.50,4.64
8.48,2.32,4.70
18.62,-0.12,0.85
35.71,-8.54,-13.55
57.31,-16.36,-23.80
69.27,-19.47,-34.42
75.99,-19.41,-48.83
80.20,-11.66,-52.37
98.69,-14.10,-73.79
110.35,-6.77,-69.82
115.05,-14.77,-101.26
114.99,-2.81,-105.77
101.75,0.31,-105.90
91.19,-2.14,-98.27
78.61,0.98,-69.58
73.43,-14.28,-54.38
68.30,-22.83,-44.92
73.00,-28.32,-38.51
67.26,-24.96,-16.05
73.85,-27.77,-28.63
68.12,-24.05,-19.29
61.16,-22.77,-26.12
48.03,-14.10,-10.38
33.57,-11.05,-6.35
22.22,-11.35,-1.46
5.19,-3.66,14.65
-13.06,0.49,27.22
-31.19,2.38,28.99
-42.66,5.62,25.70
-50.90,9.70,25.51
-61.83,14.04,30.33
-75.62,18.07,38.88
-90.58,19.53,55.97
-100.34,11.11,86.00
-98.88,-12.70,120.24
-95.95,-13.73,145.81
-90.76,13.06,156.56
-90.64,42.18,156.13
-97.17,56.15,147.58
-107.79,52.92,136.84
-121.22,35.28,130.25
-128.60,9.46,130.19
-124.45,-19.17,134.16
-116.76,-44.98,132.57
-106.81,-62.68,121.58
-99.55,-77.09,103.09
-96.13,-86.24,81.60
-94.06,-86.06,54.99
-94.24,-78.67,24.35
-93.69,-70.43,-3.48
-93.26,-66.83,-24.66
-83.19,-67.69,-40.77
-71.29,-74.10,-57.31
-57.50,-83.86,-81.73
-32.10,-75.93,-99.43
-21.48,-25.27,-61.71
-5.43,8.48,-54.63
34.61,6.10,-53.34
68.54,-5.62,-39.73
95.64,-6.84,-18.74
112.24,-9.22,2.81
131.71,-13.79,18.01
148.25,-16.97,23.80
144.17,-19.59,-1.40
149.05,-22.52,-15.93
146.24,-7.14,-25.02
137.27,8.61,-44.56
147.46,18.55,-59.94
154.48,34.55,-55.60
151.18,53.34,-75.62
163.51,63.54,-75.01
157.23,60.79,-66.41
154.24,59.33,-74.16
146.48,57.92,-62.13
132.14,76.42,-57.25
116.70,69.95,-34.85
99.49,42.48,-22.34
86.12,16.91,-10.86
67.93,2.75,6.16
46.45,5.19,0.37
35.10,-1.89,8.79
17.03,0.12,9.16
-0.06,4.82,2.26
-14.59,10.31,-10.80
-27.34,16.54,-25.15
-40.47,23.50,-34.06
-51.57,29.48,-38.33
-59.08,32.47,-38.64
-62.50,33.57,-34.48
-65.31,34.24,-27.28
-68.05,31.25,-19.10
-71.78,22.46,-6.10
-78.86,16.91,2.44
-80.75,11.84,6.96
-76.17,-8.54,15.63
-79.77,-39.67,37.90
-96.74,-62.01,50.60
-120.12,-71.04,51.57
-129.64,-93.26,60.24
-145.20,-99.79,59.33
-146.30,-103.33,58.72
-138.92,-105.41,45.96
-132.69,-79.10,18.07
-121.52,-46.45,5.13
-104.74,-35.95,-2.87
-95.46,-25.27,-6.84
-88.38,-35.46,9.03
-79.65,-66.77,31.86
-78.92,-83.50,43.82
-73.43,-72.57,45.84
-52.92,-64.82,52.06
-41.63,-42.18,26.55
-33.57,-19.04,12.33
-17.94,-31.13,17.27
-21.00,-32.78,20.69
-26.43,-24.11,16.66
-27.71,-23.32,17.64
-29.66,-22.28,18.74
-25.45,-34.55,30.27
-26.12,-50.35,42.05
-26.12,-51.45,39.18
-22.40,-39.06,32.96
-18.98,-23.32,29.36
-14.89,-13.61,17.27
-6.59,-7.87,19.47
-4.39,-5.13,27.40
-4.52,-4.21,36.62
-1.04,3.66,42.11
6.84,28.38,44.86
17.58,63.66,47.06
33.75,96.44,56.52
52.67,120.30,69.95
71.23,135.13,77.82
89.72,142.88,70.92
102.54,144.96,52.49
112.12,140.20,28.81
115.05,126.04,1.22
103.76,103.88,-23.32
91.43,73.79,-40.41
72.14,40.77,-51.27
49.26,15.38,-54.93
30.64,0.92,-53.53
14.95,-7.02,-56.82
3.48,-13.55,-71.17
-3.85,-20.39,-93.14
-5.13,-26.31,-113.10
2.56,-24.35,-93.51
-9.40,3.78,-86.43
-3.42,21.79,-84.90
12.63,16.48,-79.35
15.50,14.53,-69.21
16.36,13.31,-57.43
16.78,9.89,-46.26
24.05,6.04,-36.32
















-,-,-
9.09,2.81,-3.91
9.22,3.66,-4.76
9.03,4.27,-5.25
9.22,4.82,-5.49
10.25,4.70,-5.86
10.86,4.39,-6.35
11.47,3.60,-6.41
12.51,2.08,-5.74
13.43,0.00,-5.25
14.34,-2.01,-3.60
12.70,-2.87,-1.04
12.39,-4.33,0.12
12.08,-6.47,-0.73
17.40,-10.38,-4.70
23.99,-8.67,-0.67
29.30,-9.58,-1.53
31.98,-10.50,-6.90
39.06,-15.26,-10.25
45.90,-19.47,-4.82
45.59,-15.20,-0.43
33.45,-9.89,4.21
24.17,-10.74,-2.56
31.68,-17.94,-19.65
40.77,-29.11,-30.09
60.18,-34.85,-49.01
66.59,-16.66,-50.48
80.02,-14.40,-53.34
84.53,-17.88,-61.28
95.83,-15.08,-61.65
86.67,-4.27,-54.20
78.55,0.00,-48.40
82.46,-4.39,-37.60
75.20,-9.40,-45.65
79.96,-15.14,-45.35
69.46,-15.08,-48.34
60.36,-8.67,-65.73
54.32,-4.09,-57.92
49.50,-5.37,-33.75
36.74,-9.64,-18.86
28.63,-10.25,-2.50
19.59,-5.62,12.82
10.07,-4.46,17.46
2.87,-3.17,11.78
-5.49,-0.37,6.84
-13.92,5.13,5.19
-20.87,12.08,6.10
-31.43,19.78,9.52
-46.69,30.88,16.42
-63.17,41.08,24.17
-80.57,47.67,42.42
-102.66,52.00,72.88
-113.34,41.56,100.46
-111.94,14.22,126.89
-99.98,-11.41,150.15
-95.52,-16.42,161.87
-93.93,-13.61,156.62
-96.62,-14.53,143.31
-99.18,-20.75,119.93
-96.01,-29.54,93.63
-90.15,-36.13,66.16
-87.28,-40.47,40.53
-80.81,-45.41,19.10
-74.22,-54.44,2.56
-69.64,-64.64,-10.93
-66.89,-69.46,-28.08
-62.19,-66.53,-51.33
-56.27,-59.45,-78.37
-41.50,-50.84,-96.86
-14.53,-30.09,-77.82
7.26,-8.73,-46.69
23.13,0.98,-32.35
45.84,-9.22,-18.43
72.08,-21.00,-2.99
85.75,-27.47,12.63
102.48,-33.33,24.90
118.04,-37.72,29.72
122.19,-37.90,20.94
116.76,-30.33,-2.56
114.56,-16.85,-21.97
110.60,3.23,-35.64
113.71,19.04,-43.70
115.17,28.93,-54.08
126.10,35.89,-58.59
126.22,41.26,-52.61
123.66,54.38,-52.00
118.47,61.04,-55.97
113.34,61.22,-51.88
96.62,70.07,-45.65
90.82,67.08,-52.00
80.99,49.87,-36.01
66.83,42.18,-23.50
54.69,26.55,-15.44
47.30,6.16,-7.81
38.82,-4.21,5.92
28.38,-8.24,12.45
15.81,-11.05,12.76
3.30,-6.35,2.75
-10.01,0.79,-10.50
-30.03,9.58,-20.57
-49.13,16.11,-27.22
-58.78,20.32,-29.30
-62.44,22.46,-26.25
-63.35,21.61,-20.39
-58.23,11.29,-12.70
-49.44,-17.40,-2.87
-36.80,-61.40,1.83
-38.70,-61.65,1.95
-60.91,-48.77,10.68
-55.42,-80.69,17.70
-66.89,-86.98,14.22
-87.10,-84.90,26.25
-97.11,-84.41,12.94
-92.53,-67.63,6.53
-88.38,-66.28,3.60
-78.61,-77.88,0.55
-90.03,-61.83,-2.75
-97.23,-54.32,0.24
-85.94,-65.00,2.75
-85.69,-76.23,4.82
-88.81,-74.52,-0.67
-83.68,-67.81,1.10
-69.52,-53.34,2.44
-50.84,-34.91,-0.55
-33.08,-21.00,-5.37
-17.52,-33.57,0.79
-12.70,-25.33,-5.00
-13.06,-29.91,6.84
-14.83,-24.05,8.18
-17.82,-16.48,12.63
-16.85,-11.11,17.21
-16.54,-8.73,22.95
-18.92,-6.65,26.92
-19.10,-4.27,28.20
-15.26,-5.80,33.20
-11.60,-22.95,50.72
-16.48,-47.06,53.89
-29.24,-40.16,34.73
-43.82,-18.68,24.78
-49.74,-11.96,23.01
-49.68,-12.15,18.80
-39.98,-11.11,7.69
-23.44,-5.62,6.96
-12.08,3.72,2.14
4.39,14.16,7.02
12.51,20.94,24.66
12.63,37.35,35.40
11.29,61.58,40.10
19.47,74.52,47.06
31.43,76.23,57.07
40.22,80.81,63.66
52.12,92.29,66.16
58.47,104.80,65.80
61.10,110.96,61.58
67.32,108.83,56.76
75.62,97.78,48.34
78.86,84.84,35.83
73.85,70.92,20.81
60.85,53.28,4.64
43.76,35.71,-8.48
24.35,21.91,-18.25
5.19,10.56,-28.75
-8.00,1.22,-45.96
-14.40,-6.23,-71.17
-15.75,-10.13,-103.15
-16.11,-11.47,-135.68
-13.06,-13.37,-153.14
14.89,-10.50,-116.88
9.09,18.92,-100.77
12.02,28.32,-82.76
36.38,9.28,-68.79
32.59,-3.42,-58.47
25.82,-21.36,-56.88
37.72,-51.88,-63.66
58.04,-72.08,-66.65
59.02,-85.45,-80.14
















-,-,-
2.20,0.85,-1.22
2.50,0.43,-2.38
2.44,0.12,-3.48
2.81,-0.31,-4.21
4.21,-0.79,-4.64
4.52,-1.46,-4.82
4.82,-1.95,-5.07
4.27,-2.20,-4.88
3.54,-2.62,-4.52
3.36,-2.81,-4.15
3.42,-2.81,-3.30
3.60,-2.50,-1.95
4.15,-2.32,-0.79
3.97,-2.44,-0.06
3.05,-1.89,0.79
2.14,-1.83,0.85
1.40,-2.38,0.73
1.28,-2.87,1.04
2.44,-3.60,1.34
3.85,-4.39,1.71
4.76,-5.13,2.26
5.49,-5.43,2.93
5.37,-5.13,3.23
4.64,-5.00,3.11
3.91,-4.21,2.81
3.54,-3.85,2.01
1.22,-3.91,1.04
0.06,-3.30,0.18
-2.32,-1.89,-0.31
1.04,-3.05,-2.93
8.06,-9.34,-14.28
28.32,-17.76,-27.47
38.57,-20.69,-28.14
48.40,-23.86,-39.25
66.77,-31.25,-59.63
98.88,-39.49,-78.74
116.33,-36.19,-87.40
115.30,-32.17,-96.92
127.99,-37.41,-113.46
107.73,-9.89,-69.82
85.51,0.49,-49.44
102.05,-22.77,-68.12
94.67,-13.37,-61.46
95.89,-21.85,-63.78
94.54,-27.22,-79.53
72.39,-15.01,-50.72
63.42,-19.53,-47.36
71.41,-20.87,-55.11
60.79,-11.23,-36.25
54.87,-13.79,-27.77
54.50,-15.32,-38.39
44.92,-13.06,-17.15
35.10,-8.61,-11.78
35.10,-11.78,-10.19
28.87,-9.28,-0.18
24.11,-8.12,7.45
18.19,-8.18,16.11
13.73,-9.77,20.45
9.77,-11.54,22.52
5.62,-13.00,25.70
2.14,-12.82,30.64
-1.28,-10.01,37.17
-8.73,-5.25,44.43
-21.00,0.49,51.64
-38.39,9.40,60.00
-58.17,19.41,67.99
-76.72,26.18,74.46
-90.82,30.03,90.82
-100.65,30.21,114.14
-99.49,18.37,132.57
-86.79,2.87,147.16
-75.56,3.36,154.54
-75.87,8.85,158.26
-83.19,7.02,159.06
-87.22,-5.80,153.20
-89.42,-22.83,143.19
-89.23,-39.86,125.73
-89.72,-52.67,104.06
-92.16,-60.24,82.09
-94.85,-62.62,62.01
-96.92,-60.24,45.41
-97.47,-53.96,30.52
-93.32,-46.63,14.59
-87.89,-40.71,-1.46
-82.89,-37.05,-14.59
-75.20,-36.62,-22.28
-66.96,-41.26,-25.70
-61.04,-49.80,-32.65
-57.92,-56.64,-47.49
-57.01,-55.66,-69.34
-52.49,-45.10,-99.06
-39.06,-22.03,-118.71
-14.40,1.77,-93.38
-3.11,15.32,-51.03
8.54,13.06,-49.93
26.79,0.37,-38.70
51.57,-5.25,-20.63
69.21,-7.45,-5.68
80.75,-13.55,3.72
94.30,-17.82,8.24
101.62,-19.59,5.25
100.28,-18.80,-15.75
104.00,-19.47,-30.03
101.68,-21.67,-42.66
111.39,-15.69,-42.36
111.69,-7.14,-50.66
124.08,13.12,-68.24
143.49,19.41,-70.07
152.71,27.95,-75.93
157.17,40.04,-74.46
157.65,43.52,-62.13
154.05,53.28,-64.33
148.07,60.61,-70.01
138.92,57.31,-66.16
135.38,40.65,-66.16
122.44,29.91,-43.15
104.25,22.58,-36.38
99.06,25.76,-32.10
90.88,19.65,-21.30
74.10,28.02,-21.18
59.57,26.06,-20.57
38.82,13.85,-0.12
17.27,6.96,13.73
-5.68,4.39,15.44
-20.63,5.80,1.59
-35.28,10.62,-7.63
-45.72,15.75,-12.27
-47.12,19.71,-10.38
-40.28,23.32,-3.30
-34.48,24.78,5.55
-33.57,24.05,12.94
-36.99,23.68,18.13
-46.20,24.60,21.24
-60.30,25.76,22.28
-74.46,26.61,21.73
-83.25,19.53,19.41
-87.40,7.08,18.13
-75.26,-28.50,25.63
-80.51,-36.68,33.14
-92.16,-35.03,32.47
-97.23,-54.99,45.84
-104.13,-80.38,49.56
-118.35,-97.05,54.93
-126.65,-122.80,66.47
-135.01,-113.77,62.99
-141.85,-95.95,52.43
-131.47,-92.59,46.69
-133.12,-71.41,38.27
-121.64,-82.76,32.35
-102.66,-78.86,19.65
-91.86,-64.21,17.09
-74.46,-47.24,10.56
-51.27,-52.92,16.91
-39.86,-56.40,21.79
-31.86,-48.83,21.61
-29.48,-33.57,23.32
-16.24,-31.62,25.39
-14.28,-22.83,21.79
-8.67,-14.34,18.92
-2.26,-13.12,21.79
1.89,-16.66,24.72
2.87,-17.46,24.90
2.69,-14.95,23.32
-0.92,-10.19,20.63
-5.00,-6.71,18.13
-8.36,-4.33,16.85
-13.43,-2.08,18.25
-18.49,-0.85,22.09
-17.76,-2.99,29.30
-11.11,-11.35,43.33
-1.16,-10.99,53.89
13.49,12.02,53.53
31.92,47.00,52.92
52.12,78.31,59.94
















-,-,-
-5.07,-1.59,-8.54
-3.91,-9.46,-23.99
15.38,-13.12,-30.15
10.56,-2.87,-10.80
19.78,-12.15,-29.72
38.76,-16.24,-41.08
33.39,-7.63,-19.29
36.62,-11.78,-10.56
35.95,-15.63,-12.33
31.80,-14.53,-11.11
34.36,-15.69,-10.01
32.59,-11.47,-6.35
23.86,-5.74,-2.01
20.81,-5.00,-5.86
23.01,-6.53,-14.59
29.24,-11.72,-27.28
28.44,-11.17,-25.51
27.47,-10.80,-17.21
19.23,-4.15,-11.66
9.58,2.01,-5.37
6.10,2.56,-3.36
4.03,1.95,-3.11
2.69,2.26,-2.56
1.95,3.85,-1.89
2.01,4.52,-3.23
5.13,3.30,-8.85
20.51,-6.10,-23.93
52.00,-24.11,-50.05
79.10,-30.58,-61.83
92.90,-30.21,-43.15
94.36,-29.79,-34.85
96.25,-33.51,-43.09
111.76,-40.59,-53.41
109.13,-32.04,-46.26
96.31,-24.29,-28.44
79.59,-21.61,-25.27
80.20,-26.43,-40.28
75.38,-22.09,-33.02
69.82,-20.39,-28.56
70.19,-21.67,-36.13
56.15,-12.63,-29.60
50.23,-8.30,-19.35
38.88,-1.10,-3.11
29.72,1.34,6.23
23.68,2.26,6.71
14.16,3.05,8.00
1.89,4.64,11.11
-12.94,6.41,15.32
-27.83,6.10,22.77
-42.54,9.22,35.16
-55.97,13.31,47.85
-70.86,15.01,58.78
-87.46,15.44,83.50
-103.94,14.16,121.70
-108.03,12.15,150.63
-99.18,12.70,164.92
-94.12,22.46,170.90
-91.98,34.12,163.64
-94.24,37.66,144.10
-98.02,30.21,121.77
-97.96,15.69,104.74
-100.65,-0.43,92.47
-102.11,-16.72,81.48
-99.61,-36.01,71.53
-94.67,-54.32,56.82
-91.31,-68.24,40.41
-89.90,-74.65,23.56
-83.44,-72.69,4.03
-73.36,-65.73,-20.14
-62.38,-56.15,-46.69
-50.84,-45.53,-69.15
-40.10,-37.35,-83.37
-17.76,-18.92,-78.31
2.32,8.48,-44.49
30.76,10.25,-33.63
52.49,-2.44,-24.29
89.72,-7.69,-10.68
108.22,-8.67,-2.62
114.07,-12.15,-1.65
120.30,-15.50,-5.31
128.54,-19.10,-9.22
125.79,-18.62,-30.46
124.08,-9.34,-42.42
122.01,-2.75,-58.78
121.64,0.85,-68.73
129.52,3.17,-63.96
132.20,14.59,-78.25
138.43,28.26,-76.42
138.18,30.94,-62.99
138.12,26.86,-54.57
128.17,23.80,-56.34
116.82,26.73,-61.16
105.96,20.63,-45.53
92.59,16.60,-35.71
83.56,17.15,-34.79
71.78,14.83,-22.52
68.24,8.24,-23.32
50.54,7.39,-18.92
40.28,11.23,-16.17
28.75,-1.16,3.23
17.82,-4.70,3.11
7.63,-3.66,-1.77
-0.92,0.49,-7.87
-9.46,5.43,-13.24
-19.90,9.52,-17.21
-29.91,12.63,-17.82
-40.41,15.01,-15.81
-50.84,17.03,-13.12
-59.57,18.25,-10.07
-69.52,19.65,-7.26
-83.31,20.63,-3.85
-97.84,20.02,-0.55
-111.08,17.88,0.37
-109.19,-12.63,14.28
-99.73,-61.71,40.77
-117.37,-76.42,52.61
-132.08,-88.13,62.74
-129.39,-102.29,62.50
-126.89,-92.71,40.41
-118.10,-83.68,28.75
-114.62,-61.65,11.66
-116.64,-45.35,-3.17
-111.33,-67.02,-0.73
-114.01,-72.14,4.39
-112.24,-87.34,23.80
-100.04,-92.90,30.27
-81.54,-99.98,32.10
-64.64,-79.41,27.77
-46.63,-55.11,18.07
-43.95,-45.35,21.18
-48.58,-29.91,12.33
-48.58,-32.47,14.40
-45.47,-36.68,17.15
-38.76,-57.07,22.89
-31.98,-62.62,22.16
-29.05,-56.95,22.83
-25.88,-33.20,13.61
-19.29,-11.29,6.77
-12.45,-8.79,14.89
-11.66,-11.90,25.39
-14.47,-17.52,36.07
-23.80,-10.13,33.51
-31.98,0.06,35.16
-34.85,-12.82,51.03
-25.94,-22.40,48.95
-15.63,-8.00,36.93
-5.00,18.98,31.56
8.48,45.65,39.98
29.48,70.80,50.29
51.70,89.78,58.72
73.73,107.67,65.12
91.00,123.23,65.06
98.08,129.46,56.09
96.44,124.57,42.54
83.62,113.53,31.98
69.03,102.66,23.80
60.42,93.02,13.31
51.76,82.64,-1.34
38.57,66.53,-14.40
32.29,44.92,-26.06
28.93,18.98,-38.51
24.96,-5.92,-54.93
19.41,-21.30,-77.82
15.26,-28.44,-107.36
18.19,-33.20,-131.53
51.57,-25.94,-102.78
36.25,1.34,-76.35
39.92,9.89,-64.58
47.91,3.05,-54.57
39.49,0.67,-42.05
33.87,-2.69,-27.83
31.68,-5.86,-14.89
31.37,-9.77,-5.62
28.87,-23.86,-6.23
















-,-,-
2.69,-0.12,-1.89
2.01,-0.12,-1.95
1.71,0.06,-1.95
0.98,0.12,-1.59
0.18,0.31,-1.22
0.24,0.06,-0.79
0.37,-0.43,-0.55
0.31,-0.49,-0.49
0.98,-0.92,-0.43
1.40,-1.16,-0.49
1.89,-1.22,-0.61
2.32,-1.34,-0.92
2.01,-1.59,-1.10
1.59,-1.53,-0.98
2.14,-1.95,-0.67
2.20,-2.01,-0.18
2.62,-2.14,0.06
2.62,-1.95,0.18
1.89,-1.65,-0.24
1.83,-1.59,-0.43
2.08,-1.53,-0.31
2.01,-1.53,-0.24
1.65,-1.22,-0.06
1.59,-0.79,0.00
1.22,-0.73,-0.24
1.34,-0.67,-0.73
1.16,-0.37,-1.28
1.04,-0.61,-1.83
0.85,-0.24,-2.14
1.22,0.24,-2.56
1.53,1.28,-2.99
2.99,2.93,-3.30
3.54,4.76,-3.36
3.36,6.23,-4.03
1.59,6.53,-7.08
5.31,1.16,-16.42
12.82,-16.30,-33.51
32.17,-30.03,-52.73
44.37,-33.39,-64.70
56.95,-24.78,-68.05
49.56,-35.64,-80.02
68.36,-36.99,-99.30
77.64,-29.30,-90.33
89.23,-24.11,-84.05
103.76,-20.87,-60.18
119.75,-25.15,-28.87
132.39,-39.55,-10.68
132.75,-54.69,3.66
134.09,-61.95,2.56
130.92,-57.74,13.37
123.17,-52.43,16.66
110.47,-44.74,11.47
107.67,-52.31,0.55
85.14,-37.05,-3.48
60.73,-23.32,2.14
40.83,-14.28,3.05
23.68,-1.34,4.88
10.19,2.56,-0.18
-6.04,9.58,-1.22
-23.62,13.85,-8.30
-34.36,15.69,-17.21
-48.16,19.59,-19.35
-63.96,26.43,-14.71
-80.44,36.19,-0.18
-105.10,50.05,27.53
-124.88,48.16,55.42
-124.08,31.13,82.03
-128.78,30.64,99.06
-135.01,40.04,108.95
-136.96,38.76,112.55
-132.26,26.67,107.73
-126.83,10.44,98.39
-122.19,-6.71,91.37
-117.00,-24.78,89.72
-113.28,-41.81,83.74
-110.90,-54.87,67.44
-109.86,-63.84,43.52
-105.16,-70.07,17.58
-96.68,-76.23,-5.68
-88.50,-80.51,-27.95
-75.07,-78.31,-49.38
-41.20,-49.68,-42.97
-38.64,-15.50,-29.11
-18.37,-2.01,-36.56
3.11,-7.51,-31.49
25.39,-13.31,-26.37
47.55,-9.83,-10.38
70.62,-8.61,4.15
88.26,-8.61,11.84
98.51,-9.03,9.34
110.78,-13.43,-4.64
127.50,-14.83,-13.00
128.72,-14.89,-28.20
137.82,-14.95,-39.67
140.81,-13.37,-56.70
149.90,-7.26,-62.19
149.78,-0.43,-65.98
153.02,12.39,-66.83
147.71,22.09,-64.88
146.06,25.88,-58.04
139.83,23.56,-49.80
129.27,27.16,-46.57
115.84,31.92,-48.03
103.76,37.11,-51.45
92.16,43.64,-54.26
83.44,38.70,-46.26
76.17,21.06,-35.95
65.00,24.72,-33.94
61.71,21.55,-25.57
52.37,14.34,-11.41
45.10,14.04,-8.73
41.32,5.19,0.06
35.71,2.08,8.24
26.67,1.59,4.88
18.25,1.83,0.61
9.40,3.48,-4.70
1.34,5.07,-9.95
-5.86,8.18,-13.24
-15.26,11.54,-13.73
-29.79,14.40,-12.94
-45.10,15.99,-10.13
-59.75,17.46,-6.04
-73.61,15.75,2.26
-86.18,8.42,12.94
-101.14,7.57,19.10
-106.32,-4.46,35.03
-106.02,-29.36,56.46
-107.60,-51.94,79.59
-109.01,-66.89,90.03
-115.60,-60.30,83.19
-120.00,-53.53,75.56
-117.31,-65.61,76.11
-124.45,-75.81,62.26
-122.01,-72.45,48.95
-117.74,-59.57,32.04
-105.71,-61.46,31.80
-102.42,-53.71,25.02
-89.48,-50.35,38.82
-70.01,-61.65,44.43
-60.12,-60.06,39.06
-49.50,-45.78,25.15
-33.45,-33.81,14.65
-27.22,-15.44,10.74
-20.57,-5.25,7.93
-11.54,-5.43,15.69
-6.65,-13.98,27.59
-4.70,-21.30,41.87
-9.64,-10.80,35.71
-6.65,-2.56,32.10
-4.33,-0.06,30.70
-3.48,1.10,25.94
-0.49,1.59,23.01
0.85,2.08,21.61
3.60,3.23,21.06
7.02,6.90,21.12
12.45,20.45,22.71
14.71,45.04,23.93
20.02,67.63,18.74
31.98,86.49,11.96
47.12,101.07,12.88
59.08,117.00,13.18
65.31,129.82,10.99
67.26,129.46,6.53
65.06,116.09,-1.77
57.56,96.56,-12.27
47.36,74.65,-21.91
34.48,50.96,-29.66
23.50,29.30,-39.73
13.92,13.18,-52.98
7.93,0.18,-66.89
5.98,-13.79,-79.04
9.77,-30.52,-90.45
27.59,-45.10,-84.90
36.50,-30.09,-41.63
















-,-,-
-2.08,0.24,-1.16
-0.55,-1.34,-2.44
2.08,-2.87,-3.85
3.30,-4.70,-5.31
2.93,-3.66,-4.21
1.10,-2.20,-3.11
0.79,-2.50,-4.58
2.32,-2.99,-5.68
1.65,-0.85,-3.66
1.77,-0.43,-2.87
4.27,-0.79,-2.81
5.49,0.18,-0.06
5.92,0.43,1.77
5.92,0.18,2.32
5.43,0.12,2.26
5.00,-0.49,1.59
3.78,-0.67,1.04
2.56,-0.24,0.85
2.20,-0.12,0.92
2.75,-0.18,0.85
2.75,0.12,0.92
2.50,0.49,0.61
2.87,0.73,0.00
3.17,1.16,-0.55
-0.37,2.26,-1.83
0.98,0.61,-6.53
14.04,-7.20,-20.51
29.48,-11.84,-29.54
33.69,-13.18,-29.54
37.48,-19.96,-42.91
58.78,-32.35,-48.89
53.47,-21.42,-31.74
60.79,-21.42,-36.01
60.49,-18.19,-32.41
77.76,-27.22,-40.71
88.75,-27.71,-38.51
92.65,-32.96,-37.96
118.53,-45.96,-41.50
128.05,-41.87,-33.20
120.00,-39.43,-38.76
123.29,-36.32,-38.94
111.39,-36.74,-34.24
112.55,-38.64,-38.94
89.78,-23.25,-21.00
78.37,-25.09,-8.54
75.38,-30.94,-10.62
72.57,-29.17,-10.86
56.64,-19.47,-1.65
42.85,-11.72,2.81
36.32,-9.95,-1.28
36.13,-7.87,-5.86
35.03,-1.89,-1.04
22.89,8.00,6.84
10.19,14.40,6.29
-5.00,20.39,3.30
-23.19,25.82,0.85
-44.74,29.42,1.89
-67.38,30.70,5.92
-86.18,28.75,13.67
-99.12,27.95,35.40
-102.91,15.32,74.77
-99.91,3.85,113.95
-105.35,13.67,140.01
-110.29,31.62,153.75
-117.31,44.86,156.01
-124.57,48.52,148.32
-127.99,41.75,132.75
-124.82,27.71,116.70
-112.73,5.49,96.86
-101.26,-17.88,79.47
-96.25,-37.54,68.30
-94.30,-52.86,60.97
-94.12,-65.86,52.12
-92.59,-78.00,37.11
-85.02,-88.38,13.98
-79.35,-95.34,-14.83
-70.50,-95.21,-47.06
-62.13,-91.25,-80.63
-50.35,-86.36,-112.49
-7.39,-51.94,-104.19
13.92,-10.99,-70.56
23.13,1.34,-60.42
57.74,-4.76,-43.58
98.21,-7.26,-17.27
124.76,-8.97,6.47
141.11,-16.36,18.31
155.88,-21.61,13.98
164.43,-21.30,-6.16
168.40,-14.34,-32.65
175.90,-5.92,-57.13
181.82,5.92,-63.78
181.64,30.15,-72.57
179.75,47.91,-75.38
180.85,55.73,-85.08
172.36,56.95,-78.00
153.81,63.17,-68.97
134.77,62.32,-69.34
126.34,39.06,-48.40
108.34,29.17,-30.94
88.99,25.94,-27.71
80.99,18.19,-19.41
69.76,10.62,-7.39
57.13,11.05,-9.34
43.76,5.68,1.40
25.02,3.66,8.18
2.93,7.39,2.93
-17.46,13.85,-13.00
-41.02,22.03,-29.79
-61.95,28.32,-41.81
-80.02,33.69,-47.67
-94.18,39.18,-44.80
-103.82,41.69,-40.41
-97.66,30.82,-30.46
-74.28,3.23,-6.59
-62.68,-16.66,16.85
-54.20,-35.58,32.71
-48.10,-45.29,41.26
-54.26,-38.88,47.42
-51.94,-48.16,53.59
-52.61,-64.76,64.33
-65.06,-62.44,60.49
-72.57,-55.24,58.59
-67.99,-56.03,49.68
-65.73,-46.45,39.49
-60.67,-39.00,32.29
-49.13,-42.05,29.91
-46.14,-37.35,31.01
-40.71,-40.28,34.00
-34.85,-38.51,34.00
-31.56,-36.01,30.03
-25.82,-34.67,28.02
-26.06,-23.38,24.48
-15.44,-26.98,22.58
-6.59,-34.36,21.00
-1.22,-23.44,14.34
-2.01,2.56,3.66
9.58,4.09,4.94
15.20,1.53,9.83
17.21,1.16,17.64
18.25,4.15,20.51
18.19,8.00,20.87
12.94,13.00,20.20
10.19,18.01,20.94
12.63,27.53,20.69
20.87,47.00,13.43
33.81,67.57,10.68
48.34,78.43,12.70
61.71,83.86,15.14
73.55,88.13,16.54
83.62,92.29,15.75
87.16,91.80,12.21
85.08,83.01,6.65
80.44,70.25,-1.40
72.75,58.90,-11.35
64.27,52.12,-22.52
57.43,48.52,-34.73
50.11,44.43,-44.86
39.92,39.86,-50.66
29.54,33.51,-52.49
17.21,18.80,-52.98
16.91,0.61,-51.33
23.99,-5.80,-36.74
18.19,7.63,-37.78
23.93,18.07,-43.64
39.86,15.81,-38.76
48.95,12.76,-30.46
51.21,9.77,-23.32
46.20,3.54,-19.17
43.03,-8.61,-22.95
42.42,-17.52,-26.31
38.09,-24.90,-26.31
51.09,-43.70,-35.03
61.40,-48.58,-28.38
62.32,-44.01,-18.37
72.88,-53.89,-21.18
















-,-,-
2.01,2.56,-3.30
0.55,2.87,-4.21
0.55,2.87,-4.94
0.92,2.26,-5.31
1.40,1.34,-5.37
1.34,0.67,-4.94
1.71,-0.12,-3.91
2.81,-1.04,-2.75
3.17,-1.59,-1.34
3.36,-1.53,-0.49
3.11,-1.40,0.18
3.05,-1.22,0.37
2.50,-0.98,0.49
0.98,0.00,0.73
0.61,0.67,0.55
0.85,0.79,0.55
1.89,0.79,0.98
2.38,0.61,1.59
2.99,-0.18,2.26
4.09,-0.49,2.75
4.15,-0.31,3.42
2.99,0.00,3.48
2.01,0.00,2.87
1.28,0.06,2.44
0.00,-0.06,1.89
1.16,-0.18,1.40
5.13,-0.24,1.65
11.05,-0.61,2.38
12.63,-4.94,-0.85
31.07,-27.89,-23.68
47.73,-29.85,-28.50
44.80,-39.67,-38.76
45.96,-38.70,-46.81
42.36,-35.64,-44.92
60.79,-40.28,-42.18
66.59,-33.51,-39.67
64.64,-32.41,-38.27
82.70,-44.98,-44.25
67.81,-30.58,-27.47
45.41,-17.70,-24.17
47.36,-18.92,-19.23
40.41,-14.16,-10.93
35.71,-11.78,-6.59
34.36,-14.53,-3.11
24.54,-5.98,12.63
17.76,-2.44,20.94
21.12,-7.20,18.01
16.60,-1.28,26.12
9.09,3.11,31.80
2.93,5.13,31.56
-4.21,11.11,32.41
-14.53,20.87,35.77
-22.52,32.10,40.22
-26.73,38.94,43.21
-29.05,37.66,42.18
-27.22,28.08,41.02
-20.94,21.79,57.74
-19.84,31.62,87.83
-20.94,46.81,113.40
-20.75,50.54,130.98
-25.21,42.11,143.07
-36.56,29.97,148.25
-53.83,16.97,144.78
-73.06,1.89,133.85
-89.29,-13.49,118.10
-96.80,-25.82,97.29
-98.63,-31.98,71.04
-101.99,-33.69,44.62
-99.79,-34.85,25.76
-96.98,-38.64,14.83
-94.79,-46.20,6.04
-95.64,-53.28,-3.60
-95.64,-59.39,-17.64
-95.95,-67.75,-37.54
-91.55,-76.05,-61.65
-83.37,-81.60,-92.96
-56.88,-67.69,-121.40
-16.66,-28.26,-109.80
13.67,0.43,-73.06
43.21,-3.78,-43.15
81.85,-21.06,-18.98
106.51,-21.18,-8.00
117.61,-24.78,-1.28
139.47,-36.44,-3.91
144.96,-44.19,-13.92
158.94,-40.53,-41.44
151.67,-26.37,-57.86
157.59,-9.52,-75.20
152.89,2.38,-86.24
159.55,5.98,-89.48
160.77,8.97,-82.09
155.52,9.40,-68.12
141.11,11.17,-45.78
127.87,10.38,-26.37
112.49,11.96,-21.61
100.95,12.57,-6.47
86.18,15.44,4.03
67.08,12.70,0.98
48.40,8.24,6.04
24.17,8.97,3.36
4.15,9.83,-5.86
-17.21,13.61,-13.43
-39.61,19.10,-27.53
-57.19,21.79,-36.07
-68.60,22.58,-38.09
-74.10,22.64,-33.69
-78.37,23.01,-23.25
-77.21,17.94,-7.20
-70.50,1.53,15.63
-67.57,-16.17,29.66
-70.25,-19.23,31.25
-76.23,-27.22,41.08
-85.57,-42.18,52.37
-105.90,-57.92,55.30
-112.79,-77.82,55.60
-131.53,-78.86,50.78
-141.42,-73.49,40.71
-144.17,-56.82,24.29
-135.74,-42.79,15.38
-126.10,-27.83,2.50
-109.37,-30.82,4.82
-92.35,-51.64,22.34
-76.97,-58.35,27.47
-72.08,-36.80,33.94
-59.94,-42.24,40.89
-44.56,-64.76,42.30
-46.14,-50.17,28.69
-32.10,-49.19,30.27
-31.07,-16.54,8.67
-23.44,2.56,1.46
-9.58,-4.03,10.56
-3.97,-14.95,22.95
1.16,-37.66,44.80
0.61,-53.53,53.22
-11.11,-24.11,32.53
-13.92,-1.22,22.83
-22.09,11.11,21.97
-25.57,13.00,24.29
-17.27,9.70,31.31
-6.53,-1.83,50.96
0.98,5.86,46.69
16.05,28.26,34.42
33.45,52.43,32.71
49.26,76.35,38.39
67.87,94.18,55.18
83.68,106.93,67.50
91.25,116.21,63.17
90.94,116.76,46.26
89.78,107.42,22.58
89.29,92.53,-3.05
88.20,79.53,-29.79
90.70,69.21,-54.93
84.78,53.77,-73.61
69.34,29.05,-83.25
49.07,0.00,-89.60
25.82,-29.11,-101.75
19.29,-56.40,-101.38
15.20,-43.27,-72.45
-23.86,-1.89,-71.11
-29.24,6.59,-77.88
-13.98,-1.16,-77.27
-12.88,0.37,-67.02
-11.35,2.38,-52.49
-6.71,1.46,-37.84
1.10,-4.52,-26.73
3.72,-17.64,-21.06
17.03,-50.29,-27.16
11.41,-52.12,-22.34
3.30,-50.42,-17.52
-2.62,-69.70,-19.84
2.87,-78.25,-21.85
1.28,-86.30,-24.60
0.79,-96.62,-30.15
15.14,-113.71,-38.51
6.47,-106.81,-36.25
















-,-,-
-1.04,-0.24,-5.86
-0.98,0.06,-6.53
-3.66,-0.67,-9.03
-1.83,-2.14,-10.62
-8.30,-0.49,-9.16
-13.92,-1.77,-13.18
-6.41,-6.59,-18.13
-3.72,-8.61,-15.69
2.01,-10.50,-16.24
2.14,-9.22,-16.05
4.03,-5.31,-14.10
4.21,-9.22,-12.39
28.38,-24.48,-28.99
43.03,-27.83,-32.41
56.09,-25.94,-30.76
66.83,-21.30,-21.61
73.73,-30.70,-34.55
93.63,-43.27,-45.23
98.45,-42.54,-33.26
92.04,-40.16,-42.42
86.12,-42.42,-31.43
90.82,-42.05,-34.18
89.78,-28.93,-26.12
83.80,-28.26,-33.02
110.90,-43.95,-53.16
100.34,-30.76,-45.90
84.17,-11.60,-42.91
83.92,-9.40,-51.64
78.86,-8.85,-45.65
63.17,-3.97,-34.67
54.14,-4.15,-39.31
42.36,2.87,-34.73
28.87,9.09,-13.49
19.59,5.25,-5.86
11.11,4.15,8.12
-4.21,7.45,26.92
-17.15,7.75,28.02
-32.84,9.40,29.24
-49.80,14.59,36.01
-64.51,22.28,52.67
-89.66,33.75,92.22
-108.46,35.10,125.12
-108.95,27.71,143.49
-104.31,28.69,158.75
-107.12,44.62,167.36
-114.93,56.52,163.76
-126.46,50.35,150.82
-132.57,27.77,133.73
-134.70,1.65,117.07
-129.21,-19.41,93.38
-117.19,-35.46,60.85
-110.78,-46.63,31.43
-107.79,-54.69,6.65
-105.59,-61.28,-16.97
-100.28,-65.98,-42.05
-89.54,-69.89,-71.35
-78.55,-72.33,-102.05
-47.49,-41.81,-103.70
-34.73,9.34,-72.20
2.62,7.14,-56.70
45.10,-15.81,-36.44
79.71,-20.94,-12.33
95.46,-19.78,5.98
113.83,-27.53,12.33
129.21,-35.34,-3.30
145.81,-37.78,-8.67
152.95,-40.10,-26.43
161.25,-35.22,-56.27
170.84,-16.11,-73.12
174.68,1.16,-83.25
177.43,16.78,-84.47
170.35,25.21,-81.85
157.41,44.01,-75.01
141.30,39.18,-56.95
130.43,29.11,-39.79
109.37,24.29,-10.38
92.90,8.18,8.85
68.91,4.09,16.05
43.95,0.55,23.13
22.58,-4.09,26.25
-6.04,-0.18,16.54
-28.93,6.65,-3.17
-43.33,12.21,-19.29
-53.96,16.24,-29.42
-62.07,19.90,-34.79
-67.63,21.73,-35.03
-72.27,19.53,-31.49
-68.79,-9.34,-16.48
-56.21,-44.62,0.24
-73.91,-47.42,11.41
-79.65,-63.84,27.28
-80.69,-85.82,43.33
-100.95,-80.38,48.83
-107.97,-76.42,53.59
-118.41,-71.66,60.06
-120.67,-85.27,58.65
-133.00,-82.34,54.32
-138.37,-78.55,49.01
-132.69,-83.80,51.15
-133.00,-81.97,52.67
-119.51,-101.38,52.25
-112.98,-87.65,33.81
-103.27,-57.01,18.62
-83.50,-62.50,24.17
-79.90,-61.40,21.18
-73.30,-56.70,15.87
-61.46,-45.65,17.27
-48.58,-57.31,26.06
-38.02,-59.20,20.32
-34.67,-27.89,6.04
-25.94,-19.04,10.07
-20.57,-18.86,19.84
-19.29,-22.16,34.48
-18.74,-7.93,36.99
-15.14,3.48,41.26
-15.08,10.62,37.96
-10.25,14.71,33.57
-3.91,17.09,35.34
3.05,27.83,39.55
7.57,40.04,47.30
19.96,51.03,46.63
31.56,69.52,40.22
47.18,86.36,40.10
59.88,103.64,40.65
70.25,123.11,33.26
86.91,138.61,17.70
105.47,142.33,-2.50
108.70,136.11,-22.83
97.29,120.73,-39.73
75.20,93.69,-46.39
50.60,60.61,-45.17
29.66,30.76,-46.88
14.77,9.52,-58.29
9.70,-6.29,-78.80
13.92,-22.58,-102.72
37.41,-38.94,-106.45
60.85,-34.24,-59.51
46.57,-11.90,-46.45
44.01,-8.85,-44.86
41.56,-15.99,-44.62
27.65,-21.97,-42.72
26.18,-29.97,-35.22
14.47,-29.48,-23.44
13.37,-43.95,-27.95
12.02,-63.17,-29.72
9.58,-70.01,-30.76
-6.90,-78.49,-33.02
-9.52,-74.04,-27.34
-11.17,-85.21,-32.23
-2.81,-103.52,-30.27
1.89,-115.91,-25.88
-32.35,-69.40,-11.05
-50.48,-53.34,-9.64
-22.52,-83.19,-27.34
-38.02,-72.88,-34.55
-33.08,-83.07,-45.72
-47.24,-67.75,-40.47
-42.97,-60.42,-37.54
-52.86,-60.42,-22.58
-34.67,-91.25,-30.27
-44.62,-71.96,-13.12
-43.64,-48.46,2.44
-36.99,-48.52,6.90
-18.55,-43.95,9.46
-22.22,-34.73,16.54
6.90,-84.96,-0.85
-3.48,-59.39,0.92
-12.76,-46.81,6.90
-12.63,-35.64,4.27
-22.52,-23.13,7.69
-7.26,-54.81,-8.54
-9.77,-39.67,-11.60
-15.44,-15.32,0.43
-7.39,-12.76,1.46
















-,-,-
-10.01,10.50,-82.52
-13.98,10.07,-82.76
-17.46,9.70,-82.46
-20.08,8.73,-80.99
-21.06,7.45,-78.06
-19.59,6.23,-74.22
-14.83,5.19,-70.13
-12.70,4.46,-65.43
-11.60,4.03,-60.61
-11.78,4.52,-55.30
-11.96,5.80,-49.62
-10.25,6.77,-43.03
-7.08,5.68,-36.74
-4.46,4.52,-29.54
-3.17,5.68,-20.81
-2.50,6.84,-11.90
-0.31,6.41,-3.78
2.75,5.13,5.13
8.30,3.97,14.53
12.15,2.44,23.80
12.51,2.44,32.71
12.76,2.87,41.50
9.22,3.78,49.26
10.62,4.21,54.32
20.57,-2.99,50.96
45.29,-20.39,34.91
60.49,-23.93,35.40
95.09,-47.91,21.48
124.33,-62.01,14.04
120.61,-44.98,25.45
118.71,-45.65,13.31
142.03,-55.60,-2.99
154.24,-66.71,-34.73
166.02,-70.62,-51.21
152.22,-63.29,-41.99
132.51,-53.16,-36.56
110.47,-51.39,-17.94
112.30,-65.12,-9.95
89.29,-57.92,9.40
92.41,-70.43,13.37
71.72,-52.55,35.10
63.78,-45.72,37.48
65.37,-49.93,30.58
58.47,-35.71,24.41
48.95,-20.39,23.38
34.48,-2.99,25.33
21.97,8.36,20.75
5.80,16.97,12.76
-14.89,24.84,8.42
-40.83,33.26,8.24
-62.38,37.17,13.06
-76.05,40.59,28.02
-89.05,45.59,62.44
-98.39,44.98,110.78
-106.02,47.18,143.07
-107.97,52.73,159.97
-110.90,58.41,165.28
-120.85,58.41,156.86
-131.35,50.42,142.76
-135.74,34.12,132.93
-132.51,9.83,123.29
-126.89,-15.75,110.66
-128.17,-41.56,94.54
-130.43,-67.26,82.58
-132.20,-89.05,75.01
-132.45,-101.38,61.22
-136.17,-104.00,33.45
-130.37,-95.76,-9.64
-123.96,-79.90,-62.26
-110.60,-68.42,-103.15
-83.98,-51.82,-135.74
-35.52,-16.97,-122.19
-5.62,7.75,-84.29
22.71,3.78,-48.46
66.41,-15.08,-18.68
101.93,-14.28,-7.87
123.78,-12.51,-3.23
144.29,-21.85,12.02
159.06,-19.23,-10.93
156.31,-12.33,-18.92
165.34,-22.64,-43.64
174.44,-12.45,-55.66
166.93,-0.61,-58.96
171.26,0.24,-63.35
174.56,11.54,-55.54
171.51,21.30,-59.27
172.30,30.21,-54.57
165.22,35.40,-40.22
148.38,43.58,-26.79
120.48,45.29,-15.93
104.49,34.85,-16.17
85.45,25.33,-5.31
62.01,13.98,15.44
39.86,-0.67,27.65
16.24,-7.26,31.43
-4.39,-9.77,27.28
-28.93,-0.92,12.39
-42.24,8.61,-10.44
-47.61,17.33,-26.43
-49.13,25.63,-34.00
-48.22,32.59,-36.87
-48.34,36.01,-35.89
-50.72,36.50,-32.04
-54.99,34.36,-26.55
-56.15,20.87,-12.21
-48.28,-14.10,18.49
-64.27,-29.91,38.21
-70.43,-50.11,48.46
-79.10,-60.06,56.82
-91.67,-67.14,62.87
-105.41,-64.58,57.37
-124.15,-63.84,51.51
-138.43,-70.25,52.67
-152.65,-74.83,45.47
-161.38,-78.49,44.43
-151.61,-97.66,45.59
-139.53,-91.49,35.40
-127.01,-74.40,28.08
-105.83,-77.70,29.48
-89.72,-85.94,26.55
-77.58,-92.16,26.00
-70.92,-80.44,25.27
-65.49,-72.14,25.88
-59.14,-60.55,20.39
-50.60,-56.70,27.47
-43.03,-44.31,16.05
-35.89,-44.98,22.40
-28.38,-47.79,22.71
-25.76,-42.05,17.03
-25.82,-15.32,7.87
-18.01,-26.92,20.57
-14.95,-46.08,32.65
-20.39,-47.79,36.50
-22.95,-44.80,30.27
-26.86,-19.23,22.77
-28.93,-15.81,18.74
-23.13,-11.17,16.30
-19.90,-20.75,26.55
-14.16,-22.46,24.23
-9.77,-12.94,25.63
-8.30,-5.68,29.85
-8.85,9.46,33.63
-6.10,26.25,42.91
-4.52,46.57,52.19
-0.12,72.08,59.39
15.20,86.30,72.39
30.15,95.83,84.78
45.96,111.33,88.75
66.16,125.55,81.54
89.97,133.61,62.68
114.32,136.47,39.43
132.20,137.88,15.75
139.59,138.67,-9.16
130.92,134.09,-35.95
113.34,116.46,-58.72
99.00,83.37,-72.20
72.39,42.18,-76.60
43.09,10.50,-79.04
15.38,-3.36,-87.34
-7.63,-4.88,-104.00
-22.77,-6.23,-128.60
-8.48,-21.24,-128.23
19.23,-20.94,-97.78
5.31,2.69,-90.88
11.60,8.67,-80.32
35.52,2.69,-67.93
39.00,2.14,-52.98
35.64,2.56,-38.15
42.30,-0.92,-25.70
45.41,-7.39,-15.08
50.66,-32.96,-25.15
56.15,-25.09,-15.01
30.52,-37.29,-20.08
51.09,-79.71,-46.14















