
-,-,-
0.85,-0.98,-1.10
1.40,-1.22,-1.10
1.46,-1.46,-1.46
1.28,-1.59,-1.53
1.40,-1.59,-1.95
1.34,-1.59,-2.26
1.10,-1.34,-2.69
0.67,-1.22,-3.17
0.37,-0.92,-3.36
0.37,-0.61,-3.66
0.79,-0.61,-3.72
1.04,-0.37,-3.78
1.95,-0.06,-3.78
2.87,-0.12,-3.54
3.11,-0.18,-3.42
2.56,0.12,-3.17
1.65,0.55,-2.93
0.37,0.61,-2.69
0.49,0.37,-2.38
0.18,-0.06,-1.83
0.49,-0.31,-1.53
0.98,-0.55,-1.59
0.79,-0.67,-1.40
0.92,-0.67,-1.22
1.22,-0.37,-1.10
1.89,-0.24,-0.79
3.05,-0.49,-0.79
3.42,-0.67,-1.04
2.56,-0.98,-1.34
1.22,-0.92,-1.59
1.77,-1.10,-1.95
5.49,-1.46,-2.50
11.29,-1.95,-3.30
14.65,-1.95,-6.90
21.67,-2.44,-12.45
32.59,-5.86,-25.51
54.50,-7.32,-43.76
75.38,-7.45,-63.17
79.22,0.92,-109.74
82.64,4.82,-154.05
85.39,13.06,-191.77
79.59,25.63,-212.83
44.68,41.99,-234.74
18.43,40.65,-217.29
28.26,15.93,-172.73
42.85,10.68,-123.05
54.32,7.63,-78.67
66.83,-1.53,-49.26
79.96,-6.23,-18.43
75.26,-2.14,0.43
75.87,-6.77,19.23
73.36,-7.81,32.90
63.05,-8.24,32.71
50.66,-6.10,25.33
38.33,-0.85,17.64
27.16,7.32,13.98
17.09,14.65,13.92
8.42,20.20,21.42
6.65,22.58,48.28
9.77,17.64,78.80
14.04,12.08,100.16
17.03,11.96,115.23
17.88,16.78,120.91
7.63,21.00,119.02
-6.96,22.89,114.01
-19.41,21.67,100.89
-29.79,15.99,80.44
-34.85,9.52,60.67
-34.36,2.38,45.47
-33.02,-4.88,32.78
-35.03,-12.08,18.74
-38.39,-18.80,0.18
-44.19,-24.23,-20.14
-47.97,-28.14,-39.31
-44.13,-29.48,-52.49
-33.02,-7.57,-51.64
-25.63,18.86,-54.20
-2.32,15.75,-55.18
18.86,11.90,-49.62
31.07,15.69,-42.66
25.57,15.69,-36.93
16.60,13.61,-31.92
-1.28,8.97,-23.32
-27.47,1.53,-11.96
-41.81,-10.38,-4.03
-30.15,-30.03,4.33
-27.83,-34.42,14.34
1.59,-61.22,28.20
11.66,-60.55,31.86
33.20,-73.49,40.47
65.19,-88.87,48.03
87.16,-99.12,58.84
90.76,-90.88,58.90
71.23,-76.66,46.20
74.52,-82.03,43.88
77.09,-89.36,47.24
81.79,-98.57,49.44
72.51,-81.67,43.70
75.68,-83.13,39.25
80.51,-88.56,38.33
74.77,-76.72,31.68
56.40,-51.64,24.11
50.17,-41.38,19.35
42.42,-42.48,15.87
36.19,-33.87,10.86
31.86,-31.37,6.65
32.41,-28.26,6.29
28.93,-15.81,1.59
29.30,-8.24,3.23
29.30,-5.62,1.46
34.48,-11.29,2.81
29.66,13.79,3.72
27.34,25.27,3.97
32.47,17.46,3.11
33.57,19.04,3.05
33.94,17.88,3.48
34.55,15.32,2.87
33.75,14.22,1.83
32.71,13.37,0.31
31.49,13.06,-1.34
32.17,12.70,-2.44
35.16,12.63,-2.38
39.00,12.51,-1.28
44.98,11.96,0.06
52.06,12.39,0.31
59.51,15.87,-4.15
67.38,22.16,-11.84
77.82,25.27,-18.49
93.93,28.50,-29.30
103.09,36.87,-26.73
110.78,39.25,-33.08
111.39,41.26,-34.42
110.78,35.40,-26.98
103.39,34.55,-22.34
101.56,31.31,-19.17
98.94,25.21,-13.49
94.60,33.20,-12.15
91.61,32.23,-13.43
86.36,31.62,-20.63
79.53,28.69,-23.32
70.74,27.28,-15.56
60.85,26.12,-7.69
59.02,23.38,-8.12
56.76,16.42,2.56
54.38,13.98,4.58
49.26,6.96,17.52
45.17,3.78,16.78
41.93,4.88,13.31
37.05,6.04,6.29
31.74,9.09,-2.08
28.08,12.33,-6.35
24.41,15.87,-8.12
20.08,20.14,-8.61
14.95,24.11,-7.20
8.79,27.53,-4.52
5.55,30.46,-0.43
4.39,31.74,4.76
3.23,31.92,10.74
0.85,34.00,17.03
-4.70,52.92,23.86
-12.21,71.53,30.70
-10.50,61.83,41.69
-5.37,44.01,55.11
-3.97,38.88,66.04
-7.26,42.11,73.12
-11.96,42.79,74.77
-12.70,36.87,69.03
-14.89,30.88,61.77
-19.96,31.07,59.14
-24.17,32.84,58.90
-19.53,32.47,57.92
-24.78,26.18,53.83
-29.85,21.36,45.47
-30.82,18.98,33.81
















-,-,-
-0.67,-0.55,1.10
0.24,-0.85,1.65
0.67,-0.85,1.83
1.22,-0.61,1.83
2.50,-0.55,2.81
1.28,-1.53,1.59
1.89,-1.83,-1.28
0.98,-0.55,-2.14
-1.28,0.61,-1.28
-4.58,0.67,-0.73
-5.25,0.31,0.00
-5.07,0.24,0.00
-5.43,0.49,-2.69
-4.64,0.92,-6.29
-4.15,0.31,-8.06
-1.59,-1.53,-7.57
0.06,-2.32,-8.06
0.67,-2.99,-11.05
0.73,-3.36,-13.98
0.92,-3.78,-12.33
0.79,-4.03,-9.77
-0.98,-4.33,-10.25
-0.12,-4.39,-10.86
0.85,-4.09,-9.83
2.75,-3.36,-7.81
4.58,-2.87,-6.23
8.36,-2.99,-5.62
9.89,-3.36,-6.35
5.86,-2.56,-9.58
-4.82,-1.22,-15.56
-14.65,1.89,-22.16
-21.61,6.65,-28.63
-28.69,9.22,-36.07
-30.64,11.60,-42.97
-27.77,15.75,-48.95
-14.28,17.46,-53.59
6.90,15.87,-58.04
28.87,13.55,-67.26
46.26,9.58,-73.97
46.94,9.09,-75.20
40.41,11.90,-98.27
42.24,15.81,-121.77
43.95,14.28,-128.85
54.38,14.59,-147.22
49.87,26.86,-161.32
61.58,36.44,-169.68
66.65,47.00,-174.68
75.01,45.47,-176.39
84.47,34.67,-158.63
91.98,25.63,-129.27
96.68,21.36,-105.35
89.48,15.20,-63.48
88.68,8.18,-51.21
86.79,3.91,-33.39
83.07,-0.49,-20.69
84.90,-5.00,-16.66
82.70,-2.56,-10.31
76.17,1.59,-21.06
61.83,5.62,-24.05
52.25,5.13,-21.79
36.80,7.39,-10.19
30.21,8.06,-8.54
26.37,4.46,5.80
20.81,4.33,4.58
15.69,5.07,0.67
13.55,6.59,-0.37
13.61,8.06,1.46
15.93,9.58,5.86
17.82,11.47,11.72
18.07,12.21,17.70
17.76,11.96,23.99
16.97,10.25,29.30
15.63,7.45,39.43
12.21,5.13,59.14
5.37,1.77,80.32
-5.13,3.97,96.74
-14.65,11.54,109.25
-22.71,15.32,113.46
-30.27,10.99,103.64
-37.66,6.59,92.10
-40.65,5.62,77.64
-41.38,5.62,60.30
-39.06,5.74,45.47
-34.42,3.30,34.48
-23.62,-1.65,25.51
-13.49,-5.13,14.53
-26.18,-15.87,4.76
-68.36,-35.71,-3.11
-84.47,-50.90,-29.36
-72.33,-70.74,-70.56
-28.69,-67.87,-89.54
4.03,-3.30,-56.34
47.00,12.76,-48.89
65.49,1.34,-32.90
68.79,3.36,-20.87
47.61,8.36,-14.28
27.59,7.93,-8.79
10.56,8.48,-4.94
-5.86,7.51,-3.23
-14.83,-13.12,-5.92
-5.86,-19.71,-7.39
-53.59,7.14,-5.37
-41.32,-32.78,-6.10
9.77,-69.76,-3.36
-19.10,-53.83,4.58
-13.31,-70.13,18.68
2.69,-99.55,32.84
4.46,-99.24,37.17
1.10,-87.65,37.78
14.59,-99.49,41.99
37.41,-114.26,42.79
33.81,-95.64,34.85
28.20,-81.48,28.56
36.87,-79.41,23.13
25.45,-53.59,12.82
31.37,-55.18,8.06
31.68,-54.75,7.08
26.25,-41.26,6.71
17.09,-17.52,1.40
21.91,-17.88,-0.37
30.76,-30.64,-1.46
28.20,-14.16,-3.48
9.40,26.79,-5.92
21.36,6.84,-5.68
32.35,-22.40,-5.43
26.67,-16.97,-4.64
18.80,5.92,-3.60
22.28,15.50,-5.25
28.81,6.84,-5.25
32.65,-3.36,-4.03
31.80,6.16,-3.36
33.63,17.46,-2.87
39.98,16.78,-1.65
42.72,15.26,-0.61
42.42,15.14,0.92
41.69,15.75,1.59
41.02,16.72,1.59
39.49,17.88,1.34
38.21,18.19,0.92
38.27,18.31,0.24
40.59,18.01,0.00
46.81,17.76,-0.24
54.02,17.58,-2.01
64.27,17.76,-6.16
73.36,17.64,-12.39
80.81,20.32,-17.15
83.07,24.60,-22.03
85.51,24.90,-21.42
86.30,24.05,-19.10
89.42,22.83,-15.99
88.81,24.41,-11.90
86.24,31.13,-11.84
91.61,31.25,-15.20
92.96,30.70,-12.94
91.92,34.36,-13.98
88.01,31.49,-11.90
83.74,34.00,-16.05
79.83,31.07,-13.06
75.38,26.79,-13.24
71.41,27.22,-12.39
67.57,27.28,-9.52
67.50,22.71,-9.03
66.47,20.75,-7.51
65.86,19.65,-7.75
62.44,11.90,2.99
58.29,15.56,0.12
56.64,14.89,3.23
53.34,14.04,4.39
49.50,14.89,0.43
46.63,15.87,-3.78
44.43,16.97,-6.77
42.48,17.94,-8.97
41.20,19.23,-9.46
41.02,20.63,-8.36
39.92,21.97,-6.35
















-,-,-
4.82,0.37,-1.71
5.31,-1.34,-2.08
5.31,-2.75,-2.50
5.98,-3.60,-2.81
5.98,-3.85,-3.05
5.86,-3.78,-3.36
5.80,-3.54,-3.78
4.88,-2.87,-4.70
3.78,-1.95,-5.55
3.48,-1.28,-6.10
2.50,-0.98,-6.35
1.95,-0.98,-6.29
1.89,-0.92,-5.86
1.95,-0.79,-5.37
2.44,-0.61,-4.33
2.99,-0.85,-2.75
3.85,-0.73,-1.16
5.25,-0.85,0.31
5.68,-1.16,1.22
5.80,-1.34,1.77
5.92,-1.40,1.46
4.76,-1.34,0.92
4.21,-1.53,0.18
5.68,-2.08,-0.49
10.50,-3.11,-1.71
20.57,-5.13,-5.13
35.46,-6.23,-17.03
47.06,-7.14,-21.61
54.38,-7.32,-23.80
54.63,-4.58,-35.89
59.14,-3.48,-50.11
73.85,-8.18,-65.49
89.60,-1.83,-88.01
103.52,5.37,-104.92
107.91,10.62,-120.67
109.13,18.86,-145.87
110.05,30.03,-160.71
110.90,58.17,-174.80
96.50,79.65,-184.20
87.22,75.62,-176.15
81.42,71.90,-151.25
71.72,67.08,-148.56
65.19,56.34,-124.02
66.47,47.06,-87.34
70.56,38.15,-47.55
65.37,29.91,-17.64
71.23,9.58,20.20
64.51,2.01,40.47
57.92,-6.90,52.31
44.01,-8.73,62.26
25.51,-7.63,53.83
6.10,-3.54,41.87
-10.01,4.82,33.75
-21.61,15.44,27.65
-32.90,23.50,23.56
-45.78,26.12,20.26
-57.68,22.83,23.25
-63.84,19.71,49.80
-71.59,12.70,92.16
-82.46,6.47,128.42
-94.91,4.94,147.71
-100.77,4.94,151.61
-105.96,-0.31,147.83
-107.18,-10.07,140.56
-105.41,-21.12,130.49
-104.25,-30.88,117.43
-102.66,-38.70,101.62
-97.72,-47.24,85.57
-94.85,-56.76,68.91
-89.11,-61.89,54.63
-78.00,-62.07,32.65
-71.11,-59.39,5.19
-64.51,-51.88,-19.23
-53.96,-14.22,-18.01
-55.54,19.35,-16.11
-35.77,17.76,-17.70
-2.26,2.62,-24.60
11.54,6.53,-20.63
10.19,10.50,-13.37
6.65,9.70,-7.51
-2.26,8.67,-4.33
-13.67,7.39,-2.50
-24.66,1.16,-2.87
-27.71,-13.92,-4.58
-28.87,-28.63,-5.00
-27.22,-49.01,-4.27
-8.61,-83.19,-1.59
4.94,-107.48,2.20
-3.30,-96.98,7.20
3.60,-122.50,16.54
41.87,-169.49,33.63
28.26,-152.40,35.77
-12.88,-120.30,29.42
-10.38,-131.41,24.54
-13.24,-134.64,22.52
-36.13,-98.63,11.05
-47.67,-92.77,5.68
-35.10,-103.21,4.27
-40.34,-94.06,0.43
-36.62,-101.87,-1.40
-20.32,-123.41,1.83
-30.94,-87.83,-8.54
-40.89,-37.05,-4.33
-35.89,-29.48,-2.99
-3.11,-59.39,-8.18
0.79,-36.01,-4.64
-3.05,4.58,2.14
1.77,16.11,4.88
24.96,-17.88,2.38
26.61,-5.07,2.99
17.64,15.87,8.54
22.58,13.98,7.75
25.15,12.33,5.13
24.05,12.27,3.72
25.02,11.66,2.38
25.45,11.11,0.79
25.82,10.44,-1.04
27.22,10.01,-2.75
28.81,10.25,-4.15
30.27,10.86,-5.00
32.17,11.23,-5.62
33.81,12.33,-5.13
35.58,13.85,-4.15
39.25,14.77,-2.62
45.04,15.63,-1.59
53.16,14.22,-4.82
64.15,12.70,-9.83
75.87,9.64,-19.04
85.75,9.95,-23.01
88.32,12.57,-25.27
91.98,13.55,-31.31
90.39,14.34,-29.85
91.00,20.02,-29.30
87.83,24.35,-28.38
83.98,26.92,-24.17
80.87,23.01,-17.58
78.92,20.94,-13.12
73.61,22.16,-6.10
70.62,22.34,-6.29
72.27,17.88,-9.83
69.95,18.31,-5.74
65.49,20.02,-3.48
59.88,19.04,-4.46
58.23,20.63,-6.16
52.12,22.22,-0.67
47.61,19.96,0.79
43.76,17.64,2.01
42.91,15.32,-1.71
43.27,15.14,-0.12
41.99,15.20,0.73
39.86,14.83,-1.10
38.02,14.65,-2.50
35.83,15.63,-2.56
32.29,17.21,-1.40
27.77,19.29,1.04
23.25,23.68,5.98
17.94,39.00,18.49
10.56,54.99,32.59
9.70,53.83,41.14
11.47,44.13,45.29
10.74,40.47,47.73
7.39,44.62,49.26
0.31,49.68,49.99
-4.21,52.92,48.65
-5.55,53.22,46.02
-4.88,50.42,41.87
-5.00,45.78,36.32
-5.19,40.10,29.85
-5.07,33.39,23.68
-4.58,26.55,14.77
-5.31,20.45,2.93
-6.10,14.22,-10.80
-5.25,6.23,-27.04
-3.23,-3.85,-45.10
1.71,-15.38,-65.37
















-,-,-
2.01,2.93,-8.61
2.08,3.17,-8.73
2.01,2.99,-8.36
2.01,2.56,-7.32
2.62,1.89,-6.35
4.09,1.46,-5.37
4.88,1.22,-4.21
4.76,1.28,-3.30
4.70,1.04,-2.69
4.39,0.49,-2.01
4.09,0.37,-1.28
4.94,0.12,-0.73
5.80,-0.55,0.12
6.96,-0.79,1.04
7.87,-1.22,1.53
8.61,-1.46,1.83
8.61,-1.53,1.46
8.12,-1.34,0.67
7.14,-0.85,-0.24
6.41,-0.61,-0.92
5.68,-0.85,-1.40
4.88,-0.79,-1.59
3.60,-0.43,-1.40
4.70,-0.06,-1.04
8.06,-0.06,-1.46
11.66,-0.31,-2.99
18.55,-0.24,-12.63
35.10,0.49,-26.00
53.04,2.99,-33.69
68.24,0.00,-39.12
77.27,3.11,-55.18
83.68,5.37,-73.24
92.47,14.89,-77.09
98.08,28.81,-81.60
101.81,30.21,-90.33
101.01,32.78,-95.15
96.25,30.46,-94.85
90.09,35.10,-92.22
83.50,37.41,-80.44
80.14,34.12,-74.46
75.07,32.47,-63.54
72.51,23.19,-54.57
65.06,25.88,-51.21
55.85,20.45,-34.91
44.07,14.95,-18.92
37.23,10.13,-7.32
39.55,7.14,-4.15
39.31,5.25,-3.05
36.01,7.69,-2.44
31.43,18.01,-16.78
27.10,24.17,-23.32
21.97,27.65,-20.75
17.46,32.59,-23.93
13.12,30.40,-16.36
3.11,26.43,-3.66
-2.81,21.00,3.30
-7.14,16.54,12.08
-10.68,7.81,35.34
-16.36,4.03,70.43
-20.14,2.01,98.63
-20.51,-1.77,115.36
-23.99,0.49,120.61
-27.10,5.37,112.98
-27.47,8.36,96.44
-27.16,9.34,77.82
-24.84,8.24,67.57
-19.23,5.49,56.70
-13.00,3.23,47.73
-7.08,0.55,41.81
-4.03,-2.38,35.83
-2.14,-4.46,29.36
-1.83,-6.16,20.81
-1.28,-8.36,7.63
-2.01,-12.76,-16.30
-23.25,-29.66,-54.02
-49.99,-51.09,-92.77
-41.44,-61.95,-119.45
-3.42,-42.85,-83.07
-9.09,7.39,-49.26
17.52,18.01,-53.71
43.64,4.46,-43.58
42.05,5.43,-28.87
25.39,8.85,-17.09
10.86,7.75,-8.24
2.87,7.20,-2.81
-4.46,1.10,-1.10
-9.46,-6.53,-0.37
-13.98,-20.57,-2.14
-3.05,-56.95,-7.45
11.35,-72.63,-6.84
-22.89,-48.16,-6.65
-22.77,-59.57,-10.38
-13.31,-71.11,-11.41
-24.72,-61.83,-9.89
-25.88,-73.12,-9.22
-18.07,-100.89,-10.19
-35.28,-85.21,-7.69
-55.42,-84.90,-3.91
-44.86,-103.27,-1.89
-43.88,-90.76,1.77
-31.56,-90.39,2.38
-20.75,-73.49,2.99
-18.19,-72.45,-0.79
-3.30,-70.43,-3.36
-4.27,-67.02,0.67
-0.31,-78.00,1.28
-7.26,-54.99,-0.67
-13.49,-23.50,0.85
10.86,-35.34,2.75
21.12,-29.48,-2.38
21.91,-11.72,-3.42
26.31,-4.46,-2.08
29.91,-5.62,-0.24
31.19,-6.47,-5.25
22.83,16.72,-4.88
24.29,10.19,-3.48
27.28,-3.23,-4.15
24.90,-9.16,-5.13
22.83,0.00,-4.82
26.00,10.07,-2.50
30.27,17.40,-3.17
33.57,19.41,-2.56
37.11,17.33,-1.77
39.00,15.26,-0.55
39.49,14.28,0.79
39.31,14.71,2.50
39.00,15.26,2.93
39.37,15.44,2.93
41.69,15.87,2.81
44.68,15.87,2.87
48.95,15.75,2.99
55.66,15.26,2.56
62.32,14.65,0.18
67.44,14.83,-5.98
75.07,15.08,-14.53
81.85,15.26,-17.40
83.07,20.14,-19.10
83.44,21.85,-18.37
84.66,19.17,-15.32
83.86,22.22,-10.25
82.40,24.96,-7.20
83.37,23.68,-6.84
83.98,23.32,-6.41
83.68,21.67,-6.41
84.72,19.78,-5.68
83.31,18.86,-4.21
79.10,20.32,-4.27
76.78,14.28,-6.16
71.35,11.66,1.16
63.05,10.93,8.54
59.57,9.22,8.30
58.17,9.83,9.64
57.13,11.35,4.33
57.80,11.54,-1.53
55.48,12.63,-5.37
52.55,14.22,-6.53
48.89,15.69,-7.63
46.39,16.85,-9.95
44.19,17.88,-11.11
42.54,18.31,-10.19
42.72,18.37,-7.81
43.95,18.25,-4.64
44.37,18.98,-0.43
43.15,20.02,3.23
41.63,20.94,5.86
41.56,25.94,7.93
39.31,41.02,13.43
34.06,51.39,20.75
29.79,48.34,25.70
21.79,44.49,29.42
10.68,42.54,35.58
-1.04,43.03,43.76
-8.97,44.25,51.51
-12.88,44.07,56.76
-12.76,43.40,59.14
















-,-,-
1.65,-0.61,0.12
1.71,-0.55,0.43
1.89,-0.18,0.43
1.89,-0.06,0.49
2.50,0.00,0.61
2.32,0.00,0.43
1.89,-0.24,0.18
1.89,-0.43,-0.06
2.08,-0.18,-0.24
2.20,-0.06,-0.61
2.38,0.06,-0.85
2.20,0.24,-0.92
1.89,0.37,-0.92
1.95,0.43,-1.10
2.20,0.24,-0.98
2.14,0.00,-0.79
2.26,-0.06,-0.61
2.56,-0.12,-0.31
2.69,0.12,-0.06
2.56,0.31,-0.18
2.50,0.24,-0.24
2.44,0.24,-0.43
2.14,-0.12,-0.43
1.89,0.00,-0.37
1.95,-0.06,-0.18
2.26,-0.06,-0.18
2.14,-0.12,-0.12
2.32,-0.06,-0.12
2.50,0.37,0.00
2.50,0.37,-0.06
2.32,0.37,0.06
2.38,0.31,0.12
2.38,0.12,0.06
2.44,-0.12,0.06
2.50,-0.61,0.12
2.56,-0.79,0.12
2.50,-0.61,0.06
2.69,-0.37,-0.06
2.32,-0.31,-0.37
2.14,-0.43,-0.37
2.50,-0.61,-0.24
2.44,-0.67,0.18
2.44,-0.31,0.55
3.48,0.43,0.85
4.88,1.59,0.73
5.07,3.42,0.43
4.58,4.64,0.12
7.87,5.31,0.18
9.03,7.14,0.31
14.47,8.36,-2.26
27.34,7.39,-14.53
46.45,7.51,-36.32
70.01,3.05,-61.28
85.14,2.87,-85.21
94.12,10.56,-122.62
78.49,30.33,-138.55
65.00,30.46,-139.83
60.30,40.04,-140.62
65.55,36.13,-109.56
69.09,27.89,-58.53
74.28,27.65,-1.65
78.25,18.68,16.60
84.35,9.34,38.70
85.33,3.30,51.03
81.36,-2.08,41.20
72.45,-1.28,31.98
62.38,2.87,18.01
52.31,8.91,0.67
42.72,18.25,-30.88
44.07,36.25,-60.67
37.35,44.98,-50.54
36.38,46.14,-55.97
39.67,41.99,-54.57
44.01,40.95,-42.30
44.74,40.95,-36.50
46.63,33.75,-31.56
49.32,28.08,-18.86
49.80,22.28,-8.24
51.64,18.19,-2.99
52.86,14.83,1.28
53.47,13.18,2.69
53.04,14.22,1.53
52.43,15.44,2.01
52.00,16.11,2.44
50.72,17.46,4.88
48.71,19.35,6.10
45.65,21.79,5.37
42.18,24.60,3.78
38.51,26.67,3.48
34.30,28.75,8.24
29.36,29.85,16.24
26.49,26.18,22.58
24.72,22.64,26.06
23.01,21.18,28.08
21.24,20.51,28.32
21.42,20.26,25.70
23.13,19.71,21.73
24.05,19.41,17.76
26.49,18.25,14.22
28.87,16.60,11.78
31.13,14.89,10.07
33.02,13.18,7.32
33.39,11.84,5.00
35.77,10.07,3.17
38.51,9.70,0.00
40.65,11.54,-4.58
44.98,18.07,-4.33
46.14,23.13,-1.53
51.64,22.77,-2.44
54.99,21.67,-2.93
57.50,22.52,-3.36
64.58,26.12,-6.59
69.34,27.16,-10.62
53.10,18.19,-6.47
22.22,-2.01,3.48
3.97,-17.52,10.74
-11.72,-41.02,13.61
2.75,-100.59,11.23
-2.26,-104.31,12.02
-25.57,-86.98,11.29
-29.91,-107.48,8.73
-12.15,-119.20,9.03
-18.62,-99.06,12.94
-11.72,-107.79,15.63
3.60,-113.95,16.91
0.06,-90.88,10.80
-3.54,-73.43,9.22
2.69,-71.90,7.26
4.94,-69.58,2.08
7.63,-49.26,-2.26
11.96,-27.71,-3.30
16.85,-15.99,-5.62
22.09,-12.15,-7.08
28.02,-6.23,-6.71
27.28,1.71,-3.91
29.11,2.99,-2.08
33.81,2.01,-1.89
37.66,5.37,-2.01
38.57,15.08,-0.12
45.35,16.05,-0.12
50.84,7.39,-2.14
56.70,7.32,-2.69
54.57,19.41,-0.98
56.34,22.46,-0.98
59.39,21.67,-1.53
59.51,21.06,-1.46
57.74,21.55,-1.22
57.50,21.79,-2.14
57.74,22.52,-3.42
58.23,23.62,-4.39
59.63,24.90,-6.04
61.40,26.18,-7.45
63.54,27.22,-7.63
65.00,28.32,-7.69
67.63,29.24,-8.12
68.54,30.52,-7.93
69.70,29.72,-7.02
70.37,28.32,-6.59
70.13,27.16,-6.23
69.76,25.63,-5.43
69.27,25.51,-4.76
69.40,26.00,-4.70
69.70,26.61,-4.58
69.64,26.98,-4.76
69.09,27.77,-5.43
68.42,27.16,-5.74
67.14,26.49,-5.74
65.19,26.43,-5.55
63.60,25.57,-5.19
63.35,24.05,-5.00
62.13,23.50,-3.78
61.28,23.44,-4.15
61.10,23.68,-2.99
60.42,23.86,-2.26
60.30,24.11,-3.42
















-,-,-
133.18,18.86,-33.14
129.03,26.49,-51.51
117.19,21.79,-49.56
99.55,25.21,-46.94
80.75,23.50,-41.20
70.68,27.65,-41.87
67.32,17.82,-38.64
67.08,20.75,-41.99
66.65,24.41,-40.95
70.01,20.87,-48.71
67.81,20.45,-53.47
59.51,20.32,-48.89
50.35,19.59,-36.50
38.33,19.78,-34.91
32.71,9.16,-21.30
24.54,5.37,-15.93
15.32,5.86,-19.17
8.73,4.82,-19.96
4.09,5.68,-21.97
-0.67,6.23,-22.40
-2.38,6.77,-21.85
-1.53,6.84,-19.41
3.23,6.53,-15.69
10.19,5.86,-11.60
15.81,5.37,-9.64
18.55,9.83,-19.29
23.50,18.55,-30.40
22.03,26.67,-33.14
22.09,31.86,-32.78
19.35,36.01,-28.69
13.55,41.32,-31.25
4.27,44.62,-29.30
-6.53,41.93,-12.27
-18.19,33.33,7.57
-25.39,13.61,28.99
-36.87,3.97,37.54
-49.32,-6.65,62.32
-54.93,-20.08,105.04
-60.18,-29.36,138.92
-65.98,-25.45,157.29
-65.12,-15.01,158.33
-67.81,-10.50,145.57
-79.04,-17.21,133.00
-85.69,-35.77,128.23
-89.97,-55.60,130.43
-95.03,-63.05,125.92
-100.10,-55.24,105.41
-100.22,-39.79,71.90
-96.50,-26.12,38.15
-90.15,-19.29,17.64
-81.12,-15.93,8.97
-75.44,-14.53,1.46
-73.30,-17.82,-8.54
-75.01,-24.23,-21.18
-79.90,-30.64,-36.44
-85.08,-35.83,-50.54
-79.28,-40.95,-50.23
-60.97,-27.10,-38.94
-47.91,-8.67,-27.95
-27.89,-2.01,-20.45
-3.54,-1.34,-18.07
14.89,-3.05,-9.28
26.06,-2.32,-0.18
28.50,-0.92,5.74
24.84,0.37,6.04
10.38,1.59,1.46
-0.67,-2.08,-4.94
-13.24,3.97,-9.16
-38.21,6.41,-14.89
-41.02,-12.57,-22.64
-36.99,-22.89,-28.26
-26.86,-69.15,-40.10
0.92,-77.64,-33.81
-10.62,-104.31,-35.22
13.43,-119.38,-33.20
-16.17,-97.23,-19.04
-6.16,-112.18,-20.32
-5.55,-105.29,-19.53
-6.71,-108.34,-20.45
10.07,-123.54,-15.87
0.37,-97.72,-13.98
-16.66,-66.35,-18.37
-8.12,-78.98,-13.73
7.51,-108.89,-17.70
0.73,-96.86,-19.10
-17.70,-74.77,-8.97
-13.18,-92.59,-5.92
-9.77,-91.67,-9.40
-23.19,-61.46,-1.83
-6.90,-79.96,-2.44
-6.16,-49.56,-8.61
-10.13,-28.63,-11.47
-12.63,-16.24,-5.92
-12.88,-31.74,-6.77
-5.92,-70.80,-11.60
-7.87,-61.16,-13.06
-18.92,-20.69,-6.90
-7.63,-29.60,-10.07
0.31,-26.55,-13.24
-4.94,-2.56,-2.87
2.44,1.53,1.77
7.75,0.98,2.56
8.36,3.85,4.27
6.96,5.31,4.58
6.53,6.47,3.30
9.95,7.02,1.28
11.78,8.06,0.61
20.02,9.16,-0.37
32.29,10.44,-1.59
49.07,13.61,-2.99
72.02,19.71,-5.49
90.27,30.64,-14.59
102.36,41.02,-26.79
108.46,49.80,-26.61
120.06,51.88,-38.82
131.23,59.27,-49.50
133.73,60.91,-46.81
133.54,67.20,-60.97
128.48,77.39,-61.71
123.05,79.35,-65.61
115.91,82.03,-68.54
110.29,71.84,-55.79
102.72,63.11,-38.39
97.84,46.33,-21.42
102.23,31.13,-21.30
108.76,25.15,-12.39
102.17,29.17,-1.65
96.86,37.78,-2.08
91.13,24.35,-5.25
84.84,12.45,0.18
66.71,2.69,8.97
56.15,-5.68,8.00
39.00,-13.92,29.91
22.77,-18.49,41.93
8.48,-20.32,44.92
-2.38,-16.24,38.94
-10.74,-9.95,32.29
-22.58,-4.09,26.92
-39.00,1.46,25.21
-56.70,7.14,34.12
-83.80,17.21,68.48
-116.15,35.95,109.44
-132.08,33.39,137.70
-130.98,18.86,149.78
-129.21,19.04,153.32
-121.46,27.71,150.70
-109.92,29.42,140.99
-101.81,26.37,128.54
-94.30,27.77,120.67
-90.27,31.25,111.63
-85.39,27.89,95.95
-92.83,18.13,79.10
-89.66,5.37,57.31
-86.43,-4.58,38.57
-84.72,-8.42,25.63
-77.21,-7.81,14.89
-74.89,-5.31,3.11
-72.20,-4.94,-12.15
-64.03,-7.14,-27.16
-58.96,-12.51,-42.11
-57.98,-20.63,-61.22
-54.93,-30.09,-79.83
-42.91,-36.87,-80.32
-6.71,-25.76,-42.91
14.71,-5.19,-36.50
9.64,-2.93,-27.89
26.55,-14.53,-23.19
33.39,-17.52,-15.32
29.66,-16.05,-3.48
40.28,-17.09,9.34
57.62,-18.13,19.35
78.67,-19.04,23.99
99.61,-18.43,19.90
108.89,-5.49,-10.50
111.08,13.06,-28.50
















-,-,-
2.93,-0.92,0.00
3.11,-0.73,-0.18
3.05,-0.73,-0.31
3.17,-0.98,-0.37
2.93,-0.98,-0.61
2.69,-1.28,-0.67
2.93,-1.40,-0.67
3.30,-1.40,-0.67
3.60,-1.40,-0.61
3.36,-1.10,-0.61
2.75,-1.04,-0.43
2.62,-0.92,-0.06
2.93,-0.98,0.31
3.48,-0.98,0.49
3.72,-0.79,0.37
3.66,-0.49,0.12
3.17,-0.31,-0.37
2.50,-0.18,-0.85
2.08,0.06,-1.28
2.20,0.12,-1.53
2.20,0.18,-1.22
2.08,0.24,-1.04
2.93,0.18,-0.85
5.43,0.31,-0.67
9.40,0.31,-0.92
15.20,-0.12,-1.65
27.34,0.12,-6.16
47.91,3.60,-15.01
69.21,2.69,-15.20
88.99,11.84,-31.13
101.44,18.68,-49.87
113.40,25.27,-72.51
122.62,31.80,-88.01
127.01,42.05,-102.97
125.73,54.44,-119.26
124.57,71.41,-139.59
117.98,92.53,-150.94
108.76,93.51,-153.81
96.07,77.76,-139.28
86.36,52.80,-120.12
73.67,40.47,-88.44
68.30,26.79,-62.56
59.02,22.77,-37.54
56.27,13.98,-12.70
47.42,9.34,6.71
40.77,10.62,0.18
37.48,0.31,5.68
34.24,6.65,-2.93
12.76,21.97,-31.74
-0.61,24.05,-36.50
-5.98,24.48,-20.26
-27.47,21.67,-10.93
-56.58,24.29,-14.22
-69.52,19.10,-4.58
-61.10,10.25,41.20
-49.50,6.16,112.18
-45.41,-1.34,174.80
-51.57,-8.24,210.39
-70.92,-10.99,220.52
-89.97,-14.04,211.30
-108.76,-25.27,188.66
-129.94,-42.85,161.13
-137.15,-52.98,139.71
-135.62,-56.88,113.89
-134.40,-58.04,84.29
-124.76,-58.78,54.99
-114.44,-58.04,26.73
-104.68,-52.67,0.31
-97.05,-45.35,-26.73
-92.47,-41.32,-53.41
-83.74,-46.75,-77.88
-65.61,-62.56,-99.00
-31.62,-39.61,-81.91
-25.51,20.14,-49.07
12.39,23.80,-44.80
28.20,16.85,-45.53
30.03,23.93,-34.55
18.68,27.53,-21.48
10.01,2.81,-12.76
24.66,-28.87,-8.67
23.38,-41.26,-5.07
31.31,-77.64,-5.62
45.53,-106.02,-5.37
48.40,-122.62,1.46
53.41,-140.44,4.03
59.63,-150.88,0.98
63.72,-144.59,7.45
44.68,-130.86,16.36
41.44,-141.97,16.30
36.13,-151.73,14.28
24.72,-142.70,17.82
5.00,-143.43,17.09
-9.95,-142.33,7.81
-30.21,-118.04,0.37
-45.96,-84.11,1.46
-43.52,-74.77,-1.40
-26.98,-82.03,-10.86
-29.11,-49.50,-5.49
-34.42,-28.87,-3.11
-24.48,-27.59,-5.92
-20.02,-27.71,-3.66
-14.77,-44.31,-6.10
-13.92,-30.03,-7.02
-21.91,9.22,-4.15
-13.12,15.81,-2.62
1.95,10.38,-5.80
10.68,7.63,-7.87
17.52,3.30,-7.87
20.69,0.55,-7.45
21.36,-2.20,-6.71
23.56,-4.03,-5.31
26.06,-2.81,-3.60
32.71,0.24,-1.77
38.51,1.95,-0.24
50.66,1.46,1.04
73.36,-0.06,2.32
93.38,-0.06,-1.22
111.08,1.40,-11.54
122.01,6.35,-32.84
127.38,18.31,-39.18
123.96,27.77,-41.87
120.85,28.26,-53.16
126.28,22.28,-28.75
109.44,20.26,-13.00
108.64,23.99,-39.43
125.79,36.99,-57.80
130.98,41.44,-41.75
128.66,56.09,-60.06
136.78,55.97,-62.81
120.00,58.72,-41.87
103.03,65.25,-41.14
88.87,58.29,-40.16
84.53,40.95,-37.35
85.94,20.08,-30.64
77.82,14.47,-6.16
74.04,11.78,-5.68
74.28,13.55,0.31
76.84,26.43,2.08
77.21,30.40,8.30
70.31,25.88,16.36
66.47,9.95,20.87
53.22,2.99,29.36
44.31,0.79,20.69
42.79,-7.51,20.08
30.52,-7.14,17.70
21.85,-6.41,12.45
11.90,-9.89,22.71
1.71,-5.25,23.32
-8.61,3.30,20.51
-24.84,15.32,18.92
-41.93,28.87,20.39
-60.61,50.96,30.33
-84.47,65.31,48.95
-106.02,56.27,70.68
-130.00,47.49,99.73
-152.71,46.81,132.14
-170.72,54.26,158.81
-177.49,64.76,172.00
-174.44,72.45,168.09
-161.80,74.77,152.53
-143.13,67.87,131.41
-125.55,53.83,111.21
-111.69,39.61,97.47
-104.98,29.11,89.72
-100.71,17.82,84.72
-94.85,3.78,75.62
-89.36,-8.42,62.62
-87.28,-13.55,44.92
-82.82,-11.66,24.48
-69.03,-8.48,4.58
-64.51,-5.68,-14.71
-60.24,-6.16,-34.06
-52.61,-13.37,-54.87
-40.59,-29.85,-78.19
















-,-,-
1.28,0.12,-6.65
2.87,-0.24,-5.07
4.46,-0.73,-3.11
5.86,-1.28,-1.04
6.29,-1.77,0.55
6.71,-1.89,2.14
6.77,-1.89,3.42
6.41,-2.01,4.15
6.47,-2.20,4.58
6.29,-2.01,4.52
6.29,-2.14,4.03
5.68,-1.28,2.81
4.09,-0.55,0.92
4.09,0.18,-1.34
3.72,0.85,-3.78
2.62,1.89,-5.68
1.59,2.38,-6.77
0.12,2.99,-8.42
1.34,3.60,-9.28
1.89,4.39,-9.64
8.36,5.92,-13.98
24.41,6.10,-23.80
30.03,15.63,-59.75
49.32,18.07,-87.59
79.04,8.42,-97.96
86.30,15.81,-103.64
92.29,15.87,-108.89
112.06,3.11,-106.20
129.94,5.49,-95.95
141.30,6.90,-95.52
145.20,11.29,-101.93
140.75,12.51,-108.03
135.50,13.12,-113.28
135.56,9.46,-104.31
116.21,31.31,-99.18
99.67,43.33,-108.83
82.03,49.50,-112.98
72.81,41.32,-101.44
73.30,29.85,-82.03
68.85,26.73,-50.54
65.37,15.01,-18.68
61.83,1.16,9.22
54.93,-8.36,39.06
40.47,-9.28,50.78
14.71,-5.68,46.08
-12.76,-0.92,39.00
-39.61,3.54,36.93
-56.34,3.23,55.24
-68.12,-4.82,91.74
-73.43,-12.21,126.59
-81.85,-9.64,145.87
-88.38,0.67,150.27
-90.33,14.89,146.97
-93.81,23.80,142.09
-103.33,22.34,136.66
-112.92,12.02,128.72
-111.45,-1.83,116.82
-108.03,-16.66,99.06
-103.09,-30.82,78.00
-95.83,-40.53,59.33
-88.68,-46.20,45.04
-80.75,-48.34,33.63
-72.45,-48.28,20.20
-69.58,-45.53,6.10
-70.01,-42.85,-5.86
-67.02,-45.53,-16.17
-56.27,-27.16,-13.73
-50.90,1.16,-0.61
-35.40,6.23,-1.22
-12.63,-2.87,-13.12
0.12,1.53,-11.23
1.95,11.35,-3.85
-1.40,14.40,0.00
-8.24,12.63,0.61
-21.55,6.41,-0.06
-31.62,-14.89,-4.03
-16.30,-58.35,-3.05
-6.77,-74.40,1.95
-24.29,-74.89,-3.36
-7.45,-91.86,2.32
-6.47,-92.35,3.36
2.38,-106.02,3.05
18.68,-122.07,7.69
14.77,-113.10,6.16
5.37,-106.26,2.38
19.41,-134.40,10.56
38.82,-160.95,25.15
25.88,-166.02,29.05
11.29,-149.54,28.99
-5.62,-123.60,23.44
10.31,-146.36,30.09
6.90,-144.96,18.86
-15.14,-101.38,17.15
-11.41,-95.64,11.66
-7.39,-78.12,1.89
-12.51,-55.79,-2.50
-11.72,-50.11,-6.41
-12.21,-52.43,0.67
-12.70,-50.05,-0.12
-6.04,-66.10,3.11
3.23,-62.32,4.70
-9.16,-7.75,8.30
-4.03,7.75,9.89
9.22,3.66,10.25
16.72,1.40,11.54
22.09,-2.99,15.01
27.28,-6.65,17.94
29.48,-8.00,19.84
29.72,-6.29,20.45
33.02,-5.19,18.86
39.49,-4.82,16.85
50.60,-5.07,11.17
63.05,-7.20,-12.39
82.15,-8.48,-32.47
93.20,-5.00,-31.98
93.44,4.70,-44.19
91.61,12.21,-45.41
84.41,20.75,-41.87
83.68,21.79,-45.53
82.09,25.15,-45.23
90.03,19.53,-43.52
95.21,24.05,-45.78
100.16,20.02,-37.23
101.99,18.37,-36.93
100.28,19.29,-27.77
94.18,18.43,-21.55
83.92,18.80,-17.94
83.50,9.28,-15.38
77.82,2.93,6.41
58.84,9.83,25.27
48.58,1.04,23.80
49.50,-11.72,20.26
52.00,-13.18,27.53
32.35,-2.20,34.85
27.16,-4.52,21.67
28.02,-5.31,23.62
16.85,-4.21,13.61
10.62,-6.47,0.43
4.88,-4.82,-1.53
-4.82,-5.25,-6.53
-11.17,-6.65,-13.43
-16.97,-4.58,-17.64
-24.17,0.61,-18.86
-32.29,10.74,-14.10
-41.50,22.71,-0.37
-53.16,40.10,27.22
-68.54,63.17,54.50
-75.56,75.56,80.57
-75.01,74.77,99.85
-77.33,68.79,109.07
-86.49,68.85,111.45
-99.12,75.56,109.37
-108.89,82.95,102.84
-116.76,85.27,92.83
-115.30,82.46,78.00
-104.06,76.90,67.38
-90.39,68.36,58.41
-81.05,57.13,45.29
-74.22,45.84,29.24
-71.90,34.36,13.85
-68.60,22.64,-0.85
-61.58,11.84,-18.31
-56.52,0.55,-38.15
-45.78,-13.18,-57.86
-36.32,-29.17,-78.31
-28.08,-43.95,-105.10
-22.71,-56.88,-142.27
-16.66,-68.73,-182.86
17.70,-60.91,-165.47
4.88,-18.68,-41.69
25.94,25.57,20.81
68.36,26.92,50.96
91.31,-7.51,58.53
84.35,-27.65,35.64
















-,-,-
7.14,-3.85,2.75
7.75,-4.39,2.69
9.03,-4.39,2.56
9.64,-4.15,2.20
9.70,-3.72,1.65
9.46,-3.23,1.22
8.97,-2.69,0.85
8.18,-1.83,0.43
7.45,-1.22,0.18
7.26,-0.85,-0.06
7.26,-1.16,-0.18
8.36,-1.59,0.12
9.58,-1.89,1.04
11.35,-2.38,1.83
12.39,-2.75,2.44
12.51,-2.87,2.44
12.15,-2.69,2.14
11.90,-2.20,1.04
10.56,-1.34,-1.04
8.00,0.12,-3.78
5.25,1.16,-6.65
4.76,1.53,-9.22
7.14,1.95,-12.88
16.91,2.26,-18.86
46.57,-0.55,-22.22
79.90,-2.81,-32.23
113.22,-9.70,-39.43
133.06,-12.88,-55.05
132.87,10.62,-77.76
132.20,15.32,-87.95
133.36,16.17,-113.83
130.98,17.58,-125.24
130.19,33.75,-136.05
130.13,28.44,-143.49
155.03,14.59,-142.09
150.57,32.23,-137.02
146.30,22.46,-128.60
135.93,19.35,-118.77
124.69,2.01,-90.39
105.29,-0.06,-67.57
79.59,15.63,-60.85
69.58,21.12,-43.82
71.84,11.05,-18.86
65.25,5.55,-2.81
48.89,4.52,12.82
29.60,9.22,16.54
6.90,9.83,22.64
-18.13,11.54,22.09
-44.74,21.00,11.84
-71.17,28.93,1.95
-91.55,29.11,2.75
-102.97,30.33,31.25
-112.61,38.27,86.36
-114.93,35.58,135.01
-105.29,26.55,157.23
-102.48,23.50,161.50
-104.37,23.25,156.62
-108.83,18.86,147.09
-114.26,8.91,137.02
-115.17,-2.99,126.28
-111.94,-12.27,110.17
-109.19,-21.18,88.99
-102.97,-32.04,70.98
-93.14,-44.80,58.90
-84.11,-53.96,49.80
-80.32,-56.09,35.46
-79.77,-56.82,11.96
-75.62,-63.17,-16.85
-64.09,-39.06,-28.02
-81.85,3.11,-19.10
-28.14,6.59,-10.44
-1.89,-2.75,-11.17
-8.54,6.41,-13.43
-28.38,12.70,-8.30
-36.01,10.13,-2.81
-44.25,6.71,2.20
-51.15,-9.64,5.31
-20.69,-68.73,16.42
14.83,-105.10,30.52
-8.18,-97.66,34.18
-9.64,-119.57,40.22
3.30,-134.64,47.24
-1.16,-130.13,43.64
0.31,-120.91,36.25
3.54,-120.36,27.89
12.33,-132.75,24.78
26.98,-156.01,35.46
4.09,-152.89,39.49
-5.68,-160.95,42.79
-17.76,-172.49,41.56
-7.39,-197.69,38.82
-28.08,-147.95,30.21
-47.91,-84.11,21.36
-33.20,-69.76,11.05
7.45,-101.68,-0.85
13.92,-89.90,-8.91
-10.62,-32.29,-12.45
-5.74,-36.25,-11.84
17.40,-87.95,-10.19
-9.40,-45.35,-11.60
-41.93,32.29,-13.61
-24.90,21.42,-10.13
8.18,-33.75,-9.46
21.61,-67.63,-10.74
8.73,-27.40,-9.09
12.70,-0.12,-1.53
28.32,-6.35,1.71
41.63,-16.11,4.15
50.48,-21.24,7.75
55.97,-18.74,12.02
56.95,-10.31,15.87
58.47,-1.77,17.82
60.67,2.44,14.71
65.43,3.66,5.25
70.31,5.80,-21.36
88.81,11.60,-37.66
94.97,17.33,-47.18
101.32,24.72,-61.65
108.15,28.81,-70.01
111.02,38.94,-76.78
110.41,47.24,-81.42
116.03,41.08,-77.51
119.51,23.32,-72.88
124.82,13.49,-51.57
106.08,10.50,-32.96
101.56,6.16,-33.75
99.00,-1.04,-19.90
93.08,0.98,-8.12
89.42,-1.46,-8.61
90.39,4.15,-5.98
80.20,7.75,-2.26
71.17,4.21,-1.16
60.36,10.74,-1.22
44.68,11.96,7.81
34.55,10.31,7.26
24.29,8.42,18.55
15.26,2.20,7.20
20.39,-1.59,1.59
13.12,1.10,20.08
7.63,-2.20,18.01
7.20,-7.63,9.09
7.02,-7.93,3.42
2.81,-5.37,0.55
-5.80,-1.65,-2.14
-13.85,3.85,-5.00
-16.85,11.66,-5.92
-20.39,26.55,-2.32
-30.88,58.23,10.74
-45.10,88.20,33.33
-55.85,95.28,61.28
-63.84,85.02,88.07
-66.89,69.64,112.00
-72.81,62.26,135.01
-80.08,64.94,150.02
-88.87,73.61,151.37
-96.25,83.50,141.48
-100.04,92.41,128.36
-104.06,95.76,109.62
-101.44,94.67,86.98
-99.43,90.09,65.73
-98.75,82.40,48.28
-87.28,70.13,35.10
-76.72,52.12,24.84
-69.27,31.98,13.24
-61.28,13.55,-2.20
-51.64,-4.58,-22.46
-39.37,-24.66,-49.74
-29.24,-44.19,-83.07
-24.05,-57.86,-116.70
-25.33,-65.06,-145.75
-25.94,-71.78,-170.17
-17.82,-81.79,-182.98
29.36,-52.19,-85.33
4.33,10.80,14.65
















-,-,-
3.54,0.98,-4.27
2.99,0.37,-0.73
1.10,0.49,-0.31
0.85,0.55,0.12
3.30,-0.18,0.98
4.46,-0.67,1.16
4.64,-1.40,0.98
5.86,-2.38,0.98
6.04,-2.62,0.73
6.10,-2.56,0.43
5.55,-2.44,0.18
5.13,-2.26,0.18
4.39,-1.77,-0.12
2.14,-1.04,-0.55
1.53,-0.67,-0.73
1.65,-0.18,-0.79
1.71,-0.18,-0.67
1.71,-0.12,-0.55
1.89,-0.12,-0.61
2.20,-0.12,-0.55
3.17,-0.18,-0.55
3.42,-0.49,-0.55
3.66,-0.55,-0.67
4.09,-0.18,-0.61
4.70,0.55,-0.61
7.14,1.77,-1.40
11.17,2.14,-5.13
15.93,-2.01,-21.61
30.82,-3.36,-34.73
38.64,-1.71,-30.76
53.53,-11.78,-47.12
65.19,-11.41,-64.58
70.25,-12.39,-68.36
75.38,-8.54,-70.31
64.09,-5.49,-75.62
86.55,-12.70,-86.30
89.23,-12.02,-70.37
96.07,-13.85,-62.13
104.31,-21.42,-67.69
117.00,-18.25,-72.69
138.85,-30.52,-63.42
163.21,-36.19,-36.19
150.70,-15.20,-19.65
152.34,-2.32,-6.96
150.45,-7.26,46.94
150.15,-12.76,40.47
132.93,-8.36,52.80
118.65,-10.13,59.88
113.59,-18.31,46.02
94.36,-18.55,41.81
79.77,-13.79,25.88
60.97,-7.32,-0.24
52.19,-6.41,-11.78
43.76,-1.16,-26.73
28.99,6.90,-43.58
18.25,11.84,-55.05
11.96,19.96,-67.99
8.24,24.66,-75.87
6.41,23.86,-64.58
7.14,20.51,-56.52
4.94,23.50,-67.75
3.72,23.74,-55.79
6.59,21.48,-39.06
0.37,21.42,-27.34
-8.30,21.97,-14.10
-15.38,21.97,-2.62
-20.57,22.58,6.35
-26.12,23.86,16.36
-28.38,22.40,31.43
-30.15,22.28,56.27
-39.67,26.73,83.19
-51.33,31.19,108.95
-62.44,36.80,131.04
-70.13,39.43,143.31
-77.15,33.45,143.37
-86.06,20.51,134.46
-93.02,3.85,122.68
-97.90,-11.05,112.43
-97.84,-20.32,103.45
-99.49,-24.41,93.93
-101.99,-26.25,81.60
-101.81,-28.32,66.71
-104.68,-30.82,51.03
-110.05,-32.23,31.19
-111.51,-33.69,16.36
-105.96,-35.89,6.35
-107.42,-38.94,-2.81
-101.50,-44.31,-6.71
-97.29,-44.43,-8.30
-101.07,-9.16,3.60
-103.33,19.71,9.28
-65.86,14.34,5.37
-29.91,-5.43,5.62
-11.72,-10.38,3.42
0.31,-2.44,3.11
17.09,0.79,12.02
24.54,0.43,19.47
21.85,-5.25,22.40
20.75,-31.31,26.25
32.10,-66.22,29.30
23.13,-76.72,31.31
11.66,-85.63,39.73
-1.65,-91.19,36.74
-4.27,-99.24,37.96
-1.40,-110.17,37.66
-3.54,-97.47,35.58
-2.32,-97.84,31.31
13.67,-105.04,30.88
0.06,-89.48,24.23
-4.76,-103.70,22.40
13.55,-131.77,25.57
2.69,-133.12,34.97
-3.78,-142.46,36.44
-1.89,-140.56,38.45
5.55,-134.58,35.83
-1.77,-108.52,14.28
-8.00,-79.10,-3.05
-13.49,-67.26,-9.40
-15.75,-73.36,-12.39
-23.38,-75.01,-7.75
-26.67,-66.28,-6.04
-34.06,-41.69,-3.11
-23.01,-41.02,0.79
-1.77,-73.67,6.96
-3.23,-64.15,3.54
-3.66,-51.03,4.52
-2.81,-30.27,4.03
-8.48,-6.16,1.71
-6.41,-2.38,2.75
-3.30,-6.29,4.27
-2.20,-7.81,6.16
0.43,-7.20,8.85
3.36,-5.07,10.99
5.68,-4.03,12.21
9.03,-3.78,12.88
13.31,-3.23,13.12
18.13,-3.23,13.37
22.16,-2.62,13.55
26.18,-0.61,13.79
31.74,2.14,14.28
35.58,3.36,12.15
35.77,0.24,0.61
40.34,-5.55,-9.95
45.84,-12.94,-26.31
56.21,-14.53,-39.00
65.00,-8.48,-49.32
72.94,-0.37,-59.02
87.10,-2.81,-62.19
88.38,-5.19,-65.92
86.18,-3.42,-63.23
77.39,-3.11,-49.07
72.63,2.50,-43.46
74.10,-8.24,-42.36
75.74,-8.97,-35.28
68.54,-1.28,-31.80
75.56,-12.39,-29.05
73.61,-13.37,-24.35
65.55,3.48,-21.48
63.17,10.99,-13.24
60.18,7.93,1.77
49.56,0.24,7.02
48.95,0.06,2.56
41.26,2.44,7.51
44.68,7.45,18.37
31.25,16.36,31.68
31.01,4.21,9.22
37.05,-3.97,-1.10
33.81,0.49,5.62
26.55,-2.01,3.17
22.16,-6.23,-1.04
23.01,-11.23,-8.79
25.63,-10.25,-13.12
20.57,-6.10,-8.12
17.88,-6.77,-11.41
10.25,-6.16,-9.22















