
-,-,-
42.54,31.07,6.29
41.93,30.64,5.19
42.54,30.64,4.03
42.54,30.58,3.36
42.72,31.13,3.30
44.25,31.37,2.69
52.19,33.39,1.89
48.52,38.09,0.49
39.06,43.82,-1.22
21.61,49.07,-6.90
-14.71,45.59,-13.98
-56.03,30.21,-15.81
-70.43,17.40,-16.78
-67.14,12.21,-19.04
-61.16,11.96,-21.30
-55.05,16.05,-23.44
-55.54,23.50,-26.12
-53.16,28.69,-28.93
-54.87,30.82,-27.47
-62.50,31.31,-20.63
-73.24,26.55,-9.89
-79.16,15.69,-0.98
-69.21,1.04,3.11
-67.63,-13.18,3.23
-72.51,-21.73,2.62
-82.15,-24.54,-2.08
-93.14,-26.92,-8.73
-92.90,-32.84,-18.92
-83.56,-29.11,-29.91
-61.34,-16.11,-31.25
-14.83,-3.05,-26.86
32.59,-7.45,-29.66
69.70,-15.99,-32.23
94.91,-31.01,-46.81
117.86,-47.79,-58.53
134.58,-65.19,-58.96
156.49,-85.63,-81.97
167.54,-102.23,-110.90
170.65,-112.43,-128.60
163.64,-95.83,-132.51
168.40,-78.25,-121.40
152.77,-61.71,-92.59
141.24,-40.04,-53.16
125.37,-28.56,-29.72
100.10,-13.85,-20.45
85.08,-4.88,-10.44
80.38,0.18,-0.79
65.37,9.28,2.08
53.83,13.98,6.47
42.85,18.74,11.60
31.92,24.11,11.11
22.22,25.57,6.96
20.20,23.74,6.35
26.49,18.43,15.32
33.33,15.63,24.84
34.30,21.67,28.14
33.94,30.52,26.86
33.45,35.89,24.23
35.03,35.95,21.73
36.19,31.92,19.78
37.35,27.89,18.55
43.21,25.09,16.66
42.97,22.89,17.03
24.72,12.45,24.96
-4.27,-4.52,30.82
-51.45,-30.82,38.57
-94.97,-57.62,42.36
-111.21,-76.17,33.39
-120.91,-94.79,16.30
-125.79,-115.48,-4.94
-123.90,-129.46,-29.17
-112.37,-80.32,-51.33
-103.21,-29.05,-72.81
-44.31,-16.66,-80.14
-11.11,-32.17,-74.04
25.76,-36.87,-62.13
52.98,-28.75,-44.49
82.03,-24.78,-24.96
111.08,-22.16,-8.24
134.40,-21.24,-1.34
146.18,-22.71,-7.32
149.48,-19.65,-23.86
139.65,-20.51,-30.27
137.15,-20.63,-40.34
119.63,-15.56,-52.61
112.12,-1.95,-72.39
107.18,-0.98,-88.38
106.14,-1.83,-100.04
105.59,4.46,-92.22
94.36,13.85,-80.38
92.29,10.50,-71.41
89.78,11.60,-53.83
92.83,11.96,-38.39
82.89,13.79,-29.05
80.08,14.89,-25.02
81.97,10.74,-10.62
73.91,13.61,-8.36
66.47,17.09,-11.23
65.12,17.70,-7.75
64.09,17.94,-2.32
61.22,19.90,-0.24
59.08,21.91,1.95
58.90,21.91,6.23
56.52,22.40,4.52
54.38,23.86,5.80
50.96,25.21,6.23
46.39,25.94,4.46
43.52,26.73,2.93
41.69,29.66,3.42
40.83,32.96,6.16
40.95,34.36,8.54
42.79,33.39,10.80
45.78,31.37,12.51
47.55,28.81,12.51
48.46,26.31,10.93
48.52,24.23,8.61
47.79,22.77,5.86
47.55,22.03,3.23
47.55,21.24,0.61
48.03,20.14,-1.59
48.52,19.17,-3.66
48.89,18.43,-5.49
49.44,18.01,-6.23
50.66,21.67,-6.47
49.80,25.63,-6.47
52.37,26.49,-5.55
53.65,25.21,-3.78
54.26,24.11,-2.38
54.99,23.62,-1.16
55.54,23.50,0.18
56.82,23.19,0.67
57.92,22.83,0.67
59.02,21.55,0.43
59.75,21.73,-0.49
59.75,22.16,-1.22
60.55,21.24,-1.28
61.77,20.87,-1.34
62.50,21.12,-1.71
63.90,20.94,-1.77
64.45,21.97,-2.14
65.25,21.12,-3.05
66.41,21.06,-3.97
66.77,23.19,-4.70
66.47,24.96,-5.49
66.35,25.88,-6.04
66.10,27.28,-6.10
65.49,28.26,-6.16
65.06,29.36,-6.16
64.21,30.09,-6.10
63.42,30.09,-5.92
62.32,30.46,-5.55
61.46,30.33,-5.43
60.49,30.09,-5.31
59.75,29.85,-4.82
59.27,27.40,-3.66
57.92,27.71,-3.72
57.19,28.63,-3.60
56.52,30.52,-3.48
55.18,31.01,-3.11
55.91,31.80,-3.11
55.60,33.45,-3.48
53.89,36.80,-4.33
43.46,45.35,-2.38
21.12,50.72,3.85
-12.21,49.68,18.25
-50.35,38.45,39.61
-64.21,29.91,52.19
-67.50,18.19,55.36
-63.23,6.41,60.73
-59.02,-15.63,93.51
-41.56,-49.62,127.38
-32.17,-71.29,138.67
-25.21,-83.62,133.79
-21.48,-78.12,108.95
















-,-,-
3.11,0.00,1.10
3.05,0.12,0.85
2.75,0.00,0.00
2.50,-0.31,-0.31
2.32,-0.73,-0.31
2.08,-1.16,-0.43
1.65,-1.40,-0.67
1.34,-1.46,-0.79
1.28,-1.28,-0.61
0.98,-1.22,-0.61
0.98,-0.98,-0.85
0.85,-0.61,-1.16
0.73,-0.06,-1.16
0.92,0.18,-0.98
1.10,0.12,-0.49
1.40,-0.06,-0.24
1.71,-0.31,-0.43
1.89,-0.61,-0.24
2.38,-0.67,-0.24
2.08,-0.79,-0.49
1.40,-0.67,-0.43
1.59,-0.31,-0.55
1.40,-0.49,-0.43
1.34,-0.98,-0.31
1.46,-1.28,-0.12
1.83,-1.28,0.06
1.83,-1.16,-0.06
2.01,-0.61,-0.43
1.71,-0.24,-0.67
1.59,-0.49,-0.92
1.65,-0.98,-0.61
1.95,-1.40,-0.55
1.83,-1.40,-0.67
2.75,-0.85,-0.67
3.91,-0.43,0.06
4.15,0.43,1.53
1.89,2.81,3.42
2.26,5.68,5.43
2.75,8.30,7.02
-2.32,15.93,12.15
-14.28,27.71,25.27
-24.60,33.45,37.11
-33.14,25.88,39.49
-48.34,7.69,30.27
-62.62,-12.27,11.05
-72.69,-32.84,-13.06
-76.97,-56.88,-49.87
-44.68,-54.93,-82.95
27.53,-5.00,-83.19
50.42,8.18,-83.44
35.71,-2.50,-74.34
42.05,1.83,-70.19
32.23,10.93,-65.49
11.90,8.67,-56.34
8.85,4.52,-45.41
9.52,-1.83,-34.00
14.28,-19.41,-33.39
82.21,-48.46,-46.14
127.99,-61.58,-52.49
170.04,-71.53,-48.77
190.55,-73.12,-60.67
183.11,-65.80,-70.56
191.96,-61.83,-70.07
203.00,-67.87,-54.38
193.42,-60.61,-31.86
166.26,-29.48,-29.24
145.81,-23.74,-18.55
138.31,-32.65,-26.37
110.29,-12.94,-32.23
86.49,-0.43,-34.24
76.42,-1.71,-23.80
52.12,6.16,-20.45
39.25,10.62,-4.64
18.80,19.90,8.73
-7.32,25.70,3.78
-34.12,27.59,-6.84
-58.29,26.79,-12.94
-75.74,22.34,-1.28
-91.00,13.49,41.32
-102.84,9.89,92.47
-121.40,18.80,135.99
-134.40,28.99,163.64
-135.86,31.49,173.83
-138.67,22.58,169.13
-145.69,9.16,155.70
-145.32,-9.83,131.90
-142.40,-28.26,111.21
-133.06,-44.68,90.39
-112.30,-61.95,60.55
-94.73,-79.77,25.51
-90.58,-89.54,-11.96
-84.23,-86.85,-51.94
-62.99,-49.74,-75.44
-62.93,12.76,-62.87
-39.43,17.03,-58.53
-14.16,5.00,-55.18
13.73,5.62,-45.53
43.64,3.85,-29.24
78.25,-4.03,-13.31
103.45,-9.46,-7.93
119.93,-8.61,-17.03
134.89,-4.15,-29.24
150.02,0.55,-40.34
153.14,7.32,-57.25
144.53,26.43,-89.42
141.30,30.58,-106.93
139.16,36.68,-104.68
132.57,47.49,-103.45
127.08,56.52,-101.81
128.78,44.86,-93.20
135.13,27.77,-80.38
128.30,20.81,-54.44
115.60,18.07,-41.32
104.37,6.59,-37.90
112.73,-21.18,-11.05
93.20,-11.60,-2.08
64.82,5.07,-12.94
53.16,5.55,-16.91
52.98,-3.85,-5.13
37.90,-1.40,2.01
19.04,0.37,4.27
9.40,1.89,6.29
-5.43,6.35,8.48
-22.34,12.21,4.03
-39.12,14.34,2.32
-49.80,12.15,14.10
-56.82,2.99,44.13
-61.65,-8.48,71.17
-63.60,-10.13,91.92
-68.12,-2.56,116.82
-73.97,4.76,141.24
-76.97,1.46,156.80
-78.92,-13.12,159.30
-81.60,-32.90,151.86
-88.01,-52.49,135.62
-99.37,-67.14,112.12
-106.93,-75.32,83.92
-109.68,-85.21,45.04
-110.47,-97.35,-1.95
-107.36,-109.07,-50.42
-102.42,-117.80,-91.06
-68.97,-90.33,-91.37
-102.54,-9.22,-54.44
-99.30,0.79,-42.97
-65.67,-34.97,-27.59
-55.42,-48.46,-33.26
-56.03,-45.65,-25.63
-40.41,-58.29,-7.81
-8.97,-77.27,5.25
11.11,-81.30,4.64
23.86,-89.48,0.49
36.01,-75.13,1.77
36.87,-79.04,5.74
78.43,-112.43,-4.82
92.47,-96.56,-17.40
103.03,-80.99,-17.15
121.70,-84.41,-27.65
123.47,-63.42,-30.21
120.48,-42.42,-35.64
132.14,-28.50,-46.75
138.31,-12.39,-57.74
143.07,10.50,-66.22
133.30,39.25,-61.65
129.46,61.04,-60.24
116.21,76.54,-53.89
106.93,79.22,-48.03
88.32,82.58,-39.12
73.97,74.46,-37.05
59.63,74.28,-30.52
42.30,86.24,-26.00
29.36,85.88,-26.06
16.42,77.27,-13.79
2.01,75.62,-2.62
-16.42,73.12,-0.31
















-,-,-
3.72,-0.92,-1.28
4.52,-1.53,-1.28
4.82,-2.08,-1.28
4.88,-2.62,-1.40
5.25,-3.17,-1.22
5.49,-3.48,-0.67
5.86,-3.72,0.00
6.35,-3.60,0.61
6.77,-3.72,1.10
7.08,-3.91,1.28
7.02,-3.72,1.16
6.29,-3.91,0.92
6.10,-4.52,0.31
6.65,-4.82,-0.49
7.02,-5.13,-1.22
6.65,-5.37,-1.65
6.59,-5.68,-2.14
6.59,-5.55,-2.62
6.04,-4.94,-2.75
5.37,-4.76,-2.69
5.25,-4.21,-2.44
6.53,-3.60,-2.01
6.53,-2.87,-1.71
5.13,-2.62,-1.28
4.03,-2.08,-0.85
3.30,-1.22,-0.49
1.40,0.61,-0.49
1.59,1.22,-1.22
-0.85,-0.85,-6.16
-1.46,-7.75,-23.07
5.86,-15.01,-37.90
22.95,-25.09,-47.42
34.30,-28.50,-53.89
57.43,-32.78,-71.23
74.71,-37.23,-74.95
93.14,-39.61,-77.45
108.83,-45.59,-82.15
117.92,-46.81,-94.73
106.45,-35.77,-78.49
112.55,-44.80,-80.38
106.51,-53.16,-88.62
100.16,-47.73,-79.53
84.84,-35.16,-66.59
76.11,-30.88,-61.95
63.23,-19.65,-45.23
50.84,-5.43,-20.81
48.77,-6.84,-9.89
42.36,-2.32,0.18
37.54,4.76,10.74
27.59,6.47,21.91
12.15,8.30,24.66
-7.39,13.06,23.01
-28.32,21.24,23.93
-52.55,33.14,26.92
-75.74,44.19,34.18
-95.03,54.50,60.91
-109.01,58.11,98.21
-110.05,50.17,124.76
-106.57,42.48,144.23
-103.70,40.16,156.62
-103.09,36.01,157.59
-103.64,25.21,150.09
-104.55,11.47,138.92
-104.06,-1.28,124.76
-101.81,-15.75,97.41
-99.49,-31.86,69.21
-94.54,-50.66,42.36
-93.99,-68.12,15.50
-94.67,-77.88,-7.26
-96.92,-80.51,-28.32
-97.78,-76.42,-48.77
-88.32,-62.68,-64.15
-68.66,-20.75,-56.34
-53.04,7.08,-43.03
-26.98,7.20,-49.19
0.85,1.10,-50.84
37.84,-2.69,-35.95
65.43,-8.06,-16.85
95.28,-16.30,-2.87
123.54,-23.19,1.22
137.08,-26.67,-6.71
140.38,-25.09,-24.90
130.49,-13.98,-53.41
125.92,5.00,-74.83
132.39,11.90,-94.60
139.34,16.48,-104.55
149.72,19.59,-113.34
151.00,36.87,-123.84
146.06,35.46,-118.41
147.95,21.85,-93.02
129.15,19.23,-70.31
121.09,3.17,-47.06
104.80,8.12,-22.16
84.84,15.56,-5.37
82.09,8.54,-12.27
73.67,5.07,-7.20
58.41,9.34,0.67
40.65,8.73,9.03
20.39,8.54,15.93
1.83,9.77,18.92
-18.37,17.40,15.20
-38.82,26.43,5.31
-56.82,29.66,-0.43
-67.75,26.61,11.05
-74.16,14.95,43.58
-76.97,-4.21,75.87
-84.41,-16.24,104.80
-100.52,-12.39,129.64
-110.72,-9.77,141.97
-113.46,-17.82,140.56
-107.18,-31.07,126.77
-94.30,-40.16,98.33
-80.93,-43.33,60.24
-67.93,-45.78,23.93
-56.64,-52.43,-3.17
-52.31,-60.18,-21.00
-53.83,-64.51,-35.52
-56.70,-67.08,-50.78
-51.88,-58.72,-60.91
-52.43,-34.06,-48.52
-60.00,-5.86,-33.94
-63.48,-6.65,-21.36
-52.25,-15.08,-17.21
-66.96,-14.95,-2.75
-65.00,-28.75,13.00
-64.70,-27.59,26.67
-71.96,-16.78,18.62
-66.65,-14.47,18.25
-58.04,-35.77,36.99
-51.88,-41.32,33.14
-57.01,-44.31,34.06
-42.72,-52.06,36.80
-33.39,-69.58,42.48
-28.02,-84.23,39.73
-24.66,-78.86,29.11
-20.63,-55.24,11.78
-23.25,-44.80,3.05
0.61,-85.69,-14.28
6.59,-82.89,-30.94
-3.72,-56.70,-33.75
3.17,-42.11,-39.25
28.75,-47.42,-41.69
44.92,-42.85,-41.44
66.59,-55.73,-43.46
89.23,-56.88,-52.61
95.03,-48.71,-50.90
98.82,-39.73,-52.80
120.73,-37.05,-67.99
126.77,-17.88,-62.74
125.12,-3.78,-52.43
127.20,12.21,-43.21
118.96,32.47,-32.23
117.49,59.14,-37.23
105.10,60.79,-30.21
86.36,56.46,-24.78
73.61,52.37,-19.17
60.67,68.73,-15.69
55.42,74.22,-16.17
51.03,75.56,-7.81
40.95,88.07,1.89
39.06,68.79,9.40
34.12,62.26,8.06
13.00,63.29,15.26
-7.14,45.04,23.38
-30.46,50.05,28.75
-66.53,61.77,38.51
-81.67,51.15,48.28
-103.88,59.08,62.26
-107.73,75.81,71.66
-99.79,76.97,88.38
-97.29,78.86,105.71
-91.06,71.41,102.72
-94.42,48.22,77.70
-68.36,33.69,60.61
-68.60,27.04,55.05
















-,-,-
0.37,3.66,-6.10
0.18,3.36,-5.62
0.43,2.99,-5.37
1.16,2.93,-5.07
1.10,3.42,-4.88
1.16,3.66,-4.70
1.40,4.03,-4.21
1.71,3.91,-3.78
2.01,3.60,-3.66
3.97,3.30,-3.36
4.70,2.99,-2.69
5.74,2.38,-2.20
5.86,2.01,-1.40
5.80,1.95,-0.67
5.98,1.22,0.00
6.84,0.79,0.49
6.84,0.79,0.92
6.41,1.10,0.92
6.16,1.16,0.85
5.31,1.28,0.49
5.00,1.77,0.31
4.58,2.26,-0.24
4.27,1.89,-1.04
3.66,2.01,-1.34
1.16,3.17,-0.92
-2.99,4.21,-0.31
-5.86,4.52,0.06
-16.91,-4.27,-8.61
-12.15,-20.02,-23.13
-5.13,-26.25,-26.43
16.24,-36.01,-35.83
65.86,-62.50,-53.53
85.75,-61.22,-56.09
90.39,-58.17,-57.56
103.33,-48.28,-53.41
76.11,-24.05,-50.29
81.60,-24.84,-57.50
95.89,-36.19,-71.66
93.02,-20.94,-54.44
74.89,-18.86,-44.68
89.60,-34.91,-53.41
77.15,-19.84,-36.01
57.92,-9.52,-19.53
47.00,-10.25,-24.72
33.14,-5.19,-21.61
19.23,3.30,0.55
1.53,10.38,16.11
-13.31,13.67,20.32
-20.39,16.91,24.48
-24.84,19.47,29.54
-35.10,21.06,33.08
-47.12,21.12,37.60
-55.42,25.57,60.91
-70.19,26.98,98.33
-73.79,17.76,135.13
-71.66,9.70,166.20
-74.34,2.99,183.53
-76.35,-4.82,181.27
-74.58,-13.85,162.29
-71.17,-23.07,131.10
-68.97,-31.56,96.74
-68.05,-38.76,68.05
-65.43,-44.25,47.97
-63.78,-47.79,30.76
-60.24,-51.33,9.28
-57.56,-55.05,-18.62
-56.46,-51.51,-47.55
-58.41,-37.29,-68.18
-55.42,-24.05,-83.07
-39.79,-12.21,-92.35
-12.45,-3.11,-90.82
12.70,1.10,-64.94
41.69,-3.11,-40.04
77.39,-10.50,-22.71
98.63,-14.22,-17.52
104.43,-11.84,-25.57
104.19,-10.25,-30.94
105.77,-12.02,-33.87
116.27,-1.89,-61.04
123.60,9.95,-74.95
133.12,36.19,-88.13
138.37,53.16,-110.84
138.61,60.79,-111.69
129.70,63.96,-108.52
119.26,51.76,-103.52
111.82,37.54,-85.51
100.10,30.52,-76.60
93.69,15.08,-59.57
88.81,4.21,-41.08
77.64,3.48,-46.88
73.49,2.75,-49.13
57.56,6.90,-33.57
45.72,9.09,-30.70
31.19,6.41,-20.02
22.34,9.58,-12.82
11.54,7.51,3.11
2.20,7.57,10.80
-8.36,8.79,12.45
-20.63,9.70,16.54
-33.45,7.45,24.54
-43.52,-1.22,48.16
-51.94,-15.87,84.90
-52.19,-24.41,117.19
-57.19,-21.36,140.99
-66.89,-17.40,157.10
-75.07,-20.87,165.34
-73.61,-33.51,162.48
-72.14,-43.09,145.39
-73.18,-47.91,116.46
-68.97,-52.19,82.58
-63.54,-56.34,51.82
-63.54,-61.40,28.38
-67.44,-68.48,10.13
-72.81,-74.52,-7.26
-80.26,-76.97,-28.44
-85.08,-75.99,-52.98
-85.82,-65.86,-68.97
-86.06,-46.88,-70.37
-82.70,-20.02,-53.34
-85.63,-9.58,-32.17
-73.55,-19.71,-11.47
-70.01,-33.33,3.97
-69.64,-37.72,7.02
-58.53,-46.08,21.06
-50.42,-53.22,33.08
-53.89,-48.65,25.09
-50.90,-38.33,22.22
-52.73,-31.13,30.46
-44.01,-68.79,40.83
-8.24,-104.06,40.22
-22.89,-45.47,32.65
-53.22,0.31,22.71
-3.05,-91.86,-0.18
71.84,-158.33,-22.71
36.38,-109.37,-24.66
22.77,-65.37,-23.13
49.62,-86.98,-42.91
75.87,-101.56,-63.84
82.52,-67.63,-59.14
57.50,-24.60,-38.88
85.51,-38.70,-60.36
100.52,-42.85,-68.85
108.34,-37.72,-67.44
106.81,-18.86,-45.84
99.37,-10.99,-45.47
115.30,-11.54,-61.28
116.09,10.13,-43.82
117.55,26.37,-33.69
122.74,42.05,-36.50
118.35,53.16,-31.86
107.42,71.17,-28.99
101.38,90.33,-24.90
89.29,92.65,-12.08
76.66,92.22,-11.96
62.50,86.73,-4.82
43.88,81.85,5.07
25.51,78.25,15.32
15.93,69.95,14.77
5.86,77.39,17.70
-10.86,79.41,24.17
-30.27,63.29,29.91
-44.37,62.38,27.89
-72.75,78.19,29.66
-80.93,55.18,43.70
-65.61,56.76,61.34
-93.38,72.88,74.34
-96.92,65.73,73.97
-77.58,28.93,53.04
-63.35,20.14,72.88
-65.67,14.28,75.26
-69.21,22.09,86.00
-78.61,22.52,91.00
-81.73,6.47,84.78
-73.61,-4.58,75.74
-79.10,-19.35,75.68
















-,-,-
6.59,-1.95,0.49
7.08,-2.26,1.28
7.20,-2.26,1.65
5.80,-1.77,1.59
3.11,-0.79,0.85
0.49,0.85,-0.43
-0.73,2.26,-2.01
-3.48,3.91,-4.46
-8.18,5.92,-7.32
-14.53,8.67,-11.84
-19.84,10.62,-16.97
-25.27,11.47,-19.04
-27.89,14.28,-15.44
-30.33,25.70,-10.99
-29.05,30.82,2.69
-34.91,28.87,16.72
-29.60,22.71,22.28
-26.00,13.43,19.71
-28.56,6.29,16.24
-31.07,2.69,15.75
-40.53,1.53,16.85
-45.65,2.69,18.07
-46.94,5.13,17.70
-41.38,10.01,15.01
-38.21,15.56,12.88
-34.12,18.49,9.22
-27.40,19.84,5.00
-26.31,20.51,0.92
-32.10,19.53,-2.93
-38.02,13.55,-6.23
-38.82,-0.49,-10.50
-34.00,-19.90,-15.69
-17.76,-29.42,-18.55
-4.03,-21.24,-19.90
5.68,-14.47,-25.02
16.54,-16.42,-35.64
25.70,-12.15,-36.25
37.54,-4.09,-30.03
45.47,3.17,-22.77
50.11,3.66,-16.30
56.58,-0.37,-16.36
53.96,-15.20,-26.12
46.88,-37.17,-45.53
49.38,-57.19,-53.83
66.22,-84.11,-70.50
82.03,-85.69,-75.07
96.37,-95.09,-84.23
129.21,-94.36,-95.52
144.41,-98.75,-101.99
161.56,-78.74,-84.72
173.10,-95.15,-82.09
202.21,-99.37,-104.19
188.17,-77.21,-78.55
155.21,-56.34,-52.06
139.77,-43.15,-40.71
101.44,-11.11,-5.55
77.27,0.43,8.48
66.10,5.86,5.00
36.44,18.68,17.09
20.14,26.79,9.03
2.99,25.51,11.05
-12.33,22.58,10.19
-32.29,15.87,16.78
-60.49,12.33,21.67
-83.86,13.67,26.92
-108.34,16.48,54.93
-128.66,24.29,87.71
-144.71,33.39,115.72
-146.79,36.07,131.41
-134.95,33.63,133.97
-120.00,31.62,131.04
-104.98,34.24,127.50
-105.77,32.65,122.86
-107.91,21.00,115.91
-108.40,2.56,101.20
-103.45,-18.37,80.87
-99.12,-39.67,57.01
-96.62,-58.96,32.53
-90.88,-73.30,6.35
-83.25,-79.16,-25.63
-76.29,-73.43,-65.12
-59.81,-51.82,-91.74
-27.04,-25.45,-76.35
-3.54,0.31,-60.00
7.57,3.42,-47.61
30.76,-5.49,-36.07
53.10,-8.48,-20.32
65.31,-8.12,-2.38
83.50,-9.40,7.63
104.00,-9.95,6.53
123.84,-15.08,5.25
137.70,-14.89,-8.00
141.66,-9.16,-36.13
146.06,7.93,-53.53
140.32,22.03,-73.36
156.68,39.00,-111.15
161.56,42.36,-116.21
180.18,43.27,-117.68
181.34,54.69,-109.62
177.55,57.56,-94.12
174.56,57.07,-79.71
162.41,44.56,-68.24
156.74,21.97,-48.58
138.06,15.99,-33.14
111.21,25.45,-25.88
96.37,15.81,-21.06
80.75,13.31,-25.33
65.73,12.57,-26.12
42.85,6.04,-6.65
25.88,6.10,-2.44
13.49,0.24,8.18
2.26,-2.75,18.92
-17.21,5.68,15.08
-33.33,14.65,10.07
-50.90,21.24,8.85
-69.95,21.06,15.32
-94.12,13.06,41.75
-115.78,-5.86,79.59
-130.86,-30.82,114.32
-146.12,-47.85,143.37
-156.86,-59.14,162.96
-154.72,-71.35,168.95
-140.26,-79.90,154.42
-124.51,-77.03,122.56
-106.57,-56.88,83.37
-83.92,-34.97,31.37
-73.61,-25.27,-2.62
-68.18,-24.60,-18.19
-69.46,-29.72,-26.43
-75.62,-38.02,-30.03
-80.57,-44.25,-38.15
-87.65,-47.85,-53.53
-92.10,-51.45,-70.43
-94.91,-46.14,-68.60
-103.03,-40.83,-47.00
-89.90,-29.91,-35.58
-81.97,-21.79,-13.79
-78.98,-19.10,-5.31
-78.00,-27.22,5.74
-63.78,-30.82,15.14
-60.61,-32.17,26.67
-58.84,-39.00,40.04
-67.02,-40.53,39.37
-55.54,-67.93,36.74
-28.63,-94.73,27.65
-20.20,-95.70,21.48
-6.90,-112.67,12.82
5.62,-108.34,-11.47
7.69,-90.58,-27.89
15.87,-95.34,-33.33
20.63,-88.62,-40.04
29.79,-77.82,-50.78
35.46,-52.86,-43.40
45.72,-42.30,-38.82
68.85,-31.13,-44.86
90.33,-20.08,-45.59
115.60,-23.74,-64.15
131.47,-14.16,-68.60
123.66,-0.43,-55.97
135.25,11.54,-68.30
143.68,23.19,-67.08
143.68,28.69,-54.87
120.30,46.63,-41.02
95.52,43.27,-31.68
84.23,38.39,-32.90
79.16,35.22,-29.11
77.88,34.12,-26.67
80.63,27.40,-19.84
80.69,57.31,-17.64
89.23,78.61,-19.96
91.00,89.36,-16.97
85.27,86.00,-15.38
54.08,86.36,-2.14
21.12,67.02,3.11
















-,-,-
1.28,-0.79,0.73
0.24,-0.24,0.61
-1.16,0.43,0.31
-1.83,1.16,0.06
-1.65,1.53,-0.06
-1.71,0.92,0.00
0.00,0.31,0.00
0.98,0.18,0.12
2.87,0.00,0.12
2.93,-0.06,-0.06
2.69,0.31,-0.43
1.59,0.61,-0.67
1.22,0.79,-0.67
0.92,0.79,-0.61
0.73,0.37,-0.43
1.22,-0.43,-0.24
2.50,-0.85,0.18
3.66,-1.04,0.49
4.09,-1.16,0.73
4.03,-0.92,1.04
3.54,-0.49,1.28
2.32,0.12,0.92
-0.06,0.73,0.37
-6.10,1.89,-0.61
-16.17,2.26,-3.23
-24.72,-2.08,-8.85
-28.81,-6.53,-17.46
-23.74,-12.76,-28.20
-20.45,-8.18,-19.65
-22.40,-27.77,-31.68
9.70,-39.43,-43.27
23.25,-31.92,-50.42
54.02,-40.28,-60.55
87.71,-44.62,-65.67
109.01,-49.38,-81.79
125.18,-47.42,-83.44
146.36,-53.71,-94.48
143.01,-32.10,-76.54
133.12,-29.11,-81.60
128.30,-36.74,-89.60
115.97,-26.98,-82.34
109.99,-25.15,-70.25
90.09,-23.13,-58.47
73.30,-19.71,-37.78
51.70,-10.62,-6.35
44.98,-11.84,-6.47
39.67,-10.01,5.92
16.91,1.83,33.39
-0.18,2.56,39.79
-12.82,4.70,37.72
-24.60,11.60,36.25
-41.38,18.25,35.89
-59.14,19.47,40.22
-73.30,10.74,63.23
-77.21,-3.97,95.76
-83.01,-3.30,124.27
-89.05,10.44,149.66
-93.38,19.35,167.60
-93.32,13.85,168.76
-94.30,1.16,161.93
-86.12,-12.94,145.63
-72.75,-23.86,121.89
-65.55,-29.11,98.75
-72.57,-33.81,75.07
-79.41,-40.04,54.93
-88.93,-48.95,33.26
-92.65,-55.85,6.29
-89.48,-57.07,-24.90
-90.64,-53.04,-58.47
-87.16,-45.59,-90.94
-59.75,-38.45,-94.54
-8.85,-13.06,-60.49
-16.42,12.02,-41.81
-8.73,0.67,-38.09
26.25,-12.57,-36.93
50.42,-16.05,-13.98
84.29,-23.19,8.18
118.23,-30.52,24.54
137.76,-33.20,25.27
139.95,-26.67,-2.26
137.39,-7.20,-43.40
134.95,11.78,-65.19
137.08,27.10,-84.78
137.02,44.56,-104.61
142.70,56.09,-108.46
147.83,54.02,-120.54
156.43,49.93,-120.67
145.20,44.56,-91.31
136.84,40.04,-75.44
129.09,41.32,-68.91
127.44,34.18,-67.02
120.79,41.02,-62.50
102.11,41.56,-47.06
84.72,20.94,-27.16
66.22,18.92,-20.45
41.93,19.41,-1.71
26.18,7.39,17.52
8.85,-2.99,32.10
-9.16,-1.95,30.03
-23.86,3.11,20.02
-37.60,7.93,15.81
-46.81,8.42,26.37
-56.27,5.55,54.50
-61.22,4.09,83.19
-56.95,0.06,106.14
-55.36,-1.83,123.41
-54.57,-0.49,132.20
-53.16,-4.27,130.80
-50.60,-15.14,120.67
-52.12,-28.56,104.74
-54.20,-37.41,83.25
-55.73,-40.77,55.54
-58.47,-43.58,21.48
-64.64,-42.66,-6.41
-76.17,-41.20,-27.34
-92.71,-41.75,-43.09
-111.76,-44.37,-54.20
-127.08,-48.10,-61.22
-125.92,-36.07,-48.83
-144.17,-14.77,-19.65
-131.35,-12.82,-4.58
-122.44,-20.02,2.75
-103.58,-22.83,7.51
-96.92,-29.66,12.94
-75.99,-33.26,15.56
-62.13,-36.32,21.97
-57.74,-45.23,22.16
-49.38,-55.97,13.98
-50.84,-33.94,4.15
-45.96,-62.19,12.21
-24.72,-93.69,12.02
-17.58,-119.02,14.71
-8.42,-119.26,12.45
-15.38,-95.76,6.84
-4.58,-78.25,-5.19
-3.91,-64.94,-10.38
22.64,-71.23,-26.49
18.68,-44.62,-19.35
49.93,-80.51,-44.92
93.20,-98.51,-64.51
94.60,-69.82,-57.98
111.08,-56.09,-61.16
109.99,-35.77,-48.89
121.77,-39.49,-61.16
127.81,-33.75,-64.33
124.63,-9.52,-65.86
117.07,7.87,-64.27
110.84,16.78,-63.48
102.05,30.94,-56.82
85.69,39.98,-32.47
82.28,50.29,-28.87
83.68,63.35,-21.36
78.00,76.29,-11.66
82.03,86.36,-13.79
86.91,90.39,-13.43
91.19,91.37,-10.19
75.32,105.22,-4.21
59.81,82.03,7.63
33.81,84.84,8.61
18.92,65.00,13.79
3.42,69.34,17.09
-16.17,67.38,21.42
-33.08,70.25,26.73
-63.66,66.96,40.47
-70.92,53.53,47.55
-76.42,63.05,58.35
-92.59,84.05,76.90
-81.60,81.05,80.20
-83.62,71.17,79.41
-70.31,71.41,78.98
-70.07,62.01,75.50
-64.39,44.74,66.71
-65.86,28.87,55.11
-69.21,18.62,58.35
















-,-,-
20.32,-3.23,2.01
27.04,-4.09,2.38
31.31,-5.13,2.56
33.14,-6.16,2.99
29.17,-6.16,2.38
21.85,-4.76,0.73
13.18,-2.99,-1.59
7.14,-1.71,-3.60
5.37,-1.40,-4.52
5.13,-1.46,-4.39
5.98,-1.46,-3.91
7.20,-1.46,-3.05
8.06,-1.34,-2.44
7.93,-1.28,-2.08
7.08,-1.22,-1.65
6.29,-1.10,-1.46
6.23,-0.73,-1.34
6.35,-0.43,-1.34
7.26,-0.55,-1.65
8.67,-0.85,-1.53
9.03,-1.22,-1.65
8.36,-1.40,-1.83
8.36,-1.22,-2.20
8.48,-0.79,-2.56
8.54,-0.49,-2.93
9.28,-0.18,-3.66
9.95,0.55,-5.00
10.68,1.77,-7.32
9.89,3.36,-10.50
5.55,5.92,-12.63
2.93,9.22,-17.82
5.25,7.08,-33.81
20.45,5.62,-54.75
44.43,11.78,-49.32
47.97,8.61,-50.17
54.87,-11.23,-76.60
87.65,-18.62,-104.55
107.12,-8.00,-118.90
126.53,1.46,-123.96
138.43,-2.26,-123.84
138.00,-3.78,-116.46
130.80,-1.65,-109.19
120.18,1.95,-105.65
132.39,0.43,-95.21
108.58,0.37,-77.27
98.69,-10.68,-93.02
89.97,-10.93,-90.39
80.32,-7.75,-60.36
63.48,7.26,-41.56
51.57,9.83,-22.34
39.55,3.36,-12.27
32.47,1.46,-10.13
17.03,3.11,10.38
-1.10,-0.37,34.24
-14.71,0.55,39.25
-28.14,2.75,36.50
-40.59,4.39,31.56
-55.85,2.20,32.29
-73.36,-8.73,45.47
-94.48,-22.71,73.61
-115.23,-24.05,104.98
-131.16,-13.98,134.89
-135.13,-8.79,157.35
-141.30,-11.35,168.21
-141.42,-17.40,166.75
-133.00,-21.42,148.19
-122.38,-25.51,120.91
-114.56,-35.40,98.94
-112.43,-48.77,88.68
-112.12,-62.26,79.83
-111.02,-69.64,67.75
-108.83,-70.80,44.13
-104.80,-68.24,7.69
-96.19,-64.03,-32.04
-83.01,-59.57,-68.97
-38.70,-43.15,-70.86
1.83,-14.53,-42.85
9.58,3.72,-44.62
21.24,-3.48,-45.10
56.27,-11.78,-32.23
66.28,-11.05,-14.22
77.21,-12.27,-0.24
94.18,-13.92,7.87
110.53,-14.71,4.88
124.57,-10.93,-8.30
124.45,-2.50,-24.90
129.58,13.79,-41.56
127.75,28.93,-62.32
138.79,56.76,-87.16
145.45,93.99,-113.16
173.40,95.40,-132.87
182.98,104.55,-129.58
183.72,104.31,-124.69
180.60,88.93,-119.20
168.03,92.90,-108.40
152.47,79.04,-103.03
143.01,68.42,-87.65
119.38,58.53,-67.75
104.55,43.09,-61.10
86.98,24.72,-38.21
71.47,12.88,-26.06
56.70,10.13,-18.43
44.37,2.56,-3.17
29.72,-1.77,7.87
12.21,-6.84,24.84
-2.26,-4.03,22.03
-19.29,3.54,15.93
-33.69,6.23,15.81
-47.85,5.55,24.48
-57.37,-4.21,53.04
-60.97,-21.55,89.29
-62.62,-34.73,112.67
-63.05,-37.17,120.85
-63.05,-32.84,122.19
-64.64,-17.52,125.43
-76.90,-3.05,133.54
-90.82,-2.26,139.53
-106.08,-19.10,140.93
-115.42,-47.42,139.77
-118.23,-73.06,128.48
-121.09,-90.33,102.23
-121.52,-102.84,61.71
-120.30,-111.45,8.61
-127.56,-108.83,-41.50
-136.66,-98.39,-84.35
-126.77,-74.40,-87.10
-131.23,-12.76,-39.06
-141.54,13.85,-14.77
-116.46,-18.62,2.44
-90.09,-45.10,12.88
-88.62,-57.31,30.03
-67.44,-60.06,39.98
-55.30,-61.28,43.27
-43.15,-62.87,30.09
-47.85,-43.46,20.57
-47.91,-40.77,12.45
-36.56,-61.89,9.70
-20.20,-86.67,14.59
-18.74,-87.89,8.48
-6.04,-108.76,-2.56
7.75,-110.47,-14.89
13.92,-81.36,-22.89
27.10,-63.60,-29.36
68.05,-63.78,-42.60
89.72,-50.35,-50.72
107.79,-47.24,-71.72
118.29,-31.62,-78.67
122.07,-27.16,-78.12
129.21,-18.13,-69.52
127.01,-3.05,-52.73
137.57,2.01,-51.76
134.40,9.58,-48.10
129.09,18.62,-52.98
115.11,37.54,-52.43
100.34,55.42,-46.81
93.87,64.94,-47.06
86.24,65.73,-40.41
89.23,67.93,-41.56
80.38,79.77,-24.23
75.93,93.75,-21.48
72.08,89.36,-18.49
59.20,88.87,-15.99
37.41,82.34,-4.82
13.61,69.09,-5.80
-10.80,56.46,-6.71
-38.27,46.75,1.59
-59.39,54.44,15.87
-79.65,72.94,32.90
-86.00,57.98,44.62
-63.48,65.86,63.48
-60.42,87.65,78.67
-78.80,119.20,99.24
-84.41,101.50,95.28
-85.02,66.04,80.51
















-,-,-
2.93,-0.06,-0.31
2.75,0.12,-0.31
2.99,0.12,-0.06
3.23,-0.12,0.12
3.54,-0.06,0.18
3.72,-0.06,0.12
2.93,0.00,0.06
2.38,-0.31,-0.18
2.08,-0.18,-0.43
1.65,-0.12,-0.49
1.40,0.06,-0.31
2.20,-0.18,-0.12
2.81,-0.37,0.00
3.05,-0.37,-0.06
3.11,-0.61,-0.18
2.87,-0.67,-0.55
2.75,-0.61,-0.85
2.50,-0.31,-0.98
2.14,-0.37,-1.10
2.01,-0.37,-1.10
2.01,-0.73,-1.04
1.95,-0.67,-0.98
1.95,-0.43,-0.67
2.32,-0.55,-0.67
3.11,-1.16,-0.55
5.43,-1.28,-0.61
9.40,-1.28,-1.34
14.40,-0.31,-2.81
13.61,1.40,-4.94
8.06,5.07,-8.73
8.06,6.29,-19.41
6.59,-0.67,-32.65
14.83,-9.77,-38.70
25.39,-22.95,-48.89
35.28,-37.66,-64.70
55.18,-42.48,-70.37
81.18,-58.47,-92.10
123.78,-72.02,-108.58
137.39,-66.35,-119.14
148.32,-59.14,-133.18
110.96,-31.74,-129.39
107.60,-43.09,-137.45
99.12,-51.21,-131.71
90.64,-46.20,-102.05
81.48,-35.40,-84.41
68.36,-32.84,-52.31
63.90,-35.03,-31.86
53.41,-28.63,-6.35
50.60,-37.11,10.38
53.10,-30.70,21.12
33.45,-10.74,50.42
25.09,-7.63,54.14
13.31,-3.23,49.26
-5.43,7.63,42.30
-27.40,21.73,35.22
-55.05,38.45,27.22
-86.24,56.76,24.41
-112.67,77.09,38.21
-138.37,99.98,66.89
-153.69,96.25,90.33
-141.72,64.15,112.98
-126.28,34.42,139.10
-116.88,26.06,156.62
-112.73,29.48,159.79
-110.90,32.90,149.11
-111.94,29.54,124.94
-112.43,20.14,96.56
-108.64,5.13,69.58
-109.99,-11.41,44.74
-109.25,-29.48,24.66
-109.44,-49.87,9.03
-106.02,-70.98,-6.65
-100.22,-86.79,-28.44
-100.34,-93.20,-56.27
-91.67,-80.08,-80.02
-67.44,-36.99,-80.38
-42.85,4.46,-70.56
-14.47,5.80,-67.20
38.45,-10.38,-48.34
86.06,-15.14,-23.07
120.48,-18.80,1.22
145.32,-30.40,17.03
159.06,-32.10,-5.49
150.21,-14.77,-29.97
156.49,-11.29,-65.25
172.30,-0.18,-94.60
170.90,33.94,-115.42
172.73,44.43,-135.80
179.99,37.48,-130.00
171.33,40.83,-109.68
163.88,32.71,-93.99
155.09,8.54,-63.60
142.94,-4.64,-42.72
131.35,-22.34,-40.34
125.55,-39.55,-7.75
102.54,-31.13,5.55
86.55,-15.01,-1.28
77.09,-6.23,-1.89
65.92,-2.93,1.04
45.47,5.43,7.45
23.25,11.84,9.16
1.83,17.21,10.31
-23.38,21.42,10.07
-49.01,28.75,5.07
-69.76,34.48,5.98
-83.07,39.18,23.13
-98.14,46.75,62.38
-115.36,49.19,101.01
-123.35,38.45,125.43
-124.94,20.69,141.60
-119.26,5.86,149.41
-118.16,-4.21,146.61
-115.91,-12.39,140.38
-115.97,-25.88,122.01
-123.11,-41.26,93.32
-125.98,-54.44,58.65
-124.15,-69.03,26.61
-121.52,-88.07,-0.73
-117.49,-104.55,-28.32
-118.47,-113.22,-58.59
-109.62,-90.09,-64.21
-122.13,-31.62,-30.76
-108.58,-1.40,-2.50
-94.97,-14.40,13.85
-80.38,-38.02,10.19
-76.05,-34.85,18.86
-64.39,-31.86,31.13
-56.52,-29.60,42.18
-54.02,-50.48,44.13
-45.23,-50.60,31.92
-54.02,-26.25,26.92
-56.82,-37.90,28.75
-18.92,-104.92,28.08
5.25,-93.20,28.75
-39.98,-29.54,28.38
-18.92,-80.81,16.48
31.86,-162.60,-3.60
33.14,-142.21,-10.56
8.30,-90.82,-12.82
26.06,-86.36,-25.45
27.59,-78.49,-33.51
42.54,-78.55,-44.13
56.95,-52.31,-41.02
60.06,-21.30,-22.28
85.39,-46.39,-41.02
113.59,-56.70,-44.13
128.48,-49.56,-47.24
139.34,-41.32,-47.30
137.82,-17.58,-45.96
132.51,9.83,-44.86
127.32,28.32,-39.18
123.11,45.04,-31.01
112.49,51.82,-22.83
107.36,74.28,-29.30
96.13,86.98,-16.30
87.04,95.76,-13.00
81.24,99.98,-7.45
71.53,117.49,-5.49
62.44,110.90,5.37
48.16,99.67,8.24
28.93,109.31,13.24
8.85,103.52,19.65
-18.68,89.42,15.63
-44.07,87.71,20.32
-81.18,81.54,34.18
-104.37,83.86,42.91
-120.36,91.92,60.85
-129.46,76.23,62.87
-123.47,79.83,72.02
-125.61,65.06,63.54
-124.51,48.77,51.82
-122.56,34.42,46.39
-119.87,22.28,50.42
-117.31,9.52,52.00
-103.70,-12.82,69.58
















-,-,-
-2.08,3.85,-5.49
-1.28,3.36,-5.13
-0.37,3.05,-4.46
-0.06,2.81,-3.91
-0.12,2.62,-3.60
-0.18,2.26,-3.42
-0.37,2.08,-3.48
-0.31,2.08,-3.54
-0.79,1.89,-3.48
-0.92,1.71,-3.48
0.24,1.89,-3.30
1.04,2.08,-2.93
1.59,2.20,-2.87
1.83,2.26,-2.93
2.50,2.14,-2.81
3.11,2.26,-2.69
2.62,2.14,-2.62
2.38,1.89,-2.56
2.38,1.65,-2.44
2.50,1.46,-2.20
3.17,1.40,-1.89
3.42,1.89,-1.71
2.01,2.44,-1.71
0.98,3.54,-1.89
-3.42,6.23,-2.14
-17.58,10.80,-2.32
-29.85,13.00,-3.97
-32.04,6.16,-8.24
-21.91,-9.95,-17.27
-9.70,-21.06,-22.58
2.69,-26.37,-29.05
35.52,-34.61,-42.30
72.69,-49.56,-61.95
110.96,-54.57,-79.71
103.64,-40.28,-83.68
125.00,-54.14,-93.81
107.06,-29.54,-71.66
96.86,-24.48,-58.72
100.46,-31.07,-64.88
100.71,-26.18,-70.92
87.10,-7.26,-53.53
79.96,-8.91,-53.89
88.99,-20.45,-75.62
84.05,-15.14,-68.91
74.52,-3.30,-73.00
69.46,2.93,-73.12
59.88,9.03,-68.42
47.85,15.75,-61.95
40.65,9.52,-43.27
24.41,14.71,-28.75
21.24,8.97,-14.95
14.34,5.80,5.31
8.30,6.84,15.26
-2.44,10.13,23.93
-12.70,11.17,24.96
-26.25,11.17,25.27
-42.30,11.41,28.69
-57.86,13.79,47.12
-79.83,20.02,84.78
-97.66,19.04,129.88
-110.23,14.22,172.73
-114.01,6.47,197.63
-113.04,-8.00,201.97
-119.87,-26.73,194.03
-128.91,-42.85,176.94
-132.69,-55.36,152.47
-129.82,-66.65,122.01
-119.14,-76.84,89.29
-109.19,-83.25,55.85
-101.81,-83.44,21.06
-92.77,-76.60,-13.85
-75.81,-58.96,-43.52
-55.73,-28.02,-57.37
-34.36,-4.58,-53.28
-6.29,-1.46,-46.63
20.75,-4.15,-41.08
47.42,-6.35,-22.22
77.64,-10.56,-4.33
111.27,-14.22,-1.40
139.10,-15.14,-5.80
152.04,-17.27,-20.51
155.64,-0.98,-48.03
153.69,23.01,-69.89
155.40,36.87,-91.25
171.39,49.62,-115.42
179.26,54.08,-129.21
180.73,59.08,-134.22
181.21,54.75,-122.62
156.43,56.46,-98.14
141.60,42.18,-82.28
131.71,20.75,-69.21
115.97,18.68,-62.44
94.97,19.96,-45.04
82.89,9.46,-27.47
66.53,5.07,-13.73
48.16,3.97,11.23
36.87,1.77,19.29
24.48,-0.67,25.02
8.48,0.43,27.04
-11.17,5.55,19.17
-32.35,9.58,13.00
-53.65,11.41,15.63
-72.27,8.61,37.72
-89.42,-0.92,70.37
-96.19,-11.41,98.14
-98.57,-21.79,123.84
-101.50,-27.95,147.77
-110.05,-32.71,162.84
-112.79,-40.47,161.74
-113.83,-49.26,143.74
-111.94,-57.37,112.06
-105.29,-65.19,72.27
-98.33,-75.62,32.04
-97.11,-89.29,-5.86
-98.88,-101.07,-41.81
-97.05,-94.18,-59.45
-107.54,-56.88,-34.91
-115.97,-21.48,-15.20
-101.93,-24.72,-0.49
-77.94,-52.19,3.11
-69.82,-56.64,12.27
-65.67,-70.01,26.43
-56.27,-71.90,33.14
-59.69,-62.93,30.76
-53.53,-78.55,30.33
-40.71,-90.52,27.40
-36.01,-87.71,24.41
-28.14,-95.95,24.84
-0.49,-125.55,17.40
10.80,-136.54,9.28
5.00,-116.52,-4.15
14.53,-105.71,-19.53
-4.70,-60.18,-10.50
20.45,-78.80,-22.64
34.24,-85.51,-33.81
49.56,-87.71,-49.62
47.12,-67.81,-48.71
52.37,-42.66,-49.93
52.12,-21.06,-33.63
65.43,-20.87,-39.25
81.79,-17.88,-42.48
94.54,-12.02,-46.63
96.80,-4.46,-48.95
94.12,9.28,-51.94
86.24,14.28,-41.93
80.20,22.89,-36.87
80.32,17.52,-35.89
85.51,25.70,-35.64
91.55,31.01,-34.18
96.01,34.79,-28.08
97.72,47.91,-27.16
98.21,67.32,-23.38
97.90,85.63,-18.74
82.82,93.81,-16.30
61.83,100.46,-19.04
42.18,78.43,-9.89
25.45,75.32,-3.30
14.04,86.49,-1.04
14.47,89.84,-0.12
14.71,88.32,2.56
16.42,101.56,2.14
19.96,84.35,8.54
-9.52,74.46,10.56
-30.88,40.77,6.35
-60.91,68.30,14.10
-81.48,69.82,24.29
-93.99,59.94,24.54
-91.19,66.35,29.42
-97.72,73.18,45.41
-81.91,60.55,43.95
-75.87,64.03,47.91
-86.55,62.87,49.99
-76.17,54.87,52.00
-79.28,50.42,54.81
















-,-,-
8.12,3.78,-30.09
8.85,2.87,-29.97
8.06,2.50,-29.48
4.03,2.26,-28.99
0.49,2.26,-27.89
-0.85,1.77,-26.12
-1.95,1.65,-23.68
-2.56,1.95,-21.00
-2.50,2.50,-18.43
-1.40,2.38,-15.93
-0.12,2.08,-13.79
-0.31,1.89,-12.27
0.12,2.20,-11.41
0.55,3.17,-11.78
0.73,4.09,-12.88
-0.18,4.46,-14.65
-1.28,4.76,-17.03
-2.93,4.88,-19.35
-4.52,4.94,-21.42
-5.68,5.31,-23.01
-8.00,5.43,-24.66
-10.13,5.25,-25.82
-12.63,5.37,-26.61
-17.46,6.71,-27.40
-22.40,10.01,-28.14
-29.24,15.75,-28.02
-35.71,18.92,-29.72
-32.84,12.45,-36.50
-8.12,0.79,-44.98
15.69,-8.36,-41.38
49.87,-27.04,-54.57
89.78,-48.40,-66.65
136.47,-73.61,-82.64
165.89,-90.33,-94.91
176.94,-82.64,-90.82
179.02,-94.48,-54.75
160.28,-57.74,-0.61
126.22,-40.10,6.41
162.11,-94.79,-25.94
161.44,-87.71,-33.87
130.13,-56.95,-25.21
100.71,-36.32,-6.90
74.83,-28.63,4.64
82.34,-35.89,-15.14
61.58,-13.06,-2.50
45.84,5.00,3.60
31.19,15.75,11.05
10.86,26.73,19.53
-6.29,30.94,18.49
-11.90,16.36,8.48
-17.27,5.25,7.02
-18.07,-6.53,21.00
-12.08,-24.84,29.60
-10.19,-29.72,36.87
-6.59,-27.47,45.72
-10.25,-14.40,58.17
-17.15,2.01,67.50
-33.08,23.38,78.37
-59.63,44.86,94.06
-88.26,53.59,116.15
-113.95,46.88,136.35
-127.26,31.56,143.49
-134.34,14.40,134.09
-142.09,-1.22,119.51
-146.91,-15.99,103.39
-146.67,-29.91,90.70
-141.24,-43.46,84.72
-135.99,-58.35,75.93
-131.71,-71.41,63.11
-126.16,-82.03,49.44
-113.40,-91.92,20.39
-101.62,-96.98,-22.16
-85.82,-89.78,-64.45
-64.94,-67.32,-96.62
-17.33,-33.75,-87.04
37.60,-4.88,-55.73
89.05,-2.32,-39.43
127.38,-8.85,-42.66
143.07,-2.20,-45.53
142.21,-4.94,-44.37
142.76,-10.25,-60.30
142.33,-9.89,-73.00
151.98,-9.64,-102.42
183.23,-5.37,-127.50
190.98,24.78,-136.35
192.02,35.71,-133.06
181.58,49.38,-118.96
182.62,43.46,-98.57
169.01,40.16,-76.42
162.90,28.99,-59.57
146.24,20.94,-30.15
137.33,11.84,-21.12
121.83,2.01,-10.62
105.90,-4.64,2.81
78.25,-5.74,26.86
62.56,-2.32,27.22
46.39,-3.66,24.90
27.53,-1.10,30.70
9.40,5.68,30.40
-11.72,9.09,36.56
-30.27,13.73,30.21
-49.32,20.20,18.86
-67.93,22.09,22.77
-84.17,24.66,45.59
-99.98,24.54,74.46
-112.24,19.04,102.05
-119.26,15.81,126.71
-118.04,17.52,144.90
-111.21,15.26,149.35
-107.91,2.44,137.94
-109.50,-15.93,116.27
-113.71,-32.47,92.59
-120.79,-43.70,71.96
-126.59,-50.42,49.93
-130.86,-58.53,27.28
-129.88,-69.15,4.27
-122.38,-79.10,-23.25
-119.51,-84.84,-52.00
-120.18,-71.96,-63.90
-126.22,-36.13,-40.77
-120.06,-14.28,-11.84
-90.94,-21.48,6.41
-75.26,-47.12,17.09
-70.13,-58.90,24.96
-71.23,-58.11,35.83
-71.66,-57.62,37.60
-61.40,-68.30,34.12
-55.79,-75.62,27.53
-56.64,-80.08,19.96
-48.95,-105.22,18.13
-28.02,-135.31,17.64
-20.69,-127.32,15.44
-13.61,-111.27,8.54
3.30,-110.66,-3.54
26.12,-105.65,-13.98
47.18,-90.03,-22.71
74.77,-90.76,-34.12
97.29,-101.56,-42.11
107.60,-89.66,-47.12
110.29,-77.82,-48.65
114.50,-58.78,-44.49
118.53,-49.07,-44.56
124.57,-39.31,-44.43
126.59,-12.88,-32.53
130.98,14.10,-27.47
129.52,36.32,-15.56
124.02,58.72,-14.89
108.70,69.27,-15.99
86.18,69.76,-14.04
64.45,69.27,-9.52
55.66,77.21,-19.47
58.53,72.08,-20.94
55.66,92.35,-18.31
56.88,120.06,-16.42
63.17,132.26,-20.94
53.47,121.46,-16.97
19.35,124.69,-6.04
-25.27,99.85,9.77
-70.13,71.47,14.34
-108.76,59.39,12.76
-122.13,55.85,18.25
-113.22,91.98,39.86
-109.86,99.73,62.19
-103.64,95.21,68.60
-111.76,61.89,56.95
-104.61,45.04,58.29
-93.32,44.13,55.60
-91.00,28.93,55.42
-74.46,7.14,59.69
-63.17,-15.50,71.66
-60.49,-52.80,84.72
-61.22,-82.89,102.54
-69.70,-100.28,120.79
-68.79,-123.29,118.59















